50
2
-3.789782	4.530387	16.712332	14.988375	6.575088	1.306875	16.719851	-1.823241	2.745274	14.963648	-2.234933	8.510318	-16.478230	-1.253753	4.738355	-11.449940	7.453278	-0.654719	-4.123791	-14.741698	-22.402142	-0.928246	-2.661219	9.929519	-13.984816	8.472261	-12.390121	2.871345	9.832361	1.407598	22.013821	0.964408	-16.087052	-3.846427	6.383841	15.920610	11.415677	-1.826468	-0.802922	-8.368073	11.483312	21.256724	-17.542161	0.129044	-0.333354	4.993303	-14.058431	11.782846	10.396036	-19.397090	
21.883204	10.040293	17.530374	-13.446616	22.474135	24.110977	-16.415562	-20.042755	-4.475772	8.972606	-19.517924	16.809562	-26.064101	-3.507003	18.800885	22.956960	12.583174	-0.874328	11.165406	0.376087	-6.535480	-20.422892	23.077198	-22.761427	-28.281544	-16.858022	-0.882871	7.631817	28.313985	-13.531154	10.631513	28.954906	-6.241533	-15.044872	24.901721	17.064542	-1.279497	17.615246	15.419656	15.219901	-1.384071	0.193551	11.758975	-21.359166	-2.277878	19.123881	26.289157	-19.132153	17.619711	17.660964	
24.325979	-14.344221	16.943144	23.420472	4.328337	1.658167	2.025593	-10.886078	13.801052	-10.148725	-15.789393	7.372753	-1.282071	25.932358	-25.691651	17.938692	6.105585	4.549778	-5.156645	23.242040	-2.551541	17.798785	19.004764	-0.535406	8.175786	24.788210	14.989291	13.206225	21.900678	-7.853123	14.640166	21.757109	6.436717	1.277951	16.364059	1.823540	2.253299	-25.421234	-10.075448	-17.664498	-21.536303	-8.812716	7.349456	1.069776	-14.772638	24.680506	20.037467	-9.396661	-9.307403	1.976693	
-24.976038	0.827648	-5.640890	-22.950830	7.019281	21.401261	-11.410456	20.884878	-26.042439	-12.544865	13.240058	-17.975542	-14.973308	4.688986	12.834062	24.266900	12.829681	7.087472	12.950039	-19.712670	-24.118730	-17.426722	-10.107386	-1.269622	12.037645	9.976822	-5.316399	-15.185727	5.883960	8.620672	21.830737	10.645047	-24.780193	22.344244	-3.939769	-18.482730	11.508053	7.964052	21.890778	-9.234716	-7.582368	12.465304	-0.895197	-22.279346	-16.990250	4.763066	-18.111846	16.295786	-14.352606	23.510242	
14.587522	-21.034159	-15.480785	17.567968	-16.433776	15.023690	12.061078	21.606743	-6.982395	14.845727	3.101980	17.837999	-17.300317	12.507544	11.422268	-16.352684	-9.532024	15.080054	5.770687	8.844745	-4.021946	-12.940760	-7.722894	13.355402	-16.235389	21.075615	15.695393	14.567867	3.547132	-10.393852	3.671061	9.200055	-2.587054	11.933304	-8.724626	-18.937161	-4.281387	-21.022164	10.660980	-22.845824	-11.858310	22.474210	-5.391386	14.462136	-1.993654	18.879739	0.283550	-21.199373	-13.859997	15.624519	
16.536567	19.166582	14.423026	7.780738	-0.302439	8.680766	8.104211	-23.322282	19.984453	3.356336	10.642480	-10.863261	-15.042609	-4.649301	25.848703	18.623873	-25.157915	0.763368	-23.596781	6.991026	15.979929	-21.813068	21.849350	10.796773	15.942844	-14.350098	24.375947	-11.399898	-4.633116	-18.102368	3.954884	-13.720206	25.762313	-2.492697	-10.047844	-13.174995	-5.045660	16.654334	-19.661354	19.899627	10.829205	-14.638644	-16.257064	7.501101	-20.300986	16.325263	3.155362	6.547209	25.785879	-11.313931	
11.061114	11.823755	-21.221522	23.844592	7.708201	16.722009	-21.440052	-17.479463	-11.274312	-16.015133	6.089560	-24.338219	-20.466727	-7.088062	9.743145	-15.610705	17.605760	-13.242891	6.044083	14.617473	22.908300	-9.462755	-11.772757	10.829973	3.982733	13.406573	14.715985	-12.608759	11.263800	-10.991018	1.040296	8.712445	-0.254288	-5.832215	-10.016663	12.916747	-6.936081	16.460178	2.278804	-5.415203	-1.772471	18.693606	10.249867	-15.865951	-8.813465	-5.463556	-4.483477	21.043399	19.211524	-4.122107	
14.825219	-9.057661	7.767386	-9.496088	0.396086	-2.748185	7.905439	0.961953	9.313320	9.477566	6.114224	1.981133	12.901126	18.690226	20.282523	0.993060	20.772744	-10.829858	-1.952224	9.718629	-20.869471	17.981626	-4.050358	13.310734	2.727030	-10.525715	-18.889565	-9.157293	2.889020	-6.577849	17.332453	16.027463	-4.230996	-5.648986	-1.262465	-11.923274	13.457539	-13.113817	-9.848176	17.225253	-16.385561	9.940298	-1.622922	-6.352230	-13.964278	-11.270130	-10.703801	-20.426803	12.474333	14.620644	
19.345389	-26.033826	-24.016262	-9.533403	20.198026	6.474394	-15.401907	-10.230403	-13.958314	20.720266	19.657305	5.157158	10.666392	-12.204093	-23.863335	-10.327764	11.972759	-10.957222	-4.750422	-1.213054	-1.543216	19.597286	1.878806	-16.146338	-24.316317	-28.856712	1.371344	-4.169597	23.358754	11.696022	24.166798	12.415945	-29.469620	-11.228187	-22.875462	-27.879618	-19.467331	-27.474761	26.152674	-19.345743	4.326694	7.355281	-29.759800	-11.278481	-25.587550	26.338756	7.242545	-21.879595	-26.066472	-23.530609	
8.709547	13.319158	-23.635325	8.514724	22.973696	5.738284	-0.766969	22.080661	-8.357563	-10.879460	6.131279	-13.591782	18.567559	16.876185	-1.527542	12.030554	23.558668	24.240653	-24.959775	13.114184	25.613852	6.595572	15.642276	-27.615358	-7.819557	-5.023166	-25.216383	18.980562	-5.955742	-22.470242	25.422981	6.978048	2.003381	-10.418560	-1.328840	6.456671	12.324378	24.802386	-11.536297	6.231916	-10.921171	-0.412939	-3.974291	16.164463	-19.392557	-0.239932	-21.923287	23.660936	5.948073	-15.696054	
-21.602488	8.374817	-25.855111	-17.061681	-1.246012	-27.173580	10.014672	16.384083	12.626107	9.310598	-16.204404	-4.250061	-13.886133	-13.343443	-4.798897	0.011672	24.499455	4.569232	-8.472517	-2.098910	-24.498895	-23.697174	-19.266103	-22.324694	12.882818	-20.968292	-8.387506	-11.164219	14.356783	-26.277013	13.857351	8.454985	-27.140587	24.177426	-16.530701	-24.496794	18.411751	-13.444433	-22.490520	-17.525981	-17.966589	-23.244225	3.060349	-9.851264	-8.979572	-26.704267	-21.000789	12.042787	-16.242020	12.916928	
-5.569937	1.502066	12.047214	6.536416	-5.319531	-11.924794	11.436291	17.364958	11.855797	-0.235886	-6.256117	15.288123	-7.455332	-1.316697	-22.388908	6.359296	22.004370	2.686637	-16.719591	-21.823740	22.282306	4.730839	-10.014112	6.732561	-0.625033	18.568814	9.784825	18.300344	-6.312100	8.036774	-16.568919	7.989768	7.041429	-21.798293	16.114860	6.578551	-2.478075	-10.739745	18.329456	8.152613	-14.655543	-0.403982	-7.055629	-19.627951	-4.368579	2.101413	3.885992	-13.274995	-16.080977	16.390455	
8.694343	-8.356913	-10.961702	19.543442	-15.480687	17.598818	-3.780637	21.562486	-8.237850	18.576395	-13.028175	9.542667	6.586387	-4.565989	-11.944585	12.202474	1.082629	17.701831	15.912839	-15.067276	-3.302677	-6.609756	-24.109521	1.316902	14.279239	14.793211	14.635357	4.889611	-1.352438	11.782231	18.011334	4.562168	11.954594	-12.715855	-4.463385	23.555651	-4.358155	-17.200502	11.602834	23.978182	24.121296	-24.272640	1.087556	-6.622906	-10.052329	19.404946	2.312630	2.485926	-8.083816	4.493524	
-16.015109	1.009043	19.949582	21.653472	-20.578700	-4.870617	11.332855	0.414574	-17.749723	14.787257	-13.270741	-13.458622	1.437377	-19.879418	-15.855193	8.236745	-2.762856	9.155266	21.503053	4.160892	-2.994548	16.373715	7.518825	-17.390472	14.068256	-3.564819	4.790897	-10.210669	-16.093027	8.192174	-10.418098	20.248197	20.071883	-22.859326	-16.488898	20.429519	-5.592277	-9.143991	1.808399	-20.487890	-2.476244	-16.336462	18.417395	-8.743195	12.986872	-16.599481	-9.640503	7.129008	-3.333140	-8.237679	
14.367733	23.586899	-11.486729	8.934298	20.575705	16.280897	-16.818149	-7.986624	9.105812	-20.481347	8.323047	20.650111	19.968780	13.749420	-2.467427	6.852777	-6.858465	18.237186	19.272605	9.935505	-16.961157	15.159673	1.287495	22.190295	14.130953	-7.625405	-20.019159	21.894426	-2.586915	4.567466	-7.355809	14.888183	1.455374	22.197932	1.064827	-21.077349	-7.270413	7.774604	-14.873054	-11.733349	13.389863	8.211062	15.101698	-1.924935	-22.036681	2.448550	17.509392	5.237235	9.516204	11.198972	
-12.102712	3.513716	-21.981314	17.030397	-17.464078	-15.470201	-0.016757	-21.039148	-15.793997	-5.595310	25.457558	20.179976	-13.408026	-18.752141	-17.984459	-15.248629	-20.321795	13.315646	22.345699	19.382250	19.373192	-3.882751	-1.901600	-18.594948	-8.218797	11.332840	13.969054	-2.216976	23.135591	-23.131362	21.828356	15.987711	-14.692013	-22.133974	-20.521543	25.324664	4.436144	-23.516583	14.971286	14.260575	-21.181266	4.772400	2.339460	-17.792772	-12.968835	9.457766	5.345339	16.546958	-19.198989	-15.608529	
19.784206	-19.543283	-28.580928	27.167754	-18.682850	5.640774	-12.632040	-11.315450	24.488824	-19.629392	-2.357843	20.178503	3.352510	-4.780181	30.485907	9.539220	20.156218	6.496976	-6.321677	-12.270974	6.516668	-27.204333	2.447805	-12.872159	-1.489185	26.019657	15.956060	-4.106494	15.366587	27.403228	-0.121431	18.696907	-30.691824	-11.975263	-1.151248	19.013983	30.704070	8.586683	-6.878838	-3.423643	16.695864	23.022835	-3.255210	4.154717	-16.589167	19.104802	-18.680533	-29.369091	28.513108	21.053254	
-28.918782	16.547806	13.137183	-13.096935	24.656221	0.871809	19.161248	-28.730807	18.470621	9.785237	-26.174888	-9.769053	11.356782	-21.256865	-18.302444	-26.124083	18.797803	6.992768	-18.443476	-15.015269	-0.936221	-6.703938	-8.136026	-0.357051	-27.240547	8.277106	-16.137187	23.013127	-12.530614	19.389492	14.014983	-25.078720	16.903275	19.337604	18.555805	-11.028187	23.972436	17.283117	20.362235	-4.527748	28.102658	8.794136	-2.390540	-2.072907	26.708656	5.290899	0.330946	-14.223775	-24.022638	14.075428	
9.991005	26.314590	-24.489719	-16.173020	-2.932730	-13.128268	-7.459796	-22.587896	22.577297	0.081596	26.315033	20.481709	-26.779739	25.951702	-2.235895	-23.988506	-27.393276	19.167088	-6.087671	-21.470844	-20.397358	-9.433009	16.306479	30.710832	-19.263087	-6.199184	29.486232	-0.724432	26.371674	-2.233223	16.469822	30.273136	-28.178587	28.374555	-7.634635	-30.561789	-23.295887	27.338830	29.974744	-21.048612	25.375353	-13.744246	15.262827	1.063194	-30.658492	-11.825740	17.808618	-23.479476	-26.698087	16.733997	
-17.074439	20.896859	-10.037360	-20.052209	-7.799688	-2.594159	-9.391695	-22.451914	23.569104	25.171965	-3.149062	9.496540	-25.360054	-0.928186	-5.733862	13.252361	21.008675	-24.768023	2.341974	0.485443	-11.598793	-13.290144	13.781595	-8.784787	12.539569	-14.720140	-13.686680	-14.439121	-18.653753	17.401611	23.780361	-17.043351	8.245394	10.336229	1.615888	-17.936113	8.014554	21.938334	11.770920	2.003812	10.967381	1.749074	-7.206399	10.444462	6.417485	9.724459	24.278819	22.627347	-6.561622	-20.412557	
4.997960	0.079932	-9.198349	3.566577	14.911014	-10.736812	14.067109	-0.081591	-7.695635	10.135098	-7.666642	-4.477974	-14.288139	-12.200686	-16.279663	-12.916817	-9.567461	17.573123	-8.567426	-1.027833	11.829198	12.206177	10.274263	14.384097	14.114903	14.813274	-4.295341	-5.059758	2.736339	13.186402	17.297534	-4.735302	3.133014	-17.457300	-16.609878	13.200439	6.145298	15.235920	12.419648	9.119942	-4.605634	-6.750863	-10.551919	3.165710	6.294099	-12.655394	-14.564012	9.733076	-15.182521	-7.958780	
-17.228357	-23.781078	-1.186131	-5.291469	-19.096732	6.327286	-21.224549	-5.579181	-13.604825	26.065967	-23.627241	21.704609	12.364338	9.014121	-6.702110	3.989139	-22.187611	-17.321013	-8.253434	17.373351	24.949528	24.613757	0.884295	-14.762727	12.181960	-13.162352	8.669821	15.356663	4.691720	-3.906067	12.647464	8.435340	21.543935	-19.944091	3.133844	0.524634	14.013228	17.891262	7.241253	-8.191645	15.102078	-4.773052	4.426437	-24.928085	26.081073	-4.842298	23.678995	-23.803121	-16.165135	21.630406	
2.546729	9.406110	5.716581	1.564646	12.748509	3.367322	-18.848893	18.398270	18.068504	-23.235805	-9.585352	9.539488	7.535861	12.338743	24.208351	0.432169	9.751948	8.091123	-25.393856	-16.091930	19.088902	8.900101	7.036357	-22.382474	-4.990978	4.187832	-23.288374	-15.141190	-0.477834	5.670758	22.043906	-15.027304	-14.433630	23.553903	-11.052080	17.658754	18.034914	-21.444970	15.776012	21.986283	7.841953	-9.988445	14.585875	4.228991	-20.947771	-12.938701	-12.926603	17.240639	-12.482492	-6.704698	
-25.722156	22.637807	17.220411	-0.667962	-10.291623	20.984667	24.201832	-20.876187	13.689806	-25.941351	5.107152	-3.850812	13.079274	-10.024489	1.211015	0.911818	16.147258	-19.918666	-6.589054	-6.922264	-4.647088	19.013762	-3.838301	11.630111	-0.233933	-24.032155	1.623731	23.505603	-24.873336	23.537698	6.581239	19.324245	20.165553	-3.360597	-5.549759	-10.269870	15.166084	-4.257241	7.636517	19.792270	-14.560974	2.318581	-11.592614	20.816002	-13.617870	20.523475	6.776138	-24.942799	14.954029	-23.466548	
-8.879713	-19.083569	-12.502878	3.841767	-7.478362	19.673526	13.844333	19.190662	21.941510	-6.825371	6.544060	20.745006	-22.841814	21.223344	-9.682005	-1.937584	-13.615166	-26.660854	17.466102	-18.912179	1.258883	3.675053	-22.176949	25.942753	2.807834	11.491236	9.809830	-16.054568	-11.991653	26.334394	-4.412660	-5.532454	-25.238568	1.520079	0.910193	13.634433	-10.538306	19.558653	3.078176	-15.496127	-12.203993	-21.834511	20.883776	-2.525146	-2.063386	-13.049898	-0.071874	6.207901	3.072323	-15.970519	
6.326018	-21.163711	9.492361	0.546981	-1.051713	-3.317687	6.698995	-2.927705	17.896203	-14.362610	-18.603127	-8.010059	-12.078325	10.310046	-24.312452	-14.303318	-19.886473	-3.733366	14.512569	-15.924255	23.586598	-18.886931	-24.033454	-0.646921	12.372145	-24.211762	-22.153513	-4.944846	17.045031	15.981437	-8.877909	-24.710583	-8.708762	10.183424	14.412158	4.756867	1.205917	-11.358726	17.645846	3.010604	14.655211	0.714184	-3.067268	-21.747775	-13.492215	-4.902334	16.643659	-6.358375	6.315094	7.844040	
23.541137	2.337100	20.291191	4.644622	-15.245786	-13.301532	-14.253697	-19.862266	16.845049	23.726471	-17.342452	-11.318123	-13.652270	-23.705019	-20.778566	-8.165383	20.786689	19.057471	-12.481277	21.766535	-20.685995	2.273109	-23.747241	1.353158	-11.314078	16.313575	-11.267119	-12.918972	-18.141347	3.800138	14.768389	10.263904	19.122170	-21.789546	-20.994851	14.804285	8.314562	-3.298710	23.846311	1.037361	15.388662	22.167460	-12.982300	13.628179	-13.408437	7.103609	12.472792	19.887615	-1.583672	23.437545	
3.694635	0.617157	-0.898988	-15.070281	8.706352	-18.283881	-12.863095	19.809824	5.045918	4.636592	2.137118	6.277112	-15.083039	-6.663729	6.036065	-18.010889	-19.041762	20.567369	8.921782	4.378020	-20.207120	-16.253614	-17.084535	7.096035	9.587437	-16.804440	16.288615	-2.638339	6.635318	14.709363	2.497618	-15.955757	17.366173	-16.586787	12.515881	-6.671545	15.604683	13.285871	-8.867437	7.960618	18.203437	-11.553120	-15.723869	-7.050873	12.307523	-1.415293	6.596900	-13.971883	0.167131	14.549340	
-11.183596	-22.762482	2.195800	-23.822953	-11.167254	0.424078	5.877786	13.859010	-22.005867	1.803668	-16.231419	-11.220328	-6.120872	-3.077959	20.961905	-15.489360	-15.731424	15.605425	-10.957159	-11.322637	23.647087	-13.474626	-5.281398	22.964765	2.524961	-0.697431	-16.024604	-8.772789	5.657382	20.710964	-20.690246	-6.490408	-5.098215	-18.149367	-7.976109	5.024860	-14.354530	-10.535091	7.268064	16.101532	8.858537	-16.412562	17.309272	-16.505408	-12.770658	-21.822452	-22.103692	-22.989962	-17.058195	13.560645	
-3.317804	4.088432	12.971923	8.790583	-7.445058	5.614905	19.285879	9.645956	13.878973	14.487303	-2.609294	19.869767	5.603156	-16.023542	-4.445575	-10.463741	0.677925	16.379089	18.753760	11.045150	2.844377	-17.365311	-16.464423	5.529207	-1.205921	18.684286	9.406843	-5.141882	-0.271358	19.871740	17.165046	-7.264295	20.906849	-12.683925	6.656911	0.685073	1.393377	15.748778	11.918454	-12.719840	10.942451	5.714525	17.558591	-7.528531	14.543979	19.512503	1.243434	-13.726431	-1.840307	11.575380	
4.402696	-20.343434	-0.120803	-18.221501	1.914293	5.295485	-5.080960	-1.333150	-22.772423	-9.546759	-10.957846	-15.970417	14.775341	-7.568279	23.399582	-4.945482	-7.905607	-4.113645	-22.510078	2.239018	15.975831	-4.242705	23.729463	-10.361012	-14.053060	20.232191	-22.849947	-12.768607	17.133065	-7.649381	-4.231009	4.900535	-16.455762	-3.644527	-16.784001	10.107986	-23.225016	5.597543	-15.704459	-18.996621	23.025176	0.549923	-3.866608	12.199090	-19.757388	-19.640807	-0.265804	4.025985	-21.786802	12.205468	
13.685851	21.336508	-0.358803	-25.632042	-10.860963	-11.133241	2.460070	-17.326585	3.301854	5.821486	11.074465	-23.313866	22.406065	6.319140	24.909800	18.906979	12.529546	2.635345	-24.296919	22.380451	-6.481225	-23.307266	13.875228	-14.950997	7.156026	-15.314298	13.063200	21.263986	6.698452	-13.564480	-8.937619	1.964690	12.877624	7.207824	-19.529295	-21.600078	15.472469	11.346277	-15.031963	-18.439054	-22.369156	-6.403026	-4.452372	17.204171	-8.139185	8.309059	-20.493749	1.036924	-9.468043	-6.562896	
-12.695936	-12.656427	-29.007412	-13.283002	14.282189	14.251578	6.361799	-15.314433	-24.243856	-17.458896	-21.976608	-4.863196	18.175266	-8.807868	-3.180834	9.858767	26.835655	20.318700	-11.335476	17.100721	18.589420	-16.186640	-14.726501	24.789335	-29.337793	4.870897	20.036609	30.798522	-14.717562	-30.287133	-6.863725	4.633887	9.050278	-1.329094	29.914462	24.254763	8.886282	-16.491791	-13.886443	8.643131	26.565894	18.454924	-22.239913	-0.772935	-15.518363	-10.590191	12.217821	-19.687744	31.713764	10.830091	
-9.914655	-9.261966	3.466008	10.230553	1.956314	0.017899	-15.524375	-16.711753	-13.303126	8.944204	3.464450	-16.571422	3.541669	6.987522	5.757673	-2.214412	2.338929	18.393008	9.878103	4.307988	-17.429110	12.813192	-6.685568	1.318605	-17.878653	-13.572987	-13.505702	-14.762850	-1.290662	1.705302	9.540934	5.310868	-12.874349	-3.431560	2.749268	-11.768944	4.972058	12.924939	13.551333	-11.009234	-15.144420	-1.220766	-5.648676	-12.232619	3.448188	-6.605073	15.370993	-6.615824	-8.309018	-13.380722	
-7.465677	23.108293	5.192874	15.162043	19.688509	23.551626	23.527909	0.662752	21.393790	19.930479	1.297612	12.341056	22.994771	-25.168813	-7.103660	-26.589461	3.350535	-25.658421	-2.751981	-2.342498	-6.987405	7.232856	-9.310755	-4.940701	25.736429	-1.557393	12.362666	-15.484065	16.802755	16.744304	12.441179	-12.161307	-7.782374	-22.822287	8.529405	-21.840154	19.359981	17.013446	3.699519	14.270832	1.274090	-23.888455	3.305856	24.655500	20.216543	5.163330	-5.537959	11.203954	-0.150945	0.065672	
29.996627	11.607481	-0.000109	27.634377	7.318056	-8.808611	5.424137	21.091248	-9.516418	-6.991766	-22.273564	-25.394021	-11.497920	1.819189	-3.030432	-9.924732	3.580495	-17.776634	-17.020656	-15.693709	-21.006002	7.607962	-12.239852	-20.204763	-18.656634	-14.379363	-27.915170	26.516621	-14.667494	17.195395	-29.425049	15.930724	-19.740685	29.501564	-28.937733	0.566003	20.801788	-25.151089	-16.268130	26.178543	-14.329262	7.257627	-8.883328	11.287199	20.879889	21.288852	27.193705	17.949513	7.146402	28.320934	
-20.186326	5.442784	-21.739695	12.010318	-20.919401	-26.537794	22.382961	5.570292	-14.120542	20.386625	-5.641950	-13.107156	3.680954	10.321132	11.804403	-4.767059	3.033507	-17.344332	-14.497341	-6.868741	12.624460	16.301078	-4.893818	8.956583	-18.394533	17.864416	23.991532	-24.900176	1.736878	4.468043	24.770809	15.183459	-22.967632	-12.993417	-2.175895	-6.358064	-6.864778	24.498949	-6.397416	-5.017207	9.724047	-24.297191	3.200803	17.187618	10.434170	-17.017161	-25.995320	23.647315	-9.157147	27.423772	
16.955783	18.781544	-8.371695	-13.128896	14.781648	23.617577	20.959174	0.220032	-12.079968	-9.125408	-9.591450	-6.304797	-17.535141	11.410036	-13.435046	1.133995	-12.893149	-6.179796	-2.383848	-16.406903	-22.733808	3.491255	-18.353977	17.716466	-12.961513	-19.287920	17.316788	12.258388	12.147927	-21.981890	-16.556541	-8.177419	-21.374957	-10.205392	-15.822465	16.178970	17.297364	1.270586	4.942058	-22.192420	3.822898	22.594707	9.640107	2.732626	15.791283	-10.128820	10.755647	-14.985127	-3.354193	-9.742592	
-3.804134	-1.553231	13.376422	-3.339682	-0.757374	-15.045979	7.194842	9.570915	9.444135	19.827567	-2.209956	5.992416	7.683161	4.416513	14.280925	2.007347	13.114240	-11.334543	22.097159	-11.300202	-11.660790	9.099078	7.000124	4.624383	-18.680607	-11.108890	22.694632	8.109997	-14.377861	4.895854	-1.491614	19.751141	-21.926614	-15.480264	-8.485709	-9.223193	6.081747	-13.158858	16.372890	-17.648948	-21.384337	-4.662695	-4.229901	9.455347	-16.010705	-3.589369	22.705811	15.695590	-4.818813	18.378107	
25.335071	-24.036138	-12.972630	14.368319	-13.865770	-19.019557	1.034829	20.831901	0.825821	26.179209	-12.595613	8.818749	7.855747	-6.626095	-10.832348	-5.073456	1.961622	-27.563361	-26.600187	14.868157	29.818672	25.163463	-29.917584	-24.791503	-29.116102	13.919760	-24.610948	-3.092640	-6.406025	-8.038788	-14.754333	-25.116141	-26.762884	-7.837845	14.043527	-10.065551	-23.397269	-12.496315	-14.522645	-12.563823	-15.893929	18.340385	18.210152	3.460427	-28.685779	-29.382141	-28.885584	-26.510197	-2.319436	-28.844535	
19.376961	-16.538138	-23.498467	-19.794643	3.703394	-14.357031	-14.479594	4.175192	-21.032388	17.883082	-2.229760	2.145906	-3.690179	18.945451	-7.854935	15.263898	-3.759091	-19.589066	21.383477	12.093213	-22.200542	7.305096	-8.827733	9.622217	6.743569	-15.234452	15.055405	1.984647	1.955884	24.385408	13.924795	-20.465399	-17.740223	19.510602	-16.537080	3.801443	14.367496	-15.393876	-12.725027	12.309958	7.279325	-14.923159	-3.810728	-23.830666	-10.782795	12.397553	10.486062	10.486485	-17.202507	-13.117562	
-8.938421	17.007503	-4.345382	16.774447	-20.385476	-24.202180	-4.907636	10.238556	-1.818829	12.695322	-24.382456	-20.979725	-24.435206	-22.883530	-0.908161	14.653829	-22.257844	0.691187	21.677851	-11.576456	1.689291	-4.012312	1.486519	-6.857311	23.189630	25.375639	12.912140	12.443606	-23.826352	-16.082436	-25.898073	-14.099945	16.489695	5.659873	16.737497	2.900077	9.063321	4.568559	-17.613098	-19.270598	-17.392910	22.293653	24.624324	-21.714482	8.404255	24.907530	23.354619	-12.843231	24.557233	0.291100	
-14.202173	6.176406	-23.544065	15.162672	-21.232036	-23.909057	-12.005399	-13.779793	15.201726	18.413938	13.807287	-14.945589	-3.794672	-1.268346	14.025452	4.657005	-4.458649	13.362609	11.834521	12.823366	11.163171	5.029731	-14.426347	22.040446	-18.108500	4.532329	5.814362	6.744453	3.545500	4.338501	-13.651633	5.926215	-19.025993	14.122880	0.893033	4.875042	15.194134	10.558980	7.424574	7.808048	15.177804	4.517405	2.383354	21.824620	-1.967486	9.770275	3.572109	-1.999049	24.363168	-15.310193	
-2.569739	-7.234274	-22.764857	7.834267	10.861251	-2.464047	24.133095	3.368498	20.510029	19.939208	0.298382	7.060636	-18.963788	-23.515118	20.212542	8.759835	-1.606951	5.766758	-12.032064	22.111879	12.384068	-17.387573	25.629887	-9.437903	7.517697	3.385035	-10.226592	-11.567616	-10.181991	-25.798020	2.687685	-20.259987	-26.769962	26.538413	14.499567	14.664927	-27.699194	-19.546778	2.031549	16.243042	-3.043994	3.425932	-21.700369	-22.494619	-21.891070	-14.699342	17.874008	7.194832	16.958003	-25.157882	
8.164106	15.515705	0.833959	-10.860997	3.701913	-2.868029	-18.906648	2.608510	11.632993	-4.191576	-16.060310	-8.112365	-19.249343	-5.893011	-10.133069	-4.266551	-7.459135	0.122157	18.786722	19.505755	9.162000	11.946874	-10.284185	18.199181	7.169667	-5.620068	21.976249	8.318448	-18.030394	-13.954588	-3.621659	18.991198	-6.658108	-16.860298	-4.737087	-2.559574	9.588853	6.578659	-17.753343	-8.811734	20.621978	-19.688179	17.516688	21.586454	-3.446505	0.261987	-9.229612	-19.684006	-11.425530	-1.408524	
6.145766	-12.271331	-15.541687	-13.211474	-12.847470	6.552755	14.356535	16.282413	12.618301	0.895911	-6.512253	6.177919	1.238150	17.633507	-15.994560	-9.014662	-0.288089	-17.633251	19.106739	-1.197837	-10.663881	-6.807262	8.621662	-3.742551	-13.661624	-3.806553	19.747398	18.465206	-15.476677	12.783994	-1.500298	20.185484	20.577752	19.378367	-19.957969	-14.647959	7.060705	-16.497908	-15.189759	-15.327904	10.568272	-5.403272	11.242438	-7.180065	-8.081151	18.846623	-1.081725	18.194557	17.052241	-19.065099	
8.963174	-1.222517	19.925208	9.286817	0.052304	-14.291401	-3.881964	13.159000	-5.877306	7.899351	-9.053785	14.860252	-17.520147	2.686847	17.857365	-6.305134	-4.092591	5.890978	-18.980359	9.973686	14.984801	12.103396	-23.708455	-17.148263	-8.374593	28.370279	7.405039	12.129496	23.742961	-28.092176	-10.870770	-16.535769	-12.344919	-13.580954	15.854973	15.187010	-14.169970	-25.665362	5.830399	24.815299	16.258285	-15.982152	24.245319	12.545832	7.618277	-23.702250	25.168868	26.653750	-1.000552	28.761882	
-7.476251	-14.193047	-18.693070	12.583345	-1.762758	-14.522393	16.237464	5.468976	-6.652611	-13.789766	16.640796	-20.828543	20.084134	-2.720617	19.433507	-7.176121	5.179473	3.120544	-18.942566	19.667169	-19.036371	-8.097604	-11.972103	4.678670	-15.844825	-0.831978	4.804930	-20.245085	3.188104	5.447323	-11.361255	-1.592785	16.219247	2.593884	4.090157	11.529608	4.125746	4.864126	-4.760235	20.889593	-1.032914	-14.841330	-13.173690	-9.719145	-4.482538	2.827877	0.730228	13.751394	14.423876	0.914348	
-4.705925	-3.889524	23.729963	-2.820489	23.052995	15.471995	15.304891	11.391341	-21.470839	20.798310	18.059061	-14.754700	-24.419280	25.987863	-8.236315	0.639527	6.373457	-14.308527	-21.151429	25.312261	0.152891	5.878139	-25.907599	-9.540226	7.953847	-7.197385	16.065242	3.042778	-8.226247	-7.732659	-10.109629	-3.882412	-6.498643	-8.626284	23.545801	-0.832927	12.635125	17.391399	2.290016	7.911974	6.360256	1.368900	14.104052	-18.825908	19.872305	-8.453673	-18.299130	-0.771470	15.731861	-4.279926	
20.867805	-9.280612	1.469582	2.023279	-21.242940	23.450791	10.738707	-3.439551	11.811118	-16.583956	11.308870	3.519036	23.648944	2.540391	18.101408	-17.980850	10.235598	-14.654374	8.839689	16.452169	21.090614	-16.082622	2.481825	-7.479064	-6.424564	-17.046125	11.422428	20.085342	0.563469	3.644510	2.148223	20.139644	24.148719	-4.603994	26.576142	-1.417910	5.793436	-20.192703	10.908069	0.263618	0.066430	-22.699141	-22.310205	27.758635	-6.049825	20.991589	19.768116	-0.374207	6.241872	-13.203774	
-17.150830	23.469796	-16.900522	22.030170	-19.922869	-17.765041	11.012910	-8.185395	-14.647144	7.565660	5.142718	24.480647	1.381646	-23.077767	14.631076	26.825926	-26.626728	15.824660	27.194592	-6.261036	22.909690	-13.938689	-15.277101	0.242679	-8.272005	-23.052719	-13.801852	-20.809228	21.879563	13.267497	8.166199	2.545248	-8.138511	-6.859991	-24.982140	26.000837	-16.740206	-24.259855	-3.481347	21.416764	-18.054570	22.342149	-20.531557	20.065756	23.183834	-3.904322	18.899170	23.662494	-2.197830	8.673700	
-3.770286	-5.485057	25.197431	-17.131378	2.886368	-15.030392	12.030264	-2.459134	-25.000871	25.550601	11.178579	-21.209987	3.815120	-18.600503	25.512614	-14.548519	-0.163735	-1.849675	-8.100566	11.989664	21.170437	-17.038284	-18.956489	5.302765	-18.067064	15.171073	18.801958	-13.995509	-12.404022	-9.540211	-17.022424	-16.542736	-14.485026	-23.634156	-18.002476	-8.683099	-6.752238	-22.090681	22.449187	1.276548	-26.227670	25.239685	10.957697	-3.108319	-5.544023	-16.815244	21.314242	7.443581	-25.008548	-22.660415	
-0.515430	7.376140	-17.317995	10.549582	-2.199718	-20.657510	-23.163462	-10.431130	9.237498	21.418804	-3.180932	1.127808	17.153901	6.695044	20.933386	8.936793	-3.471638	12.583069	-1.630675	-23.477769	-20.157570	23.853041	17.751464	-15.585640	-19.073753	-21.014782	-19.589805	-8.348558	15.203418	-2.830969	-10.001248	-11.347839	-9.648236	-10.713314	8.718693	12.335633	-11.880003	22.470375	22.487317	-22.813880	-8.840097	-20.787430	-15.670835	-2.232787	-3.746028	23.154956	-4.363980	-15.151249	22.134117	7.839108	
10.303322	-15.315602	-12.019068	24.279652	-8.935697	4.731191	-3.198690	3.592290	-12.756882	21.463789	-13.560571	11.176288	-1.196248	-3.816144	22.736767	12.843523	7.593284	-4.581747	-0.277980	0.678904	-5.222766	7.243682	4.021427	13.732808	-10.873449	11.813128	22.263725	-4.196730	2.199410	21.169595	13.566648	22.518514	2.525195	-3.609013	-1.944380	16.956345	20.034801	-16.770571	16.448493	0.248785	10.693214	7.667453	-18.725540	22.543681	0.292487	6.320343	-7.873874	5.039145	-10.165848	2.898572	
13.043783	2.390853	-23.837876	-8.064791	-17.599903	23.623076	9.709076	-15.256234	-7.879621	-11.655948	-1.899458	20.363689	-14.376390	23.703461	-25.692841	-8.513705	-22.517635	24.262403	9.347568	3.240514	-8.330479	-2.318140	-17.517250	21.432914	22.498030	-16.427784	-25.188666	-17.419709	-9.095025	25.152587	9.257145	-1.029197	25.516178	0.472796	20.944911	-2.331808	-21.358949	-16.631771	0.421633	18.202995	-14.120442	19.009414	-10.786756	-5.659397	-3.530211	-13.450265	-5.252982	6.375591	-17.327066	-25.116623	
-2.196763	0.717154	-4.770113	-8.009152	-9.251968	-3.356858	-9.408774	9.138418	-12.335901	7.179447	-6.955264	1.669962	4.677692	1.964840	6.994829	-17.808842	-7.286734	-18.560935	-11.163396	-16.286540	15.130739	-12.367428	5.596420	-8.983056	-14.438497	0.091271	6.473962	2.197768	3.896497	-18.313540	0.367788	-8.187582	-13.662564	17.068298	12.355173	7.985043	19.395888	-11.209233	12.195022	-16.346933	-19.478325	14.246122	-13.002886	-7.854991	11.569693	-4.637066	17.830142	-15.377898	15.320846	15.068244	
22.348273	-3.614198	-16.212909	16.444091	-17.687985	0.642482	-24.559521	-25.045281	-1.455942	-24.239909	11.600014	4.488358	-10.304173	16.729988	-0.949010	26.330248	22.663937	0.839426	-25.684292	19.035533	-21.617579	19.214932	21.049613	24.320298	-2.456477	5.335699	17.899542	10.761884	10.983793	-16.847531	8.562648	-4.117955	-7.520454	23.529864	21.397303	-26.728368	-26.580822	-12.833535	8.678065	-15.741040	17.089319	-1.988725	-18.535719	-13.474235	17.010395	2.766683	-6.840891	-8.563370	-10.813606	-13.486618	
13.708507	-13.374258	3.733142	-5.332205	8.578406	4.753103	5.086792	-2.437585	-0.602509	-14.651256	-4.203522	-6.031149	-10.444041	2.283263	-13.867375	12.060701	14.369106	3.160822	1.031742	-14.301753	-12.474352	6.022856	-6.353369	10.652837	4.787782	9.576403	15.307211	5.021216	14.538565	-9.735612	-8.409137	-13.803391	-2.058143	-11.270959	15.483044	11.238350	11.353170	0.297590	-11.974846	2.961539	8.775607	6.829257	-8.473418	-4.128217	4.062365	6.226620	11.282722	9.828753	-8.719526	-12.131001	
12.227197	-21.206420	19.791065	-2.675130	16.405404	-2.809263	-22.066798	22.647915	12.146512	-22.465315	-15.432132	-12.512307	-6.529975	4.359598	3.141586	4.687217	-6.692093	-18.510793	17.414607	-15.658779	4.946516	-0.682179	-6.365774	0.601696	10.724386	21.797806	20.932713	13.055880	10.340179	-0.461541	-12.381735	-10.116429	-14.534488	0.416978	4.864300	22.568556	0.122729	6.588792	-5.861151	-1.761013	-15.998461	3.513591	-1.948165	-9.558374	18.944770	-21.792792	2.598296	0.197861	6.937389	18.448022	
-16.427226	-15.523547	-3.905564	-13.643955	-7.603973	24.027189	-2.745327	17.569746	2.146023	-5.559146	17.282015	24.691717	2.866916	0.442174	16.882193	-20.702272	-22.390175	16.304893	20.698243	-20.138210	24.735928	24.901699	-12.009474	17.375314	21.989440	-14.582787	-12.397789	2.104894	-21.152007	-6.948986	-18.037542	-15.782574	8.557432	-19.993107	-2.847109	-24.121434	-2.397314	-17.929541	4.086941	-24.275088	-18.210652	-5.268553	-21.439472	-4.325062	-24.897769	-22.570362	-21.944564	-24.414684	-16.532663	18.914853	
-11.937012	-11.145555	0.199171	-20.464651	-12.867538	20.981566	-11.572401	9.672434	15.994863	18.261042	12.931291	1.131926	10.224842	7.603170	-5.402106	7.954439	-22.459710	-4.965271	-9.072834	13.458905	-5.183571	12.463578	-8.722550	-13.646942	-8.260612	-12.935220	14.118657	21.798907	-5.797819	-11.330814	-2.741723	-2.760007	13.088348	14.766017	17.490654	17.761058	6.300665	1.165564	8.419561	-5.861703	14.886658	14.004910	-18.701246	0.170918	-18.171390	-6.874957	-5.133768	-9.235722	-20.766175	4.169670	
-28.595922	20.981351	-26.603348	-1.531837	1.608904	6.571706	16.029206	-13.239234	17.998220	-24.694435	-18.860507	11.235611	27.550221	-27.984590	-20.339486	10.773858	-18.000548	21.351340	19.926739	26.415516	-26.167804	-27.468497	-10.908991	12.003257	-15.752145	-2.914640	-9.299291	1.590170	0.871960	28.325310	-10.055534	-11.842333	10.523032	22.748366	3.765415	25.410999	13.490753	4.162982	-0.110867	-12.829058	28.274230	12.987299	21.059314	-5.559527	15.442647	27.508084	27.699441	-10.191498	0.205927	2.539392	
-28.676971	13.161990	-17.478847	1.879349	-9.979964	-0.220456	25.697301	-20.280764	-17.494107	-4.135632	21.504776	13.776815	-25.508091	-6.133618	-5.936105	18.358026	-11.427855	-22.702910	-28.848474	-14.312759	4.637997	3.615409	-11.462805	-8.649663	7.811548	-12.501597	-9.138168	20.906824	-26.000981	-13.879748	6.331058	-7.085284	-17.574502	-9.879570	27.706621	23.455052	-28.742735	24.203718	10.243407	26.424300	-22.654805	23.181148	-26.079068	-11.183752	-13.216374	-6.248106	22.003155	-9.072479	-26.486329	15.749946	
24.548822	-5.726533	-19.667419	-11.758759	22.418008	-9.231973	-5.274116	-15.057602	15.085049	-24.872921	-11.701657	5.942635	15.190924	-18.084007	-12.923224	12.620717	25.131516	-16.168994	-2.146177	-22.675387	-17.252960	-25.079770	23.361174	-22.624793	-4.131512	22.739542	20.760265	11.248872	-4.822720	7.528347	-9.241055	-14.346714	-16.007588	9.409408	-18.918064	-17.273592	22.715602	22.716544	-17.439155	-3.124443	-20.272454	18.360215	-17.777273	-13.113436	10.396916	22.156145	10.578976	-13.850828	0.346403	10.519663	
-19.997411	3.046256	19.961177	20.967540	19.762171	1.848046	12.022133	17.518561	-15.167810	20.201249	6.140624	7.532880	-15.612253	-13.693579	-20.597669	-0.869037	-24.684268	12.520169	6.295210	14.331075	20.051018	21.267918	-12.316706	-6.809932	25.497458	-6.013507	22.724194	16.495570	13.680701	-8.484210	2.578348	-7.734772	-21.399534	14.244763	13.178813	3.476079	-21.083480	16.593803	-25.964532	-0.323072	22.981208	19.636127	7.883444	4.676328	22.129150	0.769152	3.902334	-17.993669	10.274803	0.472272	
-13.573270	-2.817693	-20.874575	-5.435377	24.005094	-16.634816	-5.325102	-5.867288	-24.867631	21.080481	-11.697945	-9.251795	-10.732803	22.116925	9.727457	-10.849352	-4.717246	21.141745	3.120765	-14.421817	-3.016057	5.446492	-9.429551	-4.155252	-20.532400	3.865165	21.746743	-17.362239	16.733345	17.004325	-15.396979	13.676466	0.841571	-11.879401	-18.701709	22.155609	7.577734	-12.313178	-16.192985	-24.074624	-0.065032	-22.017456	19.285345	-24.251529	-9.208942	16.641663	14.699243	2.103331	-0.686133	11.214104	
-18.521312	-22.479903	0.941000	-18.427148	-1.884855	-12.397984	-16.136936	-21.096717	-23.384525	4.256640	-18.109137	-6.171766	22.816668	-22.830174	-23.852937	15.496424	-6.558040	-3.509619	-11.387658	-17.006333	-23.903042	11.798149	16.021975	-14.262804	-1.842159	-5.654018	-17.185685	21.720128	13.568059	-21.439694	-2.052404	1.315505	4.444753	-19.448422	-5.183472	-16.607230	18.341468	7.026922	-18.172616	11.341418	-13.420000	21.477108	-19.483600	-10.759396	10.893859	20.069153	0.353495	16.728827	5.007664	18.838454	
18.093279	-9.997703	-8.072737	-15.150576	13.745154	-11.687421	0.513827	17.586390	-20.850697	-2.803821	15.936683	21.973935	1.852859	-1.821353	-2.537125	-9.435261	-1.051076	-1.134995	-11.467015	16.754775	12.052644	10.489487	-12.040958	8.150492	12.373024	11.091704	12.576903	-1.847262	-3.750284	-6.454248	11.382389	3.210297	18.471325	14.781772	20.765474	12.668068	12.460071	-7.633549	1.758681	-4.146257	21.024071	1.805276	15.351357	20.999515	12.308119	4.450033	-3.412817	-5.861421	-17.727847	8.930752	
14.589935	-20.972513	-2.074701	-7.022671	-6.195933	-10.856034	19.858865	5.692481	-5.876239	-14.672377	15.835368	-4.983221	-18.681572	5.359158	-11.567750	12.557833	-17.448539	-23.516084	11.024989	9.309195	4.248884	9.075687	8.012754	-2.799569	6.909844	-4.722435	2.343353	-9.987845	0.870621	7.448627	-11.636657	-4.707155	-22.296867	-12.391493	-12.989208	-21.737717	-11.216540	9.294422	-10.994089	-4.396649	9.768055	3.124124	23.530280	22.539971	11.242573	-17.812032	-13.791828	17.896407	19.281666	-14.393593	
-10.509996	-0.671394	-14.914531	-4.791782	-17.705568	-9.325505	-14.501762	3.188046	4.497807	12.285649	-5.212156	-14.842019	-2.067998	-10.379078	-9.087241	12.463829	3.740211	16.176589	-2.359717	17.496904	9.976289	12.854541	-10.315024	-13.371258	-9.428939	6.549661	10.014638	7.079644	5.239739	-2.245436	2.260508	12.058834	12.441969	-15.078223	14.038288	1.414720	-8.701014	5.979736	-1.591700	-4.647651	14.796811	17.993717	12.459535	-17.352934	-12.706119	-10.848914	-4.112120	6.433565	8.986084	-7.904416	
-15.390947	7.553578	-14.740058	-15.946029	2.119671	6.898319	23.679159	0.437443	3.436739	-6.779494	-6.927573	19.273552	-5.614767	-5.269903	20.008957	12.536369	25.697287	8.554604	5.723452	10.080149	-11.626178	5.190552	2.857020	4.911626	13.707157	9.462063	-12.804534	-18.675904	15.291304	10.056437	-11.777064	-19.278425	-6.405181	-15.485299	-10.112164	-21.886348	4.873225	-22.067642	-13.222871	25.870662	22.891033	5.674147	17.545925	-1.219037	24.927534	-8.115050	-0.845144	15.616865	-10.012895	19.734170	
2.688075	-14.237036	-8.377045	-20.996822	-4.903025	2.921481	-4.669633	-7.210723	3.365048	21.495894	9.668983	14.016239	-21.623667	12.168077	21.188328	-13.196751	-6.551599	-26.713400	-23.891445	12.620208	-18.925204	-16.200382	19.814882	-26.414741	-19.306481	6.677981	-3.897344	24.480759	-1.807166	4.690711	25.712024	2.426387	-27.198303	11.988444	21.943196	-10.241081	-14.334260	9.856012	25.552943	-9.926969	-4.927419	-15.414529	3.586924	-28.857054	18.599588	6.554396	20.042712	-9.366334	5.926135	-16.591240	
-17.888777	-0.266129	1.965959	6.780152	-10.153162	14.296308	-21.095668	12.839603	-15.369145	15.521416	7.586247	2.439443	-11.109614	-1.883182	14.038040	19.796230	-1.168928	11.103880	-2.133607	19.674117	22.556010	-0.318732	-8.891029	-11.407112	-13.782871	0.813116	-6.481194	-13.528108	2.126018	-22.926573	-15.403906	-5.866908	10.079665	4.930229	-1.780143	-5.859437	14.073600	-16.231982	15.719597	22.465761	-11.334835	-4.771437	7.647948	-6.161895	4.904423	-15.927422	0.806527	-16.572247	-21.612469	18.347833	
11.750824	24.787928	11.055751	24.846993	-0.124315	-3.874395	-21.745479	20.463555	9.804331	23.102133	6.711344	-4.709004	-5.659257	7.820294	16.563617	17.567219	2.494839	22.345767	-12.610279	-24.497501	-11.505970	1.388247	-8.364997	19.694352	-16.158769	-0.252092	-2.664568	1.754803	-14.244795	-5.925208	21.495782	14.446945	20.885776	14.454995	19.797297	25.728024	-14.652503	-5.713927	-1.941746	8.756720	11.748591	-7.414710	-1.145038	-20.690944	-11.021717	-2.445977	-12.536727	-3.722312	-13.344282	-15.898309	
15.815111	1.260103	-23.549493	9.985535	1.306549	-20.031652	-14.290340	8.724239	14.018389	-15.946748	-5.290105	-15.719541	-1.967327	-18.343817	-16.145697	0.976246	-3.967516	14.357822	-4.729219	-3.506506	13.409831	3.343689	-9.143434	-2.462002	21.611999	10.617030	6.131064	13.324442	-14.049710	23.886212	-24.585012	6.512415	10.914421	-26.399615	24.260885	25.899855	-11.905952	15.979376	-23.904591	-9.565502	-26.354557	11.474563	15.442877	25.528127	-11.121712	-19.639197	11.692635	-0.396504	-19.454671	23.481338	
2.883247	-17.294050	17.567268	6.974095	-13.518547	-1.398862	-6.032476	12.205660	-6.664769	12.004622	7.010561	-14.799092	2.988502	-5.032988	-9.253436	3.847764	10.171662	-10.336665	-15.115435	7.699623	-9.437010	-17.323671	5.232922	12.998545	2.346884	0.513499	13.866223	-9.493522	-7.093041	-13.287766	0.810689	-6.186817	-17.029441	13.252641	-3.364443	-4.819285	13.106867	17.511531	16.945076	14.161407	-8.822573	-14.804074	-6.188418	-5.239698	-11.412456	8.927761	15.129199	-11.745788	7.992008	-6.110331	
26.898040	20.407495	20.609681	-26.459640	-15.023594	25.691417	19.613556	-13.280692	-13.320694	-14.739889	22.349482	-10.115041	-25.244511	22.181730	10.332685	13.206981	-23.252713	23.965261	-11.512610	-19.225088	26.046620	-11.373604	0.331803	-22.607017	24.244352	6.516285	0.244615	-3.509267	9.461610	-21.506501	-27.461044	-3.786210	-7.335138	-20.766268	14.987649	24.806498	-24.170606	2.401481	16.607739	14.471922	15.927029	2.397830	-11.803536	-15.092808	18.805559	17.703268	-24.518332	11.541399	-2.200959	19.211015	
-20.285853	-19.065193	-8.142576	19.647695	17.071775	-7.261067	-10.652580	-24.206895	1.445599	-23.700587	19.092179	-22.447226	-11.126683	-14.908101	-6.133094	21.311548	10.927026	11.267073	11.053196	-4.899010	4.853676	14.352424	-20.634115	-5.202968	16.438345	19.149288	2.883819	-4.807264	17.005481	-19.104017	15.585570	-22.436940	21.083272	4.282050	0.160566	-1.615394	-24.174230	1.370067	20.256839	-17.582601	-22.802865	15.474443	-15.664001	-0.486151	-19.965292	8.777425	-25.921388	9.785483	-4.739532	14.079457	
-1.457305	3.719660	9.901206	-2.398080	13.083133	7.319176	-2.812506	16.728240	5.373503	-2.178575	15.192649	12.085802	-4.790797	-7.551711	-1.432543	-14.134202	14.482377	-0.534025	-5.097959	-9.914296	-4.186734	-7.145399	-7.809864	-9.394550	-1.152182	15.795663	17.808697	-4.777193	16.403809	7.800261	7.765248	9.886704	-11.166949	-0.343093	-12.837082	19.561328	15.317573	9.215914	-0.589214	-15.167131	-20.426547	11.133665	-3.961472	0.607291	-5.122840	-3.514746	-16.479059	2.552453	12.320232	15.530162	
2.463138	5.692259	12.168626	19.454394	3.386743	-14.588258	8.380507	-20.279351	-22.871620	17.807814	-4.274744	-9.612281	-12.220823	-20.984726	10.217653	-6.959918	-9.942579	15.784166	12.295237	-22.144560	-1.458519	17.982241	-8.359970	13.439635	5.523704	14.377601	9.794620	22.766193	11.261251	-11.706734	1.194505	-3.388710	6.900967	-18.291052	-17.231369	4.238947	-14.665547	10.782108	-15.042388	10.118414	-1.232605	9.971481	13.584132	3.217180	-6.685113	-10.724423	-22.128064	-7.402624	-19.590912	-7.111250	
16.834306	-18.199307	-14.880531	15.633703	-0.743255	-6.085562	9.769740	5.022354	12.737763	-17.588490	17.311166	-1.812456	-7.140129	17.813425	-2.265877	-0.548006	18.132809	0.026779	14.136561	13.162651	-8.995889	15.392944	3.541422	17.290036	1.015707	3.508723	-6.256613	-13.462959	8.031542	5.168716	7.179767	5.250070	5.975339	11.058877	15.467009	-13.832056	-2.402946	-10.613641	4.907679	0.531052	-5.879745	-2.720742	-1.975878	2.385547	-3.984755	11.897767	-16.167051	-11.345221	-5.390946	2.298005	
10.877966	-4.906836	20.980397	2.142242	25.862382	7.636366	-13.765708	-8.867791	-4.597338	1.483315	-2.285254	-19.349675	10.876373	9.717206	-10.801998	-7.621247	11.679908	3.438759	-6.971800	8.593759	-18.519389	-22.688080	-15.315931	12.879681	-17.329760	7.076284	24.745354	-11.683612	13.697563	-24.663634	-20.760144	19.562920	8.384441	24.473740	-5.676064	-4.890154	-23.466566	-26.635384	-25.808739	3.653072	-8.994818	-13.560761	-3.265307	-26.080047	-0.095878	-19.445600	-0.468168	-7.836633	11.314094	-8.539137	
11.141686	-2.105767	16.115333	-12.641835	-8.535463	18.230340	9.060421	16.655073	-17.945600	-4.328265	-7.234318	-9.479304	16.111355	-14.039692	-10.444915	15.918247	-9.694211	12.044628	18.472005	14.732776	13.828125	-8.645249	3.604574	1.068787	-13.211946	20.443422	15.977905	-8.975820	5.071424	1.827274	17.004256	20.780136	-19.899797	21.916571	21.707568	17.957081	14.112024	-9.647778	21.112726	1.784156	-2.314216	18.665995	0.193026	9.680207	-6.627372	14.959352	21.343610	-16.855922	-15.156470	21.190360	
-2.484145	9.868573	-22.467762	10.556380	6.277073	25.469828	-23.763822	-3.924290	22.805499	8.262326	-15.699491	-16.344576	-3.209517	-10.245908	20.464153	10.890979	3.214799	14.755377	-10.274657	13.027385	25.036664	-22.851291	24.491075	1.869544	6.025970	-14.813430	-10.170549	25.749126	16.998023	-16.015861	3.756034	-25.410033	10.258828	-3.017434	19.499263	-7.692019	-21.254765	13.616556	-14.713705	-14.495617	-4.601290	-3.430487	-6.125358	5.700501	16.344287	7.232650	21.925259	-24.253838	-5.130202	-14.053008	
8.541697	-18.234761	-16.504189	19.453765	-16.539172	-18.275949	-10.581774	8.096030	5.682102	2.731237	-1.094420	-5.147590	-4.332976	-19.659416	-17.189090	5.948234	-7.341820	3.590347	-18.964377	18.058159	-19.464175	-15.255811	4.836270	8.119168	16.146800	-0.193962	-11.363865	4.783398	-15.152324	-5.198977	16.219154	5.642521	-16.793459	-19.790209	-18.334312	4.313000	5.104748	17.084356	7.332700	-15.313153	-5.192975	6.174993	10.081405	-20.622487	14.757079	11.044616	-1.519767	-19.480417	-3.523874	6.937914	
5.939800	15.242698	11.389892	18.766366	-2.219174	13.734934	22.084191	19.571315	7.401144	-0.163202	10.799775	22.696637	19.200762	6.406353	-3.832511	-17.866877	-22.029168	0.549250	-22.558746	8.153801	3.167456	-4.957131	8.770659	0.548196	12.034127	-2.080359	14.962966	11.219638	-22.645140	-12.160237	-12.959048	0.947808	-23.391274	-18.565251	15.945263	12.023803	-13.209308	-14.362492	22.170772	7.347364	-12.189612	-8.021655	-15.597850	4.039815	-0.897741	17.162605	-2.991684	3.271025	-15.038832	-13.638069	
-20.873231	-8.359944	-9.508587	15.062664	20.217672	-19.202283	-3.529264	10.644318	16.901627	-8.599271	-11.762275	-9.468829	-6.605105	-17.431813	19.228149	-2.761818	-19.752858	-3.775575	-4.381759	2.224750	-5.283863	23.026712	-21.428338	-10.360305	-12.873594	3.108048	10.906062	-6.779557	4.204207	1.386514	-9.423418	23.632489	-9.252503	-22.679050	3.576552	3.965376	-21.370981	-14.334421	-21.743532	-6.484016	-16.720194	-22.617082	-11.139298	-7.033706	1.687958	17.789982	-4.776491	0.726955	4.049175	9.841240	
6.959497	3.851832	-2.094302	21.498858	20.346861	23.768090	-11.553164	-8.398342	-8.241240	14.707908	-9.554566	6.856088	-16.675636	8.040402	-0.962393	5.627113	-12.436510	9.725762	-19.602521	-0.136054	-18.602805	6.332268	-13.556412	12.740180	-23.586670	-2.959222	-11.953672	6.792747	-0.579664	-4.835497	-22.360400	4.493607	13.087026	-19.944258	-20.580621	17.140392	19.695986	19.743459	-4.773034	-4.266292	-24.036624	-10.573425	-16.547679	0.316138	9.732455	4.483676	-0.612320	-9.587296	16.109750	17.291359	
18.428767	3.299890	0.697867	-19.869716	-16.416928	-2.066865	1.335933	6.255516	-23.737090	-6.594496	-10.237778	22.466297	-18.365884	22.482410	20.899412	-0.536664	13.645353	10.324811	1.098410	-21.436366	3.397003	-17.539053	14.050341	-9.764206	-3.401336	-7.085856	5.492707	20.695336	-3.961615	-12.393862	8.192995	8.493857	16.972180	-20.053093	-20.583411	-16.795165	-21.144317	-5.291297	-7.612516	-9.647501	13.592501	-4.046372	7.753179	13.389593	-4.597147	3.699419	18.853751	-3.848436	12.261011	20.178225	
-14.196190	-11.562495	12.327056	3.336007	17.919755	7.985065	17.216830	21.256143	17.415836	19.260969	-3.832864	5.633123	-16.303195	19.922936	20.741350	15.742878	12.109897	-21.744517	-20.069993	10.737725	1.352012	2.682854	1.189401	4.556066	9.354336	13.042523	-10.866976	7.670478	4.159349	-8.291016	15.534219	7.243197	21.503851	-20.259635	20.552200	-4.206005	-21.739242	14.296816	-8.241495	5.034168	-7.935855	-14.716857	15.918551	-16.463310	-7.208765	18.036794	9.667228	-20.245022	-1.457000	8.532759	
-6.828470	4.658129	11.374056	-1.109347	4.816637	-14.380154	-1.308297	5.872648	13.838933	9.039149	17.408281	13.171112	-10.872033	4.555040	-16.810496	19.839007	-9.599118	7.650123	-19.030321	6.354744	-4.692195	11.272087	6.884220	3.890389	4.210145	18.435045	-16.139202	-7.187470	-14.494853	13.414021	-1.690839	17.068152	1.977397	-3.371391	12.737996	15.600273	-6.757651	19.496001	16.720495	11.300582	-14.913327	-17.281741	17.320830	-4.175896	18.673563	11.691380	9.114693	-13.678929	1.014146	7.781258	
-9.418150	-17.322828	18.614675	12.821991	-18.147748	0.422000	-18.972190	6.272296	7.371698	-15.083750	-10.208429	0.867257	13.511695	-4.652464	13.597581	3.057152	-8.577228	-13.257986	16.956004	-10.618116	-11.721248	11.424725	17.051365	12.298299	4.026496	-7.605743	2.456052	-19.089704	-9.750908	-16.879008	-5.753708	-15.835165	-18.549215	-5.223226	3.279813	10.329931	-7.548078	-9.691850	1.167252	9.335097	-1.444442	-15.048402	19.683354	-17.075681	2.577519	-2.210444	18.962721	-6.338654	-3.854371	5.008117	
-0.090160	-10.911751	18.151661	13.404354	13.959678	-20.582125	13.839093	25.854815	-2.580734	-13.641946	-12.280579	13.571696	-14.241244	18.512285	-5.679427	24.684590	-9.408736	25.658825	-17.103754	11.601033	21.559548	-13.608673	1.560150	1.043849	-1.434825	-7.579836	-4.475471	26.715364	4.059107	0.904727	-2.013103	-23.900082	-24.763924	-23.472138	-21.510003	0.170183	-0.600029	-23.450061	8.400408	21.232269	-14.856161	-23.618220	22.178438	-5.663529	-22.659032	26.171119	15.150580	-17.483321	-9.299008	-7.838329	
-8.309332	-26.014914	26.894849	-6.383083	-4.746294	13.834758	-12.457558	12.224962	4.806566	22.238294	-6.842183	20.841822	0.713440	8.458303	2.417318	-26.856795	13.579991	14.766654	8.616541	7.355295	-12.147521	-3.926548	9.515408	-27.241071	-2.941411	9.343283	16.223863	7.110178	10.979339	3.001422	-23.274092	26.340685	-1.349639	21.793639	1.722212	-27.775699	-8.447881	-8.621078	0.874308	25.520571	12.983181	-12.443962	16.708633	-0.860781	-17.832591	-13.687870	-3.892351	27.250832	-16.138915	0.612703	
9.805595	4.229697	-18.332628	3.481602	4.997813	-4.580538	-1.623096	14.978125	15.716575	-9.070680	-14.235983	-15.646616	-12.727363	5.795425	13.489516	-4.833401	1.153547	4.969170	-13.247801	19.865756	-19.353714	-14.355771	-2.132409	-6.469820	-4.371958	-2.177558	6.847130	-0.871617	-4.463546	-6.297468	-6.779861	16.980975	3.019458	7.972609	-15.912642	-9.393723	6.976240	-9.366400	19.901107	15.243958	17.650089	-6.002033	9.626395	-1.029243	-14.370097	19.215875	3.632170	18.431915	-9.343213	-12.908960	
-16.320165	8.386231	-16.972684	13.156591	-10.344716	18.424873	8.235135	-4.692856	7.839587	21.088083	4.446431	4.725241	-11.620169	21.149445	0.789689	1.219254	9.684411	-5.411818	-7.117546	11.089423	13.704216	19.756204	-19.815946	-20.641246	12.814989	-18.872357	20.625400	3.093553	13.310238	-5.172132	13.708113	-14.739712	22.935565	-8.683965	-13.755359	-14.798130	8.591550	11.291177	22.141299	-18.907870	-22.618520	10.764745	-20.273596	-8.693313	10.628761	-7.175184	-15.113134	-21.010836	22.003466	11.140444	
-20.478562	0.007857	4.693180	-14.336968	3.965636	-9.998420	13.427173	10.536534	19.594165	11.424264	-4.181649	5.084998	-16.091252	-4.837626	-18.215837	-11.923756	-19.734416	14.913509	7.271018	-16.362465	20.351158	0.933101	-1.560165	0.792113	-15.880086	-2.265026	-5.877320	20.360861	9.382208	-13.085065	21.872010	-6.090682	7.739197	-1.882561	-16.566162	1.378753	2.046845	-11.771624	-11.577321	10.013479	21.593734	-2.986847	7.501534	7.789629	-21.037137	3.970523	3.350582	19.892725	-20.151589	1.382689	
-9.630156	-16.256027	-24.562440	-16.557589	17.874865	-7.633576	13.979017	4.936086	-2.071677	-2.428568	19.455759	-11.126646	-9.642658	-1.519345	19.974927	-21.291539	24.565528	-5.167201	1.431148	-26.018439	5.369930	-22.813678	-18.992621	-9.346464	-24.701399	-3.061524	6.556126	8.837784	-19.231338	6.980687	24.193634	-24.573374	-4.832675	-19.780268	-11.528741	-23.569689	-14.953290	-16.582586	-13.188629	-21.548270	8.001282	-16.776200	-19.384773	5.806645	-10.213625	9.859043	6.779631	-2.337908	-0.930477	25.711834	
4.969830	-13.466008	14.376769	7.704556	-24.062755	-12.715625	-8.487824	10.516648	-8.128504	20.285970	-15.685367	6.131247	-18.768462	12.798095	7.877914	1.029638	-17.898245	2.834053	22.136335	-11.953927	14.238301	-0.556692	2.049650	18.218640	-15.288441	16.183904	15.153493	14.020078	3.090088	-17.353599	-23.098019	-16.228909	14.966121	-9.843865	14.168050	16.614986	-16.599831	-7.887137	-2.466783	16.841488	17.296639	18.000044	-16.778721	16.298095	12.136843	-19.602704	-7.865101	21.939518	6.170610	-13.969783	
4.545868	-15.149908	-12.778764	-4.692012	-5.878627	0.592950	-24.235029	-9.462435	22.498322	-3.501718	10.776681	-17.680346	-19.987754	6.010041	16.096684	4.020872	8.938085	-14.226351	-16.884407	-20.472130	12.616305	18.930290	24.846311	3.951242	9.130692	-7.497350	-6.108341	-18.261957	16.131941	-20.972620	-8.389668	-24.744113	-23.009122	-15.284321	22.803925	6.502380	-14.646597	-18.101382	16.821689	-11.821353	4.486005	0.480770	26.216741	19.245689	-17.315803	17.889614	8.791404	22.748456	-0.260835	1.993652	
0.032997	0.032454	0.011283	0.033011	0.006714	0.025468	0.002994	0.009623	0.031249	0.013851	0.028750	0.036421	0.032914	0.003946	0.035867	0.003727	0.035691	0.007197	0.028252	0.014387	0.002293	0.034214	0.008921	0.002330	0.019966	0.026655	0.034457	0.020769	0.033915	0.006195	0.032615	0.016128	0.026455	0.027818	0.005758	0.023448	0.029700	0.014800	0.010426	0.028443	0.022253	0.011438	0.016532	0.029757	0.006413	0.007335	0.019449	0.017661	0.008796	0.028266	
0.006528	0.000251	0.043294	0.015239	0.039565	0.040009	0.015143	0.001491	0.044390	0.041165	0.009495	0.002826	0.029926	0.036600	0.043351	0.009487	0.002836	0.004996	0.038233	0.021315	0.011643	0.017982	0.005329	0.022839	0.001421	0.007280	0.021547	0.004109	0.033350	0.002467	0.020104	0.004165	0.033965	0.022863	0.014077	0.036146	0.020073	0.021605	0.027318	0.038998	0.008565	0.016691	0.021605	0.012848	0.045160	0.011730	0.011735	0.019601	0.026531	0.012111	
0.020193	0.008963	0.004536	0.032892	0.031391	0.014311	0.041368	0.005468	0.000552	0.011909	0.021135	0.008170	0.026655	0.005487	0.018311	0.020555	0.021067	0.026237	0.012037	0.015911	0.039723	0.030201	0.008735	0.040752	0.012315	0.037034	0.040617	0.023242	0.012997	0.009181	0.037150	0.021503	0.001631	0.012273	0.040997	0.032390	0.037360	0.024362	0.000315	0.040625	0.013266	0.024712	0.008769	0.014158	0.006622	0.023638	0.005760	0.039809	0.004630	0.008087	
0.004540	0.002752	0.027527	0.006263	0.013836	0.034326	0.014293	0.008736	0.031247	0.030796	0.024081	0.033825	0.017007	0.036481	0.010717	0.027997	0.001459	0.007885	0.025969	0.006421	0.006689	0.004354	0.028053	0.027740	0.015330	0.030528	0.004418	0.010449	0.034642	0.037567	0.001247	0.036073	0.021748	0.027070	0.026914	0.005621	0.029000	0.013170	0.013653	0.020190	0.027245	0.036997	0.029420	0.014504	0.029111	0.018644	0.003480	0.028287	0.021626	0.030072	
0.014403	0.034750	0.019273	0.012955	0.013297	0.025933	0.032060	0.005927	0.031641	0.024414	0.024480	0.015449	0.013357	0.014268	0.020156	0.021280	0.027708	0.004690	0.004530	0.010362	0.010683	0.013849	0.029089	0.012746	0.028974	0.028248	0.015289	0.009280	0.015497	0.035598	0.019288	0.027207	0.003000	0.027935	0.002111	0.021892	0.019119	0.034867	0.019826	0.030921	0.014551	0.005553	0.031820	0.000113	0.016394	0.027763	0.032007	0.023175	0.036447	0.035822	
0.006622	0.016796	0.046902	0.020278	0.014554	0.026315	0.004413	0.018890	0.007077	0.019118	0.014438	0.041090	0.000657	0.011611	0.006849	0.016543	0.014351	0.046384	0.021409	0.017634	0.026801	0.010438	0.010951	0.040289	0.008033	0.003889	0.011179	0.030948	0.001883	0.018511	0.035976	0.023163	0.004339	0.037038	0.031351	0.040981	0.020676	0.010060	0.039640	0.005649	0.044623	0.046545	0.030880	0.038996	0.010969	0.028417	0.005575	0.001366	0.006218	0.002688	
0.018951	0.020159	0.034340	0.011052	0.005594	0.025055	0.022301	0.031964	0.006200	0.031157	0.031555	0.012196	0.019738	0.006716	0.033608	0.013272	0.033989	0.026098	0.035686	0.017651	0.007444	0.027738	0.009696	0.002473	0.013747	0.021832	0.035050	0.001260	0.032192	0.012276	0.013127	0.034654	0.033916	0.009786	0.034446	0.030175	0.012243	0.006523	0.007765	0.034911	0.004334	0.028390	0.030233	0.026360	0.002735	0.000750	0.036509	0.029133	0.013051	0.009970	
0.024454	0.011259	0.027916	0.020565	0.035745	0.006480	0.011689	0.036024	0.023879	0.001991	0.012609	0.003246	0.011201	0.000951	0.007457	0.010872	0.004536	0.034444	0.009112	0.008597	0.016828	0.006660	0.029759	0.025825	0.032055	0.012109	0.032154	0.031379	0.029316	0.032071	0.009347	0.029908	0.028459	0.034274	0.006589	0.032656	0.030546	0.036774	0.028044	0.010866	0.025816	0.002629	0.027922	0.000132	0.013716	0.020101	0.032546	0.021309	0.034477	0.022703	
0.017755	0.014478	0.000672	0.023512	0.029415	0.016538	0.003582	0.021604	0.029927	0.021300	0.025269	0.031412	0.032878	0.036069	0.014110	0.028152	0.005692	0.012153	0.009887	0.024880	0.034873	0.009027	0.033937	0.035447	0.025724	0.008995	0.025796	0.020955	0.007878	0.006448	0.035274	0.001195	0.034581	0.019222	0.031079	0.025164	0.035178	0.025396	0.008192	0.033113	0.009715	0.036439	0.019352	0.002814	0.019963	0.033377	0.012156	0.004093	0.001808	0.003527	
0.013873	0.031076	0.006403	0.036833	0.016216	0.001680	0.021755	0.037214	0.029459	0.024429	0.025290	0.004715	0.027097	0.020939	0.025092	0.039082	0.021486	0.015731	0.024033	0.025592	0.006993	0.018839	0.028518	0.011275	0.001289	0.028377	0.026546	0.009543	0.006584	0.017445	0.025504	0.019783	0.035158	0.018970	0.021310	0.006547	0.031006	0.004702	0.036162	0.011948	0.009139	0.019368	0.008859	0.013220	0.010535	0.025534	0.023586	0.002471	0.038612	0.034181	
0.028250	0.008571	0.009001	0.005705	0.003435	0.003054	0.023466	0.038558	0.028525	0.032476	0.035247	0.022589	0.033707	0.037004	0.010085	0.023318	0.010647	0.032785	0.040016	0.032199	0.013645	0.018407	0.028093	0.022653	0.037418	0.001793	0.025234	0.027694	0.024794	0.017607	0.000891	0.028483	0.011630	0.010945	0.028847	0.013892	0.016895	0.033093	0.016803	0.018070	0.015992	0.031128	0.001885	0.011536	0.002786	0.033323	0.029598	0.013467	0.003658	0.001103	
0.014950	0.001569	0.014004	0.037629	0.010139	0.019964	0.020014	0.017036	0.029248	0.031821	0.011923	0.037471	0.029040	0.009304	0.007262	0.001808	0.034022	0.025711	0.018308	0.023469	0.041501	0.023550	0.018647	0.024990	0.002849	0.005557	0.039047	0.037405	0.025100	0.023938	0.001723	0.032295	0.032564	0.018689	0.012805	0.036316	0.000569	0.005969	0.029140	0.024153	0.012658	0.001256	0.031729	0.028149	0.003398	0.035762	0.002162	0.008836	0.016944	0.027608	
0.022513	0.026084	0.030855	0.007144	0.024257	0.002625	0.007045	0.008643	0.024045	0.034248	0.035968	0.017361	0.000139	0.020532	0.012779	0.027556	0.017282	0.019387	0.008437	0.021513	0.010533	0.008382	0.007686	0.010067	0.023655	0.036187	0.021704	0.004917	0.033399	0.032953	0.011780	0.025489	0.033012	0.015686	0.004355	0.029775	0.013456	0.032084	0.026860	0.007365	0.000164	0.031617	0.018117	0.025626	0.027747	0.021447	0.033314	0.031487	0.019047	0.033678	
0.015454	0.020902	0.017399	0.024898	0.017921	0.013092	0.040220	0.018183	0.024255	0.009116	0.000634	0.041714	0.028507	0.009524	0.034404	0.038216	0.033643	0.032585	0.017285	0.018774	0.008781	0.035875	0.011654	0.026556	0.006967	0.042274	0.015779	0.033173	0.001892	0.036414	0.021473	0.000215	0.017632	0.008150	0.023473	0.021422	0.007951	0.038177	0.028096	0.011434	0.005397	0.005991	0.028145	0.029263	0.023320	0.007651	0.002320	0.001239	0.026201	0.016362	
0.017807	0.011788	0.033494	0.013121	0.013389	0.022843	0.008843	0.031456	0.019221	0.015715	0.037607	0.030217	0.028058	0.026124	0.024383	0.006337	0.034117	0.019152	0.021288	0.016923	0.002901	0.026627	0.026936	0.024236	0.006618	0.024910	0.024274	0.015406	0.019678	0.034656	0.019422	0.023388	0.009559	0.016519	0.004851	0.007165	0.034805	0.016995	0.028342	0.019166	0.001224	0.015635	0.020859	0.020361	0.004090	0.012785	0.036574	0.030832	0.034961	0.004343	
0.013353	0.025921	0.032886	0.021425	0.019641	0.018126	0.028653	0.032924	0.023635	0.005508	0.031067	0.013546	0.006258	0.018454	0.003222	0.032707	0.027377	0.021882	0.017784	0.012941	0.000193	0.019373	0.025651	0.015342	0.027132	0.033369	0.031421	0.004079	0.015041	0.017496	0.032650	0.030676	0.013471	0.020900	0.032016	0.008026	0.027606	0.026909	0.027022	0.007630	0.006649	0.021048	0.022525	0.033229	0.021147	0.017736	0.007152	0.031775	0.002623	0.012802	
0.037834	0.014214	0.017530	0.030860	0.029950	0.020000	0.010957	0.026563	0.022768	0.009582	0.013995	0.030230	0.033649	0.029993	0.003516	0.019505	0.011764	0.027149	0.022732	0.002223	0.017387	0.029080	0.025047	0.035538	0.020699	0.009151	0.010711	0.019228	0.021495	0.021379	0.001226	0.024897	0.031137	0.033042	0.028275	0.026995	0.014248	0.008461	0.026384	0.001034	0.003856	0.030367	0.012271	0.027606	0.035296	0.024052	0.010607	0.025410	0.007174	0.002936	
0.005561	0.036008	0.030114	0.036155	0.037667	0.023156	0.009158	0.000423	0.036199	0.016968	0.012703	0.019140	0.024621	0.005438	0.018390	0.016197	0.002906	0.031337	0.013416	0.020905	0.032838	0.040133	0.018060	0.024574	0.004869	0.005827	0.012425	0.029115	0.006124	0.007000	0.010762	0.020464	0.013030	0.018148	0.014068	0.000538	0.015693	0.032429	0.019277	0.012463	0.029513	0.036484	0.040886	0.025650	0.026496	0.037304	0.025665	0.013478	0.000343	0.029879	
0.028396	0.013262	0.029284	0.025871	0.012351	0.000168	0.017150	0.009221	0.011393	0.024458	0.032742	0.030048	0.002994	0.025108	0.012651	0.015726	0.011260	0.031722	0.022286	0.000893	0.004962	0.029869	0.035124	0.019182	0.032339	0.012030	0.001601	0.009892	0.008128	0.035613	0.018425	0.020866	0.026388	0.020250	0.010371	0.035359	0.031219	0.024744	0.033553	0.028192	0.010546	0.011564	0.018812	0.022881	0.016632	0.028758	0.033404	0.032965	0.014384	0.014960	
0.003656	0.006483	0.019354	0.009072	0.003420	0.012154	0.006435	0.037297	0.012851	0.004980	0.000638	0.030398	0.022557	0.006958	0.001420	0.014303	0.030209	0.024261	0.024449	0.034609	0.027997	0.006465	0.038036	0.018772	0.026055	0.030537	0.022225	0.031996	0.021347	0.013960	0.036047	0.028206	0.012390	0.019692	0.017394	0.018701	0.014444	0.026716	0.013593	0.004427	0.008149	0.033902	0.036652	0.026015	0.019974	0.037910	0.037855	0.028483	0.001861	0.034695	
0.005747	0.000128	0.019357	0.000067	0.024535	0.032075	0.021070	0.023659	0.007563	0.005669	0.032064	0.018930	0.003499	0.015535	0.028121	0.007063	0.022028	0.020721	0.022715	0.031680	0.010974	0.024069	0.019784	0.025042	0.012022	0.017199	0.035990	0.036423	0.023346	0.026639	0.031517	0.025391	0.030435	0.034563	0.008148	0.037964	0.017911	0.005660	0.016462	0.026344	0.018876	0.001306	0.016409	0.028498	0.017774	0.027007	0.018270	0.016254	0.013981	0.033518	
0.012984	0.022219	0.025792	0.002833	0.015348	0.011895	0.012997	0.014193	0.038317	0.009311	0.024786	0.027900	0.005594	0.026477	0.025631	0.018797	0.010560	0.030321	0.020596	0.012370	0.003521	0.032468	0.004737	0.037752	0.015428	0.021369	0.021824	0.006555	0.002441	0.026627	0.019439	0.007791	0.036698	0.027024	0.029134	0.029991	0.023920	0.002107	0.038161	0.034781	0.003949	0.011863	0.029067	0.005592	0.023079	0.024075	0.037777	0.036882	0.015610	0.021418	
0.006406	0.017548	0.024249	0.010444	0.018854	0.024424	0.008401	0.012663	0.038897	0.007773	0.032163	0.039307	0.021019	0.004863	0.032852	0.016084	0.033722	0.026395	0.015664	0.023126	0.002865	0.011890	0.005100	0.005151	0.027006	0.045720	0.016681	0.014147	0.046027	0.009302	0.031690	0.024655	0.015197	0.004363	0.012562	0.006082	0.002108	0.000793	0.001945	0.017665	0.036392	0.036416	0.017095	0.021388	0.007513	0.030204	0.036130	0.044018	0.042582	0.012461	
0.011490	0.035706	0.027633	0.007412	0.025536	0.036321	0.013866	0.033809	0.027499	0.004938	0.024560	0.012740	0.026387	0.014454	0.003798	0.021795	0.024989	0.004969	0.012876	0.038266	0.003070	0.018224	0.019744	0.027462	0.017714	0.015513	0.019774	0.010774	0.006085	0.031350	0.023164	0.003338	0.038263	0.022856	0.007041	0.030714	0.022377	0.013435	0.015193	0.024890	0.031317	0.033015	0.018701	0.020986	0.006045	0.022452	0.004212	0.038841	0.036230	0.008171	
0.010976	0.039990	0.007426	0.016388	0.024936	0.033793	0.017389	0.020657	0.039721	0.027961	0.024381	0.035729	0.009243	0.018570	0.037422	0.002058	0.000982	0.024275	0.013134	0.040231	0.028801	0.021192	0.039340	0.031248	0.012549	0.013878	0.034108	0.002170	0.037604	0.033263	0.006889	0.001041	0.012998	0.003234	0.002035	0.030202	0.002264	0.014596	0.027170	0.029381	0.025993	0.039143	0.002695	0.004800	0.033361	0.004072	0.004657	0.001531	0.040519	0.014007	
0.003819	0.017862	0.020659	0.020262	0.022468	0.011909	0.023819	0.011484	0.009247	0.033931	0.016058	0.009620	0.035478	0.023564	0.034086	0.029514	0.015983	0.002601	0.032416	0.025185	0.035304	0.004150	0.017485	0.010830	0.016514	0.012978	0.017407	0.032234	0.010874	0.009828	0.035593	0.031315	0.014192	0.025034	0.029369	0.001844	0.026615	0.009871	0.004811	0.026979	0.022523	0.019510	0.034846	0.019936	0.020546	0.021350	0.022326	0.015580	0.026509	0.023684	
0.037248	0.004669	0.010544	0.002706	0.006257	0.029030	0.023310	0.031627	0.037696	0.007525	0.018132	0.031364	0.007664	0.029624	0.016329	0.016900	0.001920	0.007425	0.030183	0.015139	0.034220	0.030163	0.007400	0.036466	0.023289	0.013036	0.014392	0.004452	0.028331	0.026400	0.029247	0.015455	0.008540	0.023611	0.022120	0.019166	0.008707	0.010202	0.029500	0.009611	0.012539	0.036697	0.014007	0.014343	0.016842	0.026774	0.029249	0.041764	0.014070	0.034117	
0.040951	0.011665	0.007055	0.018774	0.000368	0.013324	0.040058	0.027794	0.036026	0.015397	0.023136	0.037831	0.017340	0.006187	0.005016	0.022973	0.024181	0.007351	0.020360	0.003414	0.027267	0.015507	0.013554	0.026991	0.039975	0.023297	0.003546	0.028491	0.029638	0.010578	0.039317	0.018393	0.013210	0.033141	0.016474	0.003992	0.039627	0.023980	0.001918	0.020527	0.015616	0.007592	0.010604	0.034558	0.003535	0.036194	0.036851	0.003346	0.019941	0.023138	
0.020547	0.013204	0.025292	0.031052	0.012228	0.032839	0.007363	0.027537	0.017737	0.020224	0.030466	0.027111	0.007400	0.017488	0.004397	0.021876	0.013345	0.000749	0.027493	0.035237	0.035184	0.033413	0.013526	0.013703	0.022501	0.034979	0.016689	0.007329	0.010899	0.002306	0.027880	0.031983	0.030653	0.030664	0.013246	0.023154	0.025572	0.029014	0.027758	0.024748	0.006833	0.030534	0.019106	0.015842	0.016661	0.006830	0.007475	0.005566	0.024122	0.018242	
0.029832	0.010904	0.030132	0.012542	0.014063	0.036633	0.021162	0.027279	0.005985	0.014411	0.004183	0.006289	0.007402	0.021979	0.033488	0.029792	0.036130	0.019216	0.033515	0.004884	0.001736	0.017260	0.038881	0.002036	0.034008	0.033633	0.009072	0.021835	0.035110	0.031117	0.021050	0.021094	0.020122	0.014896	0.002446	0.014430	0.022751	0.030341	0.014035	0.012487	0.031030	0.038325	0.016532	0.040713	0.036252	0.017032	0.007292	0.000697	0.001780	0.012188	
0.036031	0.000192	0.035765	0.015602	0.017617	0.034738	0.027058	0.035646	0.000087	0.025211	0.007589	0.024882	0.016685	0.002835	0.007359	0.023441	0.034472	0.025595	0.032644	0.010957	0.034980	0.030956	0.003581	0.021768	0.025651	0.018734	0.013624	0.015560	0.002288	0.035666	0.016015	0.012957	0.013604	0.026866	0.027835	0.009558	0.027107	0.027132	0.027604	0.021422	0.029039	0.021178	0.010878	0.021655	0.006187	0.021378	0.020783	0.003166	0.004979	0.033443	
0.039197	0.022380	0.014458	0.015613	0.016554	0.004805	0.023647	0.029563	0.015655	0.021631	0.027446	0.020048	0.010770	0.029499	0.027586	0.013557	0.028754	0.011603	0.014992	0.023626	0.027769	0.017303	0.025607	0.031740	0.035999	0.007607	0.032721	0.004037	0.025748	0.018596	0.014840	0.011791	0.003974	0.026910	0.000190	0.034480	0.030244	0.018813	0.001152	0.002689	0.008883	0.000005	0.029776	0.034666	0.007194	0.035763	0.033144	0.029080	0.000584	0.037309	
0.013924	0.038372	0.014726	0.005249	0.034985	0.018509	0.041958	0.020931	0.032690	0.015596	0.019245	0.037269	0.027032	0.041759	0.000339	0.006612	0.013865	0.017498	0.041048	0.029764	0.034082	0.030753	0.017547	0.010800	0.004550	0.037498	0.032604	0.009638	0.013596	0.041287	0.006631	0.008231	0.004613	0.014126	0.011081	0.033234	0.034022	0.017152	0.033707	0.001754	0.023188	0.004760	0.011157	0.008137	0.017022	0.002887	0.028661	0.006932	0.005875	0.023101	
0.010752	0.027195	0.024396	0.028356	0.034393	0.004863	0.031858	0.014036	0.036528	0.014178	0.023597	0.039002	0.023780	0.008511	0.028825	0.011014	0.033539	0.023002	0.011547	0.026547	0.002325	0.026055	0.017490	0.004472	0.019288	0.028279	0.019494	0.032359	0.016616	0.034071	0.024461	0.005034	0.024898	0.021814	0.029547	0.005957	0.000604	0.019048	0.025873	0.010167	0.016746	0.001956	0.038356	0.025864	0.035452	0.008946	0.006233	0.020092	0.021539	0.001044	
0.036321	0.031668	0.025373	0.028039	0.019577	0.009069	0.013596	0.022509	0.014760	0.034157	0.028798	0.024425	0.023297	0.032457	0.031675	0.010813	0.031844	0.000198	0.031984	0.032494	0.023668	0.014242	0.018206	0.018362	0.023597	0.021025	0.003158	0.009942	0.019560	0.016971	0.038195	0.024265	0.016964	0.006125	0.021329	0.031767	0.012322	0.000109	0.001575	0.018733	0.025411	0.034470	0.009147	0.015659	0.036037	0.001476	0.028779	0.000722	0.001817	0.023311	
0.016588	0.022471	0.018935	0.006814	0.003264	0.015953	0.003609	0.039236	0.047150	0.047476	0.007798	0.042703	0.033384	0.035461	0.025279	0.002163	0.038015	0.013550	0.019480	0.032822	0.000056	0.019163	0.036924	0.009899	0.017838	0.031549	0.028178	0.030448	0.025173	0.003782	0.013273	0.043724	0.040073	0.009630	0.014832	0.038330	0.007656	0.001235	0.014537	0.020999	0.006889	0.009250	0.002455	0.003406	0.016162	0.020336	0.002796	0.018515	0.018021	0.022720	
0.010354	0.036928	0.004423	0.002841	0.016730	0.015766	0.038901	0.032687	0.032035	0.026629	0.008764	0.021243	0.007004	0.019436	0.027567	0.038866	0.006078	0.021198	0.036844	0.007438	0.005078	0.023314	0.005772	0.020387	0.020816	0.026860	0.018195	0.021312	0.002306	0.031432	0.014398	0.038317	0.027339	0.021738	0.028485	0.029504	0.020891	0.026818	0.000574	0.036521	0.002416	0.011249	0.000186	0.013190	0.013516	0.036440	0.022009	0.014646	0.026994	0.027565	
0.011467	0.037581	0.039360	0.036017	0.030085	0.018331	0.020079	0.006766	0.020307	0.026699	0.009064	0.026525	0.001331	0.039577	0.002701	0.013023	0.017340	0.005953	0.033617	0.003535	0.019126	0.031792	0.021345	0.007444	0.009240	0.038184	0.035936	0.039962	0.036453	0.015406	0.008232	0.003292	0.037020	0.001035	0.010230	0.034569	0.015887	0.013350	0.025700	0.007039	0.015906	0.019562	0.003677	0.032053	0.013470	0.021562	0.029633	0.002078	0.017132	0.034327	
0.007639	0.040918	0.001500	0.003910	0.026915	0.018976	0.041958	0.000690	0.007163	0.019967	0.014929	0.030054	0.040801	0.024206	0.017850	0.033899	0.005972	0.022884	0.041364	0.004248	0.028888	0.012864	0.018768	0.031799	0.006294	0.030711	0.006806	0.022970	0.036281	0.009342	0.020893	0.028057	0.004684	0.017518	0.028067	0.025115	0.011207	0.013173	0.012812	0.022662	0.032434	0.026470	0.009573	0.019701	0.023291	0.027967	0.013577	0.002219	0.027067	0.022943	
0.017211	0.037368	0.023010	0.001738	0.035230	0.028858	0.039449	0.024436	0.023267	0.035972	0.014354	0.039978	0.027935	0.013670	0.011985	0.004795	0.033776	0.017334	0.000301	0.039184	0.013499	0.027352	0.035979	0.024372	0.012403	0.023988	0.003949	0.000005	0.031441	0.001583	0.006153	0.025427	0.006502	0.032168	0.039413	0.018996	0.021182	0.021571	0.011794	0.023070	0.036236	0.010703	0.023061	0.013512	0.021126	0.004579	0.000706	0.015833	0.007515	0.016032	
0.039217	0.030786	0.021249	0.027912	0.007505	0.000053	0.004003	0.033651	0.033115	0.028777	0.013330	0.040151	0.023830	0.010075	0.030813	0.003292	0.018091	0.022119	0.009321	0.015113	0.027991	0.008676	0.000939	0.000526	0.035044	0.029604	0.013197	0.023691	0.006056	0.012814	0.041340	0.032760	0.040936	0.034408	0.020652	0.023999	0.021669	0.001718	0.018972	0.040845	0.002426	0.020187	0.001776	0.004682	0.000524	0.035989	0.038740	0.016180	0.006600	0.024658	
0.004813	0.021039	0.040054	0.011193	0.018163	0.030030	0.017597	0.003223	0.025789	0.038763	0.014276	0.028834	0.003857	0.015365	0.004003	0.025181	0.024050	0.018823	0.001259	0.004559	0.010100	0.008969	0.035586	0.015366	0.020398	0.009959	0.040984	0.005911	0.040325	0.032919	0.016089	0.025444	0.011861	0.037388	0.038106	0.005806	0.024700	0.033120	0.032337	0.017560	0.017610	0.026773	0.017476	0.019152	0.008636	0.002189	0.028243	0.036862	0.019280	0.009978	
0.027792	0.007420	0.011572	0.021607	0.026515	0.000555	0.026180	0.011392	0.025297	0.025729	0.030109	0.024078	0.004370	0.016756	0.030576	0.028676	0.023715	0.027765	0.024377	0.021697	0.025542	0.010960	0.009538	0.022490	0.016718	0.005461	0.000853	0.030171	0.031139	0.025480	0.020277	0.028768	0.035587	0.006814	0.024752	0.009873	0.031345	0.020146	0.000015	0.031797	0.013966	0.023184	0.024251	0.012550	0.005992	0.010198	0.018556	0.031032	0.025614	0.030753	
0.003711	0.022027	0.030583	0.025106	0.005920	0.006757	0.029954	0.009483	0.005078	0.013701	0.002608	0.019341	0.017629	0.033394	0.027576	0.035076	0.036382	0.018917	0.019564	0.002644	0.018457	0.012247	0.011487	0.025636	0.009186	0.026413	0.022927	0.031148	0.026229	0.019900	0.020205	0.020584	0.002530	0.032143	0.035361	0.030530	0.033476	0.035353	0.014247	0.031731	0.028361	0.032710	0.021270	0.008133	0.012747	0.000859	0.015747	0.020864	0.000856	0.033212	
0.010846	0.019410	0.011207	0.004799	0.025128	0.028375	0.002260	0.034540	0.017568	0.007612	0.019423	0.003339	0.039136	0.035256	0.006389	0.003656	0.009221	0.030861	0.034879	0.039215	0.015445	0.005534	0.007569	0.016233	0.018965	0.007828	0.004707	0.029505	0.033391	0.004998	0.021194	0.029953	0.008285	0.031545	0.018506	0.031617	0.035738	0.039981	0.020059	0.038680	0.037111	0.017994	0.011413	0.012515	0.020960	0.015290	0.009578	0.005848	0.033426	0.033009	
0.016114	0.018567	0.028368	0.015510	0.033295	0.009107	0.008017	0.041016	0.018844	0.015398	0.008339	0.019530	0.010207	0.019933	0.026175	0.021507	0.001402	0.006734	0.017140	0.018540	0.007062	0.019936	0.031166	0.020610	0.028879	0.025368	0.031606	0.009736	0.035560	0.011675	0.026352	0.010238	0.011895	0.031607	0.021906	0.013272	0.020865	0.007169	0.017473	0.006111	0.025662	0.037695	0.000436	0.040985	0.024483	0.014660	0.030670	0.022714	0.032972	0.027493	
0.039104	0.038586	0.028627	0.016050	0.010089	0.017548	0.027585	0.023040	0.000437	0.021296	0.005311	0.013995	0.018858	0.004633	0.020846	0.016560	0.015065	0.008460	0.039371	0.010624	0.039309	0.014590	0.002532	0.035320	0.020125	0.005033	0.002847	0.035620	0.009513	0.034637	0.006639	0.039546	0.027085	0.018797	0.031306	0.032917	0.002280	0.012250	0.010760	0.024052	0.022453	0.029497	0.035500	0.004790	0.011322	0.016087	0.032114	0.040237	0.021115	0.005641	
0.005415	0.009409	0.012238	0.011840	0.028882	0.021020	0.006489	0.009728	0.002557	0.004548	0.011034	0.004989	0.038630	0.034811	0.009496	0.013708	0.033156	0.030930	0.031060	0.013956	0.022127	0.040528	0.018286	0.040572	0.028262	0.013172	0.014615	0.035352	0.007705	0.015783	0.024525	0.027675	0.025471	0.038478	0.029866	0.029729	0.031895	0.009720	0.014809	0.022593	0.002189	0.000439	0.038059	0.013518	0.009951	0.013270	0.039589	0.027966	0.021089	0.008872	
0.005290	0.011148	0.026601	0.013292	0.012300	0.021517	0.030396	0.024381	0.007744	0.019388	0.031042	0.004096	0.024408	0.007454	0.018828	0.013107	0.020678	0.030146	0.015124	0.027802	0.014877	0.014334	0.011299	0.022415	0.032116	0.020888	0.035336	0.035384	0.016206	0.035654	0.005840	0.029932	0.032189	0.025706	0.034023	0.017836	0.011204	0.020449	0.020294	0.017042	0.011411	0.007545	0.010639	0.002424	0.028575	0.034735	0.037914	0.033307	0.005579	0.010104	
0.032730	0.021241	0.012185	0.015199	0.019038	0.041863	0.000446	0.028477	0.033817	0.007566	0.011102	0.018064	0.039841	0.016211	0.012630	0.041508	0.036221	0.002970	0.000439	0.018593	0.020189	0.031905	0.011400	0.012112	0.028263	0.034214	0.011647	0.020801	0.026982	0.027167	0.004825	0.020657	0.000005	0.019541	0.011073	0.014830	0.011428	0.020155	0.023566	0.024818	0.034397	0.026398	0.014448	0.005966	0.021394	0.041664	0.010301	0.021283	0.036048	0.002381	
0.013645	0.039906	0.028122	0.023696	0.009172	0.023857	0.001731	0.015052	0.017537	0.011221	0.024673	0.042409	0.037923	0.029760	0.025802	0.008557	0.031650	0.004796	0.013643	0.006395	0.002091	0.023189	0.032634	0.010795	0.025552	0.010781	0.007245	0.016027	0.020919	0.004504	0.039609	0.029237	0.021729	0.011529	0.041726	0.023562	0.022286	0.028522	0.025016	0.014282	0.014212	0.021335	0.031804	0.017859	0.019250	0.002284	0.007347	0.039345	0.015668	0.010115	
0.029725	0.030905	0.032103	0.010665	0.016970	0.032336	0.033647	0.034940	0.011622	0.032742	0.010561	0.013917	0.003410	0.017997	0.002194	0.038891	0.000225	0.007857	0.022167	0.000315	0.025629	0.035210	0.021591	0.039474	0.006909	0.027148	0.017985	0.019711	0.015788	0.004232	0.036564	0.037989	0.015800	0.006994	0.034877	0.006332	0.022800	0.020853	0.008104	0.014431	0.033615	0.005666	0.023245	0.009309	0.029649	0.003607	0.020081	0.017255	0.036459	0.019506	
0.014100	0.036379	0.019389	0.007035	0.020845	0.002396	0.009250	0.035328	0.006109	0.036882	0.030002	0.011610	0.036255	0.011050	0.038848	0.025131	0.016991	0.030555	0.034927	0.033439	0.000254	0.005601	0.020293	0.003920	0.000310	0.034968	0.015162	0.025992	0.013195	0.032959	0.019936	0.020533	0.039006	0.037494	0.013896	0.008895	0.008749	0.003046	0.027659	0.016736	0.002945	0.022061	0.001618	0.037222	0.008483	0.007904	0.006968	0.039776	0.030867	0.037034	
0.037106	0.008241	0.034636	0.021564	0.015616	0.029854	0.014579	0.037783	0.015774	0.020179	0.018340	0.016843	0.005353	0.036799	0.025152	0.033132	0.020613	0.027965	0.023443	0.015650	0.018052	0.009473	0.011535	0.019753	0.036505	0.012629	0.037390	0.016650	0.034301	0.020895	0.004197	0.030166	0.035492	0.002766	0.006873	0.018885	0.022361	0.009637	0.003688	0.010359	0.028379	0.018167	0.016782	0.028207	0.028072	0.006691	0.006817	0.002907	0.020770	0.022980	
0.016683	0.022352	0.030939	0.024235	0.024082	0.024236	0.002540	0.013567	0.008850	0.001262	0.029931	0.036677	0.016309	0.027769	0.009202	0.035662	0.012199	0.006281	0.033246	0.034367	0.023883	0.006349	0.022094	0.005175	0.015392	0.020691	0.030690	0.036089	0.006434	0.008166	0.035693	0.030655	0.006653	0.008481	0.018701	0.019343	0.024387	0.014998	0.021147	0.014323	0.035621	0.036316	0.028262	0.029331	0.009926	0.011507	0.023110	0.001413	0.015285	0.029496	
0.032660	0.012951	0.035960	0.020280	0.023232	0.021937	0.019434	0.014984	0.019351	0.024386	0.027369	0.008499	0.004212	0.012224	0.030371	0.025391	0.008811	0.023861	0.011209	0.020828	0.031032	0.025600	0.006558	0.021733	0.020630	0.021689	0.030787	0.036446	0.023863	0.020426	0.024169	0.020382	0.006385	0.024973	0.024360	0.009357	0.003278	0.037519	0.033040	0.019756	0.004590	0.031021	0.001115	0.021884	0.008512	0.007710	0.037146	0.011570	0.000390	0.036125	
0.019144	0.030240	0.031189	0.036555	0.002609	0.004889	0.016382	0.028098	0.016180	0.009309	0.003333	0.018794	0.012141	0.000855	0.030117	0.035832	0.009448	0.025407	0.027374	0.016117	0.030160	0.016281	0.038834	0.016124	0.009224	0.002094	0.029651	0.009429	0.013211	0.032786	0.019721	0.019067	0.036469	0.037185	0.007980	0.024777	0.015362	0.015735	0.003896	0.011922	0.020445	0.025338	0.023212	0.032256	0.025240	0.029869	0.017566	0.025859	0.015934	0.020361	
0.032009	0.033421	0.009183	0.030534	0.008815	0.016847	0.027084	0.026920	0.029874	0.030851	0.029677	0.021544	0.011983	0.030021	0.021798	0.001202	0.007847	0.000842	0.010750	0.004878	0.022501	0.005221	0.022539	0.024912	0.025657	0.029635	0.032786	0.001012	0.020249	0.026733	0.020290	0.029923	0.018448	0.012443	0.012546	0.028541	0.033392	0.000780	0.020726	0.018486	0.016018	0.030533	0.008690	0.031986	0.030524	0.011529	0.020058	0.024901	0.009831	0.023032	
0.013609	0.000696	0.006968	0.026174	0.004394	0.007166	0.045099	0.027133	0.038855	0.040898	0.025362	0.007235	0.000619	0.030782	0.008894	0.030575	0.004849	0.026465	0.008952	0.025540	0.000891	0.028073	0.041777	0.005680	0.018947	0.032527	0.001462	0.001311	0.026898	0.029428	0.031057	0.034051	0.032655	0.029890	0.022024	0.007688	0.011990	0.031619	0.031183	0.025803	0.023375	0.029600	0.023728	0.029849	0.015163	0.000351	0.001449	0.010731	0.023644	0.016890	
0.031076	0.025468	0.002830	0.024335	0.028442	0.005930	0.023581	0.036466	0.029922	0.027734	0.016638	0.000382	0.018732	0.022070	0.037478	0.008790	0.033600	0.009374	0.026165	0.026055	0.000170	0.015981	0.024122	0.024658	0.011501	0.018944	0.003005	0.017028	0.014756	0.029831	0.032336	0.009257	0.005339	0.021664	0.028625	0.024150	0.024148	0.026666	0.014747	0.018496	0.019505	0.029923	0.027708	0.023024	0.028162	0.008049	0.010208	0.021840	0.030022	0.001068	
0.001998	0.038884	0.001968	0.024758	0.012598	0.018523	0.028687	0.024169	0.028427	0.015293	0.023183	0.029303	0.011063	0.032335	0.019027	0.006343	0.021573	0.030244	0.014566	0.027849	0.026378	0.026803	0.017613	0.015870	0.001632	0.031910	0.009906	0.008744	0.009845	0.003961	0.006631	0.026132	0.031248	0.019202	0.036382	0.038456	0.035606	0.002781	0.001313	0.031163	0.020073	0.032689	0.031865	0.023921	0.033251	0.013947	0.004631	0.004674	0.005451	0.037128	
0.027547	0.029125	0.037392	0.031457	0.010925	0.035853	0.037716	0.039017	0.003769	0.004762	0.022963	0.001995	0.011785	0.013708	0.001821	0.035427	0.005899	0.026935	0.026491	0.015875	0.009419	0.034999	0.011713	0.019892	0.024176	0.010202	0.008305	0.039909	0.029287	0.031305	0.006434	0.022567	0.008354	0.037771	0.010784	0.021647	0.013366	0.014235	0.015328	0.009314	0.014873	0.026823	0.018234	0.029224	0.028500	0.019054	0.005764	0.040059	0.005566	0.012433	
0.031601	0.024630	0.025052	0.029604	0.020026	0.006391	0.011208	0.001281	0.034562	0.004329	0.033032	0.003427	0.014445	0.022722	0.040709	0.039339	0.027978	0.038203	0.010483	0.011240	0.024578	0.019738	0.028593	0.023007	0.020571	0.031045	0.013060	0.021309	0.018675	0.017648	0.002280	0.031312	0.015971	0.031340	0.029775	0.023640	0.007101	0.028000	0.000261	0.000866	0.008114	0.008324	0.025745	0.026425	0.029418	0.024468	0.016295	0.017220	0.020393	0.004566	
0.031359	0.023962	0.024233	0.006685	0.034154	0.011940	0.013447	0.009918	0.015830	0.029255	0.023839	0.019474	0.030923	0.023914	0.026087	0.027498	0.019371	0.001590	0.015888	0.013663	0.031660	0.013554	0.006788	0.002418	0.016283	0.008511	0.000270	0.026479	0.031607	0.013917	0.020202	0.020107	0.031723	0.027991	0.003004	0.029019	0.016394	0.026961	0.034559	0.022401	0.023081	0.023482	0.028066	0.027870	0.021691	0.016273	0.007251	0.015949	0.029484	0.019976	
0.031002	0.014957	0.005445	0.009532	0.038213	0.027008	0.009036	0.013994	0.035125	0.038038	0.036828	0.028700	0.009086	0.022669	0.030853	0.028290	0.036997	0.031752	0.039034	0.002739	0.019675	0.027743	0.001304	0.001016	0.002659	0.005593	0.038296	0.016724	0.009503	0.001368	0.002160	0.037298	0.010484	0.004710	0.002359	0.007228	0.017771	0.028173	0.038972	0.023459	0.035622	0.017741	0.000906	0.033545	0.024659	0.026283	0.026703	0.017290	0.026018	0.005441	
0.010152	0.013635	0.002747	0.002501	0.006423	0.021993	0.034814	0.030454	0.018449	0.000760	0.018052	0.027127	0.031813	0.013084	0.015254	0.037410	0.024500	0.029832	0.017402	0.036219	0.010218	0.034177	0.020466	0.023060	0.035474	0.034513	0.034844	0.012117	0.020376	0.013671	0.017313	0.036936	0.037124	0.006092	0.036680	0.001020	0.001672	0.036786	0.025289	0.018216	0.009272	0.026169	0.002220	0.019647	0.028327	0.010769	0.009827	0.008139	0.030890	0.006075	
0.026011	0.022263	0.013846	0.012712	0.021910	0.039540	0.029171	0.021576	0.018988	0.026594	0.026840	0.021753	0.005117	0.008881	0.022092	0.033451	0.009124	0.000760	0.025067	0.024141	0.026008	0.014597	0.026791	0.017866	0.029333	0.013698	0.034266	0.016031	0.017357	0.021498	0.012036	0.002254	0.038620	0.005249	0.022349	0.006558	0.026214	0.037981	0.008919	0.026352	0.031606	0.007980	0.002271	0.034880	0.028428	0.001636	0.004815	0.013099	0.029863	0.031607	
0.001501	0.021421	0.020463	0.008376	0.036249	0.012050	0.020703	0.003575	0.023695	0.026734	0.018913	0.035931	0.020698	0.039333	0.006848	0.036818	0.035303	0.004553	0.003452	0.001000	0.002679	0.006956	0.004457	0.012891	0.031526	0.012393	0.015243	0.033268	0.002584	0.032551	0.003362	0.038073	0.019768	0.027465	0.023350	0.020085	0.001046	0.029359	0.028141	0.036424	0.033616	0.034379	0.000831	0.031267	0.023606	0.027258	0.004340	0.021070	0.027794	0.036598	
0.024528	0.025166	0.017833	0.007835	0.041541	0.020580	0.016564	0.018470	0.035400	0.022023	0.002666	0.041765	0.020367	0.014711	0.040666	0.023378	0.032870	0.008607	0.011494	0.037249	0.007685	0.014398	0.013765	0.012177	0.011185	0.022764	0.004596	0.003910	0.041151	0.000545	0.008598	0.020916	0.025744	0.010975	0.020827	0.007357	0.033736	0.005269	0.028198	0.016399	0.012209	0.024458	0.007588	0.035038	0.025880	0.015340	0.006871	0.041592	0.022375	0.034740	
0.028736	0.028235	0.036484	0.004037	0.037563	0.000565	0.038543	0.008845	0.016976	0.003570	0.003300	0.027697	0.023917	0.017321	0.032939	0.013530	0.038877	0.029051	0.024062	0.032314	0.019947	0.005091	0.035480	0.032921	0.020359	0.012069	0.012531	0.000086	0.002721	0.020870	0.004313	0.029022	0.026321	0.006935	0.005956	0.033213	0.005177	0.035450	0.024728	0.031896	0.015754	0.023770	0.013245	0.004942	0.023401	0.031161	0.027892	0.000041	0.013434	0.034713	
0.016194	0.000125	0.001794	0.007251	0.050588	0.006552	0.031345	0.043181	0.030334	0.015240	0.003944	0.011091	0.004069	0.036234	0.034161	0.037635	0.014126	0.011326	0.015378	0.036005	0.017250	0.035565	0.025905	0.003024	0.012412	0.018866	0.004282	0.000788	0.011487	0.018526	0.006602	0.030641	0.025412	0.020756	0.027403	0.004518	0.035401	0.029123	0.049498	0.037046	0.007707	0.042922	0.003144	0.016502	0.011839	0.006958	0.045099	0.017204	0.000798	0.026748	
0.010201	0.018952	0.009431	0.004484	0.018559	0.031352	0.036453	0.008476	0.034228	0.025377	0.023438	0.004826	0.004812	0.025528	0.033710	0.035715	0.037729	0.008636	0.028680	0.007156	0.030975	0.037395	0.024198	0.020750	0.030792	0.020884	0.008623	0.003739	0.029223	0.030332	0.015940	0.025122	0.024508	0.006600	0.035526	0.038700	0.011447	0.002385	0.012809	0.005289	0.023620	0.006560	0.008489	0.009490	0.005570	0.027721	0.017901	0.031050	0.011967	0.034651	
0.023963	0.020415	0.004020	0.038605	0.040018	0.014286	0.013598	0.030823	0.012339	0.007282	0.041449	0.013430	0.001987	0.008820	0.039427	0.034553	0.023330	0.002334	0.026828	0.029584	0.005813	0.041131	0.016658	0.012382	0.016614	0.031371	0.020760	0.013721	0.029757	0.012662	0.000084	0.028086	0.008241	0.041514	0.000196	0.029933	0.025268	0.004889	0.029237	0.033550	0.022393	0.032182	0.031508	0.015773	0.019796	0.007166	0.015677	0.003359	0.001956	0.021230	
0.023410	0.032121	0.031099	0.020002	0.004758	0.018169	0.015210	0.010039	0.035244	0.011522	0.000391	0.030866	0.016160	0.031882	0.017749	0.016195	0.024086	0.016169	0.001891	0.032504	0.026106	0.006287	0.009393	0.036475	0.036726	0.036183	0.001307	0.010997	0.035141	0.032507	0.000586	0.031187	0.031364	0.020910	0.002772	0.024408	0.013674	0.010034	0.035521	0.020019	0.007100	0.025914	0.025624	0.025528	0.035768	0.018771	0.011101	0.009293	0.019574	0.010259	
0.025290	0.007748	0.018917	0.007121	0.016614	0.008960	0.014946	0.035740	0.003316	0.034595	0.016578	0.024197	0.014813	0.008957	0.039578	0.032365	0.006353	0.008661	0.009811	0.034703	0.030573	0.031734	0.028795	0.020231	0.024158	0.004303	0.039181	0.039851	0.019862	0.015847	0.006184	0.026551	0.039425	0.013624	0.016765	0.007800	0.009404	0.025068	0.029889	0.029609	0.022473	0.028500	0.003977	0.006937	0.023030	0.009153	0.014893	0.025669	0.025103	0.012147	
0.031965	0.038932	0.025261	0.003800	0.004821	0.014453	0.009898	0.037234	0.022663	0.027417	0.028386	0.017241	0.037398	0.039107	0.037625	0.013378	0.028291	0.031856	0.016031	0.023815	0.020205	0.013223	0.006783	0.023494	0.025741	0.019719	0.014413	0.036984	0.012040	0.012894	0.021150	0.000083	0.018838	0.017945	0.032786	0.027339	0.014305	0.000878	0.023646	0.012725	0.018312	0.003962	0.026568	0.015258	0.023596	0.020169	0.002622	0.014380	0.002637	0.027731	
0.025080	0.011282	0.031903	0.004261	0.024394	0.000532	0.034104	0.033227	0.008950	0.026387	0.008422	0.014776	0.021490	0.031116	0.013949	0.010839	0.016150	0.023357	0.013185	0.030706	0.025548	0.034043	0.013856	0.023967	0.030397	0.010778	0.013782	0.029719	0.035032	0.033311	0.021155	0.017620	0.015708	0.031012	0.012955	0.013458	0.004863	0.033830	0.001815	0.001168	0.030995	0.033893	0.023411	0.034307	0.011547	0.009776	0.010332	0.002027	0.034067	0.021521	
0.039439	0.038926	0.023111	0.016221	0.017501	0.039897	0.037723	0.022579	0.006834	0.026392	0.001674	0.023945	0.006212	0.016160	0.012864	0.009871	0.040544	0.037364	0.001075	0.041326	0.014792	0.002594	0.010691	0.003051	0.017781	0.007140	0.032699	0.005260	0.021341	0.008692	0.008022	0.015308	0.028925	0.015593	0.029393	0.001008	0.041604	0.030197	0.034976	0.013788	0.033444	0.006239	0.015288	0.022794	0.015073	0.002019	0.037401	0.031624	0.020865	0.012740	
0.032067	0.001526	0.001853	0.008658	0.023502	0.015262	0.017367	0.007079	0.011670	0.023753	0.031517	0.005561	0.028370	0.001447	0.017946	0.019075	0.027578	0.005108	0.003804	0.000282	0.016581	0.026999	0.018044	0.038859	0.001502	0.023756	0.026320	0.033243	0.002510	0.020050	0.015638	0.028460	0.015585	0.033546	0.002512	0.016701	0.032120	0.018410	0.018400	0.030548	0.034720	0.027329	0.036064	0.046813	0.023976	0.025126	0.024230	0.017253	0.019169	0.042113	
0.008290	0.029669	0.022794	0.013821	0.025465	0.007979	0.010898	0.004128	0.028527	0.036676	0.030370	0.019492	0.023131	0.019837	0.004149	0.023044	0.027490	0.027685	0.032782	0.005276	0.007064	0.006761	0.023829	0.019086	0.023062	0.028807	0.008513	0.033697	0.004462	0.013451	0.037189	0.038537	0.006562	0.013103	0.022533	0.027510	0.000360	0.028912	0.025386	0.014444	0.013771	0.037059	0.002342	0.025798	0.016833	0.038336	0.019658	0.008484	0.016075	0.036874	
0.017582	0.030654	0.007840	0.015009	0.013357	0.003157	0.009841	0.024158	0.034225	0.039281	0.017156	0.023269	0.024942	0.012689	0.014303	0.032085	0.001040	0.021415	0.018820	0.018244	0.019376	0.024993	0.032315	0.027055	0.001183	0.016307	0.029321	0.013084	0.014414	0.001650	0.016387	0.038630	0.030377	0.007826	0.037521	0.028581	0.021702	0.032412	0.023379	0.023824	0.027215	0.036602	0.018574	0.000258	0.011916	0.035075	0.001893	0.017111	0.003116	0.028837	
0.002794	0.000637	0.006755	0.010179	0.012328	0.002149	0.021155	0.030289	0.032980	0.001791	0.039469	0.010013	0.036746	0.017045	0.037492	0.009333	0.034619	0.021679	0.029967	0.017365	0.028814	0.014784	0.029170	0.023974	0.012075	0.008709	0.033852	0.028482	0.023538	0.016012	0.028240	0.030582	0.026894	0.024461	0.009002	0.025018	0.004179	0.011085	0.015232	0.015562	0.025624	0.035716	0.037619	0.012095	0.026977	0.029590	0.007300	0.017762	0.019462	0.003408	
0.039631	0.012819	0.024013	0.013185	0.034634	0.000505	0.022418	0.040822	0.021137	0.021701	0.013540	0.006687	0.012691	0.020373	0.036251	0.040797	0.037118	0.034358	0.015662	0.000466	0.022914	0.001449	0.041119	0.022550	0.015881	0.009854	0.013285	0.042063	0.027365	0.008231	0.017258	0.041326	0.035647	0.002678	0.009941	0.022207	0.017831	0.001691	0.034038	0.002124	0.018486	0.000010	0.036408	0.003382	0.002919	0.000787	0.035670	0.007328	0.030114	0.026637	
0.007098	0.015099	0.023295	0.034895	0.027757	0.002117	0.038879	0.039690	0.039824	0.007525	0.010290	0.009569	0.039891	0.025564	0.035168	0.004152	0.006399	0.032460	0.036421	0.025075	0.030460	0.004661	0.023101	0.025868	0.010270	0.027889	0.019623	0.015531	0.007174	0.010399	0.016291	0.004392	0.022062	0.027240	0.003827	0.017787	0.010081	0.021146	0.031597	0.038242	0.007539	0.006974	0.014468	0.015647	0.021175	0.006951	0.024005	0.010729	0.034434	0.029266	
0.030777	0.011617	0.008571	0.020244	0.001611	0.011328	0.017037	0.020276	0.018778	0.037739	0.033655	0.019723	0.014825	0.033580	0.031435	0.010534	0.004219	0.016292	0.023050	0.015183	0.037054	0.006980	0.011231	0.031681	0.020246	0.023137	0.037546	0.033982	0.030580	0.013978	0.025226	0.034036	0.000702	0.010305	0.016021	0.018469	0.011176	0.037071	0.000914	0.037329	0.003027	0.003063	0.032744	0.024868	0.022198	0.016120	0.027211	0.006798	0.019323	0.026515	
0.013103	0.003005	0.031073	0.022547	0.027793	0.018008	0.010409	0.042538	0.004552	0.011563	0.002035	0.017993	0.001962	0.003395	0.015958	0.035886	0.021215	0.033559	0.034703	0.006517	0.018578	0.015642	0.008077	0.019194	0.036293	0.010861	0.000710	0.024500	0.001714	0.001898	0.030536	0.013605	0.016514	0.037817	0.037674	0.015014	0.025782	0.002278	0.037588	0.032114	0.007822	0.029985	0.033349	0.027488	0.024188	0.029392	0.019980	0.017992	0.036739	0.028863	
0.017088	0.023426	0.021712	0.035958	0.012509	0.002489	0.038671	0.027020	0.041816	0.011688	0.036182	0.014599	0.040833	0.029138	0.026836	0.006007	0.036040	0.036569	0.019357	0.007249	0.029194	0.001330	0.015835	0.006059	0.015140	0.003397	0.021624	0.029397	0.003659	0.022454	0.029223	0.006931	0.017623	0.030789	0.023453	0.025543	0.035815	0.040094	0.001414	0.005053	0.013056	0.006858	0.017508	0.034249	0.022265	0.021307	0.018129	0.004097	0.000077	0.013239	
0.028099	0.017675	0.009396	0.027754	0.021184	0.039820	0.000649	0.006107	0.005293	0.028190	0.004261	0.020204	0.009429	0.000318	0.038985	0.035318	0.013106	0.027462	0.013794	0.011429	0.001607	0.023065	0.022998	0.006751	0.011949	0.037964	0.028624	0.012721	0.000464	0.002067	0.013852	0.036359	0.009728	0.039301	0.034662	0.023906	0.026778	0.039308	0.039048	0.039010	0.036810	0.039390	0.019020	0.002114	0.018259	0.021613	0.005570	0.000963	0.028773	0.018853	
0.006059	0.025507	0.012685	0.036613	0.005959	0.019062	0.003930	0.021100	0.011966	0.026364	0.029798	0.033949	0.031040	0.021601	0.007531	0.019671	0.001069	0.001516	0.029048	0.028514	0.005419	0.031874	0.031630	0.028880	0.033061	0.014126	0.004533	0.035692	0.035496	0.024342	0.005528	0.008902	0.034345	0.001352	0.021838	0.003043	0.026611	0.021432	0.019219	0.024575	0.026245	0.026182	0.005364	0.029646	0.031191	0.022401	0.015724	0.023929	0.004195	0.030244	
0.005915	0.012723	0.033811	0.005083	0.041873	0.000205	0.005621	0.002796	0.038598	0.015274	0.016292	0.029440	0.040894	0.041087	0.008817	0.036577	0.029717	0.040803	0.023718	0.006436	0.019304	0.004537	0.017506	0.023183	0.035489	0.011184	0.042440	0.007410	0.037200	0.001194	0.007838	0.023407	0.026124	0.002881	0.028270	0.025051	0.012436	0.002725	0.023364	0.018557	0.041798	0.006163	0.003424	0.014620	0.014327	0.040351	0.003068	0.040574	0.002595	0.027298	
0.013836	0.017430	0.035755	0.023940	0.029570	0.000046	0.014321	0.029913	0.008352	0.006087	0.003697	0.035853	0.002015	0.011221	0.000221	0.019663	0.029155	0.020004	0.026257	0.001426	0.037412	0.037475	0.003087	0.020736	0.018770	0.013572	0.033965	0.028048	0.024566	0.027841	0.002176	0.026219	0.001516	0.021443	0.021985	0.001722	0.028808	0.020728	0.017078	0.030251	0.022337	0.033677	0.005701	0.024244	0.029580	0.039081	0.017302	0.031015	0.031564	0.019337	
0.004749	0.039129	0.010922	0.020222	0.019057	0.035109	0.038523	0.020808	0.012555	0.017055	0.042159	0.030953	0.006856	0.013162	0.011419	0.000533	0.020332	0.023860	0.037184	0.023530	0.009901	0.031581	0.013926	0.024508	0.010920	0.006753	0.036893	0.004147	0.035236	0.014461	0.021811	0.037800	0.012230	0.021006	0.004450	0.010754	0.037142	0.025286	0.012753	0.020313	0.014537	0.019146	0.029107	0.023002	0.005832	0.022048	0.016150	0.041078	0.002746	0.006365	
0.038084	0.010400	0.030833	0.024626	0.002518	0.034448	0.019550	0.026939	0.021133	0.029798	0.030974	0.035484	0.005238	0.009179	0.027198	0.029458	0.008570	0.033876	0.008122	0.038987	0.028397	0.028178	0.029097	0.020101	0.002169	0.005745	0.002345	0.025653	0.011204	0.025283	0.024586	0.025065	0.006324	0.020687	0.014866	0.022994	0.029341	0.013690	0.002822	0.014251	0.037697	0.034816	0.013509	0.018918	0.030779	0.027090	0.006518	0.000537	0.007285	0.004637	
0.017330	0.005112	0.020078	0.021254	0.023348	0.012512	0.014090	0.021901	0.027921	0.008399	0.031330	0.015213	0.001055	0.024146	0.037171	0.037915	0.036177	0.003786	0.026872	0.007720	0.037774	0.027245	0.012519	0.011183	0.002835	0.003644	0.018627	0.014597	0.015348	0.035121	0.040490	0.023678	0.017966	0.021927	0.033563	0.038320	0.008075	0.002551	0.005916	0.022407	0.002913	0.021287	0.038363	0.014722	0.026289	0.006938	0.008421	0.041664	0.022739	0.029547	
0.010530	0.001367	0.006181	0.029743	0.023060	0.008196	0.013361	0.027490	0.021197	0.030382	0.020112	0.035979	0.010093	0.035518	0.017549	0.009809	0.034103	0.003765	0.021360	0.005064	0.019162	0.027826	0.019811	0.004424	0.030979	0.019428	0.015956	0.011622	0.017241	0.035316	0.033176	0.011956	0.019162	0.015172	0.031292	0.035276	0.031971	0.031636	0.009486	0.032794	0.032965	0.011370	0.019870	0.006585	0.021060	0.003508	0.022501	0.023438	0.030107	0.010051	
0.009723	0.021143	0.003984	0.005581	0.024129	0.020277	0.030181	0.007915	0.028882	0.038048	0.017322	0.015873	0.028279	0.036221	0.021048	0.012764	0.034771	0.027805	0.036850	0.032257	0.026147	0.004631	0.038467	0.038002	0.013827	0.010679	0.021684	0.016061	0.013506	0.017084	0.030343	0.036020	0.005518	0.011629	0.031937	0.018747	0.010250	0.018020	0.010164	0.033585	0.026051	0.000932	0.011600	0.030717	0.000624	0.023346	0.006733	0.009914	0.010788	0.019942	
0.019544	0.003636	0.036967	0.021627	0.030528	0.020736	0.010891	0.017043	0.006930	0.030498	0.000715	0.022621	0.024255	0.006560	0.037449	0.030814	0.010250	0.020946	0.002720	0.001993	0.024807	0.015726	0.032482	0.021136	0.010037	0.011407	0.017015	0.004405	0.027890	0.034415	0.007465	0.013664	0.013148	0.027329	0.004797	0.011757	0.026068	0.007805	0.003261	0.033978	0.014057	0.036900	0.030080	0.039107	0.031868	0.036978	0.036903	0.030032	0.000106	0.038655	
0.024858	0.015062	0.003966	0.020493	0.003428	0.028454	0.034284	0.021790	0.021783	0.025001	0.026152	0.007008	0.007948	0.016511	0.002323	0.013536	0.016386	0.004167	0.029325	0.033068	0.011630	0.019405	0.017708	0.008485	0.032689	0.004161	0.030392	0.035499	0.002552	0.012266	0.032698	0.010817	0.002069	0.037794	0.012126	0.028819	0.031281	0.037308	0.023332	0.020020	0.029240	0.034478	0.025588	0.030624	0.007678	0.025120	0.001377	0.018256	0.025919	0.035130	
0.001511	0.038368	0.019524	0.022828	0.008788	0.009657	0.000974	0.020847	0.034314	0.009853	0.013811	0.015599	0.032131	0.018733	0.022621	0.028558	0.004162	0.029804	0.029094	0.000869	0.002206	0.011715	0.039334	0.008647	0.035998	0.020247	0.024881	0.022955	0.037117	0.032298	0.037972	0.019227	0.019012	0.040038	0.012596	0.008031	0.011148	0.006517	0.014946	0.014117	0.025851	0.014542	0.039621	0.038066	0.011505	0.018616	0.013411	0.040608	0.015681	0.001047	
0.000499	0.037236	0.012089	0.006029	0.005669	0.026006	0.010483	0.039010	0.038500	0.032994	0.008230	0.033547	0.007952	0.016937	0.001701	0.029195	0.025599	0.033874	0.019047	0.003659	0.001981	0.035263	0.039820	0.004034	0.008711	0.022907	0.017486	0.009082	0.029876	0.017440	0.037435	0.014489	0.002443	0.035873	0.006405	0.001967	0.024031	0.002926	0.030228	0.025076	0.020902	0.036575	0.016288	0.000555	0.031711	0.035365	0.030289	0.035700	0.028106	0.008780	
0.33
