50
2
18.854380	16.041764	12.706338	18.491136	-9.875817	-19.048273	-1.028614	-3.231465	14.353851	-3.448176	14.059695	-9.000781	15.216675	-3.522752	0.093445	-16.656221	-3.095325	-7.892596	-11.836009	-10.425152	16.826779	-12.620749	-0.415937	-13.423445	-14.157039	13.889473	-14.866407	6.718289	12.397470	-7.665940	20.950126	10.539193	10.882522	14.901993	8.758200	-12.341942	19.312275	-12.906719	-12.737475	-2.967272	-5.712029	14.036766	11.169744	6.168568	4.573516	-13.412156	19.816447	16.394658	12.006614	14.442024	
12.665566	0.322864	-11.173002	14.361625	-15.442849	-4.354563	-4.664542	-3.339250	13.460412	-21.845806	-5.812925	-6.697756	0.027653	1.343624	9.582729	-19.447533	-15.317668	-3.580137	-16.792544	-20.026833	22.857039	-23.173362	-22.018504	15.265258	6.646323	-23.461136	12.894765	-21.270622	15.747555	23.271649	2.980322	14.294470	16.805479	4.351926	-9.628898	-22.619623	-0.563640	12.909992	18.713444	-19.392874	14.060856	-4.965568	20.866297	-13.530708	20.843759	20.658652	9.587757	-1.050175	18.512133	8.298001	
-6.519406	-4.527194	11.404115	-5.330368	-5.159720	-11.281160	0.824315	0.650533	3.374206	5.526320	-5.359062	-15.786254	9.259133	9.839231	0.470606	18.461899	-17.274917	-0.631848	-2.860523	-21.485542	9.542865	1.578835	7.023474	0.529302	14.370648	-20.972817	17.746823	14.364800	-10.620246	1.094788	7.136204	-4.760577	4.074432	-19.636383	2.796011	9.425006	-4.844749	1.553882	-21.336553	-2.013988	11.588625	2.136108	4.316872	-14.725322	-5.337955	13.796225	-12.631538	-22.648124	-21.424109	20.777201	
22.922732	12.798731	8.170229	-14.675291	17.619312	-11.503012	20.644915	-22.650187	-15.963368	-25.418965	-4.661516	-3.218869	14.390033	-19.852855	26.741669	19.548540	-2.313425	-17.212429	23.186847	1.998866	21.700882	23.297124	-2.056532	-19.492972	0.126076	-11.993383	-3.691526	22.725351	-15.593526	23.284396	-10.870104	-26.427212	20.500908	-23.799397	-15.396986	-15.721896	11.445707	-21.242186	11.100141	-6.116010	4.686738	-4.210247	-7.678986	25.187575	24.113177	25.335499	23.163352	-17.067560	-0.968721	0.892081	
-19.912827	-9.684235	-5.017676	12.610530	16.388405	-5.056483	-3.491960	-4.394657	-1.941319	-0.493019	-17.440360	-8.440998	10.757081	0.901514	19.067125	5.207351	6.171544	9.706479	-5.650402	9.290292	7.434411	10.773589	16.340102	6.309267	0.451747	-11.746776	14.940232	17.849361	-16.507424	-7.426862	10.017166	-15.443408	-9.476738	13.402515	3.924947	13.866361	-11.255916	7.146413	-10.629980	-16.551033	-13.699209	-8.087618	12.860547	-19.461163	-16.817141	-14.487441	-14.102660	-17.367733	-13.108827	-17.471501	
-4.453243	-20.233548	20.873546	-14.679524	5.347467	-17.856643	-18.129332	19.359336	-6.332340	7.350980	-16.499412	-13.837475	-5.861051	9.074485	5.977659	-16.255849	14.690379	-2.910858	-8.538385	-11.688822	-18.476418	11.423283	-12.965639	-18.844509	13.109206	15.476632	-13.281594	-8.069612	3.259881	20.356053	-8.378338	-1.070692	19.948654	16.231107	8.103298	-0.979360	-16.576568	19.826343	9.572961	10.312674	2.050433	-8.726110	-7.580526	12.334888	2.135846	-14.039621	16.081373	11.060805	7.687824	-7.414425	
-26.886154	2.423573	18.762527	-2.403938	-18.707402	-22.260986	29.486446	24.254764	18.936760	-1.135020	4.986675	-18.064010	12.650172	27.943822	15.143924	1.910730	-8.091209	-26.494845	26.478725	-9.515127	-11.827858	7.473107	25.550433	-10.137098	2.063332	-28.676516	-18.267494	-15.035223	-9.041383	-5.311069	28.239800	-28.250773	12.724894	-5.766034	19.217132	-14.961734	-22.645412	-9.250325	7.985543	15.635595	29.669002	19.816614	10.186670	-13.781957	-13.636384	3.594422	-26.690067	-20.201335	22.667116	28.468131	
-13.773631	10.668574	-15.474242	-22.764809	-2.257357	14.218010	-24.775087	-1.284194	14.080769	18.335969	-11.112741	0.979347	15.494778	-7.305667	-2.556781	0.322147	-15.575964	9.257469	-25.251697	-10.168199	11.441937	18.644237	-1.520925	-24.895937	19.823874	-20.265596	-15.579599	19.373097	-7.343519	-12.651929	-15.418676	21.309428	-7.218117	-11.662768	-10.559243	20.559423	-18.322793	-13.092424	15.037389	9.858657	18.475708	9.695039	-16.689934	21.169998	23.626582	22.880607	14.553256	20.184933	-1.284374	-21.882065	
-21.877086	10.813097	4.593781	14.442267	14.722265	-27.361898	-20.659330	22.830846	27.857981	13.798160	1.505929	8.820274	2.611360	7.334194	24.575876	3.446740	20.358223	-21.126591	16.341018	-13.971871	18.530211	-27.240087	-12.093437	14.878066	27.316727	2.063034	26.557216	5.605561	-3.103041	12.592730	-0.835012	24.022840	-24.797364	12.536081	-25.084393	-4.613773	8.363753	-20.212538	-20.791520	-1.110159	7.659332	-7.992443	1.651450	-24.450629	17.317113	20.055619	12.016056	0.785621	6.566117	8.656680	
22.260136	25.958520	24.965022	0.519150	-5.904016	-23.914966	12.055592	10.012862	11.582552	-24.525042	3.104103	14.137553	-24.925321	13.526642	-4.404444	13.032920	1.726349	19.803959	12.300774	13.082676	-20.712032	-3.910366	11.973880	-4.435854	-20.279490	24.672872	-10.895856	23.358111	12.991416	-16.620154	9.023004	22.428055	-2.170426	25.941613	22.878167	-25.664662	-19.415770	-24.973364	20.798822	-6.419376	4.807224	-6.152665	-1.075857	24.237889	-17.694680	12.251740	-14.557509	2.279075	-17.129770	-22.853272	
8.323800	-8.628702	-5.785445	-15.651854	-3.059874	16.685005	0.428865	12.573519	-4.073367	8.576944	-12.137720	-5.880597	9.926505	-5.360293	6.929312	3.349295	9.625942	-9.059979	-9.466426	8.133534	-2.208761	-7.171293	7.955353	11.866797	10.846444	8.666723	-7.660634	14.968423	-4.342047	5.411492	6.372410	-16.030343	16.179175	11.192775	5.929494	-13.529239	9.732505	0.214544	-13.804883	-8.623125	10.359751	-8.544592	10.536997	6.630840	-3.375506	14.903744	5.932580	5.674257	-6.775053	-10.495716	
-17.304120	22.709454	15.203253	2.354359	-13.219780	0.443873	-21.301121	3.826056	16.423960	-5.639953	10.552112	5.328561	-6.071988	-9.358917	-15.990471	1.682566	20.355130	16.945059	4.473405	-1.520596	23.949852	-15.225490	-7.415592	23.739870	9.765975	12.152131	21.007783	-1.494136	5.482089	8.953691	20.998477	-22.565660	18.132615	17.629763	17.174686	-23.310063	-19.078567	11.139829	-1.960356	-21.875849	12.861408	-15.408208	19.061477	18.628946	20.344979	18.660820	-9.970509	21.078979	-0.905047	-10.139367	
-16.248938	16.050207	-1.299354	-18.966132	-12.399316	-24.222933	-8.559288	-22.846289	1.673612	12.347448	6.008969	18.143115	-7.660447	2.552958	3.779524	-24.513336	12.811680	23.473569	27.969215	-10.867312	5.186687	0.491746	-21.030672	-23.682370	-0.807853	-24.512701	12.590488	20.800831	14.007728	-3.040622	9.576407	-20.888781	2.298191	6.994694	-4.835222	-24.901678	-11.276433	19.878983	16.441697	-15.824460	22.157249	-26.406053	-27.083403	-6.280474	-12.030540	-25.447114	14.263908	2.371978	-21.619938	18.990935	
-20.853620	-11.242647	-7.246394	3.353238	-17.320277	-22.098590	18.776141	17.467580	-0.079716	-4.686959	-22.049371	-17.468924	0.982994	13.587852	4.556853	23.867440	-8.317071	5.839151	2.217724	12.475447	15.691772	15.393103	-9.130005	10.457789	2.229816	12.654625	14.084638	11.279846	22.051311	-1.181042	6.096433	21.992046	18.779698	15.655642	-22.135787	-21.041340	13.739504	-2.942383	-11.506079	-4.297234	3.142773	9.318682	9.789921	22.700097	2.908818	18.010792	13.906482	-23.375344	1.375147	20.064201	
-8.679445	-17.898871	4.874638	11.128038	-9.946172	-14.086569	7.499326	17.811046	-19.014127	5.683138	-20.596693	22.304678	3.595169	9.704864	-20.676122	-21.052502	1.573717	-3.938926	-15.409344	7.228011	-19.457000	-12.160653	19.567704	6.656192	-12.183001	-8.194989	-2.324792	16.840609	-2.920563	-9.127257	-1.340941	12.068436	13.520310	-1.871940	-20.246037	4.745933	17.670965	16.559393	-0.767704	22.918908	-20.225183	18.155730	-17.560669	7.391865	-4.459034	-20.103676	10.629200	18.345309	18.050912	22.149981	
-1.612613	-1.177450	19.162190	-4.558334	-16.393824	-29.433350	5.907871	-23.350415	-8.890579	1.485699	-21.025384	-22.968872	5.601051	-14.331997	8.297810	-18.891193	10.003692	-7.121679	-20.320240	15.174327	-27.846735	-24.542220	5.980291	21.714285	15.590379	14.982325	-1.329180	9.195653	18.273863	21.170105	-5.269347	-21.826269	-30.662428	-6.273143	8.056594	-16.323355	-29.736167	-9.830006	-5.493289	-23.239434	-22.007668	23.164441	-8.462503	-13.903711	24.038651	-3.654227	30.553406	4.020736	-7.307118	5.804287	
1.107948	-6.133145	22.784785	-27.440634	21.571954	14.459832	-18.729684	-3.422608	-17.389188	-22.999456	-1.544648	23.404825	-10.671156	3.960577	18.240915	-11.821127	-5.370078	26.929843	-14.245347	21.868186	23.389690	-27.192936	-5.857636	6.008739	4.880690	-13.731605	19.763608	-21.794592	3.986639	14.673646	4.737418	-12.724329	-10.426125	-24.262299	-23.013292	18.778334	2.429626	-6.811289	-0.330102	26.890051	15.005386	-7.009367	28.489403	-15.378586	-15.930584	-7.708063	11.577948	-17.011683	20.559644	-3.038139	
4.915501	-13.772659	-21.843074	-21.473103	12.941552	-1.793954	5.912592	21.617989	17.820673	-0.781703	-14.882582	-20.920678	-0.157793	12.638919	3.320140	21.515257	17.715541	-4.274959	-4.841289	-13.963280	-2.827481	18.772365	8.570660	-8.841080	-18.058871	-12.174740	-20.550015	-1.787419	14.963404	-17.339916	-21.610954	-4.196924	-3.064793	20.360690	-4.605628	-8.690446	-13.533510	20.750927	13.095048	17.367850	-10.043224	-2.946513	-10.541142	-12.656775	-0.321347	-14.864630	15.439900	-5.578053	18.811454	11.283005	
-13.075216	-25.657073	24.014666	-4.757060	-12.175531	-4.479205	-20.600520	-8.834407	21.125403	-6.166754	-12.172829	-21.180098	-6.470482	-16.637193	-19.331670	10.519555	-20.909244	12.309901	-4.983420	27.533855	-24.354323	10.194080	6.036420	9.190486	-17.111873	2.821564	-4.441648	14.763816	15.567740	3.953396	-14.735931	1.967072	-18.444677	3.355630	26.503962	-3.155017	-8.086261	1.532039	20.893130	-26.185275	-6.054393	-23.930429	-8.083951	-14.241150	-1.129914	-7.670077	-27.122974	10.032712	-17.848067	-23.192586	
19.903075	12.460097	14.003946	-13.246859	-9.546438	-17.899795	20.957034	6.089001	11.376151	14.744613	22.776275	-3.755273	6.288838	3.956043	19.711797	-3.673885	17.757839	-13.829103	-12.364235	-15.623100	-11.929668	6.883737	-9.798287	2.601917	-7.588751	-9.175279	20.878194	5.844461	17.571779	15.647587	-13.160558	-19.341741	15.361679	18.529510	21.089658	7.252711	9.058480	-0.411681	-3.121980	-3.249104	21.606807	-20.011281	-2.570615	1.168426	-0.843709	19.609586	-22.137698	-7.698476	-21.656535	18.778214	
-5.750567	21.672712	-9.449353	3.099063	1.621821	16.844453	14.372515	-10.287897	-23.846754	10.385088	-1.957794	-16.332116	7.520163	4.175160	-12.676928	-17.741435	4.568795	-23.665791	-0.840248	-10.235805	15.090251	-4.569566	-23.772474	22.581490	-15.646517	20.269450	23.816859	17.034615	9.164537	-14.055402	-0.049197	10.492101	-3.073371	-5.280431	15.333994	-5.809594	3.750373	7.487191	-12.512565	-23.162604	10.060641	22.794599	-13.149085	11.987060	2.687390	17.743490	-14.720004	19.728240	12.203100	-5.610844	
7.485744	-10.438734	-2.886981	5.281932	16.072583	-8.169800	-20.793399	17.798856	19.250831	-3.913765	-8.126289	-15.905178	21.672083	9.373869	9.848602	-4.440833	-12.683677	7.720883	17.695251	11.900093	-0.469563	4.842772	-21.022342	-9.481813	-20.373923	4.748595	7.271339	-11.119599	-17.886502	2.088056	-8.770630	-13.283184	-20.600101	-8.881466	4.831610	-16.451427	-13.657296	20.574207	-18.054718	-19.144506	-5.761646	8.358836	-8.078887	-2.974347	18.133579	-16.723476	-11.989571	-15.728698	-5.242872	5.561537	
-7.785067	3.209543	-5.264952	0.877259	14.611334	-3.557324	15.134112	-14.345244	21.304852	21.941360	13.391398	-21.592412	-14.760926	11.934247	-17.936683	6.891900	5.388157	-18.772798	-18.200523	-19.255563	-12.173915	22.684604	-6.269748	3.260371	-2.153237	-9.075723	17.227396	-18.626371	-22.039160	-22.269119	18.470673	11.417838	-18.371445	-13.048541	-9.778717	0.208372	8.993911	-0.995632	-7.916633	-16.316671	1.989695	3.344059	4.174453	-15.519037	13.853961	-13.004796	11.636144	14.717766	-23.088196	3.748163	
-22.901142	-21.133854	12.524998	13.914918	18.327325	4.049788	15.967649	-4.535551	-10.712585	21.873999	-25.550683	-14.494556	13.125749	25.240681	8.831648	-16.250184	-18.610491	-3.498706	5.228128	-25.887925	21.468304	-11.419031	3.569255	-0.205303	24.154165	-20.362457	5.952809	23.307904	-17.755449	-1.014625	-8.734923	-6.174910	14.223804	24.047064	25.026331	-0.530608	19.283251	-14.943762	-21.086922	15.409700	1.626826	-8.834085	-13.960497	-2.613645	-3.611228	3.194506	-17.581413	-12.939482	22.506057	5.108858	
-12.454943	-4.118757	4.941079	-16.097887	8.993882	-18.232284	-1.534928	-3.803512	10.516433	3.339163	-8.194134	-3.480405	5.974876	3.158230	-17.187741	7.599706	-19.285820	-21.796692	17.715050	-1.359249	-3.916749	-19.714920	21.791321	10.325069	-10.883377	21.802715	-22.460793	-7.357530	-3.380642	-5.256746	11.548965	17.127586	19.453483	-20.571768	5.917783	8.167665	7.942698	15.120702	12.390115	8.903219	-10.951677	18.543665	4.018837	-0.994167	-11.000720	2.262084	-8.168209	22.350916	-13.775910	-9.949726	
-25.929318	2.284622	-10.909254	0.070725	1.053494	-8.263530	3.524077	-12.568882	-1.343631	-12.020645	-24.016887	-18.463224	-26.925060	-25.789661	8.934447	20.870172	-14.266673	-17.229961	-5.817316	26.567106	-7.226477	11.694632	-27.925880	24.212098	-10.708986	-24.130376	-6.996594	-7.784367	-18.320343	22.931377	-8.247841	-11.072114	15.748542	-21.358987	19.105732	-13.646998	-2.474803	-25.890840	-6.359422	7.683836	5.533597	11.650031	-5.133735	15.317018	-11.747045	19.381897	-24.680793	-10.762029	-14.068701	-24.797946	
7.583871	9.601297	-7.112167	-20.428267	13.424849	3.715625	14.711158	-14.020948	-8.599442	-16.571777	21.607355	9.666142	-15.143780	-2.609641	7.763519	6.242641	-8.580549	-15.864867	-16.470450	14.851014	-4.392022	-0.699389	-21.639485	15.618311	0.455128	8.047737	-6.953066	-3.253575	19.124887	1.278534	-3.304064	-22.751548	-7.998129	6.011591	5.154924	-12.989418	18.540316	14.174170	5.750454	-1.008321	17.247698	-11.959938	-16.565302	-19.769748	3.042589	16.079772	9.613719	-14.161683	4.806284	-2.226580	
-17.175130	-1.054469	16.242755	-7.828830	9.133260	9.082015	15.673129	-21.071157	-16.620981	-14.040778	8.710042	17.645393	-10.522148	18.620233	-2.043268	-20.916512	-6.370210	22.336812	11.358819	17.115940	5.044481	-11.877751	9.968480	-10.219334	-21.564588	11.843669	0.357533	-18.624826	-16.602490	17.241308	8.265112	11.802801	-3.539001	-25.505303	-6.637014	-3.242898	-25.479898	14.792073	26.278884	-1.501593	22.828639	-16.307993	-9.773932	4.961084	-15.732920	-15.040373	-16.724596	-25.929930	25.763939	-5.303222	
18.508318	-15.727790	20.997660	1.786930	-11.675974	-21.679671	14.196664	13.167254	-20.045968	-1.998526	-1.099231	23.737134	23.684355	-2.687281	-6.781490	3.672387	17.281248	-14.962988	4.674877	-5.579661	5.322165	5.778816	-14.029788	-0.619299	0.773234	-3.447847	-12.843279	15.255297	-14.865843	3.676251	14.382962	0.061110	-10.956504	1.949706	7.561683	-23.744665	-20.665858	12.401979	-23.739292	9.964345	2.963565	2.395084	-18.796117	22.434635	-1.795686	21.946376	-7.482964	3.092395	22.708929	7.518217	
16.570132	-16.735739	0.487511	18.595318	-0.338972	18.614844	-11.972487	11.501027	22.014429	-3.298430	-12.774484	2.959741	-21.717300	-1.000527	2.335042	10.904878	-25.602748	4.458136	4.064151	-18.888880	3.273729	-22.095306	8.931612	-10.851761	-4.868791	-8.202580	-23.064137	9.699933	3.997998	-8.856879	-20.602358	-25.613665	-23.134935	12.401367	-3.613410	10.846626	-23.385481	5.163059	2.917748	13.168319	25.721953	8.822349	22.839044	18.742992	12.583072	21.299666	22.216103	11.550006	6.673062	-0.809247	
-3.573829	-9.153714	-4.368609	8.810959	22.710366	-2.802623	14.409441	-21.882276	-13.047209	14.046285	5.337634	12.091084	22.186812	-3.069756	13.828592	-15.098028	7.737296	-9.541779	-1.331316	-3.916032	-3.929804	-8.439286	20.110326	7.761087	-13.257672	15.970666	-17.550032	15.830292	-4.868345	0.840488	-14.920111	0.810213	-21.720380	4.687300	-4.764129	-23.823602	15.709986	-13.571138	6.367147	12.219105	0.294439	16.554599	3.066631	19.397180	13.618440	0.497652	11.316606	14.946889	-9.305829	-22.560873	
-9.295433	-26.111399	-26.001571	-15.282663	-19.229541	-6.987099	-2.808405	-23.574671	10.723237	-21.277130	9.408537	1.700393	-12.868388	19.643915	1.098514	17.769851	8.985173	26.789382	24.601830	16.651233	-24.538198	-18.825364	-13.419990	-25.848238	20.604918	2.286092	-9.614830	-12.371036	-23.164360	15.978513	-7.102753	17.174642	6.415636	18.965525	-2.498371	16.293316	-8.420602	-21.823304	22.657801	14.993687	13.097183	-23.274978	-5.641897	-10.415427	-22.270696	-4.961609	26.439337	22.152251	-1.361504	25.385274	
-14.628634	21.700921	-10.923464	7.759495	-8.272282	-15.076973	8.821180	18.430607	-18.494944	12.750501	8.619026	11.349201	-20.895443	13.868368	-25.469291	-25.166066	-15.174276	26.051908	22.703842	25.571338	19.437563	-13.548708	-12.017801	28.666677	3.301115	-2.981165	17.448578	-16.871800	27.037772	28.283218	-13.212732	16.981041	-24.696440	-26.028953	-23.595106	-8.018403	-13.519222	-28.407679	19.657445	-23.878553	-1.823473	-14.241442	11.643328	12.434737	-25.432532	0.339870	2.939667	-13.357692	1.775654	-23.868562	
8.565547	1.542269	15.143620	8.903302	-11.018998	-14.936887	2.759253	15.483134	14.814033	-2.793705	17.624153	-1.850993	12.465500	12.275068	21.908285	-11.473229	-21.699381	7.055509	-1.923654	15.203088	-3.787497	12.296894	0.979324	15.303037	-23.408693	-24.008647	-3.978626	-10.590632	0.449665	-25.271493	25.639507	13.704529	-2.596601	-23.675772	-2.742571	-24.204795	-25.753979	15.619413	5.867337	-11.228901	-18.381288	20.625646	-21.028354	15.074384	-0.744400	-24.869595	21.140294	-25.444848	-19.556526	-12.102583	
11.794308	-0.765379	18.236488	11.157747	-1.445823	-3.450931	2.005104	11.897345	-18.357196	-22.066314	0.176627	-10.850172	4.898894	-23.003505	-0.064530	5.856665	-16.454901	7.349750	9.499350	-0.301903	-12.523883	10.918474	12.462599	8.364961	18.674706	19.435599	-15.379495	22.916822	23.746202	-17.052812	-1.275212	11.279230	20.712551	-9.481885	-8.751574	-7.088740	-18.172594	3.274355	2.611675	-7.284519	0.619066	-3.485059	15.991772	24.618226	23.534598	20.531541	22.386512	-18.401473	-3.703225	6.408105	
-11.137204	22.661440	-16.999981	-2.540908	-18.338162	0.256539	19.308059	-17.554625	8.842286	-15.786771	-9.831629	-7.441384	-5.616882	-11.502847	4.075079	-25.058936	12.323634	23.173038	20.020397	25.887780	-12.409306	21.074918	-6.819960	20.624567	-20.666587	-7.776306	22.323486	-12.275176	-1.220376	-4.716782	12.010283	14.062477	-6.923649	6.218463	6.149422	12.297467	2.564463	-12.955984	9.066993	27.137517	-6.941638	-12.440156	-7.110959	25.075106	25.984314	9.764823	22.868961	-24.751089	-27.395755	12.406054	
4.023800	-19.049286	12.687959	-0.969832	3.874094	9.933570	14.730805	-20.463430	10.184449	-0.897184	21.191694	1.666563	-9.152486	-8.163434	-14.644000	-0.242599	0.169417	-8.944125	-3.720150	11.419691	-4.568065	9.456698	-11.787251	11.061992	2.154942	15.491647	-9.464772	-14.592625	1.143914	14.710995	1.005784	-18.812986	13.608288	8.020700	22.543460	-14.705188	15.599865	-13.621890	18.837823	5.720938	-22.224204	-5.932914	-11.397846	3.550969	12.637017	4.743288	-7.158406	19.420880	-4.515747	-0.996087	
16.813435	-13.969943	-6.638412	1.900897	-12.041327	20.395347	8.722834	9.721413	1.406031	19.844080	-16.937111	20.532740	18.339017	17.104568	15.207437	-3.415175	2.927868	-5.354578	-21.872710	-5.647666	-20.875796	-5.987766	12.156123	-15.450026	-8.881314	10.257060	-3.676595	-16.828345	-8.263207	12.502993	-2.268633	12.199054	-11.792822	-23.427872	-20.058621	6.866971	-7.978730	12.176124	12.645813	-3.184449	-5.813696	5.818354	-12.244562	2.075114	18.264001	11.600600	11.420648	-20.529193	15.866917	-20.533308	
-19.678868	26.894257	-15.175248	-25.045094	26.815256	-18.934370	-18.945288	-9.084134	-13.109268	19.102574	5.805617	-19.340365	-18.549863	-15.772761	-17.843919	-7.662066	5.063819	-17.842692	-22.022587	0.999063	-16.559363	7.804413	-11.267554	-3.184109	6.665963	-12.949389	6.796378	-10.206304	13.813310	-19.285865	15.895167	24.025856	5.663092	-19.789907	24.750876	-21.420558	-12.957067	-2.611364	-14.253593	25.872730	-11.117659	0.698499	-6.311946	20.292689	16.350545	3.048530	-17.670222	-1.712687	27.943070	-7.750287	
18.654001	-19.334869	-11.790883	16.105243	24.652633	2.523102	1.332064	16.258192	-23.816326	-5.305535	-14.520030	15.156797	0.557462	-10.149600	-4.487301	19.291325	10.804619	17.942151	-13.806246	-25.317953	-24.447063	-23.625349	11.604811	-27.584562	21.896865	-7.030149	-6.005766	-24.487413	-22.982157	17.697838	14.115007	-16.800078	6.827302	-2.931265	-6.169442	-4.975518	-0.142015	13.398866	-20.416592	-14.228201	12.333882	-26.809794	-26.455809	-25.549855	-25.612522	-3.371913	-20.332060	-18.950945	-3.335762	27.542387	
5.397356	0.842469	-17.451615	13.579815	-10.948551	-14.283007	-6.885491	-4.754090	-19.437788	-0.201393	4.274460	-16.137299	-4.325323	4.484656	6.828286	-18.441388	12.289458	-7.417995	19.908077	-12.751308	1.088051	17.861986	6.590825	19.469893	-5.563520	11.738008	-13.427510	2.829403	-0.497855	-2.884952	6.595758	-4.002756	-1.510818	-15.308849	1.752951	5.191359	14.474471	-9.647755	8.112996	-10.485966	-12.949324	10.901696	-19.697867	11.995906	13.488126	0.047514	12.734907	-11.341057	8.162154	19.106664	
-2.152703	16.990570	0.492168	-7.996973	-14.875122	22.553038	-17.311160	-23.988493	-0.845502	17.223335	-8.256814	-16.914875	13.686650	-25.981540	18.109700	23.975615	-25.089103	15.454632	-0.875173	-24.036318	-9.999784	-7.013370	-2.008308	11.851001	-17.826921	-11.990099	2.442265	-25.179769	25.914125	-6.348490	14.175585	1.738673	23.674810	11.548632	-7.878510	2.255794	-7.530780	21.435319	19.278017	18.189241	15.864762	-13.843746	-19.818271	2.516455	-16.028449	-21.263789	-8.953274	-18.132567	16.651991	19.422799	
6.313692	3.373323	22.667746	-8.961347	23.358128	18.253207	21.252837	27.180478	-23.046348	-29.911968	-24.025192	-2.651858	-22.355627	-2.834599	22.825049	13.548677	-1.099029	-4.064423	5.457412	-10.145717	19.476745	-18.743238	13.176530	-2.152922	-29.066064	1.738722	-20.435393	21.289101	5.462418	-0.908991	-6.017114	-3.926433	-20.932492	23.694850	20.716172	29.293377	23.598403	-9.006633	-20.272195	-14.848619	13.152310	-3.974027	26.292189	-27.072963	-15.687949	-6.503559	19.016044	-27.585244	20.797879	6.348511	
-22.845562	0.546961	13.019760	-12.062058	-3.203019	-6.006843	-8.092455	-19.778754	13.094902	-0.281274	-9.814152	-10.111246	-14.354341	11.945937	3.633020	-9.973613	18.678355	-2.245977	-20.167421	10.376328	18.294649	10.982878	-7.463793	19.806678	-15.137121	-13.435379	-11.416586	16.826699	-1.168494	10.866351	4.267664	0.313026	16.852946	21.082638	16.616094	11.772651	-17.049227	-0.656028	10.931553	3.475920	-20.029876	19.291673	18.057447	-10.478388	12.619661	2.348194	-2.548796	-22.684890	10.946525	8.044484	
16.573228	9.809374	11.333698	-5.647911	-12.157277	7.377481	-3.760042	2.097412	3.515535	-11.360335	-5.326690	16.622424	12.264280	-13.746232	18.861374	22.478414	10.598003	-5.335794	-7.051701	13.919446	-1.406353	24.876517	8.139197	-7.881304	5.972518	17.234526	-4.378171	-22.520383	-19.300857	-0.570176	-1.846987	-4.543548	-13.533818	-16.821963	-2.222200	-3.283720	23.075021	17.528413	2.820519	9.428104	23.103992	-16.205582	2.061611	-18.418785	11.494291	5.229328	-22.317728	16.536390	21.823108	3.370051	
-5.271097	-1.751442	-8.730781	16.323642	6.309485	-13.775586	2.453823	-9.340326	2.959707	-18.563620	17.594938	14.831196	4.361023	14.690540	-17.823492	-9.498950	1.532006	7.528939	-9.505648	4.867024	2.461883	12.513523	-9.559046	-16.149375	4.051899	-9.718646	11.950088	-16.121403	7.900107	16.764715	-4.596698	7.765560	-3.125655	-16.504852	-4.977493	-0.305228	10.201414	3.342909	-1.216157	16.930822	-7.828511	0.686437	12.457548	-8.285427	13.851234	9.854806	-9.127374	-15.313509	-15.783656	10.137050	
-0.136993	4.317095	-21.259149	13.243926	-23.906905	25.297427	10.028400	-7.801486	19.081245	1.283099	-7.547359	23.129442	-13.781457	2.645438	16.387343	-22.587785	-14.056331	-9.487088	-14.516406	12.318650	-9.362722	-8.040641	20.774558	23.397381	-1.750010	-21.925281	22.177949	-15.787821	-19.083309	-25.403165	-20.337999	11.545075	-20.345928	-2.452089	-15.250286	5.839058	-12.171211	6.007506	-5.884916	0.880915	1.920963	15.090858	-0.668600	7.006942	-11.822407	-15.793521	23.314810	8.925272	25.884348	-15.797626	
-2.688388	-8.116919	19.216776	-14.769916	15.758927	-19.130896	4.976715	-9.043818	22.105751	26.583768	19.408026	-3.741629	2.742939	17.877998	10.647137	-7.879723	12.674478	20.349362	-13.011549	9.451182	-10.789584	-3.942124	7.939580	3.511388	2.168672	-16.653945	-26.496062	3.651512	16.384846	18.466742	-0.309306	-15.817031	-9.290381	-0.973836	-4.355209	-7.398621	-4.002146	6.333640	-15.819115	5.137809	-19.318406	-11.925051	-22.908138	-17.975281	-1.474006	2.789383	21.367301	-25.553480	-6.890662	2.677681	
2.594965	-28.042919	27.593268	-3.126848	-16.385723	-3.338588	-9.523457	20.560738	18.437618	-13.334731	-26.729461	4.995977	-6.340407	22.223754	22.056183	-24.249517	9.982776	-9.808142	-18.161790	-22.937826	-19.971041	17.878632	17.804795	19.334076	-26.147541	-19.049466	17.913081	-0.608248	-22.258113	0.537119	-22.226003	6.975260	26.522821	13.629792	-22.694522	-24.731837	10.442628	14.775054	20.347351	-21.810551	7.517833	19.943745	21.346522	24.125706	26.540820	-12.061626	26.955274	-14.090031	-20.112390	13.690879	
3.091428	9.367295	-7.262844	3.499158	-17.804751	-5.711327	-4.058787	6.850034	18.299763	-12.646391	-16.301830	-9.429824	1.883649	7.206006	0.765475	-7.507893	-8.510595	1.628722	-15.937451	13.773653	9.632379	14.215547	-7.425391	-2.566371	-2.786468	-11.280609	-10.306461	16.144016	6.810902	-8.183936	-14.781083	10.327343	7.158283	-12.328690	-3.357446	18.254580	9.527434	2.967277	15.792719	9.452163	5.035613	14.052700	10.526409	-3.125979	3.160113	-6.079030	-0.764326	16.624508	-2.666659	2.474203	
-0.752850	-8.423124	16.751578	-18.778399	3.737434	15.978075	-0.808373	0.221393	-2.554860	-17.365631	7.029674	15.112236	-11.518638	18.200555	20.317163	-14.329496	20.787772	-3.518345	-13.527198	3.694025	-17.515265	1.994652	-10.511800	-11.405003	-7.063323	22.692693	18.811997	12.483882	-9.479416	22.126145	-16.709575	6.493019	-0.852799	12.846870	-20.007962	-14.412411	11.069753	10.541813	16.885830	-13.822037	10.904940	2.908688	-7.491071	-3.772313	1.612404	-0.055529	-13.286330	-17.314712	2.559842	-21.230580	
9.232466	12.735444	3.261987	-10.805637	-2.441944	-12.128820	-17.238956	-9.769792	-9.424162	10.707301	-14.313690	9.095011	17.304519	-20.467062	-13.650850	-3.028236	-0.435718	3.811716	22.397697	-2.257589	17.263249	-2.525078	3.390622	19.867002	-0.223022	-3.893893	-17.847218	14.004986	16.403983	1.483062	-16.775332	19.005224	-2.296661	-2.949163	-4.507482	-21.514540	-17.428055	-1.455611	16.119568	17.585796	3.881814	6.244228	-0.375030	-4.748746	-16.895358	16.660790	-20.941991	19.221808	13.619589	-20.036554	
4.513412	-13.615906	-9.845225	22.686290	-28.758261	11.812341	-8.082437	-8.346333	-8.349003	-12.612314	32.108504	8.202501	-4.430094	19.975845	-18.849066	2.333505	-2.805811	-17.839892	-23.445032	11.766282	-10.910721	-4.674468	22.909456	13.727893	-28.359725	18.348003	-4.880116	31.969618	-9.593894	-28.837477	23.097097	-28.964922	1.396833	4.468824	-0.681662	-29.792821	9.745853	-31.339948	24.107874	-7.057039	-13.995101	12.210381	-15.275902	8.727329	-27.599551	-29.114045	5.814812	8.950457	-27.725955	28.965016	
14.992538	-21.865693	-7.958154	-12.991140	-19.351287	-1.695714	18.882942	16.151759	-6.230116	11.517349	26.400827	-5.652740	-20.134049	-6.064713	-21.970870	18.330045	4.830449	-25.844393	16.971010	15.569114	-3.086826	-4.429616	-17.644240	20.719655	23.360575	8.504218	16.927567	12.958896	-24.164879	-24.810996	3.195758	-19.030788	-9.947915	7.232763	19.751839	4.460939	-26.952193	7.879275	10.558448	-2.785569	17.573537	12.791716	-26.980416	12.201571	6.073064	-1.935568	-21.604641	-5.993382	-15.247360	23.787076	
-1.957657	3.337365	-2.623340	-2.719319	-7.142557	-16.854102	-9.223931	16.369492	11.958839	-8.126096	-16.247108	-5.622070	11.933004	-8.458657	18.970185	5.505744	10.983803	-12.527766	-10.532388	18.193930	-17.627480	-2.492305	2.232996	-14.319741	-14.314595	-1.691485	11.774705	-19.982185	-13.919121	-12.516996	17.578748	3.575765	-17.106409	5.311115	15.809841	19.802670	-2.952732	19.998344	2.956888	19.439581	16.977285	-2.852171	-16.982681	-5.649876	-3.073818	-5.932258	11.600042	12.508539	5.477214	-15.918227	
16.862387	-1.601691	6.841882	-0.164941	-8.728106	17.306882	-10.527842	-3.734938	0.483152	-20.610141	-17.064206	-24.379499	-12.340399	3.301119	11.465911	22.405676	9.949147	11.150888	-1.614139	17.848411	4.851773	6.108607	12.904659	-22.552317	5.559854	14.003024	24.745217	15.439071	-6.702990	23.472925	8.266175	-9.329750	-10.589112	1.091623	-24.221085	-11.333813	7.573508	-11.109817	-6.636927	-18.309383	16.600189	0.138483	23.261490	21.678578	-20.770491	-1.781540	-10.606534	15.895913	-20.144471	1.382337	
-5.896796	17.276755	-4.057672	-3.674601	-6.607185	-14.054813	-16.576194	-18.192810	-10.423510	-17.057920	17.159665	4.998930	-4.539295	-19.345355	11.194520	17.173068	-16.950454	21.650196	17.779651	-0.306286	8.414873	-12.012208	15.283775	-6.198211	-18.623754	13.019739	-8.882630	6.671235	-16.922478	4.281517	-12.923432	-4.710924	17.659547	-5.499589	-21.653203	21.569960	-9.019898	-21.524631	-11.108619	20.391536	-13.819476	-18.685160	10.693508	17.615178	16.978579	9.460731	6.303837	9.770310	6.047613	-16.788341	
-18.582594	6.750434	14.649160	11.183068	9.339115	17.274279	10.997503	-21.283183	4.842290	-12.958126	15.562564	4.790816	-4.988137	-8.243005	0.734362	-18.053842	5.959905	4.226306	-4.977101	-4.159440	16.126675	4.161691	-1.684314	10.408402	-8.281163	-13.924546	20.282147	-4.496264	3.797865	12.147910	6.025884	-22.916742	-15.000590	-18.565172	8.604715	14.004802	0.253688	15.150588	-6.445099	23.353259	-21.530096	3.894554	-6.592275	-9.995000	-19.319027	-3.983935	-8.274914	-1.958595	8.361016	2.128846	
-4.781662	3.265940	6.794506	19.127611	-7.848631	16.294351	-11.486573	17.193280	-12.929542	-1.867370	-16.608667	-13.379609	-2.639328	-5.939668	14.339768	18.352874	1.662462	6.603542	0.232509	14.152435	-0.490468	-8.674594	-4.082107	-20.971883	-19.576951	-0.113936	5.468692	-3.098120	13.963946	17.959425	-19.637115	9.931401	16.364073	15.442205	-8.768627	16.531194	-7.287441	-2.533758	-7.451716	7.898759	-0.884021	-20.775666	-19.570361	11.024487	19.056271	-3.422262	-11.257001	-14.720088	-20.019038	19.869984	
3.412575	-6.320586	-4.966440	-9.576595	-13.153174	-3.496750	17.425983	21.307653	9.894263	-12.687645	-2.567658	-15.713541	-19.807128	-15.523910	-13.163155	17.491211	16.737884	1.924470	0.823875	7.806230	-18.062113	-18.997135	-18.041189	12.477315	-6.341485	8.258950	5.059066	-18.327888	12.437303	-1.185695	6.725994	13.913022	5.981742	12.115961	7.310484	-18.103276	12.158765	4.102339	0.847638	2.996533	-16.625592	20.809317	2.192081	18.553035	-0.003587	-11.369050	-18.155939	1.616986	10.832928	-4.957358	
-4.142448	-9.652251	18.290468	4.891693	5.457714	11.644124	5.539208	-9.329417	-12.652699	21.221471	-5.194770	11.671712	-15.912819	-9.375066	-11.777209	12.725420	10.416068	-11.204857	-2.181792	13.794936	-3.557704	8.634010	-18.316699	10.299488	-13.671283	-11.746878	1.650534	-11.088342	-11.215078	7.779448	21.414261	-17.219664	10.405428	12.804023	23.808490	3.580521	8.644979	-6.469319	-18.781117	-22.327277	-23.690875	12.359496	-13.152763	-10.020587	5.836235	8.700196	-15.690220	4.270828	11.838430	-10.533579	
22.770865	-3.507584	5.218120	-1.228099	-14.667463	8.269499	-16.436150	-17.753975	-7.804133	-19.951995	-8.487927	24.473595	2.955759	-21.566124	17.044465	-16.940670	11.364606	-15.014251	19.823622	18.689938	7.186707	3.153076	9.750580	2.061809	-4.636036	-21.974665	19.017197	-24.664772	-15.463373	18.314317	-3.909414	-22.380660	-15.917715	-18.330038	16.712138	-7.345448	-23.128436	23.640788	-3.630320	2.979132	23.087430	18.713158	4.555617	17.801002	1.138248	1.245570	3.931584	-2.191897	9.526646	2.257449	
8.477496	-10.181103	16.044972	8.227483	-14.188038	14.406532	1.444794	-2.639306	5.813317	-11.074077	7.133387	-9.978800	4.097947	-13.172582	-0.815846	-9.964794	-12.650753	14.097887	-18.477108	9.233270	-7.438280	3.296533	3.928816	20.607015	-14.679021	5.252819	12.415864	16.077256	20.892452	6.675133	-9.477405	-15.636499	-9.802640	-18.571492	-19.272024	8.763089	17.124431	5.088618	-13.717351	-14.355146	5.456851	8.762510	19.432257	13.763698	-9.654803	-20.843578	0.031330	-8.750649	-1.448275	-4.295136	
6.114288	-3.192954	-12.218312	25.100486	21.204517	-23.000510	-12.895209	8.013346	17.786871	13.377299	-13.066157	17.642078	11.705186	-17.327200	-13.686435	-13.210684	27.446732	28.832198	3.160451	-19.414656	-9.576396	0.372027	7.684800	-9.192116	17.826856	7.238792	-20.718787	29.524375	-7.325306	8.622986	-7.112358	11.807681	-22.449332	13.447975	17.935170	29.000818	-0.164898	-1.290252	-1.861963	21.457856	-29.643304	24.151692	24.726494	-29.377874	-13.011546	3.189450	-8.719325	-26.014638	14.818186	-22.717789	
-11.419380	6.403313	-0.046975	10.902439	17.881973	6.474897	-5.904135	11.278929	16.782514	18.452307	21.277530	-16.071677	-18.777242	-1.114265	1.140615	-19.667961	17.309698	-2.604653	-9.275632	1.637943	-14.393309	-2.162058	18.949546	-5.140274	-9.849393	-14.626778	8.669315	-18.835147	4.349941	18.694135	-6.281552	-14.194217	23.432413	-17.554656	-1.332842	17.296143	3.214101	-19.910535	3.680067	13.916333	-21.318961	-13.450199	10.391526	3.947617	19.592032	11.893386	-20.207183	15.985129	-22.098045	4.885072	
2.557939	16.910891	10.289437	-10.592183	-0.904945	-7.188504	3.367817	12.682228	-7.749184	-3.358355	-15.372568	-7.485833	14.383414	-15.992683	-4.122028	-1.201316	6.379470	-1.114830	5.801039	16.715848	-5.631598	-13.384494	11.579790	3.892320	6.393877	10.247213	-17.769118	12.463869	12.398830	13.810303	-6.652654	-15.959029	-1.174202	7.210104	4.268312	-5.955930	0.075943	-12.984708	-14.929480	-12.372560	13.218619	12.116762	-1.876024	17.290390	7.341454	-16.042889	-12.603426	-17.320268	-4.953807	5.277604	
3.661044	20.986364	-17.989121	24.667893	-26.411234	-17.223851	-3.118957	-14.319535	2.263564	25.376810	-14.953444	18.961460	-21.841192	-19.419412	23.337413	15.563558	-17.137220	-13.166906	13.563348	11.271185	-7.378305	22.807329	18.522110	12.842532	19.624249	13.159869	15.977227	6.797727	23.968879	-25.723772	25.966514	14.143622	-0.622842	-11.808500	-10.219794	16.130732	7.516953	-19.189506	-11.111979	-19.211680	7.158396	-7.842377	-15.735957	-7.282465	-7.575949	-0.321788	0.386896	7.950304	-23.553747	-21.103125	
17.732853	6.819055	9.774854	11.381246	-2.517475	-6.283559	8.399679	7.113327	-2.447815	18.278520	-23.974055	18.836981	15.472516	-14.824339	2.276949	22.736410	4.781179	4.177597	-17.564691	23.259814	-13.587934	-5.223286	-27.552640	12.925258	6.154877	-1.950951	-20.847359	18.680322	27.486445	10.327022	14.453180	8.473421	11.216184	16.381769	-13.565301	-20.879721	-6.137127	15.792146	-24.180150	-0.241459	-15.200599	10.411227	18.733099	8.133698	20.146429	23.065494	-27.897434	-8.058836	3.592760	-15.700881	
20.322820	0.196990	2.665476	-23.039850	-19.310481	5.664641	24.722529	-27.983988	-6.041578	0.260866	3.812939	-7.357275	21.094675	24.567790	-0.678627	-3.572859	-21.684536	15.843944	16.507065	-1.314952	7.379459	0.716366	-9.803323	-5.635106	-19.520123	7.860529	-12.581187	23.519549	21.675328	12.179784	2.254299	-10.944184	-6.561966	15.575559	-20.874339	9.928343	24.615718	23.776562	-8.947184	-4.576346	-6.493748	-25.872652	27.038603	-19.375878	8.786125	-12.641095	23.141074	-23.879252	1.835043	-1.465868	
9.518690	-6.410108	6.639560	8.814632	-0.414291	14.256303	15.868732	15.168680	-11.246425	-1.267467	5.908662	-7.713962	0.941863	-4.996605	-1.601630	10.631034	-2.370179	-0.792390	1.366127	14.867556	-1.814864	-5.938330	-7.279887	-10.225517	2.676555	-1.965550	1.415652	6.453468	-10.752525	-8.382623	13.561417	-13.175686	6.442278	14.567585	-5.307903	3.805629	-9.182542	11.404692	-9.835569	7.259139	3.165047	7.256930	7.805048	-0.721472	9.072034	-13.609992	-10.872184	-3.554437	-1.561618	6.316759	
18.176635	3.889074	-9.492170	-16.498647	-21.186188	-9.014318	-13.243518	11.361673	-20.810564	-14.597148	-11.379468	23.326521	15.426981	18.134872	-14.930311	-17.384127	-3.161601	-22.889504	-5.080493	-3.134397	-18.799830	-2.675264	-2.198056	4.116027	-20.798086	4.763265	11.837764	4.204560	-2.853325	-0.677729	-1.620449	22.390568	11.980708	-6.855010	-16.763990	4.421938	-6.006679	-7.513088	-4.502543	12.816156	-18.422858	-20.846521	-0.262654	6.950224	21.874467	-0.244461	20.097300	6.446391	-20.024936	-21.907522	
22.792727	-19.353427	-0.241786	-0.909111	-22.953214	17.702083	10.268228	12.041645	-20.476179	9.008112	-13.920615	-5.488840	10.907669	-8.359939	-15.772272	23.846121	-3.948881	12.626276	20.706073	-12.599704	-3.095939	21.396692	0.715687	-4.538056	-7.764329	-4.208585	-9.109411	1.102536	21.885886	0.335806	19.607938	-20.390257	21.393740	14.110131	19.419955	11.599427	-13.128530	-11.177018	-12.438465	13.850659	18.036593	0.844739	2.738999	-12.835622	0.003579	21.183772	-7.524921	0.275304	0.955821	18.907453	
-23.392751	22.643421	-22.876907	-3.464963	-4.562092	6.185679	23.591102	10.457639	4.297612	19.913738	1.317224	6.533134	-15.028411	-11.994564	15.671032	-19.075571	-17.503906	14.572053	8.686969	-4.155696	26.797506	-1.548692	9.477543	-23.616191	25.018316	13.437934	-7.086498	-8.237634	-23.707604	-2.724059	-5.260130	24.917972	-0.236984	-17.825007	2.034962	-19.076074	13.757552	12.676014	17.053602	-22.997882	20.098067	-26.106385	0.413777	-26.260625	12.369486	-19.743135	-25.108000	-26.022653	-19.972985	15.904966	
-2.166325	9.359046	-7.025963	5.848360	3.822959	-1.628731	3.209574	-6.088779	-5.038268	-5.532805	-9.959707	-11.836898	12.656819	13.791072	-16.318257	13.725228	-14.825139	2.281415	-9.879394	-14.255129	-9.140279	-5.763685	16.415194	13.652760	14.987821	11.262042	1.571640	-1.619767	14.411116	0.926557	10.617668	12.500769	7.451119	-16.380064	-5.352127	-13.073128	14.063886	14.776435	8.422813	12.497107	-14.637652	15.961492	-6.788628	-16.202589	15.815029	-14.171030	4.361125	14.593683	0.318687	-5.131491	
-18.146789	14.896422	9.198384	16.957145	18.440733	21.700958	1.406964	22.974617	-14.438336	11.476656	-14.776335	-4.466124	-10.600566	5.480652	-6.436332	-23.206783	3.189814	5.315478	-0.127404	21.530091	13.733717	-10.094857	-16.795639	19.230197	17.461573	-20.220524	-21.275864	2.735371	-1.081875	12.526300	3.311905	14.647387	14.462429	-16.509766	-22.304636	-4.619832	1.433260	-3.986015	-5.797118	18.548275	11.901062	-12.670184	5.725632	20.067385	-19.413970	9.454969	-19.953323	-3.606605	3.475146	24.837634	
22.158551	16.967335	-20.504917	4.964659	-23.659713	13.819236	-12.979128	11.977008	7.634409	6.085147	-9.432439	2.412747	0.958584	-12.776477	-14.589908	-8.443683	-0.608868	-10.576655	-22.997135	1.866640	19.883826	10.093947	-16.866343	3.459194	-0.292121	-12.479904	15.839037	-13.452338	16.023192	-13.953548	15.033958	-3.390340	19.251424	-0.214278	-9.039813	17.341525	-21.687125	-8.740545	13.503872	-11.890794	22.730224	-15.003332	-5.041341	2.418170	11.058996	16.866484	12.900299	-13.235416	16.284125	15.741144	
11.132850	8.618144	-21.928974	7.549364	12.739197	-11.864029	9.680020	8.837072	-6.418085	1.480588	17.610874	3.070431	-2.286868	-11.738470	-1.130298	15.791480	-8.608000	-21.072580	-10.200621	16.989962	15.948076	20.467104	14.632054	-7.222339	-15.684506	20.646439	17.956081	12.788933	-12.428808	-19.703966	15.280506	-21.912562	19.666601	21.437048	-2.907083	4.137653	-21.837213	-16.007926	-4.402011	-13.093962	10.813214	-8.589294	18.364427	-17.637578	17.633547	6.373919	5.462278	-15.574302	6.638649	19.452221	
-11.752035	-14.867293	-14.214626	17.892158	-21.261631	-1.662032	-23.629741	9.805424	8.682687	5.174660	11.979701	-5.158232	-21.633772	-1.398485	11.095855	20.325636	-6.543239	6.646887	13.970391	21.399718	14.312516	18.752554	-2.743257	-12.275146	-9.411743	17.537262	-19.503043	0.068408	2.888795	-10.069646	5.461384	22.064853	-1.157972	-16.604682	-6.512221	-7.812599	-1.101780	1.339195	-10.736883	-20.635954	5.328873	-13.373815	-14.296316	14.237127	0.810711	10.706777	-21.669860	16.016566	22.847270	-2.896312	
28.324614	1.857942	-0.284599	-17.572744	-24.822281	-27.059765	26.996438	-11.452224	11.799807	0.741806	-24.405629	-3.101714	28.800745	-13.741447	4.536551	-8.361912	12.272828	3.181545	15.223981	-6.681163	24.263902	4.430841	18.816316	-14.452621	-20.599606	-29.624802	-7.154055	-21.974691	30.511918	-25.609697	-21.603626	-17.699908	-11.804783	19.795685	-5.223908	-25.076845	27.903700	-20.905481	14.125454	-19.363112	-24.412329	30.712907	-7.217081	11.825432	23.040691	-6.764773	6.624094	-29.493823	22.317713	-14.117339	
-23.355899	6.741682	13.024000	13.825994	-15.510311	-20.286750	-19.455122	18.055630	-20.818725	-12.293594	-8.274366	-23.437601	13.208832	0.174187	22.583209	-2.961283	-22.842322	3.288046	19.533432	5.871758	20.737128	15.148102	-5.738590	2.117359	-9.659335	16.826839	4.324963	23.112495	9.635214	13.784159	-11.238864	-2.994750	18.200342	7.636576	15.933660	-3.146671	-14.037281	-22.213542	-20.130597	-3.037039	11.783695	-13.423359	1.546609	4.181189	21.435969	12.486052	-18.811482	20.369242	-2.920394	-7.944353	
-9.531802	-2.126840	14.253205	-12.144428	-14.391472	-13.978867	22.768966	-16.653815	4.200755	12.402409	-19.000388	12.103724	19.045860	21.283615	-6.561026	16.508286	11.728039	-8.418889	-19.728164	15.432556	16.871077	9.924700	1.943462	10.915657	17.462054	-3.868361	-12.291479	11.813852	-19.332764	4.261107	25.045427	-16.560696	12.294509	-23.355131	-3.734080	-3.506284	25.084978	-5.966743	12.830073	-18.099800	20.399263	25.316556	-0.873440	19.721318	-5.241028	-13.053717	13.885794	7.877452	2.095149	17.111024	
-18.657873	9.629976	-4.768452	17.390118	-21.954436	-8.612892	-13.008309	-16.004872	15.923111	-21.700800	-18.031098	-8.515392	13.557376	2.990133	-9.100829	-13.844786	-10.211776	18.693089	-10.598785	10.192210	-7.874883	17.267954	15.918541	-21.690384	-6.887397	21.968882	-19.455694	-3.631136	7.628703	-17.188106	-6.185235	-15.572582	-11.734741	-10.230576	15.947224	-10.543906	10.471666	-15.502448	-17.109016	-10.415947	8.907492	5.355937	15.988741	-7.125116	-13.196594	-8.365132	10.607155	19.630548	-17.878364	17.939459	
17.811308	-25.560537	-6.881766	10.132682	-26.669270	7.367743	-25.514888	18.422176	-18.755988	-16.405905	2.418648	12.184840	-27.269713	9.598801	-1.624311	-12.905214	9.533358	13.219365	-21.866779	-7.125686	14.663944	-26.549552	27.714044	-1.745943	21.529102	21.109467	2.279280	17.916319	3.125184	-25.790839	18.342206	6.174864	24.587975	19.512046	-21.347675	7.948736	-8.579068	-15.583704	17.171252	16.896929	21.356638	-17.204162	-11.472693	-12.744244	21.131811	-21.090276	4.471562	25.691644	22.495338	14.750935	
13.651390	-11.354361	8.941551	11.415622	-2.215475	7.697459	-11.523841	-10.515332	-10.395459	9.312968	-11.887282	9.522870	-20.158364	-12.437845	-0.775976	-2.452596	-11.412654	-15.625782	9.881442	-15.713573	0.986162	-1.978943	-2.099858	-15.681567	-2.839470	-17.554421	18.291920	5.855274	10.798434	1.167839	6.237998	-0.957736	0.465569	-18.162711	14.498736	2.914168	17.849890	-15.547273	1.959693	-5.785689	13.162875	3.637517	-18.446501	12.414362	-15.904560	10.820156	17.560833	-18.406103	-7.842314	-17.061916	
-9.934405	-9.423433	11.302599	17.157930	-9.315242	10.008317	23.170588	-11.287722	-8.388359	0.098563	-14.238791	12.019295	-16.520835	19.085269	-13.759510	9.219583	-9.622618	11.927620	-11.289760	-15.416089	-10.059451	-6.859664	-23.222903	15.858633	-3.953431	-22.633456	13.117315	9.469465	-12.607483	-19.218095	12.542836	-1.699653	-18.390801	2.407730	9.849066	5.711213	-17.013037	12.963042	-2.160572	-20.740392	8.411943	5.475215	-23.732247	-11.422715	-14.849189	-11.535284	-13.003145	21.079323	-22.678532	8.129061	
-2.705795	19.214318	-15.186464	4.107970	6.983280	16.612931	-16.390712	9.706601	-6.441686	-12.669321	-9.013499	-20.402904	-5.400438	16.046934	-2.689915	18.712686	9.513343	2.567589	14.605573	-4.304329	-12.022010	10.062165	-25.601808	-0.767810	-11.095087	14.100640	15.479934	15.535066	4.893103	-18.599522	16.598714	-20.717591	18.389470	-9.512245	-25.489071	-21.111825	5.455496	20.545037	-4.084921	16.561647	17.308345	-25.063608	-17.386735	1.117880	-15.931705	22.561297	10.352962	-12.263401	16.190019	6.008812	
8.225919	17.954363	6.862617	-1.807454	21.127053	-12.691543	16.052774	-3.416528	-18.970389	2.980612	-10.803642	-16.451577	20.788331	12.486968	7.904129	-18.231750	-9.896060	0.591943	-14.079842	-4.457041	-13.281133	-10.996813	-4.078430	16.718777	8.470637	17.243359	17.743954	10.443308	12.157243	4.077292	-0.988617	19.358425	-21.737266	-14.792550	-7.737474	21.161754	-3.312229	-0.100298	17.061678	-1.061693	1.961607	-17.289224	-8.418620	-12.921539	-0.211029	15.893036	-0.725014	6.477328	16.424332	12.692389	
2.007405	18.774780	-4.959021	10.814654	-20.418321	10.519995	9.843879	10.655074	16.734398	15.590314	-19.028900	2.474805	4.620938	18.812765	-1.685177	13.145598	0.289516	-9.511128	-8.121271	-16.860196	-21.748576	9.174653	-12.343556	-6.538427	12.413595	-5.975282	14.875852	-2.774524	9.199252	-17.922716	5.858027	-20.000000	-10.237427	-17.462515	9.855993	-3.395437	-21.960867	-17.070720	0.379911	-4.376721	0.241069	-4.983080	-0.666536	-7.246307	-21.203693	-6.069455	21.841898	10.711603	-8.553167	0.507916	
-25.675071	3.216402	31.434802	22.612201	-14.154845	12.409345	26.636412	-11.324963	2.106639	-31.357336	17.929532	-23.458599	-14.603019	-29.215313	1.667778	-24.427939	23.131987	0.189268	20.338603	-17.197448	-25.137477	-2.905943	-27.006489	4.330261	-16.960630	-8.919441	10.617438	-13.560208	20.585243	-3.454112	-16.142421	19.831458	-10.910527	18.701733	-0.198349	-0.620916	19.430372	-13.304617	-29.737988	7.927510	-31.684443	22.608671	-23.608840	6.477845	19.429152	-26.391613	-4.933631	21.744345	-28.926970	-5.938835	
6.569070	-12.790774	-4.342444	-17.868450	7.054834	-20.235955	20.474496	0.998634	2.558259	-14.159665	20.764249	7.185569	6.653128	-10.547801	-3.461130	-6.642968	-0.924623	-13.610915	5.686344	-12.547163	15.971513	-2.188384	-7.011211	-14.581043	9.093498	-2.809195	4.380930	-0.111531	19.071832	-20.488452	2.608261	14.641340	17.807836	0.747336	-20.611977	-17.634115	-3.007698	-7.132700	-6.377791	1.684087	12.464212	-16.818396	20.831641	5.301496	-6.571297	-19.068056	12.947303	-16.289049	-2.728143	-3.031215	
5.602742	4.951106	28.192981	14.909660	11.253447	15.099614	9.372522	-11.734240	15.942038	12.444927	-19.961912	0.032119	-17.485185	-29.060775	-9.152763	16.581187	23.651256	10.846485	-9.700630	29.460249	-27.995403	-12.733061	25.980590	10.957537	-13.490205	-6.721633	-2.605271	12.026613	14.859225	-9.998961	29.360183	-26.957121	-24.192466	19.816970	-20.805434	-12.051716	15.573534	-13.168608	8.070135	25.154614	3.845882	11.346560	-1.106961	-13.880045	-7.555623	-18.087198	-16.958545	-10.309984	-16.663197	0.891808	
21.235857	-3.694266	5.191567	-17.312102	-1.473989	12.752830	-19.475625	21.914899	4.446158	-8.181073	11.744526	-11.014910	-18.995421	-16.812274	-0.389165	2.474887	-16.786787	10.768185	10.556437	19.318942	-9.641006	2.888986	3.872285	21.994051	7.439613	1.879563	-1.504333	9.085846	-0.787545	19.126560	-16.897798	-3.587481	17.227049	-3.915128	-10.429393	21.979676	1.282233	-9.919053	-1.498492	-5.223523	12.291982	-18.175450	-14.163457	20.273296	-0.045747	-21.775246	-1.210247	-8.477968	1.494917	11.598140	
13.618206	12.462084	-6.600198	24.809416	-5.244833	-22.377411	-8.053945	-18.074870	22.638292	-16.533742	-0.535438	8.721055	20.294249	24.747948	-7.956620	-9.374396	-5.155945	-14.479370	0.881647	16.687796	4.296836	-14.125407	0.706616	-6.641445	21.153481	18.015367	19.965925	-5.446003	-20.937511	-12.154234	-12.834942	-16.383428	15.148668	-2.710182	-16.984841	-26.370073	-7.525084	-17.259999	3.860876	11.599563	20.635486	-9.205286	19.225019	-3.211974	-2.824078	-6.874334	8.225045	-11.779437	-12.460899	-24.297210	
-11.381510	-18.570144	-10.360503	13.392443	21.125735	-1.312025	-23.109575	16.830967	-11.140977	-17.693329	3.615256	17.894448	26.792443	-20.640913	-7.843566	-9.828400	20.901812	16.069547	6.238946	25.901872	-3.742861	-10.523097	2.724380	17.752996	19.106366	22.611553	-4.684673	-20.708763	-4.097108	11.337928	6.399459	24.013466	-16.510059	8.411016	12.620544	14.718505	13.630165	21.533447	-17.734762	-16.177230	-3.261334	18.045677	-23.317057	-7.001240	-10.839339	12.768038	16.444178	-15.759002	20.044358	2.530059	
-12.014146	-22.721650	17.096272	-20.065808	10.723094	-4.962764	5.065372	0.306900	-20.511696	-17.546391	3.793087	-13.262703	-15.187344	4.956786	-21.228508	11.856768	-7.166548	-20.383275	-10.143697	-4.485546	0.008833	8.530707	-5.068051	2.217564	4.410173	11.672550	-3.904392	18.285887	-10.601440	-8.983590	-15.487955	-22.144434	16.776097	-11.652567	-6.944392	-14.024329	-12.840170	4.491259	-7.359351	-5.445774	-22.837582	8.476194	-21.283852	-0.697852	4.212866	-19.843048	-13.716345	-11.692742	3.810199	18.115332	
-3.734153	-19.144278	-13.600911	-10.060293	20.693710	11.819272	13.248301	-10.400489	0.172972	-21.212640	17.362328	5.235316	5.654230	-17.134752	14.313392	-5.551298	4.961522	-10.724443	-7.365736	-20.341543	-1.357938	-9.892444	-8.542519	4.903081	10.578038	-9.723784	1.765492	-16.212970	12.834893	15.235058	-10.454646	15.107545	10.863885	-17.019462	-7.166030	16.031105	13.706787	-21.640899	-1.817193	8.025565	-3.828840	21.351349	-16.134017	-11.400058	14.561333	-14.699164	-18.289456	-2.415864	20.851321	2.455630	
18.970226	21.294732	-10.961582	10.048243	-9.611156	-1.140438	2.906945	18.396571	22.867810	21.929244	-11.724638	9.820921	5.270239	4.879962	-17.499223	-21.975342	-22.800700	22.052302	-15.443276	10.993147	18.644354	-0.939740	-23.226132	19.518491	-21.659998	6.497604	10.728852	21.330589	-6.912942	18.830583	-3.417200	0.366455	9.790701	-6.005797	17.283449	14.553233	-18.617658	-1.585381	14.380594	3.366910	13.241935	-22.981345	18.833701	3.861179	22.952829	-0.715976	-22.786358	9.908917	2.595024	-22.337286	
-28.933665	3.086723	15.110515	-6.555368	27.057619	27.687824	-28.456491	11.375157	-15.205234	-4.547690	10.822000	-6.460573	14.453737	4.165375	6.109093	-7.804856	11.085248	-9.227217	-26.095792	28.751174	-2.779266	0.177514	12.505814	-18.196891	21.047563	3.648568	23.219044	-25.434525	-6.331163	12.750753	-19.249146	17.810240	-11.746475	1.957973	-21.008624	0.136391	-20.715868	12.036153	-18.819000	-27.875949	-28.346815	12.781373	-20.665400	-25.058307	23.128903	-2.364435	-9.348487	-15.207037	4.978633	-19.346297	
-18.691443	-12.606814	-10.143217	-17.601398	-2.816744	-8.548411	21.893742	13.015482	-1.522277	6.775623	11.944741	-11.042334	-22.908115	3.481432	-25.067783	-11.081098	23.798077	10.444698	-1.520944	22.050325	9.926261	10.802224	5.706480	-13.739274	17.882541	23.492399	-25.282407	-13.763534	16.276062	-19.493601	4.593092	24.648941	-26.301787	8.794165	-15.057009	-7.437116	17.974593	-4.341697	-25.042641	-18.560462	-21.472405	18.270774	-24.146472	-26.318170	-2.852349	15.415425	-21.066711	17.385894	-8.729736	6.562105	
-20.021384	12.881324	-20.618328	-7.708079	-23.834642	17.527240	6.132112	14.540091	6.008039	-1.065888	-8.762618	23.198507	3.645731	12.319405	13.657984	-14.067039	6.158854	1.140693	-8.823951	-4.716078	-10.043205	-22.423477	19.624994	-0.928602	19.367024	-6.431711	19.134253	2.358575	-8.452566	3.537520	13.445032	17.219003	-5.118962	0.520240	21.933880	8.322875	-0.350562	18.127416	-21.593645	7.706287	-19.909645	2.364555	-13.640621	-13.137924	1.698413	-17.274848	9.569314	-13.162961	10.279640	14.876749	
0.017367	0.018768	0.004112	0.024757	0.009759	0.013151	0.005509	0.018724	0.012120	0.039983	0.014551	0.033146	0.032468	0.032659	0.021503	0.036807	0.011075	0.023895	0.017294	0.019283	0.003649	0.008722	0.040622	0.034162	0.030881	0.004047	0.025605	0.040272	0.039263	0.015870	0.017363	0.023704	0.028792	0.010954	0.034910	0.005005	0.015781	0.018522	0.030966	0.001598	0.015447	0.021957	0.028539	0.019068	0.020749	0.001848	0.002202	0.024663	0.020438	0.007471	
0.016608	0.039693	0.021459	0.024163	0.021388	0.027122	0.015074	0.003512	0.007071	0.024994	0.010054	0.016662	0.038071	0.021631	0.005512	0.011584	0.014238	0.001639	0.035603	0.032037	0.016836	0.014980	0.033056	0.023763	0.030420	0.024907	0.013193	0.032734	0.011882	0.001778	0.017322	0.003078	0.031569	0.030011	0.009796	0.028053	0.008681	0.037551	0.028483	0.016687	0.012260	0.028920	0.025385	0.012653	0.027471	0.030415	0.007788	0.005961	0.022045	0.024210	
0.026399	0.024069	0.027260	0.028057	0.029510	0.026687	0.020739	0.028618	0.008480	0.008438	0.020209	0.010373	0.004410	0.001153	0.009455	0.017595	0.011735	0.010970	0.039819	0.012967	0.006426	0.036700	0.031825	0.020758	0.014145	0.035144	0.014144	0.039787	0.020999	0.019651	0.002850	0.010264	0.032050	0.001937	0.018792	0.021470	0.024305	0.012915	0.009166	0.037475	0.038119	0.038037	0.000400	0.016341	0.009246	0.011114	0.020588	0.016464	0.033013	0.038935	
0.030729	0.023010	0.023550	0.024388	0.022962	0.008054	0.013074	0.023180	0.009477	0.019125	0.020860	0.031389	0.015035	0.014621	0.034481	0.036137	0.013220	0.006588	0.012493	0.016506	0.029719	0.031061	0.009691	0.003843	0.014006	0.034997	0.032374	0.006360	0.028139	0.022372	0.031208	0.013637	0.034294	0.029717	0.030771	0.028602	0.026948	0.008045	0.007555	0.012740	0.008582	0.030141	0.003930	0.017109	0.005515	0.030326	0.033735	0.012922	0.013536	0.009245	
0.017652	0.023080	0.003500	0.034251	0.013955	0.023133	0.017439	0.014913	0.026386	0.028420	0.035512	0.018688	0.007809	0.033806	0.008501	0.004283	0.021935	0.007551	0.036692	0.004465	0.029530	0.007838	0.021042	0.028869	0.014373	0.018766	0.028299	0.037649	0.000574	0.024851	0.034273	0.029927	0.009170	0.011523	0.003009	0.023577	0.030150	0.031630	0.034663	0.018502	0.007362	0.037405	0.037299	0.014288	0.012278	0.021440	0.004562	0.012506	0.017665	0.015008	
0.024070	0.016999	0.011241	0.012635	0.028835	0.031237	0.035384	0.037210	0.038438	0.034537	0.013283	0.035278	0.003026	0.019265	0.022950	0.032372	0.036036	0.007217	0.038538	0.034753	0.011573	0.008420	0.038539	0.026533	0.010345	0.006495	0.001805	0.038091	0.015234	0.009280	0.023623	0.015866	0.015004	0.004679	0.033161	0.014892	0.008321	0.026504	0.034058	0.007770	0.002810	0.005313	0.034380	0.002290	0.037096	0.003564	0.008251	0.016424	0.019280	0.007098	
0.014531	0.011438	0.020393	0.028368	0.013714	0.017815	0.005309	0.031029	0.010818	0.029783	0.013186	0.037228	0.035616	0.035085	0.016642	0.024699	0.015030	0.000709	0.010988	0.009911	0.032964	0.017097	0.022688	0.032147	0.013100	0.036021	0.005880	0.034266	0.028576	0.010348	0.037150	0.016575	0.002015	0.028610	0.011020	0.005696	0.030125	0.022457	0.006854	0.020852	0.019185	0.006846	0.037716	0.001910	0.012936	0.019192	0.026467	0.030488	0.033550	0.014978	
0.039761	0.009004	0.025240	0.027144	0.015373	0.027183	0.023053	0.001348	0.016873	0.018318	0.004605	0.036391	0.005116	0.040948	0.034408	0.002602	0.037787	0.022887	0.009615	0.031392	0.015529	0.010177	0.018515	0.017450	0.022115	0.011285	0.012585	0.036655	0.039733	0.014073	0.017883	0.015320	0.001750	0.034988	0.014901	0.002179	0.012823	0.012395	0.009787	0.033191	0.033106	0.002994	0.019758	0.003312	0.019566	0.036403	0.035834	0.031854	0.002389	0.032399	
0.032983	0.011749	0.014269	0.000073	0.025947	0.017030	0.018602	0.018642	0.024132	0.021103	0.026250	0.014457	0.014834	0.019390	0.025621	0.017565	0.033914	0.002415	0.019666	0.014246	0.006132	0.028074	0.033374	0.001885	0.026818	0.035361	0.001045	0.011778	0.012060	0.026676	0.011596	0.022953	0.006031	0.037205	0.034895	0.031789	0.020706	0.002522	0.024042	0.009937	0.019508	0.002755	0.020710	0.035502	0.022635	0.033286	0.031149	0.016011	0.024398	0.036280	
0.027454	0.017284	0.033447	0.005156	0.020801	0.019308	0.017519	0.038224	0.031134	0.034073	0.025002	0.026103	0.031551	0.031777	0.008878	0.008912	0.037211	0.036277	0.010518	0.004767	0.002464	0.016610	0.035460	0.028623	0.016554	0.013572	0.010397	0.003497	0.037193	0.021216	0.036001	0.019973	0.009130	0.024569	0.017654	0.019439	0.033201	0.014521	0.000382	0.019694	0.017643	0.029943	0.020790	0.002708	0.029988	0.017926	0.013855	0.000087	0.012401	0.009117	
0.033124	0.004339	0.029091	0.023110	0.024794	0.034999	0.028719	0.017805	0.014132	0.025298	0.015608	0.020172	0.023282	0.010447	0.010679	0.022443	0.030449	0.015495	0.023255	0.024876	0.030930	0.021527	0.017646	0.017434	0.030617	0.034999	0.009888	0.032779	0.002902	0.027522	0.025138	0.026529	0.025953	0.004377	0.009357	0.022255	0.013514	0.001246	0.024241	0.026071	0.009281	0.028328	0.031181	0.012992	0.030516	0.003818	0.013148	0.007657	0.010596	0.015439	
0.002358	0.009181	0.018742	0.029316	0.036913	0.016735	0.034165	0.009553	0.003207	0.008723	0.026600	0.001656	0.039263	0.032486	0.033085	0.002411	0.037993	0.029928	0.001705	0.007304	0.008284	0.024661	0.011790	0.018312	0.005910	0.013012	0.012688	0.005150	0.000592	0.036908	0.017572	0.001766	0.017525	0.039138	0.019976	0.025094	0.005927	0.023331	0.036960	0.035598	0.025975	0.008294	0.030991	0.029975	0.020890	0.032559	0.007415	0.032441	0.030757	0.039189	
0.010123	0.016005	0.010535	0.002860	0.034179	0.004295	0.001234	0.023242	0.036590	0.012827	0.025980	0.006211	0.004548	0.033793	0.030228	0.026342	0.004489	0.035074	0.015282	0.026404	0.034386	0.036755	0.006081	0.023898	0.024182	0.013280	0.007642	0.011945	0.017569	0.035724	0.036554	0.018672	0.037517	0.016515	0.007491	0.001655	0.016616	0.002850	0.012983	0.026270	0.036905	0.026138	0.018129	0.029814	0.023374	0.018303	0.022097	0.033418	0.010996	0.032002	
0.015898	0.004765	0.034205	0.021071	0.025070	0.006824	0.003243	0.023797	0.038362	0.011556	0.013865	0.007278	0.010583	0.035385	0.027004	0.026955	0.015997	0.001148	0.009650	0.005949	0.020368	0.007652	0.011413	0.022995	0.012682	0.009983	0.034033	0.033057	0.032887	0.016905	0.042257	0.042414	0.012533	0.007774	0.038455	0.008451	0.008391	0.002740	0.007413	0.019658	0.035443	0.004967	0.010415	0.011478	0.036290	0.038286	0.036198	0.025009	0.033664	0.037586	
0.006166	0.040891	0.017838	0.008601	0.037139	0.014178	0.037045	0.008908	0.003508	0.009313	0.042283	0.001712	0.023888	0.018234	0.013851	0.026982	0.009210	0.020986	0.036594	0.004916	0.024023	0.002577	0.041122	0.006165	0.022855	0.000257	0.025450	0.012178	0.039923	0.014156	0.004488	0.036922	0.027468	0.010113	0.004699	0.002025	0.004718	0.035411	0.010171	0.026700	0.013122	0.024707	0.014464	0.042304	0.033432	0.023612	0.042781	0.024696	0.021229	0.025992	
0.033879	0.022453	0.019890	0.031596	0.020808	0.024970	0.028003	0.009908	0.014868	0.013342	0.014987	0.014932	0.024372	0.015967	0.038665	0.041330	0.023396	0.033088	0.040690	0.018011	0.004649	0.029669	0.024395	0.033174	0.009507	0.018102	0.002878	0.010921	0.010755	0.010428	0.019774	0.023211	0.010790	0.029927	0.032975	0.000265	0.001011	0.007688	0.022085	0.026190	0.027330	0.029101	0.014138	0.016279	0.011980	0.013796	0.030984	0.000130	0.041235	0.001476	
0.014033	0.029255	0.020026	0.024998	0.030731	0.015924	0.028644	0.036545	0.025496	0.023534	0.005832	0.005488	0.015977	0.007666	0.040999	0.001147	0.029024	0.026827	0.008591	0.015965	0.016878	0.007645	0.040183	0.036121	0.009584	0.024660	0.002503	0.027381	0.012243	0.001044	0.015861	0.038049	0.026841	0.039428	0.019871	0.000930	0.040094	0.010846	0.027951	0.035841	0.042077	0.001295	0.004329	0.022464	0.004229	0.004923	0.030371	0.007848	0.024223	0.017587	
0.005363	0.024004	0.015414	0.032223	0.036501	0.031548	0.005327	0.018708	0.024184	0.031605	0.034216	0.018852	0.019948	0.033034	0.021654	0.003535	0.024840	0.031867	0.013488	0.028409	0.038161	0.009112	0.038146	0.000084	0.027050	0.023396	0.008834	0.032202	0.009448	0.013187	0.014240	0.023033	0.021356	0.022786	0.012106	0.036548	0.009948	0.013137	0.009082	0.020277	0.028714	0.008659	0.015950	0.025179	0.027930	0.019615	0.003798	0.006686	0.008198	0.018415	
0.016819	0.001146	0.021975	0.011977	0.019739	0.034768	0.015466	0.011000	0.009229	0.037938	0.005000	0.003952	0.027682	0.027260	0.028325	0.033548	0.028079	0.017455	0.017574	0.015812	0.008767	0.024691	0.027874	0.001538	0.010321	0.029903	0.012664	0.026420	0.006233	0.040738	0.008612	0.027380	0.022128	0.019415	0.031373	0.001518	0.032077	0.013415	0.005253	0.028613	0.037509	0.020154	0.008697	0.035994	0.000556	0.011509	0.039961	0.019570	0.041111	0.021260	
0.034773	0.030627	0.031265	0.013182	0.011348	0.009233	0.030297	0.011490	0.034570	0.021560	0.010959	0.039707	0.014321	0.022716	0.003571	0.037402	0.019302	0.003702	0.023909	0.008754	0.034648	0.021584	0.025474	0.038475	0.024260	0.031699	0.022416	0.009504	0.037478	0.021028	0.011296	0.034413	0.006605	0.005885	0.002772	0.019150	0.012479	0.028596	0.012528	0.003189	0.009231	0.027400	0.034100	0.005939	0.002552	0.011508	0.006976	0.021490	0.032515	0.032122	
0.037361	0.010282	0.024145	0.009002	0.022665	0.006170	0.023233	0.020630	0.001769	0.024581	0.000653	0.028245	0.008914	0.024746	0.025063	0.010983	0.019916	0.033165	0.039379	0.007964	0.025844	0.010814	0.013944	0.023907	0.027776	0.031896	0.010443	0.024266	0.003204	0.039853	0.017430	0.007115	0.007612	0.022193	0.038545	0.010443	0.011626	0.002244	0.028424	0.007352	0.016725	0.038527	0.028416	0.039057	0.030634	0.011258	0.014868	0.036031	0.037911	0.002778	
0.010924	0.022258	0.026970	0.004357	0.040068	0.033238	0.020611	0.001185	0.011286	0.037998	0.016815	0.001120	0.039092	0.040090	0.018465	0.013566	0.008083	0.023692	0.013037	0.004065	0.012215	0.027923	0.023833	0.010939	0.031822	0.024024	0.038095	0.023169	0.002275	0.032357	0.015156	0.034379	0.031971	0.012272	0.009666	0.036168	0.012817	0.001111	0.026555	0.012802	0.034662	0.008916	0.030282	0.036496	0.013887	0.002626	0.010894	0.018107	0.003881	0.033777	
0.042695	0.009542	0.042965	0.038442	0.005777	0.031084	0.024068	0.024490	0.002865	0.034787	0.038774	0.002060	0.023366	0.030883	0.039693	0.014517	0.009657	0.014584	0.026921	0.021075	0.032136	0.008761	0.023751	0.026456	0.015106	0.026306	0.022237	0.001971	0.032467	0.035314	0.024104	0.007573	0.003724	0.018422	0.010837	0.007078	0.023498	0.007172	0.021342	0.026028	0.002808	0.006466	0.012040	0.020026	0.000631	0.038996	0.016238	0.042460	0.004944	0.002865	
0.019965	0.046328	0.014454	0.010720	0.030831	0.029761	0.015797	0.013547	0.002906	0.021745	0.007384	0.028485	0.001830	0.008439	0.019345	0.012087	0.046567	0.003735	0.028044	0.024776	0.000197	0.009114	0.009923	0.041761	0.013837	0.043362	0.044065	0.009038	0.021281	0.031412	0.020269	0.003210	0.022483	0.007933	0.024554	0.010737	0.013045	0.002016	0.033683	0.018486	0.029325	0.039544	0.038223	0.033869	0.007955	0.000028	0.039933	0.003592	0.034310	0.006072	
0.037721	0.037285	0.007454	0.032010	0.029253	0.026412	0.003727	0.026995	0.035937	0.025212	0.013837	0.037152	0.018079	0.022971	0.020202	0.036208	0.003882	0.033694	0.009624	0.029114	0.024522	0.011376	0.035874	0.019288	0.033920	0.020394	0.004263	0.028709	0.023944	0.016057	0.024914	0.009546	0.010068	0.032265	0.006086	0.001378	0.019854	0.000927	0.003460	0.019276	0.001531	0.035669	0.004590	0.018472	0.027775	0.019564	0.030663	0.012998	0.015024	0.000822	
0.039581	0.039078	0.032479	0.011435	0.018588	0.031082	0.013613	0.016073	0.034492	0.039314	0.030080	0.016710	0.031391	0.005485	0.009022	0.007430	0.012800	0.030382	0.004405	0.025400	0.004248	0.011416	0.021333	0.010624	0.029952	0.018596	0.014786	0.041759	0.040176	0.003678	0.029910	0.038020	0.003225	0.012818	0.012826	0.014163	0.010523	0.009915	0.026326	0.021410	0.000165	0.026888	0.025323	0.000743	0.025718	0.041134	0.007415	0.022039	0.022550	0.003478	
0.024890	0.028421	0.032335	0.007266	0.038430	0.038228	0.028084	0.010012	0.006141	0.004133	0.003594	0.031895	0.023160	0.020945	0.024596	0.004822	0.002552	0.000909	0.036896	0.019236	0.012019	0.036136	0.008246	0.030393	0.037907	0.012069	0.024898	0.036812	0.004180	0.001057	0.020667	0.014460	0.003623	0.013808	0.006260	0.038915	0.025358	0.027497	0.033861	0.038311	0.032420	0.004082	0.035636	0.010077	0.019194	0.001543	0.011887	0.025569	0.021538	0.025032	
0.026953	0.010740	0.020928	0.014588	0.005541	0.005865	0.005807	0.006383	0.013009	0.023296	0.037489	0.004359	0.003465	0.019079	0.000993	0.036969	0.009718	0.031226	0.002635	0.033483	0.032319	0.013715	0.011793	0.015697	0.023345	0.025065	0.033158	0.038150	0.011853	0.009187	0.021705	0.015559	0.034226	0.017477	0.030943	0.009786	0.026176	0.010149	0.021966	0.032827	0.038943	0.034089	0.039159	0.033029	0.018826	0.011230	0.005364	0.020400	0.038159	0.013179	
0.019836	0.013216	0.032286	0.007930	0.009241	0.040286	0.028983	0.038701	0.000116	0.004302	0.009195	0.001814	0.005192	0.030682	0.023302	0.034061	0.032439	0.035981	0.011697	0.006561	0.035426	0.024843	0.024364	0.006331	0.017457	0.007104	0.015539	0.028854	0.032369	0.005555	0.010944	0.036891	0.027640	0.035513	0.037750	0.016430	0.035321	0.021107	0.027604	0.020394	0.023738	0.002562	0.017378	0.009943	0.032770	0.001295	0.027081	0.026122	0.003972	0.001882	
0.015715	0.010819	0.008235	0.021231	0.022028	0.016993	0.030977	0.008081	0.040342	0.017538	0.016101	0.037294	0.030936	0.030649	0.032568	0.024065	0.031569	0.023764	0.040988	0.011597	0.025069	0.018193	0.039279	0.000132	0.009059	0.013282	0.039218	0.011003	0.018830	0.006658	0.009945	0.035578	0.039626	0.001174	0.025698	0.010962	0.019304	0.032684	0.005757	0.005704	0.032324	0.002069	0.022501	0.032806	0.027673	0.017035	0.004011	0.004747	0.011276	0.006912	
0.026204	0.035102	0.025534	0.018618	0.033109	0.027987	0.019304	0.035343	0.008567	0.035891	0.000525	0.019903	0.008441	0.007812	0.028959	0.035863	0.016180	0.025831	0.019101	0.019543	0.033864	0.034406	0.034677	0.019548	0.022645	0.008762	0.005824	0.033774	0.003752	0.009166	0.000085	0.035143	0.031779	0.001631	0.034729	0.013702	0.003506	0.009126	0.023892	0.006608	0.016212	0.021520	0.034594	0.000258	0.027282	0.006553	0.033450	0.006312	0.020222	0.019162	
0.005684	0.000053	0.003595	0.033274	0.006014	0.036466	0.024378	0.014981	0.032295	0.019570	0.013359	0.003267	0.029436	0.019602	0.018102	0.004263	0.036902	0.036997	0.014974	0.031638	0.002930	0.011707	0.030790	0.038834	0.036640	0.016196	0.014583	0.019749	0.030552	0.000918	0.021113	0.036697	0.022605	0.031584	0.004922	0.025524	0.024522	0.026544	0.004857	0.015926	0.031481	0.011103	0.017104	0.006430	0.026938	0.021989	0.006575	0.016574	0.032120	0.027646	
0.032461	0.007818	0.016617	0.033952	0.016791	0.038626	0.003226	0.014023	0.026668	0.031614	0.016191	0.018349	0.006926	0.036131	0.018881	0.010315	0.027119	0.000127	0.022533	0.033573	0.025242	0.014085	0.025555	0.012580	0.032749	0.025009	0.010924	0.025601	0.025545	0.032396	0.021971	0.019788	0.022987	0.027834	0.006705	0.004659	0.034952	0.019778	0.034386	0.026511	0.032498	0.000550	0.007713	0.011448	0.033296	0.009124	0.001966	0.020900	0.011422	0.009883	
0.008131	0.035327	0.016675	0.024497	0.023945	0.026836	0.001592	0.028608	0.031165	0.034937	0.018065	0.018442	0.039972	0.013560	0.032347	0.035645	0.019788	0.013620	0.001986	0.002709	0.001175	0.030877	0.025542	0.029453	0.019003	0.022941	0.008581	0.020246	0.036677	0.027169	0.037665	0.012717	0.029375	0.016294	0.021588	0.009579	0.005879	0.009802	0.016203	0.036695	0.004787	0.008001	0.020938	0.021461	0.011414	0.022181	0.005536	0.028808	0.003990	0.027573	
0.012934	0.022197	0.030847	0.001662	0.015607	0.022052	0.019270	0.013351	0.022918	0.023942	0.002941	0.020259	0.033016	0.003820	0.005657	0.025306	0.003890	0.031996	0.020697	0.021615	0.006543	0.023423	0.027335	0.036008	0.029658	0.030635	0.004990	0.019928	0.009646	0.038949	0.003198	0.004763	0.029636	0.028195	0.037839	0.024431	0.002201	0.003013	0.035542	0.037279	0.030255	0.002064	0.005790	0.012933	0.035207	0.012394	0.011049	0.036621	0.028127	0.038375	
0.002125	0.014229	0.023579	0.013462	0.033469	0.005734	0.008904	0.033195	0.037066	0.021346	0.000432	0.014115	0.027770	0.020538	0.013477	0.014038	0.012701	0.010802	0.013759	0.011445	0.026967	0.028307	0.028934	0.024794	0.006916	0.010303	0.038457	0.000511	0.004679	0.004029	0.021361	0.038714	0.029352	0.025177	0.027085	0.007947	0.027696	0.011766	0.021332	0.022699	0.032723	0.003737	0.022829	0.034995	0.031568	0.013229	0.039219	0.032762	0.034901	0.014827	
0.010333	0.031498	0.013500	0.009446	0.016862	0.016042	0.034249	0.033211	0.003127	0.025763	0.017692	0.026213	0.035311	0.033120	0.018699	0.033245	0.006782	0.008445	0.006230	0.026538	0.013492	0.029771	0.011094	0.017204	0.022402	0.036660	0.031524	0.004018	0.010607	0.021016	0.014167	0.007762	0.019180	0.034003	0.022739	0.007187	0.012240	0.034014	0.020500	0.033505	0.008746	0.028702	0.007696	0.031974	0.037009	0.024391	0.004609	0.009002	0.005826	0.032653	
0.018806	0.009762	0.022792	0.035053	0.007140	0.019302	0.017906	0.029238	0.021141	0.033583	0.020591	0.005784	0.000215	0.005914	0.021992	0.027996	0.021549	0.007570	0.027910	0.033560	0.006273	0.033502	0.028544	0.040692	0.037707	0.020737	0.008437	0.026373	0.006718	0.035201	0.039261	0.042962	0.006356	0.023876	0.024494	0.040238	0.029913	0.002829	0.003339	0.011801	0.015600	0.023557	0.005549	0.006463	0.035818	0.021026	0.006629	0.005287	0.010120	0.012895	
0.031695	0.026082	0.023157	0.034109	0.029678	0.015034	0.022806	0.028465	0.017531	0.037664	0.008483	0.032645	0.025371	0.017126	0.036030	0.009837	0.000080	0.011350	0.001658	0.013271	0.020398	0.021584	0.033700	0.000340	0.021959	0.017716	0.036239	0.029209	0.032269	0.023715	0.014817	0.027172	0.001583	0.027149	0.023704	0.034013	0.022065	0.005537	0.022015	0.008110	0.029278	0.011443	0.012839	0.024492	0.007771	0.000138	0.016538	0.027520	0.000752	0.023862	
0.009165	0.017478	0.001014	0.035449	0.027548	0.006706	0.024203	0.000138	0.024872	0.021423	0.018821	0.014921	0.028047	0.024167	0.034396	0.003898	0.004548	0.023766	0.030627	0.003578	0.011936	0.036343	0.011916	0.006727	0.034234	0.027955	0.034883	0.011222	0.011349	0.022673	0.037841	0.027387	0.008709	0.030602	0.031926	0.038767	0.001091	0.002439	0.029565	0.022305	0.010105	0.033571	0.019877	0.017817	0.032499	0.023205	0.026192	0.012421	0.019702	0.009976	
0.018011	0.026429	0.007464	0.016077	0.004867	0.002835	0.020951	0.008004	0.044203	0.027935	0.021112	0.045358	0.014749	0.018015	0.042254	0.031428	0.001579	0.010332	0.013249	0.030871	0.033220	0.024783	0.040644	0.036822	0.037849	0.006697	0.004976	0.035614	0.017689	0.030313	0.041855	0.023152	0.006568	0.040754	0.031569	0.009670	0.008626	0.007804	0.021297	0.025285	0.015466	0.007729	0.002059	0.003358	0.014983	0.021010	0.009780	0.015275	0.018870	0.000560	
0.034756	0.007514	0.015189	0.023750	0.030044	0.017850	0.030867	0.032222	0.006232	0.005806	0.016004	0.000098	0.039065	0.007938	0.019893	0.005056	0.028112	0.029013	0.005686	0.030646	0.035541	0.028268	0.018086	0.003174	0.004456	0.021470	0.010031	0.037024	0.029674	0.013256	0.028242	0.016710	0.014974	0.002252	0.021832	0.019031	0.015676	0.000439	0.011771	0.022927	0.034290	0.007451	0.003075	0.037608	0.027586	0.034450	0.023775	0.033943	0.028431	0.028815	
0.026660	0.013766	0.025549	0.003185	0.035687	0.035340	0.000351	0.032553	0.006897	0.026468	0.019038	0.005731	0.012070	0.020353	0.006040	0.028828	0.003701	0.032243	0.014428	0.019343	0.020931	0.025222	0.025327	0.021810	0.019250	0.017909	0.032448	0.035904	0.000324	0.033823	0.027422	0.016139	0.037471	0.003249	0.017151	0.002581	0.031492	0.009534	0.011487	0.005001	0.029171	0.013532	0.036690	0.010819	0.004693	0.023901	0.037167	0.029623	0.016281	0.035419	
0.034529	0.004835	0.010717	0.030190	0.001609	0.035754	0.001454	0.020484	0.030994	0.023892	0.030939	0.006335	0.005770	0.011220	0.020788	0.005834	0.014191	0.017658	0.000215	0.022351	0.025111	0.019794	0.037148	0.038250	0.032709	0.000131	0.030024	0.027426	0.037467	0.017797	0.004923	0.000853	0.018135	0.010915	0.015480	0.018805	0.017190	0.018533	0.034894	0.007181	0.015978	0.029080	0.023013	0.027641	0.034294	0.001390	0.018913	0.037236	0.034924	0.035006	
0.032547	0.007663	0.021705	0.006579	0.029106	0.025308	0.019770	0.028680	0.030816	0.030732	0.007824	0.002260	0.003807	0.000922	0.028592	0.008766	0.035035	0.026167	0.011448	0.005158	0.003690	0.031724	0.017607	0.012033	0.021606	0.000615	0.014121	0.019443	0.019657	0.022725	0.036808	0.017645	0.015076	0.029793	0.011991	0.000894	0.032964	0.004748	0.037854	0.023778	0.028613	0.036720	0.031220	0.029316	0.011353	0.032739	0.035769	0.029823	0.009776	0.017014	
0.012718	0.020114	0.012751	0.041872	0.015269	0.020877	0.003550	0.035062	0.041866	0.034556	0.012004	0.034900	0.023346	0.025793	0.012803	0.004023	0.007437	0.004913	0.001748	0.017758	0.023625	0.037180	0.004062	0.034044	0.016295	0.007620	0.039670	0.028087	0.012850	0.007949	0.004476	0.029532	0.039274	0.016175	0.035409	0.004730	0.018152	0.031806	0.029042	0.007871	0.013461	0.032544	0.002578	0.011942	0.000297	0.033253	0.006127	0.037192	0.040962	0.010434	
0.015140	0.013600	0.017000	0.007796	0.001441	0.030632	0.020602	0.001434	0.028782	0.020686	0.035834	0.024320	0.000858	0.035734	0.011264	0.018137	0.026191	0.029841	0.031654	0.021164	0.016581	0.030035	0.020294	0.011998	0.030406	0.014458	0.009946	0.023688	0.003119	0.011195	0.015244	0.015158	0.017855	0.035357	0.000605	0.010586	0.035449	0.022498	0.029027	0.029102	0.011323	0.029368	0.015743	0.015827	0.017967	0.019090	0.022843	0.033153	0.029657	0.030319	
0.026083	0.019238	0.005012	0.033731	0.013367	0.022894	0.027054	0.034357	0.031425	0.033433	0.015841	0.007590	0.015827	0.029423	0.007083	0.031613	0.022295	0.015638	0.010239	0.010624	0.032513	0.038463	0.023977	0.018597	0.010350	0.018900	0.017492	0.027212	0.028836	0.008005	0.031925	0.026002	0.018275	0.026736	0.016752	0.004052	0.025911	0.020389	0.021514	0.025697	0.009827	0.009888	0.034856	0.017349	0.000882	0.027278	0.000285	0.024477	0.019393	0.001403	
0.007980	0.019785	0.005990	0.027955	0.011963	0.004674	0.013122	0.031970	0.016734	0.002685	0.006771	0.012958	0.016429	0.021970	0.002299	0.008047	0.037708	0.018549	0.016161	0.019457	0.022674	0.003023	0.020516	0.015470	0.021973	0.020014	0.005921	0.011233	0.031437	0.032979	0.019633	0.020130	0.037358	0.030997	0.033095	0.010311	0.034562	0.026499	0.025716	0.036583	0.030892	0.035164	0.023115	0.024047	0.026156	0.004652	0.020009	0.030873	0.022064	0.019693	
0.005075	0.007960	0.016080	0.005464	0.027342	0.023137	0.011875	0.027973	0.014185	0.017472	0.006465	0.026404	0.007980	0.001361	0.013778	0.002826	0.030311	0.012034	0.015543	0.026586	0.037264	0.005931	0.007488	0.039445	0.028346	0.036929	0.033982	0.035871	0.039163	0.014603	0.023928	0.038801	0.016292	0.030444	0.025527	0.004415	0.019563	0.034449	0.014541	0.027626	0.001093	0.023028	0.025906	0.030320	0.016273	0.034476	0.016723	0.011083	0.021720	0.004920	
0.009569	0.013392	0.006315	0.027663	0.014154	0.013288	0.010496	0.010827	0.001128	0.029768	0.033621	0.025442	0.024063	0.031246	0.018889	0.023764	0.019725	0.007480	0.026360	0.026224	0.017712	0.017011	0.030753	0.003194	0.004920	0.011554	0.026686	0.018127	0.034738	0.022320	0.026884	0.017836	0.028236	0.006872	0.026312	0.027826	0.033238	0.031743	0.017897	0.004817	0.004823	0.021138	0.031770	0.034754	0.029791	0.030926	0.004924	0.026525	0.015617	0.017642	
0.025883	0.034194	0.006281	0.003291	0.024184	0.036429	0.021994	0.009038	0.002172	0.005601	0.009846	0.023340	0.022678	0.017881	0.000865	0.004115	0.018796	0.013344	0.034611	0.014926	0.036349	0.032339	0.029916	0.019556	0.011904	0.008787	0.005425	0.018494	0.014749	0.004654	0.006474	0.035162	0.018633	0.021743	0.009827	0.033864	0.035753	0.036372	0.009812	0.038442	0.000438	0.026370	0.017280	0.010642	0.027852	0.038764	0.038699	0.027803	0.019498	0.034930	
0.009551	0.008178	0.000318	0.013995	0.015524	0.024727	0.027311	0.023231	0.035534	0.029722	0.018273	0.004147	0.014576	0.012564	0.010672	0.027300	0.033375	0.005407	0.005727	0.031848	0.012227	0.021217	0.029152	0.007619	0.004710	0.008513	0.034268	0.001430	0.030728	0.015994	0.017022	0.028896	0.017759	0.035441	0.033092	0.034042	0.022307	0.024849	0.030433	0.011084	0.016660	0.009929	0.021579	0.019519	0.026935	0.031841	0.031029	0.018384	0.018296	0.033067	
0.029990	0.000784	0.005282	0.028701	0.029204	0.018371	0.036879	0.004623	0.009474	0.019697	0.010107	0.034922	0.007676	0.012396	0.000105	0.000920	0.010492	0.008554	0.015830	0.028458	0.001781	0.032890	0.011577	0.026720	0.007197	0.012268	0.035023	0.030951	0.034894	0.001816	0.027372	0.032726	0.027931	0.029739	0.002820	0.004897	0.020935	0.021361	0.027185	0.023044	0.034869	0.019217	0.023944	0.032939	0.019086	0.037731	0.019387	0.014001	0.037495	0.035737	
0.018789	0.002274	0.028313	0.023023	0.010109	0.028648	0.021349	0.016599	0.036182	0.024029	0.012736	0.016165	0.029794	0.012317	0.004931	0.032512	0.036108	0.007031	0.018206	0.017799	0.005319	0.018352	0.035291	0.027231	0.009884	0.027684	0.008322	0.038195	0.022557	0.015772	0.034857	0.006894	0.008981	0.023829	0.005235	0.033668	0.004295	0.018808	0.011656	0.024852	0.001734	0.016695	0.030469	0.023312	0.029068	0.031648	0.027698	0.025024	0.028213	0.007545	
0.019189	0.017934	0.005363	0.005234	0.038712	0.000815	0.026374	0.007397	0.031978	0.020546	0.020092	0.003107	0.000221	0.021880	0.020393	0.037633	0.007692	0.027355	0.025691	0.033521	0.002286	0.010790	0.036961	0.037098	0.030081	0.025008	0.033851	0.030940	0.038256	0.024387	0.013197	0.030993	0.021113	0.000403	0.022319	0.013220	0.018195	0.018389	0.003467	0.001154	0.003467	0.023391	0.006502	0.035727	0.023742	0.033148	0.009536	0.012436	0.032874	0.035938	
0.039132	0.009694	0.026065	0.030248	0.033080	0.010258	0.017767	0.003523	0.017731	0.021666	0.033335	0.012533	0.036880	0.008659	0.022723	0.006251	0.018759	0.018306	0.030812	0.020861	0.008650	0.018267	0.029900	0.002677	0.004859	0.016886	0.021846	0.037104	0.021259	0.033333	0.022761	0.007016	0.022392	0.006037	0.019916	0.023646	0.018465	0.019897	0.021833	0.029104	0.006040	0.020640	0.023834	0.015962	0.008754	0.032762	0.018507	0.017918	0.015472	0.035976	
0.036175	0.020936	0.024230	0.008273	0.039080	0.035155	0.013594	0.016670	0.012795	0.015031	0.017905	0.029126	0.026341	0.007538	0.017705	0.028560	0.014545	0.028499	0.022382	0.024021	0.023683	0.012696	0.014845	0.015366	0.036997	0.029156	0.003360	0.011419	0.022207	0.004327	0.029494	0.039130	0.026527	0.020215	0.023146	0.010085	0.026642	0.035610	0.010147	0.027820	0.017686	0.033314	0.007778	0.014445	0.000538	0.003744	0.025438	0.021158	0.009067	0.005397	
0.007055	0.006001	0.038919	0.014021	0.036768	0.039543	0.010286	0.033687	0.005536	0.025211	0.011211	0.011433	0.022734	0.009232	0.012725	0.013480	0.008412	0.017244	0.000969	0.032267	0.010853	0.028259	0.001534	0.007334	0.023269	0.002874	0.020237	0.022001	0.024786	0.017412	0.014966	0.018489	0.015168	0.024733	0.015363	0.035934	0.033366	0.014885	0.016566	0.028754	0.022803	0.029456	0.035972	0.011021	0.038102	0.030972	0.034937	0.008040	0.023376	0.031803	
0.018792	0.039326	0.005504	0.018466	0.027063	0.012068	0.005176	0.000197	0.008474	0.028625	0.002605	0.004739	0.026915	0.035981	0.016314	0.037072	0.037465	0.011279	0.013285	0.005029	0.005926	0.015820	0.038416	0.031137	0.035728	0.008724	0.030502	0.022275	0.013678	0.017850	0.014187	0.036997	0.030565	0.013791	0.001607	0.000544	0.026022	0.023587	0.037821	0.039052	0.034111	0.028843	0.036311	0.017620	0.001970	0.026329	0.013206	0.003506	0.028504	0.010996	
0.019121	0.026731	0.021926	0.013794	0.015968	0.016235	0.008382	0.021652	0.006559	0.032111	0.003783	0.022575	0.035086	0.038752	0.033057	0.031458	0.003288	0.037249	0.016449	0.001097	0.000402	0.018059	0.005253	0.026106	0.019816	0.006368	0.036701	0.021277	0.017019	0.013769	0.032039	0.028746	0.016525	0.001454	0.031971	0.028913	0.001673	0.002947	0.031206	0.031837	0.000743	0.013386	0.025089	0.019495	0.021871	0.034053	0.036164	0.029952	0.020529	0.021362	
0.007823	0.014484	0.034052	0.003554	0.033989	0.037487	0.018752	0.019833	0.005700	0.016503	0.013044	0.017616	0.036989	0.009670	0.028746	0.028053	0.035313	0.020113	0.005321	0.032822	0.006692	0.033840	0.036132	0.029287	0.004400	0.029592	0.037846	0.021750	0.004283	0.011472	0.005998	0.004743	0.018541	0.014033	0.008367	0.018809	0.023529	0.032585	0.021793	0.009954	0.002106	0.029448	0.013562	0.035309	0.033970	0.024311	0.026734	0.003974	0.011686	0.025390	
0.001275	0.003247	0.002446	0.002471	0.038232	0.029938	0.021585	0.005021	0.038011	0.015733	0.024028	0.025831	0.036271	0.021288	0.017455	0.032386	0.025749	0.006200	0.002664	0.028256	0.028389	0.016823	0.001505	0.038290	0.039092	0.001145	0.022407	0.022214	0.026038	0.025582	0.023387	0.026177	0.037657	0.038760	0.023625	0.008261	0.009832	0.026026	0.010926	0.023332	0.028459	0.023651	0.014556	0.021280	0.017095	0.003418	0.015524	0.000713	0.035648	0.012101	
0.014029	0.026815	0.026503	0.004148	0.027077	0.041430	0.001699	0.005528	0.017094	0.026438	0.008502	0.034343	0.004280	0.030294	0.035958	0.029168	0.011821	0.015116	0.025243	0.005365	0.001420	0.020941	0.025844	0.027178	0.024995	0.041793	0.037817	0.006317	0.023955	0.007410	0.012887	0.010902	0.014473	0.018170	0.017257	0.038088	0.012927	0.039657	0.011402	0.000108	0.009597	0.028637	0.030131	0.013810	0.038216	0.001094	0.030921	0.020377	0.006161	0.036661	
0.030034	0.007990	0.002866	0.014291	0.005253	0.006907	0.019545	0.031206	0.031607	0.009217	0.026765	0.004136	0.006989	0.015976	0.024195	0.026844	0.021697	0.029627	0.021051	0.007156	0.016896	0.008475	0.019534	0.026787	0.025348	0.019720	0.025468	0.019412	0.029629	0.018298	0.008670	0.011465	0.032071	0.031569	0.025314	0.032710	0.020461	0.026403	0.025023	0.013776	0.023610	0.010013	0.015078	0.029889	0.033588	0.007554	0.033465	0.007325	0.032753	0.026344	
0.019269	0.027502	0.032552	0.033171	0.001968	0.011180	0.005086	0.004929	0.028461	0.028908	0.023840	0.009465	0.030403	0.011069	0.012635	0.023720	0.027917	0.033622	0.001584	0.030436	0.001571	0.009967	0.016018	0.032121	0.023408	0.011483	0.013924	0.012025	0.013024	0.017993	0.010361	0.024213	0.029103	0.029817	0.028184	0.031299	0.025371	0.029583	0.030331	0.012833	0.013492	0.032086	0.025143	0.035184	0.010429	0.020529	0.005880	0.004103	0.023672	0.029137	
0.011447	0.029821	0.008833	0.022637	0.027990	0.030914	0.016569	0.027161	0.035743	0.023444	0.028682	0.009466	0.021103	0.023779	0.023064	0.003773	0.000757	0.032500	0.017618	0.025262	0.009053	0.000732	0.036978	0.030355	0.028919	0.013110	0.002336	0.035881	0.023047	0.015848	0.023294	0.018643	0.001062	0.019690	0.037097	0.006280	0.021547	0.009244	0.027229	0.019156	0.018729	0.029781	0.026698	0.029773	0.030503	0.035754	0.001279	0.008842	0.017351	0.001226	
0.020718	0.022481	0.000578	0.014995	0.035741	0.004150	0.007064	0.041482	0.002347	0.031327	0.002371	0.012359	0.034600	0.004255	0.034111	0.017843	0.024781	0.036988	0.026436	0.021224	0.008261	0.012243	0.042594	0.039471	0.004222	0.033058	0.030291	0.020683	0.003768	0.014687	0.042993	0.013348	0.025750	0.032356	0.006158	0.006456	0.012667	0.012405	0.039364	0.006499	0.019916	0.017583	0.042982	0.013470	0.006399	0.005659	0.036266	0.008628	0.023105	0.022870	
0.002645	0.009099	0.006197	0.007560	0.016629	0.036390	0.021704	0.013069	0.012081	0.013221	0.019239	0.030126	0.027832	0.026277	0.036794	0.030593	0.022592	0.022933	0.038191	0.015979	0.023314	0.027799	0.010714	0.035393	0.023684	0.006890	0.016617	0.027498	0.002777	0.021430	0.006946	0.006563	0.009644	0.006496	0.023870	0.012182	0.011045	0.024906	0.022002	0.035840	0.013955	0.036471	0.019000	0.038215	0.026009	0.008568	0.033310	0.010123	0.011159	0.038430	
0.037208	0.022091	0.027887	0.007774	0.029232	0.010708	0.017417	0.038679	0.039069	0.030379	0.005083	0.011051	0.015050	0.020930	0.028249	0.024241	0.019481	0.017266	0.014985	0.014710	0.019440	0.034197	0.026650	0.020484	0.019056	0.004017	0.023230	0.024446	0.004621	0.009983	0.001443	0.032837	0.021276	0.029341	0.009882	0.007229	0.000264	0.028319	0.019886	0.019333	0.026597	0.034367	0.009533	0.034630	0.025047	0.007995	0.025324	0.027541	0.003677	0.017863	
0.020063	0.035068	0.025685	0.004638	0.018390	0.018430	0.002623	0.008681	0.036812	0.017423	0.002390	0.002885	0.004843	0.013842	0.010078	0.015816	0.031276	0.013866	0.010677	0.037165	0.033722	0.022298	0.022112	0.016042	0.034942	0.032267	0.007722	0.030590	0.027114	0.024601	0.020451	0.024050	0.025006	0.006382	0.009526	0.022612	0.003257	0.020689	0.031464	0.023071	0.023806	0.037437	0.008157	0.020745	0.028712	0.018993	0.007861	0.015525	0.037479	0.032718	
0.039794	0.011227	0.016431	0.005145	0.001155	0.027451	0.018950	0.041000	0.003370	0.001802	0.036256	0.004656	0.027708	0.039771	0.003258	0.015178	0.006063	0.018419	0.041111	0.037569	0.007441	0.038973	0.009095	0.002849	0.016187	0.039226	0.039291	0.011997	0.001490	0.008856	0.038478	0.019392	0.008908	0.005080	0.037953	0.022329	0.013797	0.020928	0.023970	0.021769	0.008554	0.038912	0.016733	0.041829	0.016700	0.014283	0.021624	0.020780	0.001321	0.034942	
0.015763	0.023961	0.028012	0.026278	0.016567	0.003013	0.037799	0.000085	0.022553	0.008962	0.007636	0.039376	0.037120	0.003968	0.034117	0.001660	0.034603	0.028696	0.012296	0.013770	0.006119	0.012166	0.003592	0.032609	0.010807	0.030486	0.013333	0.000125	0.034093	0.034421	0.021958	0.004278	0.030630	0.033997	0.000374	0.030525	0.017215	0.015561	0.034796	0.020321	0.011951	0.012852	0.025312	0.035641	0.013867	0.008421	0.015716	0.032419	0.023779	0.036404	
0.033506	0.005240	0.019503	0.027352	0.025774	0.022331	0.023373	0.011859	0.004837	0.017118	0.023534	0.010705	0.004167	0.034329	0.039718	0.009135	0.027296	0.013208	0.015172	0.017721	0.016258	0.015278	0.003841	0.029522	0.004492	0.003260	0.014612	0.041257	0.040003	0.001715	0.026007	0.029743	0.017981	0.022891	0.014120	0.022474	0.001447	0.000766	0.016234	0.021941	0.024677	0.003039	0.035525	0.020394	0.031075	0.042771	0.037396	0.013363	0.022642	0.039401	
0.004579	0.006760	0.024039	0.021536	0.033764	0.034377	0.019631	0.000227	0.012259	0.018112	0.029896	0.002979	0.004948	0.011239	0.003974	0.005765	0.021937	0.033993	0.008039	0.036855	0.015375	0.020206	0.011270	0.030001	0.005163	0.018795	0.025081	0.007393	0.028364	0.037416	0.008250	0.031083	0.020434	0.019697	0.010374	0.016888	0.035517	0.012093	0.026654	0.026338	0.035973	0.032690	0.022619	0.033985	0.032431	0.019432	0.031285	0.017057	0.006287	0.026940	
0.035225	0.015357	0.001158	0.000122	0.017068	0.035556	0.006199	0.025936	0.040349	0.031729	0.028871	0.003808	0.028318	0.037898	0.027457	0.025941	0.017667	0.031897	0.011735	0.025412	0.013996	0.025845	0.012304	0.008110	0.017730	0.034772	0.009853	0.013787	0.012780	0.027256	0.000301	0.032073	0.039101	0.017200	0.010852	0.030477	0.022872	0.027320	0.012817	0.000599	0.013183	0.017972	0.024263	0.019846	0.016822	0.008156	0.032896	0.012154	0.009278	0.027685	
0.028523	0.003888	0.033810	0.028411	0.010777	0.001443	0.032814	0.034339	0.022144	0.025046	0.021824	0.021281	0.019154	0.025205	0.009673	0.014724	0.022071	0.005206	0.022616	0.018565	0.005032	0.001325	0.025731	0.019269	0.020555	0.026470	0.009619	0.021676	0.025344	0.017423	0.035015	0.025805	0.021905	0.025213	0.011196	0.020497	0.021462	0.026086	0.011247	0.003610	0.028944	0.013974	0.033015	0.026481	0.009974	0.030053	0.031591	0.014284	0.021674	0.014017	
0.018928	0.038098	0.028273	0.035320	0.000089	0.021319	0.015405	0.002235	0.018174	0.027391	0.036678	0.035129	0.031623	0.035785	0.028589	0.002839	0.014420	0.019667	0.020841	0.015483	0.030915	0.034346	0.002082	0.024643	0.021396	0.010371	0.015972	0.021386	0.025260	0.003164	0.019331	0.029857	0.022149	0.009107	0.015610	0.022016	0.037767	0.008390	0.003854	0.016593	0.011497	0.020624	0.027698	0.016594	0.006012	0.032396	0.017328	0.012763	0.022673	0.011918	
0.003136	0.027741	0.001305	0.011724	0.024087	0.008893	0.004256	0.039299	0.000592	0.014881	0.007641	0.014611	0.003876	0.035441	0.004418	0.030037	0.009125	0.035468	0.035456	0.014467	0.024380	0.018470	0.019730	0.018270	0.040048	0.013714	0.027559	0.032458	0.021827	0.011016	0.027161	0.004721	0.031745	0.013051	0.008219	0.017265	0.034225	0.037626	0.041517	0.019166	0.039974	0.020035	0.019944	0.001654	0.001967	0.017216	0.031350	0.011422	0.030442	0.037372	
0.032043	0.030519	0.004462	0.029856	0.009337	0.033375	0.011265	0.014129	0.002189	0.040702	0.012923	0.024462	0.014113	0.029575	0.034350	0.036344	0.001221	0.028872	0.020954	0.021867	0.018213	0.033784	0.007980	0.032905	0.023242	0.009943	0.022650	0.001222	0.011427	0.032378	0.010291	0.008558	0.025242	0.007125	0.004032	0.007854	0.019891	0.001012	0.027144	0.040114	0.011013	0.039485	0.011870	0.009729	0.032649	0.008557	0.018934	0.029338	0.039180	0.021681	
0.000588	0.020614	0.036865	0.021259	0.000017	0.008919	0.029518	0.008162	0.024246	0.004393	0.024746	0.035601	0.028063	0.024804	0.026325	0.036081	0.021328	0.026079	0.016880	0.031920	0.019002	0.013280	0.020832	0.017715	0.008639	0.010186	0.034520	0.001699	0.026540	0.024787	0.019878	0.007268	0.013323	0.030903	0.030406	0.020731	0.025434	0.007197	0.004461	0.004315	0.030486	0.028547	0.029383	0.016981	0.026001	0.022727	0.022047	0.015940	0.012362	0.028003	
0.017517	0.029394	0.023242	0.019696	0.019896	0.023072	0.002585	0.031362	0.032494	0.012219	0.025553	0.000669	0.001235	0.030736	0.019361	0.035398	0.033414	0.018462	0.021884	0.014745	0.022055	0.009264	0.009591	0.020261	0.007846	0.028163	0.001656	0.010392	0.033023	0.012977	0.034158	0.035587	0.023377	0.013624	0.030715	0.027741	0.026356	0.025266	0.027191	0.032051	0.016046	0.029186	0.017598	0.029882	0.005758	0.010494	0.002514	0.003198	0.007313	0.033782	
0.009312	0.015217	0.019037	0.013484	0.000990	0.024919	0.006950	0.006990	0.012232	0.034435	0.011877	0.035039	0.028107	0.014527	0.023685	0.013234	0.003809	0.030753	0.006503	0.032174	0.013429	0.001170	0.004411	0.017235	0.009639	0.012432	0.027547	0.035865	0.019390	0.033980	0.033246	0.028502	0.018883	0.001519	0.011493	0.004652	0.037232	0.025240	0.032339	0.018075	0.010624	0.024989	0.028227	0.027158	0.034362	0.030478	0.009145	0.033804	0.038814	0.032846	
0.029748	0.029452	0.022495	0.033564	0.008407	0.023442	0.006827	0.001582	0.012145	0.021559	0.027203	0.036722	0.007881	0.028095	0.021611	0.024443	0.029512	0.025322	0.005879	0.019819	0.011582	0.020974	0.007802	0.024326	0.025135	0.010410	0.006061	0.028110	0.035255	0.015711	0.023005	0.014478	0.004926	0.015568	0.006253	0.031406	0.005304	0.019624	0.026908	0.014458	0.026535	0.020336	0.016186	0.006877	0.023364	0.036621	0.026903	0.016194	0.029207	0.034771	
0.014792	0.010759	0.026244	0.038045	0.004923	0.016108	0.034579	0.029029	0.031034	0.005407	0.017421	0.036085	0.000231	0.014120	0.025150	0.014736	0.035514	0.014334	0.034978	0.026156	0.032145	0.003063	0.022077	0.033279	0.016058	0.004396	0.001178	0.031375	0.015937	0.011415	0.016838	0.018920	0.028044	0.035921	0.014360	0.026917	0.022714	0.036739	0.001830	0.023053	0.000768	0.004709	0.001131	0.022570	0.036702	0.027982	0.012195	0.032997	0.029625	0.005417	
0.010206	0.014755	0.041337	0.002420	0.007005	0.011671	0.026741	0.007527	0.002255	0.003158	0.007547	0.011475	0.014002	0.004019	0.022268	0.039217	0.018338	0.015068	0.022562	0.005178	0.034884	0.016497	0.027175	0.034426	0.023430	0.031490	0.035883	0.036113	0.040378	0.023624	0.019746	0.040355	0.022217	0.012053	0.024604	0.026765	0.000255	0.012098	0.031175	0.009171	0.004739	0.008042	0.012620	0.032249	0.038567	0.011293	0.031554	0.032074	0.000930	0.038845	
0.014484	0.039215	0.015791	0.012364	0.009223	0.005757	0.003155	0.032977	0.010921	0.032420	0.011666	0.031789	0.002888	0.019541	0.012477	0.009447	0.034009	0.029316	0.017846	0.032334	0.042095	0.042310	0.016438	0.003535	0.024909	0.036708	0.016346	0.011304	0.014832	0.035734	0.036173	0.031756	0.011105	0.028722	0.003036	0.041790	0.016367	0.028961	0.014059	0.016447	0.029667	0.037294	0.002583	0.006586	0.006911	0.018254	0.017898	0.007848	0.007448	0.015264	
0.018088	0.027473	0.019595	0.034442	0.012198	0.030810	0.019998	0.023828	0.024707	0.007152	0.022818	0.032835	0.022851	0.034160	0.019487	0.020133	0.029548	0.037130	0.010497	0.015516	0.013121	0.033570	0.005690	0.010521	0.008281	0.014087	0.005670	0.000058	0.008900	0.018648	0.025921	0.033990	0.018795	0.034028	0.007374	0.021018	0.029462	0.027704	0.025456	0.020283	0.000225	0.021398	0.009695	0.031663	0.025995	0.003052	0.025815	0.021641	0.001530	0.033144	
0.027699	0.008258	0.019117	0.002500	0.040070	0.000192	0.042398	0.006580	0.002433	0.030047	0.038655	0.030313	0.037087	0.036739	0.013472	0.004722	0.022856	0.003005	0.007393	0.042747	0.022376	0.009764	0.028051	0.015833	0.032623	0.012773	0.001078	0.027711	0.020532	0.035602	0.037824	0.027025	0.027921	0.008236	0.042052	0.018189	0.005223	0.032608	0.010081	0.018312	0.007763	0.021379	0.010526	0.020295	0.004604	0.021630	0.010953	0.024295	0.003277	0.025181	
0.012792	0.007123	0.007977	0.011655	0.019381	0.023805	0.021771	0.030146	0.031246	0.039231	0.001238	0.013553	0.006453	0.015655	0.021929	0.041051	0.020961	0.026167	0.001906	0.004930	0.020445	0.028191	0.000295	0.014076	0.027797	0.027560	0.029328	0.018875	0.020786	0.045959	0.020214	0.003906	0.012775	0.037414	0.018375	0.006286	0.045661	0.015678	0.003090	0.003343	0.004823	0.045765	0.030847	0.006719	0.038257	0.015013	0.023820	0.033763	0.003397	0.038571	
0.023763	0.044869	0.017686	0.017705	0.004183	0.007893	0.025962	0.009449	0.032222	0.004282	0.010346	0.015184	0.029652	0.040603	0.015946	0.005666	0.025687	0.009150	0.034162	0.036776	0.007861	0.013243	0.004870	0.040582	0.015513	0.032888	0.001244	0.047691	0.014265	0.047155	0.006335	0.039140	0.025173	0.012738	0.009122	0.009756	0.009166	0.023725	0.013857	0.034763	0.005901	0.044540	0.044144	0.014704	0.029718	0.006631	0.027515	0.003996	0.001433	0.001141	
0.023276	0.030089	0.019595	0.020021	0.014570	0.034582	0.025248	0.017954	0.014101	0.025498	0.027324	0.007648	0.031332	0.018310	0.018062	0.032299	0.027627	0.013715	0.025578	0.032045	0.030874	0.016245	0.002624	0.024619	0.030521	0.022795	0.008410	0.016124	0.013133	0.015704	0.001701	0.027097	0.021428	0.021016	0.031207	0.014859	0.020984	0.003342	0.033947	0.026343	0.026451	0.000036	0.013599	0.033369	0.025293	0.014037	0.000186	0.008440	0.007607	0.029131	
0.023604	0.025926	0.013226	0.042592	0.007820	0.014250	0.003072	0.043578	0.019541	0.012896	0.015765	0.033365	0.009752	0.033890	0.035322	0.021286	0.000417	0.034207	0.027192	0.001875	0.035652	0.042669	0.036442	0.031989	0.004716	0.007599	0.001313	0.009330	0.037122	0.002696	0.020119	0.034814	0.042920	0.037482	0.011849	0.006497	0.016753	0.007626	0.043461	0.028132	0.017980	0.006624	0.029559	0.018638	0.002168	0.023804	0.011706	0.000568	0.000360	0.009835	
0.025050	0.022568	0.030180	0.022202	0.026287	0.014975	0.023141	0.033400	0.020137	0.023890	0.035661	0.026092	0.009657	0.013965	0.002662	0.002053	0.015033	0.023011	0.008519	0.039517	0.000604	0.002145	0.008454	0.011654	0.027413	0.005940	0.003050	0.035755	0.030692	0.033934	0.026159	0.009703	0.029761	0.007017	0.036539	0.030992	0.024429	0.017495	0.040811	0.008403	0.038908	0.022392	0.038041	0.011398	0.011485	0.005000	0.021157	0.018421	0.018185	0.006064	
0.015961	0.004618	0.034098	0.025252	0.035437	0.016248	0.025312	0.006998	0.002435	0.012057	0.031395	0.026728	0.021813	0.035595	0.037167	0.010895	0.030765	0.032714	0.008283	0.014934	0.038946	0.002214	0.038839	0.009693	0.007596	0.001870	0.027965	0.036632	0.025680	0.019162	0.006188	0.024388	0.036638	0.024218	0.000877	0.014650	0.032632	0.017178	0.038364	0.036375	0.005063	0.015843	0.028632	0.017846	0.005501	0.014181	0.009183	0.011079	0.022641	0.001223	
0.029397	0.034462	0.018789	0.018971	0.022525	0.034314	0.023522	0.035830	0.025967	0.022275	0.027046	0.001410	0.026351	0.014522	0.008729	0.024413	0.014615	0.006442	0.018174	0.011594	0.024507	0.001775	0.033199	0.023973	0.035378	0.023731	0.004481	0.013835	0.029752	0.037455	0.012818	0.024953	0.024202	0.000706	0.032961	0.006422	0.005176	0.013495	0.021311	0.009185	0.037561	0.029092	0.025174	0.022151	0.026553	0.035415	0.001625	0.010107	0.010286	0.003370	
0.024707	0.025939	0.027543	0.026996	0.033199	0.003236	0.029213	0.016572	0.031630	0.022671	0.021635	0.001102	0.017559	0.021679	0.027253	0.007641	0.008606	0.023942	0.003712	0.033077	0.027302	0.031182	0.004117	0.027807	0.019582	0.022156	0.007759	0.003905	0.031914	0.023124	0.033343	0.005334	0.033506	0.009540	0.026228	0.002473	0.031020	0.027446	0.026969	0.027877	0.006856	0.002728	0.010855	0.023106	0.021719	0.031205	0.010326	0.020897	0.024915	0.016898	
0.035710	0.001698	0.017672	0.004516	0.010735	0.017862	0.011158	0.030560	0.027561	0.023376	0.029437	0.024440	0.040883	0.005687	0.007432	0.011844	0.038341	0.038015	0.018491	0.043990	0.033508	0.005810	0.027128	0.018901	0.022254	0.026552	0.004813	0.030168	0.011396	0.004045	0.006968	0.042652	0.004651	0.011235	0.040570	0.023537	0.010151	0.037834	0.001101	0.013002	0.043199	0.014176	0.015306	0.007244	0.015708	0.009422	0.019525	0.012143	0.007653	0.039940	
0.005120	0.007511	0.008049	0.020193	0.039038	0.003611	0.036906	0.022937	0.039511	0.032335	0.024488	0.014887	0.018133	0.018200	0.025348	0.001319	0.038079	0.021661	0.028220	0.038881	0.035772	0.008967	0.015882	0.014837	0.017906	0.009633	0.017086	0.030112	0.015692	0.029004	0.018988	0.027222	0.023112	0.002925	0.020702	0.009617	0.027990	0.005875	0.018413	0.022198	0.019258	0.000103	0.006805	0.023496	0.034572	0.034145	0.012690	0.039716	0.005434	0.007423	
0.030510	0.034401	0.038939	0.002750	0.029721	0.012328	0.001765	0.006490	0.000058	0.012001	0.033376	0.024776	0.031464	0.017872	0.017671	0.012841	0.006129	0.011735	0.013652	0.023230	0.038760	0.006089	0.002483	0.029194	0.020748	0.029779	0.030130	0.032374	0.003104	0.011711	0.016632	0.015632	0.030959	0.007126	0.015334	0.033862	0.028764	0.033664	0.035509	0.030546	0.034725	0.017922	0.020577	0.007943	0.010119	0.023625	0.015079	0.013483	0.029097	0.013321	
0.76
