50
2
-6.526405	11.851840	5.016466	12.696799	12.254152	-10.900525	9.922141	11.879384	13.433846	-7.510120	-21.504974	9.285530	-24.753416	-1.484958	-12.749866	17.641116	17.826029	1.096401	2.234625	-20.054793	19.030373	5.133731	-20.557000	-20.117641	-7.929542	18.114903	-2.098508	0.292233	-12.267889	1.910937	-22.636592	-19.860153	-9.859129	19.223353	-5.921737	-13.709797	13.806618	-3.244805	-23.632502	0.519147	-22.131957	-6.345097	-3.095868	3.717747	-23.185563	19.541580	-5.314073	-15.692103	17.126406	-17.861650	
5.681365	-14.159093	-7.584779	-10.636452	1.402906	13.558519	-8.465235	9.235374	7.751551	4.194724	8.350129	2.969059	-16.199663	-6.710330	3.280932	-16.361760	-13.161449	-3.556661	-6.894909	-15.508030	16.700201	-8.650632	8.642266	14.577413	2.927221	12.992010	-10.707270	7.937818	-9.982131	-2.505796	-11.317901	-16.890444	-5.279157	-15.495971	10.326883	-17.819079	-1.004735	4.075240	6.867909	11.925512	-4.065880	-17.156636	-4.243371	-6.357748	11.903392	-9.608824	9.224893	-2.040211	-8.349514	15.659100	
11.431946	-21.508670	21.707610	-11.558176	-12.469293	17.668956	-1.489719	-4.619420	7.329889	-3.095693	-14.012449	13.789439	-9.420342	-15.555660	6.145113	8.356009	22.352313	-15.747582	4.415314	-7.536158	-1.504082	-7.901264	-6.423786	20.163092	-2.222823	11.246016	-6.256331	-13.956782	2.212450	-15.169488	-4.076683	11.362859	5.738926	-10.641526	14.115795	-16.120070	-9.869676	-17.563726	9.743510	-4.735591	21.180150	-0.605061	9.760338	-14.206766	4.104296	-18.963690	1.137956	-14.844633	12.361825	-20.550682	
23.808153	10.777760	-10.753176	-5.574530	-12.532802	6.635604	6.271589	26.916978	-1.963872	12.637226	-12.294207	17.513813	-17.570292	19.760149	-4.453572	17.706114	26.174916	-17.125761	-15.612926	11.086974	13.337314	-17.396596	-16.494932	-23.510346	3.901380	-4.375062	-25.960950	24.049337	-16.183894	-1.455709	2.564755	4.653679	19.368849	24.579427	-19.270382	-25.623041	17.971784	-6.846425	-22.770782	21.728012	5.185284	-18.165524	1.936797	-19.872175	11.049250	-21.973434	22.465394	27.745195	21.419110	-27.877240	
-15.849815	-15.997604	0.112494	12.204609	-15.900823	-5.581482	-12.609366	-16.227898	1.476226	2.112237	5.324826	-10.254363	-11.720887	-0.761372	-10.277026	-18.026187	14.363830	-19.449637	-6.652385	18.533898	13.416819	10.293024	-14.466965	6.864996	-18.102577	-19.152021	12.636533	-17.530885	-3.765942	-13.588621	7.838338	-15.224343	-3.800427	16.963302	1.012459	-11.837725	5.543231	5.466919	-17.072632	8.497426	11.084949	-7.005458	3.079709	-5.460112	-9.398244	-4.544030	-0.492896	-19.284399	14.790215	-1.704131	
16.788501	-28.265014	-19.478070	17.213330	10.892779	-28.786450	-9.229800	18.057886	-4.373691	21.208727	-15.732512	-2.215123	-15.292312	26.208889	9.811131	14.347578	11.090765	-16.947868	18.968295	14.159265	-26.455125	-25.856668	7.297397	-10.650297	-8.891737	7.011649	8.808313	-7.953520	3.938148	8.550986	-23.202057	27.530276	27.433071	5.669218	-22.290895	-7.400556	14.751920	2.149265	-16.060480	-15.917398	17.589107	-18.800725	15.661309	18.317039	26.966702	-28.002323	-27.116054	-23.109067	-4.117077	17.483248	
5.854239	16.428503	-14.744043	-13.300542	27.572142	23.962006	-16.841873	8.210259	-21.944004	-16.105455	-15.298545	-2.961956	-5.534792	7.537293	-25.211136	5.958682	19.759660	12.267025	-7.076987	-10.898537	10.216985	7.129768	-26.140651	-10.586611	-13.392400	4.163334	-22.026680	11.520863	25.274199	13.934149	-15.187315	26.724107	-10.206466	20.224960	23.505393	19.407060	26.797994	-19.588522	-17.531664	-0.767518	-6.070514	10.232798	16.598185	27.063159	-1.279873	8.080123	27.737190	25.924154	-5.449600	22.041860	
-0.142781	-22.503156	9.668461	16.734052	21.933130	-24.499643	-28.316932	-1.799619	-17.495116	1.332766	21.392027	16.828187	20.081388	-11.873985	-11.525943	-19.677085	19.894807	11.912923	-0.778366	20.445473	-6.518979	-0.447190	27.200508	25.792886	-21.214468	-9.092371	28.615620	-26.655041	2.847932	-15.470747	27.421232	22.685153	-4.019495	-18.947511	22.936058	5.552225	-26.552308	0.875276	19.138830	-19.553058	20.054142	23.225806	-28.436538	-23.662575	-24.191729	24.881897	5.811698	5.250158	-10.944283	-0.719985	
13.655609	4.447917	-7.108198	13.956416	3.422100	-9.214433	-5.822171	3.215707	-19.887542	-5.945596	10.275801	-20.160442	11.164493	-2.583525	0.459651	-2.761552	-12.308330	-2.844229	12.387791	1.227704	-2.388056	16.856005	-10.578488	8.831328	-7.402522	8.046703	-3.522671	16.244977	-4.156430	-5.359796	2.036788	10.547637	21.562245	-16.580205	0.966962	-1.556701	-17.678502	-21.785263	12.764558	-10.910473	-12.701116	20.475030	-21.493316	1.676014	9.589810	8.285036	17.646411	-11.516785	5.515872	10.944955	
24.380852	4.124632	-23.026753	-13.453893	-10.319994	25.210765	22.980491	15.815879	15.309162	11.960087	-2.848613	-22.226985	-9.356835	28.066357	22.102868	-12.271432	23.735414	-15.156443	-1.359596	-14.954104	20.177597	-7.530994	-15.619789	-8.669149	24.807786	-18.513639	0.957833	-3.701883	29.508116	-21.621535	-16.099747	16.258941	-4.634500	5.435266	23.149102	-10.979351	17.044127	22.308987	-4.677006	20.998886	-22.485423	-22.579054	10.273850	-25.580342	28.183380	12.484391	-28.622847	-23.743338	23.809732	27.220897	
20.618351	-22.900859	7.193633	21.471967	-5.369098	15.743732	17.395950	6.494810	10.810826	4.767489	-22.773018	18.787627	11.314919	-15.663800	-7.722725	-3.774656	-1.878666	0.943599	17.634899	5.061743	-7.359559	9.934392	-0.942141	-14.319883	-8.755058	-4.770998	-17.643935	-3.963497	-0.083374	5.984590	7.113993	-2.432033	-13.588968	1.581335	9.154288	-19.068249	-16.603371	-9.686855	-15.150560	18.844404	-0.367472	20.476171	-15.180873	14.550723	-0.361354	22.145139	13.437238	-22.107513	7.968942	19.631402	
14.692865	-1.931014	10.716718	-8.010618	-20.402746	-0.097013	3.116455	-16.858300	1.547431	-22.506879	2.668384	-8.220709	0.053420	-6.586431	6.172394	14.283205	16.725703	2.870189	-17.707268	-0.511684	-15.172641	-2.213962	12.174884	-14.992509	-11.384621	9.032755	-12.594708	14.427576	15.539536	-6.220568	11.097857	-6.093552	11.141197	-4.972762	15.315334	-22.997295	-1.337484	2.417977	9.644745	-5.984808	-2.299446	21.790916	-16.089404	12.031938	13.738832	-20.860496	20.540088	15.168608	17.721418	-6.753810	
-3.229451	17.769528	-6.063608	-9.143727	24.249036	-3.237840	-17.209502	-8.975526	18.037715	6.385383	4.284530	16.001467	25.609365	8.960269	-15.913293	-22.611815	21.390644	6.508658	3.088998	16.166282	9.258386	22.020021	-12.979258	10.353803	-17.300805	-24.773221	4.517053	-5.304936	19.291386	10.301565	12.179156	21.944693	13.402655	4.956597	24.462907	19.548820	21.406947	5.807708	5.023014	-3.690503	20.322442	10.287880	22.474590	-20.635309	25.473171	4.177933	-1.733623	-13.846258	1.804965	-5.315384	
-14.635481	-27.010318	-1.347945	10.398767	-7.410950	-22.610881	25.006704	-24.262679	4.338418	-23.007823	-14.352020	-25.759738	-21.693641	-21.693321	-22.111188	-16.984472	-0.224732	20.319331	27.661801	-21.493108	25.146134	-12.535867	17.202291	-9.767349	4.854130	-7.921334	-19.520242	4.608495	-18.914935	-10.601727	4.401983	-20.893219	18.092202	4.874275	8.770695	-6.951995	-15.310093	1.820723	17.003720	27.050833	-6.972645	25.428825	-14.292683	0.983181	-22.368527	-7.603331	-11.121863	-18.505452	27.455524	14.468774	
11.503682	10.861536	-4.928726	-6.174132	10.433909	-2.876147	7.234919	11.501392	-2.241781	-2.411075	-10.404504	0.065646	-3.350371	-9.406738	2.617771	13.410657	-3.595715	-3.149681	5.732047	9.271226	-3.088535	-2.761103	-7.244397	13.761336	11.559235	9.354435	6.876443	-6.375437	-11.880132	4.136219	4.234765	5.553896	7.115565	-5.579835	12.509351	4.141734	0.814932	-14.861554	-2.550540	8.425685	-8.935777	-3.958759	-8.288468	-0.156722	-14.022439	-0.940836	15.425804	-1.916455	-5.730457	1.941697	
6.428803	14.554586	-21.673711	12.732422	-18.451661	21.526806	10.415781	-21.529395	17.609664	10.029436	-2.259091	-13.304200	-1.153986	-16.126810	12.130113	-18.731644	10.094572	-0.416583	-12.549936	-11.474516	-4.554171	-2.217018	6.262141	-12.320212	-16.268443	-20.518667	14.414238	17.846889	11.493353	8.090511	21.993134	18.351593	4.201790	6.962847	-9.261971	-14.583978	13.479858	-15.039961	-1.907408	8.855995	2.009341	13.268795	-3.238680	20.707052	1.768111	-10.343497	-12.916511	-4.227907	-21.120964	-3.458782	
23.079503	-27.828764	12.817582	-28.584585	-9.676569	23.516350	27.872768	17.887758	13.776087	-4.360250	-19.167377	14.803023	0.414299	-27.231887	-1.645803	28.825438	-3.190638	-7.800849	3.692686	-12.692302	-8.528462	19.219441	-5.044611	-17.467154	-0.396186	-8.954094	-10.294046	-14.887165	0.330517	22.683834	-28.579807	17.683335	2.211621	4.518071	-15.532822	-6.940198	23.502619	4.209326	1.669268	-24.090516	-25.092416	6.597965	-2.694389	-9.307658	17.275714	-22.124066	1.849674	-11.366130	10.550114	0.902509	
-19.818849	19.416428	4.286932	-5.740036	-1.480914	-13.502229	6.493587	6.520153	-6.913172	11.024465	17.346831	0.516058	11.472369	-0.554977	18.661169	8.961398	-8.672415	6.836576	-5.729714	3.887750	-15.101261	-11.153434	1.609011	-5.837650	9.257886	15.147410	-15.242138	-21.814092	5.795173	-8.299944	-18.511985	22.723544	-21.251233	19.508606	1.173474	-2.553530	-7.008353	-18.420633	-14.574939	-20.690503	-18.289558	-5.284752	16.430273	11.862614	7.335976	9.865209	13.041597	14.853326	-11.182593	-13.587412	
-3.398671	5.143801	-16.614624	-19.521130	-13.055040	-23.867082	10.507652	14.343454	-19.587818	-25.986939	20.916376	-5.549617	-0.979182	-7.399198	-0.559461	-11.409317	5.873840	-20.529406	12.471158	-22.347064	-7.290808	-15.340350	-10.846430	-17.867808	12.877463	19.142712	-22.215845	-17.877212	-6.794447	24.045102	-7.518179	-18.597008	-14.104776	-19.070839	-5.632462	-17.073935	14.309545	-1.273432	-17.767312	-16.722455	-2.715062	10.015011	7.992689	3.650769	-10.768043	-6.039965	-6.422897	4.514514	-0.409911	-8.927297	
11.031370	-27.496496	-20.378943	-14.594124	28.799057	3.533550	-25.349580	27.762065	-21.083684	20.833134	-2.583452	1.041381	20.925406	-1.604353	13.005389	-2.516088	28.531792	0.964903	23.286022	19.361991	2.171013	11.207367	13.270204	8.138931	16.433856	10.870446	-26.760213	28.394421	4.254658	18.081388	-18.554902	15.390466	16.326001	-13.648597	-25.378815	3.729317	15.393342	-17.558037	-28.596309	-10.977633	-21.104363	-28.637866	-27.050056	16.596406	5.693286	7.385162	-4.028626	23.562840	6.385959	10.987506	
24.762481	-15.192331	4.088252	-17.863539	-3.087687	-23.425555	-5.057352	3.525726	23.315305	-14.100264	-25.236439	-9.217241	9.859835	-0.040047	9.799537	-8.496467	22.433590	24.632715	17.617143	-19.728965	21.239708	8.210008	-19.954505	-11.493466	10.633040	-24.261595	-6.469542	9.433488	14.657603	-20.546345	-4.053637	-6.731849	-18.484412	-4.797431	-8.098688	18.256081	15.121707	25.763861	24.595923	19.614916	-9.960159	14.969931	24.362558	6.837861	-15.973973	13.027522	20.056469	24.332028	15.743976	-21.689667	
2.314022	19.251690	14.403794	-14.789197	8.819534	-12.220580	-16.658100	0.311661	8.666511	12.704355	-19.509874	14.735739	-8.010020	-1.903262	19.093014	-21.980815	-7.488082	15.316681	-6.490391	-13.363612	20.851988	-18.153077	-19.982662	14.125029	16.692958	19.777966	-1.028309	-15.216318	3.504807	19.237103	-22.433632	-1.285887	-10.978035	0.731483	18.234050	7.359315	5.163235	-16.329736	-21.240453	-15.424208	-4.868924	-0.059623	13.748792	7.230004	-19.275654	-6.554608	6.092179	-7.124679	17.256899	6.808874	
16.129324	8.865124	11.831108	18.493923	15.676817	5.320221	-7.605711	18.283149	-6.454225	18.074655	13.888147	12.583807	-20.546445	15.039802	-1.921784	-1.538384	-10.103233	-4.935805	15.119021	2.806168	4.485328	7.590500	-14.727825	-15.467437	15.177466	10.462120	-3.269654	-1.811603	14.960855	-9.488241	-17.130604	-17.294338	-5.445995	17.595874	-8.164482	-13.928830	-1.111277	8.582426	8.599282	7.696481	6.174612	-1.324769	3.040597	-0.008708	0.127111	-4.628794	16.657248	1.603585	-8.351002	-8.314749	
-5.677562	20.327979	-23.349962	-6.418408	-9.391999	-4.320781	14.891862	7.343534	17.187728	-12.481931	18.149283	-0.253135	3.114238	-11.156053	-12.255268	-20.280029	-10.410537	22.701141	19.786893	-0.972516	2.825706	-23.663742	10.634864	9.211231	19.655004	-22.046716	10.362054	5.052300	-23.947739	-22.925885	2.345787	8.438876	14.694047	4.852978	-20.543875	-4.290960	-6.602237	-10.948772	-11.842891	3.593621	-8.956993	-19.764800	-16.282598	6.587102	-14.161582	7.239489	-12.503015	-13.251208	17.346713	-4.593799	
8.727596	0.476841	-4.025316	-4.127859	-11.134905	10.086790	10.728360	-8.445338	11.034929	-1.796642	-14.409439	-3.413170	4.881562	7.484269	-13.798365	-6.328083	-16.759647	16.177404	14.399340	-7.429955	11.823497	-1.014793	12.616125	11.132237	8.036839	2.337253	4.806899	15.401961	4.257555	-11.856645	-10.522716	11.565702	12.436879	-5.459360	16.318161	-12.163295	13.266751	-14.479553	10.137983	-3.676590	7.960829	-0.857622	17.423915	3.702391	8.065427	-16.078228	-7.193382	-3.948793	2.540550	1.453777	
-4.299114	-0.301312	19.753554	16.586857	23.418171	-1.517912	6.496886	-4.871932	8.161905	16.175217	21.172596	20.519062	-12.410545	12.270769	2.787759	-14.946566	-16.802280	-0.037412	12.175345	-4.863463	6.333707	-0.067338	-16.456047	16.274726	-10.261466	14.332468	-6.257267	20.735676	23.991668	3.945541	-9.527256	20.465474	-18.469284	15.954043	-8.294310	8.805259	-18.624997	-3.516991	5.173057	-17.994584	-0.916633	14.031373	-18.143930	-23.853010	-20.574647	10.169933	-14.224247	-19.532771	21.999709	23.182449	
6.435884	17.189781	10.048871	-21.398815	3.889769	2.297294	-20.121902	22.935959	-22.818298	12.867163	13.727580	3.577172	21.281247	-9.264551	13.927025	-15.514184	10.045894	7.651625	-18.840856	25.398131	-24.865157	-2.971561	-9.051312	12.029633	14.404365	23.042572	21.988706	-14.410704	-3.867152	23.808542	16.419274	15.713557	25.608586	17.213905	27.489334	-18.033932	9.410321	-4.194963	-6.886294	6.607032	-13.415504	-16.363731	-26.603171	18.394905	22.530061	7.569815	24.786473	1.064073	-24.990750	-19.787750	
-7.921624	6.044581	-7.631047	-19.307745	7.253352	7.310495	2.174554	22.130476	16.913501	-21.650078	13.486681	-15.281201	-22.313375	13.880308	-0.319575	-9.513563	7.630956	-11.822682	22.729355	-4.727172	7.391699	11.347951	17.670546	-7.087087	-11.273388	-11.201145	-7.281700	0.845100	14.885130	-17.396115	0.784674	-15.430072	13.880258	-22.474520	-3.765292	6.392979	3.646556	19.860524	22.480045	-12.050909	4.211227	-8.163691	-21.251750	-22.434301	20.590417	-20.348640	-14.344675	-18.079143	11.644375	0.154202	
13.042906	-16.987001	-10.060169	-6.012821	-10.965790	-16.408656	4.940122	7.723226	-6.639662	10.961914	15.180651	0.311805	-18.736528	-15.867112	-10.940800	-16.595637	10.346365	-0.181572	6.847098	-11.384822	3.349023	-5.845063	11.913809	-0.541100	-16.177609	-16.391625	-18.307131	-6.078416	11.900340	5.920268	-8.608695	12.583791	0.534550	7.941918	-17.978473	7.098899	3.359435	13.914992	-11.003634	-17.018665	-18.125313	5.050405	13.747292	-10.873569	0.595861	-16.523868	11.941382	1.177975	-2.150795	-7.915038	
-20.322358	22.050363	5.973343	-29.801067	-11.890840	19.288191	-4.051907	-27.161806	-26.132552	-15.237745	-10.701616	15.286695	-8.111114	4.126773	-1.531739	30.703553	30.442708	-26.967238	-17.375337	-30.616848	13.389312	27.662558	-10.434392	-16.139275	7.646166	-30.036612	-1.710947	-4.248628	-17.324121	-11.214204	26.164810	8.940438	-21.121023	-7.602955	-19.398067	-13.183158	17.959858	-30.764103	-28.268026	-28.244598	19.819895	-24.113345	-4.585080	17.728984	4.530625	7.550856	12.165929	-5.381942	13.425947	22.884496	
6.899718	-6.807353	1.509021	1.016184	10.905065	-19.167105	10.700725	-2.858730	9.103285	9.998162	19.533826	0.684995	-18.350264	-7.895498	-9.479397	-9.467277	-7.582102	5.675418	-8.336851	-8.366911	3.267111	-10.042694	-1.009488	10.760724	4.524500	9.703417	10.312505	12.525917	14.753188	10.568059	14.654417	16.524108	-13.886156	-16.976643	-3.313292	5.968118	-19.895368	12.857846	-0.580372	-11.162283	-0.478266	-20.700998	-17.793293	-18.129859	7.297609	7.949556	-6.331141	18.382988	-14.259047	-13.948775	
-24.566111	6.290804	14.754221	-2.561355	14.922036	23.188115	-13.780440	4.933367	18.563614	12.663693	-15.417438	-15.926077	9.864384	21.102210	7.947886	-6.352027	-12.887625	20.857486	24.170021	-1.290612	-0.005200	-4.671968	-18.989900	17.090494	-2.047971	-13.485512	4.449187	20.107811	14.340273	-16.888496	-1.409237	-5.557653	21.221432	-18.716486	6.405972	1.122848	9.274539	-6.977586	6.727694	24.169426	-7.381813	9.359490	-18.460179	-13.228945	25.522771	-1.916349	-14.818549	-17.222645	-13.335455	22.102451	
-0.608341	-8.781753	-14.352222	-20.608672	24.211880	17.746013	21.081592	-15.321851	16.160958	-21.763272	-7.366257	17.676890	14.137823	-23.116123	10.714998	-12.609923	-21.538837	-6.317803	11.788652	5.376273	10.456066	-18.830188	-11.311470	24.033792	-14.349428	-11.242872	-18.922499	-20.179950	-7.496494	-21.435829	-21.895089	11.403663	23.041859	1.439320	-1.527380	-3.962173	4.503476	-7.533918	15.240240	13.315616	20.226246	-10.290341	22.334034	13.068448	-1.410720	20.142132	0.451358	0.726508	-23.843389	0.881739	
-10.570361	18.272419	13.485574	-12.629597	-6.927162	17.348767	1.586245	9.710496	11.783086	14.819434	-0.059700	-6.363068	-18.475962	13.321936	11.301858	-9.329998	-9.840985	17.497812	13.129087	-18.085918	-8.060649	14.730157	-17.540435	-7.999814	-6.876032	7.407063	-7.847927	12.620819	5.451266	-7.712063	-5.063157	-5.565893	2.455447	-2.480367	-9.685352	-16.161779	-10.386260	-13.438921	-18.166906	-18.720812	12.228491	-3.608526	-12.722051	16.945943	-13.903472	-10.761305	-7.975775	-15.365233	-13.585396	2.833654	
10.329359	12.306783	-23.595260	-9.257822	-6.916113	-0.432865	22.209080	13.253995	-18.793847	19.866768	11.347464	-23.110980	12.738404	-8.376289	16.663081	-18.435431	5.580681	-4.543013	-9.552541	22.083031	7.313026	-10.433199	-2.734844	19.411632	-21.006567	1.627530	2.894412	-6.804133	-23.256609	-23.806578	-17.724874	11.716293	20.455698	-8.030044	14.840028	9.924742	-15.495795	-6.690778	-5.807389	9.274391	14.451369	-9.487498	-7.559006	-1.832165	11.909754	12.850344	22.345417	20.797729	5.782151	8.258308	
26.171922	26.787964	25.520962	-0.737482	2.576040	-14.803016	13.610270	-26.573496	-20.516352	-23.351867	3.918710	8.945382	-8.249595	-23.127042	6.595028	-0.612871	-21.896518	-8.258405	5.064645	-5.622178	-5.409533	3.305088	-15.814911	-7.893283	25.119500	23.799078	24.539770	-22.969240	21.837553	10.750947	13.731233	-24.753906	-26.861720	-16.693981	-8.806013	-3.737318	25.610217	3.339333	-25.128583	7.342876	26.063696	0.196812	3.343328	5.803332	14.293840	-10.286779	17.558857	-15.631878	-6.187776	25.762429	
4.112056	10.565912	10.781221	-19.874375	-3.634897	-3.947843	-14.180365	-22.447256	9.387848	9.388882	5.082979	-11.811892	-21.340148	7.224140	-6.915799	-14.057419	16.822178	-23.357782	23.367256	20.255205	-1.600720	17.261086	19.817326	-13.530385	-9.788995	8.340860	11.914394	16.553174	14.982041	-23.654743	-22.820873	8.965693	-2.385699	-6.950178	-14.721335	20.400882	-21.860826	15.546321	10.099808	8.132564	-14.754268	10.989076	24.717534	0.096240	17.123883	-24.009119	15.075968	19.528320	-23.943209	16.509992	
26.194637	-13.450678	-6.668580	-23.551361	13.791233	5.964926	14.394132	-16.698801	-24.195773	23.615300	-6.792192	-6.778142	18.193883	-11.034567	8.877756	-13.501892	24.201325	-18.338884	24.069243	-18.867558	11.695642	-16.274771	-2.306043	-20.685275	15.756153	10.844618	14.701369	21.931805	-1.738613	-20.847012	-3.384248	12.369110	-4.882126	24.819459	0.895555	-9.634656	-18.194384	13.688525	23.964708	17.606045	-14.758698	25.945950	-21.177010	-20.711439	-8.018991	-6.235147	-24.798068	-8.881874	-14.184994	-5.498181	
2.570033	9.449178	-15.359832	4.708363	-18.259264	17.855063	-18.637874	-6.170323	-13.079981	17.572924	3.487489	21.802040	6.148988	-3.554190	-17.534349	3.452690	23.846361	5.043412	-18.038297	-8.216751	10.740224	6.377081	15.725446	7.476398	5.866845	-22.055799	7.600503	8.159447	-8.919619	4.293956	-9.430522	-13.970518	20.384852	-8.444388	14.755112	-8.308402	4.013732	-15.415468	-17.131017	10.403514	-4.186196	13.161693	-7.672190	-1.910567	3.875738	-3.688895	-14.844648	-15.336566	5.518036	4.880073	
1.762455	-2.994200	-6.585338	-13.387757	19.932553	-21.075485	21.891697	22.122053	17.171855	24.081743	24.801998	-17.405608	-0.653238	3.837908	12.136336	-22.511407	15.826945	22.285984	-5.247832	2.969721	-13.133398	12.244885	-23.882197	-21.749237	11.000253	-12.924458	-11.388835	13.280893	0.507413	24.084678	0.388188	-4.713499	18.873706	11.588175	1.253658	7.466886	7.130802	-6.710870	-4.790408	-7.893705	16.239134	13.450678	-7.252283	-1.648625	16.388726	-24.015462	-14.772323	-24.250597	-7.845493	14.501095	
-6.635851	23.322814	-5.267673	13.174160	18.674528	-9.514365	13.590723	-5.102124	1.801862	-16.114909	8.377080	-17.485917	-2.005589	-6.880823	-22.397464	-12.436755	-7.066122	-6.811325	15.889931	-22.313456	18.780962	-6.004827	-15.719733	25.270653	19.413144	-6.679383	2.281226	18.581847	1.208262	14.186933	8.589633	-13.979449	4.400548	11.347827	23.479709	-10.597120	9.543783	-19.765779	17.527067	-23.466868	-14.106544	5.886994	10.891642	17.632159	-15.631112	-5.061348	19.492462	-15.762351	22.534324	5.708644	
5.925354	-14.877567	1.756474	-17.677802	15.148014	24.161753	-20.326806	12.541886	24.111141	-2.929189	8.737411	-27.422279	21.624386	-4.883188	-26.173306	5.338599	13.473703	20.249603	3.046225	16.379200	4.644489	-13.286242	12.651020	23.822782	-15.961368	26.020911	21.657347	27.061814	-20.943642	27.524207	-17.664451	-24.804759	-6.880798	-7.930094	-0.325891	-21.255071	-25.397598	6.240211	-4.986644	25.845303	23.193532	26.548349	-15.749922	12.459816	-23.429080	-18.302965	27.366019	-5.596427	19.753305	18.697473	
23.056121	-12.370219	-17.075023	-10.950212	-24.468924	-15.208198	15.950016	-15.900971	11.085035	8.967368	22.306431	1.821186	20.190018	-4.451070	-12.532550	-10.659572	21.469162	-8.995912	22.372920	13.673584	17.513544	-11.963957	1.073022	25.831504	12.042337	-18.678274	18.107520	11.497952	13.258149	14.412177	-9.479221	1.963916	-25.944979	2.503979	-1.592180	2.150534	20.528128	6.486753	14.253468	13.772222	26.898372	-4.075833	14.906551	-14.244660	26.691798	9.077808	22.411475	10.624876	7.294344	8.655098	
-13.495861	21.877412	2.156855	-0.117767	-22.109943	-10.050964	7.215569	21.294123	12.407099	7.599539	-17.170847	-6.969894	1.806658	1.322390	-21.453247	-3.662705	-17.538721	20.774851	16.541529	22.670968	-14.004207	-3.211637	3.781339	-18.096936	-15.979256	-1.274189	15.329520	12.987604	-3.430101	-22.884278	-7.229477	4.709064	-3.189861	-7.282684	-11.198739	14.893367	-18.635144	-13.892023	-16.571283	-2.926028	2.054917	-0.134721	-8.280279	-17.068989	-12.770737	-16.191672	12.790084	-10.739006	-14.986357	12.665652	
3.752508	8.439679	-3.545293	13.618880	-18.718538	-17.044240	6.370726	5.682133	-12.492835	-18.346421	-15.631168	-7.079938	13.184197	18.137620	7.792189	-16.206960	-6.369842	-8.424586	21.592697	11.495936	14.225927	-18.889879	-1.983193	-1.436397	13.652165	-20.331839	-5.235607	6.769043	-12.121094	-19.479444	7.625316	-14.427654	-20.106991	3.101635	-12.869523	1.477610	-3.040723	18.411510	-7.841178	-8.419016	23.364817	22.954455	-15.876344	-6.217071	4.629453	7.641521	13.222748	23.195286	14.512170	-15.698570	
-14.635845	-19.459889	-25.618078	-24.965881	7.546874	-10.502540	-9.941238	-15.169256	-12.237861	16.191686	20.304646	-10.775367	-26.006026	10.816489	-4.915020	19.407647	1.668597	-11.202691	23.444479	7.078325	21.405975	23.119969	1.294073	27.184193	5.775703	-25.684676	13.049303	3.609690	-16.072993	-14.156047	26.093379	-8.490252	16.354408	-0.242667	2.114227	-12.165959	-3.031639	-27.058857	-16.247538	27.968121	-12.693612	23.349548	24.427227	-3.521943	-13.742500	-13.031996	3.120057	3.148259	18.048465	-17.465329	
8.663865	15.237928	21.561185	-10.271887	-3.802085	8.772643	-13.374846	6.714163	5.893219	8.267616	8.852650	1.861189	9.947075	6.553730	-11.762524	-4.960126	-9.207677	12.003121	14.511732	-0.826981	-11.445892	1.095264	-22.441063	17.938379	-9.851699	-2.196552	-2.545027	-4.106362	21.226556	9.772861	1.958823	12.773980	1.171187	-7.170107	-18.690436	16.653500	-9.717371	-12.551818	-18.810144	19.371259	-0.198864	-18.532337	-12.629518	-4.793655	-15.279082	17.067410	12.368023	-12.648027	-2.739279	0.009565	
0.949712	-20.691163	3.459916	-12.593649	19.030770	-25.664858	11.606184	-0.865722	-21.989189	17.267465	1.522003	10.123903	21.406787	19.930499	5.594710	-15.905261	15.613639	-17.716319	-16.029041	22.894000	11.975635	13.890199	20.589932	-3.642220	21.950061	21.696129	9.501974	-11.470210	4.566618	-19.776240	2.887391	-15.198373	-19.297533	20.719865	2.570895	2.412875	20.948623	-15.907928	17.899225	-11.861795	-20.660489	-1.704017	-22.981834	7.665765	-18.676233	3.317227	-24.716017	-16.308133	9.890118	5.813490	
10.576033	28.752871	-15.240091	-23.747752	-19.022321	-20.441417	-28.579386	-12.999881	-7.028129	-25.180314	15.996443	20.575290	18.010120	-21.201998	-3.379650	14.852645	-0.954990	-10.978333	21.652945	-19.205466	26.312786	2.442958	22.716190	-6.617968	-4.443633	-25.107087	21.794742	-25.197177	-25.355381	-18.166745	23.986403	-8.529369	-1.330431	-28.421930	7.067923	9.800766	-11.746447	7.685555	16.223601	-7.293650	27.808702	26.758257	-28.171470	-18.224972	4.982836	-23.740140	10.700864	14.854890	-23.830392	-2.082235	
5.493967	2.587967	7.765316	-12.518795	6.135696	-9.497043	8.101339	-17.590543	-9.309762	-16.481827	-5.347293	-15.340315	9.913108	3.273775	-2.283334	5.510168	-18.349934	-2.948224	-21.099451	-22.710746	16.757765	20.783852	-5.154308	23.006864	-18.349168	-2.713402	16.476623	-11.622939	-10.367606	-17.167632	-19.725028	18.167821	-18.171153	21.615190	-1.843977	-0.874137	12.530795	-23.526549	-11.627620	15.987581	-22.809571	3.713202	3.579575	5.553769	7.722557	15.346911	15.599579	-21.587668	3.225369	-12.495058	
19.759360	10.721644	6.674784	20.161172	-16.374002	-1.012362	-12.439107	-16.347838	8.781376	3.439350	-15.083953	20.097720	1.047950	-7.695323	-9.510682	-9.522667	12.055494	-17.458772	-16.722352	-15.078848	12.741892	8.758025	19.984852	6.783794	7.945885	6.286543	4.023381	-8.053529	-0.236175	12.339078	17.865913	-9.135076	6.234273	-15.307957	-20.696826	20.440266	13.314768	12.104192	11.156916	-14.292021	-8.432558	-7.023497	15.133671	-10.187084	12.451819	5.007050	-5.029007	-0.867237	0.242272	13.157644	
19.758167	14.737523	-17.711334	-1.527412	-19.154164	-2.119669	20.959314	-20.566164	-0.623435	-2.892469	0.729605	-13.138872	13.764222	23.512978	-15.264403	7.482401	-14.556664	21.789652	2.688115	-4.393299	-8.504845	-5.277927	13.056007	21.175115	14.332255	-2.817706	-24.142591	0.364711	-17.750579	18.717865	-21.153093	4.950797	25.989293	1.944056	10.210544	20.666714	-8.311069	-10.443475	21.092550	17.594436	-7.648855	-8.221596	-14.535067	-5.197517	-17.822642	-7.686548	0.729319	-10.453786	19.622083	-25.312042	
21.180340	13.047342	5.590435	-23.775858	-22.189978	20.058062	1.504939	10.457264	-2.259700	-11.445140	21.255066	1.933004	-18.045777	14.630048	-6.438642	0.885707	-13.365146	25.630751	-24.998062	-22.483379	-24.568339	17.645608	-16.262086	-18.458600	16.012548	-6.067019	-15.129369	-10.276994	7.937196	21.228450	-23.803736	-26.344473	25.027101	-23.849702	26.718660	0.902985	-11.657947	-21.146857	11.840055	-3.659541	-9.804409	-25.194393	-22.885633	-17.217397	2.975329	26.660092	13.917064	-22.868853	-13.444507	-15.891854	
-2.692225	0.890418	12.426682	5.721350	-25.374738	-24.111525	-5.332909	-6.941776	5.093688	7.285647	-17.143306	-12.193435	20.592955	-17.782673	-7.060201	-7.061143	25.290802	-20.975883	-7.125793	-3.403999	10.917216	-23.112116	-7.202446	18.721068	-6.437824	-11.405896	25.508572	21.532787	3.129254	-2.963580	23.510640	25.526726	-0.762085	-2.627689	8.855553	21.306195	23.044712	-5.888806	-23.887837	-21.091782	-4.402176	-17.701178	20.199635	-13.090296	17.015880	-26.276236	26.131238	-18.682413	13.688082	-19.852123	
-11.471285	-23.848198	-22.456075	7.280958	5.638885	0.651524	0.031594	-14.031993	-23.108189	-14.682230	13.487945	-21.957744	12.840018	5.364045	-2.740461	-1.662855	-8.941311	12.101235	-12.509449	-20.329548	-4.088717	1.855915	-20.517064	23.366593	2.353128	-9.731749	1.934680	22.962866	7.220421	18.425737	-2.145831	19.327222	1.713209	-5.193669	-14.783749	11.733815	-22.250519	-22.302073	-1.785770	-17.465641	16.406516	-23.995115	19.115079	14.927682	0.820781	-21.318458	-0.914828	-16.684174	-14.580970	-21.145957	
6.008808	-7.092337	-13.686005	9.339971	-11.970997	-0.477916	1.543847	-12.084728	-3.077122	-11.143546	-13.227706	-15.495966	-10.522801	-8.029046	0.274141	-17.533958	-14.335084	-0.283053	10.909697	10.838593	7.885924	17.841934	-11.968444	7.180070	10.331153	13.003173	16.643078	0.099805	2.541084	-8.108026	-2.956846	7.897131	16.533716	13.726224	-4.172156	0.550822	4.756848	-0.306053	15.996881	16.541756	0.635535	3.505220	-14.531101	-13.605768	10.243661	-12.568657	-4.345865	-13.426205	-17.109126	14.404081	
23.968163	4.829069	13.600585	-17.282108	-15.270561	18.734536	-10.728418	-8.228054	-5.411997	12.326592	18.582714	-0.276684	-14.113210	14.620491	12.535991	-25.745550	18.767806	-0.505723	9.610357	14.067048	-8.212148	11.918997	25.067960	-15.239354	-9.460685	10.377914	25.396788	7.216817	-17.328994	-3.682265	-18.502822	-14.040406	-17.449908	-10.472744	-4.844041	2.944579	18.866812	0.178785	17.071023	15.628676	-3.632233	1.536358	-19.857831	24.790268	-17.432055	22.466009	-6.874642	-8.348142	0.792740	-8.000733	
14.080205	16.852252	2.394680	-7.191164	-8.929436	-15.926771	16.733169	12.084464	18.349449	-17.869448	11.418318	-1.721790	-6.699292	-0.754973	-17.316788	-12.409954	-15.802262	11.235545	-8.199823	19.121109	12.450056	18.683532	-7.518521	17.502341	-19.948476	15.018799	-7.767329	-9.589310	2.215838	-19.717594	-6.797848	-0.171726	-8.318749	10.851018	-19.622951	15.581924	-17.173446	17.371725	19.704959	-10.136355	-17.049371	3.609928	-4.178397	11.091186	19.465761	-0.323854	-3.213824	-2.536558	-19.294457	17.108049	
22.995062	-16.401502	22.805803	-16.571762	-23.105913	22.852352	-1.707053	4.010501	-21.219751	-18.850065	22.228945	22.074524	1.237250	-25.976346	27.644661	-17.894042	19.823887	8.557322	-24.297551	12.322755	-3.822257	-2.435403	24.157941	27.898915	4.692541	17.183964	26.433124	-23.393522	2.030042	-2.211725	-13.687892	27.165428	13.142554	16.335508	-11.972801	2.417379	-24.622036	22.979597	-26.915079	-23.733535	-20.038305	-0.422531	-21.856386	-17.729964	8.995853	21.501374	1.271765	-22.998446	-20.741187	6.781619	
19.550820	25.122874	21.068515	-15.810083	-11.127033	3.869069	-5.108092	-17.217992	1.229071	24.314476	11.365993	-20.907932	14.439234	-21.846175	15.341759	-22.885004	28.785456	-10.562142	26.402160	28.816041	-1.659206	-21.422775	12.126812	-25.180588	-3.256039	-14.307314	-1.939334	-12.100853	-26.010589	-1.862153	12.575168	20.612094	-28.278935	-2.623107	23.022151	-6.549669	-6.349739	-25.286828	-3.375529	5.043871	-24.112490	29.513716	27.580463	-24.445559	-12.434231	-2.704527	-21.706788	4.797941	-6.629367	20.458448	
-11.026886	-1.834997	-22.687262	19.325308	1.564680	-13.015245	-9.490906	19.974830	0.501101	8.523793	2.483725	15.186929	-16.712626	-11.361212	-17.794741	23.412222	-13.586075	18.850390	-15.063262	0.318774	6.697838	20.351111	-0.773887	-23.066818	-11.240051	16.847867	-14.488303	3.885978	0.612327	-22.609574	-10.950333	-3.903763	-23.444429	19.178351	-10.300839	7.280625	-13.783083	-21.076158	7.798871	2.804781	12.901343	18.519813	9.250989	16.850234	-11.784024	11.972523	-16.147984	-9.466669	5.783459	5.956482	
-5.816292	13.514852	-25.717437	3.890416	-24.829176	7.914356	9.368415	-16.740690	-5.075858	-25.067533	10.758893	-15.203193	-7.516064	25.608931	8.280869	1.435004	-19.458806	-10.521827	5.286981	6.308308	26.783259	28.052412	16.310407	1.773006	1.613806	-0.184353	13.037962	-12.274850	13.633424	-0.353678	15.127346	13.275113	-18.016928	21.455943	11.778559	-8.027990	1.628939	20.785606	-12.771497	-17.702879	-8.940526	2.342624	30.215605	30.248779	24.312406	-12.972849	-29.667315	25.446908	-19.092163	24.512353	
20.312856	-10.403878	17.347067	10.464052	-22.640845	-8.639770	-11.579511	22.546572	-22.436142	-17.616379	-0.154804	10.264225	-22.134390	11.832345	11.447210	1.904195	14.129546	8.917977	-1.343087	-10.673861	17.253371	15.312144	-23.695161	15.443618	-15.489694	6.449282	1.258890	-15.339163	-9.874808	20.447661	19.506685	14.376121	-13.044726	18.267214	24.063017	-1.887081	-7.099830	-22.191186	7.350755	18.815642	23.348227	17.593147	-7.621534	-8.152901	22.857341	13.542991	7.567617	16.111107	-7.048475	16.783814	
-15.571436	-7.165564	-23.840611	-14.815461	1.340976	8.938931	-16.746696	-2.593692	-3.991316	-19.925666	9.154629	8.731135	-12.037917	12.126132	-12.857765	-17.797147	-5.876267	-8.719605	-16.480846	-17.983390	23.965522	24.028598	10.371657	-23.605562	17.708363	-0.027410	23.327743	16.849208	-19.540966	-7.869655	-18.701106	-0.017379	10.853176	2.396358	-1.141757	21.535679	-7.940928	23.571499	13.754114	11.431236	-6.045862	5.766192	17.436195	20.485256	18.089169	3.963469	24.505866	8.466760	-3.894674	17.035088	
-25.972032	1.348084	6.374706	-5.559650	-12.545070	-2.445365	-5.164038	16.125896	9.336151	20.871183	24.734359	-11.792145	-25.054826	31.857365	-3.734533	-13.538840	7.152178	-17.458341	20.519579	25.311567	29.115488	-0.763054	-18.266282	6.596923	16.037142	-16.742862	-8.005923	2.463361	31.416822	-29.428978	-26.748230	-15.021210	0.845489	-8.835304	4.026660	-25.085124	-7.560989	-14.398634	8.247321	30.433086	20.130977	12.356194	-26.864494	-10.095532	14.444218	15.594181	23.616104	-22.245163	28.133475	0.542024	
-9.162823	-22.620123	12.169424	-3.773021	11.212557	9.546087	-18.423558	-16.594266	26.214016	8.886526	-3.127880	20.791172	2.209482	3.727341	19.554943	-4.209904	-8.514018	-23.626812	0.851723	8.961293	-11.558425	-5.684472	1.636488	-1.250319	-25.404290	0.621836	3.731933	-23.709018	12.036651	1.510172	-2.221041	-20.228480	5.816047	-24.677272	16.796557	-11.463149	17.120457	-3.592301	-7.226432	6.507243	15.046391	-13.266050	-21.984495	16.677844	-9.632097	15.340470	1.434828	26.036455	-19.080625	11.142769	
-9.514665	5.914267	0.151661	22.197359	19.661940	-17.753704	14.581983	16.145229	-22.988169	12.271039	9.664427	-20.552717	-19.736666	22.413068	22.985062	18.364119	11.049261	18.382716	6.240328	16.901301	-2.593009	-8.155543	-21.815264	-16.587021	-19.457769	-0.522878	10.007746	-20.369013	-13.368121	21.451849	3.207657	-11.126235	-10.869864	-17.159565	-5.836579	-21.237519	4.240410	-7.647284	-17.061853	6.064822	-12.081691	4.526757	17.399992	-4.808748	0.232363	-0.064886	8.887582	-17.418543	-0.448361	2.902378	
-9.733269	-21.115159	-0.780961	28.864200	-20.839851	-13.748218	-16.733830	22.919485	9.312956	1.780808	-18.399648	-1.969110	5.766144	23.951952	-18.299593	-17.078992	-21.735062	-28.377909	11.293861	5.187197	-11.511875	-1.293887	0.733436	26.957267	16.057026	-28.871654	-26.078029	-13.325060	-10.254864	-5.636275	19.224138	5.998621	-14.240656	8.288906	3.472451	-24.795006	0.259800	4.986234	20.170036	16.756074	28.393620	-11.201165	-1.462359	16.912295	-28.902470	-6.617519	-17.374805	-7.608092	-27.839011	-24.135126	
7.822283	7.643364	-19.662205	-6.479032	-4.177303	-6.004221	-8.950629	-12.708076	-2.026639	16.187682	6.537811	-7.817624	9.508118	17.304205	-10.900692	-13.731675	13.572085	6.890910	3.352551	-6.515211	-15.731211	8.380989	-15.069343	14.917657	-3.069013	-6.630036	-1.197407	15.822913	11.773803	-4.791864	11.909302	18.680682	-8.667508	-4.501671	12.494714	0.897944	-5.631611	-3.621115	-2.008659	-3.800436	-3.868341	6.186821	-2.283071	0.331175	-6.741868	12.675711	6.933206	13.548365	-15.811781	16.718377	
-18.294491	11.418519	-11.964106	-12.503939	6.833223	9.538220	3.918280	2.526644	-7.100021	-5.482712	-23.886930	12.387495	5.372291	-3.866467	18.136004	-18.103474	20.502390	-12.086535	-23.946593	-12.557760	-11.399767	13.584361	-24.112764	-12.066307	9.486900	14.213325	3.272033	10.374304	12.544554	14.964939	-14.463553	24.270089	15.086431	-19.354103	13.227026	-2.727816	23.401394	-3.211932	9.813376	12.802369	6.795717	23.527273	9.372545	-4.291428	-10.201048	-2.822235	11.369803	21.841931	-20.594801	-11.766900	
13.134710	16.235690	-17.576799	11.282338	7.837603	1.708407	-6.204465	-16.898093	-17.525701	-9.598745	12.377663	5.613265	13.615754	-5.342600	-4.945529	16.070956	-16.788788	5.774750	-10.151207	4.204397	-2.899310	-13.641321	14.731720	2.678438	5.980224	16.312146	-2.561399	5.039647	-1.595838	-11.804701	10.661320	-13.680444	-12.592164	-9.364952	2.047235	17.716789	17.091423	12.656747	16.903122	12.788146	-5.855473	-0.962932	10.992995	10.881540	17.778693	-17.450301	-4.394895	2.012958	-5.579581	-12.856402	
-16.050205	11.676747	-14.850226	6.068645	-5.229204	-18.951492	-2.361770	-19.631968	9.242971	-5.110700	-2.960876	-10.651088	11.832217	-19.882729	21.796102	-2.925661	4.116066	-8.202710	-20.652210	20.981934	-15.732053	-17.473880	21.547672	21.275522	6.482628	-18.451911	-11.062819	1.536083	-14.257322	-16.477395	-13.148207	-5.337089	0.598123	-20.865855	21.795144	-13.426555	15.986196	-17.570879	-16.679152	-5.230771	-20.416591	-0.913559	-16.903138	-7.772110	-8.281999	-9.738928	-7.672843	-7.175202	-1.812006	15.760132	
-1.277468	2.280583	3.544827	14.981026	1.378088	-3.755266	-0.783978	-9.173769	11.449660	-15.979490	8.240679	-14.935888	2.287490	-7.662256	3.562534	7.417521	-15.288311	9.318140	-5.284405	12.715835	10.956026	12.508960	5.340459	-11.604278	-2.334011	-12.776930	-13.945422	14.421411	-4.439712	19.927286	-18.097618	0.165853	-12.025124	-14.880397	13.387431	-13.991394	6.713790	2.096681	-12.609495	15.029704	-10.353688	-11.491539	-2.226808	-19.873962	-8.758563	-8.980972	-8.517670	-12.638569	-7.354131	1.787232	
11.470739	-12.022492	5.730953	20.949776	-1.570692	-17.646663	1.000966	2.350246	19.660211	17.008414	-16.826250	-2.399361	8.998374	14.631317	7.035097	-15.075556	-1.424257	-3.396268	-14.493908	21.977963	20.522067	6.601571	17.470157	-13.565411	1.679917	11.374570	17.730948	17.961715	21.001406	-3.514197	-3.495258	-16.995384	19.429074	2.424524	-16.049204	-11.306995	-21.721184	-21.294649	-18.405754	-15.164970	18.159030	-10.563656	-6.890104	19.607749	4.938058	-18.078303	-19.745977	11.815230	-5.671453	21.916563	
13.514240	14.364954	-18.816723	24.551820	22.084026	14.673144	19.574317	5.173776	-21.448906	-23.903133	14.132450	-2.052276	23.010648	-18.920205	23.728945	-12.986466	-19.017059	-21.493062	14.455717	14.487260	0.319942	-1.832021	1.506845	-16.142981	-19.777093	-16.296895	6.171769	-5.894244	-15.516834	23.838436	17.658409	5.587287	-10.809452	-4.613514	19.600104	24.737170	10.428834	-7.226336	14.817972	-10.590816	22.158739	-18.564314	16.274490	15.636171	-17.241255	17.683468	-1.585360	-11.787687	-18.728149	-1.286909	
13.825251	-21.071936	17.671296	-24.948665	16.395715	-17.071033	19.952238	-1.170033	22.336754	13.396568	-11.041560	-11.884462	-11.052589	12.282620	14.369775	21.937885	-0.380273	12.777233	8.916196	20.603936	14.018430	17.555961	3.019882	-8.815227	3.514741	20.803906	-23.563918	-20.553784	-8.580092	20.371066	20.287625	17.248444	-2.223702	-10.243275	8.639844	-3.117983	25.556963	-24.552116	24.407816	22.680019	-8.419294	-7.803531	-5.891332	0.077170	-3.916530	-10.368194	-9.795359	-20.888299	-25.021337	-6.356710	
-20.152355	-5.389877	10.478018	-2.944485	6.158174	18.021534	16.908534	-9.401182	21.246738	13.917978	15.832048	3.896192	19.973603	-15.225432	-13.990299	23.810343	-11.898911	19.820358	-25.702351	-5.222647	-12.428730	20.804129	-21.446814	26.861794	24.725247	0.465240	12.629699	5.020310	3.495847	16.888090	-17.525061	-26.337865	6.759829	-4.607230	3.378342	2.356281	17.006095	-12.235117	-5.978682	14.566322	1.409611	-3.887066	-5.849189	-3.873748	22.460263	5.337484	13.338120	14.859273	4.323878	-21.430104	
-14.111222	8.574149	7.080740	6.358405	11.865225	5.568473	19.989755	-1.413714	-17.287366	-2.997753	-21.110637	15.116497	-20.199133	9.495600	-10.647915	2.141524	-20.759012	6.556488	14.250097	-21.600867	-16.877071	-12.370604	6.966900	-3.680337	14.058847	-20.187262	-8.138093	-11.207437	8.859872	-8.577204	20.925563	-21.138324	-6.827250	14.800032	-4.564087	-7.720262	-12.610717	-4.919692	-17.148596	-5.437480	-19.416268	0.836932	-9.893109	-19.446333	-21.768539	-20.466188	-21.910214	4.858573	14.691796	7.851002	
-11.833976	23.152440	-26.904759	7.740230	6.582519	-19.942650	-1.114537	-12.597708	11.840613	8.545925	-14.687727	-9.072919	24.667843	-24.267963	-26.385101	-22.784301	7.242219	4.402081	16.739740	19.250459	-27.771438	-4.288749	-9.626646	3.558083	-17.163098	-7.994938	5.492551	-12.857753	25.082199	-22.190007	14.064436	-23.746006	18.229872	12.363700	22.268670	12.436553	2.047818	-21.311527	11.740944	-22.071114	-24.612540	-2.538811	10.025314	8.598210	15.741425	4.547764	-7.913207	-20.138327	23.469510	26.832905	
-21.125892	14.657613	-24.521680	-16.740102	-26.339788	21.764835	19.188823	14.715388	26.436981	21.120846	-10.016888	-21.037356	-16.526978	22.236282	12.278278	-20.733868	-1.630980	-18.933369	1.651124	5.484319	-3.211628	-24.846925	-11.540634	-24.410272	15.779583	-23.096302	7.995249	-17.785496	-1.452012	-10.912916	26.190533	2.533276	-5.125829	26.752092	12.317827	21.167223	21.430158	18.140271	12.123226	13.263372	-5.307994	-25.381166	-14.433888	13.624205	-23.659461	-24.639531	-11.831781	-21.763829	-7.733055	6.172614	
-15.001624	-16.437018	0.799202	21.311314	-8.221854	-0.242042	-11.692943	0.977005	1.233711	21.591819	-7.051263	9.768481	-14.406415	-25.318715	-5.088970	3.797557	25.095518	25.316632	-8.572327	5.375541	25.152906	3.394511	-23.752138	-24.968448	12.167331	-8.383607	-11.934337	18.010166	-13.443495	-1.167246	-22.169896	-9.550697	-13.071932	-19.207569	23.161511	21.674006	2.692958	7.006939	-19.037977	14.543319	-3.010310	4.255007	-13.960052	25.892165	5.172980	-12.845804	-24.667865	4.396487	-7.232135	-3.353936	
24.526067	-18.529711	-16.560897	-16.780176	-19.425877	-2.650934	-17.746205	6.752255	-22.503083	6.662517	-17.773303	23.248098	-16.750036	-8.512419	20.081569	-18.155779	-8.361400	20.840303	-19.166027	16.150540	-18.148675	16.477230	-3.757760	-8.886207	-24.668900	-22.617088	-1.431796	20.544587	-12.975780	-12.303591	-14.394344	13.760240	0.795120	0.962632	23.241256	15.508838	12.643135	-12.594602	24.886069	3.772425	0.994209	0.249845	-17.565741	-14.872957	3.414170	-1.169149	-14.270312	3.161158	4.656788	8.749444	
0.029949	-9.596244	0.574680	-0.769503	-6.830634	1.192518	-22.609849	-3.734098	-22.894190	9.599157	-10.635865	4.912402	-2.579499	0.318229	-9.326847	11.346515	12.449733	9.417339	-9.148374	-12.812405	-14.891354	-19.974171	2.858822	-23.926452	7.551798	1.749704	-12.114463	-10.628121	12.319350	15.623767	21.328635	17.996680	13.486170	-2.169148	-18.312179	0.924729	5.402593	-20.429812	-3.505536	-21.140262	14.407802	-1.205642	-25.576418	-16.223809	14.990536	20.540552	-3.924549	-15.927756	-11.909478	-3.668993	
-7.304942	15.874354	15.180539	23.053299	14.898754	16.217493	-24.694565	4.411091	5.345027	-24.863391	-21.296686	-20.950077	-6.849695	9.564307	0.032718	10.071213	2.078897	-16.841766	7.527144	-3.040629	-19.233784	-19.280789	-7.377382	11.960805	3.786340	20.906266	0.953943	14.518398	-7.291042	12.648703	9.438209	5.576945	-8.688000	-19.534100	-9.801296	8.027720	20.110965	-13.003946	9.968215	-5.565668	19.288366	21.428804	-21.962827	16.833597	-22.650315	9.049727	13.341240	8.317166	2.849622	-4.225639	
-3.375798	-22.547343	-3.565240	1.546275	-4.185343	18.489436	-16.843438	-21.051096	-2.506587	13.966854	-22.943672	16.753439	-23.650030	18.071838	10.821300	-13.356356	-12.920358	2.762980	-11.535448	-16.971261	7.197600	-23.467604	-15.277993	21.655901	23.035303	3.334995	-5.318612	18.105505	12.341601	8.691666	-19.706886	-12.298559	-20.689519	6.732244	22.179133	-23.225800	2.939146	-23.775898	20.343441	4.279576	1.787833	-13.232405	-2.551676	8.789168	12.666958	-19.144522	-17.865177	-15.015904	-4.895578	-13.339497	
3.354503	1.046693	-3.675022	-2.371889	19.860664	15.814269	-6.550854	16.897592	1.266382	2.860875	-16.966536	-23.077146	-12.237233	-7.945659	-4.567147	-9.983757	-20.353213	9.696659	19.576761	21.081204	12.767637	-16.964249	-9.999730	16.728737	-21.212877	10.479929	12.694153	4.180864	-9.493806	5.985768	3.405916	-24.120928	3.064062	23.795789	-23.477680	10.397760	-8.410204	-5.316486	-6.813646	15.799243	15.347535	-0.694085	-2.963271	-20.484418	-16.331285	19.780139	-7.857198	7.891667	0.276038	9.724410	
19.501447	19.305251	-5.132872	-13.210481	23.863050	13.438120	-3.005850	-1.621821	4.699046	2.141416	-25.656969	-3.177872	19.065116	-2.211577	-16.851210	-25.280932	-12.166938	10.111269	-10.467937	2.157563	-20.653410	14.145949	15.411514	9.891364	-25.244701	-17.550488	-18.905967	6.302127	-20.068367	-16.936905	24.473867	-12.056107	1.288322	-13.602319	20.465907	2.410654	26.844283	0.721520	-20.016338	-23.458523	-6.964842	9.371030	16.797955	3.752586	-16.599848	21.132115	14.294131	-1.264816	26.191229	0.606165	
-0.113933	19.674545	5.603094	-12.544146	-10.333420	-24.520341	21.829562	-14.291911	27.409400	20.130155	-0.875599	-8.194073	-2.103745	-2.707021	27.783895	20.027726	3.965920	-5.164993	20.855533	25.963980	-5.173690	-2.018641	-20.797290	12.876693	26.697227	-2.998940	-5.846985	17.310670	3.140568	-8.709554	2.428221	9.950056	-24.813210	20.275955	16.789467	16.324249	16.394068	-21.572746	-16.338298	-2.454637	19.302554	-4.179250	-25.418432	-21.659998	13.805042	13.069267	12.146238	18.274089	7.511549	-3.172497	
1.672652	6.964231	8.985733	10.860681	8.985672	-7.477527	-7.065178	18.437547	8.232291	11.288530	7.569598	-13.534220	-5.565106	5.199349	7.106047	-10.502790	-8.711168	13.472498	17.287055	-9.058452	0.447688	12.242327	-4.283947	-15.281707	-16.149739	-4.015508	-16.273612	-8.126230	-2.573923	7.071021	11.122920	15.736277	5.255227	-0.291180	2.351218	0.713474	15.399477	14.514569	12.565239	6.012546	-9.241378	-11.906836	8.905205	-7.976418	5.829417	-13.130576	13.251909	-0.689484	8.875348	-3.463127	
11.866003	17.628679	16.901571	-8.241508	21.138462	-8.203204	-12.096193	-25.681900	-22.223542	12.918790	22.373674	3.869549	27.030485	-10.146136	-12.666460	23.505069	-3.089691	-11.084381	0.883179	-9.198729	26.556173	-17.302055	-1.423936	-27.355060	11.454889	21.462786	-14.215075	-7.543756	13.241618	15.699332	9.524554	18.221008	-6.394438	-6.948296	-9.895387	20.795611	-17.082095	-8.533149	12.715936	23.177681	-27.278739	-10.770690	-6.681084	8.136160	20.728958	-8.020261	26.460323	2.323713	17.353261	-19.281416	
-18.736715	-6.415198	-20.423714	-11.483874	24.766298	-19.176083	-14.283092	-3.390867	-12.916434	21.321866	-11.533034	13.638045	25.859173	2.615777	7.440597	22.790113	-13.994055	7.628593	-6.301688	-21.161939	-1.191324	-3.638163	-25.311525	-25.237823	-20.908809	24.379852	1.081291	22.554510	19.725417	-21.386984	2.908539	-7.815320	7.563356	-17.628486	-14.442298	-3.769159	13.262414	11.024877	-7.511699	16.031515	2.353918	-15.938578	-23.106311	3.870673	15.698355	-11.583810	1.553004	6.216247	25.893060	23.095899	
-5.328841	-23.363673	16.094911	-6.549119	-22.993968	-6.315131	3.363112	26.662344	-12.816036	20.676204	-2.737395	16.794627	-10.262662	24.725931	2.095935	9.015630	2.728144	19.092930	-1.163061	-15.337389	-16.578907	18.086021	1.991991	18.699638	3.572326	18.904868	21.932524	-20.633745	24.479184	18.531741	15.258132	5.678274	-18.287205	8.944530	4.693732	-23.963998	24.202755	24.599721	-19.636040	-2.701918	-2.829779	-11.081688	26.781273	12.885133	21.175099	-23.757179	-10.710455	26.433605	8.029014	20.575502	
11.004960	19.490890	24.879729	22.977897	25.026988	5.247668	16.176876	10.439365	20.558290	24.882807	-19.031232	-6.258439	-26.219417	-8.626415	26.154253	-25.842118	11.014552	14.896838	-23.606088	-0.706941	22.612787	-23.183573	-22.624739	2.992070	-25.967337	-11.408562	3.935459	23.344480	-27.012534	21.398139	2.771576	-2.989075	7.973853	-19.571009	-18.274327	11.046572	-1.164394	12.673925	17.366929	-4.574129	25.361422	1.941994	-6.009415	-3.134885	9.264376	13.902316	-13.718230	22.526591	9.377699	20.320180	
11.180213	-1.783028	-0.714172	16.056299	10.709995	19.313450	-7.808355	4.297338	-19.701464	-6.408775	-16.515271	18.107513	6.677023	-6.583717	-0.825220	-15.762730	14.687316	10.758796	-15.076665	-8.199322	-14.102786	22.345506	1.725988	13.721870	12.827879	-20.977090	20.239657	-21.747181	15.427304	10.625359	8.698771	-4.133167	-19.909277	-0.362122	21.528499	21.409453	-12.365757	18.775962	-11.966392	-21.950386	-8.318824	21.300642	15.142855	-10.111635	21.410010	8.095312	21.390696	14.579776	-6.401741	-19.306811	
-11.705175	-22.212970	-4.914173	-9.237452	3.232025	-18.498819	-7.814204	8.738485	-17.642570	-22.499254	-23.811682	-0.151238	0.478452	13.804515	24.642825	14.406615	22.148668	5.280217	-2.875693	16.814303	-15.357796	-2.288097	-4.616312	-18.836033	-19.319242	16.928444	2.287829	2.056302	2.264994	-1.089187	-7.926858	6.057914	-4.961795	11.805131	-3.587398	12.622068	-20.262994	7.651349	12.081541	0.754343	-13.126793	7.634073	-8.078699	-16.557030	-6.590955	11.839429	-20.777809	5.329107	-14.448355	2.409319	
-6.688212	-15.249511	13.631996	7.288641	-5.761501	1.689346	-16.602474	6.784935	1.630951	13.876874	10.794437	10.217965	19.592209	-7.110345	16.116368	-14.203638	0.568093	7.331270	-12.331196	4.837366	4.667138	-9.004351	-16.881212	-13.876032	10.670594	-15.772993	-1.806561	17.242600	14.411123	-1.497559	-12.575490	4.423074	-1.119987	-3.122303	-2.738257	13.819693	20.521377	0.059753	11.651236	-20.881354	-18.350050	12.996819	8.113910	-4.591528	1.907286	-10.123916	-12.867525	-4.557509	16.502373	2.855118	
11.810371	-3.450453	13.283452	-19.821484	18.643102	-9.294700	-6.819903	25.008322	-9.391326	20.814073	1.673244	13.920670	20.910984	-3.361217	-12.972779	10.284237	25.361668	-16.585029	18.119593	4.730476	-6.935154	-22.373979	18.732410	-24.736197	-19.942542	-10.123214	-7.590429	-9.016132	-18.904355	6.789701	-5.055702	22.004545	16.507997	10.631235	-10.318333	-22.705036	-23.637058	21.205728	-17.628205	-18.450367	4.041914	21.873674	14.267909	-17.197015	-3.515418	10.425555	-10.109616	-12.443707	-15.696238	-10.780271	
-4.788123	-14.607828	-9.132891	5.949833	8.735498	-20.610047	-4.187789	14.332364	-15.901285	-19.172687	11.263299	-7.221089	-17.610777	12.119652	-20.075114	-1.987540	-14.890896	-6.751055	-6.825983	2.950689	18.945971	-21.074984	-16.078677	-19.117526	4.384201	20.166059	12.156916	-15.064525	15.450842	12.031904	2.646644	-13.700493	-20.827003	-19.518821	-0.315403	9.504708	-6.222218	-5.459927	-13.838325	9.683526	18.097767	14.665675	-19.746828	14.144260	0.382179	-11.341984	-10.139225	-18.217082	18.129747	19.805027	
-17.915004	-2.437745	11.073203	14.566402	-16.012017	0.742394	23.293528	22.669922	-5.375003	-8.599151	6.324848	-15.470345	21.952885	13.730089	21.197014	19.625662	-22.356714	13.532528	5.075217	-22.100709	0.544358	-17.073316	16.567318	9.429723	-3.094024	-22.430712	13.277929	20.099638	-19.373544	1.395769	-18.752788	-4.810305	-5.950952	-19.489260	-0.523177	18.363642	-2.308377	-18.466387	-16.412357	-17.747309	3.153239	23.046132	-14.566125	5.101483	8.540320	-10.774707	12.182921	-23.198725	10.350873	-12.009198	
-10.570824	15.966945	6.491290	16.200887	25.337661	23.674124	0.782190	-21.581331	-10.840645	13.502790	16.920227	27.784414	-8.964414	-11.433135	-15.245165	-22.355496	-4.218251	-16.797414	-1.277736	21.610830	26.561307	-18.913006	14.249220	2.959627	8.933652	0.255020	-13.913786	10.402938	-28.366359	22.736052	-18.407695	-9.292759	-10.316966	-28.747100	-28.842448	2.113778	20.192087	-12.819398	12.194432	-27.170717	3.502186	4.455915	-13.393296	9.665885	-21.410058	-27.184900	-22.063448	7.698083	-16.403833	2.956243	
0.037539	0.015192	0.034239	0.026703	0.005927	0.013820	0.035013	0.008562	0.032809	0.018412	0.002958	0.001207	0.001448	0.008903	0.001403	0.014103	0.003669	0.002328	0.014719	0.008388	0.026637	0.020508	0.031836	0.027554	0.027859	0.032657	0.015339	0.006040	0.040273	0.024079	0.041811	0.041630	0.033437	0.034545	0.038986	0.006499	0.014952	0.001718	0.039708	0.041849	0.024152	0.029638	0.008889	0.014280	0.029296	0.001952	0.002752	0.028867	0.020492	0.004419	
0.033700	0.038596	0.001974	0.009619	0.015401	0.008626	0.006938	0.002605	0.035131	0.003345	0.034259	0.019456	0.008210	0.005342	0.000092	0.022811	0.042613	0.042789	0.035324	0.001802	0.021645	0.018482	0.027412	0.040660	0.038447	0.012243	0.008695	0.036526	0.014168	0.006334	0.025778	0.008250	0.039711	0.039080	0.032173	0.043084	0.011917	0.007275	0.022417	0.002302	0.032178	0.009066	0.011468	0.005073	0.020628	0.005531	0.032576	0.032671	0.017747	0.007829	
0.012907	0.020122	0.020760	0.020886	0.026530	0.032820	0.017803	0.008646	0.039434	0.023257	0.000754	0.028265	0.000432	0.013043	0.019593	0.016041	0.018793	0.036888	0.000422	0.042718	0.036812	0.007174	0.036643	0.006852	0.010456	0.040954	0.013051	0.018365	0.020197	0.030763	0.035285	0.042796	0.010973	0.011288	0.021634	0.022129	0.025291	0.015169	0.001512	0.005568	0.015455	0.014523	0.043408	0.021242	0.035331	0.007371	0.001147	0.024219	0.001482	0.022794	
0.003557	0.008895	0.039106	0.000771	0.017312	0.007180	0.022112	0.006968	0.034803	0.018810	0.032057	0.005311	0.038443	0.022014	0.017267	0.019402	0.021936	0.026626	0.016823	0.028379	0.026728	0.011461	0.019464	0.032906	0.018022	0.011720	0.024388	0.031194	0.015806	0.017768	0.014552	0.007169	0.015117	0.004106	0.022698	0.014391	0.011389	0.031519	0.015602	0.036494	0.001161	0.025822	0.012443	0.027328	0.036637	0.032542	0.034026	0.018657	0.008629	0.032488	
0.019648	0.002815	0.036104	0.011885	0.032471	0.014497	0.037142	0.001769	0.018906	0.045771	0.020286	0.007938	0.041098	0.011246	0.023138	0.009445	0.008884	0.015776	0.040596	0.043808	0.020721	0.042228	0.042967	0.010853	0.018590	0.020353	0.016727	0.027497	0.001308	0.011879	0.003088	0.024797	0.031924	0.005849	0.021977	0.021323	0.037774	0.003305	0.013376	0.016224	0.002816	0.014127	0.006814	0.000345	0.014448	0.026042	0.041736	0.002775	0.012182	0.042731	
0.003103	0.015305	0.026921	0.008239	0.021676	0.033096	0.002710	0.017796	0.030013	0.017213	0.032623	0.025544	0.003335	0.015398	0.022081	0.010330	0.032213	0.028257	0.027951	0.009493	0.017074	0.033468	0.009349	0.020312	0.015738	0.009431	0.016389	0.021458	0.005082	0.031908	0.023621	0.008074	0.021644	0.024646	0.014244	0.006119	0.028700	0.008916	0.028827	0.033155	0.019881	0.019305	0.021083	0.029654	0.032189	0.021539	0.029782	0.028523	0.016599	0.019996	
0.018821	0.016021	0.022478	0.014509	0.008268	0.017745	0.033767	0.023148	0.015647	0.000451	0.022898	0.032333	0.018860	0.011610	0.006377	0.025933	0.033740	0.012501	0.022762	0.017962	0.040212	0.020991	0.004740	0.039810	0.017100	0.038600	0.042431	0.033507	0.031329	0.013057	0.021705	0.025624	0.007760	0.014754	0.042657	0.007151	0.010958	0.043561	0.029576	0.005232	0.008713	0.002195	0.003216	0.001456	0.014709	0.026066	0.041978	0.016702	0.002318	0.016062	
0.012351	0.035638	0.029552	0.031816	0.034390	0.000772	0.035803	0.031268	0.000404	0.029837	0.035062	0.016107	0.030801	0.013620	0.018842	0.000862	0.027404	0.024452	0.018839	0.029895	0.036571	0.010081	0.013496	0.022668	0.004943	0.032178	0.000112	0.012496	0.012962	0.024901	0.023951	0.007764	0.002378	0.032477	0.006287	0.001075	0.013793	0.004885	0.038114	0.018550	0.012133	0.035835	0.035792	0.022710	0.014228	0.018139	0.027610	0.019912	0.024349	0.011896	
0.022427	0.028551	0.033260	0.018964	0.029394	0.021784	0.019430	0.010689	0.031798	0.010537	0.010643	0.027236	0.027540	0.021551	0.016745	0.027047	0.013270	0.012243	0.023511	0.027258	0.031155	0.001369	0.013874	0.028388	0.027265	0.023459	0.027821	0.029635	0.002831	0.022786	0.021217	0.010539	0.030084	0.004679	0.017530	0.018411	0.007061	0.021884	0.035443	0.003188	0.013558	0.035829	0.024165	0.001309	0.023997	0.010739	0.015824	0.028386	0.011060	0.022636	
0.025778	0.013421	0.009853	0.025991	0.041053	0.034959	0.009806	0.035554	0.012753	0.011989	0.003793	0.012563	0.018601	0.023461	0.036025	0.006246	0.005146	0.010652	0.036971	0.016988	0.028080	0.010900	0.036499	0.031475	0.028163	0.000654	0.035513	0.017954	0.025183	0.024165	0.027618	0.034604	0.038349	0.034820	0.014261	0.010134	0.005173	0.001984	0.013293	0.002387	0.029722	0.000177	0.034216	0.014918	0.000532	0.014962	0.001875	0.038648	0.024747	0.027391	
0.009337	0.017718	0.036453	0.030616	0.034141	0.017613	0.032733	0.020398	0.031353	0.023400	0.012348	0.036515	0.030739	0.008151	0.014915	0.027499	0.009765	0.035269	0.018648	0.019479	0.022981	0.005642	0.026693	0.014966	0.032888	0.029700	0.000862	0.028905	0.017187	0.004889	0.028734	0.018926	0.011470	0.009459	0.002669	0.030507	0.027356	0.037184	0.004253	0.022448	0.008339	0.008772	0.024260	0.005461	0.027948	0.003798	0.029459	0.003700	0.017864	0.025589	
0.038098	0.000657	0.037719	0.003986	0.017667	0.005115	0.020437	0.000128	0.037067	0.001421	0.003122	0.038780	0.017414	0.026425	0.034149	0.032923	0.021006	0.017427	0.037252	0.023222	0.013186	0.016354	0.001885	0.023086	0.007662	0.005787	0.016412	0.016918	0.037253	0.012291	0.015697	0.038798	0.019523	0.022250	0.000846	0.022241	0.031693	0.038171	0.016810	0.035488	0.004016	0.018313	0.020035	0.008457	0.027298	0.023479	0.024953	0.026225	0.013256	0.027600	
0.000151	0.023748	0.029924	0.034131	0.020599	0.007454	0.006424	0.014428	0.037901	0.001633	0.042043	0.002468	0.021554	0.010801	0.004757	0.004097	0.038759	0.015225	0.010204	0.001096	0.026947	0.023395	0.027751	0.010444	0.023620	0.039509	0.021324	0.016165	0.020064	0.013911	0.014943	0.019767	0.039821	0.036011	0.017988	0.019714	0.021327	0.021984	0.029501	0.032562	0.021212	0.013255	0.039669	0.016052	0.030672	0.018302	0.004979	0.002126	0.016482	0.033110	
0.029714	0.000783	0.008843	0.006902	0.006458	0.035079	0.027597	0.002334	0.007294	0.023545	0.031045	0.036118	0.012183	0.026183	0.002831	0.008839	0.009292	0.032144	0.008877	0.039207	0.035364	0.014597	0.031830	0.029509	0.033815	0.027886	0.009375	0.020392	0.040850	0.004775	0.025677	0.032871	0.034122	0.032187	0.030726	0.003195	0.013238	0.006761	0.030389	0.011690	0.002321	0.002341	0.008645	0.013384	0.023551	0.033234	0.016250	0.011417	0.025456	0.038883	
0.008980	0.009236	0.015995	0.021761	0.010876	0.006507	0.002690	0.013329	0.019565	0.031438	0.004242	0.043872	0.032727	0.029719	0.003044	0.006182	0.034070	0.004113	0.019608	0.031701	0.000525	0.006569	0.030305	0.026899	0.009690	0.002140	0.040396	0.024038	0.025600	0.012769	0.032215	0.018468	0.036989	0.020603	0.023977	0.043456	0.005400	0.013245	0.007202	0.024030	0.034556	0.039746	0.004525	0.030372	0.040016	0.044501	0.026557	0.010544	0.009089	0.005920	
0.037227	0.003388	0.001447	0.019754	0.021564	0.025932	0.034212	0.018566	0.006065	0.024540	0.026712	0.019028	0.027604	0.001573	0.004935	0.027378	0.026756	0.041230	0.036821	0.013113	0.004899	0.036463	0.018674	0.004103	0.029102	0.011358	0.037118	0.040004	0.005436	0.011339	0.008618	0.031741	0.025981	0.009090	0.005542	0.009337	0.022753	0.010388	0.029166	0.036554	0.016733	0.003271	0.001769	0.031244	0.041860	0.009496	0.030381	0.020976	0.024279	0.014479	
0.029656	0.004674	0.005846	0.039124	0.040798	0.014278	0.006280	0.038532	0.030061	0.009445	0.000328	0.001963	0.003301	0.030364	0.016110	0.004562	0.040148	0.036644	0.014379	0.015736	0.024635	0.026551	0.030140	0.033055	0.003819	0.041437	0.027353	0.041744	0.006341	0.008495	0.035784	0.024632	0.012167	0.009963	0.015629	0.006458	0.036401	0.032901	0.030723	0.000807	0.021736	0.029483	0.001116	0.001525	0.031799	0.004975	0.021371	0.023287	0.007107	0.026336	
0.030326	0.005820	0.005534	0.031734	0.001623	0.007827	0.020921	0.038293	0.012920	0.037574	0.022578	0.024400	0.033328	0.004053	0.034288	0.016467	0.005393	0.026910	0.017511	0.013914	0.004985	0.037925	0.006459	0.030857	0.013957	0.009933	0.012309	0.038319	0.036835	0.021757	0.008420	0.001397	0.004562	0.006374	0.016258	0.037189	0.023555	0.022821	0.016521	0.025572	0.007482	0.014747	0.032556	0.035642	0.037348	0.018900	0.009939	0.024088	0.029919	0.021960	
0.018028	0.009920	0.032089	0.011378	0.024246	0.034824	0.026611	0.026098	0.002398	0.026977	0.009299	0.001746	0.008454	0.035541	0.009035	0.028749	0.028072	0.010562	0.006621	0.000394	0.015718	0.020433	0.030250	0.003706	0.030960	0.031571	0.029162	0.033835	0.028619	0.032945	0.023925	0.009461	0.027531	0.019938	0.008387	0.033477	0.007023	0.000066	0.008575	0.026394	0.036295	0.026953	0.028697	0.032684	0.015644	0.012696	0.034723	0.010823	0.011856	0.016614	
0.001111	0.008612	0.041510	0.023231	0.012460	0.008356	0.010875	0.013532	0.005165	0.028020	0.013610	0.006152	0.017060	0.032669	0.000670	0.000180	0.035502	0.035333	0.004535	0.035002	0.003194	0.036262	0.031008	0.014609	0.017307	0.032220	0.015521	0.017048	0.006342	0.011052	0.023560	0.024141	0.025108	0.035027	0.027093	0.028222	0.017780	0.033213	0.012242	0.022098	0.014670	0.027160	0.000580	0.037750	0.029934	0.030802	0.031020	0.015348	0.022485	0.023618	
0.029863	0.036101	0.014385	0.014311	0.032629	0.015533	0.004027	0.028339	0.005391	0.013715	0.033149	0.029840	0.027141	0.029485	0.015115	0.035325	0.000120	0.029401	0.001720	0.009087	0.008135	0.009557	0.029456	0.014905	0.017115	0.031289	0.029258	0.019780	0.005046	0.033185	0.033607	0.008984	0.015822	0.005131	0.019708	0.008335	0.013275	0.033499	0.021950	0.037026	0.035175	0.002384	0.021483	0.005779	0.029030	0.036237	0.001979	0.035284	0.003338	0.029571	
0.007703	0.025224	0.005578	0.009724	0.006239	0.038153	0.007385	0.024906	0.002781	0.019936	0.020126	0.017389	0.028674	0.027196	0.025365	0.034145	0.012376	0.035561	0.022670	0.031012	0.018140	0.012386	0.004258	0.021382	0.037426	0.014476	0.021928	0.031737	0.024819	0.018139	0.007493	0.003515	0.014827	0.023012	0.009453	0.038533	0.005081	0.021585	0.036327	0.032791	0.030339	0.030971	0.018134	0.026173	0.011234	0.019367	0.007380	0.028762	0.002029	0.026163	
0.013300	0.011499	0.017956	0.010397	0.017968	0.026965	0.012381	0.007686	0.024505	0.037731	0.022822	0.007624	0.009930	0.007853	0.010928	0.012840	0.023525	0.030354	0.009683	0.027159	0.006272	0.032501	0.022085	0.021729	0.025136	0.014568	0.037230	0.019098	0.015315	0.018280	0.004397	0.016031	0.009361	0.036787	0.035552	0.036805	0.036142	0.026763	0.031910	0.011054	0.031286	0.013075	0.030126	0.024956	0.026110	0.011707	0.031678	0.003042	0.008887	0.019013	
0.014196	0.009807	0.032128	0.010254	0.001185	0.018202	0.004304	0.023851	0.016215	0.033348	0.026676	0.021453	0.021088	0.018520	0.031334	0.030057	0.022175	0.017137	0.018596	0.035228	0.015153	0.007787	0.001630	0.016295	0.021651	0.012852	0.008239	0.003824	0.015000	0.032070	0.030336	0.025261	0.026537	0.004990	0.025289	0.026922	0.000775	0.033528	0.003320	0.021423	0.034979	0.034651	0.015642	0.032636	0.030213	0.019159	0.020789	0.027983	0.011702	0.033612	
0.021109	0.002593	0.003507	0.016906	0.036366	0.033038	0.011616	0.038826	0.020982	0.022006	0.035367	0.017346	0.020911	0.038110	0.022611	0.006118	0.036474	0.025916	0.015028	0.010905	0.015959	0.017172	0.024389	0.025087	0.036855	0.003819	0.001573	0.010038	0.002107	0.034479	0.025196	0.034176	0.019740	0.030429	0.025939	0.014604	0.018672	0.035770	0.016153	0.029786	0.009686	0.031152	0.008015	0.003506	0.001032	0.020802	0.013933	0.016885	0.029580	0.007731	
0.009786	0.011215	0.004596	0.008404	0.008511	0.037840	0.008479	0.012939	0.002386	0.031882	0.022053	0.028588	0.010544	0.034074	0.028420	0.034678	0.003510	0.011883	0.031881	0.022849	0.012274	0.022614	0.014422	0.020211	0.010695	0.036150	0.028548	0.031273	0.011856	0.010412	0.029211	0.010019	0.004845	0.029682	0.012428	0.033773	0.036638	0.026702	0.024317	0.014387	0.008260	0.031835	0.037499	0.005101	0.007001	0.032984	0.033562	0.038592	0.015877	0.004312	
0.009508	0.019188	0.015705	0.009977	0.027736	0.028127	0.017755	0.026323	0.008248	0.031428	0.012176	0.017829	0.019601	0.029393	0.033322	0.029517	0.006462	0.021339	0.006908	0.017933	0.026108	0.010472	0.012354	0.035382	0.035229	0.032385	0.033246	0.014259	0.029354	0.019160	0.035258	0.032978	0.009144	0.018043	0.035155	0.011114	0.005678	0.000337	0.023885	0.009872	0.020923	0.028605	0.007374	0.013287	0.015620	0.035816	0.005250	0.036406	0.011412	0.007418	
0.013913	0.024999	0.022184	0.038396	0.003510	0.024830	0.004785	0.014412	0.026224	0.027592	0.020439	0.028319	0.016230	0.020546	0.032510	0.002791	0.012592	0.019543	0.019063	0.038461	0.017936	0.033890	0.020807	0.016059	0.023570	0.027239	0.006845	0.018416	0.000256	0.024275	0.024388	0.011147	0.004432	0.038082	0.024640	0.033116	0.023713	0.037559	0.037649	0.001991	0.012063	0.006296	0.013957	0.037737	0.008618	0.011878	0.022970	0.018171	0.002189	0.028771	
0.024975	0.034532	0.036436	0.003166	0.010024	0.014327	0.005280	0.017485	0.014331	0.014658	0.029437	0.011259	0.036769	0.027000	0.017149	0.003707	0.014424	0.024189	0.011288	0.031172	0.019656	0.038245	0.004613	0.008500	0.030873	0.009497	0.024145	0.007138	0.004384	0.018351	0.031008	0.040899	0.026522	0.028557	0.013709	0.003247	0.007290	0.012732	0.014974	0.016385	0.014707	0.038052	0.039211	0.039673	0.031297	0.034078	0.013597	0.024630	0.020843	0.001576	
0.001048	0.025372	0.024875	0.022466	0.020404	0.035812	0.002996	0.017762	0.040557	0.015230	0.000943	0.011474	0.027752	0.033507	0.038683	0.001402	0.013198	0.019435	0.029462	0.039632	0.024608	0.001054	0.023721	0.012911	0.003681	0.015601	0.030403	0.000955	0.007752	0.007307	0.020221	0.006337	0.004372	0.019789	0.030983	0.028072	0.028262	0.029235	0.004361	0.032983	0.028364	0.032825	0.009983	0.034292	0.030291	0.017054	0.034251	0.033228	0.005613	0.019479	
0.018404	0.024526	0.023006	0.011917	0.004984	0.030946	0.013171	0.020154	0.028711	0.009619	0.005878	0.023545	0.011596	0.026894	0.002402	0.010085	0.014543	0.022663	0.024884	0.030030	0.021890	0.003523	0.031406	0.028570	0.030498	0.014219	0.013384	0.013890	0.018948	0.028275	0.029935	0.009601	0.009108	0.036671	0.013024	0.010043	0.025781	0.027023	0.036265	0.011779	0.032443	0.011897	0.028497	0.012669	0.033108	0.036637	0.030995	0.005917	0.010733	0.025312	
0.007121	0.012334	0.010740	0.033972	0.032131	0.015517	0.032685	0.000906	0.031094	0.025935	0.034729	0.035121	0.017119	0.002275	0.005766	0.021541	0.000804	0.008182	0.012588	0.033161	0.031094	0.006484	0.007790	0.034381	0.022907	0.031950	0.014947	0.019125	0.010551	0.025611	0.008096	0.024163	0.032993	0.018738	0.035326	0.011734	0.035867	0.013523	0.021092	0.009945	0.007797	0.033363	0.004738	0.026826	0.011028	0.033911	0.031378	0.004890	0.034320	0.021712	
0.015864	0.019903	0.034796	0.006205	0.023540	0.031203	0.008022	0.026168	0.034796	0.010290	0.012248	0.035046	0.016776	0.019607	0.004066	0.008507	0.004125	0.003538	0.011247	0.000476	0.037077	0.021106	0.032596	0.028544	0.016327	0.035009	0.020736	0.009260	0.003062	0.028217	0.030518	0.031367	0.025036	0.030109	0.001294	0.028288	0.001371	0.032612	0.023403	0.028586	0.019090	0.031686	0.034632	0.015294	0.020573	0.017723	0.028330	0.003848	0.034732	0.003153	
0.009335	0.007077	0.007150	0.016983	0.029095	0.025644	0.017291	0.014835	0.012067	0.024075	0.009138	0.007531	0.020373	0.020731	0.020742	0.027750	0.024105	0.035345	0.043015	0.027678	0.040812	0.015118	0.039461	0.041016	0.039484	0.010921	0.005122	0.043555	0.011661	0.007693	0.018948	0.043213	0.036620	0.024670	0.025255	0.028976	0.015671	0.000756	0.001224	0.026535	0.027690	0.014588	0.006374	0.007349	0.006601	0.003376	0.007841	0.008227	0.009186	0.032101	
0.006606	0.013827	0.030567	0.015958	0.021997	0.002893	0.023065	0.023307	0.034712	0.023811	0.009473	0.007538	0.032893	0.012046	0.021481	0.002470	0.035072	0.034632	0.031317	0.025734	0.012989	0.015818	0.004816	0.025394	0.036038	0.039144	0.036019	0.006859	0.010059	0.016653	0.038793	0.006393	0.029011	0.037550	0.025996	0.016293	0.014515	0.004382	0.007811	0.028306	0.027110	0.005790	0.005245	0.001668	0.037112	0.007951	0.034269	0.025448	0.030265	0.002902	
0.025652	0.009244	0.032943	0.026500	0.024159	0.018293	0.019388	0.031803	0.029680	0.016782	0.029360	0.013641	0.026673	0.002012	0.018190	0.032526	0.001477	0.028937	0.029484	0.016579	0.015154	0.006704	0.033189	0.015551	0.014505	0.020124	0.015808	0.012776	0.013299	0.027509	0.030003	0.028233	0.021887	0.006517	0.013389	0.018998	0.032437	0.026926	0.018329	0.005831	0.027153	0.020249	0.030613	0.027402	0.011860	0.013029	0.002318	0.026837	0.016946	0.013099	
0.016251	0.029835	0.012094	0.028547	0.020550	0.023471	0.009424	0.009018	0.029954	0.041883	0.022131	0.014227	0.024901	0.002540	0.020418	0.016768	0.035250	0.011799	0.016619	0.001544	0.001253	0.006829	0.015969	0.025212	0.035209	0.030342	0.009617	0.001914	0.025814	0.020787	0.039263	0.026830	0.019121	0.000548	0.009999	0.021551	0.014482	0.039487	0.024906	0.009789	0.034962	0.017023	0.004324	0.026171	0.018653	0.032298	0.029451	0.040826	0.002133	0.028013	
0.009421	0.024796	0.026990	0.034166	0.033491	0.035040	0.019146	0.003689	0.020162	0.003788	0.010210	0.025223	0.014709	0.013122	0.036695	0.010079	0.029924	0.003489	0.006824	0.033171	0.030415	0.015138	0.016571	0.014685	0.011074	0.017140	0.024963	0.037612	0.025885	0.012884	0.022464	0.029042	0.025219	0.036807	0.012843	0.001671	0.023607	0.017191	0.013604	0.011000	0.012478	0.025329	0.014376	0.014332	0.032875	0.020452	0.031865	0.003846	0.033088	0.017407	
0.018980	0.031974	0.024599	0.002675	0.030378	0.007155	0.017695	0.018299	0.019124	0.013515	0.036971	0.025971	0.035563	0.035476	0.024296	0.007669	0.020759	0.037081	0.000505	0.000771	0.035793	0.008452	0.019325	0.007434	0.033601	0.018045	0.015298	0.034423	0.019681	0.019903	0.024396	0.009597	0.011005	0.038760	0.004154	0.009698	0.000576	0.031984	0.022505	0.016358	0.039942	0.004318	0.010957	0.033780	0.007565	0.018281	0.039054	0.013805	0.021815	0.020043	
0.013034	0.028145	0.021427	0.029222	0.019452	0.020858	0.010521	0.027862	0.031104	0.026467	0.016802	0.019232	0.027247	0.005992	0.034200	0.031084	0.030324	0.010002	0.011790	0.035277	0.024684	0.000089	0.021651	0.006075	0.007850	0.010289	0.011165	0.026101	0.021554	0.010318	0.006283	0.030443	0.032902	0.031836	0.003657	0.025510	0.015607	0.035374	0.036130	0.033214	0.006936	0.001387	0.018099	0.027100	0.021679	0.007098	0.000787	0.033198	0.008652	0.034294	
0.027588	0.019406	0.030946	0.014490	0.021960	0.035835	0.035478	0.032980	0.004295	0.006846	0.014035	0.004900	0.026278	0.026250	0.035894	0.025994	0.029935	0.023434	0.004499	0.035223	0.021742	0.025074	0.034169	0.012417	0.008881	0.017775	0.007145	0.004255	0.027622	0.008468	0.012212	0.026895	0.009704	0.010165	0.029856	0.002349	0.024743	0.019065	0.027047	0.019168	0.011149	0.007379	0.025712	0.013552	0.035511	0.027343	0.023554	0.011190	0.032236	0.007355	
0.007618	0.006798	0.000042	0.010531	0.029197	0.020332	0.020891	0.004229	0.032989	0.005373	0.023261	0.026716	0.029273	0.021432	0.034022	0.025729	0.000786	0.001120	0.022911	0.026014	0.025791	0.025541	0.027312	0.030558	0.018308	0.013388	0.010304	0.028014	0.015088	0.027138	0.023800	0.031427	0.014081	0.015659	0.026783	0.021003	0.026861	0.022922	0.031810	0.015831	0.001012	0.018972	0.034129	0.011827	0.009443	0.021019	0.032119	0.010466	0.032243	0.027890	
0.022000	0.032856	0.025099	0.014329	0.011757	0.019657	0.032662	0.014336	0.033626	0.002051	0.004330	0.032579	0.008430	0.033399	0.034217	0.035480	0.008855	0.000274	0.014931	0.001859	0.008801	0.037618	0.009155	0.037178	0.021061	0.005883	0.037314	0.037223	0.037453	0.009159	0.028560	0.009341	0.029479	0.018101	0.028779	0.015506	0.006940	0.036322	0.003820	0.034381	0.033163	0.012285	0.006264	0.016438	0.003909	0.013820	0.013128	0.027540	0.012520	0.026130	
0.013889	0.002143	0.033155	0.005164	0.023268	0.018584	0.017074	0.036699	0.024914	0.027867	0.021937	0.029121	0.001450	0.007752	0.006298	0.012703	0.018928	0.020720	0.020276	0.024253	0.034213	0.007047	0.005434	0.037262	0.010259	0.029102	0.000382	0.031429	0.021915	0.020093	0.024725	0.016588	0.027086	0.026178	0.010028	0.024632	0.009147	0.032662	0.010627	0.023666	0.027063	0.026563	0.018856	0.033563	0.034150	0.021147	0.020918	0.034419	0.003405	0.011246	
0.020409	0.003302	0.006609	0.035811	0.025258	0.034278	0.012738	0.020296	0.032888	0.013202	0.014120	0.007136	0.021099	0.039009	0.009546	0.037708	0.016768	0.005727	0.012523	0.035003	0.036780	0.007596	0.018690	0.019431	0.032439	0.008962	0.037350	0.037194	0.016675	0.013165	0.010985	0.025473	0.001078	0.032549	0.021538	0.004603	0.028595	0.021887	0.030631	0.018088	0.011963	0.013172	0.024295	0.013278	0.026245	0.028519	0.015196	0.002584	0.027564	0.010045	
0.034783	0.039080	0.027708	0.032352	0.005046	0.025006	0.035381	0.023959	0.009592	0.002938	0.019124	0.022938	0.033039	0.002166	0.000252	0.003193	0.025707	0.000299	0.008340	0.016963	0.030527	0.038046	0.015892	0.019994	0.013701	0.014636	0.012822	0.028079	0.014318	0.022366	0.040265	0.039806	0.021965	0.005952	0.015578	0.011483	0.005745	0.008822	0.025032	0.029369	0.014830	0.009912	0.041557	0.004118	0.034444	0.002344	0.033326	0.024449	0.021065	0.031691	
0.014309	0.005764	0.034010	0.035022	0.013202	0.028120	0.014733	0.026427	0.001201	0.024487	0.025770	0.022160	0.032342	0.004677	0.000984	0.030161	0.010816	0.020361	0.022210	0.013524	0.026802	0.029520	0.014382	0.035026	0.033188	0.035138	0.018662	0.022447	0.034840	0.005195	0.021530	0.031217	0.019235	0.023289	0.035750	0.010971	0.035562	0.010391	0.018527	0.018951	0.010273	0.005709	0.020535	0.022725	0.001093	0.008484	0.005220	0.033224	0.020264	0.011571	
0.032473	0.007728	0.012544	0.020055	0.012477	0.004368	0.032917	0.030902	0.041950	0.014714	0.039146	0.006027	0.001381	0.029123	0.006441	0.009278	0.019658	0.003257	0.037914	0.021120	0.008364	0.016031	0.024982	0.002665	0.003816	0.022357	0.039880	0.011399	0.043289	0.036486	0.019690	0.008628	0.010417	0.020325	0.019102	0.025747	0.005690	0.028548	0.029827	0.041676	0.019608	0.035583	0.011947	0.006336	0.034703	0.018205	0.005543	0.011834	0.019412	0.034435	
0.022784	0.019745	0.020243	0.031942	0.029968	0.018921	0.008816	0.010904	0.029323	0.022018	0.035959	0.033359	0.013840	0.030900	0.028298	0.018686	0.019880	0.024501	0.034219	0.006329	0.021721	0.027292	0.009192	0.007857	0.015593	0.005225	0.022486	0.029567	0.034352	0.026200	0.015503	0.013609	0.001557	0.006102	0.016105	0.016825	0.003193	0.008909	0.021618	0.029213	0.018620	0.033462	0.018062	0.018274	0.026886	0.021745	0.008184	0.012717	0.013686	0.035609	
0.028007	0.003383	0.027280	0.031529	0.013338	0.020772	0.013573	0.031706	0.016817	0.015727	0.016570	0.034533	0.002663	0.034644	0.008798	0.033373	0.013555	0.026894	0.034221	0.017252	0.034128	0.012582	0.034638	0.027523	0.023905	0.001348	0.003473	0.025918	0.038053	0.007910	0.009424	0.003509	0.016464	0.011047	0.018067	0.028313	0.020316	0.038407	0.004129	0.040081	0.003685	0.026603	0.006379	0.037747	0.002654	0.027999	0.027517	0.018488	0.000968	0.024089	
0.009740	0.023108	0.006381	0.018319	0.012815	0.034559	0.039536	0.030153	0.029416	0.015657	0.039049	0.000719	0.014941	0.001571	0.000046	0.035651	0.029409	0.019186	0.030529	0.011313	0.032668	0.039218	0.013209	0.006811	0.008375	0.031754	0.015165	0.004404	0.005989	0.024447	0.032763	0.007457	0.016351	0.010673	0.001846	0.036009	0.019206	0.035348	0.032628	0.025579	0.018276	0.000986	0.026551	0.011384	0.040051	0.017675	0.011664	0.005079	0.028970	0.037367	
0.026416	0.011592	0.005282	0.000633	0.006082	0.010754	0.023118	0.011276	0.031239	0.025252	0.023135	0.009270	0.017960	0.029153	0.003355	0.017182	0.029257	0.035034	0.006214	0.039033	0.006421	0.017472	0.036533	0.000535	0.037738	0.029155	0.004262	0.013297	0.008222	0.032826	0.035034	0.031864	0.014323	0.020914	0.033877	0.013470	0.018950	0.036127	0.010202	0.011250	0.020264	0.024984	0.015007	0.008364	0.001678	0.038829	0.026854	0.028642	0.034833	0.026836	
0.007608	0.015681	0.035837	0.001305	0.028491	0.018930	0.009559	0.003024	0.013619	0.033298	0.040753	0.034650	0.014687	0.024966	0.009052	0.021754	0.018162	0.013839	0.008043	0.000941	0.020983	0.033502	0.021193	0.036354	0.005418	0.034299	0.029252	0.001671	0.007468	0.014960	0.027560	0.027161	0.023792	0.004001	0.013306	0.036241	0.034131	0.020882	0.029189	0.038340	0.007937	0.027688	0.036761	0.011217	0.034246	0.005430	0.000183	0.021488	0.013069	0.028079	
0.024683	0.022548	0.016939	0.007977	0.007290	0.015640	0.034154	0.022042	0.034855	0.034473	0.025705	0.010420	0.008176	0.013931	0.023433	0.000831	0.001678	0.036834	0.001194	0.008166	0.008275	0.010008	0.026853	0.034678	0.014643	0.002281	0.038661	0.037733	0.014451	0.014178	0.022274	0.032238	0.036072	0.038241	0.016114	0.031812	0.023239	0.019097	0.033671	0.022889	0.006276	0.020080	0.003245	0.001884	0.022829	0.032740	0.010024	0.034111	0.035419	0.005016	
0.006468	0.004657	0.015397	0.024025	0.015284	0.023041	0.030218	0.031024	0.036895	0.032954	0.008740	0.024171	0.012663	0.040278	0.002361	0.033527	0.010500	0.026949	0.028410	0.006941	0.040035	0.004049	0.021482	0.002758	0.033625	0.013465	0.010492	0.024364	0.017209	0.034031	0.011640	0.017157	0.039750	0.011167	0.027512	0.014691	0.016191	0.036866	0.011560	0.009875	0.024650	0.014898	0.017611	0.015765	0.006668	0.032600	0.009510	0.034760	0.015122	0.015996	
0.031258	0.015986	0.002733	0.009405	0.021776	0.015909	0.028223	0.020199	0.041782	0.036924	0.037335	0.032859	0.025433	0.027742	0.013983	0.040231	0.018387	0.004392	0.005545	0.011774	0.006170	0.023119	0.040663	0.030643	0.018786	0.009034	0.017755	0.013741	0.021859	0.029915	0.033369	0.002133	0.028254	0.026411	0.009506	0.006908	0.021555	0.032546	0.002609	0.001529	0.002297	0.021790	0.028815	0.039510	0.024082	0.001933	0.015678	0.038908	0.001662	0.006945	
0.027626	0.019095	0.030925	0.020732	0.008381	0.033171	0.010892	0.014696	0.010750	0.022804	0.020248	0.014716	0.021657	0.004477	0.035799	0.029638	0.028911	0.006453	0.005901	0.025862	0.008371	0.013858	0.030367	0.026848	0.031093	0.014920	0.031954	0.019601	0.024924	0.016802	0.023740	0.006209	0.005762	0.007858	0.023669	0.021524	0.016589	0.009934	0.022315	0.022808	0.028661	0.028941	0.016223	0.027823	0.007058	0.027717	0.014688	0.017133	0.035167	0.024709	
0.020778	0.025415	0.022395	0.013958	0.011694	0.034992	0.009434	0.021763	0.021174	0.015986	0.014858	0.006878	0.012181	0.032370	0.027784	0.008178	0.012372	0.018955	0.019264	0.014062	0.022615	0.018647	0.028784	0.036505	0.008331	0.034901	0.005759	0.014715	0.035729	0.008237	0.002645	0.026402	0.010381	0.033243	0.025427	0.036085	0.034952	0.004842	0.026142	0.010723	0.018185	0.012084	0.015759	0.029551	0.026976	0.032896	0.013632	0.020679	0.030815	0.009869	
0.038834	0.036651	0.005837	0.033492	0.006513	0.017106	0.008851	0.020816	0.035856	0.018227	0.028615	0.032338	0.024543	0.036069	0.024168	0.015825	0.018992	0.004326	0.007647	0.022856	0.021432	0.036188	0.024318	0.011526	0.031212	0.031400	0.034659	0.011708	0.013450	0.002245	0.007257	0.019866	0.026642	0.038860	0.015567	0.032960	0.006995	0.014608	0.023458	0.000611	0.012483	0.008180	0.022756	0.006784	0.019445	0.034899	0.018448	0.004300	0.012414	0.017769	
0.019381	0.011190	0.007014	0.012101	0.024895	0.034386	0.010807	0.017624	0.000206	0.037553	0.025874	0.009257	0.026214	0.003726	0.019898	0.001392	0.030636	0.039054	0.034575	0.012910	0.035398	0.014406	0.001742	0.008239	0.007523	0.033240	0.010957	0.012184	0.002198	0.011601	0.023701	0.034233	0.038928	0.020539	0.004950	0.009638	0.025856	0.011542	0.035626	0.038815	0.031610	0.020780	0.026522	0.030782	0.034040	0.007515	0.025731	0.016403	0.017332	0.029276	
0.013402	0.002133	0.000485	0.030681	0.031534	0.002475	0.026641	0.025836	0.034316	0.024750	0.033296	0.003373	0.004253	0.014636	0.025841	0.015269	0.013001	0.024230	0.009486	0.029539	0.029138	0.006343	0.005100	0.031159	0.034868	0.016362	0.031060	0.004660	0.011357	0.025591	0.031787	0.019653	0.033317	0.028178	0.029721	0.019346	0.017590	0.020859	0.004775	0.024437	0.006449	0.033429	0.020232	0.006718	0.013920	0.016118	0.035240	0.010691	0.033006	0.033720	
0.007276	0.017932	0.027480	0.001249	0.000211	0.014066	0.021644	0.011613	0.020698	0.032069	0.026854	0.016598	0.011582	0.027288	0.001157	0.019721	0.010477	0.025913	0.020278	0.041001	0.029792	0.026317	0.037187	0.001404	0.006556	0.011949	0.004599	0.033108	0.022601	0.030081	0.028595	0.014188	0.041341	0.006659	0.012926	0.038300	0.025970	0.011666	0.020770	0.007809	0.023414	0.014542	0.000123	0.017909	0.029319	0.025619	0.038152	0.010843	0.036344	0.036813	
0.005367	0.027442	0.011751	0.002697	0.023511	0.014172	0.014032	0.007396	0.021319	0.014749	0.034814	0.022989	0.028841	0.006617	0.024043	0.038183	0.005665	0.020028	0.002973	0.023337	0.025703	0.030447	0.026550	0.010174	0.004076	0.004342	0.033483	0.011240	0.034313	0.000744	0.021652	0.030480	0.021742	0.015196	0.015992	0.029269	0.028177	0.031709	0.028984	0.017580	0.012028	0.030556	0.015480	0.015243	0.037179	0.022662	0.026638	0.025661	0.035670	0.007102	
0.026856	0.022259	0.023212	0.034882	0.035761	0.026602	0.026434	0.014812	0.008101	0.025045	0.030771	0.014536	0.005166	0.037696	0.035587	0.013763	0.005515	0.022623	0.031655	0.027670	0.024369	0.002139	0.019477	0.005433	0.029942	0.020427	0.023153	0.029829	0.022880	0.007805	0.029814	0.000208	0.011330	0.037757	0.034435	0.012690	0.029657	0.016263	0.010316	0.015277	0.008352	0.015573	0.007936	0.026261	0.007795	0.007704	0.016612	0.022550	0.012528	0.022540	
0.015735	0.015745	0.028834	0.014255	0.006791	0.017685	0.011048	0.012548	0.009267	0.031542	0.002051	0.012773	0.030571	0.009404	0.026086	0.002527	0.030598	0.032109	0.006374	0.022567	0.023097	0.009731	0.013384	0.027339	0.021696	0.017894	0.030217	0.031912	0.026794	0.036114	0.023950	0.033001	0.006479	0.011962	0.017085	0.007325	0.023603	0.025040	0.006358	0.033205	0.033793	0.034386	0.008953	0.023156	0.012600	0.008789	0.023837	0.035017	0.024669	0.030105	
0.008062	0.021664	0.034602	0.010606	0.011421	0.020833	0.017723	0.012219	0.022302	0.020714	0.033858	0.020069	0.025760	0.001412	0.013866	0.017940	0.028353	0.013287	0.000415	0.035553	0.002032	0.034179	0.023131	0.025047	0.013816	0.031754	0.035410	0.035789	0.024046	0.030670	0.036292	0.021343	0.008381	0.034355	0.021029	0.009082	0.033482	0.007874	0.007040	0.014415	0.000665	0.002651	0.022960	0.036149	0.025495	0.013971	0.034452	0.023650	0.002525	0.017654	
0.002348	0.014099	0.012526	0.015328	0.014327	0.010220	0.020425	0.024159	0.024225	0.014009	0.008762	0.008666	0.023177	0.019288	0.034692	0.012384	0.032576	0.027623	0.029588	0.019481	0.016817	0.034652	0.029081	0.005232	0.021150	0.003272	0.033510	0.034660	0.028627	0.021434	0.007289	0.027805	0.021990	0.030598	0.023877	0.002117	0.027298	0.012558	0.022182	0.028868	0.019917	0.032636	0.006560	0.027979	0.021931	0.014016	0.029123	0.007340	0.006730	0.032847	
0.021591	0.009482	0.034977	0.000651	0.011779	0.035975	0.032034	0.026558	0.027892	0.010381	0.017464	0.005912	0.026473	0.009201	0.020165	0.027319	0.018840	0.004852	0.027018	0.013841	0.005120	0.004654	0.016942	0.031429	0.030229	0.034110	0.002459	0.016905	0.016423	0.009033	0.003871	0.022235	0.027987	0.004013	0.032241	0.035535	0.035108	0.015181	0.029114	0.027369	0.012194	0.022870	0.027188	0.032814	0.010347	0.034872	0.007413	0.032324	0.034749	0.002864	
0.024335	0.032148	0.017064	0.024749	0.022327	0.026210	0.004394	0.034816	0.023531	0.027671	0.014407	0.008693	0.034649	0.010826	0.029574	0.032555	0.022998	0.024270	0.012237	0.017915	0.024745	0.024337	0.033745	0.002038	0.030190	0.007911	0.024243	0.032173	0.035019	0.030674	0.022984	0.006797	0.001306	0.000599	0.025828	0.002389	0.030956	0.016929	0.032709	0.023311	0.013014	0.018739	0.006302	0.017864	0.023230	0.011259	0.009088	0.002923	0.017600	0.025729	
0.021719	0.001631	0.040195	0.040553	0.006233	0.007957	0.000401	0.030494	0.032932	0.027785	0.015070	0.011410	0.020186	0.010367	0.036591	0.035472	0.021340	0.011824	0.010355	0.024694	0.013085	0.010749	0.021139	0.041497	0.021483	0.010939	0.035323	0.008503	0.007296	0.032600	0.004532	0.027894	0.037284	0.004567	0.026449	0.007273	0.039247	0.011091	0.017228	0.027725	0.030725	0.004647	0.013806	0.016890	0.025562	0.037267	0.024045	0.012592	0.020450	0.000906	
0.002466	0.042490	0.000331	0.019526	0.044176	0.027981	0.034161	0.008912	0.013022	0.037460	0.004278	0.009733	0.003785	0.032678	0.007246	0.032213	0.023165	0.010506	0.042146	0.009290	0.001556	0.038742	0.016792	0.032809	0.044375	0.024779	0.023329	0.001588	0.007335	0.008352	0.005464	0.023676	0.039257	0.007367	0.020461	0.000578	0.033975	0.037807	0.037767	0.004083	0.001283	0.007579	0.014836	0.034224	0.039110	0.002797	0.026367	0.027296	0.018998	0.011850	
0.011340	0.031869	0.032868	0.025092	0.018762	0.032737	0.016196	0.024331	0.010290	0.012531	0.032334	0.023445	0.004652	0.026980	0.001379	0.029489	0.030405	0.002296	0.022683	0.022238	0.002891	0.019847	0.018852	0.024739	0.001445	0.021225	0.018842	0.017930	0.032441	0.021365	0.013732	0.028902	0.021805	0.024369	0.026010	0.018844	0.007563	0.019980	0.030155	0.010356	0.000647	0.028062	0.019230	0.021428	0.017080	0.019200	0.032014	0.027211	0.023071	0.018847	
0.018522	0.027370	0.011879	0.008923	0.025075	0.031093	0.010832	0.021915	0.019525	0.021268	0.024211	0.019247	0.026824	0.015306	0.029150	0.030718	0.004897	0.029454	0.030539	0.017707	0.028436	0.008334	0.005546	0.027813	0.006075	0.023302	0.020420	0.021859	0.001797	0.022051	0.012052	0.019276	0.032419	0.005428	0.027164	0.020804	0.008737	0.030980	0.012671	0.027264	0.026363	0.027656	0.013427	0.010828	0.023503	0.015173	0.013343	0.026367	0.029299	0.027159	
0.006493	0.011003	0.033645	0.005515	0.038956	0.012464	0.021118	0.003227	0.009462	0.024957	0.004662	0.013254	0.029912	0.012826	0.036759	0.030321	0.021929	0.039099	0.001259	0.003892	0.023983	0.025898	0.037133	0.012194	0.018492	0.011587	0.029312	0.008493	0.022961	0.019116	0.013954	0.032128	0.013304	0.024352	0.010752	0.013842	0.007230	0.035223	0.014104	0.017946	0.003695	0.035967	0.037973	0.035817	0.007956	0.022337	0.037074	0.033835	0.013360	0.019232	
0.029997	0.018754	0.008746	0.007320	0.037389	0.034067	0.029986	0.018083	0.037492	0.016785	0.009051	0.019296	0.000518	0.018338	0.009986	0.010068	0.014913	0.004395	0.036815	0.030930	0.006333	0.031944	0.010620	0.035931	0.026879	0.021169	0.009946	0.013310	0.015473	0.020043	0.005145	0.006846	0.025704	0.027593	0.032522	0.002860	0.038554	0.003054	0.010198	0.021975	0.027341	0.013544	0.031992	0.017778	0.020706	0.012262	0.024801	0.031436	0.032013	0.029096	
0.009356	0.006815	0.021545	0.009112	0.019807	0.021163	0.003264	0.017707	0.017015	0.037164	0.033081	0.011488	0.005240	0.007476	0.033211	0.037108	0.013737	0.038435	0.005133	0.041564	0.028248	0.000855	0.012871	0.029644	0.008391	0.007040	0.026564	0.010485	0.025894	0.017936	0.034898	0.030536	0.005127	0.030604	0.019279	0.008391	0.013877	0.042736	0.004588	0.038499	0.034543	0.025291	0.026420	0.016579	0.019323	0.017745	0.010926	0.026205	0.021403	0.015681	
0.026330	0.030421	0.016525	0.007763	0.004210	0.036056	0.010334	0.000708	0.010660	0.022635	0.009890	0.023339	0.026917	0.018443	0.029514	0.007751	0.011209	0.011908	0.012943	0.031503	0.033081	0.020748	0.020645	0.010586	0.002933	0.034056	0.015635	0.023763	0.033086	0.025339	0.016259	0.014490	0.032303	0.002647	0.026851	0.036107	0.031842	0.004559	0.005169	0.035266	0.029180	0.016052	0.001880	0.008868	0.022298	0.022576	0.032389	0.035546	0.031056	0.025730	
0.005225	0.000466	0.034884	0.006768	0.033687	0.019921	0.006533	0.010272	0.044139	0.019241	0.020506	0.007342	0.042464	0.003009	0.041317	0.030627	0.046244	0.027861	0.007868	0.003480	0.011789	0.001771	0.005523	0.003196	0.005670	0.042547	0.046193	0.000001	0.034454	0.029973	0.019490	0.031083	0.026576	0.026003	0.038683	0.009098	0.003130	0.019704	0.045048	0.039839	0.020343	0.010094	0.001956	0.033477	0.003546	0.003205	0.004677	0.020294	0.013385	0.037398	
0.012685	0.035967	0.020836	0.017005	0.009906	0.020996	0.005981	0.028799	0.006462	0.020461	0.002861	0.013579	0.022212	0.038630	0.038340	0.035729	0.019913	0.004594	0.002393	0.000383	0.020960	0.009943	0.004486	0.024838	0.040409	0.033278	0.024625	0.022074	0.001473	0.000308	0.033450	0.021102	0.030495	0.024162	0.030902	0.006394	0.013286	0.034085	0.003273	0.023859	0.028714	0.020178	0.014335	0.012999	0.029963	0.033787	0.022594	0.031713	0.004851	0.039732	
0.032053	0.024614	0.033577	0.015948	0.023477	0.030576	0.008668	0.039850	0.007843	0.005987	0.010538	0.020317	0.028606	0.033276	0.017606	0.025994	0.041106	0.016397	0.027916	0.001399	0.003875	0.002336	0.026859	0.036270	0.008876	0.019481	0.008674	0.026587	0.039413	0.007843	0.024581	0.000430	0.031214	0.040137	0.003187	0.006413	0.004185	0.027481	0.019771	0.016879	0.012662	0.029444	0.032701	0.013475	0.013092	0.034140	0.008530	0.021406	0.012582	0.021727	
0.007254	0.037252	0.019923	0.027065	0.010122	0.036652	0.029615	0.005312	0.005963	0.004371	0.027925	0.009616	0.040062	0.009490	0.038019	0.015127	0.000893	0.022898	0.014919	0.034435	0.029388	0.022985	0.036160	0.002203	0.000608	0.023717	0.015237	0.011475	0.005796	0.010273	0.026582	0.021081	0.018159	0.027281	0.031892	0.031433	0.006686	0.032139	0.005612	0.031005	0.024791	0.008405	0.028792	0.020493	0.025411	0.007701	0.020692	0.037960	0.019074	0.020055	
0.020958	0.003850	0.026110	0.037418	0.005890	0.005173	0.038327	0.002082	0.018364	0.000376	0.014408	0.021330	0.021926	0.018318	0.024421	0.002382	0.038177	0.034167	0.034686	0.012391	0.039914	0.034966	0.039778	0.007787	0.006411	0.011118	0.007928	0.026789	0.005777	0.027337	0.012040	0.004672	0.033215	0.026507	0.038304	0.002359	0.016539	0.037834	0.027726	0.013655	0.012475	0.040260	0.017767	0.019279	0.031715	0.012091	0.017006	0.001875	0.016974	0.029149	
0.015099	0.021694	0.002634	0.002078	0.009853	0.000925	0.018973	0.035967	0.017262	0.032877	0.030426	0.013871	0.023001	0.025390	0.031492	0.023749	0.024378	0.010319	0.013994	0.033043	0.020701	0.016012	0.019728	0.028162	0.012788	0.016262	0.019232	0.002821	0.024633	0.033248	0.027952	0.028405	0.039092	0.005878	0.025181	0.036871	0.001860	0.037453	0.036081	0.018198	0.002620	0.004516	0.003420	0.012552	0.013909	0.031563	0.024659	0.006960	0.033928	0.028286	
0.027785	0.010582	0.027499	0.014125	0.028502	0.030806	0.010412	0.025878	0.005374	0.020693	0.001875	0.008287	0.030933	0.036340	0.030110	0.006664	0.032137	0.008091	0.026058	0.009120	0.025552	0.020543	0.025946	0.034785	0.006778	0.015398	0.002158	0.019472	0.029311	0.009239	0.014338	0.032119	0.004004	0.034671	0.034685	0.003184	0.011918	0.006914	0.011234	0.016218	0.028169	0.025982	0.017819	0.003756	0.036933	0.017276	0.031126	0.016928	0.035428	0.036843	
0.031451	0.022447	0.026782	0.013970	0.010173	0.026496	0.023359	0.013428	0.033586	0.043527	0.033654	0.028540	0.028568	0.003407	0.042360	0.010923	0.013791	0.023734	0.003121	0.007741	0.011877	0.004473	0.021594	0.015755	0.031895	0.034186	0.001879	0.025015	0.023854	0.013247	0.014990	0.011974	0.040209	0.009388	0.001855	0.003275	0.024720	0.003085	0.028116	0.028464	0.011482	0.039272	0.002966	0.031150	0.029797	0.009227	0.002771	0.029584	0.034101	0.018740	
0.006844	0.002890	0.000989	0.034840	0.034787	0.007981	0.038320	0.037034	0.033821	0.019047	0.024000	0.022525	0.017316	0.005679	0.030817	0.013779	0.000818	0.003231	0.037406	0.005912	0.000113	0.040271	0.011852	0.008601	0.014817	0.031009	0.036619	0.027244	0.009073	0.013087	0.028689	0.037635	0.010123	0.032034	0.046760	0.019228	0.002890	0.022777	0.039555	0.008185	0.010007	0.006939	0.031039	0.000496	0.009657	0.034333	0.005749	0.033969	0.032592	0.016619	
0.027547	0.036081	0.036567	0.023752	0.008268	0.033292	0.015900	0.020294	0.008294	0.019710	0.038816	0.032179	0.034712	0.008695	0.000678	0.007554	0.003705	0.014464	0.030274	0.017436	0.001753	0.024780	0.005123	0.017348	0.015431	0.013380	0.034339	0.008552	0.014819	0.001043	0.027886	0.035856	0.018508	0.036332	0.009046	0.034549	0.037669	0.003802	0.000974	0.005461	0.036537	0.018297	0.020757	0.034288	0.000283	0.023207	0.029728	0.035811	0.025790	0.010433	
0.031820	0.005508	0.031597	0.014330	0.032270	0.030564	0.035416	0.019239	0.032787	0.024123	0.009457	0.010635	0.016553	0.020025	0.001119	0.005712	0.031103	0.013194	0.012421	0.029623	0.020570	0.034264	0.010522	0.027152	0.026166	0.025756	0.028654	0.008192	0.011307	0.000599	0.026764	0.020261	0.023495	0.006625	0.021543	0.000128	0.013207	0.025672	0.041252	0.017792	0.001759	0.008872	0.004754	0.029852	0.012744	0.024019	0.025712	0.038366	0.029143	0.027364	
0.027777	0.000103	0.019120	0.009155	0.015976	0.037873	0.021248	0.024840	0.017843	0.002474	0.020344	0.018204	0.002204	0.017826	0.019262	0.025968	0.023072	0.035501	0.032630	0.030692	0.018423	0.016176	0.018639	0.035346	0.039278	0.015749	0.025049	0.004472	0.005045	0.023468	0.004341	0.020050	0.007718	0.011887	0.031935	0.033163	0.011934	0.033173	0.006767	0.014542	0.029408	0.001680	0.010842	0.035752	0.034415	0.010950	0.034225	0.019502	0.029618	0.014344	
0.022843	0.034651	0.035848	0.030815	0.015543	0.032921	0.035673	0.012992	0.016239	0.032149	0.017048	0.032992	0.028084	0.032280	0.021345	0.002453	0.010235	0.014849	0.028526	0.028671	0.019187	0.023790	0.020730	0.004715	0.001242	0.011623	0.004440	0.007679	0.037722	0.036181	0.021417	0.015824	0.001300	0.003239	0.023601	0.011742	0.001530	0.002168	0.032136	0.019677	0.002490	0.019272	0.031125	0.018393	0.005960	0.012524	0.025536	0.033750	0.038407	0.026443	
0.009442	0.038341	0.039813	0.001101	0.021211	0.010335	0.015089	0.038680	0.024332	0.015340	0.032486	0.013527	0.027329	0.004686	0.009495	0.025029	0.001509	0.002858	0.003668	0.036489	0.005723	0.020444	0.020235	0.024847	0.035340	0.008380	0.034415	0.014664	0.023355	0.021431	0.029808	0.021467	0.035328	0.035930	0.018578	0.033711	0.010071	0.037626	0.007279	0.002725	0.003875	0.040875	0.006817	0.032153	0.018285	0.016546	0.004413	0.040216	0.017124	0.007577	
0.016573	0.002332	0.022400	0.007679	0.003993	0.020268	0.007368	0.018291	0.001477	0.026604	0.024408	0.016838	0.003415	0.028668	0.011134	0.007382	0.030763	0.022068	0.009411	0.033186	0.027255	0.034292	0.003256	0.006835	0.022883	0.015150	0.022403	0.030984	0.019006	0.025015	0.024041	0.014793	0.014524	0.002609	0.027332	0.026384	0.028555	0.014040	0.032615	0.017344	0.030933	0.036808	0.020326	0.025003	0.028510	0.031538	0.025781	0.026315	0.027915	0.023298	
0.005351	0.000606	0.037392	0.031593	0.000478	0.000914	0.037626	0.029058	0.035891	0.035289	0.015964	0.010315	0.001770	0.023743	0.028347	0.009214	0.010710	0.015713	0.037148	0.012325	0.038867	0.004722	0.004727	0.035146	0.011150	0.040111	0.001851	0.020444	0.042274	0.013534	0.009063	0.033747	0.007423	0.017732	0.002135	0.037700	0.022446	0.021397	0.015686	0.023934	0.042177	0.013749	0.001195	0.041996	0.016132	0.027063	0.033471	0.020610	0.018512	0.001563	
0.006530	0.024294	0.032872	0.009449	0.001968	0.036584	0.004900	0.030692	0.003949	0.032473	0.020570	0.030237	0.010916	0.004642	0.003774	0.007150	0.003738	0.021853	0.007813	0.032778	0.010410	0.031700	0.005872	0.016107	0.013803	0.031256	0.034196	0.017629	0.005520	0.027014	0.032251	0.025187	0.020027	0.030253	0.031588	0.003653	0.033951	0.024397	0.018474	0.036398	0.035642	0.038747	0.021177	0.033582	0.020413	0.026657	0.035833	0.006180	0.002581	0.002319	
0.011776	0.018279	0.011945	0.040509	0.004559	0.005380	0.005071	0.037693	0.003694	0.005602	0.015905	0.041273	0.035579	0.007925	0.010442	0.038789	0.040542	0.006334	0.040572	0.023246	0.020567	0.036745	0.034357	0.031140	0.021869	0.005629	0.009147	0.006305	0.006340	0.000290	0.012624	0.030660	0.009659	0.025727	0.002366	0.004567	0.036993	0.019522	0.041084	0.003259	0.018754	0.035713	0.029107	0.014383	0.006851	0.038318	0.033497	0.016408	0.037116	0.005890	
0.016429	0.027305	0.020874	0.010221	0.016669	0.029010	0.015653	0.028799	0.028761	0.024509	0.002355	0.020081	0.015636	0.019276	0.026922	0.014034	0.021904	0.020407	0.022120	0.030805	0.018163	0.024975	0.022720	0.024951	0.009776	0.030834	0.011766	0.026854	0.017302	0.022119	0.026910	0.023456	0.023323	0.027073	0.026609	0.013105	0.021540	0.015482	0.004607	0.013043	0.015927	0.030335	0.022494	0.016182	0.016952	0.002616	0.018538	0.021477	0.007738	0.031363	
0.018372	0.021240	0.022832	0.018795	0.025387	0.018233	0.034455	0.006527	0.022744	0.003720	0.029038	0.023183	0.019832	0.034823	0.019523	0.005563	0.031118	0.029304	0.020568	0.037477	0.006166	0.039499	0.005893	0.008206	0.040438	0.033346	0.004774	0.018907	0.018809	0.002658	0.017948	0.013010	0.025261	0.018866	0.014860	0.002576	0.018131	0.000566	0.025473	0.016935	0.017036	0.013752	0.023489	0.019440	0.005961	0.027821	0.031409	0.034847	0.022466	0.028722	
0.014201	0.000815	0.002006	0.022060	0.003881	0.015202	0.024501	0.001009	0.014593	0.039385	0.007131	0.030348	0.001041	0.022861	0.014313	0.033786	0.026668	0.009412	0.039833	0.017228	0.012822	0.036830	0.026386	0.036242	0.023720	0.021632	0.023655	0.037012	0.009923	0.005190	0.002783	0.039801	0.021747	0.011041	0.002041	0.022347	0.032568	0.013324	0.023326	0.038575	0.007431	0.032101	0.025127	0.004071	0.027864	0.031571	0.031946	0.025171	0.001269	0.032211	
0.029526	0.034828	0.032292	0.009685	0.026783	0.016491	0.015911	0.014217	0.023698	0.008367	0.032817	0.032131	0.038506	0.002261	0.027222	0.011829	0.000612	0.036491	0.022105	0.016759	0.011253	0.006140	0.029936	0.011852	0.028707	0.001168	0.030229	0.007214	0.021650	0.031935	0.029831	0.022097	0.004012	0.020363	0.022662	0.014002	0.025112	0.008060	0.010337	0.014087	0.014158	0.029368	0.017332	0.004980	0.014796	0.025376	0.009672	0.038122	0.026954	0.036066	
0.019193	0.018989	0.037229	0.003699	0.032428	0.010012	0.032367	0.035309	0.002544	0.012159	0.002061	0.015701	0.000993	0.029737	0.036363	0.027352	0.032695	0.036067	0.010048	0.031711	0.006783	0.013063	0.030162	0.039025	0.005170	0.030257	0.038761	0.008528	0.021454	0.002608	0.021602	0.004127	0.018534	0.015662	0.022396	0.023253	0.038675	0.011491	0.027055	0.006192	0.019025	0.020003	0.024393	0.004126	0.017273	0.021729	0.039818	0.038223	0.001257	0.002702	
0.12
