50
2
-8.353568	7.084548	-10.875496	-3.343251	-23.170959	8.681947	-9.341778	4.686338	8.196313	-3.989025	-24.674590	-23.821297	-1.537173	18.416648	18.170788	20.866501	-7.466901	7.890916	-0.502195	-20.146969	-11.634355	-10.099332	-21.611164	11.290782	1.581057	9.307108	16.214918	-14.343449	12.938247	-3.690201	-23.453466	2.985752	7.656683	11.604471	-23.277178	-13.849329	13.294796	16.707570	-11.839288	18.175888	-7.869473	-8.968719	19.939300	-1.205622	16.792996	5.251947	22.928570	1.568263	8.135164	0.368047	
-0.583610	-22.044990	16.229644	-16.546782	-4.134013	-1.924707	24.304815	-25.614807	21.978946	-14.084871	-16.335272	9.390248	-4.961351	-3.598382	5.662883	12.300307	-16.187791	-11.941395	11.536613	-18.226844	-18.089856	-12.445450	-23.853650	24.600126	-13.723583	-20.697405	-20.643369	-6.216917	-3.374043	-24.288162	-18.841523	-13.551830	18.296141	16.740060	-21.129081	-25.236901	18.186751	18.603656	14.744682	13.619344	16.241287	22.394962	-13.107871	-0.358692	3.368129	7.244065	2.029523	-21.258663	12.049917	12.395055	
-8.575344	14.234055	21.619298	24.363922	-6.910981	10.752169	12.428941	-20.196080	1.835584	-14.446590	2.313688	24.629653	-16.734608	-3.100888	-11.945166	-24.564133	3.603415	-3.718786	-10.943623	-2.209524	6.005761	17.637904	19.269437	-22.364445	7.249874	9.125479	13.014650	-1.400027	-4.548926	-6.783848	5.647451	9.695588	17.380635	24.154011	-2.081360	18.018680	-1.750247	20.039727	-10.241619	18.386814	15.471412	4.050229	-3.214561	-3.356281	-15.294141	19.963914	4.641415	-23.228758	-3.540736	-2.577212	
-10.288464	-0.208563	-8.896875	-13.482957	14.654654	5.689766	-2.882390	-13.683236	-5.630567	1.407273	9.364520	11.109433	4.204441	-15.871711	-15.042063	16.495543	-6.464128	11.373205	-5.067238	16.214634	-15.894455	-2.557403	13.920769	17.278391	16.740338	7.714226	-16.237514	-8.101716	15.419566	-2.302957	-5.840605	15.849261	-17.439095	-0.436960	-12.264006	-4.755098	-10.853266	-1.484511	6.684778	11.422428	2.752685	-18.384416	-0.622118	5.831078	-7.390340	-11.471985	10.072953	-2.612667	-4.748095	13.621627	
-12.619817	-15.271084	18.913902	5.914765	-21.603097	2.209735	-15.365267	16.098961	-22.237504	-8.961575	9.296733	-24.503369	-8.621879	-1.630838	-2.152054	3.318186	-19.389998	-12.877335	-23.320762	7.937169	2.314917	-24.787541	18.999369	16.052322	2.945129	16.923284	-15.484079	19.745152	-15.308429	-6.776976	-17.576130	-13.348730	-24.043813	19.405752	23.292870	-9.410424	6.160044	-10.278489	0.647060	-18.764097	-5.586644	22.112055	5.987953	-10.955257	12.856880	18.744646	-5.074572	-4.615954	11.511698	-6.913905	
-4.419023	7.906819	-22.785553	-1.639002	21.681162	-17.475358	-16.369885	11.135796	-11.196144	-1.909305	6.878315	-20.765952	-22.122785	0.670815	-4.078972	-18.397533	9.567392	18.859760	10.824729	-6.102914	-14.559452	4.989685	-11.464311	8.351600	2.727707	22.762631	13.547146	5.960706	13.142994	18.001787	6.377667	0.476756	-9.086981	-5.255322	-7.504869	-22.951558	-11.538839	21.873427	-22.924433	2.340891	-1.848497	-0.912943	-4.866297	18.026615	12.021996	12.067808	1.842753	16.338831	-14.987037	-22.332346	
17.507310	8.057559	-20.143457	-8.342017	-10.462662	2.368561	-20.052592	-14.171018	18.229660	11.042670	20.369276	13.070402	19.225734	12.434659	0.183715	-3.864869	-14.464929	-11.013904	13.054080	3.694291	15.335524	7.703086	18.371765	-9.372839	-21.931781	-6.159893	-3.626356	-17.174932	9.389694	16.453180	-14.343714	-16.438804	-0.029660	-6.910235	11.968963	17.643333	12.256981	7.590770	-19.469907	19.990210	-14.566132	12.455491	-10.891633	20.887058	14.063936	12.239593	7.727874	-6.637369	13.713691	17.328843	
12.974551	-23.820812	6.174799	9.163639	6.931687	8.762747	-26.170796	18.039351	10.006366	-15.013722	-4.348345	9.246286	-8.538207	8.299954	24.736316	24.249939	25.745009	-15.650694	-3.549710	4.091365	11.368472	-19.480790	9.945014	18.431607	-13.707380	23.286627	-8.180006	-2.335001	-18.071082	-18.521844	22.141967	-22.431276	0.454465	14.337281	2.858967	-6.134686	24.369749	-4.105708	13.522506	14.922622	22.174002	-26.967085	2.538286	-8.051794	26.260813	-13.717541	-18.362027	4.788799	2.592028	1.856480	
24.510555	-2.038059	-4.755866	19.075933	11.260758	-24.320626	2.144526	23.304754	4.734108	8.808745	22.003693	1.470862	10.407521	16.437778	-18.435856	6.866617	17.768011	8.004271	16.288978	24.226823	23.733728	13.261525	-2.634971	11.434991	-9.903404	6.037748	-1.226298	-11.960767	-11.777044	5.208905	-11.580260	15.583272	10.995632	19.416109	-6.452813	-5.434895	16.264017	13.423229	-22.616044	-2.105132	10.410029	-14.249426	-22.981656	-19.399094	-17.695738	6.670247	-15.291346	-5.897697	-19.405281	-16.829801	
11.262166	6.773626	-4.510628	-19.788340	23.451273	-4.018558	-18.319982	-18.024833	17.612793	8.986843	-25.223162	13.265557	-3.597333	17.048691	-17.536068	13.996416	5.615184	3.826483	12.714026	-11.041792	6.072756	-10.489439	-17.603676	-0.661159	1.993481	-0.944889	-25.995351	-4.561671	-5.856179	0.225132	16.338557	-18.719059	5.652224	-1.625047	8.343518	16.216418	21.451292	-0.472113	10.981943	-10.081389	22.461078	-8.353822	-22.915144	-6.824153	-12.722005	14.339151	13.360619	-15.149925	22.165620	-4.870896	
3.414265	17.640875	3.409196	-12.171738	-14.584655	10.599049	17.937979	-1.861290	-1.318059	4.622387	3.406412	0.091944	-15.740994	6.324067	-8.376655	-3.538197	4.245259	5.868284	4.725828	6.309277	3.105390	-16.128715	-14.828280	-14.659671	-7.155711	-0.636904	5.967808	3.703785	10.037281	-2.858418	13.974034	16.451592	3.088255	-3.850739	-14.197097	1.587490	5.828827	-14.997390	-0.230874	-11.358267	-15.798760	-10.487095	3.525994	2.693366	7.374595	-10.184294	14.836950	14.493920	-13.994330	-7.195517	
-9.642797	-15.612977	19.702073	2.857964	5.603668	5.748733	14.661216	14.488001	9.369570	21.412849	-19.473677	-21.351960	12.859582	0.317376	-8.468902	5.995742	-10.218154	17.624921	-16.317278	-5.234570	-9.333774	12.108681	-17.354866	19.535665	-4.669582	-12.395439	-16.804922	8.604577	-12.823172	18.633341	-11.671831	11.858016	-15.501165	2.815141	20.867503	-5.258150	-21.060256	-4.412420	-10.798752	14.724404	-2.294686	9.440799	-19.117629	11.480710	17.279169	17.402104	-10.247445	-5.071781	-4.415393	19.817663	
-22.393938	-7.263283	10.857283	13.646249	-1.249760	11.623760	20.011786	14.918044	6.264490	15.433474	-6.724866	-5.215985	23.336880	16.945504	13.820144	-7.402571	11.653347	1.233254	19.020566	13.625491	16.076575	-12.936971	-8.999630	14.476583	-8.820812	4.401590	17.743301	-3.909953	-9.070529	15.960058	-15.721204	13.817456	1.967237	21.885252	16.545097	-13.550960	-13.628594	-14.450496	-0.263960	-9.990877	-23.517773	-13.275174	-7.686396	-20.859397	-12.747554	-0.759103	21.891971	21.534672	19.619017	12.981722	
-10.894866	-9.710028	-14.925623	-9.667919	-8.457038	-11.400221	-5.203608	-7.393186	-12.276049	3.405237	8.696381	14.156833	-5.293532	-5.677950	-1.306285	20.558101	5.432917	6.397258	4.780101	16.347284	20.189398	19.907354	21.126961	-3.188852	3.247062	15.763414	12.997628	-1.074642	19.411429	-2.233505	-1.600404	-21.868731	-18.103185	-10.679314	5.982268	-15.754599	18.336639	18.064128	21.541053	17.612387	-12.581423	4.981881	-0.336604	-15.413507	-10.232940	-4.739355	-12.273735	-4.244956	-9.020184	11.964680	
23.725363	16.431418	6.840093	1.400417	-22.038591	23.824629	1.332748	10.953208	-21.289444	24.612129	15.605245	19.977848	19.926827	-20.455575	-15.062885	5.634355	14.067155	10.593968	-3.489676	20.303250	-21.683486	-24.812843	20.989636	2.041412	-5.751034	-3.929770	18.485395	-5.244202	-19.335041	13.279738	-4.441031	-11.425199	-18.401908	-11.542185	-3.970343	15.794797	6.238336	-3.824150	14.276895	21.926801	13.083786	-0.545060	-8.079970	16.352776	-22.732931	-18.412497	-0.158509	21.102834	14.603219	19.598316	
-14.877988	8.170953	-18.513776	12.622780	10.256877	-5.178970	-23.310437	-24.301985	-25.458039	-22.935919	17.680564	22.035976	7.264631	23.897512	3.697780	-25.557913	-23.650720	-8.682305	1.315548	-10.234215	18.969550	24.180730	-17.007199	8.283277	3.662702	24.520782	-5.312481	-10.186952	-13.119911	10.743035	-12.426823	14.641127	-5.513341	18.266037	3.280281	-17.326065	-4.579038	11.290189	-14.157665	-24.696352	6.363395	-9.896893	16.070915	25.334618	-6.436528	0.312882	2.878175	-3.303056	-15.916716	-13.889928	
7.100364	7.674463	14.508499	-17.380755	15.295296	3.498902	11.803889	8.426624	-16.158524	-10.014936	6.558842	15.060560	-5.065085	-12.315454	12.176936	-15.741024	11.169812	-9.729200	-0.288310	-10.231926	-5.059242	5.313216	-8.594162	-10.056483	-10.002500	-4.277549	-16.233771	-10.588545	8.185840	3.544076	15.022643	-12.882004	-16.726899	14.779965	-2.689911	-13.287708	6.520378	9.969996	-4.187919	-16.647513	-12.523169	13.667194	5.757739	-4.789738	-13.252346	-15.905719	8.224011	16.369892	10.098039	-12.755441	
17.522269	4.010394	12.898349	21.851018	-19.695079	5.889494	15.303372	1.286674	-22.083702	7.997161	9.474709	-16.136164	17.919945	-23.394556	-10.085697	-1.292697	23.126915	6.390893	-2.894202	-23.251964	-11.612299	5.790148	-24.276685	7.657002	-4.296533	-23.722359	-14.691099	18.743218	7.622347	-14.862109	-0.539428	7.570242	10.850038	11.192643	13.884219	-12.927133	-21.786072	14.306847	-9.355230	-10.175990	20.771773	2.582468	-21.487794	-21.317602	24.462243	-24.456653	17.099589	8.821629	16.085560	23.298870	
20.973317	0.909010	-13.851312	14.841615	2.711759	-9.189475	4.613999	-6.933926	-12.504860	7.550737	-16.425335	-10.084591	-21.044085	-18.537554	12.574685	-17.085175	8.805390	3.307126	-25.308381	-0.649278	6.127182	-13.419831	0.780338	-16.101932	-20.828046	-5.655124	-26.001723	-6.497708	26.475108	26.674685	-19.958843	-15.817138	-1.531543	3.972058	-14.455415	26.246478	12.283543	-25.148576	9.020565	20.855455	24.325029	6.907945	-20.359860	-3.348167	-21.085529	14.219814	7.595857	11.092400	-12.053381	2.956722	
2.602097	8.823823	21.517402	-21.557323	-8.965244	2.667445	4.604542	20.231507	-22.534231	24.267795	-0.153273	-4.316442	-9.930729	14.068699	-26.863455	-13.046595	-13.414364	-21.057887	6.052280	23.344625	1.907756	-24.380626	-26.621909	11.494659	-5.061582	8.014017	26.172728	21.107035	21.187057	-25.583585	6.217840	6.857423	20.525397	18.565404	-24.921233	25.581676	-14.543494	-17.527253	24.900879	4.555868	5.707084	-20.958988	26.026695	-9.520204	22.165648	-9.130471	4.925512	-15.373344	25.277048	-3.709413	
-18.096823	15.596006	-7.389929	-18.964928	-7.844343	-7.459779	14.340709	15.716096	-6.017278	-3.283516	-8.177938	-2.027879	9.711789	-20.583282	-10.020110	-17.286673	-17.375580	-1.873198	-10.279437	10.035422	19.142975	5.361847	8.320838	16.203949	-17.149686	-20.151546	6.968307	0.317178	-16.617081	-19.345366	-5.016337	-10.374762	19.834163	1.990058	-8.874101	-1.738526	16.814870	4.829384	13.934690	-17.347689	3.712415	7.304041	8.214301	-17.088490	-20.510553	4.590715	-11.110358	-16.189650	-1.778855	3.949858	
-0.971983	12.656218	-7.560280	-21.518096	4.216510	2.524750	18.650078	9.016620	19.440468	21.880356	6.926150	10.099811	-5.058235	14.974346	6.844943	-20.016470	-13.314783	-9.749685	-8.958528	8.795716	-13.043558	-9.783715	-9.417753	-9.066416	-12.329305	1.689752	5.958716	-15.218577	12.180199	2.140146	-15.891503	14.764791	2.772765	-6.070460	-3.115786	3.585072	-11.410796	21.828749	15.332395	-5.675349	-16.606142	-3.376565	-0.242257	-4.216602	20.668704	-1.245079	2.159975	-4.915861	9.853529	4.377873	
-25.694187	0.078083	11.354238	20.574500	24.960429	-3.506927	8.729442	-9.339432	15.431402	19.019840	21.522256	-1.286917	-3.306651	14.034991	-19.141115	0.758243	-15.771592	20.673964	-26.199808	-3.063543	-20.557372	6.331618	24.440802	-4.311091	-5.149959	-10.188719	-21.257582	-4.823751	-28.217644	-12.283005	14.220535	-17.187828	11.296460	-5.077656	-23.229103	-18.963379	11.220691	10.105240	7.065494	-26.566087	-28.603259	-17.120546	3.327572	5.083252	22.015344	-17.613447	18.159593	-17.609943	3.974226	-26.835274	
14.902221	22.939832	11.536793	-6.304720	11.337541	-12.088003	24.773056	-21.533832	24.783962	9.030704	8.183216	16.255276	4.323612	-10.245120	-3.844228	-11.732691	15.375155	-14.866296	-10.305920	23.916258	9.017278	-21.949013	16.131563	-14.996558	-20.645337	-16.427171	-15.455881	-11.294120	-18.047086	-7.391853	3.704011	14.378065	22.897826	-16.472046	-23.875406	13.147612	-12.433349	-14.249191	23.179376	12.487383	-4.643903	22.009541	0.330381	7.471350	-14.545362	2.068377	-15.349556	13.946967	-3.127867	21.840903	
-16.330227	-0.931656	-21.174092	22.984763	9.844160	18.185890	-3.628285	18.803770	7.688037	-22.409720	-13.522937	-12.075992	-10.697517	22.059538	-5.739468	-12.671408	-9.474505	14.073313	0.502994	-15.135528	21.377081	17.773700	6.723604	-17.838920	-12.300443	6.459433	5.876963	11.924447	16.098081	18.270333	-21.148410	5.314478	2.851058	1.910379	-19.638438	13.927350	-3.785599	-13.553302	8.479677	-4.605680	-16.870478	-10.348137	-21.010800	-21.579289	23.407704	20.508082	-9.637030	-2.269774	-2.278012	4.643515	
-28.399667	-11.661219	2.202691	19.151904	-22.293635	-14.096124	-2.650786	29.615907	-23.742175	-16.298982	-13.229090	11.703537	-1.051646	-10.439956	21.439892	24.331062	-9.652794	15.749176	7.952909	-14.182485	2.147767	18.867762	2.859034	14.165951	-17.297436	3.620316	-15.540326	-19.667133	-0.966858	27.014505	-29.101822	15.442885	8.829186	-15.227267	-12.788644	6.209233	-9.892952	0.130379	7.318987	-13.899868	29.755657	13.521330	0.403823	-29.472452	9.967147	-12.922635	-22.949323	-15.305922	-18.464618	-19.770166	
-11.006120	-25.925467	-1.720430	26.468013	23.808527	-25.000978	1.137653	31.375951	18.626461	26.588416	-5.077400	21.558838	4.490399	-16.110543	-21.361855	-19.806811	12.535378	-31.335968	23.013865	-11.916831	27.547738	-4.104408	-27.915292	22.619345	2.971662	-12.207885	-17.427607	-20.650529	-24.450392	10.052719	3.126900	12.640033	-0.565847	-0.759905	-16.600097	31.442334	-27.396308	-9.150411	-1.520671	-4.396078	26.872458	-4.302500	16.615964	24.115269	-10.510593	31.789243	30.535889	20.044564	-12.018630	-6.780829	
23.724595	15.374955	-14.278282	10.583452	17.578967	11.927048	21.526340	6.890834	16.010286	-8.054251	-6.291805	-13.533078	0.866571	4.672660	-24.885589	23.349724	0.257761	-16.069655	-28.338421	9.277335	-2.761774	-19.366539	-14.191882	-13.048435	-7.421395	-28.472507	26.853835	11.170544	16.668577	16.169028	27.067355	5.382978	-19.732635	-17.498106	-15.408391	-3.644069	-12.315921	5.932516	-20.719154	25.389195	-1.091292	28.022076	11.824361	11.580152	29.751899	-1.078671	8.267022	11.449554	24.186246	25.815800	
-11.646215	13.154926	-16.228461	2.350730	21.329191	-1.341619	4.579101	10.366260	-3.290175	7.343685	-19.154737	22.434724	13.236304	-27.689631	10.468572	17.753333	19.427412	5.270257	-21.731982	2.200038	-22.730578	-20.075740	-25.628303	20.793788	7.872239	18.811403	15.540689	26.396704	-26.796327	28.779418	3.233522	14.075697	27.719139	-7.494278	26.006846	-28.045401	-26.102521	16.420163	26.018668	23.180736	-7.876878	-10.360741	10.584335	28.595882	-16.889998	-22.203933	5.616166	28.978357	3.345836	-10.481176	
21.554522	-6.342317	-9.502622	-16.223220	-8.799222	19.007470	6.909322	21.609656	-0.519009	12.488087	23.885686	-7.775055	5.861384	1.166590	16.503703	6.020539	9.414740	-17.843686	-20.235925	24.817780	-13.249683	24.842287	-23.979078	-17.131535	11.382930	-21.328077	20.662605	-25.500392	5.355901	20.955607	-13.511090	15.878121	1.707141	-3.208397	-4.754964	-13.738800	6.665278	-10.277563	-7.559820	-7.416552	-23.032827	-12.370221	-24.615614	-22.680448	-22.814409	-17.928573	-2.598835	9.856741	-13.320878	8.208698	
22.016550	22.814117	-0.780740	21.710583	4.789999	-15.138588	3.611314	-21.179449	19.048397	-21.856270	4.376427	0.060036	26.198775	10.915733	22.378192	5.417252	10.538605	7.821465	22.408496	-4.480847	7.294844	-5.301531	-14.047464	-14.729846	7.463705	12.514174	14.867185	-19.428837	-13.080125	-7.330881	1.066229	-15.201106	-1.923498	10.108853	20.467930	1.517442	7.767230	9.086562	-20.955692	-23.843758	20.841668	26.140191	8.545899	6.556896	9.286488	-25.391890	-6.463792	23.329347	-4.797209	23.633945	
-8.307917	-10.450281	-15.969949	-9.506498	-12.927000	24.667612	22.404052	26.187418	6.427366	24.862932	5.066749	6.371587	-23.387777	-22.596267	-19.131448	21.347330	6.063245	-8.053973	-20.732568	20.573811	15.826711	15.186347	7.982014	-0.576167	11.361735	-1.169514	9.480930	17.160578	-2.873900	-25.604650	-18.645188	-7.905628	2.221773	-18.672785	16.838840	3.217823	-20.745191	-14.332262	-21.975372	17.424919	26.799061	-19.796241	-11.966890	12.207156	4.444092	12.805360	-25.083203	-17.319590	6.698331	-26.461139	
18.597862	-3.402232	20.584400	-25.807100	20.577385	23.156953	5.995110	-20.866483	10.365347	27.349429	-26.842878	-13.581424	14.888617	0.453230	-27.132513	11.254457	-3.338931	-25.990371	10.749651	-14.037342	-0.693044	-18.146815	-15.980618	-24.302701	25.450904	18.496953	-26.264549	-14.694674	-0.834691	-28.223496	4.096045	-14.978496	15.302892	-13.359385	-9.634220	12.551016	-26.831819	-6.974121	-22.054972	24.986198	27.517858	-15.678596	-6.926350	18.725516	8.354670	22.668222	-0.148854	6.117199	3.301078	20.297535	
10.416908	-23.221518	-14.272948	-20.861705	10.428154	0.321483	7.651943	-5.235091	-12.915287	-23.170739	-7.517170	18.274479	-14.673540	2.012515	15.573093	-18.971456	13.034167	13.194790	-20.645374	5.589461	-4.299695	-18.795335	-2.267582	-21.251918	14.309165	8.024642	25.283159	18.597599	13.319659	-14.125188	-12.611061	-14.654010	-16.823986	-19.545261	-24.165592	23.187391	18.566003	18.247598	9.052885	-19.616755	14.344934	18.997942	-13.025059	2.082167	-6.801814	-1.162717	20.265735	-13.840078	-8.270041	-6.635058	
-4.162328	-14.923506	-20.241937	-3.061258	-12.636473	-18.283258	-3.417932	18.219656	-7.804836	0.381621	-3.137633	0.676081	2.273379	9.544253	-1.405258	-6.339722	-18.388572	17.110979	-12.302670	-25.402633	-18.709882	23.149374	-5.382996	-9.216108	-20.068933	2.147178	4.600541	-3.636647	-23.822735	5.042967	20.608290	-11.043895	-3.976988	15.971747	21.781149	5.495497	-18.323144	-1.994153	-15.765769	-1.335557	22.071464	-13.408270	-7.742558	-3.764462	-14.465948	10.398120	25.674072	-23.745477	17.808326	-25.841103	
21.536619	19.270802	-1.671097	25.604603	-9.317305	11.591221	25.111418	-23.688858	15.692199	17.949260	1.645251	4.275797	2.617197	26.055156	-6.462757	20.481670	10.067629	22.983075	-0.848754	-24.340414	-21.094452	-14.268540	24.292133	-20.067597	2.054008	20.145485	-22.955550	11.272752	-8.757463	-10.712027	22.804137	-17.712258	18.691021	-12.827320	-8.069394	-12.670608	-19.369536	-8.927924	-25.386319	-18.007646	-7.552035	22.693565	23.028108	-20.285441	-15.431521	-7.493565	7.677860	-16.749298	15.980631	0.439309	
-5.552051	3.102545	-14.782478	-18.163755	10.033899	0.896174	-22.905698	-15.059726	-2.937402	-19.841856	4.570383	-15.597573	10.820896	5.714119	2.111211	-1.083030	19.499409	15.936353	21.500305	-21.743515	-22.719205	6.814938	10.546783	-5.560319	7.692747	-0.789161	-16.823373	-13.515727	16.092157	-15.190897	-19.222372	-5.578958	19.637070	1.279095	-7.212121	-15.717858	-12.892609	-0.848034	13.169979	-2.792823	-4.167585	14.289674	-14.998998	5.449890	18.504533	6.017984	11.283535	-20.187137	11.428411	-1.832638	
-26.134734	-22.481894	-5.189225	-14.318890	7.347342	2.208699	20.217405	-2.114419	21.974142	-12.465177	20.841719	-16.531725	-0.036247	-12.973362	18.100417	4.110066	-6.475827	22.855423	10.178691	-14.417523	4.587616	12.531654	27.952801	-6.994679	-26.363749	-8.459955	-8.620997	-24.599746	-2.794463	11.503302	2.351637	-10.180465	-3.235116	-22.923879	17.865710	21.144155	-5.736185	15.405938	13.202478	-0.359159	21.780778	23.815947	5.106642	15.332308	5.301028	-26.612731	-26.083244	-8.249162	-6.479877	12.530456	
-22.630320	-18.565686	2.749686	6.254578	22.653918	-24.361833	7.625600	-20.414411	-2.037058	-7.128300	-2.939685	-14.387163	-1.157507	-8.112740	-25.622875	9.403452	-10.909592	-5.342383	20.624071	0.435039	-17.562733	-1.285491	-4.875343	18.244467	2.224619	-19.580909	-11.729174	-11.542578	-7.002128	1.731805	-1.872569	19.087455	0.687062	19.094111	-25.332431	-6.738368	17.584829	-14.146040	-6.583589	-22.775252	6.361056	-10.469724	0.025920	-12.256500	-18.505501	10.667162	11.454881	-16.757054	-10.266376	25.822172	
17.045117	-15.446228	4.549616	-24.929629	7.104869	-4.739999	-15.466132	23.889156	2.211333	20.713105	-24.059048	-16.272818	-13.734133	-3.773499	-1.464840	22.664444	-13.732065	-7.609075	-10.782674	16.339031	-13.999066	-1.060361	-13.084231	18.166183	12.192688	-12.792158	23.466484	-18.125916	8.725596	16.567751	-21.175171	22.126171	-7.126012	9.123430	-4.388824	23.856580	-11.600989	-16.751280	18.740687	-6.541561	-0.635494	21.925495	6.238024	-3.522505	14.326906	20.210085	-3.432647	0.138191	1.461163	19.415059	
13.901154	-20.394884	1.108638	-0.408733	-3.190264	-0.814488	-18.532760	-7.641060	-8.800397	-16.805595	-8.242330	-6.937973	12.490421	-6.299147	-15.281275	11.882827	9.937266	-4.875119	9.617714	-19.810994	14.163412	-0.241755	-2.274487	-16.915228	-19.580966	-18.617682	16.926231	-18.103501	-19.086348	-20.290120	-20.764849	2.828274	17.791918	-6.430382	-18.503732	10.669780	-4.944282	11.732788	-5.745570	-17.710597	-0.225953	-5.909559	0.299714	14.127790	7.386818	16.380632	20.688046	7.698683	13.820516	10.365289	
-24.046364	-24.379160	8.674193	16.053869	16.423655	5.534625	15.324959	-17.381052	-17.422499	25.895033	-8.814591	11.554254	11.460439	-21.574639	-16.126499	-20.136832	-22.002550	-7.931166	0.690266	-21.178795	-5.648578	20.182250	25.616531	17.090509	0.889750	-13.334599	-3.843896	-12.354895	8.688627	7.228378	-4.600955	-6.029407	-2.617792	15.375390	-18.719531	19.704169	25.979519	17.921094	19.396945	11.255677	18.257203	8.562698	22.812866	-22.645375	8.269653	-11.360472	7.669785	24.398198	12.836159	11.287660	
-9.746822	-2.919567	-16.152543	-19.719922	24.355198	20.106401	-1.620756	-2.163697	21.484232	1.456998	-20.647831	29.051808	-9.812929	-5.782753	-5.357220	-16.966657	-8.872814	8.222358	22.167461	-21.674483	-27.045444	18.815538	-22.992683	-15.444183	8.661190	10.552482	-13.552949	-22.803848	-25.659655	15.672510	25.948877	10.755380	6.581673	5.137238	-24.580151	28.707932	-18.385715	26.132546	-3.843287	-2.952898	24.256026	-9.861061	-27.473908	-15.141004	-5.261217	21.380395	10.080339	-0.970410	19.237063	18.022160	
-19.131595	7.159367	23.402010	18.614366	-6.110463	-18.441036	0.268628	16.253066	14.482661	5.599961	-16.428182	22.302252	-2.732706	-0.118209	-14.285289	-15.788021	-9.488113	-21.066983	-20.857417	11.462840	2.045295	8.715634	22.459039	16.064269	-13.911638	8.074550	1.189803	-15.599473	19.674207	7.080267	20.967236	12.025708	-8.681078	-13.683543	15.228128	-12.074290	-4.758786	-12.222570	8.374673	-17.718091	3.807367	-1.591815	-11.562044	20.161981	17.476178	11.803843	22.704376	-14.292482	8.801960	22.360617	
2.404125	-6.607244	17.410992	-9.185630	11.442724	-18.466755	17.425647	-20.634723	-1.767318	-12.386953	-9.670898	-5.056240	0.794815	-1.400689	2.635192	-2.618116	18.102714	-8.955610	11.373769	22.205022	8.380773	10.502941	21.766372	-9.992709	1.675308	-12.518840	3.593746	-1.969495	-21.271760	-15.545526	5.940400	12.525564	-2.472781	23.775701	-10.610561	-5.710569	-14.477539	15.546353	-10.355216	22.691911	0.273470	3.351403	-4.897245	-18.980260	-17.401197	-9.757624	-18.775235	0.810344	-14.932682	-17.292813	
23.695340	11.746494	-22.036797	-6.697808	-18.560299	-19.921736	-23.947328	13.849432	24.211310	17.393497	5.388366	-13.371917	20.233494	-0.897526	-18.484695	22.757018	9.037433	24.989780	-16.874188	4.104946	0.474113	-6.480961	-15.796629	12.251520	-23.085977	21.033213	-13.529140	-15.220378	-13.365438	23.673010	14.826128	-2.292634	-23.679710	24.990644	11.303567	3.398951	-14.420759	-21.283895	-22.967479	-22.332760	-17.025029	-24.437895	-13.279457	2.010296	4.878797	21.161947	-0.195611	19.701332	-17.238139	-8.868283	
-22.330261	14.581165	0.776641	-23.226108	4.698324	-12.619802	-15.739381	-8.599067	3.007424	-14.046045	-21.799931	-12.777200	-8.866144	8.919922	-14.998282	0.769092	-6.792789	-3.626507	-11.502338	-2.981473	-4.413986	-14.868624	3.334286	-16.371931	1.032983	19.930525	6.814428	8.250120	-14.159317	12.607775	-16.042783	20.267512	14.096569	-1.097595	12.715965	21.428867	8.196198	7.660786	-13.200699	-7.537128	22.879528	0.175107	23.568425	11.420845	21.412038	-20.026368	20.190367	-5.724530	-20.706982	13.211096	
19.467795	-5.665208	-7.002445	13.478223	-10.726181	-13.124420	-2.949348	10.123288	-23.962664	9.068106	-6.595301	15.836938	-17.565685	14.284206	21.503394	21.120404	20.861629	6.625262	-16.891605	-9.607417	10.333201	-6.372104	3.210547	-16.575951	20.184702	-14.608967	-13.119601	-19.320599	-16.982733	-10.528653	18.777387	18.368816	22.174444	11.267903	1.615641	-3.434822	5.793722	6.004602	-20.621086	18.029657	8.366764	7.495316	-13.849058	-10.045377	16.161428	-23.638596	11.834581	-0.189584	-19.917792	-2.493383	
-13.615193	5.678572	11.725372	14.601085	-8.895275	13.056527	-26.949059	24.901575	24.695734	3.776561	-13.336379	25.208426	-8.351380	-19.727491	10.682816	7.807107	-19.087817	-19.242101	6.006539	-7.558485	-8.902266	10.567738	-20.108285	23.016570	-17.421447	8.983195	23.005772	-24.815211	-13.681131	4.681122	-6.648138	10.960040	17.009090	-26.488783	-2.664981	21.336846	-18.523505	13.909379	9.845746	-2.382979	-16.853448	18.072044	-14.471094	9.750561	24.623877	14.014718	-2.391225	0.339223	-22.306837	-24.088637	
19.448166	-22.570972	17.125384	13.735009	18.740751	-5.310935	14.134041	-23.377509	-8.573953	-15.607373	10.019615	-9.512011	-19.457886	15.544573	12.987604	-13.481011	10.805146	24.585647	-1.675021	18.312460	-5.170902	-0.924544	-24.975279	-23.378965	-4.470374	-18.910255	-12.636898	22.799348	-13.176683	-9.326567	5.829611	15.861106	-10.946416	20.849530	-19.439569	22.878835	22.288403	-6.673516	8.178558	-12.741157	-21.382165	0.439858	-14.290440	-13.876799	-15.768095	18.106991	-14.623558	3.686714	-13.583254	22.203760	
0.037501	18.506516	14.677305	-10.894760	21.198761	27.958897	7.610272	0.762373	-21.535194	-9.024249	2.004657	-6.475550	-17.257903	-18.441181	27.856178	24.188074	-27.969216	24.899276	24.115767	-25.804882	-22.861301	16.185403	-18.590145	9.598696	18.051513	-5.434260	21.474106	-9.813643	23.337646	0.459811	-19.708486	19.851253	-2.499612	-23.124189	6.901169	26.132445	1.186752	-15.424738	16.492046	-24.075549	27.262209	-16.087291	7.018535	12.399130	-3.095526	7.574017	9.975162	-26.421337	-23.629530	-21.812388	
-0.818375	4.876164	-14.516258	-19.273297	6.553234	10.251132	-19.890007	7.055285	5.014999	-0.321562	-6.018432	-15.210806	16.569448	-6.683409	-11.636933	19.218986	-11.700596	-18.237922	-8.237355	-1.211706	12.342749	-12.420192	0.826095	-2.207647	-4.085413	15.680003	12.056900	-14.520830	-14.554615	13.714771	-11.897505	-14.512318	-6.326843	0.063507	-13.251015	1.860578	-1.448617	-14.171091	10.384305	-18.935111	-12.150374	-14.724851	-14.575462	-7.174777	-3.539574	4.017961	-8.016431	16.268348	-2.166599	10.403247	
-0.923935	4.199225	-12.252409	13.506729	23.991028	-7.652469	3.047999	-29.654299	-18.093528	-14.603476	-20.524760	-17.528431	-1.272777	-17.204606	-26.445025	14.319868	-3.447680	23.751497	18.631172	-8.843807	-18.369372	9.147172	-6.619928	28.138915	-17.361472	27.613661	-21.994029	11.599853	-7.827930	26.991187	-2.295584	18.683924	-8.735229	26.465631	-3.899718	-23.744690	-8.386345	-13.409511	-10.425489	-16.896189	28.922820	23.725695	-12.965907	-21.161410	1.374717	-13.838899	-20.219198	7.610974	-18.816559	-8.923763	
7.665234	-3.394371	5.710060	5.981040	-0.426054	10.843117	11.943680	-20.797103	-8.592247	-5.928052	15.180693	12.262158	-17.404490	5.997205	-20.105475	-8.792293	-17.658142	-21.766920	-8.745510	-16.327754	14.081546	-11.040317	-6.988293	-6.349009	7.162057	17.839396	-12.271435	-12.939470	-12.327717	-8.804891	10.185657	6.922166	-1.330533	2.027801	12.138983	-1.482133	-2.523655	-1.231029	-14.663970	17.959191	-17.835905	-12.541912	-11.488495	-8.689541	-9.338779	8.053931	-6.282621	16.936692	-14.224792	8.055476	
4.669724	-0.540385	12.267111	-5.250552	14.814199	-6.681882	19.854347	-20.220944	-10.851415	-8.055105	-17.660335	17.996971	-21.305463	-2.021804	-17.853446	-7.329778	14.068121	2.179338	12.715917	-7.597691	14.905236	20.616705	16.020222	-6.910332	-18.918879	-4.412021	-16.276198	4.567034	-12.354947	7.996192	-20.231199	11.864525	21.349932	-17.860408	-10.396571	9.953934	8.037619	6.965393	-9.266440	14.646708	-5.572149	18.081645	-8.933539	0.420036	19.978191	20.088230	-1.750348	-10.139753	-15.867723	-6.572848	
-2.459076	2.476496	-20.228920	-8.774714	-12.762213	-21.860810	-10.295747	4.284117	-4.948122	-20.763007	-1.459134	19.142065	-9.610224	6.700019	1.990672	-14.901312	-10.052087	-1.396225	-6.270408	6.862123	4.087322	14.542578	0.069837	8.186070	-14.157459	19.714678	2.892326	2.680565	-15.905159	9.295340	-8.451274	-16.708162	-17.185850	4.387442	-16.005937	-12.163152	21.890813	-1.981852	-16.777367	15.958915	20.018879	9.361725	19.993748	0.844450	-9.421891	11.018058	3.204579	-4.028794	18.478332	-16.754735	
-0.256709	-8.091508	16.383126	1.097017	-8.595193	8.191049	17.368649	-2.169176	-20.132175	21.178725	9.164303	6.605980	3.726636	-1.944456	-16.022186	1.861642	-21.983532	18.914871	17.620786	-1.187950	-4.256197	-15.810081	-6.354715	-13.857623	-0.410717	-14.813659	-13.973583	6.749702	-8.210055	-6.412015	-7.308565	-11.892835	-19.213128	-19.956345	-17.001409	3.831936	21.220674	14.998666	17.118353	-2.075683	-16.386231	6.036056	-15.333650	-0.801789	-19.936564	-4.550402	4.138595	10.451886	6.021951	16.542905	
-23.070848	-15.212756	15.303050	-9.818446	17.584872	20.704762	5.358042	2.259868	-15.089905	15.806662	-20.903266	5.701117	-17.491631	-2.868484	9.382878	-20.349103	-3.475211	0.652066	21.079246	-9.448435	-13.990570	-4.667608	-2.393580	-9.658519	-23.799975	-17.481627	-2.238321	12.686101	-4.880525	7.419204	-11.117688	-20.771821	19.356600	-19.124851	-22.684403	18.984887	19.085939	13.575108	-14.099320	4.091947	3.625538	18.980910	14.666458	11.477254	-0.005787	15.627422	-3.174231	-19.019343	-20.136034	21.443384	
-13.547704	9.692445	15.701303	-8.092344	-5.703066	-9.070045	-0.221534	-2.823656	13.471785	-1.142197	-7.304314	11.099442	-12.581847	-3.499458	-0.331470	-6.540802	15.477304	9.130211	-6.805435	14.870843	10.472027	-15.455224	7.396358	-1.393329	2.161880	-7.581026	2.522564	6.643548	-3.094467	-5.705631	11.790837	12.721204	-15.933236	11.005354	-7.198753	-5.316271	-3.634583	-7.745966	1.812389	4.764126	-1.196458	2.277568	-9.495857	-1.883890	9.390821	15.369163	7.159048	14.485076	6.608727	12.181437	
15.985032	-3.511617	-10.723858	-18.106419	6.569587	-26.453329	-17.596478	-22.783152	1.339681	27.475774	-5.830071	0.946758	17.079153	23.475486	-9.225506	-23.782241	25.639877	-6.043603	-8.752923	-9.461498	23.339875	-4.050850	7.837575	-12.107040	-13.437317	10.130814	-2.323476	20.897117	-26.260368	6.092115	-19.892324	24.739626	-26.130669	-7.222039	6.160477	22.032905	-25.156366	-8.406732	8.391324	6.142358	-20.527471	2.447624	-23.205155	-6.542760	11.580078	-3.984940	1.229480	-1.582321	26.565220	16.998818	
3.798613	14.177840	9.867683	-8.464862	-13.825891	9.559468	23.482643	22.202799	-19.817638	-10.445714	13.929086	-1.381015	1.193200	-7.074852	-1.418694	-18.912271	-22.865299	0.650236	9.445749	15.273220	-4.528226	13.674189	-0.211049	11.663416	3.910706	21.226962	-19.073228	13.060616	17.109618	-10.586141	21.123112	-20.264978	-5.790841	20.591249	9.636366	-4.934585	7.512187	-5.745405	-4.372652	-13.125408	11.624648	-24.500478	-17.139831	-7.868101	-22.027483	17.918554	-12.848057	-2.553347	-14.532399	-15.034560	
13.998744	-11.896113	30.577202	-26.735851	24.043668	16.721792	1.850492	-18.012047	5.156656	-15.013511	18.516391	12.699140	-24.231484	1.004801	-9.032972	-9.034298	-12.463763	3.490627	5.132846	-6.933914	14.061069	-5.619367	-20.291489	-1.921580	3.650045	9.535160	5.764212	-24.586831	-25.071459	6.012947	-5.035255	1.263271	-9.368482	-1.280374	17.697015	-28.894131	-7.249641	-24.166407	-3.950026	21.417557	1.441782	-7.809518	-22.953678	-28.394930	27.015180	-1.414113	-9.055971	-9.682394	12.417509	26.281998	
18.497394	-25.491969	2.788740	23.743069	-1.751325	12.089676	-2.775360	26.982777	-6.050088	-11.575959	5.828077	18.064987	22.634025	-28.894008	-28.062655	-16.423595	24.774269	1.818264	1.726725	-7.782339	14.506070	1.224367	-14.503872	23.591794	23.876539	-17.054363	-12.287585	-1.027119	28.460253	19.189180	-10.870670	4.520479	-26.354931	28.255769	-15.681944	25.351350	-6.090225	-8.999859	-15.024810	-16.408852	1.466101	21.692889	27.625691	16.948580	-19.414493	21.113102	28.489577	26.666982	-22.627542	-18.484278	
20.296505	-7.439207	11.938720	15.841222	20.575557	-11.257333	20.932950	-17.033501	-0.875313	-10.539560	-2.103047	-21.922974	-4.036237	-3.773242	3.386682	-3.486104	-11.184821	15.767264	-1.400688	19.692029	0.326610	8.444527	6.247879	21.282590	12.591765	3.171843	10.195519	12.238597	9.333938	-17.006324	19.794197	15.643916	20.617390	15.301823	11.064230	15.796373	-17.389323	-3.182043	-8.907224	-4.367323	2.993264	-6.603674	-5.181121	-1.025990	-7.450426	-14.856252	17.637888	-10.181106	16.494349	-15.227517	
12.625907	25.666380	-18.471543	-14.706012	19.144581	-7.774721	-15.972174	-18.590832	-7.973520	12.654579	-19.529023	15.945158	-1.289153	2.450151	21.528718	-6.505119	-2.246049	-9.629834	-8.232445	23.494255	-21.521630	15.372086	24.565813	1.837563	25.150595	25.625270	20.504361	10.295214	21.243244	-1.144198	-19.314750	-10.467981	-25.682593	-19.148593	-12.740420	16.462621	13.960060	15.263044	4.338727	20.754811	-1.192260	-4.325104	-0.024250	25.837074	-11.145455	-13.813800	-18.598377	10.742460	17.305670	-0.579419	
-17.588261	2.579946	9.659285	-27.182878	-10.982545	-6.514220	-4.273788	-19.636681	-23.897215	14.029582	-14.276425	17.785951	15.890800	12.688129	23.948253	-23.864319	-13.077855	9.686450	-6.861335	-6.240256	20.816514	-27.508952	6.796503	7.916954	-14.080394	5.904677	-6.062862	26.739552	-0.273552	28.760086	12.833506	-3.996308	0.044307	22.524865	3.089039	6.934211	0.454585	23.385191	12.810270	-1.706337	-11.838121	-11.158410	-17.279093	16.793446	16.527117	26.924424	22.271602	-5.809774	20.365235	-1.622057	
-10.190283	11.342533	-12.491303	23.806355	21.516236	-15.508392	8.505037	12.496487	7.603381	6.059649	-20.374418	-21.438240	8.899792	-13.079478	-15.621033	-16.220819	-20.948129	0.872318	-0.155469	6.713402	-0.026062	6.319739	-25.061383	11.878490	-16.987417	24.040135	16.254236	-17.155725	24.209342	-21.649842	4.165909	26.334060	4.173184	-15.157165	6.341492	-11.185802	26.925633	-8.433603	-24.971973	0.372763	5.391677	15.718273	6.214256	-7.371623	-7.381092	12.971774	-17.836221	2.705554	11.245576	24.288484	
9.417052	13.986433	25.430318	28.866522	-17.800703	9.250106	0.272074	-28.467093	-27.494746	-17.333403	-21.172558	3.546245	8.904675	24.469069	-26.170084	-2.505865	15.544780	-15.165269	4.790620	22.885964	6.059033	-16.858995	-20.117218	13.505734	6.209541	-15.762160	29.248371	-13.191398	4.855949	23.293711	23.501938	-20.206333	19.711766	13.515435	-23.209273	-1.834958	-12.706156	-19.462876	-18.504424	15.629193	-11.669982	-24.146695	26.582003	-12.043609	-29.254944	20.459512	-23.886869	-14.438205	1.018146	-29.450408	
-3.419595	-21.888446	14.359452	14.873712	-20.563084	-15.137871	16.353626	14.409618	20.193577	-12.472875	-5.146294	-13.303710	-21.025235	10.281319	-21.280723	3.164763	-0.055450	-20.769793	18.678237	-20.195309	4.675409	6.515963	-11.027910	-21.843916	-16.419255	-16.674233	19.326120	-6.402773	-4.617225	19.361241	18.464370	-20.881950	-1.103357	6.068465	9.090477	12.776898	-21.571364	-1.156624	-5.620845	17.770227	-2.457487	-20.975137	10.679484	-2.264620	16.222997	-6.442846	12.438141	6.159647	-20.520430	-0.756688	
-8.924233	24.165739	-0.891952	-5.700727	-17.940266	21.153809	-0.148348	-25.991424	-11.357402	20.768486	-23.709854	-8.012871	-7.610675	-10.850310	9.918050	-18.699962	-1.798190	20.520989	8.691948	0.180658	16.977595	12.693073	-25.491700	11.974228	13.841291	-20.659598	-24.817757	9.757477	-15.659464	0.140917	-21.178587	-17.276226	2.400329	8.880537	-19.295345	-22.955019	-15.193387	18.657902	-4.229109	2.542653	-4.847362	-7.698268	-23.518726	10.510455	11.389015	-14.866441	17.973034	27.515383	-23.436101	20.558865	
-0.235617	18.996347	-11.053564	-3.162059	0.844666	-4.418004	24.587625	0.505322	22.321436	12.980503	10.502841	-24.877588	22.946889	-2.253417	21.238318	-6.365283	-11.308376	-13.993544	1.687914	26.855834	-11.530695	-1.681534	27.958794	-6.501503	-14.937090	-8.408729	16.714376	-3.562400	19.025234	-2.452127	21.333422	3.209033	-8.624829	-6.959961	-2.209099	-9.995813	9.410852	26.738104	24.116149	22.538181	-8.027716	-24.843781	2.662581	23.649615	-13.129774	-5.022309	-21.667044	-11.857699	-26.145419	18.700315	
20.714125	26.284582	-10.096039	14.121552	2.758738	-18.692157	19.502368	-5.528329	-26.572004	9.502293	-16.102362	18.477903	0.652961	1.278567	-19.829216	2.494110	24.450378	-7.490618	17.153033	-21.558016	19.095236	-18.551927	21.431471	-0.307263	-8.483154	4.739171	-12.863810	12.555589	10.786762	-10.715265	-3.568693	2.937993	4.851309	2.518316	-0.493350	23.023027	23.741939	-0.375554	-21.354695	6.724408	-1.152913	-14.793791	25.754589	10.314854	3.916115	-19.859745	16.571460	10.146497	-15.665170	24.622741	
-15.095805	-1.356429	-1.790832	-13.340237	-2.035151	13.718991	2.771865	-16.857762	-5.649236	-18.381345	0.719743	0.629677	4.938836	-6.030077	4.668231	17.971905	-1.292965	-10.427260	-8.835487	-13.632998	-3.331063	11.179572	14.214127	-8.270230	10.527708	-3.118514	-8.498667	-5.831225	16.647814	-18.767986	10.996333	13.847827	-9.413947	-2.811402	-3.384611	-14.731791	-4.053026	-10.850347	-10.522398	-13.822932	-14.075421	-17.146428	-0.913839	-6.913361	7.639962	-12.107854	0.859333	9.655479	2.984633	12.549095	
14.440960	2.692874	-1.077268	15.826019	-3.382792	-5.845081	-2.975040	16.536228	-11.350458	3.726678	-9.099548	19.454210	-11.243712	17.868906	-10.171667	12.688200	-3.167600	-8.393839	-2.876946	5.913474	14.386329	0.102790	-11.374329	9.104972	11.286955	18.442273	-8.423495	0.556009	-8.500657	14.182896	-19.210131	11.085677	-8.774896	-11.419867	2.422926	-15.497963	1.437950	-10.287887	-16.295965	14.690901	-8.281224	-5.649574	0.774805	6.182668	17.650964	6.463311	18.858308	16.893757	2.494983	13.874235	
13.204579	-7.527452	-14.628803	19.879936	-19.781067	-16.242109	9.192415	21.092685	14.427954	-1.509763	-14.517349	17.410149	4.781168	-10.733487	6.523981	-21.073376	9.690455	17.640803	-21.933281	-7.741875	11.048941	-18.298855	18.625340	4.991267	-19.424879	-2.361259	1.367931	-12.282397	7.319467	20.416021	-10.391341	4.196452	-5.428456	11.394288	5.513564	-16.037548	-8.853559	-6.635826	9.877653	4.400922	20.074917	15.096656	-9.521766	21.129092	16.418776	9.384351	15.266037	-11.530690	20.810375	10.812276	
17.579577	-12.060837	2.371984	-18.131108	9.602501	20.952018	7.881485	4.413577	-14.920123	-10.316746	10.882630	1.093081	-6.755547	6.479032	-5.404458	-9.184240	-12.765006	-9.126636	-13.783964	1.988426	15.605006	-19.443058	-19.896547	1.433240	-5.417752	-20.265203	-15.095983	4.073287	20.743818	6.145516	17.333296	9.586333	-19.785679	13.062817	-3.744476	15.852127	15.336815	18.267964	7.853212	14.873071	2.200914	10.988902	-15.753591	20.845378	-6.285450	7.083626	1.324251	-1.810736	20.310049	-11.122416	
-14.456241	-13.915759	-3.671365	-12.510968	-0.821313	-15.342556	-17.166247	8.015107	-24.626267	-3.527681	-8.655657	7.169206	23.796750	13.900103	15.918382	10.085507	-21.230754	-2.938674	-1.793935	-8.847669	-12.641396	7.010005	-23.864542	-18.204060	-20.137029	5.982567	-7.745876	-21.436620	-17.149982	21.718433	-6.910874	-4.752784	11.545310	-5.213027	21.725308	0.684458	14.632249	-6.459669	15.514606	-3.326548	-20.863109	21.296019	-22.014024	23.665435	7.199976	15.040250	12.139408	-3.624084	-10.392420	3.123457	
-3.651279	10.657203	-3.420676	-0.852096	-22.047669	0.414776	13.211482	-8.276604	-0.505441	6.386294	0.757081	22.806125	-16.496946	-2.587041	13.303835	16.135142	8.545267	-14.854959	4.896007	-21.407173	13.436023	-14.848694	9.769759	3.881695	11.578845	7.622794	4.258076	-10.032417	-13.528840	-9.503581	17.842198	-18.320544	-17.496395	8.908459	-12.914049	4.608610	3.588348	-10.897929	-7.137640	21.137056	16.682074	-17.386955	-5.384920	-16.671930	-18.027737	-19.523396	-13.876513	8.112775	-7.342285	-20.164567	
-15.548912	17.708439	2.840205	4.771280	-15.802071	3.079447	-5.857252	-10.735485	-16.271164	-14.066971	11.456942	17.265721	9.264636	-3.016217	-14.532838	5.040735	-3.584504	-16.590659	4.907936	12.707621	5.735347	9.983047	-10.801540	12.880284	14.737697	-13.021161	-14.363277	8.509692	-5.274660	7.841492	12.657469	-2.436785	2.383108	-3.124985	5.763740	-13.148335	7.558100	9.310009	3.788498	-4.338875	9.057158	0.484800	0.973469	-4.621833	-0.412255	-7.188697	7.144179	5.330487	8.656653	-12.418368	
-23.869512	16.476285	-1.095364	11.366822	-14.708507	-1.977186	-15.953261	2.895084	3.832014	-3.945956	-24.333811	3.491072	7.536100	2.561004	-1.784967	9.086103	13.196645	26.662516	12.912029	-3.312056	6.337856	17.881892	16.796421	15.797445	5.814655	19.767522	4.791002	25.335088	23.698380	19.482520	22.943856	-0.771512	27.231127	-4.516364	9.285966	-17.040798	25.607266	25.293185	21.214385	1.995110	-24.776580	0.025494	-0.585915	-1.121679	10.119624	-26.756793	14.546044	-13.133137	-11.078377	27.141345	
-17.139193	-21.912778	-6.857536	-6.900018	16.919984	-21.316785	14.092040	-10.468685	-3.518824	-21.078956	24.261786	-9.301749	-22.535204	5.553944	-24.463534	21.615045	-4.716489	25.763815	24.685222	3.438815	4.849116	-13.122735	14.345068	-1.163559	-25.203598	-21.680606	-26.960284	12.916174	-22.025623	-0.598332	20.764194	11.093895	-20.172627	-22.919398	-16.524113	9.341927	19.392436	23.869953	-4.951998	-24.842062	1.830545	-16.271641	18.567693	-20.155363	-13.747954	-16.600362	-23.238357	-7.537717	-12.506592	24.228287	
7.465192	21.655102	4.880336	-8.835978	-20.954801	8.168407	-6.462235	7.371839	-4.328727	5.203382	6.077233	-4.196556	-4.039990	12.372359	-12.844821	10.864801	16.447347	11.766655	0.267337	-24.769381	10.279235	-1.708726	1.307820	-23.602798	23.300223	18.096707	-11.333782	-22.380382	-10.364337	10.171814	-19.579436	11.264354	-3.367241	25.441643	13.284459	17.811877	-1.521857	19.951919	-8.634325	-26.177722	-2.252002	19.631572	-23.642164	7.601716	13.174111	-16.592999	-4.962803	-17.579733	-24.518847	-16.882950	
5.309518	-4.324867	-17.069511	-23.862230	9.146500	-19.960520	-5.323929	-11.180039	22.817760	21.962831	17.413076	-15.190102	-14.965238	4.060432	-3.071192	14.030799	-26.623240	-20.096963	16.649155	-5.290126	-5.452750	26.725573	14.118142	-17.279644	2.882823	-26.766746	12.700545	2.721658	0.449866	-14.173673	10.074959	-15.831640	-3.599132	7.452153	-20.327263	-25.903893	10.512918	-22.942965	21.776548	-2.471215	0.030458	-3.847821	-19.406802	26.411523	21.291809	15.498175	22.393730	12.077369	-2.387872	9.521051	
2.116771	4.671480	-15.589589	3.441073	9.188943	8.698604	-4.649059	6.670022	-6.058077	8.541159	-0.296586	-3.976296	10.670885	-6.002483	-8.092529	9.583565	19.255613	19.024400	17.396439	-7.447649	5.042477	-4.197880	-10.818247	11.073675	-18.396553	4.984138	-5.248302	7.471548	-21.536028	22.167409	10.734916	-7.230963	-12.479177	15.899397	22.628286	-8.006802	7.190521	4.061298	-9.968566	-1.383112	2.861017	-5.085002	-8.056451	1.200489	11.195891	-19.394738	8.528264	-15.620617	2.224749	16.311437	
-12.952914	-18.520774	7.336394	-0.174807	-1.039960	-19.003896	19.908024	19.639529	20.039880	-18.137123	20.029772	-2.042172	12.145521	12.784954	16.071924	-18.359463	-18.456038	22.206782	9.473663	22.343290	22.298506	-16.570611	16.189064	18.349321	-14.154535	-3.329094	-19.581046	-1.299766	9.522859	6.498336	-1.893278	25.835264	3.042646	-1.111953	12.879821	14.950259	8.521425	-18.752867	-21.628778	9.366823	19.475943	12.352856	3.660062	-13.024494	14.558025	-1.371104	3.417107	-9.208588	16.175651	11.109912	
-6.437781	-19.451895	-12.652616	8.235990	-2.710530	-10.580729	4.768441	14.815031	-24.437942	19.038456	25.274170	-1.661276	-11.442629	25.736897	-22.804894	6.704840	-16.599026	18.472335	-14.910030	-18.930874	-4.798394	8.108264	-13.213918	26.680083	22.239306	-11.444524	-26.159224	-18.095598	1.400386	-4.035375	8.598278	-26.317430	-27.311088	10.428702	2.527047	2.122743	-18.813628	25.865513	-19.200906	-17.808528	0.103156	20.701240	22.454239	-10.578921	-8.868687	-26.113232	0.462701	8.031505	2.696357	13.690846	
15.479814	-1.050940	-4.969892	-10.422170	1.410029	-1.658701	-15.431511	7.203093	12.065307	-18.362438	-8.043689	7.418744	-17.043918	13.517584	6.088248	-10.502852	-8.585861	-2.226149	-12.219726	10.593811	-0.043314	7.840861	8.291301	2.982901	0.780595	-19.067255	12.520269	-13.964301	-2.235771	10.730240	-17.020785	17.943331	9.223489	2.806876	1.097963	-6.077685	-15.397780	-5.879804	-4.793625	-6.967594	4.235181	9.520864	8.374096	-0.849920	16.480518	-3.187761	4.244880	-7.764076	13.466182	-16.342524	
-10.219085	15.485204	2.395051	-16.476133	-12.362036	-18.144549	-10.959355	6.871650	11.842350	13.624177	-12.506115	11.619867	6.684329	-16.664024	18.927387	-8.069662	12.255028	13.907912	-3.027045	-7.160302	7.657007	-5.315073	-13.198816	2.997680	2.579413	5.499621	6.355470	18.127143	15.323981	-5.527132	-18.904119	-7.531819	4.021668	6.178168	8.307409	7.812704	1.498196	-4.788047	6.186272	-8.758510	-14.317814	-10.466706	3.741524	-12.899219	3.967835	16.031783	-3.394600	-14.617827	0.719075	-8.420000	
12.861069	1.152877	-0.418698	-15.198774	10.184291	1.802454	-3.379452	4.316803	-11.687685	3.189259	3.616496	-9.836685	-15.247310	16.120166	12.491411	2.675645	11.374181	21.607871	-8.284916	-19.384118	5.777128	15.097735	-15.853085	1.087718	16.237140	-20.470718	-19.703926	-16.777602	-15.244654	21.793879	4.067871	0.153473	-15.685615	5.076095	-0.529085	-1.666530	9.244588	-5.761486	-2.949071	17.297409	7.304137	11.330063	1.747570	7.856895	3.654375	-5.500529	8.157892	3.114410	10.780061	10.533050	
10.845763	12.135045	-11.328701	-7.426771	-21.923225	-21.724351	-12.582063	-10.548259	3.206304	-9.224323	2.789654	-15.642093	-17.502040	-8.958647	-14.446745	-17.802795	-10.939688	16.753014	7.469231	-23.634192	-22.864438	20.638561	-15.900214	-22.870687	-0.149701	-12.573538	19.547735	2.172385	14.414110	2.040759	-6.450535	-12.140131	16.684792	18.531616	-3.863989	10.515166	-13.442892	11.442465	-7.914243	8.920271	-4.594168	-10.306069	-4.169148	-7.166570	17.182189	-17.391832	20.353821	20.957216	-7.741569	-10.129980	
25.839782	16.659816	-20.313936	15.696307	4.921405	21.056466	15.638490	-10.940897	-19.940269	-16.730256	-2.136650	2.809125	-26.149670	-17.646610	-14.837377	-7.829181	-18.089787	11.345032	1.086625	-13.877668	15.041472	18.179967	0.432660	8.072720	0.998763	-22.810525	-6.764194	16.498551	-12.717649	9.916298	-19.875831	-3.034598	-0.897047	12.465158	-12.049713	-8.831075	14.517614	-15.042675	-21.720290	1.874833	-12.839782	10.482119	-3.193194	-20.034841	10.080329	21.660243	12.269522	9.393610	22.925391	24.677745	
-1.437622	6.981600	10.645729	-14.249774	-3.066287	1.578295	-5.402100	17.302595	-16.372387	24.321920	-5.153140	8.555764	-0.675086	-1.903811	8.815722	18.003271	-23.015209	-13.548026	-8.519160	-13.706292	-7.155099	18.615449	16.838532	-2.379074	4.074947	19.708411	9.189175	-13.929457	16.970698	-22.766709	-15.855414	12.399621	-22.159366	1.883338	13.814958	6.658925	2.767778	1.910292	-18.641968	23.533941	24.039804	15.833279	14.503790	22.033128	16.923829	-7.290484	-6.512383	-6.431931	-15.539623	-6.322442	
7.293352	23.018128	7.657680	-11.039650	-1.064773	17.152971	22.514739	-2.199355	-23.301997	11.326291	-8.326989	-22.527764	-11.304788	9.340715	-4.480749	-10.134278	-4.230885	-10.152447	-3.400770	0.008725	1.027417	-17.899253	17.549390	10.475968	7.396778	6.052338	-18.078826	8.679265	6.023866	-2.645305	0.619278	5.052735	23.528109	16.534639	7.461206	5.937953	23.709898	-10.274429	18.075737	-0.918226	12.176460	-5.624290	5.735268	-12.195742	-21.897948	-9.652254	-20.560864	-4.338801	-13.411881	18.004216	
-14.302927	-5.791095	-15.780397	8.367726	-12.131334	-11.229881	9.608905	-8.832979	7.124446	14.629115	-14.690413	7.247420	2.784597	8.864895	-8.729194	11.810747	-4.938070	6.323482	2.729797	-3.693692	11.553908	15.460664	-7.691986	5.318389	6.512750	-13.959925	-6.447954	1.069156	10.741074	-12.828248	2.138823	5.055419	5.076277	-10.518173	10.420018	16.394796	-10.395115	12.723335	-3.868813	1.136918	-2.341312	2.521936	-11.641545	-8.826442	1.338569	-9.530977	10.915681	1.654709	4.873763	16.860780	
16.161231	20.760127	-16.415191	-20.053307	23.418061	12.439016	15.441925	15.543874	18.924368	2.206547	-3.769667	15.054757	20.330875	-3.797691	-1.993942	-8.276173	-7.654437	-22.111314	7.789833	14.121916	15.886651	6.169987	-5.443102	-7.774387	-20.544181	24.312564	3.741302	-2.592991	1.075016	3.597267	-2.019832	-9.774316	-24.033574	-24.508290	-0.881418	15.961167	8.190356	-6.441868	-7.518961	19.611900	16.824963	-15.660372	19.423881	-1.323337	21.700940	4.047573	20.532203	-1.240937	4.713873	-16.317785	
-4.438292	-1.075279	-7.343248	-20.338194	16.579341	3.413827	-6.108145	2.210596	2.745531	9.209693	-4.202941	16.380810	12.368732	20.251407	10.264261	1.825083	17.636854	18.582261	11.487063	3.825078	-11.899251	-12.640345	-15.852026	19.823880	-10.940399	-11.235678	-21.677456	-7.639145	-4.387176	13.244015	6.131258	18.212552	-11.296627	1.836926	20.258563	10.914077	-3.911500	-1.264008	12.735111	-6.196304	-14.978708	2.541707	7.191776	1.744486	12.355336	-16.938239	17.462294	4.564647	-2.510367	8.973106	
17.901787	-1.269427	-10.106466	5.604603	-18.459050	0.061549	8.002690	-23.211548	9.387758	-0.927855	-2.375161	3.351710	-3.428333	14.469864	4.293999	12.153719	6.112955	5.121175	13.223721	-3.196515	5.766743	13.857796	2.274113	-8.445933	14.556371	21.341160	-19.688158	9.419563	0.298990	-7.188849	-24.944233	26.611971	-8.429764	15.627541	-26.793526	22.843103	15.818492	26.026298	0.799040	-5.791457	-21.376361	-1.977355	-19.652777	18.714317	-7.259630	22.986556	21.730114	-15.913793	-9.205350	-12.441458	
3.269753	7.161671	15.993867	-5.882686	-8.143739	-18.183151	3.058195	3.916997	7.533305	8.869301	0.712234	11.718389	-12.546636	-6.081344	12.525528	-10.151956	-12.850512	18.847176	9.773217	1.526245	2.575991	-11.281389	10.948675	2.221365	-11.450186	-5.465273	6.899111	11.786570	14.968432	7.773161	16.029652	-8.946444	11.710762	16.013591	-9.418251	6.793576	-15.603405	-14.730471	-2.941132	-0.535784	-9.020320	5.456248	0.470080	-12.243695	-4.642938	-12.402623	-3.407013	6.666280	2.420252	12.763364	
-1.469287	-16.058840	-14.548281	-25.400490	23.755322	-3.324284	7.466380	7.306392	-1.463267	-5.396857	-23.390546	17.387782	19.470077	17.045979	-23.480917	19.424496	-16.762666	5.991145	-9.511580	25.820749	3.787530	15.341511	-9.381299	17.454643	25.591949	25.398054	25.999383	15.884889	12.434469	4.283844	-15.485339	-9.228984	-16.694666	-3.344958	-4.828308	-15.856161	22.585473	-4.542922	-5.348455	13.954020	25.966666	-4.028346	-6.194500	-15.215327	-16.967495	21.743333	6.960398	14.854151	24.535643	0.237241	
2.003105	13.057850	17.477163	11.701774	-6.976883	-6.340969	18.444983	-23.146233	6.789614	0.365878	-20.793975	18.789715	15.083551	-9.916447	13.058083	-2.232765	2.039178	19.065357	-4.421781	22.272675	-10.798374	-19.115401	19.340289	2.066751	0.773332	-14.093436	-15.148736	24.334773	-0.533823	-18.967550	22.056111	-15.229536	24.479247	1.008410	7.812034	-2.442300	-7.708650	-3.311239	7.193411	23.563671	20.570637	19.269906	19.421954	-3.551040	-11.506302	-2.648057	-1.864830	10.132795	-3.505368	-0.516892	
0.013851	0.030830	0.019479	0.022141	0.004556	0.027706	0.040932	0.039680	0.016232	0.021971	0.019372	0.025434	0.035667	0.020376	0.028426	0.032349	0.009179	0.015754	0.011526	0.026797	0.000621	0.002938	0.012713	0.009552	0.036926	0.025659	0.036044	0.031857	0.006566	0.037540	0.011147	0.019167	0.041511	0.023513	0.005128	0.016145	0.027360	0.005368	0.020385	0.003497	0.021195	0.018188	0.004994	0.023657	0.017557	0.013008	0.008563	0.017894	0.021177	0.017871	
0.005778	0.022504	0.021261	0.033369	0.035418	0.015153	0.029487	0.029234	0.022130	0.006550	0.001071	0.005393	0.030577	0.038691	0.026583	0.024023	0.030935	0.033272	0.023933	0.018473	0.015027	0.034661	0.008930	0.009536	0.010004	0.009136	0.017410	0.021058	0.011854	0.019608	0.032635	0.022090	0.022146	0.008541	0.029360	0.041476	0.037782	0.019538	0.027303	0.005234	0.000794	0.024149	0.027472	0.012837	0.011896	0.001661	0.002349	0.012949	0.012724	0.036004	
0.043626	0.029447	0.000638	0.034593	0.025861	0.002644	0.031604	0.036255	0.040705	0.022999	0.008222	0.004254	0.021796	0.010049	0.010453	0.027425	0.043428	0.009191	0.026659	0.029036	0.007163	0.018758	0.004833	0.035549	0.025726	0.014383	0.004412	0.020506	0.041478	0.021533	0.021504	0.000062	0.039587	0.007565	0.011406	0.026117	0.030830	0.000589	0.031120	0.008501	0.022630	0.006312	0.003653	0.037967	0.006939	0.018626	0.043594	0.013112	0.002764	0.013897	
0.028192	0.020622	0.011376	0.032893	0.008611	0.031024	0.020111	0.017656	0.007902	0.029339	0.024770	0.035220	0.011250	0.028043	0.033365	0.008769	0.015873	0.032470	0.017509	0.026485	0.012622	0.033534	0.010787	0.011302	0.033489	0.013762	0.001169	0.005533	0.030348	0.003570	0.019885	0.031893	0.018430	0.009223	0.023195	0.034281	0.020132	0.028553	0.021934	0.034935	0.004673	0.008076	0.032564	0.029466	0.017661	0.003023	0.031227	0.001761	0.000718	0.030770	
0.023949	0.006310	0.004761	0.041188	0.006415	0.028986	0.014945	0.039876	0.011914	0.005874	0.011160	0.017566	0.019282	0.033158	0.028509	0.012604	0.002082	0.009476	0.000089	0.032106	0.014734	0.032960	0.007251	0.017081	0.006731	0.033034	0.007300	0.032145	0.034644	0.030937	0.022124	0.034636	0.002848	0.022303	0.022782	0.034194	0.032710	0.020863	0.023011	0.040980	0.022806	0.038526	0.015729	0.026928	0.014406	0.009835	0.013516	0.024678	0.008698	0.001359	
0.019965	0.002860	0.012723	0.033856	0.036057	0.014540	0.027693	0.001823	0.019981	0.033281	0.022578	0.024238	0.030013	0.020506	0.019223	0.017407	0.029797	0.025815	0.011356	0.014578	0.009481	0.022610	0.012652	0.005436	0.001651	0.027427	0.008617	0.018782	0.010686	0.001501	0.028321	0.032398	0.022794	0.017910	0.014467	0.015537	0.035968	0.025748	0.025959	0.032826	0.010213	0.015619	0.027233	0.015602	0.027473	0.024517	0.030836	0.032975	0.018220	0.008253	
0.018367	0.035745	0.003607	0.031032	0.002615	0.018015	0.007671	0.021695	0.000624	0.015178	0.016705	0.034469	0.005429	0.016669	0.023763	0.001396	0.035482	0.002422	0.014122	0.009122	0.029440	0.007033	0.011485	0.002183	0.019342	0.013077	0.025359	0.019408	0.036634	0.029496	0.036108	0.012357	0.023376	0.022150	0.026393	0.021818	0.032635	0.023981	0.019669	0.033125	0.035106	0.028628	0.008280	0.035348	0.035314	0.016347	0.033311	0.006477	0.017503	0.024488	
0.003568	0.020999	0.030049	0.020408	0.022037	0.002473	0.025732	0.032362	0.006099	0.026481	0.034466	0.030343	0.002489	0.020795	0.025255	0.014459	0.033058	0.030132	0.022249	0.000766	0.001600	0.022477	0.009372	0.004059	0.011053	0.037718	0.000073	0.020661	0.033674	0.014113	0.018404	0.027279	0.024941	0.020027	0.033076	0.000253	0.016233	0.025870	0.000684	0.019551	0.009097	0.040096	0.006293	0.038050	0.038731	0.033654	0.013235	0.039966	0.034778	0.000760	
0.035806	0.016628	0.027346	0.032335	0.025368	0.012382	0.034256	0.010021	0.028725	0.017354	0.007838	0.035047	0.018564	0.036440	0.009105	0.024612	0.032113	0.027175	0.026161	0.012105	0.006786	0.013987	0.015801	0.014746	0.024051	0.010290	0.010776	0.022689	0.015298	0.028560	0.024688	0.000692	0.013280	0.005140	0.028735	0.025883	0.008848	0.016671	0.034465	0.018723	0.027413	0.005693	0.031949	0.029060	0.004601	0.028326	0.011754	0.036216	0.010773	0.004727	
0.018189	0.016461	0.007554	0.018535	0.016664	0.001868	0.029209	0.014743	0.006416	0.029352	0.022800	0.006389	0.012648	0.004026	0.023812	0.017046	0.012886	0.029433	0.035254	0.016793	0.023169	0.028055	0.032396	0.033227	0.015218	0.022218	0.018183	0.024040	0.035053	0.002999	0.014637	0.029139	0.024861	0.031560	0.019641	0.025230	0.030182	0.026781	0.006070	0.026722	0.031336	0.028137	0.033198	0.009009	0.029842	0.000342	0.016292	0.004027	0.032413	0.005947	
0.027723	0.019365	0.028873	0.034527	0.036144	0.030664	0.007357	0.011148	0.019810	0.028317	0.022079	0.036288	0.033180	0.015360	0.002192	0.014306	0.005318	0.028205	0.035263	0.000080	0.015712	0.018744	0.016758	0.003925	0.036093	0.011427	0.017475	0.011225	0.002331	0.029377	0.006110	0.006329	0.005060	0.008795	0.000934	0.017329	0.022670	0.023863	0.021239	0.031407	0.010734	0.029087	0.018607	0.033221	0.036327	0.028279	0.030870	0.032888	0.005014	0.031972	
0.015136	0.015446	0.016421	0.002666	0.023745	0.031498	0.001409	0.029311	0.022054	0.027656	0.003782	0.011240	0.018254	0.024149	0.029560	0.035334	0.014691	0.009177	0.036663	0.021924	0.027903	0.015719	0.002764	0.033552	0.001500	0.022011	0.031683	0.009887	0.030646	0.031590	0.028815	0.016481	0.017622	0.023872	0.005951	0.026758	0.009991	0.007763	0.030693	0.025965	0.026848	0.011758	0.005517	0.021885	0.032862	0.036753	0.011781	0.008969	0.038302	0.014044	
0.008596	0.026886	0.029534	0.026027	0.000932	0.033960	0.025528	0.017063	0.035399	0.030075	0.019059	0.022364	0.026274	0.014857	0.021899	0.025148	0.010554	0.034426	0.024567	0.009164	0.008150	0.010082	0.004000	0.014146	0.010335	0.028184	0.024890	0.034525	0.023579	0.035320	0.033661	0.030095	0.029253	0.033686	0.016968	0.004180	0.024775	0.028876	0.010110	0.007908	0.030777	0.000049	0.032847	0.008799	0.016103	0.002144	0.001336	0.026695	0.020877	0.005339	
0.005248	0.011763	0.032407	0.020713	0.025554	0.035388	0.007747	0.001302	0.013764	0.007316	0.020921	0.024456	0.026034	0.003976	0.030652	0.001321	0.010368	0.021636	0.002480	0.032698	0.025522	0.017686	0.018754	0.021591	0.023085	0.012989	0.037799	0.013971	0.030544	0.036849	0.006439	0.030479	0.003713	0.001406	0.009300	0.001748	0.040319	0.035696	0.027611	0.034373	0.026996	0.031307	0.023993	0.008689	0.026607	0.023274	0.013211	0.022150	0.027382	0.030775	
0.022296	0.033687	0.011840	0.012511	0.031952	0.031261	0.017767	0.023421	0.016977	0.000712	0.025505	0.020624	0.027127	0.024432	0.036415	0.009632	0.019089	0.024680	0.010758	0.032182	0.033952	0.025433	0.010427	0.021219	0.035895	0.019456	0.019001	0.024395	0.010933	0.015825	0.000270	0.004263	0.005318	0.021623	0.020087	0.006241	0.024728	0.012720	0.016884	0.030717	0.012426	0.002865	0.014967	0.034165	0.026754	0.034002	0.008523	0.013083	0.029310	0.031648	
0.029977	0.034714	0.031403	0.013878	0.024855	0.006959	0.001792	0.022670	0.023457	0.017538	0.026999	0.009537	0.011151	0.022106	0.020834	0.031174	0.027317	0.020132	0.011870	0.035864	0.004747	0.018351	0.028624	0.026141	0.011592	0.031163	0.022782	0.009075	0.002086	0.017037	0.007110	0.005978	0.021670	0.014507	0.028976	0.035138	0.002320	0.011826	0.027829	0.008824	0.018775	0.034113	0.033965	0.018433	0.028358	0.033633	0.024793	0.002515	0.021712	0.023701	
0.009585	0.035161	0.037720	0.023506	0.014313	0.022182	0.005919	0.032717	0.018191	0.001668	0.002439	0.026362	0.006796	0.022256	0.020211	0.017867	0.034479	0.003107	0.014036	0.033368	0.002982	0.005533	0.007141	0.016257	0.030649	0.032445	0.023195	0.037999	0.026440	0.035660	0.003650	0.040408	0.017584	0.027185	0.001136	0.037595	0.026143	0.023333	0.019136	0.030382	0.030363	0.034412	0.017826	0.010769	0.032712	0.007804	0.009258	0.020447	0.004273	0.005401	
0.029653	0.005969	0.008419	0.009788	0.003047	0.024740	0.001128	0.028607	0.016711	0.022306	0.038293	0.022859	0.028706	0.035919	0.023807	0.033281	0.022295	0.018762	0.002364	0.004974	0.040987	0.027278	0.015839	0.024185	0.015001	0.001997	0.029788	0.013685	0.015692	0.030471	0.027442	0.027201	0.002345	0.033312	0.000426	0.033207	0.032138	0.005609	0.014309	0.006534	0.020829	0.030057	0.009488	0.014226	0.030466	0.038757	0.029396	0.031968	0.015741	0.000001	
0.000322	0.001082	0.006752	0.024142	0.034491	0.000860	0.017950	0.025781	0.037045	0.022749	0.034144	0.020487	0.000013	0.017773	0.002362	0.003529	0.011369	0.036990	0.029960	0.018338	0.029865	0.031174	0.022307	0.031861	0.022248	0.012070	0.027285	0.011440	0.014485	0.008310	0.025271	0.031105	0.018962	0.038047	0.031911	0.018260	0.000825	0.003246	0.012792	0.017580	0.015410	0.016572	0.030840	0.028751	0.027294	0.017010	0.028625	0.018377	0.031963	0.029977	
0.008957	0.015443	0.012539	0.003127	0.001305	0.039299	0.032512	0.030623	0.018522	0.014191	0.019981	0.014298	0.001867	0.000529	0.014107	0.000976	0.019523	0.025043	0.039956	0.013647	0.033704	0.007988	0.018413	0.033587	0.001018	0.040816	0.009747	0.026297	0.040670	0.005632	0.025559	0.039142	0.007456	0.033895	0.005930	0.033254	0.040635	0.001109	0.008079	0.013621	0.020397	0.022679	0.009074	0.030525	0.025255	0.037388	0.033141	0.031974	0.020140	0.016431	
0.030380	0.027994	0.011937	0.020057	0.006873	0.012429	0.036068	0.028248	0.022493	0.035246	0.028116	0.026004	0.015902	0.018390	0.020558	0.004556	0.008361	0.026834	0.034403	0.022099	0.022844	0.027441	0.028698	0.022661	0.008332	0.010718	0.029861	0.019954	0.031199	0.004544	0.028788	0.024450	0.022550	0.014836	0.000018	0.012933	0.019072	0.005995	0.030944	0.014913	0.019768	0.013654	0.014926	0.001745	0.031261	0.028970	0.023882	0.036416	0.005566	0.006115	
0.030916	0.026420	0.016526	0.010594	0.031021	0.002287	0.004005	0.038918	0.037306	0.009609	0.020810	0.015775	0.036218	0.012873	0.015960	0.007073	0.030553	0.020293	0.031381	0.006981	0.023292	0.021994	0.009439	0.004030	0.037327	0.029842	0.002524	0.020595	0.005318	0.022790	0.037031	0.025267	0.027835	0.004520	0.019621	0.003877	0.014485	0.027339	0.007013	0.019876	0.019439	0.030395	0.023731	0.016685	0.030969	0.016905	0.037849	0.023795	0.014335	0.016362	
0.014513	0.022463	0.017917	0.013619	0.015935	0.016180	0.034807	0.002875	0.006021	0.033797	0.023371	0.001516	0.030009	0.027055	0.017881	0.004469	0.027674	0.025150	0.030197	0.027310	0.012991	0.024976	0.020320	0.021280	0.002477	0.012824	0.025499	0.024215	0.027492	0.016170	0.012531	0.033884	0.027790	0.032073	0.028513	0.005095	0.023427	0.000941	0.032204	0.001984	0.031144	0.018987	0.017890	0.001656	0.031963	0.027660	0.018462	0.033679	0.020826	0.018290	
0.030786	0.011491	0.016743	0.030255	0.037101	0.029473	0.034057	0.017615	0.017996	0.021061	0.026914	0.008899	0.026233	0.018003	0.006676	0.012655	0.033374	0.001355	0.035720	0.011454	0.015092	0.030989	0.012956	0.018278	0.009121	0.031437	0.008336	0.022105	0.012350	0.023415	0.037543	0.024969	0.026234	0.016619	0.033424	0.029811	0.009632	0.002573	0.031862	0.011533	0.031242	0.003525	0.029149	0.001161	0.005214	0.002192	0.020368	0.036465	0.009060	0.025484	
0.017412	0.009054	0.018748	0.025545	0.038852	0.001118	0.038077	0.020518	0.012151	0.001156	0.034702	0.017105	0.027127	0.015903	0.030479	0.015094	0.031956	0.003797	0.033823	0.022664	0.009209	0.012467	0.012669	0.035933	0.014492	0.007552	0.000330	0.015652	0.034101	0.006980	0.005516	0.042088	0.000579	0.005892	0.037079	0.015968	0.026248	0.033002	0.028484	0.014967	0.020701	0.000908	0.011439	0.041954	0.038502	0.004221	0.016059	0.029474	0.042646	0.019611	
0.033292	0.013723	0.002208	0.008263	0.003952	0.021898	0.035084	0.029634	0.030547	0.005262	0.027732	0.027886	0.033672	0.034302	0.023370	0.010844	0.035043	0.021025	0.025977	0.006272	0.031229	0.000164	0.022723	0.019237	0.014979	0.020084	0.029197	0.034813	0.005992	0.003838	0.012191	0.033732	0.006662	0.019172	0.033736	0.035242	0.003914	0.010418	0.019268	0.035069	0.003246	0.019361	0.027917	0.020857	0.003305	0.033757	0.021511	0.026106	0.018880	0.003416	
0.009866	0.036940	0.014539	0.019086	0.000154	0.003401	0.033146	0.013014	0.014469	0.016735	0.019238	0.004033	0.032246	0.021985	0.023739	0.034702	0.025331	0.033601	0.022649	0.008024	0.003577	0.004669	0.031620	0.031725	0.005780	0.017391	0.036710	0.029588	0.023841	0.036193	0.014975	0.028395	0.017449	0.001077	0.011415	0.032565	0.024278	0.029519	0.016979	0.019416	0.025775	0.029190	0.010530	0.029082	0.005169	0.018044	0.023660	0.021270	0.016425	0.016794	
0.010229	0.016462	0.031441	0.023510	0.024968	0.021676	0.003928	0.002879	0.000183	0.035035	0.004483	0.041038	0.015680	0.029029	0.011909	0.018723	0.002061	0.024026	0.004401	0.005032	0.029219	0.021803	0.033646	0.036264	0.041195	0.023679	0.002182	0.040834	0.020615	0.042596	0.014771	0.017201	0.016340	0.016973	0.015701	0.002927	0.032980	0.006906	0.036253	0.038974	0.018807	0.001559	0.010507	0.023522	0.001412	0.031436	0.017684	0.037210	0.017627	0.022482	
0.032084	0.007813	0.035812	0.030449	0.002253	0.039880	0.005724	0.021572	0.016250	0.010101	0.032267	0.010451	0.017841	0.035756	0.006931	0.025979	0.024924	0.038356	0.022433	0.008644	0.022948	0.034562	0.014024	0.018114	0.010575	0.033450	0.005405	0.006250	0.021094	0.005988	0.032303	0.027619	0.015279	0.027732	0.035856	0.021464	0.027386	0.000337	0.012156	0.021465	0.034213	0.005387	0.014619	0.013668	0.006460	0.035191	0.019295	0.004705	0.032552	0.014385	
0.041860	0.032455	0.038848	0.039585	0.003228	0.026561	0.002408	0.025684	0.000541	0.033189	0.013597	0.000432	0.007661	0.027257	0.037798	0.005418	0.011457	0.010430	0.006291	0.030754	0.028624	0.014673	0.017666	0.013337	0.019418	0.041161	0.021860	0.012936	0.015203	0.040932	0.026981	0.022408	0.037052	0.035972	0.016497	0.025307	0.034956	0.009500	0.002624	0.005979	0.002542	0.031013	0.024588	0.021624	0.002205	0.012858	0.017658	0.011613	0.034185	0.003178	
0.031360	0.007203	0.012089	0.005969	0.006263	0.031411	0.033708	0.010211	0.035399	0.020820	0.019150	0.001352	0.033496	0.014809	0.032665	0.034271	0.009564	0.023275	0.003005	0.035011	0.028574	0.006978	0.006228	0.023557	0.005627	0.032924	0.027324	0.029726	0.031706	0.023649	0.020108	0.033937	0.030509	0.010130	0.022159	0.011904	0.029584	0.011501	0.014729	0.003855	0.005411	0.022529	0.019678	0.005809	0.036215	0.034095	0.010058	0.009977	0.028628	0.021858	
0.037177	0.006552	0.017932	0.030727	0.023569	0.035778	0.022511	0.009825	0.029404	0.018647	0.012901	0.013916	0.024732	0.037321	0.028062	0.037705	0.023620	0.027705	0.016365	0.015568	0.023879	0.035585	0.021892	0.023434	0.010036	0.006722	0.002557	0.019206	0.003641	0.006724	0.037692	0.035729	0.003008	0.013949	0.020843	0.001467	0.016101	0.017286	0.035216	0.017554	0.020393	0.033255	0.000038	0.022133	0.004589	0.000167	0.037744	0.027073	0.027578	0.004492	
0.027260	0.036669	0.002097	0.008527	0.011071	0.035549	0.028200	0.011508	0.006273	0.003478	0.025628	0.013409	0.031699	0.021709	0.021749	0.032701	0.001006	0.031473	0.012597	0.009340	0.030328	0.025035	0.000865	0.015482	0.035088	0.025723	0.010557	0.035145	0.021203	0.035045	0.025597	0.013487	0.006126	0.026878	0.017356	0.025020	0.020357	0.018814	0.029171	0.008124	0.005180	0.028840	0.017881	0.002199	0.027153	0.016519	0.036056	0.007844	0.029360	0.031620	
0.016183	0.000112	0.032425	0.026855	0.014293	0.013855	0.039184	0.000779	0.021688	0.030986	0.022801	0.029118	0.027907	0.007810	0.001451	0.039533	0.031915	0.027535	0.032580	0.001107	0.033556	0.011707	0.040012	0.028741	0.012561	0.019431	0.028245	0.011680	0.026368	0.023446	0.006313	0.028178	0.000044	0.024749	0.000111	0.036992	0.022239	0.021330	0.008275	0.035827	0.011590	0.025663	0.033485	0.004506	0.026676	0.018479	0.016566	0.014962	0.000724	0.009425	
0.041834	0.003382	0.037533	0.032337	0.001943	0.027044	0.027693	0.011531	0.017077	0.025887	0.003927	0.035299	0.039139	0.017011	0.012913	0.010504	0.014139	0.008393	0.009777	0.037679	0.001539	0.010369	0.002333	0.000537	0.036052	0.030967	0.011171	0.032010	0.011869	0.040273	0.024308	0.042927	0.035564	0.041335	0.010542	0.001785	0.021524	0.021806	0.003283	0.010912	0.017788	0.024494	0.026955	0.013691	0.013871	0.025176	0.002622	0.018750	0.038695	0.011811	
0.009118	0.029645	0.005241	0.010286	0.034702	0.036383	0.037868	0.025423	0.029126	0.031909	0.006925	0.027094	0.018687	0.017578	0.004493	0.013091	0.009627	0.007424	0.016735	0.022983	0.020815	0.002392	0.032448	0.031150	0.010872	0.016690	0.026652	0.012326	0.015812	0.029939	0.010504	0.017416	0.033430	0.020722	0.031694	0.035551	0.036328	0.018481	0.033528	0.013415	0.007365	0.031796	0.002687	0.016975	0.008688	0.023017	0.005978	0.022827	0.015342	0.020822	
0.004578	0.024308	0.038852	0.036008	0.020723	0.039451	0.019087	0.019444	0.036649	0.011794	0.015731	0.004573	0.001001	0.005048	0.012097	0.025468	0.014772	0.000062	0.020453	0.013282	0.027484	0.029228	0.024463	0.023610	0.005619	0.027899	0.002538	0.005165	0.002925	0.033436	0.035879	0.017820	0.041929	0.009471	0.029646	0.012907	0.017935	0.002161	0.039813	0.038039	0.018849	0.008482	0.022478	0.040477	0.011696	0.010540	0.007974	0.035630	0.029632	0.022894	
0.002006	0.004260	0.012860	0.015202	0.037314	0.035447	0.038464	0.011203	0.021460	0.024117	0.016034	0.022994	0.005620	0.009428	0.006746	0.000261	0.016655	0.011728	0.025998	0.013608	0.026351	0.020746	0.033960	0.001815	0.011150	0.020310	0.037455	0.016887	0.036949	0.017913	0.027828	0.036795	0.016597	0.012669	0.016434	0.012569	0.036071	0.027843	0.038418	0.021042	0.038142	0.009027	0.005884	0.035321	0.030668	0.012613	0.001853	0.004702	0.026934	0.033651	
0.034433	0.027594	0.021922	0.028346	0.006729	0.023247	0.030230	0.030218	0.026425	0.003933	0.004926	0.029553	0.026246	0.028682	0.037747	0.006812	0.012665	0.002229	0.013936	0.000544	0.022033	0.020700	0.022360	0.024026	0.035552	0.028789	0.008797	0.005551	0.033834	0.035377	0.007997	0.003727	0.001403	0.027440	0.025193	0.013160	0.027187	0.026728	0.017238	0.032272	0.031120	0.029025	0.006992	0.037015	0.021521	0.005362	0.000447	0.014925	0.035306	0.002509	
0.032353	0.022495	0.010862	0.021778	0.008680	0.028678	0.013263	0.023491	0.034598	0.008512	0.008316	0.032290	0.003618	0.034347	0.036486	0.029454	0.035852	0.020453	0.012110	0.031333	0.006172	0.006383	0.017278	0.030611	0.003524	0.013985	0.006490	0.007133	0.024536	0.024217	0.005644	0.033964	0.035035	0.020968	0.019003	0.029961	0.034542	0.011501	0.019278	0.031735	0.001183	0.021600	0.008020	0.014062	0.009270	0.032783	0.023304	0.029642	0.004021	0.025183	
0.022778	0.003895	0.029888	0.025214	0.026318	0.036462	0.003014	0.035557	0.031579	0.023899	0.005834	0.022578	0.021771	0.001720	0.026457	0.008263	0.037940	0.019580	0.029903	0.013839	0.001858	0.038374	0.013471	0.024244	0.009137	0.034379	0.031550	0.001278	0.035882	0.032638	0.009039	0.013986	0.002693	0.017508	0.021613	0.008771	0.019187	0.019997	0.009333	0.025482	0.029177	0.023670	0.019514	0.000658	0.024061	0.019398	0.013625	0.017110	0.030948	0.024930	
0.021298	0.035258	0.032533	0.012332	0.018637	0.012697	0.014141	0.017276	0.031196	0.025483	0.037102	0.026816	0.003153	0.031717	0.030796	0.016659	0.025601	0.013526	0.014314	0.002561	0.013439	0.038015	0.002689	0.002554	0.029466	0.035622	0.017156	0.032966	0.032270	0.023706	0.000799	0.017811	0.013576	0.020917	0.015540	0.011108	0.006335	0.038639	0.005072	0.023582	0.034958	0.018381	0.007599	0.009290	0.014448	0.029919	0.032789	0.032552	0.004871	0.010835	
0.020899	0.032757	0.028279	0.026770	0.019311	0.025932	0.000029	0.020582	0.004804	0.012283	0.002080	0.003682	0.036000	0.036081	0.016400	0.036858	0.013188	0.009102	0.034724	0.035198	0.032205	0.038353	0.029088	0.009254	0.004937	0.025682	0.031794	0.026541	0.011103	0.034381	0.020203	0.019991	0.003664	0.013086	0.035515	0.002262	0.030415	0.028549	0.016664	0.039704	0.030223	0.006521	0.000524	0.021517	0.005301	0.008413	0.022456	0.016441	0.007550	0.012705	
0.023437	0.022626	0.015476	0.033861	0.006249	0.024480	0.034057	0.017653	0.014395	0.004072	0.033289	0.000485	0.020579	0.008846	0.004789	0.032311	0.033095	0.010941	0.009704	0.017496	0.006711	0.029630	0.016007	0.003118	0.002973	0.015134	0.008526	0.023915	0.033272	0.003136	0.022437	0.022788	0.030708	0.021359	0.008991	0.033242	0.031116	0.034153	0.028635	0.008414	0.030549	0.026718	0.020336	0.027285	0.031053	0.009202	0.026494	0.033316	0.030511	0.012431	
0.002517	0.012338	0.014976	0.035464	0.005436	0.012391	0.030956	0.023833	0.020379	0.000019	0.014871	0.014980	0.039491	0.013586	0.035071	0.023843	0.036283	0.029843	0.007201	0.025867	0.006295	0.014006	0.016537	0.028489	0.002723	0.026107	0.033349	0.024101	0.024915	0.018840	0.008632	0.025492	0.038346	0.017331	0.030164	0.018463	0.032246	0.010609	0.017496	0.004554	0.016740	0.034336	0.036456	0.004967	0.020530	0.015479	0.007867	0.024678	0.027741	0.013161	
0.006270	0.002559	0.038610	0.020932	0.021490	0.022076	0.007196	0.035659	0.009045	0.023240	0.024908	0.029705	0.039620	0.024445	0.031785	0.003362	0.002214	0.022121	0.025167	0.030373	0.036392	0.019047	0.033780	0.024536	0.021902	0.002987	0.026526	0.027149	0.022535	0.037132	0.007099	0.007139	0.006787	0.036728	0.020954	0.039423	0.028652	0.002903	0.006944	0.009162	0.025204	0.004121	0.005679	0.015837	0.020582	0.007446	0.031814	0.004421	0.023033	0.023310	
0.019464	0.030222	0.023860	0.032403	0.034081	0.010355	0.009827	0.009365	0.016048	0.025749	0.029290	0.006951	0.026100	0.023783	0.007195	0.004140	0.018644	0.004040	0.020501	0.001652	0.033438	0.027288	0.010901	0.026621	0.021283	0.012493	0.019012	0.015116	0.008905	0.031721	0.025440	0.004990	0.033402	0.022700	0.014721	0.010009	0.028734	0.027595	0.026636	0.022622	0.031616	0.032064	0.024083	0.032438	0.028470	0.002589	0.021685	0.018929	0.000150	0.030678	
0.004462	0.002670	0.024164	0.031420	0.014769	0.035833	0.022583	0.038966	0.016724	0.007880	0.015821	0.009684	0.016959	0.035510	0.036595	0.013764	0.035412	0.006932	0.037028	0.005647	0.020871	0.002882	0.000016	0.039039	0.032351	0.026701	0.025009	0.004770	0.034473	0.013517	0.012368	0.036976	0.012150	0.000145	0.031759	0.020999	0.002070	0.035613	0.022754	0.008320	0.018319	0.029343	0.016794	0.007410	0.033117	0.008061	0.028670	0.031993	0.014166	0.016522	
0.013637	0.008999	0.022429	0.039706	0.011205	0.024342	0.016044	0.011454	0.019613	0.038843	0.035091	0.022777	0.026790	0.017483	0.006617	0.040104	0.008385	0.035674	0.026228	0.000493	0.002924	0.025835	0.030979	0.025131	0.023907	0.015870	0.000437	0.032390	0.008381	0.023301	0.019924	0.019030	0.033184	0.024464	0.012328	0.002025	0.003492	0.021324	0.018049	0.024249	0.028678	0.034296	0.030198	0.007052	0.013043	0.011631	0.023110	0.024636	0.006640	0.027574	
0.020514	0.004178	0.012914	0.018577	0.028275	0.007171	0.035860	0.016742	0.029220	0.023896	0.035600	0.034526	0.035930	0.026851	0.024544	0.019361	0.013535	0.026061	0.016479	0.010207	0.026322	0.027457	0.031598	0.025843	0.007268	0.002990	0.017087	0.027244	0.033477	0.034642	0.034885	0.013074	0.025788	0.032532	0.023784	0.009262	0.028711	0.014974	0.000226	0.019743	0.010748	0.000448	0.007155	0.008369	0.009213	0.011862	0.022602	0.025378	0.004463	0.022412	
0.017503	0.004033	0.015468	0.017232	0.021669	0.044833	0.017398	0.040147	0.014898	0.024715	0.013336	0.042313	0.001649	0.006551	0.009740	0.017331	0.016213	0.045959	0.020744	0.024317	0.003727	0.045886	0.003963	0.009677	0.036610	0.041054	0.020279	0.003164	0.016925	0.033497	0.008288	0.003903	0.012279	0.001035	0.001049	0.019473	0.017040	0.030132	0.035607	0.004059	0.030846	0.042444	0.015645	0.014752	0.018114	0.011428	0.018405	0.039562	0.035181	0.009929	
0.020934	0.003847	0.012932	0.034978	0.012827	0.038315	0.031146	0.033614	0.022239	0.036035	0.002078	0.017110	0.003210	0.026328	0.032779	0.003338	0.023225	0.022053	0.034961	0.002224	0.025961	0.014838	0.034239	0.036302	0.039332	0.015101	0.003390	0.011087	0.004629	0.015612	0.036335	0.009431	0.008109	0.024072	0.004679	0.023302	0.014326	0.004738	0.013218	0.019727	0.024760	0.015842	0.003590	0.013211	0.031523	0.031561	0.028783	0.038657	0.011782	0.027691	
0.026926	0.023347	0.022016	0.037307	0.034691	0.031576	0.010117	0.028030	0.014399	0.034511	0.004977	0.025783	0.019399	0.012801	0.009537	0.012159	0.008128	0.031518	0.019008	0.016668	0.028025	0.023157	0.028450	0.037158	0.023696	0.011453	0.018866	0.020392	0.004635	0.010861	0.023672	0.019756	0.001759	0.036121	0.011373	0.006270	0.005730	0.019161	0.029356	0.015015	0.012915	0.025121	0.009978	0.012413	0.031911	0.036633	0.028024	0.007313	0.001555	0.036335	
0.022654	0.036698	0.005476	0.009240	0.002524	0.017991	0.008826	0.010288	0.032419	0.027344	0.039108	0.027295	0.031899	0.008216	0.010378	0.032699	0.029820	0.020952	0.015801	0.019098	0.014877	0.029275	0.030971	0.006012	0.014756	0.015819	0.000079	0.017708	0.003805	0.009190	0.018742	0.040218	0.037080	0.031437	0.029343	0.007264	0.005642	0.035005	0.006738	0.014196	0.039632	0.005898	0.025552	0.001530	0.037572	0.000923	0.032700	0.010501	0.040588	0.028218	
0.035813	0.019697	0.008902	0.026251	0.022142	0.028868	0.031519	0.033278	0.011754	0.000074	0.029971	0.006971	0.026879	0.023275	0.029261	0.033342	0.018644	0.024797	0.023611	0.034870	0.018893	0.000846	0.025754	0.012622	0.032070	0.011485	0.013281	0.007346	0.019441	0.014605	0.006834	0.019459	0.026753	0.022258	0.010309	0.035116	0.013567	0.004364	0.020170	0.033286	0.007834	0.009556	0.035139	0.034401	0.003360	0.010411	0.033527	0.023833	0.009800	0.013761	
0.028524	0.039718	0.001854	0.021932	0.035031	0.014357	0.015762	0.010663	0.021452	0.023622	0.031209	0.030986	0.005912	0.001718	0.021452	0.029858	0.003717	0.018811	0.013694	0.031244	0.014560	0.036883	0.035231	0.011755	0.030046	0.025552	0.033242	0.032528	0.004159	0.011093	0.013705	0.005148	0.010113	0.017429	0.039501	0.015490	0.032418	0.019523	0.017037	0.003120	0.033162	0.005369	0.039394	0.013806	0.023225	0.012179	0.010484	0.002099	0.019849	0.030384	
0.020697	0.026669	0.009633	0.031776	0.013227	0.025181	0.003484	0.026642	0.008633	0.019804	0.019419	0.022182	0.029000	0.008952	0.025857	0.006938	0.033826	0.003344	0.021440	0.019088	0.019845	0.025988	0.030694	0.030845	0.007353	0.020883	0.017982	0.027111	0.030274	0.001115	0.003846	0.021768	0.032367	0.017529	0.012341	0.031179	0.030983	0.031817	0.004493	0.026983	0.002003	0.025586	0.034869	0.014123	0.020861	0.025149	0.031397	0.001528	0.032276	0.011020	
0.021875	0.026847	0.019026	0.010695	0.024706	0.000439	0.038787	0.019383	0.022534	0.020651	0.014223	0.025786	0.012445	0.016496	0.005648	0.039370	0.012020	0.021756	0.001098	0.007888	0.038864	0.035054	0.018763	0.033391	0.008901	0.035062	0.006080	0.035679	0.002336	0.027614	0.032624	0.038437	0.018280	0.028479	0.011044	0.014015	0.039688	0.015640	0.012342	0.008494	0.027413	0.018926	0.017040	0.002904	0.037541	0.008587	0.001814	0.012795	0.029969	0.020550	
0.025018	0.036031	0.039679	0.024879	0.004123	0.034959	0.027294	0.034769	0.024937	0.017190	0.006284	0.000809	0.001042	0.010803	0.007651	0.026793	0.019102	0.012773	0.021127	0.038752	0.017660	0.033494	0.007349	0.039328	0.003158	0.004215	0.022684	0.046402	0.031894	0.018271	0.015749	0.000127	0.047107	0.024512	0.003471	0.023905	0.041119	0.010746	0.035796	0.019660	0.005632	0.017692	0.038225	0.024860	0.024230	0.019630	0.000620	0.001764	0.004379	0.002303	
0.022992	0.010584	0.003038	0.017586	0.025206	0.039677	0.021079	0.031725	0.002527	0.023583	0.033013	0.038208	0.014936	0.013608	0.017980	0.024615	0.011259	0.008120	0.011861	0.020659	0.018294	0.039080	0.025866	0.025051	0.012396	0.026157	0.004551	0.013798	0.008950	0.031605	0.020133	0.021683	0.001394	0.016319	0.001075	0.011779	0.000559	0.036251	0.039405	0.024267	0.021726	0.038983	0.025927	0.022935	0.012561	0.014859	0.009414	0.028409	0.020708	0.033611	
0.025206	0.015606	0.007056	0.016449	0.036841	0.037219	0.040377	0.030464	0.022780	0.001127	0.028160	0.025305	0.028636	0.020944	0.021278	0.015704	0.031916	0.002378	0.006250	0.036020	0.013323	0.001789	0.033770	0.017867	0.000309	0.025481	0.006497	0.033923	0.004578	0.011714	0.015934	0.009923	0.008638	0.018789	0.034190	0.007041	0.005184	0.023523	0.022550	0.040138	0.040337	0.001823	0.012595	0.006484	0.038316	0.030506	0.013962	0.013015	0.037087	0.020999	
0.004508	0.034825	0.028837	0.005769	0.037444	0.018646	0.032700	0.007725	0.022547	0.012956	0.019554	0.010054	0.023885	0.020334	0.000174	0.022571	0.034253	0.010820	0.030712	0.014252	0.011251	0.008888	0.014344	0.018251	0.017502	0.034639	0.033080	0.023555	0.026842	0.009892	0.004938	0.011010	0.007383	0.016734	0.011793	0.002819	0.022239	0.035117	0.023422	0.029076	0.021693	0.019837	0.035074	0.017233	0.025564	0.036805	0.014617	0.036036	0.000901	0.036900	
0.039573	0.018715	0.028887	0.034934	0.014313	0.039521	0.006003	0.032346	0.014479	0.036774	0.006666	0.006969	0.023570	0.013967	0.020632	0.005455	0.023868	0.023877	0.034311	0.031524	0.035198	0.005192	0.004501	0.029095	0.009888	0.026460	0.001841	0.037633	0.040169	0.012388	0.021475	0.004786	0.006917	0.005555	0.034468	0.039811	0.009729	0.010522	0.040035	0.005064	0.003812	0.017803	0.012484	0.026095	0.016278	0.012699	0.001187	0.021040	0.030868	0.020621	
0.027095	0.021866	0.009130	0.012245	0.032984	0.016852	0.000635	0.000116	0.006511	0.032050	0.022372	0.021233	0.005064	0.025755	0.032149	0.028365	0.001382	0.029426	0.011334	0.014645	0.023639	0.029576	0.019818	0.002364	0.000544	0.017428	0.013455	0.030577	0.014494	0.034694	0.033462	0.022006	0.034068	0.024020	0.017833	0.027815	0.035352	0.018751	0.012217	0.024225	0.012806	0.010199	0.014219	0.035884	0.014124	0.025432	0.029538	0.020999	0.025991	0.023264	
0.026479	0.021346	0.020011	0.021114	0.031331	0.035505	0.030507	0.024298	0.035786	0.032231	0.021763	0.028366	0.031608	0.018141	0.028949	0.022460	0.027363	0.008274	0.019362	0.030540	0.019307	0.007978	0.006141	0.035300	0.020900	0.011469	0.017790	0.000673	0.007079	0.026936	0.011627	0.026951	0.018621	0.015509	0.025089	0.006378	0.026970	0.033000	0.034885	0.003615	0.006911	0.002960	0.029290	0.009086	0.010562	0.016224	0.000707	0.017657	0.002695	0.032259	
0.030495	0.023896	0.042438	0.005122	0.024644	0.018822	0.024875	0.006191	0.014992	0.011750	0.034192	0.036631	0.010977	0.023873	0.000215	0.016432	0.002694	0.002082	0.003075	0.016078	0.004617	0.045464	0.030329	0.001301	0.007927	0.041983	0.007530	0.006759	0.014461	0.028117	0.004441	0.012701	0.003453	0.008894	0.036633	0.020776	0.001830	0.044478	0.047149	0.027066	0.025101	0.027137	0.042987	0.005829	0.010013	0.002642	0.045435	0.042601	0.009497	0.043374	
0.027175	0.025636	0.021015	0.001825	0.023798	0.002292	0.005730	0.006139	0.016436	0.030698	0.032538	0.031502	0.032762	0.029024	0.019062	0.009931	0.033267	0.018955	0.021271	0.007817	0.009332	0.004404	0.003634	0.013500	0.024734	0.028035	0.006130	0.020174	0.016289	0.034974	0.019132	0.014327	0.011697	0.020170	0.016612	0.035316	0.012123	0.032885	0.035018	0.018302	0.032833	0.031700	0.002378	0.015900	0.036981	0.013609	0.036946	0.007491	0.033436	0.015065	
0.028266	0.015681	0.004206	0.019830	0.007053	0.020377	0.020947	0.010907	0.023717	0.028987	0.016614	0.010137	0.033363	0.001877	0.021203	0.033124	0.019603	0.029472	0.030993	0.022865	0.013330	0.023831	0.016301	0.011844	0.018176	0.004568	0.028021	0.018806	0.036841	0.029270	0.027279	0.026636	0.021700	0.012143	0.037247	0.019447	0.011095	0.018139	0.027515	0.034456	0.012592	0.030829	0.006594	0.010177	0.017132	0.026030	0.005925	0.027096	0.010553	0.017204	
0.031983	0.022378	0.032432	0.009569	0.015939	0.027872	0.024621	0.024580	0.017576	0.016926	0.025006	0.013631	0.008196	0.004476	0.016620	0.005309	0.032330	0.013430	0.030600	0.021342	0.003251	0.027458	0.009645	0.022324	0.024807	0.023155	0.019931	0.014540	0.033000	0.025356	0.026240	0.023202	0.029225	0.032940	0.001512	0.021980	0.035112	0.001294	0.006243	0.025132	0.028428	0.014352	0.009541	0.014165	0.009590	0.016185	0.027393	0.020797	0.023825	0.034559	
0.031192	0.011054	0.000894	0.005275	0.001942	0.038575	0.038536	0.044433	0.028205	0.036589	0.028692	0.042205	0.014652	0.044018	0.046973	0.011943	0.009676	0.006289	0.029051	0.044912	0.006269	0.033069	0.025783	0.034921	0.013255	0.004946	0.010602	0.014781	0.024768	0.007811	0.031003	0.017230	0.000259	0.011704	0.028615	0.032152	0.038617	0.041246	0.009753	0.000208	0.006356	0.015203	0.010191	0.005975	0.004124	0.000059	0.026463	0.014238	0.014226	0.001065	
0.011404	0.026505	0.021249	0.022888	0.027333	0.011016	0.012762	0.007853	0.002738	0.001195	0.021046	0.014685	0.022080	0.041217	0.025985	0.010750	0.023937	0.032867	0.013720	0.007281	0.005791	0.001002	0.010926	0.039312	0.022442	0.024368	0.031235	0.027901	0.031395	0.039537	0.025007	0.014471	0.024438	0.035686	0.026558	0.030341	0.021821	0.027416	0.022122	0.012296	0.028577	0.006105	0.012753	0.005168	0.033245	0.024970	0.004915	0.021665	0.023145	0.006882	
0.037460	0.009332	0.027824	0.014706	0.000616	0.002728	0.005625	0.012983	0.007057	0.001777	0.026638	0.035384	0.024929	0.025483	0.024989	0.010696	0.019446	0.029951	0.040246	0.038381	0.007155	0.016911	0.004519	0.026244	0.010853	0.005056	0.015445	0.034718	0.018562	0.039899	0.038491	0.035915	0.001394	0.003855	0.019197	0.011491	0.015485	0.036829	0.008858	0.038975	0.016301	0.034270	0.023842	0.020599	0.012308	0.022972	0.007405	0.000571	0.039451	0.036181	
0.026783	0.030657	0.014872	0.001092	0.021963	0.030631	0.014456	0.022772	0.032026	0.025989	0.032441	0.034395	0.017302	0.019190	0.015579	0.035634	0.019567	0.029839	0.015049	0.032867	0.024055	0.021693	0.034759	0.014380	0.009073	0.017778	0.022715	0.006401	0.001220	0.020488	0.015159	0.012437	0.001553	0.020706	0.007159	0.018062	0.010848	0.022779	0.015826	0.006351	0.008549	0.035435	0.034679	0.029960	0.022323	0.028835	0.001123	0.026476	0.012422	0.023653	
0.034724	0.033857	0.007402	0.010463	0.011284	0.005771	0.033522	0.010471	0.013101	0.030913	0.033433	0.023043	0.028451	0.016200	0.008524	0.037917	0.006678	0.018209	0.032564	0.018276	0.020198	0.026790	0.003198	0.010991	0.022934	0.010284	0.035658	0.036693	0.002548	0.016256	0.011645	0.033057	0.005501	0.027019	0.008604	0.025373	0.030893	0.012844	0.010250	0.020509	0.024963	0.018174	0.030929	0.027332	0.024695	0.035709	0.008756	0.030961	0.001032	0.011402	
0.028737	0.001093	0.042676	0.002426	0.010250	0.037691	0.019991	0.031012	0.029001	0.002467	0.023794	0.004060	0.014494	0.017231	0.042849	0.024779	0.018977	0.000096	0.020974	0.001398	0.012186	0.035601	0.000654	0.020845	0.014204	0.025074	0.009729	0.034832	0.015828	0.035454	0.015443	0.033576	0.017731	0.003419	0.020037	0.012659	0.002255	0.005306	0.040029	0.015452	0.017003	0.006118	0.027238	0.036348	0.039741	0.016568	0.032205	0.024240	0.013387	0.042844	
0.021573	0.030082	0.003841	0.018157	0.024485	0.034958	0.001213	0.019487	0.021116	0.021350	0.021586	0.028020	0.025114	0.014514	0.004654	0.008707	0.028191	0.014728	0.034990	0.003908	0.026779	0.019845	0.016052	0.020075	0.012737	0.009827	0.018122	0.034076	0.034669	0.027804	0.002391	0.011312	0.022095	0.031843	0.026940	0.030964	0.026802	0.001895	0.026557	0.022734	0.026516	0.009421	0.014387	0.028097	0.019445	0.013518	0.031244	0.004892	0.014707	0.033579	
0.009267	0.034853	0.015656	0.023700	0.012031	0.011856	0.014972	0.025155	0.021008	0.034484	0.019707	0.009399	0.033024	0.036170	0.012723	0.007704	0.026822	0.007305	0.014941	0.006499	0.001644	0.028208	0.037474	0.007656	0.029665	0.027284	0.001508	0.013290	0.010298	0.031421	0.007385	0.009109	0.024497	0.020101	0.032668	0.034179	0.032262	0.004587	0.025678	0.009047	0.029333	0.025976	0.026141	0.012944	0.034562	0.032271	0.013610	0.030104	0.012303	0.017520	
0.006869	0.031076	0.002023	0.034024	0.021724	0.014039	0.027676	0.021049	0.030922	0.029766	0.034545	0.013647	0.025608	0.015047	0.020648	0.020953	0.037824	0.026947	0.016679	0.020637	0.032442	0.009645	0.033853	0.024772	0.004779	0.026229	0.013583	0.029247	0.032118	0.005949	0.015348	0.003043	0.002970	0.020375	0.012789	0.023449	0.016705	0.005556	0.012610	0.017981	0.023680	0.009948	0.000417	0.037760	0.002972	0.027757	0.018961	0.032538	0.036996	0.013826	
0.014875	0.013571	0.008236	0.030834	0.034461	0.038856	0.003142	0.024659	0.033395	0.004407	0.035955	0.007232	0.006742	0.035837	0.020051	0.028087	0.016335	0.020526	0.022083	0.000325	0.038256	0.007756	0.014795	0.009415	0.037584	0.011707	0.034736	0.011128	0.012562	0.021659	0.026058	0.006020	0.030810	0.022745	0.035612	0.020118	0.027603	0.003772	0.014057	0.002282	0.037183	0.003387	0.022708	0.036170	0.026039	0.002751	0.009489	0.021127	0.031956	0.020902	
0.041208	0.002779	0.000823	0.000342	0.002673	0.026873	0.001090	0.021015	0.040381	0.019065	0.008332	0.037875	0.027123	0.026214	0.003297	0.027106	0.034460	0.022044	0.015483	0.001763	0.040590	0.002016	0.027625	0.025840	0.039627	0.020823	0.015523	0.027555	0.007384	0.001206	0.026193	0.044399	0.034364	0.015985	0.006932	0.033043	0.011214	0.010950	0.019075	0.020535	0.012261	0.010033	0.003032	0.037700	0.040468	0.016622	0.028079	0.031860	0.019407	0.009714	
0.017050	0.007418	0.012442	0.008241	0.010442	0.012417	0.006081	0.028657	0.005400	0.033123	0.037881	0.021293	0.003882	0.037298	0.029938	0.030864	0.001691	0.013990	0.040004	0.004367	0.033195	0.043806	0.039599	0.036951	0.026692	0.005345	0.009251	0.017099	0.001953	0.026545	0.009645	0.027161	0.035633	0.029810	0.027454	0.010852	0.021599	0.008977	0.007553	0.028284	0.009276	0.010651	0.036811	0.029059	0.025775	0.021729	0.028356	0.019042	0.005854	0.003565	
0.016232	0.025204	0.032872	0.010368	0.004424	0.007235	0.000895	0.031111	0.031818	0.005458	0.026315	0.002234	0.024627	0.030318	0.030483	0.018155	0.033755	0.028077	0.022805	0.020717	0.023357	0.024141	0.030895	0.006477	0.011044	0.003074	0.028119	0.032729	0.019806	0.016664	0.002601	0.011606	0.036395	0.010631	0.019548	0.007474	0.012291	0.007452	0.034900	0.023925	0.038478	0.006443	0.023734	0.015786	0.020931	0.028110	0.027151	0.032897	0.036402	0.003833	
0.008033	0.039899	0.014526	0.020217	0.002413	0.021175	0.004619	0.014119	0.000254	0.017340	0.000174	0.005150	0.032817	0.044199	0.014761	0.045697	0.018205	0.046899	0.043384	0.009523	0.046098	0.001131	0.032454	0.018518	0.021800	0.025537	0.012127	0.003436	0.005936	0.035736	0.014357	0.016003	0.008042	0.003686	0.001046	0.020510	0.023926	0.012928	0.043552	0.040185	0.027044	0.007387	0.000595	0.036373	0.011813	0.011945	0.016389	0.043311	0.030566	0.024166	
0.024742	0.040147	0.010817	0.021250	0.001234	0.000971	0.011503	0.007854	0.036814	0.033286	0.011389	0.035727	0.011179	0.020082	0.003590	0.017577	0.027786	0.015685	0.008365	0.011389	0.028370	0.030546	0.012028	0.019679	0.030637	0.031769	0.031302	0.032909	0.005902	0.023596	0.017201	0.011857	0.026876	0.003917	0.039804	0.036747	0.039308	0.000489	0.014143	0.035751	0.035317	0.004968	0.006780	0.031330	0.029584	0.004004	0.029218	0.007681	0.002984	0.023916	
0.025506	0.003386	0.017791	0.014624	0.026127	0.020098	0.006043	0.018363	0.003588	0.013066	0.011177	0.011035	0.010964	0.024855	0.028064	0.016762	0.025641	0.033040	0.018205	0.018509	0.030913	0.026569	0.033153	0.013624	0.026264	0.013785	0.032795	0.020950	0.004359	0.026471	0.032757	0.014171	0.021921	0.014570	0.038544	0.038423	0.004404	0.023307	0.013412	0.012975	0.000676	0.011227	0.034937	0.021882	0.019953	0.022529	0.000715	0.032203	0.030066	0.035599	
0.013521	0.025222	0.021698	0.027782	0.034228	0.002951	0.015187	0.020489	0.012226	0.013527	0.023324	0.027457	0.008696	0.038535	0.038409	0.031890	0.038906	0.019355	0.008958	0.040242	0.001614	0.027010	0.036949	0.032022	0.021344	0.031537	0.001237	0.002131	0.000303	0.035182	0.038967	0.028062	0.013192	0.003999	0.011699	0.028097	0.019916	0.008884	0.000996	0.009704	0.011653	0.010272	0.013613	0.015245	0.012922	0.031532	0.040735	0.018568	0.022536	0.007477	
0.026650	0.023548	0.015505	0.021908	0.031440	0.012084	0.019767	0.005034	0.016413	0.029017	0.007293	0.035784	0.005479	0.004804	0.035861	0.007374	0.017800	0.031050	0.027768	0.020778	0.004718	0.035565	0.029501	0.020257	0.036285	0.001401	0.025261	0.018174	0.016272	0.006808	0.015657	0.029397	0.023258	0.034719	0.021291	0.017280	0.033762	0.033229	0.008650	0.031923	0.008363	0.018339	0.007589	0.015227	0.003274	0.028799	0.021520	0.010364	0.026015	0.021748	
0.032768	0.024098	0.016602	0.014522	0.036092	0.016717	0.011492	0.029362	0.018570	0.016992	0.022486	0.001358	0.012878	0.012069	0.024968	0.018572	0.007383	0.012910	0.000453	0.034620	0.028821	0.025334	0.029815	0.021016	0.010977	0.018050	0.024143	0.012938	0.021444	0.014314	0.013466	0.026282	0.025351	0.024139	0.030448	0.025769	0.026337	0.029511	0.028408	0.008101	0.025981	0.024957	0.029638	0.010821	0.010232	0.016685	0.005790	0.029404	0.002519	0.034399	
0.011267	0.006129	0.008875	0.032670	0.035771	0.007424	0.022329	0.033919	0.006186	0.031115	0.006278	0.030205	0.002690	0.032566	0.033626	0.034655	0.014941	0.039715	0.017054	0.008145	0.010378	0.002812	0.004720	0.037631	0.028690	0.009324	0.019421	0.013551	0.005427	0.037338	0.026168	0.001014	0.011375	0.008930	0.025450	0.025856	0.006905	0.025105	0.023076	0.006311	0.003992	0.024167	0.038301	0.038997	0.019358	0.035582	0.031056	0.012526	0.024785	0.026193	
0.009592	0.020084	0.033670	0.035687	0.020223	0.039422	0.032269	0.043208	0.002778	0.032802	0.014908	0.034799	0.020834	0.027655	0.003685	0.028352	0.007192	0.011830	0.030706	0.023556	0.011608	0.023949	0.041390	0.042997	0.002415	0.003169	0.036592	0.019210	0.018857	0.027087	0.019250	0.016538	0.019523	0.017230	0.013503	0.006355	0.009013	0.002571	0.031700	0.033625	0.001937	0.010147	0.017052	0.024196	0.007984	0.019295	0.008478	0.003116	0.010984	0.026979	
0.012166	0.035101	0.004872	0.025989	0.033371	0.035637	0.031029	0.037533	0.001543	0.017554	0.010188	0.004274	0.011388	0.010700	0.031048	0.027362	0.002601	0.029647	0.023992	0.022796	0.034146	0.027643	0.037699	0.003800	0.040045	0.008604	0.031763	0.012143	0.016647	0.004937	0.012720	0.022005	0.003162	0.038797	0.018947	0.026473	0.017955	0.016128	0.009210	0.007794	0.025284	0.029715	0.028269	0.034953	0.009648	0.040340	0.011400	0.011194	0.008819	0.000966	
0.040036	0.001011	0.025490	0.033414	0.005424	0.006706	0.029087	0.030720	0.009854	0.035530	0.021615	0.034247	0.025202	0.017715	0.026632	0.007112	0.026292	0.010246	0.030875	0.030062	0.033989	0.021581	0.010223	0.016315	0.039866	0.030430	0.033633	0.024234	0.002637	0.006287	0.007178	0.009034	0.019817	0.016047	0.012266	0.005919	0.018904	0.010561	0.026735	0.007660	0.018210	0.036299	0.033701	0.005698	0.034148	0.002880	0.016131	0.008667	0.023362	0.020320	
0.038548	0.022180	0.001887	0.010772	0.020662	0.011388	0.036378	0.008022	0.029240	0.025510	0.009724	0.006668	0.018012	0.040028	0.033347	0.002853	0.021827	0.025524	0.039637	0.032591	0.043222	0.010275	0.003348	0.002009	0.042092	0.012928	0.001627	0.017160	0.009060	0.017647	0.014877	0.035860	0.011249	0.040456	0.027208	0.009433	0.021203	0.013594	0.006895	0.004611	0.035208	0.028119	0.013735	0.025545	0.031541	0.028301	0.015038	0.007614	0.025922	0.009428	
0.005206	0.012279	0.015805	0.024493	0.012688	0.002190	0.012097	0.004751	0.014304	0.015625	0.022449	0.010657	0.000456	0.028126	0.034664	0.030740	0.022135	0.012408	0.024771	0.027494	0.012847	0.032659	0.010619	0.030690	0.031755	0.027946	0.003330	0.038343	0.006815	0.028770	0.020638	0.010441	0.027569	0.009350	0.034196	0.037370	0.020431	0.036157	0.011231	0.035234	0.013618	0.031816	0.010829	0.029170	0.004989	0.034980	0.038253	0.028880	0.003243	0.004493	
0.014975	0.023620	0.021352	0.003963	0.023597	0.012098	0.002708	0.001794	0.027398	0.030271	0.005878	0.023385	0.027719	0.001581	0.035318	0.013865	0.008355	0.036589	0.036767	0.020038	0.035447	0.024259	0.037958	0.029361	0.003426	0.020860	0.003953	0.001532	0.034462	0.024004	0.004017	0.021106	0.003782	0.036944	0.032627	0.007105	0.020155	0.024211	0.026108	0.022157	0.021225	0.017498	0.029132	0.028837	0.010497	0.025894	0.004773	0.023955	0.037939	0.015506	
0.026974	0.012454	0.015507	0.027529	0.027932	0.035316	0.027740	0.002990	0.033408	0.012482	0.013122	0.026239	0.033767	0.019884	0.020049	0.018204	0.011259	0.018282	0.015859	0.012426	0.013339	0.007571	0.032937	0.007732	0.023266	0.025417	0.008450	0.031500	0.020373	0.013633	0.026799	0.013859	0.019681	0.015820	0.017568	0.016288	0.020759	0.021241	0.023034	0.025761	0.029548	0.022722	0.026475	0.031245	0.001303	0.008925	0.022944	0.025575	0.025244	0.009566	
0.001193	0.021695	0.013569	0.028662	0.031371	0.028625	0.016317	0.012317	0.025583	0.010086	0.033599	0.022572	0.021298	0.031520	0.012344	0.033347	0.029806	0.027608	0.013443	0.018691	0.004585	0.031666	0.016370	0.003237	0.020220	0.018052	0.020135	0.002176	0.026048	0.020237	0.024865	0.019949	0.025424	0.017055	0.009919	0.033441	0.015119	0.004507	0.005423	0.023226	0.027136	0.030579	0.022195	0.020746	0.015398	0.005036	0.032708	0.027027	0.025997	0.017878	
0.012534	0.017279	0.020857	0.005968	0.030498	0.012553	0.038937	0.008402	0.013823	0.035727	0.033999	0.007060	0.031699	0.038420	0.030219	0.014268	0.027363	0.005756	0.014897	0.038684	0.030031	0.006283	0.036656	0.025239	0.034696	0.025445	0.036198	0.002808	0.006510	0.004513	0.031412	0.025202	0.018468	0.032784	0.027291	0.012932	0.001482	0.016894	0.014206	0.000715	0.002225	0.036399	0.021552	0.021865	0.019590	0.018973	0.015162	0.014601	0.015068	0.005858	
0.036219	0.032852	0.011810	0.031497	0.007506	0.015479	0.031556	0.006898	0.000145	0.021313	0.029059	0.002686	0.028658	0.021385	0.032012	0.022500	0.000238	0.036858	0.012705	0.004629	0.030831	0.012866	0.030414	0.024566	0.006599	0.012863	0.018269	0.017420	0.036136	0.029835	0.020380	0.009597	0.009113	0.015640	0.020836	0.024657	0.030080	0.026789	0.010143	0.029138	0.026136	0.033072	0.026249	0.014071	0.000080	0.033433	0.006416	0.009032	0.026324	0.023009	
0.032634	0.035072	0.002155	0.008299	0.037424	0.013134	0.012993	0.037932	0.020798	0.037320	0.026624	0.021042	0.006449	0.009832	0.024970	0.004550	0.037654	0.036450	0.026814	0.013307	0.008722	0.010768	0.017903	0.032290	0.018072	0.006896	0.027392	0.038142	0.014143	0.008689	0.018114	0.016850	0.031216	0.002430	0.001647	0.033104	0.021017	0.006260	0.011431	0.018106	0.016409	0.035335	0.020693	0.010803	0.010745	0.026229	0.015222	0.028689	0.011081	0.036149	
0.58
