50
2
17.667536	-15.052175	14.478802	-2.385431	15.436894	-11.761152	17.725738	8.813247	-13.447218	-10.100904	19.815933	6.934004	-13.782167	-19.128953	12.273298	-5.997088	19.864980	17.883616	3.784952	-14.370724	-1.154021	5.344130	7.186380	-18.871816	-9.101107	16.751750	-15.231523	-3.418893	8.002229	-7.425707	18.167641	-18.032394	-6.464839	-11.235732	12.751450	18.650236	-6.625390	-3.857149	17.316898	1.485749	1.595635	-8.653312	-15.521290	4.544480	17.167767	-8.440123	-18.388421	3.924600	-6.338301	10.080770	
9.476667	3.885844	-18.908851	9.507165	6.988178	11.935094	-14.836802	-16.051350	-7.344428	4.655295	1.914385	-0.820589	-10.068726	19.488706	-19.583897	-13.051391	-13.653433	-7.729267	-13.752596	8.821359	-3.192889	2.531896	-16.119949	20.413874	-3.870937	13.933943	-9.042032	17.520784	20.634652	17.304194	-2.843470	-3.856928	9.805745	7.515316	18.816832	-15.121607	-11.919394	21.214260	-9.055673	-20.460405	2.750291	-11.609731	-20.225202	-13.495662	-18.713997	7.418678	14.266734	-5.005764	-4.946841	-0.996392	
23.845934	-15.752366	24.666985	2.555774	-2.560352	9.947454	-0.968422	3.460328	-23.390750	-16.787238	-14.001826	-5.868998	23.107947	11.394062	16.886483	21.307656	-15.659454	9.691601	15.167721	-8.421862	-12.407843	-7.951871	-9.547581	-20.094866	17.960544	-4.392832	12.263113	4.830122	-12.700561	8.476915	24.361185	-18.816864	-2.328334	5.596861	13.427851	-5.971403	-0.775587	-9.295116	10.118984	2.229804	-15.707069	-13.529907	7.295566	5.698657	-9.124722	20.179208	-7.483199	22.927569	-2.179557	-21.337742	
9.551080	7.302468	-15.338592	5.815867	24.628151	13.126286	-24.956406	-31.034271	22.670264	16.371705	20.777857	28.619726	8.967475	-24.427200	-12.559254	1.181054	-0.812036	-15.090494	5.140218	18.965822	-10.896788	-1.256780	24.077343	2.230812	18.341395	11.379165	18.949240	-15.882459	-2.353479	10.550248	24.171569	-25.705217	-29.873192	1.799688	-13.558019	12.024720	9.295392	15.831789	25.920998	-22.297353	-13.161728	-14.006206	31.291183	25.671522	-24.379155	18.526746	25.706450	15.915445	25.613548	-22.907781	
-10.035497	14.480221	-8.647035	-1.324919	-10.605122	-2.941940	17.265784	-22.571401	-23.708444	13.848547	18.374712	-14.231751	21.273048	-1.983833	-1.148799	14.361255	-4.852280	18.191685	20.689649	20.100981	23.135969	-10.701102	2.947275	8.743488	-15.394843	-10.963135	18.692601	-0.505357	-9.035953	9.246477	-18.177776	-11.540016	12.554079	-7.019763	-8.705830	10.076699	-8.518856	8.889749	17.811580	-22.601905	19.095665	5.511696	19.732714	-14.887171	23.400012	16.785613	-8.087864	3.880977	13.261176	13.111574	
-1.484863	3.805607	-9.035702	6.289437	-5.334800	15.569702	21.223692	-11.675053	2.070418	5.017584	24.957002	-5.353691	-22.604071	-12.639438	14.913180	-24.498495	-0.068356	20.835172	-9.268448	-21.852124	-14.268198	17.094992	-2.273725	0.776310	-23.835396	-12.894618	20.455330	13.867881	20.634880	-18.240334	-27.231317	23.141432	-12.212815	28.966252	-24.455056	-9.200844	-13.318779	29.283353	-13.109716	29.744747	24.981582	14.914260	-5.164789	-25.307322	8.241216	18.834722	18.397955	-0.306809	-16.195182	18.692738	
-26.697499	-27.318299	-5.813552	28.019231	-1.713289	-28.517113	0.081776	1.120257	-17.819124	4.958645	13.994974	-22.556360	3.571631	7.626072	-2.904710	24.153273	-3.424219	7.280227	-28.706676	12.348739	3.252399	27.020605	4.368791	10.761778	7.302010	28.856753	-14.083105	28.037971	-2.687155	-7.109751	18.927023	2.286115	23.829611	-19.392832	13.770866	-1.880265	15.322221	-1.933259	-9.674023	-23.117730	-10.751284	12.745339	23.633062	26.657094	-28.245344	-13.587181	23.983687	4.404490	-7.248150	-8.396251	
-32.189557	9.467113	-27.684064	-21.238899	17.922838	13.065877	16.321440	-34.528383	-15.720244	-33.153217	-18.412288	14.006959	10.906054	-16.547154	-14.383050	27.751103	-30.952486	6.372765	-1.775977	17.579100	-30.935451	-7.962129	-27.138425	8.627109	27.293158	19.618097	14.611787	-26.407796	3.394505	-25.350464	22.318512	1.777946	9.326888	12.739857	7.638067	-1.463348	32.130858	23.607966	15.525535	14.037356	10.542502	-19.118363	-30.530308	-23.600427	-14.767424	-16.484680	32.368943	19.150971	1.029972	15.983360	
-15.787420	-1.669331	20.984257	-22.743026	-7.294954	-24.509771	17.268475	9.323582	9.480385	-13.621335	-16.825518	-15.928840	20.633058	7.802839	-14.144357	2.164429	-28.474814	25.974641	-6.368380	4.399295	-18.108840	23.435004	-22.511199	-8.725640	-7.751148	-2.916856	26.391436	10.853887	7.831336	-13.289301	-6.803792	-28.440150	12.417820	-1.478029	-27.943450	9.129998	21.626514	26.341115	21.128954	-2.430304	-23.088908	-19.629389	-29.507371	-25.135895	1.863009	-25.393935	28.790154	-27.159757	22.447261	4.965187	
0.734843	18.155453	-3.933755	25.738211	-13.831385	-1.434075	16.725222	-16.774947	13.540180	-17.643047	13.913517	8.328513	-24.011846	-11.932117	27.916231	-15.208089	-8.274583	15.114740	-3.784025	-1.632954	-17.124228	-7.122376	4.680925	9.288667	-13.375231	18.107369	-7.481554	8.019856	-17.182160	3.366334	-19.004345	-6.193234	11.625702	-26.454844	-14.063044	0.866666	-22.544983	24.909491	22.781431	7.666225	-6.049951	-26.889955	20.277723	26.818630	-22.076212	12.935924	1.683409	-26.992542	-22.656981	17.744433	
-19.886021	-19.890878	-19.476166	4.809684	-0.406306	8.497788	8.446732	12.773274	-2.096171	-11.905283	6.639788	-0.754801	2.339612	-3.409513	-4.359775	15.094024	2.163580	-19.768702	15.863066	16.568243	8.991884	-17.430021	-18.245473	-15.062235	-12.451482	8.362713	9.191668	11.058854	9.599242	13.253929	-1.421779	14.782071	15.143826	-16.011895	3.886360	-12.260560	-10.824395	6.282250	15.353965	-9.679093	0.248296	19.927478	2.023678	-15.272355	-5.893809	6.779326	13.725171	-0.988244	19.734439	16.672392	
0.603401	5.183399	-10.496386	3.658457	4.873449	7.587171	19.031437	4.952502	13.002099	15.888694	4.406893	-15.459888	12.719255	-13.607271	-15.585293	-11.746301	-11.183678	-18.182426	-9.744980	-15.887133	-5.696849	-6.340981	12.326850	-12.999261	-10.984016	-12.790817	-16.123550	-16.542798	-14.883856	-17.999142	-4.264533	15.534593	10.323829	-5.687656	-10.648350	8.471330	18.120942	-10.079490	-7.801271	11.854267	-11.590005	-12.499458	5.858557	-19.736204	10.035443	-11.839695	-0.480472	10.066169	-12.383575	-10.416170	
0.573259	-24.058896	2.967143	17.531787	-1.806800	16.061683	-22.630674	6.092970	-5.035274	5.721149	16.441936	-18.136509	-11.686490	-6.752010	-15.150325	11.955388	21.003690	13.102738	2.493598	11.312842	11.622378	-5.888036	14.622759	-8.332257	-9.242906	-17.134022	-3.283181	-13.934243	16.757939	0.721288	5.308480	-15.733985	22.663724	-4.701853	1.373358	-19.760418	-6.349069	13.449451	22.402136	-17.734679	-5.573120	17.045560	7.967281	-22.638826	1.708261	15.053165	23.322247	21.552808	-1.513269	-17.795972	
-20.637628	-12.494145	8.517703	-10.103200	-5.633997	6.871296	-9.504701	6.314840	-21.615359	-0.302385	9.818548	-2.401282	0.145213	-4.361978	23.319652	-17.184677	-18.704428	-1.041439	-16.376115	-3.276429	-11.291431	-0.461016	9.107835	-12.198182	-3.976794	-24.360435	14.385539	-12.816964	12.428187	15.113979	-13.950619	-7.743528	5.154749	-15.565955	17.824189	-22.652581	2.470510	-7.786828	5.656268	-18.416646	-22.767945	15.432021	-17.018541	-24.195698	7.114865	-20.567094	-10.070607	19.627873	-18.569847	10.800320	
-17.646369	24.767491	21.535263	25.416171	-26.800248	24.680261	-15.614542	-21.853509	-17.821537	24.420944	10.720692	5.839545	14.809632	-3.147725	13.270608	5.583061	17.910308	-18.461264	9.304014	2.316761	27.449272	-1.494499	-18.820042	27.205444	6.971577	-14.304059	27.289324	-1.916383	7.051825	2.497842	25.140895	-19.589529	-0.594183	-6.475057	-27.810685	5.949788	-3.127704	19.700557	-20.773039	-16.454455	-15.862467	26.973279	10.805867	-14.866542	-14.992356	7.998134	-2.129411	-0.953618	-15.322067	19.714177	
15.803825	18.545735	-19.620810	-17.611274	19.206683	8.863093	8.536860	17.541343	16.836363	-9.875995	-11.027272	11.110824	-3.529730	-6.512288	-2.643884	17.387941	-20.927202	-26.521080	-23.781580	-28.263625	5.700280	22.663169	-4.221409	16.048084	-21.892962	25.800211	-12.756932	3.729790	0.583020	4.445045	10.071989	-13.908630	-20.777888	1.029579	16.536860	27.546627	-14.867179	-2.958297	-13.640820	0.326583	10.626479	-15.003058	-6.502263	21.400474	20.974185	-8.094483	-28.091389	-5.450428	9.688883	-1.540584	
0.790779	8.090638	4.697847	7.532234	17.344269	13.898867	8.331578	-21.471024	-16.478575	19.699140	11.946592	-2.634582	4.698360	0.373943	17.599871	7.146782	19.221717	7.744746	2.786588	4.228810	-19.612625	1.875234	18.425158	17.758957	-2.193831	1.163676	15.095053	15.601264	-13.527773	1.345038	-14.135585	-19.346039	16.890312	2.922401	-11.868814	1.080349	4.281842	13.708853	-9.202744	19.237467	-3.848664	1.106740	-12.288496	-8.384195	-7.047401	15.605202	15.118843	-18.796307	4.440494	-7.713347	
21.707086	15.186561	11.034303	3.875035	-2.215130	-27.520213	-3.490849	24.529276	-1.968940	-12.255659	18.267829	-8.856834	1.579376	-2.502299	12.145619	5.087558	-7.791507	-11.491686	-17.162916	-11.148840	26.548917	6.502095	-23.736076	7.869968	-0.471679	25.109266	12.758140	-18.053367	20.149897	18.632785	17.974841	8.428034	19.443853	22.381426	22.483170	23.488231	21.571073	-19.364749	16.459380	-11.509364	20.881174	23.691103	4.925522	-7.182179	21.273231	-6.712694	25.172349	22.779261	6.117892	1.736548	
17.223068	8.200658	-13.817456	1.519187	-22.214315	19.814758	12.795407	2.842806	-18.117257	-19.745397	2.373225	3.884287	-8.224114	14.804319	9.098464	14.710293	-20.489872	3.180388	4.680567	6.677574	-12.118033	13.951567	-5.091174	3.275672	18.999986	-3.478196	22.390588	-21.898615	-6.364540	-0.542478	-6.855745	-20.296010	-5.405127	2.327260	-0.250978	12.177570	-5.697976	-22.243339	4.424844	8.988024	-17.142975	-9.970497	-22.161815	17.591199	21.391078	14.796144	2.956797	5.050077	9.236513	20.638391	
-9.280269	7.488200	6.161326	-22.691017	10.673632	-17.258359	-0.957456	8.636320	7.302944	2.458159	21.681022	-11.096905	-8.841870	-20.501721	-4.927945	-7.029905	19.241917	-10.483811	2.132631	-14.998321	19.808736	-21.434297	-18.657069	-9.416805	16.455066	-14.551635	-22.542148	11.313321	-3.859278	10.132067	11.769581	-6.137787	0.191685	-4.259572	-12.901925	-8.455138	-7.374917	-1.228159	21.801533	19.421633	-19.474173	19.363739	-3.819337	18.243448	-8.558550	-7.982355	-19.799129	-22.726163	-7.183859	-14.309917	
-22.154643	5.369684	-8.706332	9.347996	3.176239	18.143470	11.286215	22.178077	4.645421	-6.437923	20.627817	-19.571376	9.623283	6.380970	13.705640	7.505938	14.197222	-10.807671	17.181788	-15.608749	-3.135889	23.754691	-22.070112	-12.755382	-20.197261	-4.935409	-10.877646	22.822808	-10.645623	-0.571968	-10.306797	-17.315790	8.764926	9.176047	-15.992116	21.631686	11.746865	-10.865334	10.141911	3.121306	8.485208	-15.992775	3.973688	-2.232189	-0.960360	-19.712700	-6.735292	-11.979456	7.204880	-2.619823	
15.162342	-13.643806	-15.461841	14.490948	-20.275877	11.612747	-14.204828	-6.552541	-9.941138	7.233495	21.494064	-3.806701	-14.186160	18.896611	2.253766	2.436375	21.733609	-11.744990	-6.179354	-6.365020	10.127744	-19.659261	19.184663	-18.545812	1.097252	15.392113	9.006246	-1.690280	-5.363252	-18.449493	-11.344700	-21.919898	1.395215	14.232315	-7.238567	-1.514871	-6.288185	-6.900081	21.657329	7.588249	0.823157	14.363410	0.953471	-5.851601	2.798953	-7.430633	-0.141978	-5.159322	12.190288	18.072759	
7.646123	4.082720	-5.401282	-7.233608	-2.610253	14.458455	12.343227	15.692464	22.912289	-13.513876	21.301589	-18.552544	19.480809	18.484701	23.149753	0.083356	14.767892	-18.698578	-4.979391	-23.066094	-17.884777	7.513697	-19.183323	21.458604	-20.425804	23.251883	5.620222	-9.160269	19.000926	-1.756882	-3.948982	18.672627	17.358747	-0.361035	13.628801	23.734324	-12.659036	-4.563001	-3.772628	-3.301032	-10.584697	23.640017	11.923442	16.852357	-10.438538	4.552599	11.272094	-22.977952	1.514318	12.701300	
23.651122	-16.816006	13.011287	26.528134	19.562684	-24.351443	22.274846	16.784059	-22.894695	19.720256	3.594902	20.744547	30.516229	4.537752	13.009302	11.702448	0.625429	0.143000	23.205463	3.591452	0.988694	27.764811	-2.851874	23.252657	-5.359985	10.585690	-7.777470	22.267315	-26.027056	-17.639730	20.729100	3.020405	25.958821	16.038082	15.938571	-22.120363	27.733110	23.773832	-6.498378	16.925915	-16.607338	-12.565556	-30.611305	-12.784486	22.198818	23.385152	-28.075480	23.401915	-21.301305	-9.222426	
-11.054330	-3.167080	3.921904	-14.240090	-17.506866	-0.644925	20.085796	-15.132632	-15.454825	0.784076	-4.346828	-14.430453	16.096465	-16.313295	11.623380	8.649705	20.409005	2.930409	16.236464	-10.272344	-11.854395	-5.915367	17.415180	10.468915	13.976596	15.510332	-1.795801	12.346647	-14.818097	-19.871624	3.212679	-20.374451	-14.875350	6.300594	-16.493064	-18.589904	15.652013	3.323002	-19.686374	-6.080094	13.267749	-5.916023	17.232371	-8.252570	8.366616	4.410640	-16.412018	-6.504045	19.743257	16.820187	
25.567683	-0.555265	13.269981	-5.016094	22.102042	-29.943682	24.232577	17.411574	-18.051456	10.032063	27.834235	-25.409575	8.470046	-0.309271	17.072992	-8.001572	22.949536	28.966173	2.907860	-24.861773	9.861977	28.703286	20.162687	6.011887	26.521454	17.828338	-0.464608	22.867389	28.578890	-7.304111	16.449116	8.977529	19.833387	5.551324	-18.473928	-18.689948	14.603296	10.387344	-24.182016	-3.068357	7.307136	3.575141	-10.436450	-11.627867	-14.297964	21.176495	-21.219045	15.906823	-22.784279	20.828688	
-18.937929	2.313062	11.047242	-3.426879	-7.414122	8.011602	12.260014	-16.234220	-13.537072	13.324868	3.452321	-2.947244	-17.022543	-9.558205	16.664562	2.812605	-19.680975	0.619121	2.690479	-15.813670	14.222316	9.224326	-4.027118	6.515293	0.213040	1.511602	16.492534	13.338355	10.661020	-6.986171	5.735493	-5.823077	-1.750924	7.110485	19.113031	9.329262	-18.826743	-4.534528	10.950240	8.635114	2.179960	-13.473481	5.855346	4.346536	-10.182566	11.273713	16.410473	9.941993	2.584183	-0.450155	
-12.157600	-3.843024	-24.783237	-15.896183	25.873159	4.163867	-9.519061	22.478052	8.201293	-4.177495	5.435161	-3.907213	13.730956	2.117769	-0.104932	23.386665	-11.630462	-10.206447	7.571975	23.444705	18.492674	5.574187	6.208840	20.549099	22.917742	-21.994120	-19.951131	0.948790	-1.194537	-10.679430	-8.871886	-9.346654	-8.580777	-9.325036	5.843244	9.082062	-2.602105	17.850875	22.908413	-2.948773	15.325644	15.970028	14.334950	6.813757	-14.246410	22.671834	-16.175755	14.241935	25.015644	-4.443464	
4.993792	-17.866484	-7.637792	-14.772977	-10.691989	-6.688655	-17.692947	13.128397	18.204177	3.397468	16.723737	-16.619268	-8.337274	15.630192	-19.610400	7.396338	18.931552	20.304955	-4.266514	14.237050	14.093442	-0.193313	-0.743008	10.955294	-19.070745	11.591591	-3.851621	21.570712	-18.319673	13.799305	-10.090290	18.055657	-2.651735	17.729391	0.330603	18.156216	9.227533	14.671179	-19.518572	9.902460	-3.903238	-7.215613	-18.816759	-1.672378	8.671322	-0.953753	-13.060699	-11.478114	-11.340173	-6.003797	
24.689230	4.460519	-11.725079	-20.679288	-13.621840	-19.778602	22.962428	9.287303	-6.423455	-14.654047	-17.781019	-16.270229	11.905068	11.312240	-4.928151	6.053828	14.820445	-18.605404	17.135233	8.676720	-21.215893	5.859714	-12.760786	0.841829	13.076077	-26.849316	21.346647	-8.894128	-26.800244	15.204141	-13.793103	-16.393882	-7.788131	2.168847	22.352687	23.638599	25.361011	-25.484726	13.205281	26.199048	-25.948832	9.553310	-14.876863	26.425514	-7.456837	15.976091	1.720205	-12.187418	-19.983766	7.523147	
5.417130	-19.820997	23.844166	7.154640	10.555023	-7.531507	21.978464	-18.179080	7.517533	-19.673506	-12.999513	10.208896	7.936601	17.739906	19.883684	-24.527451	-0.149336	7.318074	-10.095679	7.722180	-25.453560	18.845015	-2.771625	-20.529353	4.838378	20.637133	26.949667	-6.830551	-12.835220	11.123758	-23.120713	-4.742966	10.486931	-16.652570	-22.399135	-8.723867	14.930994	-6.217982	-7.603876	21.301385	-21.136733	3.234311	16.279529	-2.793600	-11.202695	-1.969737	-6.478184	0.332232	-19.003372	-4.060670	
0.022215	-12.085026	19.549865	11.339283	-0.177312	18.719214	18.656075	-6.007801	13.605721	-21.182839	23.298676	18.267534	-20.854271	9.382587	15.709155	1.964761	-19.844953	-11.351413	-6.841244	-1.621265	-3.081781	2.221373	-0.661986	7.626349	-19.794875	-15.993023	-6.024771	-22.535278	8.224425	-9.756956	3.392566	-11.202269	-15.036440	20.366410	-16.181644	-8.183156	-22.863076	16.197128	-19.679277	-7.295003	-5.616826	18.507640	-0.334660	21.861512	-2.716348	-9.478150	-19.577462	5.957920	-6.268290	20.833968	
11.457208	-1.654431	15.864984	0.271829	24.079696	25.070603	0.799439	-3.853739	21.179413	-8.753398	-16.912757	-1.868817	18.694983	20.503427	5.178937	7.110508	6.036550	-5.355479	-11.280865	-13.903357	3.657997	4.940418	-22.476313	2.301348	-16.929764	16.138509	4.205993	19.775248	-22.642628	-9.981578	16.016174	13.836911	6.048233	-5.309828	-11.182310	6.151725	14.866727	-21.254313	16.359006	4.584182	6.184995	-23.542805	-6.701518	4.579600	5.268837	15.956406	-14.901294	-1.929084	-12.897718	16.250734	
-0.702223	18.491859	-7.983419	19.895141	-8.405877	10.297460	-13.054641	12.084950	-5.787505	-1.699334	-22.967553	11.014575	12.509008	5.923914	-23.417569	0.367580	4.949864	9.919562	18.064253	-8.165794	-1.365325	6.605379	8.529338	-18.644729	-1.342263	-17.040850	9.611066	20.195011	-17.809295	-15.238426	18.349914	-20.873094	13.368529	4.934092	-3.306672	4.703447	-1.698433	-10.016048	18.987680	-9.973874	-5.119446	6.905772	14.801704	-9.552663	-1.880382	14.542577	18.130056	2.821823	19.828408	5.211893	
14.662595	-2.824062	8.090271	11.849738	19.464282	6.489550	26.988712	20.757131	16.037635	4.768982	-21.831233	1.557829	-19.376503	14.147785	-7.351726	-23.031774	-20.954957	22.334032	-1.476827	-0.044501	-19.682970	18.492699	12.652765	-18.131780	2.057220	5.651123	4.567218	-23.083039	2.531929	8.766323	-25.576397	18.242798	-8.782336	-19.240150	5.873189	15.274908	26.168074	-9.043875	27.170007	-13.022098	-24.595533	-3.456091	-17.989566	11.267275	9.233368	9.158480	24.801028	-16.781852	17.837006	11.615214	
-17.140462	26.378034	0.925370	-4.983915	11.430675	-10.462921	-10.455175	-13.041538	13.535409	-10.283091	18.321443	23.330929	16.546465	-0.411059	-12.852378	21.397894	-18.297407	14.057285	12.666409	-5.453000	6.938732	4.785834	5.677471	10.953702	-20.437877	24.386255	10.461414	-14.045668	-5.529676	10.130335	23.911462	-5.100904	25.002431	23.192626	-20.108589	6.629984	-15.813024	1.732575	8.170022	-3.074113	14.573985	-24.804831	-9.707028	7.724472	-19.342901	-11.142972	-10.852940	-0.328617	14.655551	-12.199230	
-7.204681	-4.720287	-16.949665	-14.238514	-14.674766	-2.439195	7.215738	-10.259262	-8.635946	11.841993	9.634814	-1.371538	21.642037	16.404430	1.798564	-1.740083	8.863176	19.651901	-16.040659	-18.848251	11.162422	-5.625096	16.232516	9.039922	-0.885588	8.363342	10.044356	13.800855	-12.249569	-5.702212	-20.182890	-0.293267	10.360561	11.235871	-14.404536	15.110468	3.609610	21.729304	20.527931	-10.858265	-3.727707	-3.159156	14.627916	-3.563779	2.367310	16.088031	-4.570522	-15.631267	-7.630532	-6.398001	
12.277404	18.522999	-23.667038	2.842707	8.093074	16.421575	-22.660786	25.656619	-16.863665	21.617834	21.696526	0.651879	-23.152737	-19.651281	-8.620756	-16.716314	-9.241115	3.607797	-11.969206	-0.624352	13.953367	-12.001674	11.642770	18.586676	-1.672112	20.619380	7.553005	-5.357829	-18.193606	5.199439	15.683629	-14.413215	8.270327	24.880724	2.750190	19.907069	-1.659444	1.527083	10.773313	-16.284676	20.899902	19.781786	20.404311	-8.007385	-3.818780	-5.654766	14.093246	2.488101	-7.407377	-3.867123	
-12.699418	-2.018432	17.913896	24.539510	-13.851573	-10.343371	-9.897304	19.278916	16.199755	22.903883	21.710724	-20.218075	7.289710	-19.316099	3.568212	-24.562260	-13.895890	9.762764	-23.863899	23.313278	7.953250	3.100175	17.669595	24.962917	-12.907427	-18.963618	17.021680	-17.211049	-22.557425	10.366357	25.734872	-18.127829	6.605425	23.266722	7.371819	-4.647918	-9.951479	8.807748	-8.663127	-16.895470	22.351500	-11.993755	17.074846	3.079086	12.665082	-16.056262	1.369900	12.711007	-5.044916	16.315374	
-3.131987	-25.856530	-7.879601	26.816271	6.581908	5.705822	2.092713	14.037297	23.993106	-21.121942	-15.301352	-11.097650	-25.415603	26.584509	-22.414344	-27.568639	17.551106	-10.573871	-15.163787	13.324747	25.533554	-10.425375	23.587679	-21.881214	27.091437	-25.722580	-16.480248	-20.655167	-22.410608	-10.421239	14.877028	11.539890	18.912431	6.491082	-12.237020	-15.877185	26.446465	-20.255944	6.933838	6.614213	8.664337	-10.574288	15.791178	-21.574285	-16.721631	9.446737	-20.968504	-15.975046	27.912099	-22.861208	
-6.206992	6.780700	2.247447	0.819194	11.649120	21.666080	-18.711632	-9.139193	-10.014134	-12.558645	-3.000878	-6.018606	-10.902349	-16.242124	-12.370594	-9.949672	2.806021	17.359532	7.414362	-4.932152	4.444932	6.772506	-15.638381	-24.919949	13.890238	-9.603885	11.911076	-10.202627	-6.847408	-14.578225	22.709373	17.968586	10.836457	-16.751270	-12.210748	8.540371	4.412886	11.894088	4.672048	-26.962823	16.533120	-7.418728	12.645741	-24.625099	-20.817203	18.029387	-8.713746	-4.978162	-22.818396	-7.151904	
-8.349958	-19.112620	-13.969446	20.331509	3.951007	2.279967	-9.476916	-15.276150	19.071486	13.401530	-3.799148	-2.970194	7.783515	-18.439700	2.523514	-16.909911	-0.388699	-19.128278	18.920388	-8.941458	-2.066596	12.806773	9.983663	-19.956887	3.948182	-9.776152	-8.983083	-12.519501	-8.487127	-2.653489	20.467942	-7.950114	5.150236	18.573288	-13.136240	14.958676	20.642539	18.121961	-6.795187	3.136020	-9.307604	15.008555	14.237767	-9.875026	5.778582	17.914242	-8.137675	-12.322793	-12.812389	-10.114647	
10.587900	17.284580	-13.837929	0.973939	-15.084920	23.842961	16.698784	-6.229622	-23.237912	27.224084	-22.704283	15.055203	-7.540079	10.000274	-2.243106	19.431767	0.547378	-20.783389	2.407172	-4.684935	-0.794622	-19.974665	14.653783	24.975166	-4.764670	7.343920	-23.761238	-27.495596	-9.914807	-17.595890	-6.260989	17.959507	-8.945736	-9.414210	14.962983	1.662854	-19.765601	13.349559	15.268378	-8.288357	12.813697	-23.986110	13.198299	0.870660	8.210216	25.203559	-6.448699	-11.373201	-28.543965	-0.236844	
-10.594664	-3.479567	-6.988571	-12.967503	20.337902	21.639723	-17.834083	0.933224	-18.323972	-6.970681	17.496592	7.709334	-20.625305	-10.971873	10.875702	-16.153277	15.496901	-12.918690	-20.623823	-14.941597	-13.529658	8.964292	-12.522004	17.858914	-1.268349	13.588103	-1.532517	11.855570	21.792708	16.457136	-21.328089	18.536585	7.452800	13.874030	12.816296	-15.907171	8.462971	-15.200661	-11.018067	-7.340680	6.158047	-4.798198	13.054831	-19.874827	-12.938053	17.622274	-6.619399	-21.489374	3.204202	-3.009916	
1.079750	12.905150	3.559342	-16.721091	9.703458	-17.154495	15.398723	10.932753	16.619640	8.931664	0.136683	14.223867	-5.793616	-6.858148	17.177423	5.647164	-19.409714	-14.528459	19.963540	-18.181552	-6.004387	-19.165654	5.167961	-15.400003	1.886985	12.465108	-17.754434	3.568237	-18.017172	18.852622	-3.052923	-10.519819	10.292700	-2.427940	-4.813214	-5.860532	9.614394	-3.608580	3.989479	8.098212	18.659666	15.193524	9.075962	-15.037530	-9.772621	-3.247674	6.727292	4.244550	0.182133	-6.384670	
24.462872	-6.196208	20.994677	-6.746212	-17.526719	-11.624449	0.043556	-18.645220	22.550957	-17.952117	-4.291161	-9.782424	24.393073	15.843053	-18.054724	-6.705986	2.011382	-1.656442	20.280731	17.604659	-5.250052	4.744299	-9.749202	24.432207	18.898207	17.428202	-18.828481	-11.895497	-20.050342	8.667821	-21.856212	-5.234260	13.571382	-21.350541	7.612799	-14.679426	14.064559	0.030563	8.816190	-3.552788	-20.902470	-18.117984	5.033631	15.041192	-20.669574	3.129523	-24.479958	13.602697	-8.940571	14.868916	
-0.588695	-12.675614	17.495206	12.408582	-29.404670	-30.542778	13.285890	-12.793131	-21.476584	-18.624551	18.552692	-0.741606	-17.790313	13.366371	31.086430	-23.658593	24.827466	3.774928	-21.007824	-27.454455	20.188610	-29.682475	4.004674	-12.405988	-0.863210	3.477356	-0.606957	-23.388963	-9.797150	6.674379	-29.645065	19.558735	27.854342	-9.149786	-0.799222	6.028761	-11.135076	13.812847	-8.402873	-7.508335	24.135869	-20.510235	-19.856034	17.735242	-10.650483	31.422334	-31.387417	-10.142125	-17.922092	11.633777	
-6.710423	1.016710	-15.261446	-15.558319	20.408606	-17.845293	-20.719775	-19.447123	6.376378	-1.065692	-0.866171	-5.507406	2.836854	16.663516	-0.561619	-11.430196	-11.255638	-4.570486	21.282807	-20.661042	16.208443	4.843424	1.288836	-0.917169	-12.714104	14.928051	5.135114	18.359111	-12.019634	-8.488162	-15.294071	2.007171	8.950921	17.418875	-5.414674	6.641136	-8.007943	4.443919	17.165628	1.280479	-14.055138	12.202148	-1.039697	10.542985	-19.067426	15.251694	-17.226034	7.858542	-14.827494	7.713304	
24.139411	9.514707	14.945183	-2.112073	10.149419	-8.019067	21.925489	20.073314	14.760794	25.585978	-21.817915	3.392124	-12.571748	-21.824282	-18.938610	16.042540	19.698291	6.978197	15.823479	13.028683	20.874397	-17.512242	5.672714	-12.246269	-0.501291	17.209227	5.500362	10.118907	-9.173486	13.326233	-25.513546	-0.707760	-2.000603	20.719174	-14.427545	16.313802	-12.476144	12.702712	-0.820169	-22.797375	15.342886	-17.941373	-5.633168	21.797852	5.401183	-5.678740	-3.622936	16.609421	-0.522672	4.662160	
3.766241	7.098581	18.838051	-22.488559	1.292777	7.273265	-12.028712	0.934934	13.614593	-20.060368	5.331665	-13.776643	-4.062775	21.290299	-8.168810	-4.709607	1.525028	1.810698	-7.505678	18.858231	21.111410	-22.584957	-7.406052	-21.399377	7.673339	-11.049836	-6.908790	8.090462	6.525267	-16.978860	8.676817	-17.046925	-10.460944	12.092466	5.411049	15.991641	15.371024	-14.066688	-20.658252	11.348672	-0.761020	7.042638	18.536643	-16.281744	-6.185096	9.051752	10.992953	-18.431353	-3.538056	-14.391018	
9.593558	2.907309	11.995557	-5.772663	13.057051	4.301351	2.074409	12.875872	-7.066581	10.549847	-5.839188	-10.707164	12.889001	5.917671	-20.093100	14.393082	-23.872171	3.442722	-15.243207	26.516546	-25.970176	-19.651411	21.907333	5.698663	12.092817	-20.198253	-24.384227	-3.824483	-2.211671	-18.436417	18.307925	5.921905	-6.466812	-20.116093	-10.524863	-18.434982	-22.772663	11.842250	10.250916	20.045436	21.125486	24.201140	-17.252983	23.431059	-18.039045	-24.033241	21.598187	-19.714932	-1.130534	18.561426	
7.154494	7.240926	28.431311	3.792606	1.282929	8.616459	-20.373664	-29.712934	-17.411723	22.833302	-1.478893	3.785159	29.165960	16.818709	16.052171	3.150143	-30.060176	5.802881	15.357175	-13.674612	30.571658	19.950819	29.785641	-29.615200	-30.387775	5.027860	-13.102463	-24.546277	-21.327121	-20.712752	-9.586841	-13.518927	-28.530334	-8.633856	-3.828861	29.779246	9.847401	-10.963746	-27.439121	25.995545	-26.996218	27.688082	-7.631675	-26.949768	-5.168419	-17.412760	4.913857	26.606408	6.367350	-29.455049	
23.419734	2.786141	-3.983508	-17.712193	10.238961	-5.096414	-17.410080	15.434981	-16.082216	-0.212389	11.374259	14.585275	14.533964	-12.234918	9.177071	9.580470	17.326964	-20.894487	-21.994471	-3.741060	16.682098	2.352005	20.630652	-9.751001	-10.231610	2.820667	23.697009	1.528468	18.503180	-20.764489	-18.746713	-18.722512	-9.308068	-6.865269	20.710667	-0.626296	7.745939	2.317129	3.757583	23.626045	18.422747	5.019048	-22.421344	-6.718901	21.732159	6.464191	-13.729689	-9.624784	-19.795547	-16.983769	
-24.939586	21.457314	-7.204267	-13.855823	-15.281647	-24.205424	-21.403764	13.264108	2.550660	-8.931534	7.375494	13.321241	3.672516	22.431395	-20.642684	25.344764	-17.020246	25.606876	1.849860	-23.082061	10.220569	-20.310581	-11.712657	10.793745	5.730776	0.178974	-15.553610	-21.135701	1.282110	-5.734894	-17.952474	0.753371	-12.543706	1.745523	3.422386	-19.344730	21.409552	-13.534782	-1.875588	13.932476	-23.440306	-24.906401	-23.654338	24.264598	6.579488	-5.296828	-4.792100	-19.548734	-3.826880	16.447824	
8.783849	3.869153	-0.091699	28.455949	0.303568	20.579097	12.251853	-14.166581	26.701185	-9.001314	-16.250714	13.842980	-13.747413	-9.619488	28.270042	-3.078100	5.221282	-26.473394	-21.685415	24.002019	-5.544553	-6.806790	2.747618	24.293090	-3.650621	8.566759	28.846511	8.122371	19.982639	28.172044	2.555089	10.445837	23.970774	20.602944	-4.878198	-26.961657	3.072059	0.259435	-1.236990	3.967582	-6.042525	5.078059	-24.333527	-27.154239	29.461572	29.196821	24.730364	1.349647	10.977804	-3.135009	
26.663265	-15.089156	-17.596601	14.383129	6.765280	4.964921	-3.135023	-22.561019	-4.549475	0.923029	-0.317994	9.993495	-18.592545	9.141767	-3.918693	-24.864331	2.480796	24.099409	25.955496	-13.752126	3.622878	27.912381	21.698947	-13.501827	11.588287	-23.348223	22.019782	15.462665	-0.428868	7.889550	-4.859300	3.746085	3.038770	-14.685851	-3.701498	-7.655623	-2.705449	21.976965	-3.214079	7.759499	10.445650	-27.209783	16.539705	-12.852291	-12.330538	-2.122496	-11.148558	25.180017	-3.871300	-22.279090	
-4.483390	-21.525826	-9.404306	1.262447	4.554806	3.302206	-13.516181	-20.562885	-9.614813	5.048893	23.864526	-24.123572	-3.174187	-23.918274	7.711415	0.225244	-20.537564	-24.975662	-21.860594	-15.885394	0.202475	-7.382590	7.263143	-22.140512	14.565425	-4.256516	15.544699	18.784433	-7.366183	-3.166545	10.061713	-19.285542	-1.447326	10.915987	-18.703029	7.572075	-21.123741	-13.850528	21.864629	-19.462422	-0.853772	16.682473	19.147477	0.097532	-12.622615	6.021408	-6.938156	-12.216866	9.169652	16.424015	
-9.559206	-16.393939	8.727542	-10.217636	20.064126	20.045177	-16.286364	-19.990307	-17.136022	16.233464	-18.209998	-6.428400	10.853219	20.863011	-6.914803	8.552337	-2.424584	14.760220	-13.259500	-11.830136	-13.644168	15.329915	-7.604054	-19.127978	8.024984	20.673644	12.694463	-7.236000	-13.304940	-10.516684	-11.611669	-17.978624	-14.894852	12.752693	18.936054	-6.730911	-13.896133	-1.099713	5.242020	7.439797	-16.815215	7.155138	11.440278	-6.564363	-1.445536	-19.093116	-17.801341	20.983223	7.720453	6.829338	
-6.408861	-4.914819	-19.054096	0.438819	-15.151906	6.655835	27.927423	-17.725847	-26.176587	28.174630	28.005795	26.859981	10.698170	0.606023	24.582873	9.811273	-8.072234	14.196335	-27.250387	21.872697	-25.392076	17.078008	14.357828	4.967865	1.624465	-27.889060	-25.797543	-13.598261	8.110039	-6.280405	-5.626111	-23.951800	28.483328	-14.924812	-2.466085	12.891308	-2.905503	-0.801372	28.889688	6.448814	16.242385	-4.825873	-12.605921	28.012195	10.618035	23.652130	-5.559024	13.197517	25.092694	24.523560	
15.163532	8.225192	-22.950257	23.607462	-26.708431	-11.452839	24.103316	-22.550072	0.476316	1.852812	19.685131	-12.600649	-17.616093	14.043794	-12.349899	27.219992	-1.355499	-10.344626	-24.821211	21.022989	21.241014	21.103360	27.534520	-11.500604	-15.041184	-16.785177	5.619528	20.256527	0.956370	-10.839071	14.207791	-8.957286	14.916684	-29.287870	-28.895533	-6.390032	17.351938	-5.960577	-8.653974	-5.231795	18.596005	4.159217	-19.869224	11.699992	25.361384	-6.906570	-13.040303	-11.023477	10.658096	-26.786759	
-13.477892	-16.748859	-18.701475	-6.599637	-1.150128	-1.832335	4.013187	-11.153834	-5.964138	0.827714	9.723355	-13.561875	-14.516500	10.458991	21.213941	17.107355	-11.520326	-18.341995	0.143924	22.667726	-22.789374	-21.074631	-3.798658	6.909120	17.130863	5.147886	3.633230	-7.938867	20.704822	17.300739	18.915049	-12.799207	-0.769568	-8.214991	-16.537342	13.158684	-20.088847	1.226136	18.577772	5.503182	-20.606509	20.670335	21.914547	10.896807	0.751533	-8.000319	-11.169166	-18.771601	14.439550	-3.586514	
-6.041647	6.080656	-0.369271	14.605089	1.793034	11.986811	-11.407796	-4.833427	0.091092	-16.735259	-0.125114	15.131685	-17.923113	10.875516	1.877570	11.202154	8.915992	-9.144685	-8.330344	1.275781	-14.483773	-5.433384	-12.300404	2.467248	-6.512021	-3.363179	-12.423258	15.714858	11.201451	-4.380175	-1.842778	-8.840334	-0.089731	-1.034985	4.923694	10.034076	6.834119	15.695919	0.814099	12.015287	-16.185530	-17.247609	-8.313727	-10.038056	17.095376	-17.401584	0.892035	-14.853953	3.651798	9.781695	
5.257467	18.311816	1.848670	11.624932	-0.481801	-12.634805	-4.392697	5.966764	-12.911677	0.484261	17.183554	6.077041	11.648327	11.555721	7.162913	16.190300	8.919446	-2.342681	-4.182247	4.389126	-16.328270	2.829117	18.031145	-0.261562	-7.873606	9.414026	-4.991908	-16.010565	-15.103095	8.703979	16.946378	9.189993	-0.521869	13.846666	-15.251940	5.705068	-14.545369	11.022224	7.554973	0.681258	13.191532	-3.592066	-2.433394	-12.563444	-16.918344	7.857135	9.873631	-2.198082	-8.348625	-16.860628	
-13.428444	26.660221	24.805113	24.974463	-3.883848	-7.018220	-18.243107	-19.620446	4.056327	-16.857835	9.908686	16.126324	7.576054	18.769847	0.353688	5.128408	-19.382366	-16.134857	0.939070	9.912297	17.311267	-9.041803	-12.624111	12.451273	12.920866	13.538806	-7.828913	-14.397202	2.152844	-2.339149	-5.265147	4.524168	-5.391201	-4.143295	-4.217632	-21.673100	20.475862	23.850690	-8.693237	19.072900	-26.455354	-5.175172	-2.141761	-16.169434	6.618539	6.902335	-9.505797	23.620568	16.096137	18.893309	
-13.239326	-21.831333	-9.847070	-5.535479	-21.609258	21.185414	-3.115581	-1.611999	-6.880759	-25.706084	2.924075	12.704899	23.627569	5.186486	-22.960498	-5.365824	22.739954	-14.083159	-13.180274	5.630632	15.851145	9.320750	-23.635777	-2.982603	-25.311455	6.321275	9.951284	-12.765490	-13.007100	22.594481	2.166475	-5.352408	-6.336426	-22.637244	-14.327335	11.973800	-0.044938	-12.475931	-9.361864	1.465457	-10.940843	-12.791974	-2.909275	-6.449115	2.382559	-23.768325	20.755052	-15.340711	18.593143	-20.604834	
-1.907478	23.285922	-17.289771	13.529144	-12.599172	-5.488611	11.736658	14.521192	-9.912352	17.423588	-18.684316	15.429156	8.535445	19.525118	-4.444244	-19.248653	-23.514910	21.931029	-13.762008	-14.977120	-6.670551	7.952627	-24.008878	-10.068971	-8.827605	-19.671493	-16.790344	19.987780	2.058760	5.572426	3.449214	-24.630415	-6.678418	-21.670638	2.760661	-9.464832	12.539039	20.566025	-5.434060	21.238908	-1.524033	24.900202	-8.252585	-10.922180	2.664780	-15.466849	11.594369	22.169817	-1.919837	-10.651584	
-10.442221	18.522278	-9.923794	-1.226341	20.860670	9.082652	-5.181616	-3.283258	-23.248863	15.293098	-10.410989	16.456342	-5.237274	-24.366400	-17.138281	-16.132333	-7.916917	-5.913290	-14.974237	-17.931673	3.227608	-2.689955	-11.267714	13.295122	-4.367715	6.473964	15.567635	16.269253	16.698308	-19.713245	-0.659298	19.583975	23.859180	26.656466	1.928796	-20.340536	4.030011	13.360347	-18.197001	6.211587	-0.719417	-9.589930	-21.719301	-9.172137	-15.944630	-27.138512	16.533249	20.374921	-18.312845	3.198422	
4.082736	5.897791	-4.253053	-0.706241	-21.218782	-10.560032	-12.568101	15.034781	-22.997382	-0.662758	-13.340794	-6.017565	6.640620	-12.734201	-11.059183	4.528480	5.306116	-10.174901	-22.196494	-13.782967	-21.133666	-21.174273	17.545021	-9.320830	-12.898870	17.640365	-7.246218	-8.226027	15.729171	-14.804315	-9.670923	17.912517	-14.707547	-7.728658	-5.597862	-18.920607	-6.331644	-20.507655	16.447423	-0.794743	-0.515695	-9.046084	9.237629	22.886872	-12.864657	7.256277	23.098696	-1.159323	-10.622566	16.657301	
-17.623390	20.318930	-11.697658	19.864615	23.907063	-3.204360	21.525882	-9.974085	-10.291322	-11.948038	-15.199472	14.921897	7.409538	-17.787225	-9.561851	-20.893034	11.866991	16.717732	-6.916800	-2.104189	4.719799	-13.773075	1.033490	14.478147	4.931266	15.988070	23.383027	-13.022519	-18.194200	-11.166441	2.357293	-2.947076	-8.475105	11.469273	0.073435	8.390365	-5.064803	17.222624	-22.985915	-8.821634	7.201100	-15.911962	-5.061206	-11.825490	-20.957315	2.731016	-19.968635	12.321997	-17.955848	-5.789569	
18.560682	7.880877	26.309088	-17.216387	9.451180	-26.431386	-7.701501	-9.553408	15.612200	-19.888181	-3.717330	-7.257067	-15.786265	-11.494556	24.757328	-20.709158	-3.006568	-9.252593	-12.635438	13.541477	-10.664935	-0.090739	24.065766	-20.159633	10.403524	23.879285	-5.112863	-1.058626	9.788551	-0.753266	21.602834	11.885355	21.906411	8.677977	-1.669050	26.955812	-13.212453	-8.965771	-4.173431	6.409123	13.311369	5.709433	-17.054390	20.643332	-19.637688	-10.659667	7.763254	-11.996171	8.378888	16.871207	
12.452980	-1.116661	-4.791132	-7.534858	-9.170956	-1.633257	5.062720	-6.215812	-20.418345	-18.700989	-17.981726	0.970570	-15.934389	11.429009	16.483493	9.763117	-13.334909	6.342460	10.326579	0.335329	7.451743	11.696927	-0.953095	-17.048348	3.281022	-15.731985	2.033218	-3.366972	-4.331070	11.469385	13.190461	-20.261034	20.713384	3.880602	-12.182028	-24.724110	0.796665	9.469478	-1.210916	12.566262	2.626534	5.493996	17.719350	-12.486572	22.209372	8.903901	-9.868603	-12.651554	3.905453	5.345021	
0.470121	20.264248	18.672092	18.605224	-11.631780	-22.614625	18.272410	9.150568	-8.882173	-17.840100	20.777656	20.267950	20.717168	9.164786	13.453021	-19.399851	-4.226352	-17.207261	-10.249643	-11.835616	10.505070	8.931999	-18.066131	21.336306	7.607900	20.160394	-6.849433	8.897208	-9.258185	-22.603768	-19.212773	-16.358720	7.667297	0.976366	1.585285	-0.680490	-23.130685	21.684762	-3.440517	-5.893240	-7.472844	10.043517	-12.489661	-9.186338	11.739971	-21.114927	0.273511	-12.121697	-7.168230	-9.308725	
9.716843	11.207555	-20.176936	-1.149694	-14.036132	12.823054	-0.494189	3.861535	11.070702	-20.044580	-4.437595	-14.305823	5.413248	21.936894	15.499284	18.135338	16.166537	-21.785236	-0.961391	-3.876166	2.470878	21.129818	17.098351	-2.529635	14.789960	-8.634602	-14.379848	-18.836199	-5.598873	-4.492426	-6.649826	17.756000	-12.138847	13.783980	-18.552870	15.380129	20.011626	-13.884155	-15.309701	14.521392	3.201614	-2.802206	-13.424037	-12.931560	-20.011903	6.391369	17.189298	-19.514637	-8.475689	-8.368020	
-0.796369	-1.724637	-28.425772	13.427295	5.428563	13.502407	-15.345913	2.129957	8.673920	20.619733	-17.856225	-10.765571	27.203836	27.269446	2.245254	9.353848	12.257988	7.375826	-27.529226	26.031337	-1.404182	-19.779525	5.786717	-2.355569	-19.531740	22.260393	-14.615663	22.015295	20.502523	-5.418681	21.899404	7.989344	-5.982210	0.365257	-5.484060	-8.505572	14.528922	0.463009	6.728873	5.938426	-9.156674	24.898846	-22.364142	9.378250	0.895530	26.606635	0.502930	-26.240219	-28.705749	20.146401	
7.729900	-12.409617	29.987460	9.428956	18.686318	13.460952	-21.039388	-5.362337	7.613457	-13.967051	-26.895003	7.510088	22.423419	6.432804	14.152330	-14.295671	24.384755	-22.803704	26.063203	-9.906013	15.838466	14.449449	-19.033964	-27.939649	-27.648981	21.971178	-18.289222	-18.249493	1.577026	27.327843	-5.189003	-23.775016	-22.907150	8.877252	3.951814	-3.958111	-3.106381	-8.813856	6.170311	-1.897637	4.943642	12.256408	-12.580894	-20.522512	15.313699	9.734637	-7.154938	29.656910	29.760389	6.481111	
17.763762	11.448644	-12.568272	-3.209043	3.887489	-17.511027	14.407217	-11.696586	10.918772	-18.110219	4.059106	-4.071800	6.215224	4.234987	-12.796992	6.222885	16.994983	13.003833	-14.515834	-6.002971	-2.828278	15.370947	-9.835628	-17.208309	12.813616	2.797965	-8.934990	10.393243	-14.126205	-9.900171	2.954837	-14.910813	-15.982314	2.192635	-8.754347	-7.446730	13.749394	6.283151	13.538223	7.153593	8.336490	4.100928	-5.103838	11.090906	-16.175773	-2.038164	15.879819	-4.277319	17.551464	-7.421141	
-11.101723	23.217567	-14.950693	14.289082	17.814931	2.571758	14.079023	-2.533383	11.786880	18.715144	-9.995181	8.392057	-1.512150	25.428104	8.639355	-26.816282	-14.611957	-13.943126	-3.506754	15.609978	16.803227	15.886792	-24.211131	-22.010115	-25.259161	-15.637173	-6.494842	-11.104099	4.792850	26.319050	-4.410870	16.214236	-24.803742	4.909031	2.867777	-24.317985	7.595352	-3.030713	15.555876	15.388461	11.664058	-11.241967	0.525444	-11.369270	-1.972515	11.893535	-2.478661	12.828598	-10.347132	1.239768	
-9.745799	5.801769	12.076269	11.114311	5.991950	14.607444	-1.488898	21.310607	-19.941638	9.548310	10.014090	-9.169659	-7.128162	14.399640	-16.659627	1.953619	-16.629928	-3.532450	-11.895830	-12.614882	17.285128	-1.400825	-4.868818	-10.282991	8.326808	-16.664503	-21.122674	9.294363	-19.427335	4.227670	9.643518	7.160106	-8.279352	-8.645239	-0.389430	14.079994	-21.140967	12.196306	14.624399	-11.211256	-16.331183	-0.506402	9.575440	-7.363220	7.373677	20.949990	20.730754	18.557662	6.916509	19.571882	
10.777108	-16.522089	8.669589	6.990410	8.043681	-4.259868	7.627699	-0.093062	-8.794986	16.697188	-4.951040	8.708914	0.878239	6.399561	-3.561824	22.417848	-3.306715	-20.520820	-17.309505	-15.305921	16.145645	11.761912	-17.505872	16.418806	-2.517355	-12.527190	7.920290	4.003150	10.280965	-2.415519	19.542063	-4.048267	-11.409327	4.941061	9.346153	-0.314916	-15.043407	8.297531	21.644729	16.823332	17.640097	11.422058	22.329367	21.904336	-0.343112	7.288759	-9.549665	8.532489	-21.273086	6.784168	
-12.563380	20.809735	10.597143	18.587796	22.011069	-18.883508	-1.522163	19.297349	-18.590242	-17.102962	16.339115	-6.006051	-12.079922	24.542757	22.377241	-14.808852	4.172476	6.603330	-12.220960	-7.785552	15.564515	15.590035	-5.180289	-5.820825	-2.304741	26.115029	8.372846	15.999702	4.066954	-7.984916	-25.569738	-5.123644	-23.182456	21.144000	-19.255311	-3.007239	-1.070652	-7.384826	-22.478970	22.201807	-18.676784	6.590500	23.666906	14.380774	16.975357	4.207926	15.910468	-6.905942	8.735483	23.512194	
-9.109474	-11.393601	-9.073086	5.391729	-5.663603	-2.782501	-13.202265	-16.090031	-7.376452	8.352089	7.414407	-10.797009	3.036925	14.895758	-2.957500	-9.673431	-16.056446	13.384138	-11.939366	7.410301	-6.168319	15.245834	-11.030162	-16.763561	-8.587385	1.304707	8.091033	-10.539409	-1.402340	-13.834998	-8.765922	12.249414	1.496798	-13.489172	10.562317	9.222611	10.747936	-15.996553	14.565679	-5.123843	-14.829338	-4.400456	8.771551	-15.011882	1.444597	-0.048546	0.472565	-4.574565	-16.036849	-16.005238	
1.036081	10.142680	-15.007574	-10.072223	7.221274	12.220447	13.172241	17.221637	3.902584	15.086701	0.116134	-13.759638	-17.460869	5.379891	-15.101723	-15.996261	-18.721135	14.818550	-5.642846	2.462839	17.446812	10.405824	7.932496	-0.355820	-8.473397	-2.042484	-4.266520	16.852463	-14.519644	-0.735403	-8.411806	15.324204	-9.880582	17.515905	0.491563	-1.974339	-16.146879	13.496086	-1.543035	17.119631	-9.232077	6.202991	-15.796985	9.172428	-1.852721	-7.621942	-11.035356	-5.795898	-9.477260	5.152725	
-30.299576	18.426408	-13.368824	-14.849796	27.164623	31.458059	3.381976	29.738438	15.188960	24.839697	-9.871819	-14.875326	-8.749321	-15.272721	30.621385	-6.018516	21.164703	12.189040	-29.297445	-16.216657	18.412842	23.375954	19.867457	-23.401150	-20.929094	-0.840621	19.390126	30.055094	19.452715	23.393472	1.919645	-14.406160	23.519940	7.628329	14.722190	29.290933	-14.538537	-16.231350	0.400584	6.624726	25.460395	19.782610	10.677715	-3.497076	-12.147908	-30.723965	10.043883	-25.125229	26.294549	2.610997	
-20.061826	9.642087	-17.319753	-9.337241	30.377029	-12.969048	14.532958	-19.326277	-3.024508	16.096083	10.894942	-1.400651	-7.393598	28.101825	-2.624008	-7.232124	-10.412608	3.262505	-8.401821	9.714077	29.892907	17.793423	21.911578	6.639026	-19.418263	-7.618988	-14.359923	-27.659561	1.424621	1.317071	-10.313838	-3.198987	-24.351168	31.881282	13.254490	-5.205044	-3.650915	-22.258887	-18.639649	16.737130	24.224427	19.675093	-27.029683	9.617761	-19.794388	4.258747	29.099828	8.860680	28.698558	13.476296	
17.071025	29.437450	5.921121	-3.147426	23.911615	-19.785809	21.810581	-0.019096	30.569904	-29.827881	-2.361460	-13.985298	-29.193057	7.968327	19.559303	25.650625	-4.241009	-3.277748	-16.276299	-7.972659	1.571412	-2.962117	13.587030	30.417108	6.600189	-16.255149	17.920511	2.621186	11.831586	8.676886	18.218790	-16.279257	-28.588584	-5.367878	28.176678	-0.411747	9.537457	-12.391254	2.274196	21.136650	1.296672	21.380387	-9.112324	-25.375982	12.076193	-26.797519	2.934124	-0.355469	14.140068	-11.306742	
2.602433	-9.499714	6.575810	23.519278	6.184885	-23.043981	-10.817598	3.916648	3.933363	8.865429	-11.014801	-12.669773	-10.189784	-23.683193	-21.462191	-13.506000	4.726713	-1.363678	16.754552	6.414811	-11.709112	-0.729971	17.435848	12.999625	-3.501821	23.286382	10.193864	-5.138492	10.500742	-11.335844	18.326222	-24.575569	-2.770751	-19.371190	-15.791231	14.372598	-20.012763	6.281441	-17.102319	-0.146252	15.078121	8.896298	-15.125279	-21.049741	6.507330	16.680818	0.133476	-9.443091	-16.356605	-9.633826	
-5.481887	23.900395	-19.204045	18.330472	-1.081015	-6.175527	-13.068424	-4.497861	-1.306260	-1.096924	11.670306	10.818562	17.207698	9.268934	-5.969795	-20.569758	-15.807523	-0.413648	-15.633001	-2.661872	21.001003	22.794408	13.027756	12.605088	-13.317679	10.182211	10.489149	-21.298837	20.255717	17.121280	4.902425	-13.175292	-8.769468	-10.689312	-4.692312	-18.199797	18.905114	-15.784247	-22.696063	-21.057082	-13.340486	-13.182781	5.469112	0.374447	-22.606732	9.736079	6.000447	-20.690753	0.890830	-11.975309	
-21.799602	5.269801	20.003260	3.640126	2.515872	-22.259544	2.998397	1.954970	-11.043850	9.625991	-3.416910	11.014362	-20.204458	-21.983555	5.133984	2.534378	-22.808000	4.153822	12.300522	-7.544872	16.082911	-22.114068	-3.008579	-0.059048	-3.457046	-0.639231	-8.026638	-12.999688	-16.761135	11.546840	-16.097832	0.696676	-12.456005	-17.526105	-21.974039	12.659584	14.148809	-21.057518	-17.098722	-22.223125	-8.834739	-4.472840	13.567253	-7.256437	-17.348546	2.055131	-19.286829	15.799121	12.305458	3.274751	
-24.654809	25.651688	-13.379354	6.853662	25.987087	24.604086	-4.823651	1.154535	-10.169634	-21.731771	21.632672	-5.503614	14.794565	-18.204586	18.815129	-20.271223	-16.105666	18.700912	10.304343	-20.017803	-18.082689	3.023722	14.648484	-9.943988	-9.675327	5.737530	-2.264001	12.106885	16.612190	11.012608	21.003737	-18.920931	1.717332	-10.252755	-11.772064	-13.082113	-15.095829	26.075799	-21.828886	11.956337	-2.894929	16.526284	-22.817728	-8.881060	20.939463	-6.443804	20.349154	-0.491999	7.169399	-0.126607	
3.332774	0.911627	4.169273	15.273577	-5.905935	19.731122	5.543493	-0.862686	-10.389702	-2.641923	-8.195994	22.226863	11.410671	1.168712	12.827552	0.327046	14.128454	-10.110028	-4.793869	-22.569534	23.218757	-20.235470	22.766701	20.065659	13.827780	-23.498115	-6.421291	-10.851879	-13.713659	-24.109462	17.244438	3.612468	-20.438774	-11.133453	11.503917	-4.019448	-1.974003	4.186819	-10.691263	-13.823197	-2.003903	11.172671	8.543983	15.903292	21.096608	8.114301	-11.705846	15.435445	-11.281141	-21.745721	
-9.462653	-13.044473	2.710460	5.068232	-12.323988	-14.116554	22.124452	9.804554	14.698123	-13.663096	10.406820	-7.293739	2.467676	-6.389240	-14.481622	-16.282611	-18.926860	23.077129	13.795633	-15.892368	-13.434355	-6.537647	-0.790856	20.090907	16.717618	-10.821184	-17.219409	-10.911962	-2.389982	-24.784857	-9.636576	9.901030	17.940143	-15.784330	-5.408845	-0.413757	12.876262	-6.165939	-18.531864	-7.664986	22.699407	15.485396	-22.159936	11.713015	-16.178883	2.921512	-25.217079	1.170507	-17.509331	-8.652380	
-20.161670	22.837840	-8.927068	11.687483	-2.813993	3.029646	22.595544	23.709764	21.218829	7.892141	12.114474	4.059058	-12.520084	-6.573555	-11.914243	-20.222040	-12.347140	-17.670181	-16.476307	-5.257424	-2.343052	-23.471483	-3.358849	20.927499	-8.153739	22.210561	-15.344779	4.337298	-15.226994	23.348400	-18.498615	20.211350	-9.992261	6.754368	12.391378	-0.344634	-5.289672	20.266850	19.568198	-13.187882	-9.676097	-16.945768	-13.167862	19.909144	-11.531952	23.299347	20.038249	8.586464	-15.379148	2.497394	
-27.064284	2.544888	17.104176	-6.875599	28.692253	-24.273436	27.708488	15.062731	14.074033	-5.580970	-17.130845	13.652910	9.510296	-19.134938	0.264905	-6.597196	26.156652	8.599456	0.654306	11.697430	17.694602	-25.289294	7.260534	24.937002	26.349600	0.227399	28.775845	-12.166712	9.033823	3.393237	23.124142	-9.361720	-3.891922	-23.577365	-16.420541	-15.986330	-14.580190	7.151435	-6.779456	-21.558764	-5.983048	18.976127	11.791326	-14.197805	-2.375290	8.402118	-25.833899	11.438729	22.996745	-2.083573	
22.376618	11.398821	5.767987	10.536461	-13.789271	0.216805	9.964394	18.843446	-4.798140	-15.356276	20.469342	-13.066965	-2.299587	-1.262030	23.446622	-9.422626	-12.931627	26.346288	17.754447	-13.764278	2.847377	-2.500293	-20.454970	24.106627	-12.432420	17.545922	22.516548	23.991459	-3.334076	-5.262843	-15.030696	-6.964884	13.711901	24.875011	15.901676	26.694450	-7.490487	-10.024166	25.762009	0.479169	-21.256936	-4.473417	24.762832	18.292309	-27.303201	4.143616	-18.249209	-24.479160	1.863475	24.355337	
-18.473536	-16.548383	17.981611	-18.149183	11.873714	14.514517	9.838243	-5.914874	-20.736233	-7.281612	-22.058092	11.449906	0.436533	-15.603114	13.318564	8.796060	-20.673071	-4.884914	3.772340	-17.507477	-22.235738	11.282188	18.280287	-10.952309	18.013238	0.741863	-21.082960	-13.635299	-8.092965	-5.120759	9.984354	9.934246	5.103921	-16.687019	0.582601	12.948503	2.472166	7.707220	4.257360	-13.273273	2.324471	-12.328057	13.764816	12.278584	-13.846625	-0.419304	8.865987	13.741826	8.187627	-19.527300	
-13.820316	9.267691	6.164510	10.694452	1.095834	-6.104367	-7.673858	-2.359505	-13.752260	-11.302379	7.119518	-4.752711	8.295485	9.615529	-4.012263	11.463197	-10.091276	10.551474	-11.469998	-5.206234	-5.080787	12.629685	-3.891324	-13.743994	0.675803	-6.165564	7.507951	13.652310	-7.055251	11.460538	-1.088522	14.258467	-7.723256	-9.512194	-3.158529	2.812230	10.093285	-3.624240	-13.061222	4.315172	9.925322	11.145673	-3.146327	-4.009168	-3.617641	0.523356	-9.746257	4.140207	-11.076597	-2.193395	
2.244927	-21.437316	9.044923	-3.677872	14.875576	-4.805927	-14.418989	-21.624405	-4.290089	4.591787	-19.499960	-14.678368	-2.321306	9.428901	-18.130842	-1.357784	4.078284	-11.906067	-1.609848	-13.245336	7.696355	3.874130	-2.705655	-13.849210	-20.044278	20.463875	-22.949769	2.755126	-11.001309	6.291425	20.136609	17.894439	15.223110	-6.101840	13.342498	15.320162	0.571132	2.451628	-11.004842	15.755282	-8.724707	-12.160534	-16.217479	13.965090	6.804895	-18.064747	3.911693	-12.282664	10.170537	-16.200014	
19.896448	-9.448825	6.601531	13.739052	-15.677927	18.897861	20.818403	-3.720171	-13.481784	-13.043579	-8.434804	-13.497136	17.655571	-2.176074	10.305654	-7.437314	-8.143240	6.455838	-1.206411	11.902434	13.126858	-9.841913	-19.470791	5.722534	-7.346361	19.843932	11.172539	6.595841	-8.501727	-1.624379	14.832021	-1.452359	1.846317	-5.485863	-20.478238	-15.748734	-5.243972	9.818091	-20.136104	3.020700	9.815775	-18.248248	1.629415	-18.628460	-1.800277	4.935318	-19.401508	13.077932	10.373726	-1.028654	
17.060032	18.921721	17.813370	-16.550892	0.168485	10.934722	-9.843173	-15.934152	19.284981	0.167777	-15.424419	0.309597	19.756903	-1.564903	11.120722	2.149218	-11.155937	11.048424	15.415783	5.658640	12.042282	-13.925780	-12.081033	8.111056	-6.107201	10.979047	6.037635	20.303404	18.000009	-4.194099	-0.211948	18.966874	-1.877982	-5.349458	-7.584710	-3.088784	-21.837432	21.276742	8.885733	-8.467061	12.414594	9.097922	0.501411	-1.606458	6.663008	1.620658	-5.829740	-18.812523	-18.529491	-6.662361	
11.604305	20.898318	-21.833040	-9.473705	22.348236	-8.633170	21.027955	-8.850508	-13.202507	-3.787824	16.995020	-6.060888	-11.018516	-7.541390	-20.131549	-13.091710	-6.513893	16.663828	-21.513151	-1.161521	-4.867193	-22.679745	9.951529	15.689967	-18.245644	-1.310873	-5.695578	20.473608	-4.798960	-20.069527	12.346048	-1.311902	-2.558001	-18.751620	15.696764	-5.616721	15.890967	-13.631573	16.551608	6.666725	13.921463	13.043503	5.340727	-7.142591	-6.345924	-17.143905	14.475679	-21.420790	-0.440614	18.617484	
0.034635	0.002644	0.009773	0.006777	0.021737	0.023515	0.034365	0.019142	0.016479	0.034183	0.039276	0.040069	0.003273	0.007649	0.031371	0.014412	0.007471	0.022375	0.015222	0.018970	0.039103	0.003687	0.021226	0.026143	0.003064	0.024100	0.019908	0.036300	0.035422	0.007738	0.013590	0.017025	0.014375	0.008914	0.009531	0.011143	0.014258	0.029708	0.034264	0.000201	0.012487	0.031066	0.016444	0.009514	0.020518	0.025418	0.041888	0.027192	0.040089	0.002346	
0.023029	0.011928	0.000234	0.003115	0.030207	0.009269	0.017603	0.022951	0.015907	0.022951	0.006588	0.011414	0.025308	0.035251	0.011969	0.000704	0.012442	0.024912	0.035242	0.039152	0.021032	0.014140	0.032843	0.004378	0.029775	0.015724	0.021283	0.024797	0.002036	0.011791	0.025316	0.019712	0.037458	0.021975	0.002365	0.000972	0.004102	0.041121	0.033845	0.039206	0.014489	0.027184	0.028458	0.027160	0.026407	0.013585	0.020756	0.007017	0.039621	0.031276	
0.033938	0.005344	0.039857	0.030854	0.033968	0.043151	0.004926	0.036805	0.023596	0.032098	0.003845	0.007490	0.003616	0.021843	0.028580	0.026525	0.000934	0.027488	0.017209	0.012818	0.015550	0.032982	0.014849	0.016562	0.005087	0.037300	0.018904	0.024488	0.001490	0.004297	0.026503	0.024195	0.010247	0.006023	0.006079	0.006517	0.037926	0.031493	0.023579	0.017872	0.041822	0.002044	0.028801	0.003500	0.017712	0.022060	0.034147	0.031740	0.008566	0.012778	
0.018286	0.024308	0.016795	0.001955	0.030873	0.011869	0.022773	0.020451	0.033710	0.027615	0.008448	0.037820	0.028634	0.036977	0.010612	0.030774	0.035766	0.028381	0.026639	0.024126	0.022916	0.024284	0.032626	0.006690	0.002573	0.025494	0.019533	0.001353	0.021579	0.013727	0.028422	0.011149	0.006709	0.027066	0.036738	0.019210	0.026377	0.001780	0.010508	0.018248	0.014799	0.018035	0.033433	0.010158	0.008711	0.020326	0.015651	0.005324	0.023244	0.016525	
0.015922	0.028827	0.031131	0.003385	0.009468	0.015530	0.015583	0.028309	0.035426	0.020876	0.014830	0.022618	0.029249	0.007060	0.034385	0.026218	0.023562	0.017983	0.031509	0.019188	0.025370	0.000141	0.014487	0.010629	0.009619	0.013235	0.024123	0.022400	0.002693	0.011840	0.015445	0.017450	0.025715	0.028511	0.022179	0.007722	0.029606	0.024161	0.023992	0.033742	0.003019	0.035255	0.023730	0.009346	0.004847	0.028847	0.034058	0.014093	0.035127	0.017559	
0.030917	0.020781	0.030802	0.028452	0.009355	0.030789	0.025483	0.008978	0.025970	0.030401	0.022521	0.009781	0.009851	0.018358	0.019050	0.006739	0.026955	0.015721	0.008476	0.010816	0.030567	0.021110	0.026536	0.026869	0.029659	0.017465	0.019571	0.011827	0.003372	0.019463	0.018568	0.002898	0.004574	0.022403	0.011900	0.029747	0.012523	0.019787	0.027293	0.016205	0.029966	0.029905	0.019036	0.015332	0.029131	0.021772	0.023646	0.022271	0.022604	0.023803	
0.015733	0.039651	0.000196	0.019417	0.005561	0.031358	0.007014	0.007188	0.011429	0.017083	0.009079	0.032654	0.021282	0.004444	0.004158	0.005084	0.034024	0.026289	0.004023	0.010870	0.039552	0.010533	0.015928	0.027852	0.041715	0.040281	0.038899	0.015787	0.034469	0.036703	0.023210	0.009927	0.018313	0.002857	0.030006	0.036042	0.030966	0.005899	0.041663	0.012790	0.003247	0.012692	0.027004	0.027439	0.009430	0.008497	0.007925	0.014961	0.038280	0.030595	
0.007497	0.002655	0.013253	0.010487	0.026629	0.035948	0.003210	0.016787	0.010711	0.021410	0.040446	0.007715	0.040714	0.032210	0.031343	0.040286	0.032344	0.009984	0.012007	0.020875	0.004372	0.004648	0.034990	0.024931	0.038282	0.042407	0.035295	0.034787	0.008645	0.016446	0.009456	0.000892	0.027346	0.030145	0.023724	0.019074	0.021011	0.019729	0.004612	0.004097	0.015454	0.035936	0.024565	0.030786	0.000857	0.012409	0.018628	0.014060	0.000287	0.025618	
0.013355	0.022713	0.013804	0.008682	0.024168	0.032093	0.023009	0.001990	0.009349	0.034773	0.010294	0.025644	0.023984	0.019240	0.023652	0.002601	0.002370	0.024688	0.026397	0.003636	0.026445	0.012966	0.027708	0.017808	0.011997	0.024161	0.014491	0.031755	0.031617	0.028901	0.012600	0.012968	0.016680	0.015837	0.020363	0.033138	0.033074	0.030326	0.034023	0.016335	0.017803	0.022400	0.033278	0.021658	0.003386	0.010268	0.034802	0.017643	0.005151	0.033976	
0.012374	0.031585	0.041094	0.034460	0.022280	0.011544	0.006657	0.016286	0.003116	0.007740	0.015507	0.009395	0.030132	0.010751	0.039052	0.041147	0.013647	0.016044	0.009352	0.003125	0.032501	0.041539	0.004887	0.013648	0.000511	0.041660	0.035176	0.015221	0.003728	0.001158	0.000289	0.013521	0.008403	0.009345	0.012732	0.033895	0.038767	0.042998	0.003306	0.015496	0.015121	0.009895	0.014623	0.043345	0.038261	0.039044	0.042130	0.024670	0.024306	0.004533	
0.018834	0.003980	0.019287	0.011223	0.014099	0.032697	0.014172	0.036437	0.025603	0.029300	0.024350	0.037261	0.012025	0.030407	0.015508	0.012062	0.027933	0.012052	0.014237	0.030668	0.009935	0.002175	0.005924	0.001823	0.039612	0.019293	0.039392	0.029479	0.038586	0.034160	0.008724	0.005411	0.015416	0.004209	0.023727	0.016068	0.007606	0.000598	0.027603	0.011775	0.028122	0.032673	0.014894	0.029381	0.013837	0.021127	0.024162	0.004897	0.031827	0.035430	
0.012944	0.001883	0.012529	0.002515	0.029284	0.006225	0.010967	0.030490	0.023881	0.000469	0.012954	0.012372	0.017501	0.036957	0.028862	0.025180	0.011321	0.027912	0.023800	0.002160	0.021070	0.013963	0.018810	0.016255	0.035573	0.038512	0.027391	0.024824	0.016273	0.018437	0.008717	0.036847	0.042640	0.022995	0.031871	0.018739	0.019939	0.022492	0.000951	0.036023	0.017973	0.036248	0.000142	0.015878	0.038689	0.027497	0.010847	0.040163	0.002311	0.007720	
0.038445	0.000471	0.018853	0.035840	0.019106	0.010234	0.030516	0.012496	0.018432	0.035681	0.008242	0.028119	0.014917	0.010012	0.002601	0.006951	0.005816	0.022279	0.037622	0.037444	0.035520	0.027493	0.005703	0.036677	0.021629	0.029016	0.014055	0.005320	0.032233	0.037308	0.011424	0.001566	0.025614	0.037931	0.032612	0.001635	0.018483	0.019921	0.040823	0.010153	0.026896	0.014652	0.009703	0.018520	0.020001	0.024517	0.014866	0.018392	0.008787	0.004472	
0.011016	0.001331	0.021352	0.005856	0.037262	0.034462	0.010426	0.000501	0.004358	0.039411	0.037211	0.022637	0.020736	0.025208	0.000541	0.033296	0.030299	0.018672	0.024490	0.039218	0.038860	0.014619	0.024067	0.006098	0.025021	0.024550	0.010458	0.025520	0.024724	0.012005	0.022182	0.005225	0.003078	0.027899	0.021680	0.032386	0.020490	0.008886	0.022310	0.004091	0.010582	0.021918	0.015700	0.015220	0.035597	0.036591	0.013712	0.026471	0.003798	0.027979	
0.020254	0.013399	0.001567	0.004358	0.000095	0.016313	0.007045	0.023578	0.038396	0.033111	0.013535	0.024448	0.009930	0.026901	0.032446	0.020183	0.020648	0.025765	0.015406	0.022660	0.035675	0.009819	0.020749	0.020560	0.020375	0.004139	0.031756	0.002694	0.030504	0.008492	0.033277	0.025374	0.013891	0.031908	0.035868	0.009874	0.029144	0.034277	0.012135	0.010416	0.021393	0.026024	0.006993	0.014233	0.011559	0.026091	0.013771	0.020374	0.031864	0.036731	
0.023276	0.024424	0.037274	0.017787	0.014562	0.029873	0.016681	0.027043	0.009318	0.016405	0.017822	0.024511	0.005020	0.006713	0.035761	0.011173	0.009447	0.024816	0.015777	0.025673	0.004775	0.026079	0.022150	0.022027	0.002171	0.021829	0.001837	0.021750	0.006043	0.007250	0.021264	0.039373	0.034627	0.022230	0.018064	0.014691	0.042814	0.010056	0.002043	0.000234	0.042110	0.015643	0.038538	0.044345	0.029121	0.030706	0.001998	0.044025	0.012117	0.006738	
0.022608	0.017360	0.025557	0.013101	0.000897	0.005399	0.042886	0.032999	0.011860	0.016673	0.011371	0.024667	0.018939	0.018294	0.017377	0.000606	0.036623	0.017633	0.021850	0.005963	0.031311	0.010092	0.033322	0.007545	0.019161	0.041128	0.034528	0.022145	0.008978	0.003578	0.000578	0.015472	0.019121	0.031721	0.030587	0.036667	0.033343	0.033282	0.026874	0.004046	0.008674	0.017084	0.011991	0.007142	0.006522	0.020826	0.041656	0.002427	0.041648	0.035889	
0.012841	0.039025	0.006104	0.039058	0.003394	0.004135	0.025048	0.006138	0.031359	0.036935	0.021359	0.029652	0.001420	0.006650	0.017461	0.030891	0.014373	0.022767	0.012930	0.023422	0.027592	0.037948	0.007708	0.024009	0.000929	0.016690	0.030725	0.007917	0.015604	0.008625	0.000890	0.035135	0.005965	0.023308	0.035328	0.027855	0.042159	0.028022	0.001513	0.009719	0.006697	0.015710	0.018842	0.036551	0.043451	0.032129	0.009775	0.034295	0.003942	0.026004	
0.029635	0.026101	0.019665	0.022952	0.035644	0.015579	0.020894	0.007131	0.010324	0.019459	0.005494	0.021454	0.010361	0.004451	0.027035	0.035291	0.032918	0.034691	0.016006	0.018741	0.007681	0.030436	0.027141	0.045188	0.029252	0.012814	0.012049	0.036825	0.012344	0.045179	0.014099	0.008911	0.018203	0.010625	0.000328	0.003958	0.009507	0.012228	0.011326	0.022301	0.006340	0.026467	0.028110	0.001530	0.042158	0.010772	0.020426	0.012513	0.036295	0.031168	
0.016989	0.014643	0.013760	0.019317	0.007969	0.018436	0.033973	0.000633	0.025941	0.002299	0.024991	0.000757	0.041771	0.000808	0.031891	0.036874	0.015172	0.009349	0.007092	0.029780	0.008810	0.007530	0.027093	0.029238	0.018000	0.001968	0.046097	0.029439	0.004326	0.000862	0.045768	0.025365	0.044693	0.042546	0.042936	0.006402	0.027793	0.004279	0.010302	0.016086	0.016240	0.004433	0.017769	0.012331	0.029342	0.035445	0.029421	0.043763	0.001410	0.017866	
0.020605	0.034243	0.011520	0.025096	0.026361	0.037700	0.022908	0.006714	0.010223	0.028877	0.012061	0.011280	0.017895	0.001468	0.012386	0.034671	0.011928	0.003158	0.008205	0.036994	0.003364	0.030872	0.031045	0.012923	0.022921	0.002032	0.005121	0.006135	0.010674	0.014451	0.016394	0.017886	0.013127	0.040667	0.039571	0.008319	0.037831	0.005125	0.040335	0.000479	0.041104	0.040003	0.023613	0.023224	0.005911	0.030924	0.041105	0.000445	0.040422	0.019686	
0.035505	0.001731	0.008830	0.018476	0.006356	0.000104	0.032889	0.020769	0.002268	0.002356	0.011267	0.032540	0.004336	0.002820	0.035973	0.008749	0.032454	0.032465	0.029501	0.026681	0.028413	0.005610	0.005074	0.021302	0.015717	0.033547	0.026505	0.007477	0.019450	0.022949	0.033897	0.030138	0.028055	0.019413	0.038131	0.033283	0.022012	0.013064	0.012794	0.000749	0.016917	0.033724	0.009471	0.002031	0.016464	0.022969	0.031369	0.037964	0.038095	0.027345	
0.010927	0.008611	0.004128	0.040032	0.004635	0.006619	0.023044	0.022106	0.038622	0.016389	0.018221	0.019798	0.033974	0.028469	0.032402	0.023452	0.024431	0.000380	0.027077	0.031535	0.017666	0.005177	0.024384	0.025358	0.030691	0.017163	0.025151	0.006438	0.023517	0.012564	0.012723	0.011440	0.031635	0.029819	0.013578	0.023465	0.029826	0.029128	0.007359	0.022431	0.032809	0.024410	0.026749	0.000959	0.013098	0.014085	0.039107	0.020957	0.012933	0.000528	
0.034318	0.031866	0.028932	0.001674	0.029053	0.028110	0.036087	0.035551	0.028417	0.035456	0.004502	0.028539	0.027520	0.021610	0.014392	0.003323	0.025077	0.022691	0.012744	0.012418	0.009247	0.022504	0.026671	0.020938	0.000609	0.013493	0.024786	0.025732	0.008874	0.031532	0.002738	0.023852	0.027878	0.008300	0.029473	0.030560	0.006009	0.012072	0.016753	0.003189	0.009794	0.025350	0.000518	0.016984	0.024216	0.030098	0.018632	0.014767	0.032134	0.020015	
0.037756	0.000351	0.033068	0.023026	0.012704	0.031527	0.016772	0.028025	0.022579	0.015265	0.031295	0.013512	0.014049	0.021490	0.000222	0.039132	0.000025	0.029097	0.007295	0.002656	0.006825	0.032562	0.009051	0.001728	0.008266	0.032340	0.023928	0.024829	0.031566	0.034150	0.010130	0.025132	0.010228	0.002150	0.033478	0.007304	0.037801	0.031574	0.013964	0.027340	0.017695	0.009517	0.018256	0.032291	0.022599	0.030810	0.025029	0.035685	0.003355	0.020569	
0.009547	0.014429	0.006875	0.009900	0.000173	0.030318	0.039198	0.039541	0.036689	0.013664	0.003642	0.022546	0.033558	0.026635	0.002605	0.008455	0.034027	0.042565	0.010181	0.007371	0.025962	0.003494	0.042157	0.012267	0.022148	0.007537	0.009630	0.038836	0.016989	0.009592	0.007198	0.012714	0.027250	0.022976	0.027186	0.001092	0.030605	0.031544	0.040295	0.001733	0.024966	0.027832	0.011148	0.026948	0.000948	0.014647	0.021614	0.025583	0.030431	0.032760	
0.018314	0.019350	0.017292	0.023112	0.023317	0.005162	0.014179	0.006800	0.015464	0.025866	0.015515	0.004284	0.037199	0.014611	0.023699	0.032095	0.025551	0.028854	0.025085	0.004888	0.026951	0.013243	0.023191	0.036102	0.028065	0.022478	0.026184	0.034552	0.005025	0.001708	0.023488	0.011151	0.010773	0.001572	0.019321	0.029751	0.016259	0.021259	0.004577	0.033991	0.036957	0.020602	0.034403	0.007274	0.013818	0.029630	0.016005	0.014633	0.021389	0.035010	
0.012940	0.034755	0.010323	0.017204	0.010098	0.017033	0.017811	0.012849	0.034647	0.025988	0.029465	0.020415	0.032999	0.005085	0.031525	0.037393	0.006676	0.024963	0.025012	0.034520	0.014794	0.026748	0.034290	0.004797	0.028582	0.018541	0.025487	0.008882	0.024452	0.008654	0.033850	0.001105	0.038720	0.002436	0.002005	0.013898	0.000303	0.026641	0.027938	0.016952	0.002489	0.037801	0.015756	0.032049	0.002151	0.025282	0.039893	0.002715	0.010928	0.030161	
0.030745	0.034565	0.035090	0.018843	0.002142	0.000887	0.039585	0.039265	0.031393	0.004679	0.006711	0.040033	0.004923	0.006875	0.025016	0.012229	0.015249	0.040205	0.011140	0.038583	0.035990	0.029121	0.005880	0.025189	0.027688	0.015468	0.014143	0.017489	0.024773	0.026638	0.014389	0.000197	0.024968	0.031150	0.002937	0.027959	0.017619	0.011514	0.017401	0.016085	0.007968	0.022384	0.035169	0.004431	0.016822	0.035905	0.005795	0.034726	0.005839	0.006205	
0.010182	0.014280	0.015288	0.006258	0.019204	0.002627	0.020962	0.010146	0.022220	0.039790	0.022668	0.026765	0.014218	0.028112	0.013037	0.042170	0.027398	0.032264	0.026757	0.040188	0.006054	0.041638	0.039619	0.021334	0.025775	0.023309	0.025466	0.002090	0.004290	0.037754	0.041863	0.033774	0.013049	0.007262	0.006598	0.014737	0.003608	0.018735	0.012918	0.011804	0.033454	0.014884	0.013883	0.021967	0.004160	0.029148	0.002400	0.026229	0.005207	0.022456	
0.034744	0.005491	0.024696	0.033898	0.021371	0.006291	0.038075	0.023627	0.011702	0.003069	0.003737	0.009334	0.012813	0.024983	0.027854	0.007304	0.025525	0.016942	0.038039	0.003009	0.004378	0.022575	0.031394	0.033187	0.027887	0.020889	0.027341	0.039909	0.039331	0.034793	0.014081	0.008307	0.009985	0.018682	0.004712	0.033202	0.012475	0.006610	0.028951	0.031434	0.001760	0.009332	0.040458	0.037436	0.035793	0.014043	0.018863	0.012877	0.006243	0.000568	
0.007137	0.012787	0.024220	0.007052	0.001154	0.031527	0.026472	0.026048	0.036342	0.022758	0.031310	0.034328	0.019388	0.013436	0.035074	0.016935	0.032204	0.004457	0.033974	0.027305	0.016695	0.026528	0.022199	0.003516	0.032505	0.028088	0.005222	0.000750	0.015355	0.005283	0.002989	0.013659	0.015588	0.037057	0.010339	0.000433	0.020419	0.024773	0.022598	0.029583	0.030812	0.014754	0.036416	0.030488	0.026645	0.008832	0.024081	0.027869	0.001858	0.020763	
0.011288	0.004837	0.039007	0.027841	0.008205	0.006228	0.007059	0.036016	0.002269	0.005253	0.020003	0.022430	0.027809	0.036516	0.037309	0.009459	0.022433	0.018656	0.000534	0.001596	0.031182	0.013630	0.030848	0.024262	0.008225	0.035108	0.005762	0.029575	0.034810	0.023875	0.033090	0.038350	0.026885	0.006737	0.011925	0.031938	0.036385	0.019654	0.006096	0.010231	0.038068	0.011547	0.026857	0.024063	0.011543	0.009242	0.032411	0.007464	0.009949	0.025542	
0.007804	0.026094	0.018965	0.009793	0.037158	0.008418	0.009767	0.017782	0.022763	0.028088	0.013742	0.005677	0.007464	0.021743	0.038305	0.013750	0.003375	0.025747	0.035657	0.003607	0.025043	0.015201	0.038439	0.011411	0.006220	0.016244	0.034632	0.008858	0.020199	0.034014	0.038754	0.033230	0.026842	0.019266	0.008692	0.026480	0.010830	0.030972	0.001293	0.002940	0.027233	0.011606	0.012185	0.001691	0.037452	0.034853	0.029349	0.038004	0.036661	0.005707	
0.024821	0.018226	0.012331	0.043060	0.038765	0.002603	0.029041	0.033034	0.004441	0.046047	0.006926	0.000514	0.007149	0.030223	0.003006	0.021377	0.043347	0.022737	0.031042	0.014965	0.026114	0.006042	0.004088	0.014060	0.011786	0.030049	0.004331	0.043926	0.024515	0.004728	0.037252	0.000545	0.026341	0.020547	0.023542	0.011017	0.000597	0.033259	0.037239	0.012975	0.025887	0.002159	0.009590	0.006803	0.015591	0.023951	0.038670	0.029635	0.004180	0.036926	
0.020017	0.036062	0.033272	0.019229	0.001287	0.018541	0.029781	0.023307	0.004875	0.018300	0.038983	0.005548	0.029531	0.006686	0.017408	0.007096	0.030235	0.010465	0.002891	0.006064	0.007312	0.038445	0.008252	0.012154	0.027366	0.033777	0.014405	0.015004	0.030431	0.026578	0.035498	0.003016	0.029205	0.001452	0.011118	0.036243	0.015572	0.007322	0.010905	0.023148	0.038492	0.013010	0.032828	0.018657	0.015578	0.035998	0.028555	0.021036	0.018040	0.031028	
0.011417	0.014535	0.020294	0.018594	0.002647	0.016342	0.010577	0.024669	0.027121	0.004476	0.028432	0.014652	0.013620	0.018269	0.038123	0.025331	0.007326	0.017028	0.023221	0.017237	0.014158	0.015842	0.022854	0.011880	0.035607	0.020915	0.005145	0.013978	0.033015	0.017150	0.030799	0.036096	0.020040	0.032826	0.008644	0.014272	0.020531	0.011190	0.018065	0.021640	0.023654	0.035286	0.002616	0.012466	0.030525	0.037353	0.033394	0.026202	0.030148	0.009798	
0.003428	0.036037	0.011859	0.015841	0.037131	0.013126	0.030924	0.028047	0.037218	0.022479	0.011842	0.012737	0.023137	0.009374	0.024122	0.023392	0.012477	0.004177	0.032984	0.014978	0.037007	0.032227	0.038430	0.027579	0.032741	0.035758	0.015325	0.000822	0.009118	0.004671	0.006625	0.033251	0.020251	0.026444	0.034299	0.007043	0.026925	0.023371	0.017495	0.003695	0.033921	0.006760	0.009359	0.006617	0.037806	0.012072	0.012858	0.033284	0.007329	0.001607	
0.006463	0.015433	0.031688	0.016772	0.009561	0.015588	0.023168	0.021747	0.026794	0.019412	0.037213	0.015133	0.007964	0.009034	0.029623	0.006314	0.015819	0.007681	0.022855	0.005651	0.011231	0.031131	0.033772	0.028355	0.018980	0.003527	0.005437	0.029309	0.025274	0.016791	0.020734	0.008081	0.030721	0.024033	0.009683	0.023711	0.032530	0.025306	0.029901	0.003531	0.033446	0.028101	0.005799	0.036266	0.017949	0.031714	0.007289	0.034751	0.024823	0.023911	
0.017892	0.010471	0.014710	0.022099	0.025481	0.029198	0.016246	0.031584	0.022319	0.015263	0.024473	0.009638	0.008364	0.007536	0.016325	0.020710	0.008869	0.032991	0.022851	0.024032	0.005170	0.017712	0.016726	0.003843	0.020909	0.019223	0.033287	0.021874	0.035241	0.023526	0.033392	0.025251	0.022429	0.029056	0.001540	0.031203	0.034480	0.020869	0.025348	0.017182	0.005174	0.008139	0.035491	0.028208	0.033288	0.026162	0.002114	0.005993	0.028261	0.007860	
0.017180	0.031369	0.029888	0.037814	0.001718	0.010786	0.021499	0.013265	0.006750	0.004723	0.005901	0.019110	0.018179	0.035934	0.024779	0.021975	0.034650	0.014739	0.039317	0.016643	0.013301	0.002201	0.009712	0.002332	0.014559	0.028071	0.017659	0.039514	0.002827	0.026601	0.009573	0.036554	0.007956	0.012167	0.038481	0.038482	0.032291	0.035469	0.022954	0.009434	0.015831	0.015195	0.029814	0.034548	0.016133	0.010563	0.008399	0.032983	0.009352	0.020824	
0.024117	0.018265	0.028501	0.020883	0.027445	0.013566	0.036831	0.034472	0.026074	0.031190	0.000023	0.006287	0.000229	0.033373	0.019060	0.003705	0.006612	0.031376	0.036046	0.028329	0.025714	0.003736	0.019825	0.007704	0.013370	0.034581	0.037833	0.020544	0.017002	0.029081	0.010449	0.014437	0.013916	0.010229	0.025922	0.004720	0.037981	0.025962	0.015044	0.026742	0.004604	0.001702	0.023565	0.006436	0.030695	0.038021	0.028222	0.005721	0.026313	0.013542	
0.019184	0.008956	0.034397	0.014141	0.012104	0.024432	0.034599	0.023277	0.031417	0.006427	0.010562	0.033197	0.011127	0.029848	0.021511	0.003830	0.019072	0.005311	0.020121	0.001529	0.032565	0.008732	0.024009	0.025102	0.019927	0.035746	0.032016	0.034886	0.026292	0.026100	0.035786	0.002813	0.035575	0.001730	0.011903	0.004123	0.015901	0.000864	0.037907	0.005732	0.025208	0.024550	0.023677	0.030373	0.017144	0.027249	0.008219	0.022396	0.018994	0.019440	
0.002150	0.006087	0.010029	0.028362	0.012136	0.004349	0.000417	0.018358	0.033309	0.031395	0.006640	0.000683	0.040344	0.006362	0.027579	0.024923	0.010141	0.005402	0.041412	0.017183	0.005582	0.019154	0.005328	0.021588	0.024238	0.034188	0.021765	0.040113	0.027905	0.023177	0.006061	0.033133	0.037519	0.010547	0.009760	0.009947	0.023640	0.024561	0.037988	0.015179	0.022901	0.024441	0.017781	0.001050	0.035117	0.040668	0.038333	0.028678	0.023694	0.008701	
0.034617	0.002611	0.008740	0.007602	0.011727	0.020690	0.018368	0.017446	0.041357	0.028597	0.019290	0.010680	0.017430	0.001693	0.033726	0.013737	0.002514	0.039122	0.039869	0.003598	0.010029	0.038771	0.010760	0.018201	0.003719	0.036952	0.002709	0.041161	0.011537	0.005818	0.008462	0.010060	0.039390	0.028554	0.030486	0.032419	0.029540	0.021660	0.002182	0.016590	0.033650	0.010991	0.030957	0.017884	0.021613	0.026622	0.022451	0.017344	0.021943	0.024132	
0.021668	0.005769	0.001388	0.026159	0.005484	0.012574	0.003055	0.012757	0.025630	0.038676	0.025580	0.044490	0.018928	0.039472	0.008500	0.023428	0.024842	0.024803	0.001189	0.001110	0.011719	0.034659	0.022028	0.042771	0.010767	0.036355	0.018667	0.034005	0.000295	0.015731	0.001527	0.021240	0.000437	0.030227	0.007712	0.021822	0.024643	0.012398	0.017333	0.003138	0.036280	0.004960	0.023890	0.028935	0.045174	0.025198	0.001007	0.033868	0.028357	0.039354	
0.032911	0.006137	0.018354	0.036583	0.028499	0.027296	0.007565	0.012459	0.024247	0.029615	0.015260	0.013292	0.011990	0.036979	0.014865	0.024198	0.007585	0.008640	0.032671	0.032939	0.036810	0.013632	0.004914	0.028274	0.033367	0.012307	0.014004	0.029946	0.003290	0.017729	0.027958	0.018529	0.019984	0.015424	0.025159	0.022709	0.031567	0.006446	0.009781	0.033358	0.011747	0.010853	0.024740	0.025684	0.009377	0.022087	0.014943	0.012030	0.017747	0.023519	
0.001128	0.028801	0.028255	0.013234	0.019559	0.009266	0.032527	0.031202	0.015905	0.021532	0.028924	0.023586	0.033458	0.002327	0.024999	0.008403	0.032378	0.005677	0.015945	0.010133	0.033469	0.002396	0.022998	0.026877	0.007660	0.004205	0.023658	0.000182	0.006087	0.031056	0.035978	0.031572	0.029776	0.014039	0.014342	0.021031	0.026914	0.016359	0.037181	0.000025	0.026686	0.004519	0.036872	0.031036	0.022720	0.020452	0.033345	0.032127	0.014750	0.004449	
0.011919	0.001571	0.024244	0.027278	0.035393	0.003610	0.039064	0.022189	0.009541	0.013903	0.018715	0.027117	0.025802	0.009216	0.032805	0.014131	0.020732	0.011618	0.015855	0.003527	0.034497	0.014227	0.030582	0.005816	0.027458	0.022838	0.019448	0.002282	0.004438	0.017861	0.019773	0.003274	0.017267	0.009105	0.037275	0.016928	0.025831	0.032222	0.029953	0.026745	0.039635	0.035838	0.010368	0.039651	0.014822	0.015759	0.020607	0.012039	0.014263	0.030969	
0.005141	0.019008	0.003561	0.014227	0.021617	0.040902	0.031666	0.022602	0.012590	0.033204	0.034360	0.001110	0.033869	0.034718	0.032637	0.033355	0.040423	0.031117	0.020611	0.018545	0.015691	0.018392	0.002551	0.030431	0.011271	0.001336	0.000517	0.005188	0.020522	0.030418	0.014522	0.019316	0.020063	0.008278	0.002445	0.020710	0.019238	0.039463	0.022302	0.029168	0.013838	0.015882	0.000262	0.020316	0.021379	0.012915	0.020346	0.022450	0.028277	0.027253	
0.024383	0.003427	0.012849	0.004261	0.036477	0.036411	0.028438	0.011385	0.028789	0.017288	0.011103	0.017206	0.022016	0.024806	0.021491	0.026443	0.036651	0.027208	0.014833	0.031585	0.007476	0.024327	0.028591	0.003581	0.024625	0.035983	0.032744	0.013841	0.020694	0.035204	0.008226	0.028037	0.011144	0.034779	0.000750	0.028549	0.035030	0.017216	0.022901	0.001523	0.004817	0.022971	0.003400	0.011869	0.033046	0.004932	0.028870	0.011417	0.015316	0.011089	
0.016936	0.036774	0.015133	0.014334	0.013363	0.036333	0.004063	0.024974	0.019258	0.027215	0.013128	0.007210	0.031307	0.028914	0.034767	0.005326	0.000169	0.025793	0.035557	0.003233	0.022878	0.033462	0.005357	0.018661	0.026061	0.009362	0.022416	0.017307	0.026051	0.013504	0.024195	0.027120	0.036319	0.008130	0.015636	0.010069	0.022237	0.010618	0.013886	0.005196	0.030209	0.000064	0.033641	0.016763	0.018267	0.025778	0.026703	0.036760	0.035348	0.014216	
0.008280	0.028374	0.012140	0.005009	0.022690	0.030689	0.037616	0.041901	0.010366	0.018140	0.009306	0.001443	0.021176	0.002540	0.023495	0.030357	0.014039	0.014637	0.037724	0.008644	0.007380	0.007687	0.001907	0.000849	0.000201	0.043459	0.012591	0.045213	0.017057	0.030160	0.039008	0.040395	0.015831	0.044787	0.034206	0.007699	0.032435	0.016346	0.007489	0.041157	0.027674	0.006819	0.025668	0.009216	0.044110	0.017179	0.022235	0.002647	0.006164	0.013864	
0.001687	0.004438	0.027281	0.021380	0.028982	0.029630	0.027928	0.007819	0.018396	0.030313	0.021480	0.024487	0.033649	0.010571	0.017713	0.027024	0.024857	0.027562	0.034631	0.017136	0.002217	0.016531	0.009951	0.023582	0.021707	0.031603	0.009633	0.005848	0.021627	0.017080	0.025262	0.035768	0.023074	0.013298	0.009083	0.023414	0.010169	0.033061	0.020463	0.011194	0.005197	0.018408	0.023818	0.018028	0.007460	0.031780	0.024214	0.003515	0.029595	0.036451	
0.029777	0.009544	0.026729	0.028996	0.015747	0.015463	0.013275	0.013792	0.015716	0.034772	0.019596	0.011069	0.019304	0.010977	0.007712	0.038191	0.029063	0.019722	0.010515	0.033023	0.026058	0.024625	0.025392	0.004537	0.007300	0.029010	0.012000	0.037926	0.037923	0.004000	0.028851	0.012865	0.009763	0.024083	0.035013	0.012859	0.028786	0.031358	0.021109	0.003243	0.033390	0.030677	0.016851	0.020330	0.015843	0.030622	0.018324	0.000140	0.010242	0.003899	
0.003182	0.015451	0.014561	0.012117	0.039658	0.004222	0.005734	0.011851	0.013871	0.026964	0.022881	0.001382	0.016613	0.016144	0.000857	0.037071	0.041375	0.018049	0.004643	0.011165	0.012786	0.019084	0.013403	0.009459	0.031390	0.014657	0.003055	0.021684	0.037131	0.042692	0.014899	0.022822	0.001836	0.017652	0.011758	0.018649	0.038402	0.018018	0.040990	0.039881	0.013211	0.036024	0.034260	0.029948	0.012953	0.009646	0.023367	0.046240	0.023514	0.022797	
0.019286	0.036640	0.014797	0.005430	0.003851	0.008626	0.038181	0.024644	0.041776	0.041307	0.006630	0.011125	0.011757	0.032308	0.028617	0.027131	0.017081	0.024248	0.020776	0.002070	0.040219	0.012281	0.004054	0.021225	0.016869	0.012671	0.030903	0.007580	0.040648	0.042571	0.002172	0.002147	0.029662	0.032944	0.019703	0.008483	0.040416	0.027492	0.036962	0.006414	0.023575	0.031391	0.003786	0.002291	0.005520	0.027383	0.000830	0.017052	0.006843	0.029632	
0.016746	0.038028	0.007089	0.031882	0.023130	0.031084	0.028103	0.013796	0.006344	0.023244	0.007860	0.011513	0.024681	0.020622	0.032124	0.016966	0.015677	0.029120	0.008167	0.020104	0.037998	0.025181	0.008406	0.000431	0.036014	0.010123	0.035328	0.010162	0.024616	0.033194	0.008170	0.027770	0.003890	0.020223	0.001637	0.034726	0.029917	0.028410	0.029890	0.035203	0.034508	0.012308	0.000457	0.000710	0.011312	0.030255	0.028935	0.024054	0.004664	0.005228	
0.024122	0.016533	0.006876	0.029705	0.018286	0.003467	0.038357	0.024580	0.036815	0.028233	0.019880	0.014077	0.006343	0.035664	0.010679	0.021882	0.040074	0.023263	0.033430	0.004160	0.004265	0.017726	0.023181	0.029080	0.027474	0.028809	0.006579	0.013854	0.002296	0.022161	0.009712	0.006988	0.001798	0.036841	0.026214	0.037667	0.017300	0.006279	0.003282	0.035513	0.000389	0.023216	0.005167	0.022248	0.022274	0.020821	0.005566	0.033415	0.035539	0.037920	
0.027404	0.000252	0.025948	0.002173	0.038414	0.016402	0.040042	0.006321	0.018327	0.020792	0.022761	0.028110	0.007942	0.023575	0.020169	0.028858	0.001302	0.012077	0.004020	0.015645	0.030274	0.008999	0.037956	0.000564	0.002650	0.040206	0.039820	0.020623	0.006620	0.032923	0.031541	0.001814	0.039986	0.035366	0.038627	0.008731	0.025408	0.032913	0.037354	0.032245	0.025150	0.021371	0.004892	0.004340	0.030199	0.012304	0.008467	0.004805	0.008806	0.014514	
0.022623	0.029245	0.021264	0.034328	0.029189	0.000487	0.020068	0.004548	0.000455	0.016977	0.030051	0.002227	0.015875	0.013576	0.013174	0.034643	0.023696	0.034822	0.014668	0.016560	0.034171	0.022891	0.011046	0.023975	0.033703	0.014788	0.014755	0.033873	0.007947	0.004014	0.033507	0.036745	0.014428	0.006950	0.002245	0.015412	0.012345	0.021389	0.028864	0.019984	0.022514	0.016741	0.030181	0.020372	0.022908	0.035944	0.013156	0.027751	0.012086	0.026840	
0.001059	0.015110	0.025494	0.013589	0.029215	0.029462	0.026689	0.029016	0.027510	0.018458	0.009959	0.031181	0.013671	0.030799	0.028688	0.024566	0.003835	0.032191	0.019672	0.031082	0.029563	0.015669	0.017438	0.005027	0.022005	0.019051	0.013335	0.000778	0.026830	0.030774	0.019936	0.022119	0.025804	0.014308	0.006181	0.004102	0.009583	0.028636	0.032095	0.021934	0.009858	0.006731	0.030165	0.016943	0.024568	0.011369	0.032620	0.021268	0.025127	0.014935	
0.011492	0.030075	0.014300	0.010121	0.037216	0.003441	0.015793	0.015973	0.020108	0.020101	0.020834	0.037629	0.016699	0.005584	0.036275	0.000033	0.015624	0.023342	0.010374	0.026214	0.035128	0.012504	0.018420	0.032257	0.010335	0.032064	0.025019	0.011008	0.038634	0.010735	0.018179	0.003938	0.036973	0.019125	0.027381	0.014949	0.021963	0.031566	0.024818	0.033406	0.009095	0.026190	0.013701	0.018272	0.006885	0.026854	0.005612	0.003776	0.024852	0.035130	
0.022584	0.022936	0.010031	0.030662	0.033159	0.015071	0.031506	0.011341	0.018372	0.029120	0.012339	0.030583	0.006078	0.021221	0.027474	0.027439	0.011092	0.032622	0.016023	0.002334	0.032316	0.028079	0.008533	0.010076	0.005632	0.012531	0.019534	0.010666	0.017048	0.026158	0.010902	0.032390	0.004319	0.022687	0.018693	0.022845	0.025501	0.034401	0.019590	0.011532	0.019582	0.015063	0.022381	0.014700	0.031630	0.030583	0.004843	0.034316	0.020636	0.020847	
0.018518	0.011116	0.031410	0.011467	0.026809	0.025425	0.000856	0.010392	0.022362	0.021743	0.019285	0.026350	0.036144	0.037588	0.020079	0.024641	0.030256	0.038311	0.001859	0.007446	0.029731	0.030856	0.018698	0.009010	0.002827	0.006197	0.013002	0.013267	0.009028	0.019014	0.009255	0.031506	0.039221	0.018791	0.003458	0.025319	0.023650	0.037475	0.004067	0.037128	0.028834	0.031213	0.010244	0.009340	0.004762	0.037048	0.003710	0.034000	0.027445	0.009847	
0.014729	0.036307	0.025849	0.023566	0.015003	0.026919	0.034454	0.018587	0.037899	0.039003	0.008538	0.015772	0.008142	0.008459	0.030561	0.007434	0.012604	0.007417	0.013936	0.037210	0.019606	0.025738	0.026598	0.030693	0.010160	0.031140	0.013999	0.005684	0.023282	0.004122	0.026562	0.036964	0.034405	0.015284	0.012680	0.011888	0.002092	0.006734	0.008619	0.013052	0.019502	0.039019	0.007660	0.011796	0.014458	0.009962	0.026636	0.024249	0.030506	0.034521	
0.013597	0.010338	0.028646	0.039158	0.034880	0.013576	0.000776	0.029655	0.003267	0.037175	0.027815	0.013670	0.003493	0.021416	0.022187	0.018292	0.044974	0.005835	0.009024	0.019225	0.027687	0.033055	0.009972	0.023935	0.010391	0.014414	0.017793	0.011635	0.025238	0.028242	0.014463	0.024699	0.029854	0.035693	0.038454	0.007101	0.013808	0.019796	0.014800	0.007741	0.039902	0.034175	0.005707	0.033714	0.011883	0.012666	0.007725	0.036945	0.006896	0.004617	
0.011130	0.025878	0.011762	0.002793	0.031139	0.012834	0.043734	0.007689	0.014934	0.023645	0.016571	0.019777	0.005580	0.033867	0.016485	0.037903	0.011981	0.017524	0.012488	0.035847	0.022197	0.034546	0.010013	0.001950	0.043497	0.001914	0.016533	0.027284	0.034636	0.002840	0.012373	0.011505	0.019096	0.028009	0.041107	0.004002	0.017528	0.001063	0.037131	0.043819	0.021962	0.025668	0.017223	0.000681	0.028996	0.004392	0.005087	0.035114	0.036242	0.020033	
0.015720	0.025525	0.011369	0.027550	0.026844	0.014918	0.017434	0.032541	0.005705	0.005103	0.021601	0.026671	0.036688	0.029389	0.024887	0.005178	0.003410	0.026965	0.022177	0.019823	0.032758	0.030452	0.012256	0.021371	0.007268	0.018560	0.031688	0.011226	0.006473	0.006028	0.027026	0.012993	0.032826	0.023192	0.035415	0.034769	0.032637	0.012733	0.021329	0.032053	0.001498	0.009363	0.002579	0.004174	0.033138	0.005350	0.017314	0.035404	0.032058	0.016569	
0.001337	0.037586	0.039392	0.023991	0.039284	0.004689	0.017991	0.021928	0.000428	0.015805	0.008295	0.035636	0.002636	0.021387	0.039190	0.025979	0.026523	0.035839	0.001561	0.031008	0.000752	0.008042	0.034088	0.013737	0.037678	0.005500	0.037045	0.008720	0.015053	0.034203	0.028841	0.010117	0.017766	0.013842	0.026373	0.002924	0.027731	0.033615	0.022367	0.012749	0.027985	0.023011	0.007638	0.033730	0.015241	0.023392	0.005803	0.005766	0.018064	0.017744	
0.021479	0.009718	0.035716	0.031611	0.028179	0.033104	0.025113	0.035112	0.000959	0.018046	0.034143	0.003605	0.002025	0.014566	0.029251	0.010929	0.006318	0.033364	0.026731	0.016371	0.015722	0.007107	0.033873	0.030866	0.005462	0.012347	0.028493	0.019405	0.014223	0.025568	0.017098	0.015506	0.010241	0.023203	0.027471	0.032036	0.005250	0.021019	0.024973	0.008113	0.023870	0.004708	0.036077	0.001560	0.008862	0.019273	0.034843	0.038531	0.036256	0.001703	
0.034043	0.009778	0.029019	0.041326	0.003680	0.020067	0.017795	0.034411	0.006049	0.021944	0.008422	0.016046	0.019312	0.039975	0.016078	0.001327	0.001718	0.004702	0.018566	0.018697	0.006407	0.037115	0.006344	0.010298	0.014827	0.018296	0.031782	0.023420	0.023680	0.022905	0.025746	0.038359	0.036867	0.020809	0.007089	0.012603	0.022468	0.041482	0.016309	0.034995	0.004632	0.015315	0.035847	0.004534	0.010478	0.017952	0.002930	0.030564	0.035830	0.027162	
0.034931	0.005592	0.003629	0.015077	0.029346	0.024728	0.014821	0.032321	0.002461	0.008074	0.015887	0.027182	0.025635	0.036782	0.014241	0.014931	0.020687	0.017404	0.000119	0.034221	0.028053	0.009908	0.032240	0.038066	0.008776	0.016428	0.023525	0.017916	0.038206	0.021597	0.005199	0.013789	0.016975	0.023935	0.016608	0.030065	0.008991	0.007365	0.025649	0.015456	0.032521	0.036715	0.016697	0.022086	0.024286	0.027414	0.012374	0.000566	0.036015	0.014508	
0.010567	0.008813	0.000823	0.000999	0.025538	0.015635	0.035029	0.030080	0.013646	0.015149	0.027789	0.013760	0.009242	0.020160	0.038626	0.018060	0.002307	0.042148	0.043965	0.010697	0.018123	0.029006	0.039731	0.004419	0.018061	0.021435	0.022360	0.014164	0.041359	0.037199	0.007344	0.027190	0.004823	0.021179	0.020817	0.007059	0.009082	0.031633	0.009149	0.025176	0.009276	0.029395	0.031248	0.030526	0.004173	0.013649	0.009280	0.026403	0.018734	0.034973	
0.014463	0.039142	0.013056	0.023660	0.006957	0.039208	0.022151	0.041014	0.020283	0.024278	0.026351	0.036738	0.014926	0.011868	0.039243	0.030372	0.006459	0.021227	0.021214	0.022095	0.003988	0.008140	0.014936	0.034624	0.026180	0.003531	0.032537	0.023841	0.012608	0.004303	0.018683	0.022287	0.006848	0.012739	0.003400	0.042424	0.043699	0.012732	0.004539	0.004866	0.004255	0.000947	0.007500	0.037221	0.026246	0.022582	0.006048	0.020558	0.018932	0.044099	
0.012698	0.026607	0.022762	0.021274	0.030453	0.024624	0.003373	0.027139	0.029339	0.006051	0.008177	0.033542	0.007980	0.033336	0.026366	0.030841	0.013664	0.010286	0.015921	0.008210	0.039010	0.014419	0.008105	0.007685	0.030274	0.035741	0.000712	0.015545	0.033534	0.013909	0.012369	0.007013	0.020566	0.030813	0.010930	0.018056	0.029844	0.026942	0.018823	0.033388	0.013735	0.036638	0.025202	0.008368	0.011693	0.001824	0.025534	0.037678	0.016296	0.022712	
0.024293	0.014884	0.020897	0.001411	0.006749	0.008169	0.018276	0.025805	0.012565	0.022704	0.013214	0.015445	0.028219	0.014198	0.015907	0.009917	0.029478	0.019292	0.032571	0.032556	0.025601	0.022524	0.019792	0.032828	0.025205	0.026412	0.027386	0.030633	0.005773	0.003823	0.009147	0.014009	0.014066	0.030746	0.023083	0.032301	0.028917	0.023296	0.007419	0.032646	0.032994	0.012611	0.022378	0.017029	0.026099	0.005976	0.032836	0.023917	0.020740	0.003259	
0.001779	0.012215	0.031340	0.014616	0.036142	0.011137	0.031883	0.015671	0.013785	0.031527	0.020496	0.023344	0.026809	0.004563	0.003638	0.031795	0.005882	0.005553	0.035084	0.024331	0.033940	0.037219	0.000749	0.018005	0.034187	0.018142	0.020849	0.016830	0.036884	0.009874	0.007476	0.009044	0.033134	0.028757	0.011017	0.006008	0.037358	0.014975	0.016196	0.031926	0.025801	0.003556	0.007362	0.003253	0.037645	0.034750	0.004357	0.027003	0.037882	0.014230	
0.004649	0.009262	0.025858	0.001015	0.008422	0.041656	0.017962	0.034791	0.028112	0.020763	0.025308	0.030467	0.015419	0.009727	0.024201	0.000356	0.019782	0.011187	0.024768	0.028485	0.037813	0.017112	0.030718	0.036996	0.037695	0.001111	0.014296	0.009940	0.006490	0.017778	0.012646	0.017641	0.033116	0.025328	0.004024	0.035713	0.015901	0.019785	0.026821	0.038125	0.034563	0.021440	0.030761	0.018052	0.018808	0.002305	0.015882	0.021170	0.007953	0.007826	
0.027475	0.019606	0.006594	0.011677	0.012703	0.021130	0.007479	0.023881	0.003777	0.007214	0.024018	0.000552	0.000422	0.010984	0.028442	0.042203	0.016815	0.031667	0.029712	0.005239	0.034019	0.019721	0.029036	0.009324	0.044862	0.007963	0.032736	0.005314	0.007665	0.007284	0.040782	0.011786	0.032849	0.022383	0.018279	0.026421	0.000623	0.010082	0.023938	0.030867	0.011809	0.006389	0.013413	0.045399	0.009653	0.025840	0.024386	0.044640	0.045850	0.025096	
0.016117	0.009067	0.003299	0.026102	0.016261	0.012874	0.005417	0.024101	0.035705	0.001138	0.004887	0.005110	0.029293	0.022056	0.023723	0.016966	0.030684	0.020731	0.033687	0.025512	0.031034	0.030059	0.028295	0.028642	0.020828	0.015267	0.019562	0.011239	0.036167	0.006828	0.013816	0.013909	0.003516	0.030754	0.030376	0.026709	0.026294	0.033062	0.030188	0.008119	0.024800	0.006629	0.005876	0.017390	0.014496	0.020158	0.024987	0.015199	0.031420	0.031651	
0.029693	0.016840	0.004925	0.025215	0.025722	0.020702	0.014393	0.010899	0.038161	0.013539	0.020311	0.028915	0.004558	0.014336	0.028554	0.027091	0.009555	0.037024	0.004398	0.011928	0.023553	0.033495	0.005792	0.000298	0.027078	0.014326	0.038781	0.036213	0.021773	0.025966	0.023107	0.027295	0.010858	0.021271	0.020039	0.009090	0.004780	0.014787	0.037207	0.017351	0.007380	0.004291	0.029796	0.012291	0.009892	0.007816	0.016081	0.039410	0.042576	0.030649	
0.020985	0.012556	0.012321	0.028142	0.016818	0.033214	0.041188	0.015473	0.016607	0.021580	0.038618	0.024418	0.013035	0.012858	0.039706	0.006053	0.013123	0.003871	0.034025	0.028659	0.022916	0.039245	0.036213	0.027347	0.008572	0.023573	0.027516	0.005542	0.022894	0.006377	0.005045	0.033300	0.021459	0.034810	0.008418	0.024584	0.019760	0.028430	0.025476	0.033975	0.006723	0.000576	0.013088	0.026050	0.002818	0.027384	0.009367	0.018878	0.004125	0.002290	
0.015771	0.017621	0.013717	0.003851	0.022625	0.034691	0.029824	0.026655	0.023403	0.009060	0.020693	0.020986	0.035607	0.031494	0.007726	0.015410	0.012433	0.029912	0.036356	0.027124	0.006626	0.010037	0.034615	0.016157	0.031885	0.015680	0.024444	0.012676	0.006195	0.000361	0.018513	0.029432	0.001637	0.024718	0.036081	0.021944	0.002001	0.022577	0.023875	0.022725	0.010193	0.026300	0.003479	0.035467	0.010319	0.028665	0.031498	0.024360	0.019779	0.012804	
0.026339	0.027815	0.017285	0.018078	0.003978	0.019482	0.025831	0.017219	0.015543	0.030685	0.024661	0.023380	0.005220	0.026934	0.021643	0.023829	0.007292	0.000732	0.014454	0.031198	0.022417	0.024908	0.024825	0.000006	0.018251	0.030477	0.030854	0.025534	0.024586	0.000495	0.029643	0.001819	0.030295	0.027358	0.019315	0.014412	0.020834	0.010694	0.025626	0.021733	0.032626	0.003057	0.033123	0.003884	0.018647	0.029980	0.008354	0.023759	0.029256	0.031633	
0.021805	0.009434	0.044095	0.007507	0.040671	0.028734	0.041728	0.031912	0.009148	0.016332	0.031643	0.037186	0.027303	0.027926	0.039999	0.004066	0.013022	0.045955	0.028719	0.001416	0.041241	0.014548	0.000695	0.000070	0.006230	0.011609	0.035243	0.017010	0.021752	0.000346	0.000370	0.003559	0.012633	0.005089	0.027392	0.004904	0.014030	0.027898	0.042685	0.032410	0.022309	0.032243	0.000404	0.029669	0.014519	0.014421	0.017457	0.008410	0.004429	0.027824	
0.024489	0.001830	0.015916	0.030964	0.009398	0.031555	0.023733	0.027770	0.005880	0.007414	0.020798	0.026016	0.024280	0.007746	0.017645	0.018175	0.023949	0.017755	0.032129	0.016159	0.019340	0.033713	0.030639	0.003056	0.006907	0.021165	0.005395	0.016208	0.020644	0.022871	0.010765	0.024970	0.012636	0.033029	0.033016	0.002789	0.026707	0.030494	0.015792	0.032830	0.012832	0.003038	0.031784	0.034262	0.017973	0.020354	0.017779	0.011414	0.033573	0.030428	
0.008564	0.010971	0.026642	0.002244	0.040946	0.020723	0.006118	0.028412	0.016565	0.020421	0.010537	0.000184	0.015978	0.035710	0.006714	0.026980	0.030118	0.041815	0.038122	0.022516	0.029941	0.005356	0.041897	0.025193	0.026830	0.015326	0.001020	0.016997	0.032591	0.005557	0.023660	0.032428	0.029188	0.020682	0.028651	0.016678	0.016785	0.013767	0.000488	0.014793	0.008848	0.014016	0.015414	0.007334	0.025117	0.042594	0.018231	0.020532	0.010509	0.029296	
0.027574	0.014320	0.031215	0.021352	0.017191	0.031944	0.024830	0.016793	0.010747	0.036253	0.015704	0.039796	0.030060	0.017298	0.015755	0.018478	0.019310	0.026797	0.002158	0.029318	0.040358	0.013401	0.001368	0.029459	0.039284	0.011561	0.026226	0.003568	0.000848	0.023184	0.037500	0.005517	0.015463	0.003663	0.012320	0.038956	0.023907	0.018133	0.025649	0.019305	0.013781	0.006185	0.000933	0.015708	0.018855	0.024479	0.017514	0.020222	0.016899	0.028859	
0.038741	0.017497	0.013927	0.002408	0.037349	0.005631	0.028443	0.016486	0.005650	0.014206	0.037242	0.036464	0.015564	0.029293	0.031892	0.037977	0.034224	0.010741	0.036237	0.033797	0.021292	0.027995	0.030622	0.024585	0.022790	0.012472	0.000779	0.004237	0.016233	0.018250	0.005432	0.004192	0.015689	0.008400	0.033989	0.004849	0.022982	0.007453	0.019605	0.022144	0.014279	0.027708	0.018535	0.004370	0.008155	0.035988	0.034265	0.016242	0.001809	0.030890	
0.028787	0.001188	0.025761	0.033468	0.031832	0.019460	0.013135	0.025439	0.017124	0.000313	0.003328	0.000444	0.018453	0.031470	0.031751	0.021230	0.028794	0.012601	0.016363	0.009107	0.031498	0.029067	0.011516	0.012916	0.031396	0.016610	0.021653	0.025834	0.021607	0.007492	0.019447	0.023211	0.031335	0.033222	0.004825	0.026747	0.018984	0.020518	0.024242	0.003389	0.011034	0.006327	0.020431	0.018794	0.031181	0.029540	0.029449	0.024803	0.018346	0.024537	
0.024895	0.006712	0.007593	0.013894	0.012964	0.001296	0.035101	0.012489	0.015300	0.032145	0.040483	0.003180	0.017297	0.040379	0.033103	0.036600	0.000610	0.013775	0.016015	0.032935	0.028961	0.023591	0.018248	0.012298	0.018228	0.041130	0.007057	0.035958	0.039864	0.025996	0.006168	0.007331	0.027863	0.002500	0.002288	0.024828	0.028009	0.005094	0.009972	0.004325	0.002249	0.017307	0.019837	0.034531	0.041517	0.041345	0.027631	0.026404	0.012447	0.010257	
0.020211	0.024633	0.010493	0.028725	0.032222	0.016295	0.026937	0.032089	0.029893	0.006537	0.025077	0.011792	0.011002	0.015710	0.008847	0.001655	0.006851	0.013444	0.005354	0.012484	0.028528	0.019275	0.025787	0.028322	0.013495	0.009165	0.037596	0.030219	0.028053	0.007987	0.023899	0.005329	0.037637	0.024303	0.023478	0.028130	0.033390	0.015439	0.015011	0.025115	0.000825	0.003448	0.014848	0.034670	0.006089	0.031245	0.037951	0.005161	0.029123	0.036228	
0.006682	0.034232	0.010360	0.034365	0.014788	0.011160	0.018856	0.033094	0.034631	0.022795	0.005425	0.012652	0.036515	0.021503	0.002716	0.023922	0.000770	0.031972	0.031590	0.019376	0.036665	0.018387	0.026633	0.019952	0.022615	0.014841	0.033063	0.022821	0.014822	0.015879	0.003966	0.031290	0.007453	0.019466	0.003623	0.013670	0.031237	0.028844	0.008836	0.026949	0.036592	0.017683	0.021592	0.024990	0.000121	0.009303	0.021895	0.021943	0.031291	0.006174	
0.000308	0.028773	0.010032	0.009207	0.033007	0.020057	0.036345	0.033323	0.015176	0.008344	0.035644	0.005281	0.024550	0.034089	0.030732	0.008003	0.005995	0.004380	0.024215	0.021287	0.012907	0.004535	0.028157	0.029741	0.026142	0.010834	0.018278	0.023573	0.032540	0.009557	0.023282	0.003971	0.010564	0.035815	0.037157	0.017948	0.007949	0.021557	0.013052	0.033482	0.025648	0.002237	0.020017	0.020073	0.015245	0.028902	0.014837	0.031998	0.027873	0.023381	
0.001789	0.011286	0.004999	0.004438	0.024708	0.006073	0.025051	0.032651	0.015424	0.001513	0.025391	0.029139	0.009100	0.036970	0.028525	0.026045	0.033927	0.014941	0.022545	0.033388	0.031113	0.017926	0.032399	0.024532	0.016930	0.023131	0.003564	0.030513	0.002733	0.012718	0.012630	0.003374	0.001834	0.030968	0.000431	0.033626	0.025995	0.020285	0.028111	0.019553	0.002795	0.012538	0.019389	0.030712	0.028070	0.024193	0.032556	0.029397	0.029964	0.030118	
0.015756	0.026524	0.037247	0.019599	0.007716	0.033610	0.025257	0.027699	0.004003	0.016353	0.009686	0.012608	0.010134	0.017087	0.021354	0.018905	0.014368	0.032029	0.005825	0.006761	0.035310	0.018701	0.007680	0.029935	0.019377	0.020368	0.022919	0.025590	0.004884	0.027982	0.007949	0.028577	0.021472	0.032445	0.013713	0.022259	0.024299	0.031082	0.023983	0.024097	0.036378	0.015489	0.003596	0.000071	0.029166	0.033029	0.018070	0.001149	0.019828	0.038089	
0.018215	0.031203	0.008447	0.033377	0.016227	0.030400	0.032249	0.015423	0.006041	0.006369	0.036284	0.029790	0.007091	0.007609	0.022840	0.035608	0.020453	0.030888	0.018676	0.025006	0.033309	0.009008	0.012938	0.031121	0.006400	0.030341	0.008406	0.017644	0.001243	0.021723	0.008214	0.009051	0.036426	0.001882	0.006880	0.033872	0.036101	0.031680	0.004426	0.017030	0.021217	0.011230	0.026800	0.036796	0.009122	0.010971	0.000894	0.033129	0.023918	0.036032	
0.019509	0.033307	0.017495	0.032360	0.015353	0.035755	0.000580	0.000754	0.003144	0.001399	0.002105	0.037340	0.018793	0.037828	0.033133	0.039922	0.004758	0.002794	0.006222	0.031491	0.011524	0.029686	0.032000	0.015672	0.002480	0.021880	0.017460	0.016340	0.008159	0.036283	0.026469	0.019669	0.027203	0.032038	0.040423	0.031828	0.014376	0.017183	0.030160	0.005027	0.029291	0.023026	0.026128	0.008068	0.021005	0.016483	0.024173	0.003993	0.013424	0.024505	
0.021337	0.007413	0.028952	0.031993	0.028669	0.030244	0.002134	0.031146	0.004052	0.016904	0.030109	0.030540	0.005366	0.023412	0.005474	0.023035	0.021380	0.031308	0.034891	0.013566	0.016791	0.033285	0.010705	0.010402	0.000372	0.005282	0.028479	0.029067	0.013987	0.021893	0.017638	0.033307	0.021643	0.014415	0.011777	0.031174	0.007332	0.023156	0.023637	0.030840	0.026096	0.019351	0.015878	0.027964	0.000286	0.018607	0.006179	0.011458	0.034704	0.032372	
0.34
