50
2
26.746424	20.523552	17.153585	-8.355964	26.589841	16.406558	-25.311415	-27.265376	23.597812	-14.137289	13.216317	-12.541352	5.839995	0.751501	4.485109	-1.316053	-7.474447	-6.676721	13.972943	-5.748949	5.314114	13.381742	-2.364306	15.171005	18.238887	-22.762398	-1.560662	-17.020149	-5.798748	8.196691	-0.324846	-26.478859	-22.273445	-21.884989	27.924000	12.869512	-5.451191	-5.412665	0.348414	-12.909452	-17.708646	15.984321	-3.872936	-23.865687	-1.106944	-23.139267	-22.290940	-8.130619	-15.479348	-21.383924	
-25.087048	23.442224	22.103201	19.862660	-3.817175	-25.870895	16.011507	-9.343196	-3.272077	14.962261	-22.926401	5.908102	-25.222283	-11.410496	-3.647036	21.103327	-24.745776	-3.400099	-3.719449	-5.666597	4.866697	0.289001	7.984590	-17.026159	4.414812	10.903088	-3.048721	-9.025952	-9.335706	-24.333585	5.853494	-6.006926	3.394206	-24.621551	23.554884	-3.567683	19.560858	-4.710581	-21.523020	-8.318472	-17.050406	5.262287	-3.720957	-14.474952	24.727082	25.781489	-0.014065	-24.290624	19.777995	-19.075958	
-0.249642	7.325646	2.239508	-11.723460	8.252508	7.304371	13.605978	-1.232952	-17.882770	-17.984193	-8.229801	-6.830476	-13.297842	11.507335	-11.445623	6.726244	1.570675	-14.545914	-9.049830	-16.489637	14.590112	13.464136	-1.124550	17.883820	-8.336280	11.676460	16.524471	6.137111	12.751056	-10.526439	-2.838567	-15.893460	4.361786	-15.506336	18.361288	-16.388766	16.522740	9.936185	-14.304618	-8.682584	-7.262197	3.033006	11.156761	-6.608981	-5.535146	2.948072	-3.138307	5.406076	4.129667	-18.998296	
6.481597	-4.518885	-13.423947	-11.507167	9.349317	1.148997	2.540487	13.387575	10.124611	-18.684298	-4.866238	17.732975	-14.338249	15.105530	22.102643	6.725335	1.786906	6.226223	-17.911071	17.998728	0.299105	-11.438422	2.166253	7.082612	18.827568	-20.144222	5.465814	8.981816	4.415916	-22.493886	-12.306381	2.928925	13.517679	17.578545	-10.073115	16.721229	16.924644	-15.279753	-12.088395	18.852617	-1.290542	-22.385365	0.497142	-14.897189	-19.116181	-9.315238	9.251636	0.006686	13.801178	-20.928423	
-8.713841	-15.653823	-16.169560	-12.678250	-15.316633	10.824535	2.984025	13.267756	2.724948	17.458963	-2.104149	-15.359111	3.502286	15.079290	-7.959400	-7.042693	17.667117	-14.243529	3.364422	-0.354843	7.692802	-16.567486	-15.599370	-16.114337	5.414463	9.360250	0.144334	-4.151169	16.851572	15.758864	10.965612	6.457272	-6.357797	5.753982	-17.770949	-2.349747	11.005638	4.352315	-12.932034	-5.603092	15.852949	1.152727	-16.678585	-13.906315	-12.339161	12.717308	-3.551421	16.311481	4.981196	-5.289772	
-23.011947	10.905546	22.666126	13.176777	-15.800402	9.854137	20.414396	-15.530405	-2.800639	0.060767	-5.111523	-9.677878	-17.432847	11.362321	-8.170295	8.845739	-13.078281	-1.294473	2.197921	-11.508954	12.522643	3.602676	11.705158	23.559017	-8.636748	13.941074	17.345781	-3.502719	-0.355282	11.031748	-16.272748	6.460634	-21.806842	-6.946247	15.867164	-16.829583	7.930066	-23.491834	-4.236492	-18.501491	7.567889	12.086909	-0.109367	19.874689	-16.735171	-25.681744	16.197181	25.273591	-8.925296	25.014256	
-21.516370	11.196074	5.491558	-21.714377	-6.340180	-1.807412	-5.311362	18.825549	20.557248	15.121602	4.372206	-0.262751	-18.057229	-7.940560	-23.008887	20.930711	14.145225	15.166316	-21.546149	8.703628	-6.415596	1.910488	-18.741059	-8.316218	6.757044	21.894471	16.093408	-21.390417	-9.620883	-8.836427	1.840488	14.070119	21.856985	-14.614789	21.411982	18.356964	-18.752386	17.039197	3.198474	16.964085	-17.901640	-8.054479	6.548548	-15.905907	7.531599	-8.900594	14.638696	-1.317311	-3.353422	9.166134	
-11.084481	10.966941	9.749077	-11.654212	-2.071978	11.726056	-9.950991	8.737976	-5.998223	8.707489	5.350379	-5.123944	-11.135671	-3.435393	-6.671249	7.598340	7.769375	-13.984124	-7.838156	-12.138378	-5.879796	3.119619	8.548248	4.688736	4.173835	11.516124	-12.424332	-11.176579	-11.368197	3.698822	13.211911	6.619449	0.370401	9.338607	5.306949	7.234809	-13.993704	4.033865	-4.735537	10.545764	9.363884	-12.144721	4.207065	3.805604	5.482749	9.567784	10.927542	0.276719	-1.406983	-4.437445	
3.252017	-13.372186	15.556563	-7.983589	17.767482	29.204335	15.238719	6.263222	-5.644608	-17.772304	-8.553593	-6.329047	16.488443	14.684825	-25.529951	-19.883373	5.017282	-13.778309	7.568284	-22.865087	1.572524	-24.746776	-7.070993	12.809017	0.392827	-12.506819	21.384667	11.021795	0.034060	-9.387653	4.868178	-10.455341	-25.598039	-19.327761	-12.535111	-12.615413	15.291312	-3.399116	25.610427	-8.458972	3.820310	16.804384	12.402978	16.677575	-7.764667	26.219894	2.821188	-22.336158	-21.936243	-29.616693	
-8.377747	5.333490	15.345773	24.533756	5.988431	4.086738	-16.803191	-23.367440	19.465595	-6.560919	1.377140	-14.963878	3.137972	-2.968213	15.366687	-12.805691	2.939335	-25.994927	-9.988526	-12.832789	21.425564	-22.718782	-23.574981	-20.323042	-4.012013	5.165725	-23.935980	1.966524	-7.068617	6.915938	-25.323875	-16.210338	-18.188590	-24.756004	-0.368610	7.102752	13.933506	-24.288251	-24.026862	-13.683254	-19.505797	20.739164	-3.490138	6.024132	-4.696924	-7.636695	-23.426755	-19.395549	25.118344	6.372706	
-3.435563	-6.261290	-19.854224	-12.483398	0.535967	-3.331670	-13.269980	13.268061	13.198242	17.180397	-17.026566	-2.356969	-2.577997	12.099998	8.072479	14.236063	-17.631044	-8.861432	8.640823	13.282939	19.222611	-14.225293	-10.724200	-17.690877	4.455157	11.975950	-17.246571	-5.032046	-8.200112	1.922134	17.970496	10.145704	8.661812	10.382467	-1.323185	-5.627971	4.219654	17.621607	-19.079941	11.126918	-8.864447	6.111033	12.994988	7.723962	7.424241	-1.648943	7.147973	4.330997	3.559630	-14.345919	
-23.754219	24.511281	3.456367	13.845250	-1.941450	6.757101	15.765367	9.437323	5.151931	-15.777531	-15.784104	-7.588792	8.987938	-3.233416	-0.262698	13.803266	1.268238	2.352954	-24.951765	17.234372	5.891466	-12.643965	23.416465	-4.735358	14.279869	14.578945	-2.458961	23.716309	-13.312651	-4.353962	18.745640	-20.106371	-1.881760	-4.421306	-4.760850	-13.408909	-16.334758	8.886050	-24.737880	-13.138836	21.243739	-5.723991	-15.499154	-15.103235	-15.472545	8.334742	-8.635050	5.126968	13.458265	0.886667	
-11.291281	25.497245	11.026273	22.538925	25.135261	18.848526	12.545375	-10.420506	-15.422889	8.751644	-25.443510	13.253462	10.719669	11.537046	6.812662	-17.049061	-15.176320	-18.248351	18.794413	-15.941559	-14.377653	-16.970829	8.518685	-24.768128	21.783621	19.367354	-3.992796	15.904363	-19.048159	23.595704	-16.035276	-20.245982	-6.466687	10.692157	-15.689152	1.815786	21.965634	18.171254	6.340216	-10.640752	-8.788615	-6.506034	12.254946	20.849553	8.740375	4.513233	21.765251	23.105342	6.653993	-10.865466	
-5.013123	-21.265530	-16.933288	-6.397666	-3.908284	10.968552	2.892315	-3.232092	-21.786273	-2.858135	8.289299	23.506538	-8.153380	14.307684	2.619737	-6.319997	20.750600	-1.497664	0.012815	-4.434732	-15.725007	-9.490054	11.771357	-11.685005	-14.321017	20.369375	6.727612	-20.029505	-9.303812	4.926710	8.924758	17.141765	-14.389681	4.993583	20.972480	-9.681191	-20.022417	-6.540720	22.253582	5.059983	-0.608550	17.008810	6.305533	-20.076984	19.242247	-8.769332	18.190264	7.184303	-9.274373	-14.788750	
6.290855	-20.331323	17.006021	1.967818	-19.789131	-15.410271	17.732351	-14.497982	-9.793145	16.344020	-16.061167	3.743601	19.786753	-13.050552	6.551931	17.223228	20.336429	-9.442998	-13.878749	-11.041558	-16.128347	-11.770019	15.961749	-7.615874	1.383370	15.977511	18.474339	-9.221377	-6.383262	-0.078727	-17.203179	-17.145630	-9.721686	2.416104	0.236368	-1.522781	12.195571	14.196662	-11.336477	2.408786	7.851976	-2.158123	-12.023819	-13.269645	-14.211279	13.368336	2.554175	20.812460	17.640709	18.093091	
8.832348	-7.794047	22.325363	-29.981910	-29.885515	-26.852750	1.510828	-17.198198	17.586444	23.075140	25.180886	21.825783	-22.073262	-18.799231	-21.609468	-10.329233	-16.161158	-13.926052	-0.898729	-16.017092	-21.920110	29.905322	4.330465	-24.179094	-24.582737	9.671861	24.684366	-20.453806	-29.876945	25.534746	-13.114904	-14.632964	-0.985783	-19.687620	-21.440094	19.176124	29.676733	13.519941	-9.029580	28.330358	9.239101	-10.834899	26.482302	-23.182680	17.674989	-19.574476	-29.422939	10.471181	29.356219	5.054019	
18.160637	16.778095	-16.521032	18.430751	-1.146690	-10.681476	21.017476	17.515204	4.455006	22.498711	-3.476915	5.687216	-0.366300	-0.459595	14.202823	-19.744916	0.451699	-25.333947	-2.881208	-25.532824	23.733797	-6.586310	-20.762842	16.378833	8.744823	9.461543	13.306841	6.038260	21.735845	-25.580269	3.811656	-16.101510	-25.397912	15.409390	15.880248	-11.042786	-12.658507	6.194641	10.934917	5.238073	10.436083	24.737869	-10.080505	-14.576697	13.780770	23.579322	-15.956960	11.690583	-2.290592	-6.852140	
3.345652	-10.940570	16.568446	-25.820864	-3.660951	-11.904561	-4.917668	6.934227	-24.317212	-14.893507	-1.415213	-11.124222	-0.301110	16.195935	6.912142	13.680533	0.898491	-12.252341	-10.339301	-13.169868	10.958170	14.642769	23.607372	-20.544429	9.150661	-1.054100	21.505721	-22.759331	-26.198550	25.325169	-12.763084	-12.537960	1.515924	-26.848953	-19.292823	-26.109261	-11.185131	9.871537	-17.475726	10.727977	-2.013429	8.676251	10.476927	21.374795	11.815291	-22.685056	-5.972748	22.697333	27.165491	-15.130918	
10.321856	5.962852	28.405876	19.501097	7.369812	10.712429	18.074037	28.804123	-6.706992	5.314206	0.033888	5.686533	-2.906638	2.430290	-29.613697	21.014897	-2.660717	-13.119798	6.772269	20.545778	28.994315	28.435405	-7.896719	26.144634	-27.273382	29.679026	25.683700	14.747703	5.151379	-22.580478	13.659289	-12.231833	-13.736080	-25.774924	15.033205	19.161594	20.892257	3.326675	-24.855236	31.880098	20.272611	-27.773662	16.371262	28.490090	-11.831790	-3.989565	20.533938	16.758169	-28.572968	-27.983518	
-10.447987	3.606480	1.260413	-2.397657	9.010269	24.994999	-9.743694	-15.314766	6.369610	4.975174	15.542648	-17.741541	-4.294929	-25.444552	11.353172	24.533707	-19.429945	-13.470844	-16.658267	-22.934219	25.513081	4.299639	-23.270513	20.061638	-3.288093	-20.987070	-14.073799	5.195887	15.789975	21.245277	18.421400	4.126528	14.038056	-12.831980	25.866684	-14.247329	-9.541968	16.366440	-5.975464	-14.400398	2.114275	20.723350	3.016851	-11.031999	-19.467504	15.034291	-19.420820	-1.329197	-23.102855	17.370964	
18.957407	10.434799	-20.573199	4.521416	-13.517673	-12.730974	-5.145854	20.188348	2.548382	-3.095631	4.728358	18.292489	-18.728667	-19.497877	-2.960973	18.044339	-15.071782	17.030570	-17.169771	0.232529	-13.144874	17.875740	-10.149128	-1.666317	-6.934620	-2.567964	-9.099089	19.698984	-6.500811	4.718883	2.219589	2.659045	0.986751	16.308166	11.876071	19.972377	13.424227	15.038319	-18.068479	-14.726795	-15.502657	-16.223342	-8.952569	-9.880724	-3.619842	3.141361	14.918681	7.874514	-1.471563	-7.656809	
-7.260449	-3.545344	-6.217627	-19.307181	0.778921	12.281968	3.266667	15.675119	-2.493398	20.250600	12.953561	16.466250	-11.365010	20.682792	-16.177553	-13.815856	-8.711666	1.978914	2.861640	-20.951897	13.661059	-17.957015	20.609297	-18.838771	20.034918	-20.514944	12.738979	-8.180039	4.623378	9.495979	-19.032159	6.994390	-5.736490	6.871186	-15.758925	-11.322550	-15.483072	-8.161909	20.287510	-10.270681	19.723835	20.874323	14.807213	12.850969	18.788791	7.934111	13.620302	-12.526041	-5.736806	20.786601	
6.774650	-11.195454	-2.858139	-12.428541	22.705398	11.762938	-24.168478	-20.752268	11.150835	4.063641	25.878276	-1.965201	-10.819064	-9.965184	22.901370	-15.040570	24.870057	11.498249	-15.795194	6.521331	-25.678433	10.039696	-0.527333	0.381928	16.471618	-7.746641	2.847995	17.890195	8.257517	11.725876	7.698122	21.279969	-10.320172	5.275050	15.181159	18.082176	9.977478	8.610662	-19.690944	-6.932641	6.541114	-22.166183	-19.794876	-1.416309	5.997179	8.169809	-24.105088	-11.863709	-22.568607	21.308834	
14.903910	-16.681648	17.231386	2.559322	14.193052	22.860391	3.261975	21.249868	-2.186408	-2.743455	19.313774	-18.777030	-2.023811	-4.265821	12.767892	-10.431697	-18.474105	-10.029771	21.508750	-1.843416	-1.489796	14.803326	-2.576551	-10.181336	-7.920453	17.547658	-9.903196	14.021764	-22.450718	-5.288849	-9.855281	14.956829	-20.972779	7.088214	2.365440	0.777234	-16.584652	-13.369949	6.201120	8.793387	11.189001	-8.148744	-3.711949	11.287273	5.653982	-5.923724	17.162125	-3.897054	20.680272	18.899783	
-3.778928	23.841502	1.611674	6.798437	-16.585359	21.067048	23.067319	-16.128795	-7.452441	-27.481383	-7.235139	-6.751540	7.194882	14.720454	27.066274	-0.659542	11.017435	-16.245306	14.746387	-27.955181	-16.026242	-7.171283	-21.370449	-19.712490	16.861696	24.054101	1.364193	16.688456	-13.099308	-19.050264	1.638189	-26.760374	-13.463232	11.434844	25.436721	14.823428	13.068081	-20.830177	22.523757	9.824960	0.607504	-5.294509	7.244000	-0.253879	11.385908	-24.440310	7.732208	-12.248123	-7.936419	-3.887693	
-3.002068	-18.097663	-6.070962	0.893943	-4.599892	17.151177	-1.935165	-5.799317	6.485193	-18.973315	-11.050093	-15.220544	18.776961	13.584382	19.710497	3.382338	-14.536805	-11.321571	-0.641414	-10.830000	19.477202	3.367782	8.871521	19.282023	-17.347699	10.637273	-6.608848	1.563112	-21.518981	1.864526	2.208592	9.721467	6.417020	20.681686	2.145219	17.755252	-18.356910	-21.265047	10.523930	-4.590708	-0.473032	17.409263	4.588343	19.200801	-7.545704	-14.250645	-6.135169	-2.613040	-12.119210	-15.082807	
-10.441342	21.393428	-8.882706	16.246234	3.001628	-10.124442	-21.477694	0.929540	5.660685	-5.492088	20.015600	20.798188	17.193383	20.340764	-6.933157	21.214874	4.663480	-5.154864	-6.491856	-12.378587	-14.603546	9.607904	-2.108981	19.544148	-4.773350	12.474467	7.838709	-14.815218	-0.254291	-1.146868	-15.713143	0.928945	12.131947	0.378050	19.770967	-5.728538	-12.741854	19.182473	-5.592124	19.899506	-20.181967	-1.665351	-16.203345	5.178696	11.516189	16.113544	-11.959965	-17.553066	12.371576	14.142139	
-19.505023	2.235499	-3.200027	11.199736	-15.876917	3.666666	-6.440161	-19.200563	-21.405254	-4.623092	-1.050429	13.975732	6.160596	23.949838	13.206063	-10.615131	-0.214925	24.243702	8.031919	-15.268301	-9.262058	12.659831	-12.531051	23.010574	24.162303	-5.457933	19.261080	15.649044	-17.203392	10.999178	-16.654248	-11.772814	21.689772	11.587934	21.360603	18.878266	-15.355055	-9.479893	-1.401384	-11.026645	21.483368	-0.076150	11.571054	-1.796353	13.414740	13.659573	-6.191564	-21.593969	4.235602	-13.952437	
2.133203	9.451467	14.940184	12.904765	-7.504494	14.456275	-15.332495	10.416962	-14.884036	-1.701909	4.003061	3.625243	13.407268	-6.101976	-8.744207	14.745550	-6.386933	6.972719	3.957373	15.258973	3.509222	16.972429	-1.938959	-11.753349	-2.340247	-0.257126	-3.683187	-2.513659	-13.368429	8.322486	14.325423	15.513904	-13.470626	-17.501255	-8.693991	16.040768	1.135672	-3.620528	-9.750295	5.384995	-7.294109	2.117578	-0.013096	7.230081	10.489196	-17.257512	1.897084	-1.068515	-13.253913	-0.710361	
-23.585039	9.133923	-18.877199	24.389654	-21.317098	19.433923	-2.259298	-18.178677	-11.966695	-9.644097	18.439633	-3.839833	6.275285	-20.737158	23.001020	-8.792381	-11.357369	15.027649	21.689319	3.035776	7.921899	-1.010271	25.103730	-17.053291	5.824283	16.844610	16.440006	16.584693	16.719277	1.609858	16.677865	22.311883	-20.029276	-12.238231	-7.900960	14.473239	4.976952	20.688956	-18.584880	-19.808577	-4.022607	-20.445477	4.691530	1.613238	5.923142	-16.821353	10.656585	-10.283112	-20.051207	-25.861880	
-9.912555	-20.199840	-2.124551	23.909305	2.871914	-17.381255	18.475202	-2.321156	-21.393959	-23.686287	15.042197	21.994740	-18.003212	13.635384	-7.452691	23.173548	-3.976482	-13.858757	-10.606922	-2.328376	20.096978	7.992565	-16.314350	19.357695	23.300285	9.183472	5.268961	21.509904	-3.005597	-22.873229	13.109170	0.675728	15.705499	17.281712	10.257180	16.944037	-18.748793	13.308792	18.210269	-22.554511	-14.431490	-21.725570	22.861097	8.332866	4.899905	-18.325571	11.346094	-1.110836	-9.393633	16.720650	
22.908953	-21.440531	15.902249	-9.590318	-10.819863	13.313426	-17.352894	19.819932	8.533847	-0.071159	14.164715	14.041698	-16.174772	11.246538	-10.742951	-16.666439	-1.157980	-3.419942	-11.184386	-18.894800	-6.639087	18.784889	-22.874485	-12.700411	15.539353	3.386297	12.363391	-0.024903	4.556710	-12.408244	17.542247	-6.717975	10.935360	1.142387	9.687082	12.618812	11.068740	11.847595	21.876638	3.659634	-19.109623	22.328542	-2.614185	9.790337	5.285996	19.037323	0.667040	3.150621	5.628370	22.974874	
-27.365004	-20.450956	4.699397	-10.841798	16.397249	-26.773357	-20.952542	29.653709	8.916766	-28.628658	-11.446475	9.171746	-17.384279	-31.201884	27.311683	-16.039211	26.306188	-26.632546	8.031231	-18.265477	10.511704	-22.423172	-9.812806	13.689860	18.669772	12.592315	4.816980	21.379330	2.658817	1.898744	0.566210	15.120328	24.119210	-16.329554	30.791079	-5.177888	13.351165	22.826940	-25.387853	-9.794179	15.196305	6.571394	-22.230631	10.183213	28.492828	4.446235	28.389161	-31.946426	-18.190706	21.885570	
-11.616730	-17.227132	4.971567	14.747604	-24.396279	16.149514	-1.017789	4.725592	-23.937420	24.978842	19.724493	0.108222	-14.508605	-1.119181	-22.479131	12.452056	-20.753475	-16.831891	-4.185190	-21.795421	24.997901	25.697143	-19.476562	8.089767	-4.986929	13.721266	18.323451	-20.501166	8.259259	6.803819	7.190278	-17.055804	15.922575	-10.069794	-7.713251	-17.696236	-22.424515	-9.688606	-22.955416	-1.809417	-6.152094	-24.903488	-13.201824	-19.901066	-23.682925	7.614361	18.489227	11.136569	-0.693109	-10.218882	
21.599191	7.728849	-20.805559	-9.613178	-12.044895	-12.582941	10.981784	4.186278	-8.968898	13.819769	12.467540	16.943417	-20.882132	-1.122330	-0.618752	3.211843	-21.365486	13.007523	-9.435875	13.531508	-5.249654	-13.867011	18.540779	-14.032010	4.430099	18.850328	19.511173	-12.970809	14.121382	8.255186	15.588052	9.328965	-0.476582	-8.192067	3.791901	-19.959543	-19.455748	-9.734060	-3.558681	19.363643	-4.855995	-13.474239	-9.997372	-9.104282	19.030462	-21.532561	-21.236123	-18.860811	0.406916	-14.769806	
26.295786	4.220124	6.805704	-17.151226	26.832895	-24.270870	0.947623	13.037541	7.100364	14.575952	10.910059	23.353378	-8.109847	-1.592320	-21.588281	10.019044	-11.183553	-16.317760	-19.508563	-21.805485	-13.584222	25.606768	10.327851	14.771594	26.262540	-0.162459	4.935666	1.089412	-8.662124	12.901732	26.496461	26.892135	-16.444864	-27.737278	-18.110579	23.267943	0.262163	-20.252450	6.504908	-26.436315	-18.108852	20.229718	0.608546	-9.876503	18.612317	25.114278	-10.897667	8.054190	-0.249297	-18.465722	
-19.786295	2.967192	18.517684	-14.991158	-2.550727	4.828800	27.791991	-15.345025	-22.231515	-21.561995	-0.508569	10.525235	-27.426506	10.828033	-20.365789	26.310713	4.668860	-24.081378	-4.567640	-6.030673	-21.244847	16.194981	2.315466	25.733560	-8.157369	4.489923	-6.760696	11.745179	19.899924	-24.539398	11.360342	8.005402	8.013973	10.414803	4.231837	22.365102	-19.483403	-25.910734	-13.235474	-8.971577	24.414361	20.245337	-20.900811	-17.155963	-7.862567	29.891440	29.736295	-7.375745	-26.844258	12.809903	
-22.513473	0.962718	27.760314	11.506013	7.748340	-3.156675	27.009447	-17.736197	15.145119	24.749554	-26.605781	-5.279933	-1.049094	17.337955	7.183086	-22.281694	-3.115268	18.617969	18.699645	27.557445	6.245238	5.077402	-13.884917	-9.720707	18.894441	-13.846384	19.721893	4.099404	-26.076569	29.397492	-25.342826	8.738211	-16.117381	22.109476	-10.235474	-10.663390	-17.052290	-7.249328	1.770379	27.578285	-17.182844	6.235487	-13.873120	22.417569	-20.115917	21.054034	-29.137356	-25.575277	29.632464	-18.207742	
13.261888	20.973669	5.335964	6.886096	-10.874114	-15.955167	-1.113881	-2.601781	-1.499942	-5.488218	-8.168040	-6.412884	10.055974	-9.662900	10.551373	0.363540	-6.107047	3.605311	10.821117	19.764759	-18.476263	1.436271	18.223282	12.689612	-14.780711	-13.251645	-16.773962	-10.963863	18.558585	-11.626471	19.064849	8.099051	-17.168105	-8.802830	-4.890713	-6.223694	-9.381004	13.928443	-3.905480	10.947231	5.024461	13.476060	12.732482	-13.090414	14.170579	-6.281956	-4.239806	-17.880714	-3.987471	0.408567	
-6.252772	-19.156860	18.017402	-8.302705	-18.797176	-11.369466	-20.704899	-11.636035	14.779124	2.681718	-25.737068	-2.317403	-23.963393	3.012115	21.899566	8.560275	-6.795907	25.622233	18.975633	-13.189614	27.036431	0.090648	-1.568276	27.022617	4.696163	-15.039910	-3.091920	11.558562	-25.321867	-24.936781	-12.601093	1.940782	-10.984142	-27.977676	7.279824	-16.450572	20.637677	-9.682786	10.329362	20.958853	-25.192434	23.958705	-9.845359	-23.178085	16.551505	3.882191	22.551876	21.332748	-3.032985	26.766000	
-7.062813	-14.398726	-15.391856	22.033134	-5.584254	-4.296247	-27.670343	22.759611	21.229996	-19.276564	6.560802	13.335754	-13.558570	-4.816961	-10.829996	22.202020	8.906165	-5.334480	-3.701430	21.296982	-21.339220	18.389097	-5.962444	7.515078	-14.276987	-21.675331	22.134921	8.595419	22.527199	-23.221816	-9.128538	-14.077155	8.584452	23.892750	16.976517	9.265013	-2.322269	-1.419462	-22.004496	17.939832	-5.655937	26.779704	-7.624484	26.620417	10.233934	-7.878629	6.911692	14.932247	18.545441	-4.188089	
26.888446	-27.397563	-30.060342	-2.141979	-16.768199	-19.606927	-1.427277	-9.494780	19.090952	24.681337	12.129148	10.479642	12.325663	-26.585796	10.507684	-31.257976	-8.578746	-7.942738	5.513201	-17.848160	-18.092085	-0.326382	17.753257	-11.483692	-31.848449	-32.753098	-16.388045	-21.883944	16.191359	-9.530617	-24.010646	-7.345632	19.697247	4.205606	23.543633	31.882461	30.184215	13.192186	2.000125	-24.986368	-30.054684	15.331334	-12.842605	28.069435	-12.841337	24.898252	2.630092	-19.843606	9.534386	24.416660	
13.705241	20.418783	-13.916106	-5.752934	1.842298	16.928361	11.309829	1.741368	18.296822	-5.295742	2.254108	10.870399	-2.260026	8.115866	-4.973901	18.144719	3.744926	0.480715	14.771223	-12.209316	2.602196	-18.321902	-13.361427	13.096584	17.421749	12.994610	-1.680006	-24.966601	2.809504	-0.974985	-23.242986	4.793810	-23.295507	-2.826609	-9.039044	-11.167317	-3.562442	-5.602367	16.550964	10.667717	21.379456	11.343878	17.771612	4.049272	17.365572	-23.940164	-9.607303	-4.268814	-11.169039	16.944053	
15.873477	-16.421694	21.090060	22.577683	28.953653	26.634183	-22.321197	8.937370	18.895426	5.119822	-27.495072	-13.621059	25.398311	11.777308	-13.251128	25.088027	8.989381	-9.421163	-0.240004	13.264770	15.188402	-28.138118	-6.556793	-23.906114	-0.966711	22.952125	1.932523	-20.667866	-15.465832	-18.954327	-15.408680	-11.520397	-25.034790	-25.603615	23.129183	2.797078	15.732508	-11.980835	-16.162818	5.488840	25.606364	-27.141350	-16.033101	27.414605	-20.449147	-1.970106	-21.895587	-14.264978	-4.406113	-11.407233	
-9.253585	-3.030652	-0.686021	1.271155	5.650618	13.548706	0.902118	-16.210490	-12.412117	-4.197174	-9.403805	-16.021358	4.470825	-15.748127	-4.488999	-3.379706	-10.696121	-3.946169	11.846523	-7.374940	-11.124021	11.292671	-6.246929	-11.206984	1.046348	-6.660020	13.131770	12.835675	17.226059	-18.611906	-3.986050	-7.134064	-1.071560	16.327535	1.446769	-3.911967	-12.137542	-14.736291	-6.835444	14.925191	0.855158	6.106691	-18.633804	-11.013608	-7.384675	2.938832	-9.684347	-9.074584	12.303284	-7.547113	
-3.969550	11.148307	-10.900534	7.565491	-14.378350	2.665709	9.580850	-14.911961	-8.664727	13.737000	17.389492	-1.049648	-6.695906	-11.794256	4.355001	7.150042	-3.154229	7.101689	-5.443444	-8.126068	-8.082239	16.148015	13.794696	-7.113893	16.133065	8.819878	17.094160	17.238858	6.406237	-20.873028	20.908732	-3.540662	-1.359269	11.899412	-0.487132	2.304510	-16.790723	12.406754	0.197170	-9.526473	8.021302	16.645645	19.697132	19.223788	-10.398606	4.102455	-2.155109	-20.335815	-5.731114	20.242403	
8.968747	-13.970784	-2.072513	-15.858110	-24.918954	5.480652	9.070207	20.658337	-27.911501	-28.154896	12.647123	-18.817224	-0.415370	-4.495267	-13.768822	-27.030163	18.554696	-4.162942	-8.882271	23.618505	-11.687199	-27.205496	23.714733	2.132588	17.682102	-24.790024	6.112910	-16.480264	-7.501863	17.265366	-22.428782	8.628219	23.097854	-22.980678	-18.033093	2.366272	-28.807301	-24.124905	-7.301500	17.940698	-24.775099	-14.633846	10.095254	19.662371	30.918973	-12.257264	20.121104	-12.324339	-21.916773	24.720664	
-7.294443	-11.739287	-14.529306	19.735126	-9.740959	20.412940	5.820341	21.700885	3.477089	26.838691	-22.823411	0.384667	-15.849125	-21.619746	5.921408	-25.232912	0.001299	-13.941475	17.959228	-20.474551	22.172403	-11.832771	15.748025	10.403973	26.770121	-14.116872	-13.269055	-6.448783	2.658863	-2.243586	10.772595	-0.518235	-16.031684	6.335245	-17.075639	-20.173152	0.019444	-5.373892	22.182997	16.956132	17.238165	23.240420	-6.770240	-26.946190	-17.308058	-2.538887	-18.443638	-19.087611	-27.790814	-21.505468	
13.747075	12.766768	6.300271	-14.544276	2.372489	-15.224708	3.243102	-15.277780	16.367750	-20.830755	-9.979760	18.611491	1.580483	7.079945	-0.790375	3.858547	-11.692896	-19.835709	0.604072	21.291533	13.862639	-1.007159	14.051046	-1.152702	-13.445343	10.088694	-4.290851	-5.524685	15.998183	-15.079549	-18.002782	22.364458	-0.273121	11.185735	7.906428	-16.696529	17.766071	-2.417480	18.318672	-19.712852	-11.512396	-10.929505	4.858239	15.102081	-4.995959	-3.765490	0.533961	-22.634977	-11.979865	-1.900288	
-11.879842	9.153392	2.865800	2.538728	8.429264	-7.524923	-15.854209	-20.971820	-21.443373	2.070287	7.295573	-23.253232	16.905432	-4.512837	3.301895	6.229550	6.343796	-7.043303	-14.986246	-16.062914	19.556902	3.481637	-14.147480	22.194579	12.797405	9.085906	3.717159	15.533126	0.480016	8.965448	-7.237909	-19.656212	-18.048811	5.584988	-7.572365	14.174774	6.283177	-5.112251	15.280428	10.818090	-21.422818	9.580365	20.884639	3.135512	20.417986	0.388773	-16.445116	-23.595355	3.874923	18.827682	
25.669130	-19.915036	-6.390337	-26.431367	-22.981231	-0.141387	-22.095439	-0.017944	-1.841939	-8.915780	5.918337	22.405080	-15.439777	21.520193	7.819864	1.235683	8.961579	-16.055162	-27.441225	-20.115417	24.949165	27.045155	-5.955029	-2.584581	-11.830983	-21.544011	-14.780816	-27.719485	-16.203894	-15.285654	23.452428	-20.281477	2.644269	0.671704	18.269230	-25.741309	-23.779286	-21.738939	0.397858	2.498775	26.034090	-25.815643	-21.004419	-6.354301	-2.717517	-2.696874	-24.438251	18.086851	9.702607	12.350670	
-18.910390	-6.733872	-2.971346	15.176685	17.635147	2.932948	0.559637	9.320467	4.354746	9.457207	-18.460867	13.125055	-4.728421	5.256359	10.137634	-19.441752	0.480395	8.979039	-6.535567	17.318386	20.485560	-10.486461	-7.711688	-1.876211	0.680920	-0.523841	-16.542165	-20.767433	7.144845	15.463406	-10.527664	-10.555661	-7.161320	-8.505367	-19.272358	20.599244	-13.391256	-18.302893	-4.136457	-4.729596	-8.491902	-17.305549	-11.966437	17.615859	-8.440889	17.087082	15.893029	9.311001	-11.408936	-18.150146	
18.790266	12.803290	1.780239	-14.752456	-5.704332	8.041432	-12.480882	-1.437706	21.652521	4.859151	18.300217	16.332600	-20.261720	-7.211601	-7.094891	-1.065459	6.373648	12.196967	-1.858596	-13.492905	25.780755	22.443917	-4.110274	24.114722	19.730106	13.095074	-3.387648	-24.604560	23.417754	-15.685025	-4.300333	18.307602	-19.649166	-8.203475	14.771595	13.570311	-18.060025	-13.255865	-6.806150	15.194401	-10.230187	-9.822002	14.893986	14.768908	4.255536	10.627227	10.284161	-2.951180	19.701452	5.555400	
19.472349	25.119526	14.074489	6.111034	-14.831435	-26.231302	25.797858	21.079619	-12.876444	-17.218276	-18.448963	15.010602	26.885562	-0.232740	8.611524	1.558891	-24.603888	9.389718	-5.103596	-14.041274	10.098144	-4.568874	-9.065440	1.214535	-17.563730	-1.183122	1.050255	-15.251904	-19.436538	-3.605506	16.120393	17.020029	1.768513	-16.650537	-8.670547	-22.905651	-14.605879	-25.523489	-12.106757	-8.935595	14.540896	-1.952120	-7.814916	3.795747	-6.969514	8.319383	-13.374305	-3.301841	25.479772	10.082455	
-7.585232	-21.007746	-15.696990	-16.782195	15.783751	-1.863786	-10.481890	8.924913	5.567864	-0.464775	-12.985341	-17.483257	-14.099020	12.311835	-15.243149	-9.398532	10.285812	15.464236	21.218512	17.539072	4.693148	15.090890	-11.640121	13.435621	1.404649	16.379497	-11.053388	19.071304	-1.117756	16.186110	17.645994	5.157458	-16.022530	5.669579	-2.749465	-20.148102	13.405700	1.407326	4.486079	18.444623	-16.097466	19.560761	-12.379328	20.612387	-10.378054	-10.943042	-4.319598	21.988116	14.367970	7.393373	
18.519077	18.015378	22.377928	-17.625403	19.895113	-10.870920	-6.343001	7.053901	-22.351099	-0.919636	11.901516	-7.352927	1.383893	-6.845911	9.154814	-15.792549	-21.200700	-2.393154	6.439399	-11.996756	-15.374878	4.876307	-13.275832	-20.834321	4.141187	17.434516	-24.253925	13.310974	-10.163644	12.397086	-2.662400	-1.367609	2.859371	19.367556	8.378572	2.957175	-15.984956	21.060448	6.146197	24.631146	-11.630113	-3.231407	12.406886	24.609409	-9.853858	2.331640	3.950546	9.027392	10.274904	13.214377	
-6.618595	14.930324	3.612801	11.002896	34.759204	19.684415	-16.379237	-25.100498	-19.960950	-19.775096	12.541967	-31.297915	9.620082	-8.303254	3.279135	-25.710478	-22.402589	-30.832964	-21.811799	27.431295	22.780340	34.723863	28.334580	18.118310	-8.116474	2.950257	20.916018	-27.445164	33.090261	29.714730	-26.152783	14.451136	-31.656383	12.887875	-33.975473	26.723875	-33.898120	-24.293329	16.033919	-26.084435	-11.129285	-1.155473	-18.906321	-9.684148	-11.442382	34.840360	-7.551887	29.917985	-30.091803	25.040240	
-8.487555	-2.258333	-7.228945	-7.191675	-2.919936	-2.021002	-11.732754	-1.734107	22.215080	1.938161	23.340794	23.388124	-12.462502	-3.210137	-17.478970	21.830865	18.284895	7.292109	-3.710006	22.396097	-16.822115	19.550545	-22.765882	-19.971750	11.135369	-2.674392	-17.611695	4.705715	-6.493457	15.206119	-7.392200	-1.955285	5.398948	-13.031536	-3.920866	22.389062	19.999427	-14.829567	-8.993941	6.993234	21.171444	-0.648706	17.295774	7.779515	1.601133	16.366789	-12.858028	-7.096013	14.782323	-16.782424	
-18.342371	-24.536677	9.636058	-29.778273	17.228083	-24.867452	-22.836285	1.041053	-20.922907	-5.865763	9.864159	11.069809	-20.983917	10.071614	10.793366	9.506806	-22.787379	21.585280	10.017778	-30.157002	-19.680478	-0.757092	23.831695	4.835965	14.629302	19.250755	-16.969830	17.642232	2.535827	16.329505	-6.146100	26.276763	-21.350227	5.905450	-23.405196	16.632887	8.912575	10.494677	-22.488831	4.907277	-3.069074	17.653181	18.968949	6.960365	19.582958	25.246298	-16.390624	-14.955920	-19.533023	-18.030731	
-5.376886	23.398672	-15.955807	-1.404989	-23.285130	6.550369	-7.748411	-5.670019	-18.306565	18.162122	-7.681821	17.777744	-9.555298	17.483221	10.042254	22.932028	-24.631534	11.068490	-15.236120	17.294974	10.499233	-20.134747	7.314764	-2.776372	-3.937292	21.949135	-5.856926	-3.024145	-17.228537	24.679617	-17.101288	4.951532	19.515296	-20.484856	5.390325	-0.656821	19.975946	-13.390866	-7.281858	13.253538	-5.852748	4.096532	-20.802978	8.832992	8.189621	18.459590	-18.165160	-0.751298	11.418094	-7.397681	
-22.112299	-21.610385	3.804522	-3.777004	14.473823	1.129212	8.711236	4.433078	28.630705	11.737902	9.907206	15.394909	-11.512868	-20.437345	24.514924	15.987436	-26.433441	28.478647	4.349227	21.207629	-5.715409	-7.728056	-7.559723	23.856626	2.080188	28.967249	-18.544148	10.256795	-10.003671	12.141832	25.662966	-9.369251	17.143736	26.500244	-8.532701	-28.359022	22.656581	28.350356	27.213116	-11.721256	13.405388	13.483056	-2.952295	-7.869842	-3.905448	16.191548	11.114746	0.603421	-9.202257	29.736818	
-17.759429	-18.564983	-19.688095	-4.417971	9.047030	21.003345	-21.442482	19.220799	16.236760	5.240710	-16.867884	-3.847232	-1.076936	-8.260574	-3.924904	21.955357	-13.107612	19.317207	-22.431537	-19.207764	22.740778	21.753801	-21.695526	0.303360	2.960010	-6.589152	0.803343	5.607867	-20.417479	-7.997920	-21.522959	-19.854374	-1.870262	-1.005291	18.139134	9.818975	-17.185653	8.036231	-16.449833	-22.249542	6.808368	-20.810500	-3.895135	16.103387	-21.963585	14.797899	-10.840996	-9.727094	8.181580	19.014644	
-13.323212	-14.702983	-15.817695	13.418543	-10.371857	-14.996511	5.602476	3.639405	23.036347	0.966604	7.678494	-0.600197	-9.083349	-6.795111	-0.117022	-2.642388	-4.505383	-12.416075	7.756735	-13.576160	-13.209458	17.574745	8.319503	19.967451	17.994352	-1.063419	10.142981	-8.195928	-4.939766	-12.571245	-2.678330	15.198460	18.734676	10.011164	-5.928287	-1.515216	-15.269366	12.295645	-2.522962	3.669911	-16.205440	19.572936	-10.046489	-5.380209	14.094301	1.163431	-1.843413	-20.931389	14.547963	18.765395	
-6.239327	-5.302033	-11.005912	19.428479	7.999382	23.454683	-0.197859	7.526040	11.890538	-8.332448	-15.639350	2.479741	-13.863193	23.434782	-7.666062	-8.492448	9.974716	-10.289680	-0.594096	-10.762096	16.558294	-19.587183	0.423432	19.134132	18.466002	-13.763864	-8.128473	-7.560982	-2.345863	-1.742956	-6.502723	15.020584	5.572402	14.888026	6.739943	-10.232416	-7.774539	12.103374	2.773675	5.281327	0.785466	-17.314467	17.158020	-9.090855	-21.130589	12.216494	-3.112340	0.439389	-19.892717	-22.463527	
-12.664314	5.331401	-11.655166	10.971637	-15.496370	-9.310078	7.273414	-2.851521	-9.611523	5.083791	11.767048	-11.942704	0.544304	-6.655725	19.146946	13.380781	9.328089	15.359010	-13.977758	-13.060495	-19.523183	-11.763714	21.674312	23.311620	-2.710556	7.619845	-11.745270	-25.529643	-17.485806	25.711628	4.089864	17.993928	16.157425	-6.377576	-16.134714	-15.166740	-23.373606	14.456830	14.639527	-19.039326	-11.412800	22.173538	1.794495	-20.451299	0.685709	21.625102	-6.459167	15.484620	-25.809188	-3.165229	
16.744237	-9.814668	8.244683	13.101665	-21.922745	-6.802766	-18.489609	-10.939980	-20.809003	-14.635833	-21.892724	16.806930	-18.215758	-12.798561	-4.105604	-14.787103	3.265613	-1.236778	-14.368388	-9.302605	11.598037	-18.992000	-20.499351	-4.957710	-21.547324	6.918611	-14.764258	-21.426922	-16.699572	17.390289	-18.724492	-4.016381	17.067096	21.063239	-11.384162	-4.981564	-10.073096	2.244790	6.644983	-17.602551	-5.441236	14.578899	-2.887641	-0.748436	-10.132460	0.938740	7.321212	9.086684	7.420858	0.782246	
4.411624	-19.971548	-8.084845	-5.988285	-14.530589	-1.491516	18.573723	7.424775	14.545540	6.805515	5.767521	-2.946307	-18.619243	-21.711132	-20.814272	-11.146338	3.411643	-2.522544	-19.752672	-4.447085	13.393740	19.195071	5.447308	-17.927374	19.349519	-0.254573	-17.264541	-5.736392	9.552389	-21.287586	-2.062065	-8.723736	-3.334591	-12.815726	-15.800181	-15.681137	-14.469463	-11.429817	-9.891966	-3.830499	15.080669	-19.854861	20.688003	4.801408	-8.035387	-9.280582	0.795898	-12.596631	-15.984261	-15.164645	
15.923357	12.731277	-10.788452	-19.530062	-12.479401	-20.009256	-0.999337	14.931820	11.932202	-7.157903	2.363866	18.910047	-3.172542	6.926919	-15.534413	-13.101082	-22.520787	8.476961	19.322329	-26.094704	23.698698	20.816158	-9.707427	-18.125114	5.706766	-7.786740	19.961709	17.205358	-9.776380	-11.243659	-19.426845	-0.755141	-27.529857	-7.169579	-5.120186	17.277063	24.567203	-18.176142	8.090777	-1.469259	-3.444642	2.148986	7.981630	-18.290182	8.035282	20.344260	19.114499	-1.845243	-24.829081	0.903977	
11.719404	-6.366851	15.060265	-10.769125	24.569937	10.376083	20.014265	25.381931	-9.407141	-14.876325	-20.847968	-11.629683	-15.736067	22.670024	17.561690	-7.850871	8.570103	0.357151	-2.886616	-12.057350	6.731749	22.941180	-4.355932	6.646404	16.577809	-13.112355	20.354623	-2.483882	17.587835	5.429050	-25.374716	-23.689737	16.928351	5.619714	0.291022	16.549237	-20.652923	8.310621	10.436461	-16.910034	-9.730003	16.656584	-4.200344	-20.061486	9.346478	17.397776	9.145797	-5.474196	15.036611	24.255698	
-19.711793	19.840465	-2.294775	3.852197	12.973685	10.010040	-15.754723	-15.615177	3.266221	-10.350157	5.104589	5.960608	-5.972628	2.384614	-15.798373	13.615946	-17.365603	-10.550554	14.584061	15.864917	-4.278295	10.123480	-15.290999	-8.323506	-19.940368	-19.135449	11.091912	-12.920540	15.503470	-2.556413	-20.290508	19.273950	-10.585724	-12.386001	16.412295	-16.731043	-2.459549	19.997479	-4.263562	-19.334770	-11.328269	20.363297	-19.557158	3.794888	2.506597	12.497623	-12.226285	9.672956	13.634247	-19.125040	
19.342719	21.966394	4.523313	24.582810	-9.739127	22.971582	-3.787921	-24.022988	24.825602	19.612230	-3.183637	-3.371450	5.357309	-10.049372	16.959159	-18.775251	-11.726223	-15.879691	-15.533311	7.875776	16.060326	-13.188059	-14.552489	-16.413590	-11.019457	-1.991159	21.273776	-8.242500	22.449701	10.701688	-1.002611	-15.159300	20.175321	9.101853	24.978912	6.888831	3.725889	-22.191522	16.389744	-0.781898	21.945774	12.280644	-14.614235	7.792844	-11.627194	15.024136	19.525424	0.819851	7.611132	18.786994	
-6.210308	-2.600093	-21.269470	19.076766	13.095547	-17.438890	16.145981	-21.545679	23.027106	5.821440	-2.636644	8.320228	3.879651	2.193257	-21.764416	-14.315440	-19.912958	-15.217009	12.625383	-18.665910	8.295296	5.547771	17.226673	4.953347	-1.989842	-23.844753	0.569227	22.712805	-1.667372	1.667423	-1.287787	20.691609	-24.172767	-20.298232	-9.326989	9.603771	-20.097569	19.359392	-10.896829	9.546749	-13.970113	7.121112	15.647698	6.192221	24.287468	4.893830	-12.495525	-13.370964	24.117487	21.939817	
-25.192977	21.962710	13.188503	-6.792230	-7.873334	-10.321451	-23.658880	-15.911754	-15.629076	7.288023	-14.285350	5.706955	23.244407	-22.413953	14.453456	-24.993767	-22.003483	-3.127955	1.165918	12.558790	-0.399350	6.236177	-8.937101	3.970058	-25.850220	18.534206	22.041286	-18.964018	-1.828208	-8.626573	3.045942	-17.707385	14.436681	20.039962	25.151270	20.103559	-26.862808	15.721077	-4.247020	-23.709410	25.403626	3.355121	-17.564097	-7.338134	5.745572	0.370178	10.115404	-25.581992	4.312279	-25.783447	
10.535168	-8.433188	-8.089511	-10.326616	7.831935	-4.265744	7.501353	4.842210	16.086529	14.862975	-9.347705	-22.293109	-10.463962	-22.433384	2.830658	-0.595237	17.469834	-2.006649	-6.616056	13.221630	-13.626393	-16.617691	-11.838255	10.904088	-18.734316	-7.855018	12.880115	20.238543	-0.280318	-7.606003	-20.785058	-9.955669	23.011802	6.262500	2.828674	-10.264767	23.876223	9.920003	19.265052	8.441201	-15.967887	-19.529924	7.374818	-8.908411	0.043449	-17.773269	-23.763730	-9.972299	19.928357	0.264129	
-20.781150	-11.982176	8.084284	-18.176090	-20.444086	-19.568503	22.030763	9.901359	24.643466	-6.219453	-13.430889	20.779862	-23.210752	-12.093695	-22.846372	-3.411229	0.797396	-6.234591	-4.611731	-5.739490	22.648763	18.046119	16.130355	-23.823475	-7.868447	8.958286	-1.621154	-11.126721	-5.191070	-15.186625	1.885471	10.366253	-15.102332	-24.826679	12.229701	4.980882	-20.732010	-23.448682	-0.551181	24.065944	6.580843	10.600083	18.331996	-0.139571	15.785824	-10.283523	24.047906	-22.187910	20.897051	17.446930	
27.903116	-3.478574	10.374189	4.840237	-4.178109	-25.893255	-11.428468	-19.693747	-21.798884	0.835827	-3.938852	25.950871	24.259880	-23.572759	-11.821760	14.332032	-21.968883	15.086373	23.691004	9.263292	5.632597	13.260789	-5.214468	20.569442	5.742316	-8.200106	-22.280806	13.648537	-10.221149	16.728908	-1.514154	-18.309915	-4.336793	-3.475679	-23.112301	-9.232533	-3.413634	-13.659291	13.071339	-1.340022	19.955058	25.586682	-25.216875	26.362966	-4.335025	-22.064844	-11.630161	27.856775	-24.758292	15.252296	
-5.490119	19.734621	-22.494461	-12.550646	1.125326	-4.972046	-15.447012	-3.539473	-23.749937	23.159956	-12.657068	-2.854593	18.165170	18.182375	7.811406	-24.629262	5.824071	19.995847	-9.975105	7.355786	3.312471	13.323101	16.817074	19.913911	-8.671356	23.763372	-22.010419	-19.106584	-20.813335	-0.546891	17.447265	17.560125	-13.934662	0.582666	14.693592	4.289284	-16.399766	-19.397817	3.193593	-20.387233	-18.808044	13.028898	14.441978	1.277247	-7.713430	-1.011202	-15.849082	12.810362	-6.928305	24.139083	
1.396799	-10.797520	5.061267	-12.298108	19.946885	10.655148	5.946502	-21.727052	17.617157	-5.123477	14.058749	3.763568	22.230430	-4.490204	7.559629	-3.213628	-21.300303	13.955631	22.703482	-18.860679	9.071894	17.406166	-7.000175	18.844225	17.985839	-21.591442	16.299515	16.245103	12.496589	-7.544567	19.348322	-8.751898	8.059698	-3.345930	5.012778	7.192844	-10.324458	0.399447	-4.368527	-19.378005	6.316200	-12.686317	-15.443624	13.902624	-5.438842	16.156461	-17.083885	14.996262	-21.131645	-7.332508	
13.925990	-7.547812	7.818784	1.221529	19.589375	4.708511	-22.706573	-4.109457	8.299751	10.284961	-19.628466	-8.662809	-9.184689	16.439647	-0.583425	5.058618	11.214750	-18.362835	-16.803556	8.912958	-18.358249	-18.001124	3.220980	12.824148	-11.603342	-17.177716	20.635493	22.058141	0.859376	1.134551	-1.705737	-2.442847	23.517780	-8.575358	23.086965	-14.808442	-5.762249	-19.716290	-8.855742	-4.298852	-16.136801	18.855792	22.803555	5.862008	22.556785	6.368279	21.400760	-19.652714	13.056852	-17.714352	
4.345191	-0.958894	16.210834	17.117714	-15.995829	-10.424143	15.671607	-15.276054	0.467611	8.476771	-7.846989	-18.914875	-1.984340	9.609617	-20.513729	21.040773	12.612586	-7.818180	4.228328	14.168278	16.295659	20.111386	7.541833	-14.531070	15.971184	20.808097	-6.073132	-9.566532	-17.973349	3.517019	15.365369	18.518931	-5.020978	1.008810	-2.036796	-20.462492	3.558925	-2.500483	-23.303701	16.520499	-24.542317	-11.731955	22.714887	12.527364	-6.286558	0.875504	-12.505551	19.255217	1.278850	10.541503	
24.546500	-18.916501	1.623530	-5.465234	-5.260828	-17.670035	12.731278	25.910234	2.370421	-22.689951	-13.622590	-19.256827	6.607564	-24.768345	13.086837	16.230878	-15.777892	20.911560	-18.006778	-6.012992	-0.090976	-2.269322	-23.857380	-4.986739	17.573136	-9.101925	-26.881544	14.314291	-0.038721	-10.943575	3.820917	-1.858939	18.368674	-10.711551	-25.059536	5.666811	-13.606622	-26.558828	-1.118296	-1.462257	9.861059	-19.636436	19.287510	16.997105	22.816752	-24.780413	-8.177853	-18.976089	-5.118068	-10.500997	
11.262955	-5.854515	-8.249432	-17.235870	-9.562902	15.734538	13.912649	-14.388570	-14.816579	23.252448	-20.114607	-8.605743	-26.658227	2.444193	17.367989	22.318058	-3.455464	17.103968	-12.738294	-17.378988	25.354714	-5.725137	-11.011432	-6.240368	16.160242	15.929101	-27.021491	19.022200	-22.534606	18.835519	19.049914	4.942910	11.421937	-4.603350	15.562021	-18.949543	-15.795632	3.377219	-13.433048	-18.329332	3.477331	16.931501	4.076594	-1.977870	3.434772	-16.123808	-0.841392	5.402658	-25.963524	1.885082	
-8.419943	17.435328	-22.715691	-8.233073	4.947616	-21.551961	14.522606	10.777948	20.319912	10.425156	-21.919449	-24.964010	-13.699589	19.332079	2.094263	23.081873	10.917377	17.248505	-1.562478	17.809651	-24.403257	8.032610	21.450097	-8.826308	-23.013231	4.540747	-8.808476	-4.704956	-25.832660	-16.578683	-3.599867	0.101145	-10.949562	17.562774	-8.977325	-24.048915	-5.455990	1.656225	-9.088204	-0.732743	-20.079581	7.392192	-21.216670	-21.687829	-4.129601	0.965763	-12.327458	0.002968	-18.933250	-3.017805	
18.651420	11.372373	7.713401	8.401561	3.135525	10.554584	9.551705	-6.446664	-17.270892	7.055892	18.478703	-5.242919	10.704875	15.249666	8.644781	12.901477	-12.205134	15.920073	13.200467	-11.675098	4.500062	-18.305236	15.006823	-7.459878	-4.050065	1.455258	18.890295	0.388018	1.017073	13.518204	20.301215	4.937016	-20.302470	-4.040719	12.341392	-13.739476	5.312791	20.833737	-10.430023	4.283217	9.825500	19.507054	18.603951	18.554477	-4.559968	5.983140	-19.284124	-12.820817	-2.955001	-13.813680	
24.202182	-6.211363	-3.762224	17.068337	3.871184	25.253397	5.286228	-3.093759	-15.447828	16.305672	13.132813	-24.195529	-18.961307	22.554687	17.366527	15.307592	19.728227	6.402260	-24.305511	-24.629943	-5.116878	21.442891	-25.414250	-24.559121	18.819611	17.250354	24.041463	-17.854036	-0.815071	7.465968	-3.269086	11.750916	-8.417476	-3.180936	24.182808	-2.271657	-4.905007	-14.027577	16.422738	23.675972	-8.797297	15.955173	-5.049054	4.459445	3.551024	-2.683468	21.763332	-5.873316	-18.672407	-19.174277	
-6.975517	5.731024	10.171560	3.828751	6.892533	-6.411776	-1.481911	-5.827669	-13.658445	13.281917	4.513223	3.744319	8.488517	7.024115	-11.738684	7.709174	4.526068	0.708405	-4.684498	13.862658	-15.550742	-7.794495	-0.088930	7.838939	-7.080024	-5.042788	14.532352	-13.080085	13.175142	3.396078	12.855207	-1.569922	6.590283	-15.791005	-7.414266	-11.708225	12.862052	-5.775257	14.424135	14.982050	5.336853	10.553607	-6.422686	-6.721869	5.177947	4.664624	0.034497	-12.051367	-2.056268	-9.857074	
-25.888954	17.914698	-2.809103	24.286026	21.672003	14.953116	22.190935	26.142814	-22.638791	-20.585100	-18.478100	8.855753	-24.102331	14.641890	2.936468	-16.577803	-20.169847	-14.602794	21.476786	26.858753	-23.410141	16.015412	-1.215070	-18.553382	4.454593	-7.404764	17.375810	2.235945	-6.376423	12.500559	-9.478952	13.393034	-4.572079	1.413705	21.046393	14.731650	11.586400	-2.003472	-12.994691	25.524993	-26.710643	25.361737	9.127141	-16.372565	9.050570	-27.154546	6.155649	-20.203421	-26.665845	-2.089846	
-20.771911	-19.739984	-17.494438	22.764763	-19.210368	20.074310	1.202721	-19.098907	21.856750	-15.042162	1.815892	-8.416730	14.282529	-19.360283	-22.776930	-3.967226	-2.487266	12.372283	6.988755	-14.900648	17.755583	16.692543	9.311859	9.170370	-19.776945	-17.224796	-18.573173	-22.568716	18.714641	18.356263	-9.158611	-22.583773	19.343201	11.272075	-23.607179	-9.784882	-24.385422	-7.060334	-9.550055	15.750532	-18.703952	6.379274	-12.921990	-6.990701	-18.553223	14.549426	24.193957	-19.503182	-2.736735	18.979980	
25.023601	-2.994787	23.268709	-16.008119	-20.692594	-7.378739	8.169948	-22.127572	-18.473352	20.398870	1.953509	7.613005	-26.913434	17.082395	-9.454649	-1.709198	-6.241553	2.241922	1.496803	8.721701	-0.849547	23.191367	13.042541	-9.522180	26.059728	-10.562678	14.015712	-16.967825	13.815783	-2.993907	-1.824300	-5.571261	-6.410101	-8.481952	-21.388373	14.174281	-6.946697	16.352900	23.700548	1.325662	-26.966456	19.152157	18.161545	-9.271505	-19.098836	9.028593	10.323691	-12.651756	4.505300	19.437855	
-4.842741	-17.589474	-5.208875	-9.103525	5.254239	15.843896	8.070529	-12.778027	19.468868	-11.630556	-6.568511	-0.505167	18.471229	-6.172942	-15.058655	9.676548	-19.299876	-16.836619	1.954159	-10.905175	-18.323810	16.493997	14.297169	-5.560607	15.207208	9.761082	-19.896941	14.942821	-17.380955	-13.480318	15.635363	-17.166879	20.770757	11.853186	-19.376248	15.943918	-14.908300	9.615453	4.110817	1.405557	-16.422924	-13.445325	8.317299	18.346090	9.855872	-8.689779	-14.349491	-8.753509	-17.622598	-2.250754	
30.008704	-29.172167	21.813028	10.975426	-31.467469	31.816417	-20.232245	11.749366	-20.980205	-0.583891	-27.713120	-30.356217	12.259883	24.494598	-31.493024	30.721312	2.650174	23.758437	25.486732	-14.875270	24.999847	-23.060779	-28.805732	-25.394237	9.617540	3.410599	-21.506273	-8.266159	20.018572	-1.201959	19.619714	-21.811201	-0.206259	-28.966096	-29.991861	0.469610	-27.367265	5.661804	10.779433	3.765774	-5.932247	28.434079	24.024373	-11.620356	-10.822763	-29.441081	6.695775	-22.365537	18.454712	14.549435	
12.443409	-19.051204	3.296232	-11.785443	16.083615	-22.991683	2.181348	-21.571715	5.478106	-11.375305	24.743755	-15.845353	17.624799	-5.850678	-17.028734	25.719203	-23.941050	-10.878725	-20.640652	-22.725053	-18.739796	-7.791892	25.073119	-24.320165	17.720392	-22.655834	4.880864	-23.502359	-15.004305	-13.927488	1.497446	-20.348601	9.202919	15.749740	-25.420146	4.652585	-13.670255	-11.836027	8.430222	22.793012	-17.501053	23.436348	15.299556	-19.756501	-8.346336	9.770312	11.136840	8.946167	0.177790	5.382421	
16.258254	-13.964289	4.380304	13.685769	-5.190647	-12.123954	22.197081	-12.774278	-6.194394	-0.803120	-16.582173	-4.221409	17.588147	-9.425706	17.005110	2.434428	10.490096	-22.162852	-14.887413	4.077651	6.153863	3.015861	6.113838	-14.677117	-21.493283	12.045983	11.045998	-13.070685	15.535643	18.685794	20.598401	3.907372	-11.423717	15.008340	19.063429	-16.342520	13.588049	17.966952	12.525130	-12.734462	-4.394406	-21.458401	-2.015161	-10.630158	18.524602	22.540319	16.110663	-8.406292	17.253448	4.111183	
-21.659190	-17.944613	-12.655244	-1.782366	-21.969883	0.355812	13.683278	-10.771436	11.243111	15.385987	20.845469	-4.256897	8.411537	-7.167892	-15.569511	-20.817687	19.714840	-17.583282	-19.260430	0.979139	20.228737	4.615625	-6.918385	7.232100	15.040336	-10.761874	-6.173478	-9.838242	-2.200068	1.989100	-10.025780	-0.395692	-10.959896	-2.222605	15.722864	-2.107812	-20.944252	-10.756798	23.408442	1.990339	-11.839603	19.618311	3.799458	-0.017894	-19.828517	-4.388328	5.155318	-2.852511	20.317760	8.268373	
-9.331205	20.143646	-4.829991	20.380642	26.894255	7.174563	7.825436	15.894726	-7.355791	19.443635	12.972435	27.891207	8.080620	3.558230	13.363294	-5.376785	-7.131956	-22.095595	12.612085	10.585791	5.032405	4.530247	-26.158287	-24.399348	-4.975617	23.090456	23.356674	7.334561	9.626573	27.099036	10.304802	-23.507708	20.418180	-16.669030	16.515675	-6.613472	-17.583119	7.103603	6.531628	9.600462	-20.668739	26.845437	24.305957	-6.462670	-18.582111	-5.073629	25.634055	10.206893	9.913798	4.151470	
16.174906	-19.841417	16.170327	-21.769916	0.269804	12.578020	26.405123	7.342935	3.276326	-4.705829	23.373487	8.508559	-17.198069	16.432364	-26.911603	6.834196	-7.768384	-4.422044	-4.516969	16.084998	13.676011	26.789710	-24.992843	20.948520	-2.902100	-20.170695	25.266840	-14.472448	19.732018	-18.166461	12.885603	14.936452	-9.734315	26.893176	-19.377794	-26.175470	-13.788998	-19.013184	26.783276	-2.028328	16.632084	-2.642842	6.749911	6.294624	-25.657709	-16.803448	18.023182	-23.960713	-3.443977	-5.321609	
13.231081	12.269143	-13.282899	-9.566778	-1.877931	15.863038	-7.908663	-18.858755	-3.796409	-11.016066	9.299115	-3.882956	-1.376266	14.951584	-17.427294	17.065465	-19.291746	11.296553	17.445789	9.320520	-17.330489	-11.225013	-1.873684	6.851870	12.246629	10.501554	0.664807	-10.187325	3.788610	13.722332	10.946516	-7.207934	14.819252	-10.454146	-13.719818	5.218442	-18.546390	-5.019208	-10.106434	-3.260132	3.484776	-12.082385	-19.196114	-19.812233	-17.060224	-18.357635	8.144298	-6.483243	-19.938803	-8.955849	
-15.732928	22.375522	-23.156002	11.408546	-6.787173	-11.350531	21.229894	-23.607726	19.351838	-13.214794	-15.674877	-18.066742	3.840601	5.646943	9.153497	-23.621672	25.090566	15.434271	-23.185790	0.051841	-0.327979	6.607944	-7.607309	-18.435627	-11.745866	-17.835902	14.942445	-24.777224	-6.303580	-3.542641	-21.429868	-17.840289	-1.737016	-18.576566	13.717665	-18.192552	-11.732989	-14.107583	12.946579	2.670056	-5.022388	17.760021	-1.703058	-18.417972	20.038074	-17.552943	-15.814721	2.803238	19.056585	-8.708215	
18.973422	23.769534	-10.759351	15.679579	11.889920	-0.041706	-14.576169	23.441435	-24.360049	25.991795	29.455919	22.019809	-1.668484	20.028079	-21.849470	-10.086616	28.373224	2.893576	2.085108	8.918918	-18.265016	17.602508	19.212701	10.120784	-19.169961	-4.962170	-15.525762	-21.259623	27.705258	19.912545	-5.533834	-8.401851	8.499792	7.254382	28.586911	-0.438459	21.570425	0.581619	-17.163491	-10.822416	-26.926130	-26.020248	19.610407	-26.950150	-7.619001	-21.420438	19.146317	-1.359844	28.844536	-27.840537	
13.770858	6.470388	-2.612974	5.848195	3.206677	-1.046590	10.199830	-17.847140	-15.078085	20.099697	-11.865768	-10.632822	9.270576	10.968362	20.807915	-14.438097	2.975634	14.091570	-4.824987	6.482470	19.072319	-11.857459	-9.865400	-14.516802	12.988842	4.269814	-18.836702	17.033435	-1.915322	-9.070513	-19.263803	3.284648	-23.983179	-19.120649	7.677581	23.874597	1.926581	-19.901708	-10.494843	-22.655560	7.325932	4.198896	-2.086829	-10.231603	5.277996	9.210978	-12.817987	12.671635	-19.677128	-10.580344	
0.009017	0.013810	0.023274	0.017036	0.025250	0.030445	0.014672	0.014096	0.023429	0.008472	0.008746	0.004679	0.027047	0.008167	0.024220	0.034859	0.035305	0.037110	0.030287	0.034504	0.003578	0.003739	0.034743	0.014323	0.026599	0.008744	0.019020	0.028155	0.008951	0.034054	0.034519	0.023037	0.002128	0.019971	0.024216	0.001686	0.021129	0.004223	0.029017	0.028883	0.006206	0.006222	0.025994	0.016821	0.037279	0.028686	0.035539	0.008159	0.010503	0.029452	
0.012303	0.029328	0.032442	0.007349	0.028088	0.000013	0.024867	0.035333	0.016681	0.023124	0.026908	0.034945	0.017694	0.029777	0.023134	0.031031	0.007347	0.026773	0.016879	0.011256	0.017403	0.021277	0.026667	0.028076	0.034759	0.035659	0.030385	0.003452	0.003911	0.017859	0.033201	0.029054	0.013291	0.030321	0.012950	0.026092	0.004531	0.003477	0.000464	0.008781	0.035455	0.031467	0.014488	0.000997	0.015551	0.004741	0.024333	0.019919	0.007034	0.029133	
0.000655	0.038249	0.014015	0.025008	0.004512	0.021151	0.018550	0.013320	0.033613	0.019671	0.006052	0.026408	0.006146	0.024102	0.034155	0.027694	0.039808	0.038513	0.037844	0.022768	0.008940	0.036204	0.011668	0.031540	0.021451	0.029707	0.013286	0.015076	0.006583	0.012724	0.030084	0.011330	0.035451	0.030131	0.029556	0.012998	0.012004	0.024956	0.009870	0.036977	0.001452	0.008868	0.001966	0.020848	0.017439	0.000465	0.010994	0.021419	0.008692	0.035089	
0.020624	0.038195	0.003957	0.033686	0.007993	0.026348	0.006966	0.028474	0.028586	0.023633	0.003857	0.010714	0.015591	0.020270	0.005142	0.041788	0.008945	0.021763	0.011278	0.026247	0.021924	0.000192	0.032016	0.000220	0.023120	0.011099	0.024273	0.023350	0.020264	0.031284	0.010675	0.033084	0.025292	0.025277	0.016558	0.035134	0.026179	0.017584	0.032896	0.022912	0.021830	0.022389	0.003134	0.004772	0.016303	0.031338	0.019046	0.014923	0.035921	0.012954	
0.002536	0.011628	0.027981	0.036497	0.016363	0.011974	0.026325	0.025105	0.015027	0.028361	0.016406	0.032409	0.035950	0.021768	0.024926	0.008995	0.009699	0.019354	0.032032	0.003918	0.006980	0.004380	0.031412	0.020850	0.030945	0.033969	0.007239	0.005684	0.013675	0.031507	0.008558	0.022120	0.032611	0.022530	0.035703	0.025795	0.037372	0.013934	0.009316	0.027843	0.001757	0.025324	0.001619	0.023871	0.019821	0.001384	0.023365	0.028545	0.005918	0.038720	
0.022569	0.006128	0.038243	0.013002	0.023532	0.030907	0.026472	0.036710	0.025989	0.010157	0.018867	0.008590	0.007003	0.014491	0.024391	0.023287	0.000743	0.029980	0.033088	0.021724	0.017877	0.034695	0.028019	0.036443	0.013938	0.008172	0.022907	0.035586	0.000317	0.009549	0.034698	0.026772	0.028493	0.029170	0.010919	0.001308	0.020646	0.036359	0.027971	0.006582	0.013025	0.027335	0.006417	0.018095	0.013283	0.008626	0.015414	0.008034	0.009862	0.033615	
0.028884	0.002471	0.008162	0.008464	0.000240	0.029062	0.023720	0.010762	0.014092	0.021644	0.015746	0.021506	0.013553	0.029721	0.029114	0.004727	0.007822	0.013157	0.010751	0.033028	0.022068	0.012984	0.028932	0.002969	0.029623	0.004797	0.034873	0.033937	0.020136	0.016404	0.034928	0.034096	0.004674	0.033184	0.024607	0.013486	0.029497	0.016443	0.008532	0.035514	0.026553	0.035201	0.035238	0.010541	0.024209	0.009550	0.029034	0.033830	0.021379	0.006157	
0.034662	0.016665	0.016078	0.028345	0.036641	0.039381	0.030282	0.023885	0.026944	0.013364	0.036289	0.022166	0.003479	0.005134	0.033846	0.014980	0.039011	0.037531	0.009000	0.007845	0.031559	0.016478	0.001776	0.029236	0.006776	0.038436	0.009135	0.002960	0.032645	0.002401	0.010914	0.003962	0.011492	0.009686	0.034622	0.036642	0.012877	0.005170	0.039718	0.010291	0.028991	0.015835	0.043140	0.012265	0.000868	0.002481	0.002663	0.015822	0.027795	0.027837	
0.016719	0.018359	0.015267	0.026209	0.007764	0.023659	0.003943	0.026740	0.016306	0.023307	0.008896	0.025692	0.020382	0.030514	0.018678	0.009109	0.017699	0.002158	0.016229	0.028650	0.000732	0.016621	0.010094	0.014303	0.033021	0.026658	0.018546	0.024931	0.028529	0.034006	0.022009	0.011833	0.032803	0.018087	0.013638	0.004644	0.035030	0.011458	0.033805	0.013515	0.015246	0.032192	0.014744	0.019840	0.033624	0.012771	0.031365	0.032181	0.025469	0.022024	
0.000102	0.000589	0.020059	0.033362	0.043400	0.029202	0.007453	0.033808	0.026676	0.018141	0.045812	0.032650	0.003768	0.014335	0.026659	0.041857	0.001887	0.013922	0.004533	0.043280	0.007756	0.005513	0.020994	0.019525	0.003211	0.034747	0.003668	0.015612	0.000926	0.006393	0.014890	0.040217	0.013730	0.042232	0.020842	0.015297	0.017065	0.013438	0.008212	0.038429	0.035603	0.029882	0.012143	0.032515	0.014252	0.032215	0.005979	0.008730	0.025575	0.018912	
0.032304	0.032270	0.030723	0.000513	0.015687	0.008763	0.008735	0.004596	0.020993	0.006365	0.017811	0.000451	0.033987	0.009331	0.011596	0.038516	0.018357	0.000623	0.005716	0.040664	0.039585	0.037468	0.007598	0.008778	0.033815	0.022187	0.006856	0.014215	0.009525	0.001794	0.010565	0.001423	0.031345	0.021786	0.046697	0.034598	0.015199	0.012087	0.023950	0.043248	0.029701	0.033848	0.023171	0.002650	0.004620	0.029550	0.021616	0.033504	0.039755	0.020866	
0.012742	0.003823	0.010281	0.034770	0.014332	0.032644	0.037873	0.014032	0.034024	0.004574	0.001331	0.027311	0.008580	0.037852	0.018107	0.013027	0.017055	0.028620	0.037184	0.003963	0.031656	0.029391	0.009557	0.026392	0.025450	0.009551	0.037645	0.027092	0.006777	0.016813	0.034353	0.023707	0.008450	0.023810	0.030470	0.009438	0.001706	0.035164	0.032107	0.016570	0.030321	0.011208	0.011798	0.019466	0.020994	0.009612	0.025706	0.003483	0.021758	0.017432	
0.013971	0.030150	0.017384	0.034822	0.008695	0.008173	0.009406	0.004971	0.030419	0.011889	0.019879	0.030651	0.007854	0.036460	0.024151	0.033463	0.003426	0.039676	0.012644	0.038395	0.001505	0.010565	0.016858	0.018052	0.026922	0.022103	0.019316	0.031377	0.035596	0.000768	0.034292	0.007874	0.009016	0.015258	0.012677	0.028169	0.002162	0.012326	0.027304	0.015080	0.004686	0.019224	0.016745	0.035387	0.030188	0.016123	0.021502	0.036988	0.027057	0.028401	
0.004607	0.027962	0.036638	0.036203	0.008232	0.019314	0.001833	0.029262	0.009289	0.030311	0.034283	0.001560	0.033277	0.003510	0.036331	0.030443	0.019199	0.002030	0.002925	0.023378	0.032994	0.004044	0.028311	0.006919	0.001169	0.005027	0.026982	0.007464	0.031818	0.035635	0.028846	0.008901	0.027641	0.026311	0.029308	0.036746	0.024863	0.032280	0.015602	0.019470	0.016468	0.023915	0.033624	0.001281	0.026953	0.006386	0.009637	0.025678	0.017057	0.018083	
0.035638	0.024530	0.037574	0.018655	0.015705	0.031060	0.024014	0.033529	0.028967	0.025951	0.000784	0.014074	0.033414	0.004044	0.024753	0.040006	0.003720	0.003864	0.007205	0.027891	0.028663	0.040013	0.025082	0.001644	0.002762	0.012607	0.023844	0.007274	0.033280	0.036899	0.029549	0.021056	0.000566	0.011495	0.001063	0.014085	0.021197	0.024478	0.028995	0.007731	0.034159	0.006313	0.038103	0.015705	0.009023	0.006696	0.026651	0.005117	0.026633	0.023938	
0.008329	0.022878	0.006254	0.042784	0.039043	0.002761	0.002106	0.016192	0.025369	0.005226	0.027661	0.008374	0.042291	0.014048	0.027514	0.036480	0.037233	0.005590	0.011985	0.021778	0.005295	0.034256	0.014476	0.040886	0.007257	0.040859	0.038226	0.005231	0.027874	0.010432	0.022013	0.015693	0.034493	0.026082	0.007289	0.020490	0.008143	0.020982	0.000413	0.006404	0.017140	0.001943	0.014392	0.006616	0.037597	0.035750	0.023582	0.036177	0.027546	0.008566	
0.036169	0.024264	0.014431	0.006050	0.011120	0.017715	0.008547	0.006094	0.039775	0.021549	0.040464	0.037661	0.017665	0.007649	0.008763	0.031348	0.037283	0.006579	0.001964	0.009230	0.037896	0.011728	0.014794	0.005946	0.001134	0.025199	0.039780	0.029325	0.008271	0.032639	0.026782	0.027025	0.022411	0.035967	0.012273	0.021689	0.037426	0.041140	0.022508	0.018042	0.003472	0.005502	0.025408	0.030172	0.005732	0.000141	0.028844	0.002090	0.007849	0.034495	
0.021527	0.008036	0.024755	0.034095	0.014043	0.039065	0.005554	0.023286	0.006697	0.025445	0.010952	0.020035	0.026619	0.013990	0.021293	0.021179	0.014151	0.021907	0.003313	0.016572	0.019051	0.007805	0.044437	0.043378	0.004769	0.040598	0.041910	0.009632	0.029432	0.005901	0.008719	0.034402	0.041088	0.002071	0.001551	0.026559	0.006148	0.026555	0.012613	0.032958	0.022613	0.003273	0.004493	0.044345	0.008972	0.043217	0.004218	0.020358	0.005928	0.030492	
0.018841	0.036679	0.009846	0.034144	0.011501	0.013711	0.034664	0.014373	0.030962	0.035813	0.031216	0.035802	0.031394	0.000363	0.005116	0.014036	0.036591	0.002253	0.029015	0.004377	0.021175	0.011218	0.013446	0.026460	0.021738	0.020401	0.008595	0.004760	0.033457	0.028327	0.030956	0.002207	0.031076	0.034624	0.016404	0.016862	0.005438	0.020338	0.008388	0.012227	0.003798	0.009470	0.016660	0.016790	0.038714	0.020233	0.033416	0.024635	0.011492	0.025996	
0.019828	0.009359	0.006762	0.012283	0.034052	0.032011	0.027259	0.000528	0.004863	0.013882	0.012438	0.031480	0.001182	0.020863	0.024795	0.008847	0.024012	0.016124	0.017080	0.004975	0.023756	0.034513	0.019175	0.006364	0.021686	0.019810	0.033407	0.030260	0.033774	0.025769	0.033795	0.018711	0.033270	0.013507	0.016694	0.026844	0.015470	0.013297	0.004477	0.035689	0.012751	0.034922	0.030575	0.031257	0.008965	0.025031	0.014197	0.008111	0.015242	0.036058	
0.000845	0.029216	0.025249	0.018751	0.017045	0.033605	0.019358	0.018660	0.030932	0.009572	0.023752	0.013275	0.005945	0.009837	0.030108	0.019964	0.010578	0.029108	0.026237	0.006431	0.026592	0.020934	0.023390	0.003383	0.027569	0.030761	0.023562	0.016082	0.032932	0.013737	0.017197	0.026462	0.030377	0.013162	0.004641	0.017742	0.010164	0.029648	0.023079	0.022185	0.015838	0.029778	0.000510	0.027910	0.026698	0.010553	0.011496	0.022206	0.029511	0.033432	
0.010146	0.039682	0.041609	0.001699	0.016469	0.009592	0.001214	0.043598	0.019858	0.035789	0.026209	0.011565	0.015998	0.000392	0.009366	0.026959	0.040146	0.009813	0.006264	0.044519	0.006461	0.037673	0.037090	0.042141	0.003527	0.015661	0.025031	0.012376	0.021337	0.004275	0.015315	0.013915	0.037701	0.006514	0.007433	0.016598	0.039875	0.004819	0.038181	0.011011	0.022163	0.004616	0.004975	0.000017	0.037798	0.023434	0.037762	0.006993	0.041497	0.012924	
0.014930	0.012155	0.034080	0.005841	0.031765	0.039255	0.021462	0.013933	0.015692	0.031532	0.019424	0.010937	0.000807	0.017768	0.035266	0.013235	0.029437	0.038532	0.012606	0.034494	0.034524	0.014525	0.000106	0.014621	0.001336	0.006222	0.005908	0.039764	0.001683	0.029435	0.011364	0.028143	0.035626	0.021810	0.036983	0.017231	0.025342	0.001686	0.017305	0.031375	0.019393	0.024920	0.008872	0.021523	0.005122	0.015064	0.037032	0.005606	0.015163	0.039165	
0.025319	0.007575	0.000331	0.006236	0.022779	0.008487	0.018905	0.033528	0.006984	0.026344	0.027945	0.030441	0.015017	0.034932	0.009318	0.011639	0.024151	0.011738	0.012713	0.030688	0.033013	0.031235	0.004644	0.028162	0.033696	0.025908	0.025742	0.012643	0.036281	0.007216	0.004198	0.020194	0.022094	0.040477	0.040013	0.032900	0.011859	0.005425	0.009469	0.027135	0.032100	0.015489	0.040588	0.025478	0.003688	0.019096	0.001219	0.012735	0.003706	0.028527	
0.027908	0.029211	0.021603	0.038132	0.031247	0.021004	0.006014	0.015275	0.035973	0.029484	0.016021	0.015949	0.029035	0.025679	0.011978	0.014801	0.027527	0.000357	0.022576	0.008432	0.033712	0.036731	0.035452	0.017350	0.018017	0.034267	0.024254	0.020602	0.007930	0.014633	0.012688	0.026186	0.029183	0.023750	0.014316	0.030971	0.013114	0.009049	0.001272	0.034238	0.018943	0.001410	0.010957	0.011333	0.018337	0.004600	0.001383	0.029514	0.003960	0.033642	
0.036863	0.000842	0.024483	0.010685	0.010149	0.002805	0.015683	0.026551	0.030714	0.033506	0.044172	0.003816	0.028785	0.029440	0.043115	0.019415	0.005507	0.035745	0.017929	0.016428	0.009389	0.033496	0.008713	0.041453	0.004324	0.000139	0.035560	0.016109	0.012603	0.039722	0.016641	0.035772	0.041676	0.006574	0.016024	0.024905	0.000756	0.000906	0.027175	0.043064	0.011148	0.022893	0.011462	0.025558	0.000338	0.013985	0.004073	0.023110	0.008654	0.027145	
0.013308	0.019007	0.034431	0.029477	0.018558	0.030176	0.015591	0.033904	0.038179	0.004267	0.016034	0.018438	0.030461	0.014743	0.007147	0.022110	0.028644	0.027569	0.034214	0.007116	0.018404	0.007129	0.027024	0.018618	0.014520	0.028395	0.017027	0.016010	0.037835	0.020680	0.021483	0.002073	0.010344	0.038227	0.000453	0.002032	0.022462	0.032694	0.011906	0.015468	0.016126	0.013520	0.022335	0.012435	0.003943	0.033746	0.001134	0.031182	0.037875	0.021546	
0.013367	0.006140	0.010933	0.002558	0.014294	0.030289	0.024205	0.027093	0.005734	0.035439	0.029961	0.000854	0.036779	0.014735	0.007528	0.000064	0.028035	0.036573	0.023141	0.008259	0.026829	0.038489	0.026084	0.002595	0.014582	0.026972	0.027682	0.013044	0.036048	0.023915	0.011193	0.015779	0.025637	0.015006	0.032193	0.009933	0.031817	0.036616	0.005052	0.017212	0.007308	0.028617	0.029742	0.035389	0.025947	0.029600	0.007864	0.004575	0.009390	0.028911	
0.010748	0.033970	0.027629	0.019712	0.023360	0.005103	0.006267	0.023471	0.009918	0.016399	0.024801	0.037542	0.010749	0.002462	0.015843	0.026586	0.012856	0.031564	0.002374	0.038625	0.004424	0.019161	0.015330	0.034423	0.017863	0.017148	0.030990	0.014247	0.013741	0.017386	0.037312	0.030340	0.011990	0.023545	0.013560	0.027093	0.035785	0.016287	0.031925	0.027908	0.009645	0.004129	0.007411	0.032590	0.015184	0.017009	0.009165	0.011556	0.037630	0.035247	
0.022592	0.027944	0.024011	0.031728	0.023482	0.021270	0.002584	0.023494	0.018717	0.020418	0.023720	0.021363	0.018149	0.021610	0.001286	0.011413	0.012734	0.028619	0.008067	0.009260	0.029990	0.019738	0.016369	0.023546	0.024872	0.007494	0.027944	0.029369	0.014324	0.019818	0.008132	0.019083	0.008496	0.033307	0.031612	0.013888	0.018485	0.011167	0.026483	0.016223	0.028683	0.033490	0.030068	0.032000	0.022583	0.002478	0.000309	0.031527	0.015651	0.030409	
0.029624	0.041311	0.034258	0.021024	0.023342	0.034126	0.000055	0.009416	0.000566	0.005369	0.005448	0.014951	0.014720	0.038171	0.020613	0.040579	0.033050	0.006917	0.028965	0.013347	0.002969	0.012528	0.029012	0.041728	0.032558	0.011507	0.003292	0.017882	0.021760	0.019809	0.027314	0.007363	0.027666	0.002837	0.018117	0.033307	0.017824	0.003942	0.013527	0.013100	0.020200	0.037654	0.033277	0.006544	0.024092	0.041741	0.007271	0.000275	0.029841	0.025212	
0.036319	0.036826	0.028332	0.034908	0.014720	0.023130	0.010080	0.023243	0.033714	0.001539	0.028766	0.003997	0.028566	0.031180	0.013601	0.024432	0.006158	0.006425	0.008142	0.029833	0.011845	0.002138	0.035598	0.014044	0.014453	0.003562	0.020227	0.035384	0.015537	0.014459	0.035943	0.032849	0.015107	0.009496	0.033684	0.026999	0.001565	0.028136	0.018628	0.021183	0.006948	0.000593	0.020108	0.025798	0.018072	0.028614	0.016960	0.034796	0.002133	0.031231	
0.001582	0.020785	0.035607	0.000009	0.023804	0.008376	0.026632	0.005436	0.023296	0.010008	0.039037	0.014888	0.013555	0.001030	0.027838	0.001732	0.016546	0.031778	0.034043	0.029704	0.019171	0.017905	0.028205	0.020082	0.005646	0.032153	0.002992	0.037891	0.000764	0.020142	0.036960	0.007327	0.020809	0.033516	0.006471	0.023544	0.003829	0.030538	0.029237	0.039554	0.003327	0.019708	0.036954	0.029894	0.008530	0.021825	0.026742	0.015521	0.030863	0.024214	
0.029521	0.013092	0.032719	0.009153	0.025085	0.017947	0.013648	0.035260	0.041547	0.004372	0.007702	0.019682	0.024814	0.029565	0.031100	0.011283	0.029677	0.005988	0.022763	0.019583	0.024701	0.012765	0.040860	0.002943	0.031160	0.020947	0.025545	0.011166	0.003380	0.008578	0.014841	0.032534	0.013340	0.012515	0.000588	0.042932	0.036143	0.021447	0.007907	0.008235	0.043224	0.025721	0.006732	0.002266	0.026517	0.033468	0.000824	0.011277	0.041606	0.011338	
0.011391	0.001173	0.025491	0.015658	0.023865	0.025013	0.020333	0.031993	0.013026	0.034246	0.018850	0.005613	0.015465	0.021879	0.009222	0.029985	0.023836	0.007819	0.005675	0.011042	0.000589	0.035856	0.019110	0.015048	0.003097	0.015935	0.033535	0.027893	0.031909	0.023640	0.020532	0.005814	0.007544	0.025011	0.019045	0.028129	0.028160	0.032508	0.005269	0.026934	0.012500	0.034471	0.004328	0.031036	0.024031	0.027194	0.023337	0.033472	0.031903	0.020591	
0.030684	0.021120	0.018830	0.029727	0.012698	0.037758	0.019376	0.000812	0.008798	0.039203	0.034848	0.030602	0.026171	0.013816	0.019043	0.007804	0.030854	0.012291	0.035490	0.004987	0.012723	0.004080	0.000544	0.020671	0.032447	0.010360	0.036790	0.018542	0.000173	0.004777	0.034162	0.032614	0.013838	0.005280	0.009326	0.032315	0.028949	0.030140	0.025066	0.007183	0.037221	0.014053	0.023907	0.036950	0.025671	0.008910	0.011823	0.027573	0.013528	0.005470	
0.003004	0.006667	0.037667	0.004911	0.023511	0.026580	0.034320	0.016291	0.008717	0.039697	0.016998	0.016767	0.015556	0.013593	0.021083	0.036536	0.019448	0.015271	0.015193	0.037687	0.005444	0.010677	0.031423	0.013083	0.021417	0.039172	0.008129	0.018555	0.034500	0.022879	0.026093	0.023243	0.037077	0.006263	0.028338	0.001452	0.026580	0.021709	0.004989	0.006103	0.032431	0.018352	0.025415	0.024889	0.017358	0.002561	0.015102	0.024531	0.008085	0.034652	
0.013827	0.000214	0.009698	0.010736	0.039385	0.015787	0.031747	0.041277	0.039696	0.000151	0.015994	0.017261	0.035222	0.024673	0.019783	0.034549	0.002842	0.031522	0.014869	0.008805	0.014035	0.023707	0.012101	0.035361	0.028258	0.024053	0.031198	0.020148	0.025619	0.038470	0.019898	0.000911	0.016404	0.026560	0.019951	0.009778	0.015153	0.023632	0.037783	0.004680	0.022037	0.005312	0.015017	0.015668	0.024473	0.040285	0.002311	0.006267	0.010669	0.022227	
0.011042	0.020552	0.008204	0.019108	0.012436	0.027462	0.017408	0.019486	0.025005	0.024571	0.016519	0.004702	0.023000	0.000142	0.028103	0.026642	0.027932	0.033043	0.028142	0.000981	0.019814	0.018760	0.025067	0.012137	0.015980	0.036300	0.025194	0.023849	0.035774	0.010127	0.024174	0.001739	0.014274	0.016304	0.031903	0.032789	0.012389	0.024129	0.032115	0.009585	0.011551	0.033760	0.005923	0.014631	0.026053	0.034940	0.033182	0.003462	0.004288	0.035327	
0.015826	0.031290	0.018763	0.016405	0.003200	0.010774	0.033916	0.034828	0.016313	0.031914	0.033143	0.005965	0.038903	0.027772	0.025209	0.015342	0.003519	0.010132	0.005760	0.026286	0.003281	0.033752	0.015992	0.009192	0.029458	0.003465	0.000404	0.003285	0.004070	0.008078	0.037606	0.009523	0.041475	0.033438	0.036677	0.029086	0.009592	0.012372	0.040083	0.035183	0.018213	0.037249	0.019349	0.002318	0.012877	0.021225	0.010100	0.033423	0.037161	0.006813	
0.010400	0.025261	0.009858	0.037062	0.018152	0.012671	0.027370	0.024770	0.026075	0.018868	0.003515	0.038076	0.011497	0.016360	0.001859	0.032135	0.004214	0.020084	0.025495	0.005287	0.025998	0.026654	0.033594	0.012384	0.001342	0.030890	0.028010	0.036573	0.018389	0.003919	0.031634	0.018927	0.017086	0.023823	0.009993	0.015457	0.002807	0.008662	0.027209	0.034107	0.028775	0.001832	0.032825	0.006268	0.016579	0.020505	0.017637	0.028253	0.032320	0.038540	
0.026299	0.012788	0.016732	0.003143	0.018290	0.025687	0.028672	0.009002	0.019210	0.002547	0.004546	0.018523	0.026482	0.003047	0.020548	0.003550	0.026026	0.019762	0.030373	0.038339	0.013666	0.015040	0.027626	0.028361	0.020457	0.036028	0.030258	0.004738	0.014190	0.034324	0.008016	0.039860	0.035060	0.031870	0.030792	0.037564	0.014500	0.024366	0.002346	0.036562	0.001430	0.010378	0.035888	0.036233	0.036515	0.026921	0.003633	0.000022	0.009682	0.000107	
0.035976	0.005851	0.019856	0.033740	0.022184	0.035837	0.012332	0.008467	0.013735	0.019348	0.029769	0.019872	0.010795	0.034461	0.003707	0.030943	0.023657	0.025835	0.024736	0.024970	0.008887	0.005623	0.019853	0.029595	0.004262	0.034809	0.001426	0.013599	0.009676	0.001907	0.000200	0.021611	0.000613	0.031125	0.032333	0.009923	0.030151	0.032103	0.031905	0.024638	0.019920	0.025387	0.030418	0.005343	0.016084	0.025542	0.021115	0.021441	0.035067	0.019374	
0.016839	0.042661	0.009292	0.013525	0.035252	0.040544	0.013966	0.012831	0.008196	0.003688	0.018957	0.012428	0.008931	0.043175	0.044260	0.030572	0.013012	0.011557	0.011892	0.020925	0.012574	0.038946	0.009353	0.020504	0.002815	0.008085	0.041137	0.029678	0.004923	0.042044	0.012210	0.008139	0.032962	0.022530	0.008477	0.019967	0.042783	0.005177	0.037333	0.006634	0.016307	0.011476	0.017570	0.035927	0.035347	0.004811	0.003176	0.028012	0.014819	0.013782	
0.034572	0.004028	0.037325	0.017203	0.033408	0.020548	0.037372	0.000260	0.035977	0.029150	0.030568	0.009984	0.022793	0.008351	0.007721	0.040751	0.018279	0.020834	0.020486	0.027035	0.015230	0.004842	0.003209	0.033428	0.042785	0.032204	0.012884	0.024066	0.008120	0.004247	0.008931	0.041639	0.021308	0.034221	0.028804	0.017302	0.004697	0.013082	0.005966	0.004889	0.009489	0.012165	0.003972	0.030635	0.012449	0.029599	0.001388	0.015076	0.032235	0.034492	
0.007593	0.028906	0.035226	0.002296	0.012815	0.033540	0.000001	0.026857	0.022832	0.025077	0.013514	0.009491	0.030556	0.040695	0.012311	0.018684	0.027813	0.016356	0.000972	0.026097	0.040428	0.025550	0.038835	0.041726	0.037623	0.002978	0.025275	0.000747	0.037871	0.008283	0.004753	0.020695	0.011555	0.026476	0.005926	0.007935	0.031607	0.007437	0.028412	0.028987	0.002398	0.038733	0.006574	0.010320	0.006114	0.026348	0.042606	0.017472	0.005046	0.019653	
0.028256	0.019898	0.001531	0.026335	0.010001	0.025103	0.024761	0.029138	0.024090	0.019380	0.002714	0.013985	0.016392	0.024089	0.014228	0.016618	0.038212	0.013107	0.021035	0.032512	0.002889	0.036457	0.002450	0.038502	0.027832	0.018013	0.035568	0.021753	0.025572	0.024678	0.016828	0.002910	0.019501	0.023585	0.027054	0.025073	0.016937	0.027867	0.017849	0.009635	0.018336	0.023261	0.033357	0.028805	0.005133	0.030926	0.000013	0.001839	0.007266	0.028726	
0.006453	0.005944	0.002918	0.003195	0.033019	0.022600	0.032497	0.026257	0.004309	0.034126	0.000830	0.016676	0.017641	0.011974	0.011144	0.025139	0.036329	0.027237	0.025973	0.012177	0.022299	0.033915	0.026930	0.008509	0.019436	0.036672	0.010548	0.007739	0.032491	0.007673	0.006800	0.024889	0.033192	0.006363	0.032545	0.029773	0.029699	0.031900	0.015537	0.023710	0.023951	0.012495	0.024820	0.030800	0.019302	0.027230	0.002566	0.029491	0.024157	0.008134	
0.045062	0.015648	0.036269	0.045801	0.029150	0.034007	0.040827	0.008165	0.011304	0.029563	0.036523	0.008196	0.023883	0.006235	0.023107	0.025697	0.013862	0.043375	0.047318	0.000702	0.024714	0.019540	0.009086	0.013370	0.026157	0.029739	0.026873	0.013541	0.011871	0.010942	0.011494	0.015498	0.003143	0.009189	0.026336	0.008755	0.024650	0.006944	0.044217	0.003140	0.006432	0.018931	0.008441	0.029622	0.002132	0.008581	0.021706	0.012087	0.001225	0.026950	
0.009655	0.018062	0.033925	0.035025	0.025555	0.003415	0.030869	0.029241	0.034919	0.020878	0.036231	0.014977	0.009118	0.001414	0.017620	0.008142	0.023417	0.027675	0.000298	0.017403	0.027055	0.004064	0.017442	0.021184	0.008247	0.020608	0.035900	0.020162	0.012938	0.028054	0.034567	0.030253	0.018722	0.011649	0.033680	0.014084	0.007842	0.020849	0.029704	0.024209	0.016115	0.004374	0.001131	0.024007	0.021940	0.017743	0.009819	0.029772	0.036719	0.019329	
0.020419	0.036369	0.027838	0.029362	0.036989	0.035585	0.017440	0.022793	0.017137	0.005111	0.006233	0.015620	0.009185	0.035605	0.011437	0.028306	0.038651	0.004489	0.015112	0.004252	0.021129	0.008605	0.017787	0.021511	0.012744	0.004606	0.033990	0.027043	0.032852	0.015113	0.014020	0.032012	0.009720	0.010933	0.009951	0.006177	0.025688	0.014757	0.017642	0.020085	0.034493	0.028389	0.017981	0.007864	0.013754	0.004400	0.036813	0.030260	0.039007	0.012742	
0.019132	0.033239	0.033395	0.028219	0.015048	0.021980	0.001006	0.036760	0.011260	0.004587	0.012088	0.024783	0.016778	0.025829	0.032270	0.001042	0.001887	0.017537	0.034901	0.019516	0.005211	0.005677	0.034045	0.016153	0.023390	0.029755	0.004858	0.011865	0.035439	0.007261	0.023769	0.021811	0.010752	0.027845	0.023010	0.004052	0.014200	0.033348	0.029183	0.031916	0.019240	0.023391	0.012951	0.037663	0.007350	0.030660	0.035730	0.003473	0.014677	0.030070	
0.001906	0.007629	0.039143	0.014718	0.013889	0.037781	0.016625	0.014193	0.027820	0.002905	0.021070	0.034727	0.000931	0.028828	0.025400	0.026185	0.037774	0.014015	0.033735	0.029856	0.019445	0.004203	0.022950	0.003423	0.018837	0.031219	0.016095	0.015025	0.010444	0.000249	0.025774	0.013939	0.033818	0.021785	0.032804	0.001068	0.039282	0.039337	0.016124	0.033546	0.013550	0.028598	0.034919	0.034631	0.006005	0.024298	0.012674	0.010623	0.001452	0.004752	
0.007663	0.020807	0.022572	0.008589	0.033540	0.028845	0.019032	0.007699	0.003665	0.027376	0.022202	0.030871	0.031359	0.031050	0.032617	0.032400	0.033135	0.014718	0.028639	0.000516	0.007795	0.024578	0.023089	0.026748	0.018701	0.023364	0.021183	0.025866	0.012713	0.018759	0.016439	0.029138	0.013156	0.017300	0.016076	0.007122	0.021338	0.023475	0.027612	0.032915	0.033809	0.007796	0.018231	0.010023	0.030160	0.019668	0.012440	0.000267	0.019764	0.003179	
0.007327	0.035667	0.017860	0.033782	0.019536	0.003369	0.036964	0.025004	0.013892	0.029611	0.013817	0.032383	0.033121	0.001921	0.004056	0.031792	0.007497	0.001797	0.015209	0.001008	0.005991	0.024805	0.012939	0.008220	0.034239	0.025706	0.032102	0.006901	0.032168	0.018015	0.034513	0.025581	0.025285	0.030353	0.031627	0.014202	0.022429	0.017377	0.018442	0.035012	0.000205	0.004168	0.015187	0.023745	0.032199	0.031742	0.012766	0.004739	0.016631	0.037096	
0.017337	0.030050	0.007525	0.030480	0.018080	0.032038	0.021219	0.004097	0.020871	0.035810	0.004702	0.018330	0.025902	0.011232	0.013598	0.005494	0.017945	0.034592	0.005702	0.019739	0.004604	0.030315	0.018715	0.012896	0.030805	0.003696	0.030111	0.009453	0.008352	0.013879	0.030284	0.036035	0.025589	0.006056	0.001937	0.016674	0.020367	0.039218	0.013062	0.035907	0.026619	0.028931	0.002198	0.037864	0.037114	0.010678	0.026424	0.032024	0.011124	0.024324	
0.015979	0.024151	0.023502	0.018072	0.021224	0.032938	0.000081	0.023695	0.012458	0.021944	0.000780	0.010376	0.027926	0.008895	0.008607	0.011815	0.016358	0.023520	0.031837	0.012524	0.032957	0.015206	0.033196	0.017192	0.023013	0.024382	0.016261	0.023689	0.009777	0.033392	0.031737	0.028538	0.013230	0.032240	0.009937	0.024384	0.026652	0.024528	0.008092	0.033712	0.005426	0.011259	0.032888	0.026969	0.010609	0.027945	0.019800	0.010054	0.016533	0.029720	
0.001087	0.021599	0.019227	0.025517	0.040794	0.002697	0.004546	0.015277	0.034290	0.025017	0.019702	0.018085	0.014592	0.038622	0.033236	0.011151	0.023832	0.016151	0.040069	0.003772	0.009757	0.035140	0.040158	0.029175	0.018738	0.009540	0.013730	0.001565	0.039879	0.024528	0.001864	0.009512	0.015801	0.006143	0.021796	0.019600	0.007264	0.040607	0.012967	0.001577	0.026883	0.018326	0.002153	0.040790	0.035786	0.022989	0.019752	0.015075	0.025840	0.023801	
0.003144	0.009407	0.016127	0.037499	0.037194	0.007365	0.008516	0.035067	0.006979	0.025632	0.001631	0.010028	0.010130	0.015555	0.021013	0.008037	0.035883	0.003330	0.035316	0.015235	0.036982	0.035096	0.029692	0.038717	0.016364	0.008874	0.003418	0.034119	0.017257	0.011649	0.013062	0.037783	0.020508	0.029693	0.034804	0.024051	0.017119	0.038014	0.019609	0.026762	0.008581	0.013532	0.005118	0.024299	0.026683	0.017312	0.039204	0.005972	0.018289	0.004351	
0.033220	0.003144	0.028954	0.011527	0.006630	0.024325	0.038589	0.006196	0.029865	0.000945	0.038887	0.004811	0.026805	0.029886	0.039100	0.041521	0.010170	0.036835	0.018373	0.007123	0.030684	0.015797	0.027559	0.039852	0.011194	0.033190	0.039894	0.002601	0.020099	0.012302	0.035814	0.005225	0.026647	0.002291	0.017283	0.034092	0.008748	0.001436	0.027198	0.009514	0.020502	0.031705	0.004895	0.010297	0.025668	0.003796	0.004139	0.017180	0.029152	0.014340	
0.025757	0.037333	0.008318	0.013262	0.031083	0.004080	0.025525	0.026372	0.004088	0.023906	0.004602	0.002034	0.023940	0.027319	0.011715	0.034032	0.032283	0.035464	0.033928	0.000417	0.036165	0.032881	0.014433	0.034168	0.030657	0.012064	0.033915	0.039825	0.006105	0.015111	0.028414	0.006418	0.004840	0.013165	0.026327	0.006049	0.039181	0.006562	0.011859	0.015351	0.038585	0.037640	0.012903	0.000044	0.020842	0.034813	0.005824	0.017427	0.012585	0.000390	
0.016374	0.037019	0.037513	0.012388	0.003342	0.016579	0.022089	0.008952	0.031699	0.006021	0.009442	0.007763	0.024351	0.037767	0.009502	0.032677	0.036362	0.000318	0.037069	0.019796	0.004893	0.015940	0.004283	0.013985	0.019156	0.023606	0.000980	0.039699	0.015690	0.009722	0.023510	0.036076	0.025909	0.025113	0.019287	0.026264	0.031918	0.025745	0.037540	0.037401	0.010896	0.035493	0.007678	0.003930	0.009942	0.007288	0.006485	0.032221	0.027879	0.014451	
0.003836	0.025111	0.035267	0.033933	0.031867	0.011413	0.026974	0.024857	0.019433	0.008504	0.029035	0.033444	0.011604	0.014212	0.035025	0.014181	0.010539	0.020781	0.023349	0.016252	0.034586	0.014422	0.019470	0.028925	0.032355	0.002906	0.011239	0.032214	0.029317	0.028418	0.009501	0.006390	0.030475	0.018850	0.000642	0.021994	0.030248	0.029331	0.006129	0.024402	0.000432	0.000080	0.012457	0.008145	0.021682	0.032376	0.025858	0.003532	0.028657	0.025349	
0.007717	0.030109	0.038101	0.014886	0.031303	0.009936	0.034082	0.019194	0.028943	0.011197	0.008618	0.016749	0.020070	0.017600	0.010265	0.035830	0.010057	0.020243	0.024952	0.010148	0.026211	0.016357	0.009057	0.008694	0.025374	0.015239	0.013751	0.012866	0.033079	0.022343	0.004203	0.026414	0.026607	0.034545	0.036614	0.008570	0.025718	0.030788	0.009047	0.018693	0.029795	0.013443	0.013548	0.037822	0.006208	0.036650	0.019065	0.019302	0.000807	0.019191	
0.016962	0.016191	0.002564	0.001156	0.022887	0.033024	0.026053	0.002981	0.035175	0.022837	0.000702	0.029484	0.022566	0.007986	0.017101	0.018354	0.007996	0.010950	0.031268	0.017363	0.033305	0.020127	0.023072	0.011820	0.020448	0.022729	0.020193	0.013758	0.010926	0.013182	0.030744	0.017565	0.035594	0.030720	0.000051	0.021192	0.020812	0.031288	0.024038	0.030780	0.026532	0.026748	0.026350	0.033078	0.038084	0.001449	0.016031	0.017641	0.024863	0.013281	
0.032183	0.029798	0.036885	0.035386	0.016508	0.022805	0.012373	0.012802	0.035566	0.027103	0.018975	0.025603	0.024199	0.006576	0.003201	0.013066	0.018637	0.013894	0.025159	0.019471	0.013086	0.023984	0.012402	0.000975	0.018481	0.009126	0.023498	0.035354	0.020780	0.030034	0.002924	0.005454	0.019175	0.014011	0.013053	0.020341	0.014790	0.014721	0.018157	0.021199	0.029806	0.009170	0.018631	0.037710	0.014727	0.031812	0.029902	0.022104	0.005047	0.039353	
0.020410	0.040868	0.000403	0.019421	0.004263	0.006929	0.025744	0.004178	0.011629	0.027500	0.014358	0.008074	0.019255	0.020770	0.005909	0.000170	0.027638	0.000914	0.035846	0.018398	0.025995	0.010712	0.036858	0.030341	0.004386	0.002262	0.020198	0.017616	0.033218	0.018900	0.040954	0.024260	0.035625	0.014686	0.004523	0.039095	0.002175	0.030655	0.038738	0.024252	0.036524	0.028369	0.021761	0.005732	0.000778	0.032305	0.033138	0.031395	0.011586	0.030284	
0.025676	0.007788	0.006453	0.021619	0.009576	0.033399	0.007413	0.023980	0.009729	0.023583	0.023707	0.014887	0.021104	0.033983	0.018763	0.038252	0.037815	0.003647	0.006715	0.029252	0.025938	0.018621	0.033006	0.025025	0.014410	0.029144	0.035334	0.024995	0.033257	0.003701	0.014474	0.025156	0.016990	0.014506	0.000845	0.037340	0.001020	0.032433	0.017727	0.021743	0.030944	0.007042	0.008670	0.015338	0.033428	0.011082	0.015607	0.009869	0.033227	0.011786	
0.016856	0.007243	0.031746	0.026772	0.010324	0.020908	0.016671	0.026774	0.031490	0.034866	0.034642	0.019155	0.016204	0.002356	0.017302	0.032332	0.011242	0.005953	0.004845	0.035153	0.031768	0.001158	0.006970	0.021258	0.003632	0.024191	0.033293	0.032459	0.011032	0.011124	0.031035	0.020413	0.022242	0.024703	0.030554	0.006895	0.009151	0.039002	0.032698	0.032062	0.019367	0.015838	0.005450	0.014208	0.005176	0.011363	0.011861	0.024150	0.033964	0.030150	
0.018480	0.020438	0.009250	0.013752	0.030162	0.003492	0.018773	0.011424	0.015167	0.003449	0.027110	0.034739	0.009565	0.018289	0.001592	0.032623	0.002245	0.007922	0.028528	0.028429	0.000281	0.023444	0.016031	0.028974	0.025189	0.035520	0.036593	0.035378	0.033602	0.024754	0.035537	0.031827	0.033525	0.001888	0.014704	0.035519	0.022675	0.001111	0.018471	0.024179	0.007017	0.012222	0.019990	0.036905	0.014073	0.021355	0.028072	0.005280	0.014983	0.025473	
0.020508	0.010391	0.004061	0.028990	0.017341	0.004133	0.006862	0.036638	0.034097	0.020010	0.022792	0.012587	0.020952	0.013313	0.034764	0.033324	0.001165	0.028915	0.025758	0.025899	0.012328	0.013951	0.033440	0.030613	0.003047	0.027287	0.025549	0.012736	0.012719	0.010237	0.019240	0.035933	0.027272	0.030212	0.035895	0.016096	0.015307	0.003725	0.034040	0.002276	0.009834	0.013884	0.022594	0.013516	0.010828	0.017876	0.027927	0.032756	0.028899	0.017481	
0.035787	0.011498	0.024236	0.003884	0.017680	0.004530	0.004553	0.000583	0.036363	0.029590	0.034735	0.021605	0.034944	0.031258	0.008582	0.025578	0.008389	0.023818	0.015134	0.035958	0.014422	0.035461	0.015594	0.010540	0.016817	0.036007	0.014642	0.023648	0.011844	0.031958	0.018458	0.033336	0.018725	0.030462	0.015203	0.006347	0.006434	0.036349	0.003409	0.031949	0.009426	0.011780	0.018688	0.007932	0.012779	0.020301	0.033467	0.031165	0.010238	0.023912	
0.021286	0.002122	0.016648	0.025324	0.031265	0.004912	0.019167	0.035606	0.031702	0.003341	0.036989	0.004315	0.037291	0.010067	0.036116	0.006891	0.035058	0.029763	0.019471	0.006375	0.030747	0.032947	0.011761	0.019201	0.012586	0.014021	0.010488	0.025409	0.006293	0.014174	0.038096	0.038760	0.029700	0.014562	0.012266	0.022760	0.019998	0.017724	0.027123	0.002124	0.032493	0.006738	0.028806	0.012145	0.006757	0.027699	0.030798	0.014447	0.005046	0.020622	
0.004291	0.030739	0.008062	0.030427	0.015250	0.005507	0.019577	0.037652	0.039399	0.038190	0.036535	0.021015	0.038488	0.007989	0.015139	0.012580	0.008797	0.016681	0.000970	0.006856	0.037606	0.010119	0.023922	0.000949	0.017353	0.025734	0.008540	0.033469	0.005348	0.037206	0.025270	0.019135	0.023800	0.006292	0.011941	0.034179	0.030769	0.028160	0.035852	0.003382	0.015368	0.018311	0.007114	0.000888	0.036931	0.002550	0.036804	0.030992	0.010015	0.027856	
0.026294	0.007405	0.015589	0.011940	0.021404	0.017656	0.015537	0.001795	0.030450	0.013357	0.031654	0.001338	0.029190	0.032206	0.002521	0.005105	0.040248	0.026156	0.036214	0.014545	0.040266	0.020607	0.017610	0.025589	0.037717	0.000731	0.022638	0.020372	0.023790	0.011940	0.035211	0.010085	0.031285	0.040740	0.005554	0.010359	0.014073	0.026644	0.002137	0.033916	0.026622	0.013223	0.020879	0.030838	0.020392	0.013600	0.019383	0.036841	0.004699	0.001658	
0.033742	0.003643	0.013722	0.014029	0.010397	0.019197	0.004214	0.043297	0.026853	0.018586	0.013868	0.040713	0.026732	0.017213	0.023508	0.010623	0.039478	0.001968	0.012458	0.039292	0.019268	0.004733	0.012364	0.001829	0.038432	0.032053	0.028819	0.025368	0.021332	0.022501	0.001609	0.017113	0.016940	0.000007	0.015702	0.006471	0.030852	0.032272	0.011194	0.009704	0.037349	0.034492	0.008779	0.026560	0.030201	0.017244	0.007025	0.043110	0.029602	0.003541	
0.038557	0.004976	0.031187	0.023179	0.027517	0.027697	0.016530	0.001672	0.036675	0.043594	0.001878	0.013845	0.005062	0.022946	0.048763	0.020828	0.015230	0.006270	0.022780	0.020060	0.008847	0.031697	0.025978	0.003026	0.017183	0.039188	0.032164	0.012341	0.002866	0.016750	0.026573	0.014027	0.002020	0.017557	0.005111	0.035470	0.018322	0.003664	0.021983	0.045797	0.013352	0.000443	0.042394	0.030519	0.034237	0.001354	0.015693	0.036433	0.005065	0.010699	
0.016102	0.035266	0.000722	0.030991	0.013130	0.012305	0.040462	0.024451	0.009149	0.002572	0.023211	0.022275	0.019071	0.020624	0.016825	0.036855	0.002040	0.002897	0.006345	0.010441	0.021499	0.039518	0.031444	0.011892	0.029400	0.038976	0.032116	0.020454	0.016933	0.029354	0.011077	0.008661	0.031464	0.022699	0.028303	0.009677	0.039944	0.011097	0.034089	0.015306	0.018079	0.009574	0.007024	0.009323	0.003811	0.034654	0.038068	0.031053	0.006322	0.012455	
0.013574	0.011689	0.000574	0.003089	0.004925	0.020665	0.002434	0.023360	0.006203	0.001251	0.017661	0.037209	0.018418	0.028859	0.009794	0.014430	0.034956	0.021218	0.024372	0.030857	0.015003	0.011090	0.039105	0.004224	0.032663	0.031183	0.036284	0.020416	0.011258	0.018217	0.001361	0.018505	0.013760	0.004603	0.027454	0.034673	0.018727	0.026958	0.039053	0.031382	0.009749	0.008138	0.010923	0.037364	0.031734	0.007877	0.016370	0.038415	0.039462	0.038511	
0.033198	0.013426	0.013188	0.034931	0.027394	0.025736	0.007894	0.022884	0.029172	0.023535	0.029697	0.021944	0.006261	0.022720	0.014465	0.022175	0.009910	0.018350	0.032950	0.017854	0.022543	0.007145	0.012331	0.036630	0.025729	0.028992	0.023853	0.030265	0.021151	0.013999	0.035920	0.006711	0.028202	0.032202	0.004080	0.009061	0.020135	0.011068	0.010281	0.027340	0.011159	0.019171	0.017111	0.023258	0.037965	0.013534	0.005272	0.013607	0.015158	0.008444	
0.027405	0.012425	0.000881	0.027824	0.031059	0.019738	0.036929	0.035633	0.019464	0.024423	0.033599	0.025005	0.007255	0.012732	0.012636	0.036054	0.003840	0.001060	0.025002	0.027002	0.010697	0.027682	0.025824	0.031710	0.038586	0.012896	0.034482	0.016546	0.000220	0.022971	0.029082	0.010277	0.014227	0.018925	0.023416	0.003262	0.037165	0.033891	0.002975	0.008209	0.014998	0.002120	0.018070	0.016833	0.022283	0.013360	0.032176	0.000004	0.037716	0.019432	
0.013339	0.019765	0.008361	0.000128	0.036407	0.015675	0.017811	0.007654	0.003664	0.007439	0.008027	0.038455	0.030989	0.026652	0.016847	0.008405	0.009477	0.027868	0.031077	0.023471	0.025952	0.021549	0.006220	0.025597	0.007218	0.006805	0.019991	0.011938	0.031010	0.032329	0.003018	0.028711	0.022870	0.023097	0.007659	0.029996	0.017401	0.035975	0.039280	0.040082	0.026793	0.019986	0.021703	0.015351	0.032403	0.018818	0.021776	0.039156	0.009718	0.006088	
0.013751	0.030373	0.012323	0.035699	0.009225	0.015860	0.003882	0.023440	0.034120	0.033949	0.034623	0.025242	0.017738	0.001741	0.017573	0.001030	0.017311	0.003287	0.022330	0.033346	0.031301	0.030621	0.009350	0.033375	0.005440	0.014140	0.027992	0.031906	0.000329	0.012086	0.003270	0.021212	0.025770	0.030639	0.032022	0.035689	0.015129	0.003524	0.029414	0.008218	0.030343	0.023899	0.027746	0.019323	0.025330	0.002367	0.010262	0.022313	0.018473	0.031674	
0.001083	0.011737	0.036697	0.034460	0.031540	0.028096	0.029862	0.008579	0.024965	0.004390	0.030866	0.009255	0.023107	0.001192	0.035778	0.019705	0.026393	0.017133	0.011126	0.038398	0.019936	0.020997	0.014732	0.002287	0.012974	0.013370	0.032823	0.013777	0.020577	0.000624	0.036127	0.036357	0.028301	0.018398	0.006213	0.028439	0.023061	0.026040	0.034166	0.006139	0.006078	0.028985	0.020130	0.032261	0.001892	0.006441	0.028238	0.005580	0.028656	0.022040	
0.005217	0.001132	0.021635	0.016338	0.037168	0.014428	0.013705	0.013366	0.024420	0.039672	0.034302	0.005058	0.037785	0.005449	0.005903	0.033421	0.012625	0.039164	0.033215	0.010782	0.002026	0.010495	0.031940	0.022247	0.028252	0.037355	0.030788	0.026932	0.005996	0.002876	0.033876	0.018481	0.002164	0.030976	0.020841	0.019591	0.002527	0.018673	0.016207	0.036245	0.025714	0.018473	0.029387	0.002769	0.003131	0.012330	0.035314	0.029804	0.005604	0.034203	
0.015132	0.017156	0.007604	0.028186	0.012226	0.039969	0.037431	0.013909	0.025729	0.025045	0.022050	0.010617	0.021045	0.006959	0.015591	0.003903	0.015247	0.010945	0.015878	0.004298	0.031737	0.009963	0.003860	0.004711	0.024425	0.003113	0.040719	0.026736	0.021512	0.038610	0.016065	0.020700	0.033820	0.002182	0.017097	0.024789	0.038868	0.019339	0.014295	0.004972	0.012571	0.040972	0.030949	0.020710	0.032798	0.025156	0.038729	0.009799	0.037193	0.004690	
0.017921	0.004464	0.028235	0.023384	0.005310	0.003053	0.033879	0.033910	0.006181	0.038627	0.018697	0.007245	0.028169	0.011175	0.036183	0.002439	0.027049	0.017086	0.028043	0.023505	0.034172	0.037762	0.039353	0.024320	0.006895	0.019865	0.010236	0.003392	0.029226	0.007064	0.029443	0.006383	0.025927	0.011558	0.010334	0.012764	0.011650	0.030693	0.018706	0.012621	0.028356	0.027791	0.022660	0.020775	0.013329	0.027537	0.029551	0.009280	0.011169	0.032634	
0.007898	0.002049	0.001512	0.034258	0.025965	0.011517	0.020575	0.018973	0.006431	0.038721	0.002014	0.035410	0.033132	0.031861	0.031423	0.003775	0.027820	0.022193	0.020456	0.032741	0.010381	0.007841	0.031908	0.002982	0.000356	0.013577	0.005905	0.028124	0.009721	0.035657	0.012657	0.014354	0.017500	0.004740	0.029545	0.036288	0.037369	0.026084	0.024483	0.012616	0.012511	0.021052	0.034885	0.031594	0.002994	0.038253	0.037928	0.021230	0.028295	0.000446	
0.026965	0.000334	0.031801	0.022251	0.027762	0.029420	0.035958	0.028126	0.036001	0.031816	0.004544	0.007894	0.016661	0.022410	0.030301	0.033238	0.014572	0.011466	0.034416	0.016204	0.015283	0.006070	0.018462	0.001962	0.007352	0.036490	0.003074	0.016057	0.025879	0.032313	0.009187	0.020739	0.009807	0.011638	0.028046	0.006202	0.012087	0.006586	0.032396	0.005129	0.004793	0.007955	0.033772	0.027362	0.025323	0.028118	0.025487	0.019351	0.023598	0.037342	
0.028175	0.035740	0.031659	0.009063	0.014847	0.010077	0.014932	0.024563	0.024461	0.009759	0.035257	0.022331	0.013687	0.026352	0.011413	0.002134	0.013085	0.032765	0.028464	0.031119	0.013656	0.030818	0.033705	0.036083	0.003453	0.013265	0.029547	0.036989	0.030237	0.015058	0.035854	0.000728	0.015812	0.014888	0.017675	0.015258	0.024455	0.027448	0.001154	0.023133	0.032336	0.030089	0.004824	0.002406	0.000078	0.033679	0.032705	0.003455	0.007570	0.013762	
0.031751	0.023776	0.003152	0.009912	0.043370	0.028503	0.008270	0.009848	0.004350	0.025676	0.002010	0.038228	0.037482	0.005132	0.024463	0.040447	0.013467	0.010595	0.016604	0.035212	0.025152	0.028133	0.021853	0.023250	0.023272	0.012257	0.021356	0.004362	0.020865	0.004880	0.040336	0.028258	0.007483	0.033182	0.021647	0.004267	0.020950	0.036099	0.000084	0.030732	0.034225	0.000995	0.016286	0.021182	0.005539	0.024484	0.027552	0.024139	0.001337	0.023595	
0.036280	0.024161	0.028362	0.000221	0.008916	0.027103	0.043147	0.047564	0.006416	0.038504	0.030882	0.012634	0.002001	0.019412	0.032431	0.004421	0.001617	0.028871	0.018962	0.033184	0.036901	0.036963	0.001412	0.008748	0.004444	0.041140	0.000751	0.031498	0.012073	0.014525	0.003965	0.039027	0.048475	0.041080	0.018915	0.000883	0.017620	0.001087	0.025987	0.036819	0.011225	0.004585	0.036065	0.002076	0.027458	0.004807	0.003545	0.005690	0.004194	0.032951	
0.012985	0.026269	0.025079	0.036586	0.008985	0.025233	0.002160	0.020664	0.033156	0.019058	0.033753	0.018312	0.033029	0.003947	0.016691	0.014812	0.000771	0.014074	0.015473	0.038669	0.022840	0.027226	0.028183	0.033870	0.012855	0.011362	0.012543	0.003390	0.025197	0.021810	0.015970	0.027381	0.030215	0.000954	0.028671	0.008093	0.024493	0.031828	0.010703	0.039760	0.008785	0.018676	0.028114	0.014280	0.007555	0.033573	0.010250	0.014788	0.024439	0.022491	
0.013968	0.021350	0.017633	0.010723	0.042157	0.028733	0.007381	0.013694	0.034889	0.006095	0.011921	0.030661	0.044443	0.022456	0.005657	0.004780	0.037146	0.009933	0.039917	0.010090	0.014239	0.021815	0.017518	0.017379	0.012996	0.012803	0.000978	0.022454	0.019732	0.032131	0.005374	0.001622	0.030564	0.022154	0.030850	0.015765	0.000974	0.037521	0.023092	0.000042	0.014497	0.029098	0.018221	0.024066	0.030977	0.005210	0.041059	0.028736	0.013370	0.041135	
0.030154	0.015739	0.021701	0.030119	0.006063	0.035475	0.014552	0.019914	0.019534	0.032521	0.018469	0.035542	0.019257	0.006369	0.027911	0.030470	0.023277	0.021112	0.031221	0.032119	0.030054	0.002402	0.014534	0.020020	0.004700	0.031870	0.023333	0.020181	0.015006	0.015840	0.009679	0.021067	0.001608	0.000145	0.029391	0.007969	0.026576	0.011429	0.015181	0.019489	0.021327	0.033498	0.018791	0.013866	0.035713	0.013444	0.000148	0.021193	0.022795	0.027230	
0.029926	0.014201	0.003024	0.037911	0.012263	0.031522	0.021801	0.031629	0.000072	0.035515	0.038218	0.025247	0.001684	0.029875	0.028628	0.012668	0.010348	0.000893	0.020287	0.032141	0.011675	0.003523	0.033339	0.007247	0.003935	0.039620	0.003695	0.027264	0.026463	0.035144	0.030476	0.011105	0.013967	0.018853	0.031067	0.008149	0.008874	0.003948	0.014320	0.017517	0.019960	0.007863	0.037427	0.031519	0.030389	0.022330	0.028697	0.028831	0.012739	0.012208	
0.031895	0.004202	0.005572	0.014527	0.013091	0.006811	0.038364	0.024375	0.000336	0.019675	0.008084	0.018714	0.001295	0.017356	0.028896	0.021650	0.033912	0.038444	0.027759	0.014829	0.014321	0.025831	0.029207	0.032625	0.013961	0.035178	0.007935	0.039711	0.038351	0.014295	0.032973	0.015004	0.030074	0.028018	0.022541	0.002324	0.018364	0.035081	0.022338	0.039235	0.001809	0.001605	0.006736	0.024834	0.000193	0.035897	0.005698	0.022089	0.022643	0.011341	
0.011200	0.018170	0.009708	0.040168	0.018163	0.041181	0.001182	0.016962	0.007803	0.043474	0.021187	0.039232	0.007748	0.025896	0.006703	0.027079	0.020050	0.023412	0.020655	0.031289	0.029012	0.034588	0.015159	0.019936	0.012734	0.006373	0.031189	0.011803	0.011664	0.034862	0.018355	0.044568	0.025832	0.006360	0.029332	0.007233	0.020503	0.009113	0.020167	0.000744	0.008306	0.008945	0.036186	0.022010	0.021295	0.008238	0.039088	0.000125	0.031837	0.003183	
0.037011	0.021212	0.027414	0.030543	0.016503	0.012677	0.004967	0.006987	0.033584	0.033745	0.002232	0.021931	0.013812	0.022775	0.019143	0.034816	0.017396	0.021432	0.023001	0.035517	0.003565	0.001636	0.024439	0.017622	0.012707	0.027281	0.021667	0.028748	0.022351	0.021231	0.001256	0.036444	0.007680	0.034275	0.035254	0.006909	0.000072	0.001451	0.010403	0.034543	0.021053	0.035694	0.004247	0.022799	0.037139	0.010646	0.011352	0.030782	0.028186	0.011869	
0.036378	0.035335	0.014578	0.037610	0.006653	0.013251	0.037001	0.001673	0.016010	0.007049	0.027927	0.001191	0.022847	0.028163	0.027678	0.003508	0.028027	0.035481	0.035505	0.015932	0.013716	0.029584	0.031398	0.015353	0.004712	0.015593	0.021503	0.035968	0.016038	0.030521	0.003528	0.029266	0.007586	0.023229	0.028109	0.009765	0.022977	0.001208	0.031353	0.032055	0.004096	0.007631	0.010672	0.025728	0.033312	0.013438	0.007727	0.014833	0.018420	0.028881	
0.70
