50
2
14.304535	-17.974365	12.405131	-17.008014	-17.567813	10.947086	11.417197	6.307546	-17.416864	-0.443904	-14.695110	5.695265	-15.293807	5.841048	7.017678	9.623015	-5.108319	8.918520	1.431659	2.315046	-14.071027	-3.874875	-0.404432	9.815228	-17.398363	6.995950	17.971053	17.079031	7.095792	7.308949	-1.546822	-7.454680	8.420561	12.198799	14.389470	11.054077	13.339306	-12.789230	-0.377315	12.662876	7.527953	-12.304932	4.285928	9.837370	-11.472181	9.233600	-10.696550	-0.182391	4.884531	9.460157	
4.303134	-15.855536	-3.663994	-18.418073	-17.471610	2.365145	15.564484	8.082322	10.996184	22.824355	24.818826	-8.975111	-2.453313	18.852850	-7.085486	24.239062	20.849263	-13.131407	15.332849	12.557631	-3.155775	-7.710635	-11.665644	-22.725533	-17.303427	-22.090588	-19.982050	-18.213324	-2.092548	5.817448	-14.022758	-2.218849	7.703451	2.223469	12.304538	4.231419	-7.365642	19.858806	-17.427117	-4.929182	13.595044	-8.006292	18.535504	13.359871	14.598406	23.896969	-2.640250	-16.738455	-5.419809	1.996113	
15.694101	-2.379352	-2.135194	-18.168459	7.113395	23.824120	-16.940782	9.221148	19.820740	14.941870	17.180842	5.772976	-4.901315	-12.666626	22.312101	-9.805354	-6.253112	-18.848395	1.357809	-23.609778	8.544659	-9.914430	-21.149572	5.700319	5.420466	-0.053033	-0.424816	-2.844228	-16.619181	7.984472	-21.104243	-23.126187	21.689299	-20.672508	-18.049489	6.188791	20.841709	5.270030	-5.768887	-11.786912	3.178512	-23.817317	9.931597	-1.529023	-19.307477	-23.149008	-9.620236	-14.863233	4.096934	3.518865	
9.021644	5.211090	8.885952	-2.320200	0.433228	14.557901	-11.583965	16.629218	1.807776	-12.032027	-15.653113	7.341725	-14.196399	13.000714	-2.943429	12.791299	7.014429	0.889558	12.721314	6.577332	0.415624	14.545831	4.658451	-16.399343	-3.444944	13.194985	10.867506	-1.923649	19.657436	5.275995	6.184333	-12.672750	-8.698644	8.023995	2.719242	8.517582	6.277564	19.342947	0.510100	0.470013	-9.784571	1.434267	-15.535031	7.262030	0.774769	18.454702	0.001456	17.170111	-9.938844	3.315731	
-17.897998	-12.085996	-26.032512	20.454512	-25.426944	21.328294	-22.873917	-13.815314	-2.219610	-0.183442	-12.342594	-26.912066	-7.955513	25.055820	-25.580397	-17.395861	-25.665941	-25.333956	-19.719204	12.298151	-24.104823	-4.693514	13.497782	-16.372827	0.777607	0.701600	-4.807623	26.325914	-7.359208	0.246555	-6.742583	17.845484	21.090151	-18.785077	-8.555119	-1.024102	-21.896715	-9.089318	6.793295	-11.270208	4.461560	22.311022	23.876762	3.977445	24.257865	-3.196172	1.048132	19.563307	10.459757	12.582382	
15.415704	3.854232	2.649356	-10.845873	-22.985103	27.835080	-17.277993	6.385279	15.188199	-26.609774	23.366909	12.708457	-24.657005	17.892170	-1.626494	12.275863	-24.765048	-24.963345	19.621335	16.819500	13.311469	21.136281	20.517294	7.133425	-10.916121	-1.475247	25.110109	-27.934089	-0.608703	-11.897534	17.414596	-11.396136	27.963062	1.541094	-17.128404	-0.692154	-6.029788	-10.966025	-27.196241	21.342356	6.240144	21.582053	-15.998419	-21.767163	-8.723826	18.811387	13.203236	-5.962841	23.830320	10.904466	
5.260299	-5.755633	-15.176975	-11.431389	-27.419907	-21.274256	-16.661297	-29.685664	29.961907	-13.918037	10.164805	23.919592	6.248114	-8.045626	8.374043	-17.008506	3.749343	-15.364621	7.971480	0.611490	25.735094	13.038255	-29.229990	19.011904	-28.797544	3.656683	-2.799538	8.447317	23.601847	19.070109	16.031968	-22.502571	21.447748	1.510555	18.443289	24.725459	-23.092313	20.958390	-28.257198	-27.380470	-4.158632	13.301519	-12.729560	-22.619686	4.554135	-13.603534	6.274384	18.130376	20.287016	14.082206	
5.530601	-22.165669	-5.027077	10.604887	-20.838619	9.222941	0.735679	1.246231	-14.804415	24.231593	-3.423214	20.700722	-22.795484	23.164791	-13.816052	23.259760	-24.760515	-3.575047	0.471464	-21.132294	25.382479	-24.772889	-9.916274	-19.651893	15.071518	-13.202471	-5.574044	17.001270	5.022395	15.069847	9.241051	10.655830	-15.570288	21.602768	23.394750	-20.897359	2.447368	-25.868330	-14.570860	22.718188	19.966622	22.801789	12.733699	18.491055	-2.078459	6.550846	2.995834	-16.389290	1.362962	-24.184355	
0.994029	-20.640188	-3.816558	15.681413	22.976556	3.742665	-21.128045	-6.382091	-13.069511	-17.807000	7.598855	-10.568411	-8.011622	-23.158803	-19.055978	-4.698359	-8.610799	-8.751675	2.903571	-17.512444	19.602824	-14.199497	-11.285938	-7.333011	5.808225	-21.812820	22.470983	20.521464	-7.226738	5.723936	-6.443882	8.899666	13.580148	11.674495	11.444208	24.127935	-23.189193	24.526395	-7.535683	-15.730639	-15.728716	13.289968	22.732557	0.988122	21.416726	6.289117	17.161110	8.420266	-22.262158	-16.601321	
-9.512415	-6.383972	10.578827	12.981740	-11.297584	14.907345	-11.689445	-10.048266	9.732608	14.199864	9.742687	2.783114	-7.389490	1.144513	10.815162	6.179780	13.936073	16.210937	7.916839	-0.544092	8.078732	12.174637	7.275837	-11.850735	11.216594	11.442334	-4.999948	11.265198	12.444899	8.934546	11.170438	2.276039	8.070376	-14.053153	-13.667213	-16.719290	-13.381010	14.765463	14.927507	-5.959451	-2.898749	2.691619	-5.087775	-1.197185	-12.490801	9.747455	10.468725	-3.964472	8.036972	10.690120	
-21.258180	-30.875539	-2.268441	29.326806	-0.222313	24.878484	16.408110	9.836617	20.946669	12.937476	-29.971633	1.848529	-5.864186	16.977681	7.913525	10.926456	-11.723938	5.345559	2.288481	-28.150257	-21.262755	-26.500804	-0.366955	29.658671	-28.105787	9.614749	8.711629	-2.939024	-28.243860	-2.656570	-27.399470	-22.117230	-12.716672	-21.429821	-20.922504	21.559932	-16.018896	-31.031106	18.065904	-26.434894	25.116772	-16.619140	-19.087651	32.207908	16.112885	-26.704284	30.115332	16.181009	-30.364078	18.055170	
-17.851590	-8.476370	4.416153	17.628956	-17.567494	-6.025302	4.281156	-18.212751	17.922647	-17.177054	20.505939	18.835424	18.314303	-13.010198	-8.774359	-14.592849	-7.368356	-19.122865	14.111837	-15.925702	-4.078442	-7.805091	9.966186	-7.770270	-20.455374	22.610844	18.700802	15.990378	-20.264485	-16.437666	-20.234716	-14.040774	-5.883492	-5.890185	-13.560095	5.542468	8.003368	18.595809	17.701869	19.338381	-21.919240	6.204748	9.071881	-22.382849	-18.211554	-16.454012	-11.504563	-17.707260	-18.822936	13.231308	
-11.445446	-14.012265	-15.357639	4.857056	-0.448872	-3.927776	-8.983183	2.316311	-5.006727	20.877688	-18.225634	17.945696	10.837512	10.841954	17.368203	-16.062022	3.140620	21.774425	-21.483117	1.025059	-0.555205	9.589881	-3.001707	17.778464	6.731318	-0.541805	7.903083	-10.755117	2.070586	-13.688369	-13.625564	-3.795967	17.966493	6.770560	1.040269	16.716869	-16.116879	7.093803	12.746389	18.344513	-21.160034	2.628153	-6.815535	9.986843	3.806609	11.976820	6.501753	2.450811	9.226626	0.744376	
-17.714742	-2.773214	-9.713134	16.497019	20.910183	23.747858	-23.987529	4.434390	-20.365055	-11.997144	-17.644885	-16.131276	11.946128	4.778845	20.422997	0.055002	-26.521112	-8.659791	-9.653944	24.031346	2.951263	18.026247	-13.659772	-4.457112	9.835373	14.249525	-19.492205	-22.614815	-12.478386	3.403352	16.506936	-15.614156	26.551543	-26.309166	4.095065	23.904154	3.916502	2.061484	5.698886	-4.342835	-6.482121	10.852724	15.431574	-24.213211	3.682046	8.266199	13.733651	2.665397	18.722871	3.919593	
15.861538	-12.037029	19.279065	-8.277491	-10.119171	3.708245	-14.681057	8.311782	-17.797101	-19.075508	11.598532	6.571588	1.344653	18.056699	-18.613137	2.124852	17.579330	0.765322	10.223971	-5.547049	-8.793391	-5.984267	4.606361	-4.527854	10.785840	20.691928	-13.505148	-22.852822	13.725893	-23.573074	18.985881	-14.856565	11.535060	-3.681335	-17.814172	-10.730182	20.858626	-23.369451	11.127296	-22.350564	-15.632902	-12.285817	18.432319	-5.536113	-10.730554	12.008237	15.936869	2.723528	11.273061	13.124513	
13.812681	9.960706	-21.114110	-8.591725	-13.918710	-25.412565	-13.960178	-25.695780	-16.480345	-20.967121	22.762305	22.596032	-3.425846	-24.876827	-6.498479	22.843582	24.728739	-26.228555	-5.718665	-17.586152	-10.229960	-2.346461	-7.750216	-24.944074	-12.812624	-7.337586	8.326141	-14.054395	-11.020194	-16.783037	-4.236388	16.115124	-19.113481	-24.155306	-3.070262	-0.903584	-7.861330	3.340545	-22.456255	10.619360	21.806166	-21.338048	-22.865997	16.245349	-22.130431	-17.611226	-14.382446	-16.577058	3.024604	18.580337	
22.423382	-27.231205	3.795373	-1.954217	15.430100	-23.198966	-25.712713	-28.834873	-15.591942	5.744248	10.536463	-27.166747	-20.898047	-24.508022	-23.821642	-22.093921	-7.025641	-25.455296	-3.099636	-7.489864	-10.072306	-21.352791	3.421784	2.406818	14.870992	-23.701366	17.792716	-2.521712	22.374141	8.092548	10.252883	-9.663900	0.317371	8.331873	10.791457	20.983762	-19.664878	-5.772595	22.717789	5.657802	-26.111119	20.367134	-19.483378	-27.177221	1.827435	16.968679	-9.547440	2.918537	25.326647	8.954059	
5.598800	3.356765	-8.933324	-12.183096	20.944284	1.469259	-17.026170	-18.333307	22.485670	8.096805	17.160957	-17.745559	9.878138	-0.219158	0.640027	4.898654	-7.326707	13.249817	-13.709173	-18.114327	-0.924137	-2.036746	-13.917809	15.577134	-9.679708	0.796317	0.294945	7.201557	-7.134523	12.162628	-11.317554	22.166711	19.512365	4.102166	-5.279422	6.274158	-10.530862	4.445002	12.562621	-17.864866	20.199614	19.384378	-8.397948	-13.559579	-3.735302	-19.239781	9.360118	-14.905583	-0.864432	8.052288	
11.867695	25.546591	-27.963986	-24.686119	-9.054623	-26.084624	3.894295	6.629116	-14.290825	26.213270	16.654240	20.339902	-12.034380	-19.040629	-16.412483	-7.595403	3.561518	12.739793	9.916540	-15.707888	-25.720768	-1.101640	10.535089	16.106961	-1.503944	-4.952864	14.325301	13.892834	7.032489	13.449881	-12.416872	27.894737	12.990798	10.364604	-22.229505	-5.276125	-15.757823	16.505095	4.819088	3.781719	-15.167098	-11.932173	16.590902	-19.502976	24.273741	-18.952513	13.004522	14.155975	2.515736	23.156624	
-3.081042	10.493517	-7.571984	-13.953043	-18.295937	-15.638482	-12.902495	-14.171507	-5.150783	-6.666915	-15.099587	2.560587	-4.260176	-10.522254	-14.722971	10.925140	-7.620583	-1.508612	7.505422	10.533999	-0.357341	8.814397	12.664787	-11.828674	0.096432	-9.046054	11.354165	-5.278008	2.483782	7.789123	-9.578875	4.681107	-6.153228	-9.858529	-9.784024	10.354606	15.776750	-17.237386	-12.526496	13.819539	0.188321	-14.585840	-4.210282	-11.211917	-13.306772	-0.974579	8.896351	-3.124475	-0.374043	2.675276	
-19.106150	9.947644	-14.802848	-19.365692	10.213600	5.998967	2.543724	-0.639116	27.777992	8.833650	-22.047655	11.029623	-24.694742	19.784145	-27.569869	-4.178909	-21.520061	-19.214351	1.013450	-21.836385	-29.244220	-7.921368	8.630833	-17.035990	-28.906085	25.712831	-23.823543	5.761136	7.544108	-21.607460	17.151456	14.422405	-27.211641	-21.261935	17.162134	22.462122	-3.932395	-17.220749	19.202105	16.598641	-2.882783	-25.751993	25.255864	24.400932	-9.853818	-20.714429	12.524844	-10.645423	-28.445816	6.191765	
11.301387	8.676060	-6.969984	7.327967	8.875712	-12.235362	2.561637	-22.976680	7.742794	-24.429029	-20.396519	11.179911	11.002728	-14.997188	-8.204874	14.496650	-21.713564	-1.870721	-22.003747	17.109162	6.926497	-14.967688	19.384408	-18.391726	20.628336	20.116974	-22.283971	-15.081659	4.162365	-17.035863	17.200768	-0.351676	-3.473897	-2.484015	-22.204643	-21.141357	-11.026113	-10.480712	-6.566208	11.658204	-13.133949	-19.746180	-16.210786	-24.524666	-8.995152	-4.371637	18.596253	-0.887270	-7.340756	-10.385964	
15.572305	14.468311	19.910689	-7.062387	-8.791007	-12.735785	17.830337	15.459931	-20.263738	9.274949	3.422455	-1.386851	-17.341466	-0.467179	-6.520110	7.370798	-5.404737	-15.952897	-13.899137	-7.360265	17.350646	-18.408435	9.859675	10.177651	-7.875009	18.187327	-0.061826	19.464569	13.682158	9.717767	-12.407003	-2.009777	3.238232	-11.747624	0.670971	-20.612310	3.015570	19.251415	17.805686	5.391543	17.937136	-12.758556	16.291326	-2.166681	-3.718081	-18.725902	-16.845096	0.478552	12.465153	9.573655	
19.349352	-18.544150	-20.700137	-17.719275	14.846452	-8.512490	-20.086113	-19.895243	19.240915	2.110842	2.582362	20.936903	20.268598	7.011449	-18.977582	-11.264799	-11.032211	14.217604	1.790743	2.736581	-3.361384	15.987442	13.896933	-8.708005	16.546819	4.915531	-8.641553	-16.747495	13.634212	1.254685	-8.741414	5.998076	-11.406082	13.679835	-11.737919	4.140471	12.643657	7.847053	-2.121388	-14.988424	7.336506	-16.460144	20.566096	15.333198	11.846261	19.899753	-8.051708	-8.690782	13.427190	6.875347	
0.297429	7.060033	-2.479515	15.273275	6.394170	-10.338745	-5.701393	15.621980	-20.286038	16.889896	2.534134	8.473967	12.987238	8.498410	17.944388	17.590847	-17.202536	3.209059	-4.750490	16.178935	13.621562	-13.568293	-19.551362	2.995050	20.076351	-18.894997	-10.478776	-1.684098	20.554256	-5.178516	-9.591543	4.826341	16.885489	-14.579548	13.822992	-8.860057	-1.117310	9.817154	6.265357	-16.653865	9.883682	2.832479	14.300107	13.530381	2.626656	-15.934212	-1.001177	-18.324869	12.937354	-20.854068	
-3.272199	-9.832505	10.557836	22.359280	-4.056972	-5.046999	5.216827	7.640387	-18.394626	24.191675	15.604856	9.054126	10.365395	-2.767854	-2.700779	18.801975	-24.006173	18.113022	8.658712	-23.513150	2.414463	-7.454674	-8.971353	-21.773009	-3.831660	-15.829984	-9.676790	-22.619085	-20.137200	-7.530213	-8.168432	-9.568209	-9.486622	0.004407	-18.128712	-21.107331	22.667138	7.793846	12.821235	-0.456210	16.625360	1.824233	-25.448210	19.035692	0.209026	0.522572	22.863663	-11.499427	-6.206425	10.186238	
30.240353	1.294796	-0.398142	31.658140	-25.236075	33.368419	4.736343	31.039059	-7.458436	-15.355101	6.005402	-20.280072	-5.959182	-19.988967	16.498484	-2.961181	-31.423416	-7.855587	28.323763	-16.726318	-6.189362	-24.995190	31.040547	-2.559791	-2.787708	-19.434575	29.893825	-25.053786	4.158261	5.637243	18.944635	15.847995	-5.748617	-14.260898	29.613209	-15.160022	21.593187	-3.980486	-21.053250	24.829161	-34.396785	-6.694237	1.326816	-27.036795	-9.914320	25.330744	-1.946715	-15.647174	5.910155	-10.694127	
23.522348	-8.431035	10.030533	-10.746623	19.011882	-9.517373	6.367086	12.974514	-25.014250	3.195095	-26.842103	-12.480309	-9.804970	22.526381	2.877774	17.896237	15.890802	14.651908	21.479558	17.590254	22.191000	13.137496	-18.607635	16.043515	-17.081623	-28.327366	18.210382	19.208198	-21.591147	-13.497469	-6.141834	-2.894482	6.684880	-27.306441	18.114577	-12.888312	2.594177	16.334179	-19.743523	3.029899	-18.547871	-13.093653	-17.770421	-1.978923	-24.665705	-14.217481	-22.842445	-28.122400	-19.407818	27.478437	
-12.920177	-4.855327	-20.261735	-9.499546	22.938219	-6.382674	20.838100	11.714524	-3.598492	-6.393423	-23.828602	-10.556052	-13.564192	13.006827	-13.972556	-21.435057	9.159337	3.163338	-10.569187	11.176193	-19.731457	18.602239	18.526164	-14.311223	14.020674	-3.140737	-14.210765	15.467087	-11.816413	19.645252	-5.460283	13.099535	-12.768768	-24.300826	-6.344681	10.589732	15.144877	11.560549	-18.607450	19.653647	7.669588	11.201066	14.195448	-9.378011	10.679807	8.512186	-14.626540	-21.528682	-10.961967	23.818941	
19.152395	-27.929469	6.427532	21.093061	15.747541	-1.264752	3.004057	-12.247354	3.268723	-20.305515	22.487845	7.032955	-19.648972	15.311872	14.369576	-6.893361	10.971425	-14.581833	-4.638316	-9.774836	-14.198923	22.702430	8.182121	-1.996673	8.192140	21.103254	18.842431	3.253794	22.947943	23.339031	-12.658666	-9.520218	-4.050640	26.264588	27.317649	15.701375	-16.632810	-2.406265	25.408840	4.595292	10.487358	4.345522	-5.456545	11.941784	-1.721218	5.398550	1.406160	-20.822493	12.790201	-4.703617	
6.112498	3.253075	-11.077566	-24.257824	-20.195677	-13.703758	6.649212	5.528968	2.130474	14.929656	-26.185576	-15.158394	-25.385580	24.181562	3.943426	5.410024	-17.184019	18.496559	-11.810048	21.798735	-18.127068	-19.337542	-28.909613	24.198213	-28.552356	1.500796	-20.223630	21.725134	-2.314242	-19.867565	-8.960924	18.946050	16.165000	-3.272978	6.265766	23.938622	-19.614839	-24.131280	-15.636979	18.393612	4.493073	-14.309291	7.710403	10.440734	-19.555743	7.522797	8.637468	-25.823202	0.809392	-14.131199	
-6.507212	-14.716159	18.975407	26.770264	22.365762	-8.740226	-18.301247	-30.719291	25.572305	3.162119	24.309293	9.636781	30.503518	30.043516	0.854591	30.574765	20.082566	2.888781	-15.330590	32.877703	23.877957	-7.598937	-6.438571	-18.109470	26.322142	23.573339	-1.850560	-18.668052	7.149349	-32.613090	30.494628	32.813784	19.194905	-9.243128	12.774355	-12.215692	30.407130	-18.103900	3.796709	5.709398	-22.397674	-20.009022	28.331234	-14.155372	12.191946	7.789540	1.568143	12.866159	5.301727	-23.523895	
0.627548	-33.356891	-28.060157	4.727638	-18.808093	-22.891279	20.252994	17.880670	-19.879636	6.095867	-10.591452	-7.148992	-16.805881	-30.107735	5.287806	-27.689524	-10.503280	-32.361141	-22.793893	-24.278803	32.449350	14.803135	-13.151037	-19.811358	-19.412254	-2.119155	-3.165301	-17.313057	-11.294049	33.290163	-0.437661	12.299216	27.725447	-26.511252	-20.269598	7.543307	-3.148014	27.550377	-27.383374	-16.667671	-32.422642	-20.780565	-16.262034	24.293061	-31.115734	-18.890110	22.640725	-24.123690	23.848083	11.438816	
-12.530455	-1.360943	19.241560	13.065559	6.030363	-15.075852	-8.348325	-20.308041	-10.377602	-20.005784	-1.619452	10.628504	0.054093	-9.584406	11.838076	-9.462739	-12.127213	-16.248660	-24.769246	-19.567999	7.332940	-13.934949	8.799715	-22.274796	-6.547520	17.521117	1.224814	-7.176775	22.245664	-8.443475	-13.323166	6.164589	-3.733321	-17.391614	23.402461	7.146335	9.431372	18.678517	2.600889	-21.823260	13.849729	13.332347	-24.281399	0.438615	8.064007	-21.126257	22.808344	21.265106	0.328045	-11.387463	
3.957754	19.680322	29.748988	-6.173153	23.066322	-4.919369	18.572977	6.827007	-24.775331	-29.937191	-6.481107	-26.390631	-26.201266	-24.525403	-5.023460	-7.114768	-23.900828	13.447625	-21.357515	-23.867400	14.650738	17.562062	15.798899	9.693138	-29.235413	5.212813	20.931388	20.938389	16.281304	-5.025933	25.268256	16.809977	19.890592	7.530965	-22.285101	-2.934020	20.842303	20.983772	-16.055997	-7.797751	26.764701	18.486675	-24.376465	-23.491197	29.430936	-7.625645	9.098765	20.608874	-26.607510	27.247477	
-3.908689	-4.564251	-19.951333	1.674145	-14.714793	-21.670085	-22.236226	-13.726551	-4.479684	13.303778	-15.338516	18.263074	8.640186	23.293935	-18.854051	-18.261193	3.824470	-5.369834	3.308191	9.651992	21.810134	-13.994331	24.828634	-9.533809	-1.015942	-15.134825	-20.528695	-5.163273	-6.556364	-8.169180	0.372263	3.205421	-6.467062	-7.567942	-19.516641	0.288609	13.402283	19.336544	19.413773	-9.139207	1.705221	-18.797452	17.482824	-14.868081	23.884006	-2.575952	3.297833	16.863831	10.255400	-19.346465	
-7.369156	17.645169	17.005140	-3.072632	0.827415	-20.381063	21.378521	3.296229	19.179955	-25.715789	9.117484	24.343484	4.337487	8.368742	9.125067	-7.424283	17.248874	9.852010	24.791364	-14.928930	-1.745841	-19.453080	4.132829	14.833226	12.417770	-11.808732	-22.206300	18.697752	19.289039	11.989895	-21.007972	23.029942	-23.349152	-23.031268	25.058431	8.277459	-11.141103	6.452289	-18.690970	-0.439853	-19.508913	19.012198	-22.555844	-24.357866	-4.483200	-1.925212	-21.688382	-9.912506	10.579283	-5.170204	
-2.803586	-3.012725	2.751259	8.577022	-2.938503	-21.063173	-17.079475	-5.368085	10.770953	16.284304	7.221680	-2.002744	-5.706051	-23.601542	4.594141	9.058213	-25.594669	24.303493	-13.311575	-20.330051	26.600302	10.008464	-8.266775	-0.919327	15.317694	15.377196	-3.613218	-13.424324	-2.279361	-9.027054	-16.018825	14.085248	17.795114	3.544295	11.152758	-20.422711	24.872313	9.547405	25.500903	-4.285594	-23.038776	-10.684344	-12.358721	-15.005999	-16.683452	9.194614	-15.666552	-6.543564	-3.749278	-12.766621	
8.039430	-16.657506	12.341638	8.638258	-19.751501	-2.708597	5.995859	5.317014	-1.930194	-10.727191	-10.495076	-13.457313	19.468059	8.536470	-18.868246	-3.862763	-9.979137	-9.150967	-2.881340	23.517934	13.834741	15.872799	-18.465447	-3.802072	8.024056	-8.746192	-15.646334	-14.649420	-10.420727	-14.825341	10.131324	-6.429516	-2.086519	-2.372086	-24.581444	0.396047	0.959586	-1.409749	-10.546924	-12.967525	-0.845657	-10.484501	-16.374641	-9.667280	-2.979698	4.996012	-13.224229	-16.267661	17.635366	13.347444	
20.755005	11.299093	13.339953	-0.213475	-20.299474	-4.477887	10.692735	-6.630366	-17.508935	19.320537	10.796976	1.513478	-9.928515	-17.140837	10.029791	4.774147	-6.839321	-19.516468	15.151241	15.825988	12.632365	-9.737758	-14.673372	-21.971546	1.910990	-19.980342	-11.060989	-9.649609	10.102332	3.842892	-11.686450	21.527815	4.076463	-5.372688	-4.499269	-14.130609	14.774480	22.460273	-7.494179	11.198433	-18.098678	5.347859	0.931316	1.397701	-11.801564	-22.054158	-3.538074	-21.789670	9.647518	0.916553	
-25.063346	-16.214245	10.645889	1.112605	-3.566425	-15.998309	-11.070511	9.096631	21.936301	-21.072916	-11.112153	10.195386	-20.789010	-9.068244	-7.754364	9.883667	23.808602	-3.876214	-1.537957	17.969980	6.026470	-22.446176	5.242620	-4.107143	17.312196	5.679116	11.857705	20.350790	1.958555	-8.513625	11.195106	-24.020202	27.567293	-9.131064	-16.025937	19.436951	-15.410389	26.367518	1.537276	9.781608	6.118407	8.783708	-14.141821	-5.764869	1.676418	-14.868669	5.415121	25.912274	-9.865996	-19.492951	
14.529294	5.186800	7.438446	-15.552585	-20.915506	-1.782831	-8.929912	20.381354	6.532503	2.607968	18.599164	10.145317	14.159535	15.306493	-2.250219	-15.672480	12.618330	-8.745723	16.332492	-12.920409	-16.511022	-18.058726	15.507514	11.129923	-13.610256	16.685798	-8.324776	-0.834615	-14.226604	6.015949	13.902155	-16.804711	10.382445	16.463340	6.804686	-16.993869	-6.148987	9.079109	1.612428	-6.774754	-13.438050	7.469790	13.044029	-7.645822	-1.470955	13.411312	1.756798	3.397731	-3.517164	-5.473657	
0.211776	15.966146	-16.146260	-14.551136	20.990439	13.783512	13.406594	-5.244915	11.450499	-0.845815	2.800997	2.486282	-0.639946	-25.211176	15.830394	16.898539	20.169234	-18.273885	7.334261	-9.264029	21.649415	-23.726672	14.365463	-26.825659	-0.399407	13.664780	-1.937562	20.293523	-5.046133	-5.073383	24.557112	23.256360	13.831349	-15.484251	15.017580	-10.642500	25.884293	19.793030	16.184577	20.194324	-6.341510	-0.051064	-26.091252	-2.165315	-4.421229	-25.972888	11.748738	-5.047145	18.687953	-18.451410	
-9.281656	-7.263187	12.316767	-8.834563	1.631079	-2.347365	-25.550829	17.036711	0.790420	22.713072	-0.323707	14.156686	20.393589	-22.241104	14.838339	15.052606	25.207433	18.724464	-23.382684	17.257727	-14.677403	17.207798	20.973751	-0.212304	-12.947976	-4.500108	14.614346	-14.804188	6.746355	7.469871	10.664070	12.652288	13.962365	25.971225	25.155655	-7.528345	14.275223	-18.613480	-11.482231	15.790781	24.609027	-3.054692	5.700291	21.687456	24.117077	2.908231	3.047834	-13.979441	19.521282	3.095851	
-4.262813	5.368695	3.828836	19.869444	-4.801208	14.853384	23.836592	-16.124896	10.078886	1.353095	9.697896	16.133926	7.458620	-13.392926	-23.270470	13.706295	-18.051278	-17.645640	14.346781	-6.057240	14.429295	20.705493	-2.981719	-4.234326	-2.640603	-15.897821	-1.801792	-4.460571	-20.242392	-0.700436	5.993073	14.501665	-4.540820	22.178940	10.104932	6.102638	-21.485327	17.365701	11.062096	2.926739	-5.011182	-1.811707	-7.533177	-2.338554	-2.716033	17.539606	-3.339882	-8.200628	15.446593	10.451841	
-0.719700	-6.750654	21.513335	-7.610320	3.998500	8.574169	12.856908	6.402808	-18.187071	3.451016	-21.668052	-2.312903	-2.213201	18.251848	-22.680023	-21.190825	-13.100462	1.765236	-14.776228	22.896896	-5.981892	-11.734086	8.151125	-22.356721	-19.563567	10.239459	3.822435	-19.009852	-1.719630	10.124408	-20.571641	-12.140040	16.629000	-20.518754	-17.697537	-10.466995	-8.980636	-5.020307	-4.290457	16.675550	17.717057	-16.185179	-11.762869	-16.452384	-18.825768	-2.078104	16.282722	4.487762	2.025463	-14.777072	
-24.879762	-19.138538	-18.269758	18.408533	22.923616	-9.934972	-10.985166	9.783297	28.593171	17.903685	-7.864674	-5.912311	1.434834	-7.493426	-18.185217	-23.149055	5.964430	-8.083699	-7.070966	-25.398332	18.214670	7.748911	22.645289	-3.338891	-7.497648	9.456625	-18.929584	28.971011	-27.296522	13.304356	11.594502	9.760272	14.139071	19.607399	8.011975	-15.444580	10.559909	-20.551133	-8.466729	-28.626242	-11.623533	-17.789651	-23.104409	-20.004542	24.965016	-25.519812	22.438416	-21.117760	-9.443682	-9.825561	
5.958270	14.378996	-20.166815	-17.723011	-24.526902	19.975183	-21.720436	-21.155297	-3.715092	-7.719459	7.390627	21.783717	19.184813	13.357360	0.974577	-2.392079	24.350872	-23.642560	18.188285	-6.446542	10.227746	15.962230	-7.872040	17.043667	-24.202562	-19.736002	-2.283849	-20.271472	-25.505350	-23.128875	-24.446446	-21.255191	-7.575226	23.885627	-15.228676	-6.991859	10.495288	1.121134	25.945202	7.960058	-17.873512	1.314147	22.776041	-5.240314	-6.350914	10.706594	-24.720134	-6.332474	-12.371751	-2.103407	
-8.107560	-24.349524	0.755177	-13.158124	-9.123978	5.357109	-29.941829	-26.667184	6.971686	-24.023235	18.340391	26.245764	-6.190918	14.767995	-28.400304	-26.583962	-26.969292	4.822455	22.446770	-7.159335	-3.217259	19.955298	-22.445812	-3.769984	-23.199055	-22.384424	-27.151509	-22.135605	23.973148	-16.754653	25.843375	-4.795132	19.523902	19.067252	14.607798	27.244963	-18.922529	-6.784370	30.078878	-8.090241	15.083911	29.949748	2.463405	16.512189	-24.768851	8.167116	13.804457	8.951183	4.838152	25.935505	
-17.696275	-24.858619	-9.048077	4.136110	-28.355353	12.101461	-28.060132	20.779365	5.919674	-5.277317	-28.514313	12.223637	-22.118168	-21.178277	10.886266	2.776102	21.703061	-27.122676	3.045754	10.554010	-16.206766	-14.110179	-7.563766	-1.691688	-23.724210	22.774236	-28.047294	17.493030	19.607327	24.881901	-24.600847	15.831363	-8.669194	-18.185148	-8.576794	-11.370795	17.959414	-5.963959	-4.592897	25.493446	-9.244380	-5.106317	9.645238	-12.896707	21.836684	-16.995660	3.744646	-6.937212	-23.399267	6.783368	
-21.604308	13.114557	-20.560241	-6.705831	-4.371555	-21.804436	13.635339	11.363450	-9.984859	-8.343695	-5.120513	-9.246856	10.713557	14.345138	22.616059	6.151988	0.201293	-21.242669	12.852528	-21.772331	6.817365	9.094751	9.862215	-17.018805	-22.073440	0.983692	1.831163	6.413241	11.949475	5.023546	-14.029873	-23.273791	-3.016474	-21.204865	16.768745	15.385180	-15.290330	16.397067	-4.551777	4.347746	-20.037236	0.556288	-20.081860	-7.894164	-17.910181	7.954006	-3.513413	1.698912	8.650880	23.635711	
14.976424	-15.413807	-1.531716	3.581594	0.574901	2.424350	4.453064	3.411403	-10.100062	3.333228	13.892932	-4.218493	-2.493596	14.099298	14.764725	19.645175	-14.578137	21.036808	-15.731088	-13.678803	5.955937	21.699464	21.578550	-11.109482	25.372387	13.562147	7.728989	11.175800	-25.183296	13.331811	-4.485144	12.521974	21.888727	12.414816	17.022227	23.157944	-21.448427	5.671780	-16.496095	-8.166708	-7.581644	18.602080	14.039635	17.465590	10.640646	-19.152963	-9.482606	9.068872	16.652375	13.547886	
10.934144	9.237110	4.033463	21.080664	13.277224	-8.991254	-7.120688	-9.635906	6.986878	-2.460492	11.392113	-13.605925	14.033361	22.756689	-4.842777	0.628521	-17.191088	-6.106716	-0.788946	-14.713620	-6.696830	9.856965	5.808964	-4.445782	-22.393443	-19.471477	-12.145084	3.902348	1.470548	-14.620528	18.471721	-20.307848	-20.263758	-16.312618	5.985079	-22.757628	-21.044298	11.563527	16.554821	20.931711	17.854870	-20.952497	5.348476	11.808513	20.677520	13.459200	16.655972	19.770447	1.519692	-13.105225	
18.418389	7.610852	4.730726	-19.138875	2.861351	20.944405	3.105972	-25.179680	-12.214630	-15.502825	-2.042783	-26.160125	-12.545095	1.328199	2.830242	25.689846	-8.647558	-26.708056	3.037241	-21.646739	-18.577429	9.846013	21.542897	-25.570127	-2.902027	-18.168168	10.071532	-8.243491	-0.155103	-7.792651	-3.755595	-1.917371	19.628611	8.556549	-3.214769	-6.182796	22.346055	-23.100233	16.973489	5.140878	-2.890068	24.420571	6.207541	15.670890	-25.072693	-6.938261	7.810183	8.239487	8.244432	-9.350978	
20.903167	20.037535	13.593034	9.914255	9.369796	-3.419782	17.937039	11.037359	-16.687171	1.105628	18.659385	18.216082	-20.620578	25.703633	7.250393	-17.543067	-0.303683	-0.943589	12.052042	-2.879312	-6.460192	-3.660333	24.371598	-9.474682	-11.035396	-19.490944	7.961251	-8.127180	12.298079	24.021396	7.556549	-11.915203	-5.616841	14.965831	6.699670	-21.095313	-3.626955	-3.714582	5.204226	-3.109597	0.333611	-14.169338	24.328827	-7.130087	-16.126867	-21.005534	12.195136	-4.954922	17.469797	-23.447165	
10.895771	-8.502374	17.111201	8.753688	-25.013176	12.458790	0.076359	-4.203028	10.332033	14.150714	16.612403	19.556332	1.702141	-3.026457	8.922487	25.658155	18.928336	0.723108	22.925821	5.078338	13.202502	8.313108	4.067046	15.137154	18.869589	14.617470	11.703968	-26.634869	8.563516	-13.075199	0.703969	10.171392	-22.595391	-18.654515	10.193402	-3.253836	4.535583	17.610119	-26.108203	-14.569522	21.066867	-16.566829	-19.074812	-9.561264	26.746248	14.003804	-25.725727	-24.429084	-18.204138	-6.747660	
5.313032	17.147880	-18.744297	-6.085150	14.952068	-7.325262	7.342723	-3.202595	4.945679	-9.504072	17.152801	-15.019293	14.657916	-21.581065	17.736108	-16.855365	0.590995	19.439920	6.854027	5.532938	-13.403703	21.492794	20.840581	-5.256433	-6.087452	-13.801636	4.398634	-14.277684	-6.882083	-17.972234	19.710376	4.359515	-8.275494	-15.338769	-21.723262	5.571148	1.963081	-20.337323	9.295661	-4.989500	-8.197724	-7.391881	-16.837881	-4.578293	-14.837967	0.151004	-7.149064	-16.838164	14.642277	-12.055422	
-8.869381	-11.668878	-4.998064	4.657010	0.839247	-15.447119	0.350684	11.376147	-3.760248	16.987952	13.096237	1.187541	1.736009	7.488856	-12.171634	-8.528187	-5.694970	4.660125	8.549286	3.460482	13.363677	0.008155	-6.998689	-14.226067	16.112810	7.245579	5.849392	-3.306097	0.697750	11.902043	-17.999200	-2.213887	-6.739495	-3.760735	-17.065439	16.491371	12.730387	2.788856	-17.950930	-8.754871	7.129494	-17.019800	0.274775	8.959501	6.155361	1.901962	13.308424	3.489112	13.514353	11.422347	
-13.803077	3.979977	-4.075029	-25.571266	22.782601	-10.359103	5.187509	10.790585	-12.243717	-27.624095	-20.872698	16.326210	12.484014	17.410937	-2.775143	-7.728923	19.333115	9.486754	4.166630	-5.786491	16.314047	-9.132039	-3.303025	19.426952	-8.230625	19.651931	-18.725402	-5.729055	13.003877	24.003986	-27.004688	-12.177819	17.711799	5.251228	22.814051	-25.590875	-9.057626	-19.582249	17.735924	-16.565175	2.349527	20.683588	-1.043380	-22.044998	-25.101954	-27.188466	6.522471	8.783620	25.437095	-17.783017	
-12.964496	-3.939128	19.339116	4.210658	-25.239182	12.207711	18.245750	-12.594760	9.330592	8.399891	-8.904949	14.314286	-24.861969	-26.965114	14.688343	-16.965722	-22.700128	10.038371	-20.525100	4.115590	-9.863365	14.364442	-19.991037	-3.695698	-7.922963	-6.735082	16.424245	10.145098	-25.630473	4.982304	16.736922	-25.022598	10.852104	-24.937367	19.881683	-3.205380	-9.566601	-24.550216	-9.152191	19.482734	-15.439958	23.665815	24.106236	-23.428448	-22.786307	8.067040	-18.074670	24.249222	21.726729	10.029634	
-5.447316	-15.520766	3.058898	-11.992551	6.212441	-5.848493	3.829211	-12.520296	24.724086	8.697171	-9.295841	-12.796274	-2.317632	23.582974	-8.080996	0.576572	-6.063547	-11.001222	-12.007457	-15.944837	6.601324	-23.288754	12.792171	9.955374	-19.967425	-7.422621	-5.890990	-11.805387	-0.481315	10.889598	-14.057082	12.462865	-3.146543	9.380509	-20.917941	-12.909102	-22.455141	11.212557	-14.842528	18.695495	-18.484900	-8.074242	22.810316	19.145049	-8.636247	-9.151298	-16.704501	6.974096	-20.625198	-11.085274	
-25.312472	-25.805044	12.436658	-16.713464	25.927723	-11.544729	10.736126	-12.892329	-26.987567	-0.383092	25.431498	-15.878830	6.957645	3.264833	-10.655040	11.238523	-25.677695	17.984625	16.039060	-23.364425	-7.245450	1.592311	-27.184235	21.629803	-6.487399	-22.760935	-23.366129	-4.390445	23.059863	3.025327	-18.416815	-20.492737	26.514477	-19.465451	5.578922	-26.826688	21.583986	19.602752	4.257625	-20.277460	11.208922	29.490979	-9.426631	-29.205796	-26.820888	16.035118	-4.667439	7.102184	-23.488656	-3.098063	
3.033844	-13.468759	-24.390964	-0.094867	17.336258	25.198107	-14.550994	-20.359813	6.727131	-2.847757	13.209700	-19.149856	-22.883137	-5.279494	-11.571481	26.583001	20.300744	20.688694	-7.884740	16.182120	2.504071	1.556050	-10.202341	2.874815	0.845494	-18.503185	-6.848251	1.392331	-18.698261	5.145422	4.979072	-23.279637	-22.803530	-7.738480	10.651017	8.569658	14.638048	-19.870289	-4.858019	-10.039649	21.216372	13.084329	-11.343713	-2.491008	17.403094	-5.354688	-7.779829	15.645770	17.755112	24.088631	
-4.589958	6.630413	1.755739	0.129952	20.095026	15.250661	7.281328	-5.386390	-15.533635	-5.802168	-14.842669	22.059550	-6.592999	-12.683384	16.774956	-16.047333	-13.342838	15.304555	-21.776831	-6.446945	22.475585	12.635064	-23.195905	15.871815	11.924620	17.708403	-20.611407	9.695628	13.046878	14.860792	-22.939790	-4.095033	10.671263	12.990525	2.686508	5.191866	4.380578	-22.193279	8.178006	15.262495	8.210588	0.196300	17.466462	-16.436123	15.279089	-20.478927	-5.115670	-2.231327	23.519500	-9.970725	
-4.533029	-3.982048	-17.708890	-7.458171	-18.388845	-18.942434	-9.074224	-10.699204	-15.900185	-16.114637	-9.526655	7.340423	-2.399927	3.880532	-24.946782	4.458807	8.129413	-7.511690	2.662055	19.022604	-2.992406	3.191196	6.855268	2.345361	3.829039	18.704735	-16.720741	2.138080	-24.553634	18.787079	-6.409343	-13.986772	21.873052	9.011366	15.557903	-3.014820	-12.643045	-12.032646	-19.076869	8.014563	14.225911	-3.698486	-8.332108	2.968787	0.219292	24.454119	0.873618	-11.893251	-23.406351	-17.006071	
1.050449	11.306080	-4.794425	-2.233266	-19.125196	1.394417	-7.520575	0.894527	-12.593210	-9.899610	-8.857864	-15.428838	-10.565501	20.843958	-20.261667	17.819312	-19.675379	12.950904	-0.613026	0.327278	1.213144	-6.905445	13.620142	-7.203413	5.381847	-17.748964	9.811398	-0.905985	-19.900695	-9.100664	12.412276	-15.127267	13.845649	-6.262650	3.609498	-12.413812	17.345284	7.086459	-20.575362	7.563692	-16.759913	-16.795069	6.746114	-13.736674	10.462879	19.619180	-9.803797	-10.482480	-5.545897	17.808942	
23.312862	23.543717	-8.593341	14.673112	-5.274547	1.818739	19.170454	6.263077	-3.689984	-22.305475	-14.091492	-2.725731	18.973502	18.125584	6.854869	2.268101	-13.878631	21.478865	22.807726	-0.581735	6.174733	7.884752	16.668902	11.401587	-19.074847	18.707483	8.689679	-3.511164	-7.357592	-11.506663	-16.097265	21.265054	18.114492	-22.505926	-14.357644	5.582406	-5.734843	0.270600	23.585057	-1.455541	-3.928975	3.292068	-21.781382	-22.564619	-14.058455	-14.275302	13.667273	10.003816	16.342749	-9.501977	
-4.572019	14.989674	-14.378696	0.221132	5.291577	-13.750357	9.050774	-2.028109	-4.863855	-9.571488	-8.460439	15.521447	18.252948	-1.292072	-15.521949	-9.861838	5.180575	1.810529	16.836954	9.198010	-0.617464	11.571025	-14.263567	4.137889	-7.588976	0.865647	-18.482807	-14.293999	-16.094642	6.920854	1.755947	16.503996	3.579671	8.713679	9.097639	5.194499	-3.882286	13.657113	6.560299	13.947201	16.662320	15.568406	-16.800946	-9.411866	-9.983103	-14.561366	0.923924	6.690199	-16.495706	-19.685267	
-8.779676	6.926739	-14.598044	7.831118	6.287232	6.288540	15.605351	-13.893680	-3.581237	-7.220199	-0.534512	-1.727387	18.410796	-9.962404	4.776528	-16.093768	-16.393509	4.458005	0.166962	-2.219810	4.810062	7.007974	-13.446112	-6.142669	9.830611	-18.301970	-18.386831	5.224781	6.947993	0.072727	1.519850	-16.054966	10.288890	-7.015133	-4.997091	-1.406457	-12.126175	-17.381644	17.057698	-5.380262	-13.717359	-11.931322	5.322643	-5.279078	-6.185102	-14.930053	-2.453283	3.336416	2.506342	18.310237	
5.512551	16.144855	-19.491775	10.893565	19.345287	23.156041	-18.380662	3.226999	15.677076	13.715873	3.042042	-23.152295	14.115109	-21.750499	3.910115	-6.804163	-15.951627	20.616281	-21.133641	2.607255	12.069025	-21.420412	7.518795	-3.516119	-21.087572	21.262057	-6.143626	11.358786	-13.816996	-16.622562	-6.003424	15.265815	-19.578822	3.649920	3.639800	-21.304179	-23.571992	-17.385027	-3.301956	2.276501	-21.276284	-10.675435	-5.892795	-18.752780	-0.867441	-11.479412	18.474964	-20.452851	21.527536	-8.145138	
-7.799961	16.847610	11.064596	16.122219	13.854192	-1.612962	5.735820	4.164862	4.923903	-22.183029	4.541542	-3.924606	-14.509791	-1.392880	-27.308351	15.074325	28.260729	26.722494	18.871582	-9.187216	-10.577434	-8.348483	-10.646630	-21.839157	17.130818	24.951764	-10.244421	-11.173157	14.203180	-3.568983	10.792720	-1.636537	-3.078228	-23.196963	10.053847	23.798787	22.136045	24.642130	-4.941431	25.720271	-18.630234	15.609380	19.331486	-10.265453	-18.995440	-11.773900	-14.863178	10.397529	-11.057544	-7.479631	
-11.954526	13.352619	-27.956312	8.845996	11.589285	-15.924990	12.321115	24.105910	11.209597	-22.512557	-11.111655	4.943459	-22.510844	3.105744	11.402133	4.384979	-0.766822	-12.840970	19.930341	14.857629	10.189171	6.460342	-6.278705	-10.073013	7.483339	7.280132	-25.687417	19.499982	-24.143101	2.261654	7.478398	-13.899128	13.637211	-24.566983	7.294901	13.417235	-10.222100	-25.619076	-16.889008	-27.484450	1.813625	6.061283	-8.877784	1.737901	-23.319104	15.420173	13.711774	-1.416695	-20.815637	-8.320580	
-17.110040	19.819130	7.041118	-8.867771	2.282787	-6.295675	2.278559	-3.058671	6.742206	-4.771698	7.712015	-16.138994	-2.882541	10.403977	-0.417990	5.709836	2.751034	15.608489	11.051214	-9.417143	19.899898	-6.728150	-11.007032	18.552577	-9.240766	-13.450399	-12.397069	12.828307	-10.228463	3.045236	-3.550273	-11.041746	-1.427283	-3.878814	-19.948430	-17.024392	1.289081	-13.150393	3.945805	16.169448	9.934371	12.496538	-10.163212	-2.989865	1.025344	11.228267	-18.690685	-16.871585	-11.939323	2.779446	
26.171920	-15.744365	27.853144	-24.364260	2.039679	29.184235	-3.491287	-24.297789	13.737164	1.011679	-29.015821	-27.959194	-7.868574	10.358744	1.885981	-16.902639	-23.138352	17.450891	2.293428	-20.754133	8.125785	24.175689	10.024635	-24.436223	-2.642828	2.223453	-13.535926	19.684360	8.713845	-26.284439	-14.933764	27.403920	-7.326551	-16.679543	15.401809	29.099481	-28.922987	-4.527653	-18.330822	-27.645606	-26.325793	-3.959308	9.132922	7.318084	-7.918962	13.023986	-18.834756	-20.418846	-6.552946	18.600871	
15.263431	-24.825237	-0.975832	2.923768	19.585211	10.570295	-5.408973	-28.699706	24.824846	4.330526	-14.405438	28.673960	9.117501	7.661146	-27.985545	-19.721385	-11.938688	0.626461	17.326094	-11.281951	-14.583978	-14.551739	-7.841535	-18.243547	-20.661735	14.156024	2.719915	-22.174883	19.251961	-18.835741	-10.080003	-23.474614	-21.550339	6.586927	7.548253	-7.316063	-16.873880	-21.549823	2.306796	21.477799	-20.354045	-12.466583	23.585348	7.781065	-19.629582	0.825486	18.303090	8.371262	-6.269736	15.284769	
12.585570	4.927034	-14.084440	-12.793745	8.891331	6.508075	-9.671957	-10.105879	20.315925	6.276358	14.504630	-9.836026	7.996277	-6.892053	-14.135360	-16.179429	3.786526	3.804857	-1.299088	-7.228496	9.879853	-17.857190	5.680224	10.332881	-2.382099	-0.679994	-12.369406	16.283648	-13.795120	-6.126370	11.370994	18.062400	-10.020557	20.218006	-5.051649	8.948453	-8.643014	18.359573	4.560957	-19.806353	-13.339955	-18.732736	-19.582561	2.547348	-17.931372	6.772078	-16.932448	6.379218	-16.678383	5.942239	
-10.758409	-26.474788	-15.429945	25.909063	18.618148	-3.213356	-23.365055	14.185598	-11.849565	16.886256	2.439521	-16.858900	6.070868	-4.061701	21.431293	8.553572	14.629998	-24.628903	23.555579	-17.168158	-11.608851	-25.997553	0.646026	6.182146	-20.844808	23.937818	-8.326681	-1.108108	24.820300	-26.630461	-19.824810	0.603807	0.028550	-3.381093	23.955860	5.991195	7.252781	26.289243	-0.885060	15.051353	-13.737620	-25.476324	-6.277615	-15.320620	1.056935	-21.034056	-21.778603	21.979188	-23.854602	-20.516122	
15.138929	-3.935829	-10.292797	-9.976841	-1.317421	-6.711401	16.654308	-6.952202	3.082316	16.268782	-3.411881	-0.296493	4.214085	-12.295957	-1.740144	21.171145	3.447065	15.494765	3.293610	14.581583	-15.867581	-12.384803	-5.751804	22.869633	-15.297128	2.313029	9.266098	6.510002	-0.240737	-13.355106	-23.142608	4.428079	-0.109934	12.949337	13.723588	-18.119972	12.752238	-13.081906	-2.687794	-16.833131	-14.343954	-3.666718	8.397927	-5.865174	1.765330	8.697302	-12.831806	3.983931	-21.387491	20.961779	
-23.391580	25.752894	16.696608	18.936423	17.639119	-18.379818	-17.366379	25.972400	18.360950	-7.096244	18.781677	16.188288	7.154368	20.917769	-3.401979	-0.753689	-2.144332	-24.347263	13.792438	10.109389	4.015469	20.090267	-13.155565	-10.274109	3.245486	-24.452840	-9.793500	0.698325	20.425959	3.828876	25.808684	-0.594559	-22.788982	10.422832	14.477618	7.415312	-18.645747	20.035112	-13.682085	1.483052	-23.121088	22.699666	-0.886284	-19.128528	19.227706	-4.602563	-0.154644	-2.725433	-12.770154	-24.823963	
-17.405444	-22.601109	-5.124661	24.610196	-11.828358	-21.394733	15.174988	10.707395	16.572254	9.586511	-10.590054	18.849147	5.955691	-10.069593	14.377837	-24.259055	-18.005976	0.885547	2.976911	-15.176516	-22.581798	-0.460092	-0.899448	-2.856209	-10.128235	-3.655837	-12.935781	-17.778738	18.561732	19.169396	21.698055	17.999115	23.968078	-9.373536	-6.123262	6.667950	8.424535	-23.495862	-12.358273	18.654665	-3.292845	19.586565	5.578944	11.697328	23.092093	-6.404597	-24.866048	3.165497	-1.118648	-11.701539	
-23.684847	13.046935	-8.177269	3.707221	-0.536376	11.127518	-4.937741	23.083588	2.825624	12.880848	1.381522	22.729524	10.073236	-23.074118	-11.505560	21.257020	18.374754	21.397215	16.083316	15.744389	-16.463033	-11.530026	19.648826	-3.419736	-12.309557	-3.952119	-22.554820	-22.222415	12.940693	-3.031438	-9.353802	-15.418113	21.267013	-10.437008	-16.432201	-2.968320	12.826924	-18.932184	16.385462	5.538972	8.710269	-12.668730	-15.065384	-7.928751	7.110409	-18.850206	-7.718541	3.596235	11.112553	3.900338	
10.844682	-18.194946	-1.930141	20.828517	16.342127	-7.553984	21.615294	-5.008547	0.400672	-16.010962	-4.581595	8.084893	-5.457646	19.238836	-5.406796	-0.008810	11.016867	0.503667	-21.236289	-19.747779	-4.848804	16.750203	0.605170	-2.591670	-7.610615	-8.561670	18.583843	-20.769604	17.019615	-6.786086	15.277849	17.162722	20.994516	-23.815016	-6.836725	11.243945	7.141955	-8.009217	-10.842705	-1.649066	3.482933	18.553227	-19.638758	16.652730	-6.616709	-9.893598	-3.922948	22.361194	21.804668	-12.366117	
-10.423264	-9.735184	-1.638939	-6.886515	-8.698974	15.898278	7.063255	-1.079029	10.639778	-17.442323	6.469512	22.013144	-6.106543	11.388890	8.108890	12.834120	-21.567033	15.526126	-0.523638	-5.113858	11.525005	3.860398	5.486293	8.823376	18.717861	-10.684617	22.686611	-1.082895	17.579763	-11.416636	2.767808	-12.725439	2.694432	-20.094353	-13.926375	-21.081394	11.558589	-5.298322	14.719748	18.451558	-3.469654	11.120731	19.058539	7.723431	21.352318	-10.596939	8.706415	22.962096	-22.942942	-15.286407	
8.837577	4.855841	-4.461217	-18.429971	9.598111	14.441278	10.860078	-8.717313	20.586174	-19.264474	16.162192	-18.644775	14.096823	-20.553575	11.969626	6.096351	8.090766	-11.492704	24.326240	19.231127	15.937029	-16.877970	3.694738	4.402578	-3.024800	7.132856	-1.677243	-2.734104	-18.848121	-11.184578	19.692884	7.794182	2.520158	-2.927185	-8.443784	15.212539	5.986517	14.949737	-22.518898	12.750284	0.957881	-15.853029	18.217505	-6.071359	15.641459	12.228602	8.526978	-18.831345	21.221972	0.060743	
-13.991971	-11.594309	19.344537	21.769622	5.104992	-2.358497	23.742874	2.125410	0.159047	-7.175421	11.053724	-0.652661	22.669417	-21.248776	-15.956253	7.851526	-1.986066	-15.885383	3.580826	20.471640	12.248662	-8.712216	-12.502051	1.590280	13.671798	10.682493	-19.162284	11.124537	-12.983924	-22.324871	-21.655411	6.897394	23.523778	-3.755922	14.106224	-2.944071	3.112334	5.802867	12.400532	1.473043	2.264962	1.972090	14.321705	22.408254	-12.671226	4.873691	8.820115	-4.785159	-5.915181	-21.132219	
25.037037	4.495554	-11.803466	-1.195246	19.710813	5.299189	-0.401601	-2.499333	22.776179	-16.846607	20.091475	-26.244938	26.076040	10.825686	16.127335	9.788111	28.498597	3.424847	4.740946	-29.125666	-0.542711	25.135919	-1.580010	-0.186969	14.553525	0.727137	21.765816	6.855925	15.847947	-12.494941	-23.069694	-12.114045	13.479847	-8.319929	-27.074114	11.030839	0.801015	-15.977450	6.707626	1.815418	-15.996415	8.183830	-14.967786	11.088451	21.808397	-27.405343	28.844144	25.127184	-24.626830	14.622664	
-4.386368	-12.407476	13.135206	-23.322986	-2.119031	23.951936	17.179710	24.443783	-5.080729	-18.362339	-7.913418	-18.159626	-1.806137	-16.072224	21.666703	23.646507	19.749343	-11.421616	5.301676	25.805673	25.509171	-5.602606	-13.410293	-23.525733	-24.132425	-14.614359	-6.274703	-23.859197	4.194231	-10.490404	-5.137450	0.139338	7.109279	25.484544	-22.778272	24.707183	19.778644	-15.662286	-14.609954	-6.262676	14.254516	21.581022	-7.254256	-24.005321	14.747261	-5.261832	14.077461	23.215858	22.346541	24.173485	
-15.978455	21.990561	19.908403	2.012748	12.399011	-22.387047	22.095540	3.447859	-22.401125	-22.535733	18.903295	-0.888145	2.162586	-16.701128	18.151479	-2.599923	-7.126894	9.889548	-4.938260	-9.900979	-12.234280	11.409833	11.841754	-0.360051	15.293650	13.617938	20.661979	12.779606	22.983489	-5.920677	3.765257	14.843275	18.957057	15.350521	-16.775061	18.909327	-16.734928	-9.021418	-16.800685	-12.991575	3.952904	19.414704	-14.447160	-4.268699	19.116514	7.666776	-9.642231	8.795657	15.939640	18.319467	
-22.379884	15.917358	4.078513	14.399755	7.065827	-23.978350	-9.871627	-26.882011	-13.477942	-23.843565	17.050507	-13.199475	12.274583	-9.926092	3.982288	25.434417	-25.098891	27.408663	-7.335653	-22.019335	15.881787	4.705188	-11.080041	5.448137	21.628880	1.854679	-13.227804	-11.466812	6.695066	9.949563	-7.768336	-12.386380	8.689301	22.237069	-6.893594	-8.107773	26.729225	24.864508	-11.138690	6.974546	27.542240	-9.213300	-1.529944	-10.682587	15.185448	26.244746	4.039991	-22.421643	-21.761417	3.870940	
19.747884	-20.283809	0.312259	22.845259	-11.558804	-12.740042	9.752348	-22.441524	1.632308	-2.129479	20.377913	22.973518	13.468667	7.228495	9.885596	3.345821	11.446187	-10.105140	-21.100966	-6.579362	-10.058889	22.285410	20.857439	11.873819	19.884782	2.741159	-20.780409	-11.146491	-22.544356	12.747013	-22.924845	11.210906	-9.031363	19.439457	10.203429	16.881817	16.573664	5.017387	14.212747	-11.580567	-8.190386	-18.223221	3.292519	-18.921572	6.936595	4.298697	15.171209	21.494776	6.946080	-11.783851	
-21.723601	-12.891536	18.612909	17.670488	1.117095	-0.204663	-21.085635	-5.933698	1.565773	10.500273	-3.021285	-15.143623	23.678465	14.471281	-9.627533	5.389617	-12.865903	-4.425199	7.285561	-7.749126	-14.383611	-15.554258	-21.757412	-10.670434	-14.681383	-22.234533	-9.223063	13.675552	0.281556	5.791342	12.183760	14.307874	5.473128	-8.372999	-9.648889	-15.882583	-20.388393	-20.700603	-23.263503	6.218582	7.768151	8.668779	-3.397718	10.670788	-21.151021	-18.291003	-20.541492	3.402787	-16.354461	-3.968522	
-10.085084	6.468197	-10.970063	19.597381	2.512242	14.726272	-10.204302	26.165994	-23.522914	18.753839	13.099278	-25.669118	-15.883435	-16.163561	6.222371	-26.251688	8.082306	-6.205583	-20.507796	-12.414957	6.749605	1.393636	14.479687	-4.318477	6.401835	-18.636740	15.988343	20.973319	16.781275	22.018973	23.397312	8.388510	-1.579706	4.209819	14.300082	-17.101835	-19.394768	23.277232	-11.527808	7.794418	18.564631	13.059984	24.203849	-26.610258	5.236990	21.723934	-5.551883	26.263686	-3.077927	-25.534025	
-2.234874	-17.363336	25.046681	19.179124	26.073529	-19.853805	21.939890	-23.182281	-26.784817	16.695553	-26.483205	-15.368268	14.004996	-4.158738	-1.339693	-4.157260	19.970116	23.801034	17.025614	4.493762	-24.925045	18.804056	-23.169062	9.970844	-5.934870	-17.978128	-25.278742	10.639440	20.042149	-12.507273	19.965158	20.050800	-1.152864	-20.527838	-9.236055	-7.373801	9.641478	21.171565	9.556524	-13.847269	-13.281170	-26.637592	-18.420206	16.089774	15.478012	-26.278701	19.285676	18.481129	-3.164601	15.888890	
-4.034927	16.888981	-7.026789	-1.323953	15.631274	-11.082922	21.703963	19.733486	11.091455	15.834036	-17.622128	-19.274477	-0.300449	11.382827	8.095237	-10.342605	-2.064430	-6.693619	-4.836434	1.704891	8.390304	-17.912209	-6.752761	14.489574	15.051375	13.932361	3.798434	-4.873282	-2.991556	15.698513	2.088750	-7.596479	2.789312	-17.427866	9.249532	16.660743	-13.458747	19.960373	-13.273016	-12.100269	-0.254867	13.230170	16.421975	-4.212288	-9.636801	-15.302535	1.912460	18.953853	12.140658	-15.339934	
-12.588511	17.677665	19.132089	-2.300009	-4.466874	-3.609173	-18.989726	2.991513	16.233034	17.935028	-16.823948	-0.725347	-18.654123	-12.801388	-2.374397	-15.518693	-1.853679	0.983813	-14.122303	-0.474932	-5.745493	-6.228922	13.295714	-13.991228	1.291017	8.183003	-14.059710	-13.504673	-7.356472	-0.585534	15.508581	-19.938997	-10.718033	-15.174305	-4.160413	2.682021	-15.879336	1.995752	19.288254	5.657222	-4.907187	10.722577	0.855295	-19.336159	-7.231264	-0.125440	-18.749043	-16.114364	5.435148	5.078546	
-16.404283	14.797860	-3.178841	-9.557270	-0.180711	14.311969	-14.884781	3.892971	-18.049949	-8.373245	9.441486	1.456536	0.475481	18.193630	-23.547158	-9.950542	-4.342324	1.713664	-17.103283	17.163153	16.966374	-18.854918	-10.360250	-8.378463	-18.416535	-24.501677	-4.862195	7.784636	4.929294	10.223643	13.503109	-18.681863	16.499800	-6.803812	1.365897	-23.115080	-2.413333	17.968106	10.558173	-20.621319	-20.518208	24.626709	2.866543	21.029702	-18.297971	8.117822	14.856577	17.682490	-8.459448	7.750399	
-11.290441	6.395261	14.246987	-12.694008	-14.496600	-20.202237	-14.067806	-15.107212	16.834182	-1.021382	-18.626872	-2.688548	2.977051	20.579866	12.363446	10.618153	-0.183629	-16.625948	15.034783	12.620497	-10.720438	6.092178	-11.670102	-9.266996	0.727701	-15.447514	8.313480	-9.695833	6.298089	18.681828	-19.851715	-20.842710	2.237966	-10.142790	-13.879531	-11.339569	13.095495	7.390671	7.156511	7.792441	16.219011	-11.929176	5.594463	6.457096	1.874774	19.184604	7.761729	7.208394	-1.401982	19.563343	
-1.648820	0.941588	6.921429	-5.605459	-15.050053	-16.431005	18.879254	15.694711	-7.273141	18.142078	-2.573328	-4.002819	-10.137184	4.011310	-7.702194	-13.082499	5.529967	16.536142	-4.058918	-7.142675	12.923519	-7.719120	3.753119	15.810079	17.624170	6.048097	16.549324	13.735789	10.655268	3.101501	2.608420	-17.346903	14.366306	-10.080594	-1.785104	-8.487512	-11.580116	-0.297410	16.951869	-0.649670	5.759344	9.223942	3.519256	-2.846313	-13.272705	8.727909	-4.186709	-0.327795	-11.475485	9.140326	
24.759329	18.206609	-20.812927	-23.137058	1.331453	-5.290314	-25.291364	15.333613	0.782425	1.870216	-26.865063	16.548765	1.707548	-7.366758	-21.579381	-4.546268	14.238749	25.336122	-10.476904	-15.864369	21.132876	17.255814	14.739668	-17.284577	-21.206058	3.805218	25.579530	-24.965396	16.971543	-21.454675	24.617169	24.752540	-13.863719	18.767056	10.348029	9.117819	25.569156	4.797575	26.720249	-24.142482	24.559344	23.627709	-18.252655	-15.620319	-9.270893	26.166120	-14.758314	8.149967	-26.096046	-2.761365	
9.619939	-15.851962	-14.017871	-12.193260	16.116322	13.987998	-16.600557	9.261762	16.135782	13.214913	-9.211065	-16.621315	3.837646	-7.979156	-23.027308	-5.696274	26.643010	-10.043537	-23.247624	19.643729	1.934912	-17.304464	17.040443	-24.340225	-20.249717	6.234047	-25.599840	-20.435281	27.431504	7.453828	-14.481615	-14.746853	-14.801970	3.081784	3.920416	18.958372	15.923744	1.173007	-20.962170	-0.770390	25.615176	-27.032490	5.315219	5.999044	10.446448	9.346728	5.429289	-11.141807	2.407169	-25.050131	
0.038602	0.034066	0.034273	0.026389	0.034226	0.010596	0.038677	0.039397	0.006928	0.006341	0.024566	0.013737	0.028530	0.032963	0.021673	0.021703	0.008245	0.002990	0.002366	0.014915	0.028499	0.008372	0.003180	0.016035	0.013598	0.015026	0.020526	0.025126	0.034437	0.018181	0.012974	0.004413	0.022140	0.033925	0.032643	0.013785	0.005095	0.025395	0.010810	0.032782	0.025607	0.015601	0.006404	0.012616	0.011583	0.003545	0.021079	0.037439	0.038021	0.009980	
0.028763	0.010389	0.011913	0.029341	0.008806	0.003974	0.035541	0.024402	0.002852	0.031092	0.034982	0.000040	0.035191	0.025816	0.030106	0.005660	0.008904	0.029272	0.019951	0.033202	0.032517	0.006850	0.011702	0.025102	0.008888	0.030123	0.023848	0.000514	0.036843	0.023594	0.001537	0.002502	0.037821	0.037683	0.004204	0.000616	0.028979	0.000167	0.021594	0.003785	0.029365	0.034740	0.023738	0.034406	0.015748	0.030126	0.024675	0.035401	0.010840	0.011894	
0.002188	0.025172	0.022474	0.000859	0.000405	0.023513	0.001320	0.030210	0.014651	0.023669	0.021500	0.031812	0.001549	0.010003	0.037005	0.012501	0.037425	0.037711	0.033622	0.019115	0.015981	0.015994	0.030441	0.034022	0.017675	0.008056	0.030164	0.001871	0.026105	0.032171	0.031789	0.026078	0.032838	0.001175	0.037807	0.041430	0.017309	0.001398	0.016447	0.002458	0.024938	0.016353	0.031908	0.023108	0.011667	0.010177	0.013859	0.010447	0.009378	0.040252	
0.005263	0.033410	0.019970	0.014720	0.017569	0.037541	0.011123	0.002697	0.020115	0.034240	0.025129	0.022557	0.038115	0.007409	0.002677	0.002765	0.026269	0.001544	0.027151	0.023600	0.025257	0.007665	0.031441	0.034572	0.033291	0.019889	0.005311	0.034916	0.005900	0.024468	0.017228	0.036380	0.035070	0.008672	0.021636	0.029383	0.005205	0.003661	0.011753	0.027299	0.035516	0.001621	0.032102	0.019401	0.018994	0.006096	0.027850	0.036304	0.021229	0.008031	
0.028099	0.031454	0.005046	0.001486	0.000032	0.025676	0.017386	0.019570	0.025208	0.030905	0.024222	0.018071	0.033690	0.033208	0.021598	0.029254	0.041660	0.017502	0.019788	0.012436	0.007624	0.014293	0.022197	0.012049	0.002941	0.006820	0.009766	0.025023	0.015396	0.031738	0.005575	0.023856	0.017032	0.025865	0.037800	0.039565	0.020829	0.018280	0.013775	0.035691	0.007186	0.003192	0.014112	0.031851	0.001954	0.034704	0.000955	0.003965	0.038070	0.041604	
0.005803	0.036622	0.030728	0.037612	0.028989	0.016314	0.008289	0.004890	0.017821	0.030653	0.018987	0.007395	0.033002	0.028452	0.007823	0.019944	0.032636	0.027684	0.036132	0.017187	0.023837	0.020508	0.027180	0.004889	0.007828	0.028547	0.011241	0.017923	0.024352	0.005817	0.028634	0.033064	0.022194	0.037354	0.024258	0.002226	0.014016	0.009076	0.027905	0.000253	0.034433	0.012113	0.011611	0.022700	0.008598	0.018597	0.009627	0.033333	0.020568	0.010358	
0.033989	0.035458	0.024810	0.001131	0.005245	0.021873	0.032159	0.012494	0.002620	0.033861	0.015284	0.026862	0.034314	0.029814	0.012859	0.002216	0.008554	0.018834	0.018720	0.031753	0.024225	0.016728	0.028748	0.005522	0.002048	0.003391	0.022545	0.015105	0.032892	0.023316	0.005132	0.020408	0.035872	0.004761	0.019541	0.031703	0.013328	0.031578	0.030683	0.000970	0.001753	0.021592	0.035762	0.001830	0.035258	0.030816	0.035082	0.021467	0.024033	0.021061	
0.014199	0.006252	0.035333	0.006263	0.014331	0.027487	0.038998	0.005392	0.022450	0.022977	0.000390	0.034691	0.006536	0.023554	0.036972	0.037881	0.016498	0.036151	0.000139	0.011855	0.007523	0.015968	0.003510	0.020490	0.013210	0.040425	0.018666	0.004294	0.035247	0.025601	0.000017	0.015273	0.040423	0.008150	0.037499	0.023489	0.024783	0.032448	0.004773	0.021356	0.039958	0.031777	0.035116	0.029777	0.023896	0.001067	0.030676	0.009526	0.000959	0.005754	
0.004035	0.037285	0.025074	0.015424	0.019379	0.040576	0.039199	0.019759	0.038898	0.025700	0.036454	0.036424	0.009518	0.010940	0.005267	0.031997	0.026160	0.017467	0.011974	0.011097	0.004401	0.021469	0.003822	0.017219	0.007061	0.002692	0.027272	0.001256	0.016613	0.029955	0.004235	0.039087	0.026299	0.003518	0.011684	0.000767	0.014735	0.039460	0.020961	0.035638	0.011319	0.041181	0.012424	0.013018	0.013584	0.018725	0.025646	0.024213	0.036067	0.013051	
0.017138	0.029378	0.007284	0.001667	0.011254	0.033487	0.014198	0.022676	0.003474	0.020965	0.033423	0.008543	0.024168	0.026163	0.013490	0.008419	0.009362	0.030264	0.017150	0.019626	0.025647	0.035043	0.026394	0.015919	0.030369	0.019225	0.013934	0.021353	0.004015	0.009989	0.031712	0.032121	0.023000	0.035429	0.024816	0.033059	0.027000	0.002251	0.004763	0.019016	0.027768	0.029119	0.023418	0.032020	0.018322	0.016027	0.029868	0.022304	0.003662	0.010310	
0.035494	0.012392	0.030345	0.034812	0.026987	0.015974	0.035707	0.006127	0.003212	0.034020	0.023768	0.001331	0.031776	0.035689	0.006331	0.000567	0.000912	0.014863	0.011555	0.002111	0.012097	0.006743	0.007288	0.009398	0.026742	0.027950	0.006340	0.033029	0.033151	0.011062	0.015715	0.033480	0.018770	0.030104	0.016687	0.031883	0.035445	0.024394	0.037724	0.010324	0.016386	0.026073	0.028760	0.041782	0.001258	0.041561	0.031899	0.001182	0.017960	0.000840	
0.000335	0.029324	0.017029	0.001941	0.027804	0.001758	0.028690	0.022013	0.004358	0.032558	0.011158	0.033169	0.013893	0.034632	0.032651	0.011432	0.019067	0.014727	0.010415	0.033642	0.017142	0.011767	0.033752	0.027344	0.023690	0.008827	0.034510	0.020026	0.024581	0.032818	0.011070	0.003524	0.025692	0.021526	0.010454	0.013088	0.012592	0.002854	0.016331	0.031972	0.026632	0.029863	0.027273	0.010501	0.013052	0.031310	0.024367	0.024612	0.030800	0.017434	
0.028794	0.001017	0.041640	0.003396	0.041421	0.019653	0.024076	0.004718	0.031874	0.017434	0.026169	0.009537	0.028739	0.005556	0.005321	0.024409	0.027135	0.031970	0.038518	0.025679	0.005284	0.009908	0.008896	0.029739	0.025200	0.015691	0.002142	0.018521	0.027622	0.022756	0.026681	0.032152	0.002307	0.040935	0.027493	0.005455	0.013282	0.008125	0.002984	0.000773	0.005831	0.026927	0.032350	0.027955	0.030196	0.017163	0.023570	0.015848	0.034775	0.022385	
0.035056	0.003232	0.017990	0.020360	0.013510	0.001928	0.022542	0.026693	0.024664	0.036688	0.020251	0.005577	0.002979	0.012122	0.030597	0.032865	0.024371	0.015977	0.032215	0.011805	0.033520	0.014227	0.022477	0.003900	0.013085	0.017593	0.032200	0.007943	0.026592	0.011828	0.031002	0.005837	0.013329	0.011244	0.026088	0.011439	0.014125	0.020754	0.033957	0.019610	0.016991	0.028670	0.025653	0.016784	0.033815	0.037111	0.029138	0.018190	0.021144	0.010329	
0.012140	0.028370	0.004430	0.031575	0.020770	0.026489	0.002813	0.010907	0.035542	0.002226	0.026195	0.009871	0.039242	0.017552	0.002197	0.017266	0.027710	0.016277	0.029955	0.004061	0.023257	0.038334	0.013155	0.007157	0.017348	0.022739	0.013063	0.011996	0.017734	0.032790	0.017344	0.006297	0.035791	0.015896	0.016973	0.000953	0.034679	0.035861	0.008301	0.029760	0.031399	0.029866	0.023483	0.029679	0.016841	0.002361	0.029431	0.016058	0.024750	0.031115	
0.038748	0.016630	0.037970	0.040926	0.018257	0.016516	0.001688	0.021587	0.002073	0.031817	0.006039	0.001307	0.010046	0.030879	0.020300	0.003802	0.010798	0.008608	0.008986	0.027504	0.017521	0.012508	0.004499	0.012499	0.021790	0.026945	0.037220	0.037885	0.034190	0.033110	0.024543	0.025397	0.039998	0.024511	0.027723	0.020353	0.013469	0.022498	0.018858	0.016149	0.028090	0.023736	0.002375	0.034361	0.001082	0.031363	0.006235	0.032970	0.004029	0.009613	
0.018898	0.012464	0.023537	0.012915	0.011147	0.033308	0.006295	0.009752	0.036337	0.009214	0.032439	0.035716	0.026543	0.034968	0.009777	0.019518	0.020278	0.019482	0.009492	0.023453	0.024979	0.010495	0.007129	0.038902	0.037442	0.024971	0.005447	0.030756	0.011943	0.041453	0.021482	0.026581	0.015470	0.032952	0.030954	0.024929	0.010923	0.017569	0.026382	0.004046	0.006100	0.019565	0.015769	0.008599	0.018286	0.018741	0.004200	0.028646	0.022451	0.007306	
0.030491	0.010367	0.034104	0.004466	0.027942	0.025494	0.027536	0.007126	0.017905	0.020060	0.030567	0.009109	0.040518	0.002648	0.002425	0.005858	0.027576	0.032156	0.030418	0.001491	0.015126	0.011192	0.039548	0.013571	0.010927	0.035015	0.013595	0.005886	0.039629	0.016874	0.013934	0.025560	0.017719	0.008376	0.022441	0.032140	0.035673	0.035910	0.022132	0.027142	0.035688	0.015572	0.028187	0.005190	0.014158	0.014021	0.012828	0.000891	0.010966	0.031852	
0.011761	0.019362	0.000377	0.028560	0.024445	0.029481	0.003044	0.010174	0.018466	0.027097	0.004281	0.016711	0.008816	0.021854	0.022887	0.026511	0.017955	0.036255	0.023679	0.007564	0.024773	0.013630	0.009891	0.035637	0.019474	0.037174	0.006211	0.017621	0.010694	0.020818	0.018899	0.013599	0.001939	0.034502	0.038467	0.003709	0.014460	0.007182	0.023759	0.035561	0.030293	0.027375	0.023608	0.029820	0.035208	0.035794	0.017139	0.029312	0.000620	0.023552	
0.008438	0.002354	0.027559	0.039065	0.006484	0.028399	0.040205	0.009742	0.033981	0.017240	0.027525	0.021122	0.026045	0.023052	0.007283	0.023462	0.009775	0.020393	0.036038	0.001828	0.029777	0.017427	0.015255	0.031859	0.000059	0.001500	0.043805	0.031268	0.005234	0.000048	0.031038	0.038743	0.023469	0.000415	0.016628	0.007272	0.017088	0.000802	0.039464	0.020243	0.041969	0.011605	0.028874	0.008340	0.002995	0.015765	0.022281	0.022339	0.043369	0.021078	
0.036748	0.006982	0.009131	0.009044	0.037327	0.031761	0.037810	0.014103	0.036823	0.031047	0.018001	0.014597	0.017200	0.027834	0.028478	0.018275	0.004925	0.015921	0.019274	0.022968	0.028891	0.015283	0.008279	0.016046	0.011909	0.018482	0.005102	0.017212	0.029938	0.008521	0.004151	0.027234	0.020431	0.036749	0.035148	0.032846	0.033552	0.016716	0.023020	0.012723	0.015327	0.012481	0.027808	0.000079	0.024056	0.025116	0.014635	0.001433	0.021006	0.017579	
0.019151	0.004087	0.013343	0.018992	0.026913	0.021751	0.026674	0.017063	0.006559	0.026232	0.018578	0.013989	0.000688	0.024885	0.029584	0.017918	0.003895	0.030678	0.024996	0.031515	0.006657	0.033479	0.022666	0.021353	0.018789	0.025995	0.030258	0.033601	0.022950	0.025304	0.008203	0.006452	0.027955	0.026536	0.023285	0.013086	0.020509	0.015543	0.019841	0.007324	0.017232	0.026283	0.036644	0.021138	0.020220	0.015511	0.025882	0.011875	0.004724	0.033215	
0.018438	0.013596	0.007212	0.018047	0.022629	0.039071	0.024622	0.012365	0.032037	0.009696	0.004917	0.013551	0.003309	0.015253	0.027834	0.028545	0.020909	0.039254	0.038301	0.034027	0.025807	0.036612	0.022566	0.006714	0.012757	0.022225	0.028547	0.011419	0.000598	0.000181	0.024948	0.000759	0.019879	0.017680	0.008850	0.040288	0.035218	0.021982	0.011450	0.012638	0.007898	0.016971	0.013207	0.032711	0.024266	0.012131	0.006895	0.038887	0.026631	0.035670	
0.031497	0.035324	0.010809	0.024515	0.017189	0.014247	0.017902	0.007201	0.010283	0.025158	0.004188	0.023230	0.018519	0.014953	0.008714	0.015243	0.031792	0.027989	0.004386	0.033480	0.024223	0.036369	0.012473	0.012856	0.024970	0.012723	0.021573	0.033290	0.026374	0.024294	0.022512	0.033601	0.003240	0.030819	0.029507	0.025338	0.028721	0.007492	0.000058	0.004693	0.024658	0.013366	0.036326	0.010234	0.022095	0.031296	0.014780	0.027549	0.000432	0.027521	
0.035142	0.000620	0.007401	0.028284	0.032650	0.032547	0.018298	0.035067	0.030669	0.015558	0.019384	0.032314	0.035046	0.025397	0.010978	0.018169	0.001927	0.034996	0.027834	0.013859	0.009258	0.021824	0.028831	0.031957	0.008040	0.035192	0.031474	0.013440	0.004367	0.029716	0.002578	0.016261	0.018987	0.033342	0.012076	0.003452	0.006247	0.009212	0.006270	0.016914	0.034977	0.029506	0.013456	0.030055	0.032597	0.006569	0.022350	0.009449	0.009522	0.015944	
0.018582	0.016878	0.028704	0.021380	0.023805	0.036887	0.022599	0.026429	0.001700	0.009892	0.016687	0.027547	0.001514	0.020342	0.004186	0.006751	0.043878	0.002632	0.042448	0.020512	0.001283	0.019486	0.027313	0.034390	0.005668	0.019081	0.041652	0.001835	0.020047	0.026378	0.003857	0.015163	0.043885	0.015253	0.017656	0.035677	0.008601	0.038011	0.015053	0.016009	0.042683	0.020922	0.028938	0.011408	0.001133	0.009491	0.037824	0.025743	0.010626	0.011580	
0.040336	0.037511	0.013432	0.019631	0.017196	0.013564	0.034714	0.034089	0.034365	0.016756	0.027825	0.000047	0.007582	0.024437	0.041233	0.025234	0.009374	0.022861	0.022544	0.013037	0.030371	0.000552	0.041526	0.005917	0.021065	0.028011	0.024677	0.000147	0.010340	0.038907	0.003140	0.003440	0.027146	0.010550	0.032081	0.006887	0.019000	0.026869	0.016341	0.034422	0.022441	0.018178	0.016632	0.023553	0.000284	0.018167	0.028823	0.005441	0.003786	0.025538	
0.037872	0.008386	0.001357	0.031016	0.020861	0.021910	0.037167	0.029015	0.015128	0.007998	0.037795	0.011366	0.018722	0.033318	0.037360	0.010308	0.002141	0.021108	0.016421	0.001246	0.002898	0.034749	0.038543	0.026304	0.012214	0.018506	0.003872	0.011371	0.015930	0.034269	0.029278	0.032371	0.005542	0.001839	0.028358	0.016969	0.004919	0.038182	0.034383	0.014477	0.009384	0.021945	0.039663	0.005940	0.036375	0.011307	0.013048	0.031179	0.000624	0.025064	
0.000715	0.021653	0.000169	0.016390	0.031183	0.021996	0.023641	0.021716	0.011081	0.014830	0.019187	0.036184	0.020299	0.007666	0.007977	0.012821	0.033448	0.041465	0.016531	0.006033	0.017809	0.039952	0.040594	0.011348	0.010347	0.006056	0.008727	0.031064	0.012877	0.040195	0.035489	0.005470	0.021328	0.041974	0.016632	0.002175	0.019414	0.032951	0.037577	0.018872	0.012901	0.033781	0.011639	0.028534	0.015917	0.008952	0.033333	0.002306	0.024684	0.012115	
0.004531	0.017724	0.018302	0.026284	0.005463	0.023521	0.031879	0.007874	0.022314	0.010824	0.001049	0.005731	0.028985	0.040189	0.035497	0.037108	0.025221	0.016132	0.016980	0.016820	0.022693	0.007636	0.042363	0.026251	0.032716	0.035043	0.002460	0.023583	0.026918	0.009776	0.016902	0.001171	0.006841	0.009183	0.011262	0.027829	0.022082	0.001694	0.034149	0.038394	0.009604	0.031050	0.032182	0.010229	0.023018	0.022407	0.019938	0.007706	0.042128	0.010366	
0.010637	0.035312	0.012435	0.030281	0.010638	0.021742	0.029146	0.042479	0.000649	0.006450	0.036282	0.038399	0.020916	0.036032	0.030099	0.010134	0.020261	0.012061	0.032499	0.026870	0.023734	0.008477	0.003569	0.000361	0.041581	0.008933	0.041518	0.013167	0.028159	0.007859	0.000796	0.002556	0.029855	0.032808	0.004423	0.024577	0.001594	0.000059	0.036527	0.031565	0.014131	0.018309	0.041184	0.039585	0.024280	0.042987	0.010926	0.000772	0.000417	0.001966	
0.017951	0.017281	0.036093	0.034418	0.006969	0.029285	0.041447	0.009024	0.029309	0.027477	0.020917	0.018240	0.030868	0.004098	0.026874	0.007697	0.038101	0.007000	0.021048	0.030008	0.022024	0.016982	0.030957	0.010269	0.010057	0.001942	0.018961	0.017313	0.024391	0.003364	0.000145	0.036480	0.004715	0.005680	0.022880	0.036419	0.009008	0.038274	0.014318	0.005060	0.029235	0.008145	0.004262	0.039467	0.042078	0.032027	0.002452	0.025648	0.000875	0.032466	
0.015640	0.020594	0.004109	0.007627	0.033544	0.034405	0.003794	0.031271	0.036572	0.019513	0.033997	0.024373	0.021709	0.007117	0.001568	0.014025	0.019830	0.004034	0.022689	0.009417	0.036943	0.034906	0.002934	0.023771	0.025913	0.037523	0.012884	0.003451	0.001917	0.032391	0.020016	0.036850	0.002525	0.026327	0.013935	0.030908	0.017900	0.019041	0.030821	0.001504	0.029843	0.037004	0.028263	0.009830	0.003241	0.035559	0.017408	0.011995	0.017123	0.031444	
0.010081	0.012747	0.000572	0.028994	0.019206	0.007960	0.023997	0.027458	0.010130	0.036462	0.003423	0.012734	0.018299	0.008969	0.013567	0.039304	0.006302	0.044328	0.031623	0.030016	0.003233	0.011136	0.022786	0.021372	0.021314	0.043524	0.034232	0.012644	0.014908	0.022121	0.018662	0.031869	0.021558	0.007241	0.008247	0.037640	0.002971	0.030525	0.036789	0.006229	0.019658	0.003646	0.019578	0.040167	0.000291	0.025366	0.027785	0.022040	0.015956	0.030340	
0.009658	0.005308	0.029753	0.010867	0.026845	0.027919	0.015940	0.030115	0.026155	0.001071	0.005677	0.038234	0.026114	0.021748	0.022811	0.018479	0.012159	0.013553	0.028541	0.030828	0.005401	0.033994	0.030606	0.028997	0.013879	0.012959	0.003237	0.035803	0.000535	0.019761	0.007229	0.024746	0.030044	0.035509	0.035959	0.029966	0.035167	0.004626	0.020295	0.004059	0.028488	0.010073	0.005266	0.021054	0.027811	0.030034	0.024902	0.017090	0.003973	0.016764	
0.028478	0.032830	0.033187	0.015375	0.018206	0.015598	0.023285	0.009192	0.001386	0.023659	0.012912	0.005764	0.010287	0.030046	0.031816	0.020617	0.002237	0.033838	0.008155	0.039858	0.025205	0.017275	0.038877	0.007251	0.038832	0.031405	0.005565	0.017601	0.016082	0.038172	0.000596	0.009045	0.038261	0.025036	0.004146	0.035026	0.004252	0.002785	0.022114	0.003450	0.036409	0.001202	0.037722	0.021591	0.001348	0.027028	0.027921	0.030454	0.031904	0.006721	
0.007537	0.005186	0.036059	0.017235	0.008785	0.024460	0.011594	0.040874	0.002172	0.013219	0.022517	0.002681	0.032983	0.013214	0.017785	0.030468	0.020535	0.002616	0.019409	0.039193	0.008110	0.019073	0.004065	0.030757	0.008403	0.023414	0.032365	0.014657	0.031341	0.033305	0.033059	0.025593	0.030747	0.022775	0.032107	0.002380	0.005884	0.042451	0.041462	0.009633	0.038021	0.009691	0.012034	0.003943	0.023238	0.019013	0.008526	0.028976	0.036254	0.000200	
0.006488	0.001099	0.029499	0.025238	0.029236	0.014231	0.003000	0.029368	0.031954	0.017098	0.008379	0.020770	0.031451	0.015453	0.023001	0.002440	0.027214	0.021271	0.019067	0.008482	0.016867	0.013847	0.017354	0.032793	0.042361	0.011954	0.003777	0.023213	0.031717	0.002287	0.024558	0.013617	0.023959	0.000040	0.028173	0.018748	0.032698	0.042354	0.038244	0.037868	0.007618	0.027536	0.000456	0.018040	0.031010	0.018950	0.017228	0.018050	0.015830	0.024114	
0.031533	0.031322	0.029966	0.027577	0.006333	0.012384	0.025811	0.008819	0.012527	0.032442	0.039070	0.009597	0.031689	0.029684	0.009194	0.003289	0.014252	0.017595	0.037709	0.022149	0.016988	0.021535	0.029469	0.000849	0.016366	0.001946	0.031962	0.011401	0.034767	0.008979	0.005581	0.030955	0.011086	0.018713	0.033894	0.024713	0.040505	0.005294	0.030381	0.009153	0.009372	0.033208	0.012761	0.003122	0.023045	0.021532	0.032543	0.028506	0.011992	0.006437	
0.013291	0.003685	0.031820	0.023971	0.010625	0.007125	0.010294	0.031235	0.031021	0.013911	0.017863	0.034636	0.015131	0.026446	0.025080	0.032683	0.001489	0.011136	0.017275	0.009761	0.007803	0.014810	0.024978	0.008302	0.019159	0.003332	0.009842	0.004779	0.030446	0.007574	0.036065	0.033468	0.007542	0.030628	0.015710	0.028502	0.011797	0.032948	0.032864	0.012229	0.025289	0.025282	0.021576	0.008432	0.032026	0.022679	0.026681	0.030990	0.032219	0.033568	
0.017748	0.007410	0.019650	0.014878	0.003638	0.028255	0.030256	0.039779	0.015223	0.000464	0.022762	0.024745	0.040275	0.011915	0.035507	0.012566	0.014389	0.009573	0.005480	0.019906	0.018618	0.038917	0.015961	0.031500	0.034269	0.010432	0.002231	0.022415	0.017339	0.031478	0.002222	0.019936	0.008206	0.029653	0.012512	0.028181	0.000147	0.015126	0.013929	0.028776	0.011425	0.039948	0.039462	0.026967	0.020932	0.016156	0.013676	0.029160	0.011754	0.034257	
0.018517	0.018487	0.011254	0.017668	0.022498	0.006270	0.020613	0.030254	0.030725	0.028859	0.009410	0.019079	0.002608	0.020472	0.030668	0.020750	0.034769	0.007599	0.014266	0.008948	0.010684	0.008791	0.021603	0.007957	0.031670	0.030576	0.008117	0.034824	0.018112	0.024493	0.031979	0.023531	0.019650	0.033198	0.014760	0.031331	0.023019	0.018642	0.029589	0.010751	0.034212	0.001650	0.026355	0.031172	0.019571	0.008420	0.020408	0.012954	0.027688	0.010578	
0.015492	0.027410	0.017128	0.031015	0.039649	0.002036	0.022255	0.038068	0.010222	0.017156	0.022727	0.025028	0.038810	0.008760	0.018925	0.014336	0.005391	0.030168	0.033509	0.023817	0.020794	0.006506	0.032514	0.020302	0.038981	0.037125	0.010058	0.000281	0.004713	0.005999	0.019127	0.012755	0.008163	0.001533	0.008622	0.008564	0.020787	0.001725	0.040378	0.032577	0.007518	0.006238	0.028748	0.039819	0.021005	0.018923	0.037677	0.008118	0.032451	0.026099	
0.017434	0.016213	0.022813	0.003134	0.015573	0.029602	0.029524	0.006865	0.017559	0.023789	0.011516	0.014414	0.028658	0.036677	0.013370	0.007144	0.033537	0.001048	0.020032	0.029559	0.005368	0.029572	0.018109	0.032664	0.030328	0.030560	0.033265	0.003847	0.002081	0.034968	0.027341	0.010451	0.000495	0.010218	0.015411	0.014578	0.011548	0.024274	0.024573	0.002821	0.015837	0.010780	0.037291	0.031777	0.032525	0.024507	0.018780	0.028262	0.027401	0.031905	
0.012321	0.038239	0.015740	0.003788	0.015560	0.040944	0.000676	0.030968	0.032831	0.016083	0.001494	0.000606	0.040653	0.014661	0.031172	0.005352	0.021109	0.007531	0.001916	0.005839	0.013585	0.024425	0.023877	0.029037	0.014362	0.017334	0.008683	0.019475	0.034995	0.001415	0.040196	0.029223	0.016825	0.019238	0.034840	0.026385	0.040306	0.018703	0.040217	0.016628	0.032036	0.022253	0.032195	0.037972	0.009092	0.005278	0.001688	0.012854	0.001479	0.037923	
0.017686	0.023972	0.037294	0.014403	0.008040	0.013194	0.022201	0.009394	0.025636	0.018676	0.019373	0.036477	0.014226	0.020306	0.013094	0.004392	0.018118	0.001484	0.021553	0.021473	0.019249	0.038798	0.012164	0.007310	0.020975	0.026852	0.030864	0.022440	0.020956	0.033685	0.005180	0.031395	0.014271	0.025078	0.015745	0.027537	0.028227	0.006187	0.033946	0.034503	0.006698	0.006587	0.012376	0.030123	0.013008	0.036190	0.017536	0.009854	0.037662	0.013615	
0.005980	0.013407	0.039047	0.025400	0.006463	0.020021	0.026844	0.007553	0.003709	0.023444	0.004702	0.007579	0.040886	0.029744	0.029024	0.001300	0.013663	0.019205	0.011486	0.032521	0.022875	0.025999	0.016439	0.036626	0.016161	0.001038	0.037983	0.014089	0.028592	0.016256	0.013781	0.000210	0.008953	0.036130	0.032564	0.024405	0.005454	0.012583	0.008352	0.024412	0.009701	0.021342	0.037990	0.035624	0.029182	0.002694	0.029859	0.039022	0.028177	0.021530	
0.021432	0.032583	0.030800	0.005602	0.021656	0.017136	0.010096	0.032719	0.009011	0.017216	0.007411	0.011509	0.023863	0.034197	0.034050	0.016127	0.037710	0.023010	0.022772	0.018641	0.023265	0.016692	0.036743	0.031097	0.014996	0.038647	0.016502	0.015915	0.039144	0.019595	0.029226	0.008842	0.002893	0.003896	0.030806	0.015625	0.024127	0.011291	0.001872	0.035241	0.002456	0.023365	0.009128	0.020153	0.000177	0.037715	0.018589	0.027410	0.007902	0.009150	
0.007577	0.007355	0.029700	0.037906	0.002784	0.014522	0.029227	0.034133	0.025131	0.027170	0.025773	0.028955	0.005201	0.008283	0.032416	0.003083	0.028597	0.019250	0.029353	0.028324	0.022829	0.008075	0.005887	0.015433	0.018019	0.001014	0.023243	0.001307	0.011264	0.019739	0.037831	0.031364	0.034096	0.022343	0.012334	0.037163	0.034773	0.033840	0.031870	0.010048	0.009380	0.011376	0.006320	0.038541	0.011943	0.014310	0.020753	0.032949	0.003486	0.013730	
0.015466	0.018502	0.034626	0.028926	0.004286	0.020680	0.026883	0.027562	0.034281	0.017412	0.012664	0.035085	0.037277	0.025314	0.001025	0.020905	0.011846	0.003231	0.021026	0.003825	0.006207	0.039000	0.010487	0.017982	0.031648	0.019083	0.028904	0.008706	0.029315	0.039014	0.008511	0.018246	0.026007	0.028842	0.033419	0.011392	0.006983	0.035117	0.003120	0.010802	0.014245	0.031229	0.033748	0.021618	0.015247	0.025895	0.005308	0.008067	0.019198	0.011838	
0.028539	0.032303	0.000166	0.032382	0.000159	0.029307	0.005893	0.008909	0.007790	0.007609	0.019334	0.015300	0.037150	0.037039	0.009818	0.035092	0.009320	0.010362	0.005373	0.031176	0.013022	0.010879	0.007912	0.019657	0.011772	0.012725	0.037044	0.032980	0.033089	0.019034	0.016798	0.005701	0.012636	0.036278	0.018280	0.021033	0.004378	0.017906	0.029521	0.030633	0.030615	0.024945	0.025229	0.027591	0.036354	0.032730	0.022921	0.017954	0.006874	0.020486	
0.030053	0.034086	0.009206	0.033174	0.017482	0.003153	0.002694	0.028053	0.018956	0.035013	0.022715	0.028626	0.033229	0.005739	0.015766	0.005851	0.016575	0.020430	0.017679	0.031912	0.030725	0.017807	0.012542	0.019304	0.005263	0.027391	0.019989	0.018056	0.032867	0.034847	0.020721	0.031429	0.015966	0.016619	0.021979	0.009633	0.007760	0.011412	0.026856	0.002579	0.025076	0.014923	0.013398	0.029193	0.011804	0.026447	0.028549	0.007652	0.017184	0.031636	
0.000787	0.036000	0.044480	0.036285	0.024420	0.005952	0.036057	0.029882	0.040850	0.003834	0.028674	0.001624	0.026391	0.008627	0.017763	0.026935	0.029619	0.007515	0.036999	0.033755	0.026385	0.023877	0.005330	0.031271	0.004468	0.013686	0.007282	0.010380	0.041706	0.027441	0.011456	0.029385	0.021568	0.031697	0.032712	0.008409	0.015969	0.016776	0.009649	0.019610	0.004101	0.015841	0.013688	0.013706	0.010793	0.005273	0.018281	0.010448	0.012081	0.030284	
0.012615	0.029496	0.030853	0.003205	0.027764	0.028471	0.033471	0.009194	0.035621	0.022616	0.006551	0.016752	0.016906	0.008246	0.004960	0.017819	0.036030	0.034222	0.032490	0.023469	0.002123	0.035594	0.031847	0.027763	0.015534	0.018876	0.009111	0.001329	0.020509	0.016422	0.009265	0.012833	0.014199	0.027263	0.023707	0.012575	0.034984	0.007221	0.028776	0.002547	0.028089	0.024590	0.035804	0.008721	0.028571	0.012053	0.035841	0.008041	0.012173	0.022888	
0.031638	0.035497	0.007206	0.002326	0.024410	0.025535	0.021352	0.028426	0.026899	0.028649	0.011257	0.034464	0.006972	0.006396	0.029782	0.015877	0.014172	0.034704	0.019248	0.024147	0.011447	0.016250	0.024889	0.015842	0.014432	0.029669	0.007429	0.019065	0.031407	0.002384	0.018002	0.015570	0.035505	0.027287	0.001778	0.025151	0.017628	0.005533	0.031656	0.013339	0.024433	0.025761	0.016464	0.019919	0.006956	0.033868	0.033068	0.010046	0.032662	0.003603	
0.021075	0.006587	0.009636	0.004760	0.035127	0.008048	0.003433	0.014374	0.014921	0.018885	0.024985	0.030717	0.037800	0.016498	0.029829	0.033151	0.041997	0.015695	0.024541	0.000582	0.028487	0.003666	0.003958	0.024309	0.003886	0.027288	0.033899	0.042267	0.004386	0.015375	0.018313	0.022925	0.034889	0.025288	0.004482	0.013341	0.019569	0.030152	0.039442	0.040691	0.015081	0.020460	0.024993	0.008840	0.025106	0.039430	0.026409	0.001176	0.000752	0.008499	
0.031529	0.039574	0.034128	0.018127	0.031034	0.017362	0.009102	0.022548	0.022670	0.017848	0.009699	0.002117	0.010414	0.028333	0.018454	0.037862	0.017859	0.030568	0.008361	0.032429	0.037636	0.037661	0.003500	0.026881	0.005868	0.005875	0.020087	0.026363	0.017455	0.008987	0.014303	0.036368	0.017059	0.026923	0.006668	0.005000	0.003166	0.005623	0.000089	0.032025	0.030878	0.036057	0.042152	0.040234	0.000455	0.007437	0.011780	0.012055	0.029774	0.011621	
0.024645	0.011333	0.022298	0.036907	0.027005	0.019827	0.004401	0.022148	0.004196	0.009936	0.035061	0.022265	0.003344	0.035493	0.017629	0.012459	0.007263	0.008946	0.033798	0.018549	0.017279	0.011182	0.020190	0.008296	0.016578	0.007703	0.033748	0.021802	0.024771	0.036209	0.033806	0.026402	0.008320	0.016079	0.009519	0.016220	0.034247	0.007897	0.035949	0.034699	0.018912	0.037443	0.014275	0.007533	0.029459	0.014277	0.033856	0.013806	0.026781	0.005263	
0.011845	0.029460	0.024891	0.018602	0.021885	0.032614	0.035144	0.001300	0.003182	0.004380	0.013331	0.030269	0.024558	0.017219	0.039787	0.032255	0.019669	0.000029	0.016458	0.027982	0.038655	0.018757	0.016975	0.035587	0.024408	0.014334	0.000042	0.025356	0.012602	0.022400	0.014975	0.007713	0.023695	0.016858	0.000749	0.003132	0.000975	0.029639	0.031690	0.023659	0.031261	0.002500	0.010398	0.009959	0.021711	0.039684	0.028058	0.023324	0.026656	0.039388	
0.016674	0.015467	0.035643	0.024667	0.003102	0.030469	0.031341	0.025095	0.027933	0.034885	0.000774	0.006710	0.006731	0.021666	0.001524	0.007608	0.015596	0.031610	0.019981	0.011659	0.032079	0.037567	0.004575	0.019356	0.036787	0.010744	0.017735	0.014907	0.038608	0.001066	0.036596	0.022656	0.014196	0.000548	0.037697	0.015673	0.026745	0.032356	0.006737	0.035966	0.007420	0.035316	0.018442	0.003306	0.036810	0.007781	0.031676	0.009325	0.009865	0.028328	
0.041445	0.015250	0.016183	0.021635	0.019239	0.040143	0.004314	0.014689	0.041180	0.005530	0.024231	0.015385	0.001897	0.017822	0.008021	0.003357	0.040290	0.038009	0.031221	0.042338	0.014736	0.008096	0.030015	0.033060	0.024442	0.004223	0.001848	0.013446	0.021854	0.004191	0.034134	0.001127	0.002289	0.037236	0.018685	0.001860	0.013601	0.005489	0.016050	0.036249	0.037531	0.026259	0.009574	0.022380	0.031585	0.012196	0.035195	0.019441	0.027986	0.013044	
0.003691	0.030649	0.046072	0.004118	0.004297	0.019407	0.036999	0.035080	0.032196	0.037866	0.004201	0.013278	0.036038	0.005099	0.000458	0.015272	0.025672	0.015743	0.029262	0.029738	0.006263	0.007583	0.014597	0.004445	0.004743	0.017548	0.019646	0.010697	0.039292	0.032711	0.015604	0.023212	0.006928	0.003657	0.006270	0.010666	0.019835	0.038983	0.025056	0.003843	0.013037	0.035885	0.035661	0.024619	0.040613	0.011088	0.028371	0.036657	0.024253	0.013101	
0.015538	0.005080	0.004790	0.037877	0.008235	0.006735	0.015767	0.006770	0.011134	0.012946	0.038247	0.039628	0.005575	0.018820	0.031974	0.012841	0.006940	0.018227	0.007721	0.041074	0.039041	0.009334	0.011168	0.032003	0.018693	0.038397	0.010713	0.023666	0.004827	0.020732	0.024666	0.030712	0.025212	0.012969	0.030518	0.042792	0.045123	0.030744	0.023541	0.001093	0.003290	0.000992	0.003240	0.021608	0.008004	0.008594	0.032561	0.040583	0.039916	0.019350	
0.011636	0.028154	0.038287	0.026008	0.003360	0.037241	0.004602	0.036600	0.012693	0.025654	0.005864	0.026940	0.019594	0.032070	0.006057	0.016157	0.024492	0.002752	0.019001	0.014525	0.027311	0.000376	0.027852	0.014508	0.031144	0.003249	0.007868	0.015541	0.015632	0.012040	0.006784	0.025323	0.014793	0.008453	0.033785	0.031149	0.035094	0.009074	0.021143	0.037652	0.038221	0.023694	0.011696	0.021684	0.023429	0.030661	0.018015	0.020720	0.018801	0.022619	
0.036624	0.011591	0.035853	0.019321	0.020481	0.010426	0.014318	0.029316	0.012945	0.012879	0.003994	0.040728	0.045595	0.029747	0.001935	0.003437	0.032748	0.006899	0.020202	0.015022	0.032071	0.016201	0.036922	0.031255	0.020586	0.021339	0.037195	0.000178	0.016172	0.010796	0.024959	0.018105	0.020480	0.043624	0.046101	0.009546	0.001740	0.002231	0.000992	0.012334	0.008988	0.041605	0.037520	0.024786	0.022907	0.015191	0.009973	0.004070	0.016077	0.011993	
0.033494	0.025384	0.003914	0.006769	0.012044	0.027204	0.001020	0.010716	0.026247	0.014877	0.015560	0.004861	0.025086	0.033050	0.023064	0.017905	0.012774	0.017859	0.029209	0.028504	0.038548	0.035526	0.009130	0.015746	0.011855	0.021523	0.015293	0.012671	0.008674	0.002586	0.032538	0.029868	0.040642	0.024804	0.010727	0.003208	0.028531	0.031340	0.017465	0.017671	0.022588	0.014960	0.014115	0.021380	0.016919	0.032734	0.011282	0.023194	0.032978	0.031963	
0.027977	0.035875	0.035012	0.026027	0.031053	0.018801	0.015470	0.006124	0.021921	0.017236	0.016066	0.029080	0.013009	0.010323	0.026135	0.003281	0.018958	0.023805	0.023371	0.007468	0.021977	0.004772	0.026548	0.019201	0.000616	0.005842	0.022492	0.025849	0.021366	0.035461	0.029974	0.000381	0.034243	0.015362	0.021122	0.029006	0.014668	0.004842	0.017766	0.025442	0.007804	0.003397	0.005223	0.034614	0.020110	0.022963	0.029200	0.029703	0.030472	0.032592	
0.003282	0.013743	0.009782	0.007579	0.017674	0.009825	0.030905	0.004064	0.007304	0.032787	0.034646	0.018841	0.020334	0.021189	0.001686	0.033905	0.015267	0.041097	0.025633	0.010514	0.018454	0.012781	0.037782	0.028351	0.038338	0.038053	0.037766	0.005013	0.025850	0.012691	0.037819	0.013345	0.008704	0.035360	0.036123	0.024530	0.002265	0.021329	0.005129	0.014733	0.029298	0.013610	0.002179	0.012247	0.010123	0.016148	0.028945	0.024901	0.013460	0.034614	
0.012707	0.029395	0.001021	0.030015	0.034631	0.033715	0.026637	0.023250	0.028461	0.027613	0.024509	0.023912	0.021101	0.013150	0.022428	0.003365	0.008720	0.013853	0.023776	0.024259	0.029509	0.008619	0.014692	0.027024	0.005158	0.030349	0.019652	0.026346	0.033510	0.017100	0.027519	0.009591	0.015673	0.011509	0.015523	0.010977	0.018321	0.030129	0.024724	0.002037	0.013601	0.017157	0.024742	0.016733	0.019545	0.032510	0.013808	0.017899	0.033911	0.005616	
0.020595	0.006196	0.010183	0.033805	0.006907	0.030948	0.038215	0.037911	0.023394	0.002725	0.030560	0.017012	0.004812	0.035006	0.006091	0.026926	0.016101	0.022789	0.002219	0.019657	0.005303	0.026829	0.039861	0.025810	0.011586	0.004130	0.022643	0.024409	0.037151	0.014190	0.023355	0.031561	0.013163	0.001258	0.000768	0.031576	0.027341	0.005152	0.035493	0.001030	0.037588	0.019947	0.007542	0.032362	0.003664	0.038168	0.026174	0.009255	0.017425	0.033211	
0.001563	0.022172	0.003639	0.021758	0.030665	0.031257	0.037508	0.024943	0.037487	0.019920	0.024325	0.028402	0.018678	0.016763	0.032046	0.002046	0.020560	0.019433	0.009743	0.016586	0.035166	0.015147	0.000998	0.005840	0.028826	0.009480	0.020352	0.024192	0.019561	0.034092	0.009099	0.021536	0.002742	0.012178	0.011774	0.009369	0.011104	0.012543	0.035169	0.036630	0.036075	0.021595	0.025960	0.017303	0.001850	0.033990	0.016414	0.036866	0.005916	0.028736	
0.037751	0.019792	0.009319	0.005985	0.030765	0.021663	0.009176	0.024836	0.011016	0.031974	0.018858	0.034219	0.017911	0.033339	0.002376	0.003936	0.003547	0.007606	0.037463	0.010078	0.017256	0.029328	0.029054	0.025298	0.022796	0.014869	0.022160	0.011302	0.036743	0.035312	0.006194	0.027655	0.028817	0.003687	0.037911	0.002993	0.027284	0.035504	0.023807	0.037222	0.020811	0.028952	0.000282	0.021260	0.028201	0.017577	0.022338	0.003412	0.008415	0.001947	
0.002255	0.030349	0.008577	0.008496	0.004322	0.032078	0.031173	0.023584	0.026309	0.020876	0.001082	0.036159	0.027073	0.020293	0.013852	0.029894	0.013216	0.018605	0.035155	0.002067	0.028654	0.031051	0.010188	0.001845	0.024921	0.036155	0.028240	0.004590	0.021389	0.004215	0.028799	0.005021	0.032641	0.006457	0.033709	0.004345	0.025786	0.007189	0.031588	0.028966	0.035888	0.021457	0.005664	0.030474	0.035554	0.021409	0.009276	0.025103	0.012584	0.021428	
0.021480	0.036474	0.019024	0.006951	0.042054	0.017768	0.004139	0.016492	0.036287	0.044616	0.032724	0.000245	0.018271	0.008075	0.035747	0.022590	0.033608	0.014819	0.034345	0.007182	0.005124	0.009289	0.027810	0.022026	0.002877	0.001611	0.036528	0.003727	0.023787	0.037362	0.003327	0.037940	0.004870	0.034411	0.002163	0.007097	0.002793	0.042056	0.023829	0.022377	0.029594	0.021200	0.012057	0.017577	0.023639	0.033226	0.013357	0.007189	0.002394	0.035872	
0.019135	0.002897	0.001067	0.015685	0.017103	0.021093	0.006071	0.035756	0.024592	0.015833	0.018879	0.017946	0.023058	0.015821	0.027015	0.030143	0.019182	0.005696	0.009368	0.004971	0.030158	0.012080	0.011702	0.001875	0.029184	0.021004	0.022439	0.030415	0.022737	0.031481	0.031491	0.017931	0.012583	0.006856	0.000099	0.037773	0.018642	0.037777	0.025027	0.032266	0.034502	0.015697	0.034573	0.031781	0.023838	0.026719	0.001095	0.018223	0.012005	0.036740	
0.033771	0.025029	0.019642	0.036297	0.014924	0.008294	0.037650	0.028214	0.034746	0.005395	0.032120	0.020746	0.019229	0.025162	0.010153	0.003384	0.003861	0.019361	0.009990	0.002766	0.035032	0.010743	0.021590	0.028623	0.027301	0.023880	0.023257	0.037038	0.037881	0.005826	0.010989	0.027464	0.008141	0.020810	0.018635	0.002252	0.016788	0.007476	0.028771	0.016870	0.004097	0.018710	0.008156	0.036095	0.034952	0.012470	0.015272	0.002150	0.033424	0.034571	
0.031894	0.023296	0.017396	0.009647	0.039499	0.008754	0.009776	0.021873	0.036177	0.030523	0.006649	0.013056	0.013815	0.003789	0.036800	0.000005	0.016338	0.020920	0.035125	0.005002	0.020180	0.036790	0.004273	0.031770	0.004679	0.027829	0.021749	0.029861	0.007117	0.025942	0.035351	0.031380	0.016190	0.002779	0.020632	0.008700	0.024235	0.034194	0.006749	0.020008	0.021540	0.008369	0.027022	0.034813	0.033049	0.009637	0.016009	0.030801	0.016647	0.011369	
0.007431	0.019137	0.029117	0.023345	0.019962	0.011035	0.025170	0.042292	0.030883	0.006352	0.020195	0.029957	0.030155	0.006184	0.021872	0.003897	0.002607	0.027455	0.006849	0.008150	0.029995	0.020012	0.037059	0.031455	0.020435	0.033422	0.016116	0.033537	0.020160	0.013010	0.028171	0.017344	0.029262	0.017842	0.022563	0.007194	0.036610	0.005277	0.002859	0.006028	0.042831	0.005077	0.026062	0.002436	0.008387	0.023583	0.033301	0.006330	0.029671	0.021924	
0.018296	0.004925	0.016358	0.016897	0.012165	0.025129	0.011834	0.001359	0.031408	0.007029	0.005190	0.028976	0.003199	0.033944	0.036922	0.045454	0.035027	0.024718	0.001688	0.000338	0.029317	0.020970	0.031463	0.001448	0.028537	0.021489	0.002007	0.024626	0.012964	0.013749	0.016745	0.022238	0.007929	0.044635	0.003825	0.011093	0.005997	0.042531	0.037823	0.023558	0.047674	0.024314	0.044151	0.047251	0.014729	0.003524	0.003192	0.031272	0.010443	0.009649	
0.032691	0.038709	0.004218	0.012124	0.018334	0.044348	0.040840	0.039321	0.004374	0.038335	0.011968	0.015091	0.034736	0.007056	0.019774	0.009156	0.037297	0.024946	0.009312	0.006836	0.029085	0.031371	0.021180	0.000777	0.010974	0.010778	0.043445	0.031376	0.041731	0.012621	0.005268	0.003674	0.004235	0.016206	0.032890	0.009272	0.010166	0.008329	0.033736	0.005522	0.043305	0.036455	0.007540	0.014630	0.015323	0.007563	0.015262	0.006565	0.012206	0.029050	
0.004147	0.010123	0.030050	0.019182	0.020122	0.027905	0.036285	0.013700	0.016523	0.011507	0.034958	0.008014	0.006166	0.028583	0.033744	0.032848	0.037019	0.023050	0.014175	0.017698	0.022595	0.005348	0.029905	0.023497	0.012364	0.027982	0.031341	0.035803	0.017755	0.000487	0.009952	0.010996	0.011813	0.007913	0.019214	0.029836	0.003930	0.036473	0.014519	0.002241	0.027426	0.003137	0.035714	0.030788	0.012125	0.010664	0.035817	0.029083	0.003490	0.031993	
0.036461	0.024919	0.036837	0.020385	0.015026	0.007428	0.003525	0.032641	0.025905	0.001632	0.018570	0.026725	0.027071	0.001302	0.023731	0.027649	0.014668	0.022508	0.009127	0.025223	0.006695	0.031398	0.003024	0.020359	0.028394	0.036822	0.004525	0.017106	0.031788	0.008343	0.030692	0.027352	0.019122	0.024496	0.037039	0.023209	0.022379	0.033177	0.013414	0.037246	0.014656	0.024633	0.009651	0.034988	0.009384	0.013705	0.008457	0.000812	0.007568	0.018230	
0.022397	0.011761	0.017521	0.016215	0.007590	0.033113	0.039547	0.027563	0.005259	0.028398	0.034749	0.012950	0.034493	0.035806	0.026655	0.032716	0.027711	0.005967	0.033233	0.036540	0.008404	0.011237	0.012240	0.028340	0.038550	0.020582	0.033373	0.021606	0.016213	0.001195	0.024628	0.027190	0.016735	0.035868	0.034316	0.004846	0.017123	0.014202	0.001080	0.014591	0.002547	0.038287	0.006393	0.017113	0.001645	0.005661	0.014087	0.021676	0.000763	0.019324	
0.030242	0.034352	0.009023	0.015134	0.008012	0.034053	0.016629	0.026509	0.003100	0.027620	0.009132	0.011000	0.027181	0.011282	0.026179	0.021801	0.031483	0.008661	0.024852	0.020710	0.027607	0.014733	0.034903	0.013534	0.034867	0.018221	0.011645	0.033131	0.013951	0.027782	0.004313	0.033688	0.023144	0.005715	0.015200	0.011140	0.014774	0.034038	0.032624	0.027411	0.016392	0.018323	0.000561	0.031070	0.017741	0.013423	0.021065	0.000242	0.030796	0.021010	
0.005391	0.023929	0.019549	0.031731	0.026404	0.020845	0.030132	0.023153	0.014258	0.007224	0.011729	0.022954	0.031751	0.032147	0.034657	0.015322	0.001434	0.014788	0.023712	0.031152	0.016779	0.011426	0.029221	0.001754	0.020529	0.020842	0.000306	0.017433	0.014817	0.013527	0.013992	0.027200	0.012790	0.032466	0.032022	0.013307	0.032023	0.011844	0.011638	0.013924	0.005256	0.029126	0.033906	0.016762	0.031179	0.020548	0.032252	0.033879	0.009233	0.017756	
0.039543	0.016801	0.005267	0.000220	0.000927	0.034856	0.027191	0.004102	0.015440	0.031153	0.005468	0.011741	0.040728	0.002082	0.023866	0.010313	0.026173	0.033134	0.034990	0.018486	0.010255	0.039399	0.006902	0.036579	0.024250	0.002117	0.019513	0.030405	0.006573	0.032210	0.018796	0.026823	0.016829	0.016372	0.003531	0.023891	0.022214	0.023570	0.031101	0.001592	0.000948	0.036077	0.024798	0.040679	0.005162	0.022595	0.025642	0.017519	0.019927	0.031248	
0.021439	0.025442	0.013750	0.003374	0.035963	0.019338	0.021956	0.036427	0.033512	0.016383	0.015889	0.020977	0.004939	0.040025	0.007062	0.019049	0.029293	0.004697	0.018605	0.014540	0.029329	0.038950	0.028531	0.008638	0.003278	0.010496	0.027284	0.005907	0.017511	0.007082	0.017361	0.035304	0.005083	0.011115	0.012111	0.014889	0.031704	0.012625	0.020005	0.036544	0.035823	0.020658	0.027559	0.008367	0.036981	0.002874	0.025894	0.002036	0.025661	0.037737	
0.022963	0.004468	0.009267	0.001207	0.024790	0.003031	0.024681	0.001568	0.009909	0.035441	0.040087	0.000258	0.011199	0.019965	0.008612	0.002805	0.036546	0.024904	0.027223	0.002397	0.024355	0.035047	0.020793	0.035137	0.005341	0.013331	0.005370	0.038860	0.036524	0.040563	0.002585	0.008176	0.041407	0.014297	0.031737	0.024200	0.040673	0.034478	0.040778	0.008682	0.003718	0.004728	0.001515	0.024733	0.042396	0.023278	0.031596	0.017104	0.015988	0.021287	
0.007393	0.019414	0.037264	0.037777	0.013801	0.032053	0.015737	0.021462	0.004152	0.029433	0.034664	0.009835	0.028502	0.002593	0.036363	0.027596	0.011012	0.034480	0.013333	0.010622	0.004829	0.028434	0.018592	0.006623	0.000186	0.024801	0.018770	0.000364	0.030851	0.005488	0.013669	0.034837	0.036685	0.036037	0.006384	0.021186	0.027250	0.011876	0.037742	0.025370	0.022665	0.007552	0.023512	0.003518	0.004493	0.025140	0.017648	0.014491	0.029069	0.034453	
0.005383	0.036183	0.029218	0.008435	0.037318	0.012581	0.016502	0.022241	0.032746	0.033906	0.037833	0.017508	0.027972	0.010770	0.007158	0.000745	0.031823	0.021761	0.004192	0.003948	0.028569	0.001960	0.002304	0.034264	0.014054	0.039140	0.013408	0.035825	0.001506	0.024050	0.016890	0.024186	0.019870	0.008521	0.023659	0.015858	0.007277	0.039976	0.040334	0.026411	0.001726	0.022185	0.021082	0.026138	0.016238	0.016622	0.032765	0.008347	0.037371	0.001238	
0.013855	0.026532	0.032569	0.030763	0.034356	0.005257	0.022408	0.007651	0.001688	0.006959	0.023232	0.001139	0.001520	0.031978	0.021692	0.025093	0.034170	0.035118	0.028293	0.023700	0.023998	0.029729	0.003777	0.018523	0.020766	0.004794	0.009062	0.030920	0.033006	0.022372	0.029655	0.017651	0.031606	0.013766	0.015957	0.032338	0.012051	0.027482	0.007430	0.016410	0.011400	0.035065	0.011781	0.023495	0.026256	0.030908	0.006596	0.014056	0.021056	0.010120	
0.000534	0.002990	0.031881	0.000877	0.012003	0.023822	0.035714	0.017677	0.012779	0.006711	0.024588	0.027242	0.011503	0.027313	0.023421	0.018887	0.026468	0.023749	0.036409	0.037491	0.027637	0.007306	0.005217	0.000828	0.031502	0.036505	0.037340	0.007276	0.017273	0.001340	0.021336	0.027809	0.035626	0.024351	0.025042	0.019603	0.030933	0.016951	0.025919	0.008485	0.026786	0.021167	0.021022	0.031931	0.028883	0.019091	0.019842	0.002570	0.000962	0.017408	
0.000327	0.009612	0.010123	0.000889	0.023571	0.012242	0.018768	0.005546	0.019448	0.009028	0.015922	0.040150	0.006262	0.010811	0.010468	0.008623	0.009573	0.045237	0.040973	0.015372	0.027747	0.020641	0.024537	0.014289	0.023407	0.003652	0.026303	0.039827	0.017124	0.034062	0.019489	0.035538	0.007443	0.049758	0.046924	0.022095	0.020828	0.003772	0.035246	0.002934	0.044304	0.001664	0.017210	0.046261	0.009684	0.027653	0.006549	0.016682	0.030997	0.010436	
0.014078	0.017024	0.033771	0.007596	0.014800	0.006859	0.007550	0.019074	0.024050	0.027351	0.002522	0.019738	0.024607	0.032790	0.032363	0.027731	0.027504	0.018985	0.026070	0.029741	0.023795	0.009563	0.033294	0.025648	0.003979	0.035897	0.017736	0.009006	0.011243	0.001019	0.029165	0.025489	0.000522	0.032116	0.015375	0.033309	0.027973	0.005246	0.027569	0.007578	0.033616	0.023546	0.017607	0.019249	0.010856	0.005637	0.018287	0.035640	0.034179	0.011659	
0.020057	0.015387	0.026649	0.025908	0.018102	0.007978	0.029907	0.004898	0.028638	0.034324	0.015621	0.027148	0.024310	0.020155	0.023872	0.000165	0.001427	0.024226	0.034507	0.007735	0.005397	0.024845	0.003516	0.027731	0.003479	0.019144	0.038229	0.029500	0.001266	0.030168	0.022329	0.039860	0.011590	0.037006	0.034065	0.018752	0.002253	0.013629	0.025709	0.030643	0.000755	0.010588	0.026267	0.017299	0.032546	0.014083	0.029805	0.025324	0.031786	0.001418	
0.008036	0.020264	0.008001	0.010406	0.031443	0.007003	0.017363	0.021724	0.003650	0.004327	0.015743	0.019389	0.019008	0.010334	0.021474	0.014592	0.018415	0.003455	0.042409	0.003328	0.034365	0.022547	0.029641	0.032381	0.012712	0.033414	0.034625	0.004335	0.036610	0.022694	0.015589	0.021676	0.018382	0.007670	0.034985	0.005661	0.020090	0.027465	0.001291	0.033633	0.033763	0.033586	0.005067	0.008062	0.040329	0.001576	0.034496	0.022203	0.029506	0.041281	
0.003369	0.020017	0.023759	0.010386	0.015842	0.034875	0.030555	0.000394	0.031904	0.022628	0.001308	0.018098	0.034004	0.004687	0.001130	0.040135	0.016340	0.013653	0.031222	0.007896	0.037656	0.014067	0.008630	0.034879	0.013687	0.036702	0.008775	0.004375	0.013950	0.018247	0.021740	0.019309	0.025896	0.014464	0.038516	0.008880	0.041227	0.013330	0.007137	0.016354	0.005121	0.033000	0.034567	0.016593	0.023594	0.032664	0.042873	0.008686	0.020699	0.022185	
0.025143	0.030610	0.010468	0.021423	0.008261	0.036535	0.010433	0.023619	0.034410	0.014174	0.017435	0.019213	0.007893	0.003567	0.034662	0.031598	0.027892	0.031596	0.035946	0.003621	0.008393	0.009671	0.036189	0.010125	0.013088	0.001492	0.022192	0.029079	0.012545	0.014916	0.033072	0.031490	0.018004	0.025295	0.034597	0.036226	0.000215	0.020146	0.037751	0.004588	0.030428	0.001093	0.000304	0.013007	0.030637	0.021912	0.006835	0.012732	0.024123	0.031357	
0.003690	0.015077	0.032863	0.031528	0.035323	0.038125	0.016277	0.009187	0.042493	0.003583	0.005398	0.022060	0.018992	0.002881	0.021563	0.003271	0.014912	0.010522	0.002288	0.025147	0.029588	0.007802	0.034021	0.013317	0.039194	0.035755	0.017127	0.019130	0.025942	0.024055	0.024267	0.032711	0.005440	0.017370	0.030476	0.021858	0.005448	0.024824	0.017474	0.001658	0.029001	0.028164	0.013353	0.042322	0.019387	0.030858	0.036895	0.008303	0.001387	0.007693	
0.011003	0.019724	0.029352	0.020128	0.016074	0.030677	0.012770	0.024122	0.005168	0.001671	0.024494	0.031529	0.010654	0.017450	0.004686	0.028228	0.022448	0.032957	0.033161	0.024710	0.034603	0.008374	0.036113	0.006622	0.029947	0.026124	0.030262	0.034734	0.018089	0.035379	0.026566	0.012206	0.016529	0.011968	0.031239	0.007389	0.003229	0.018816	0.029900	0.012597	0.004713	0.004358	0.030105	0.020549	0.025814	0.031879	0.003340	0.024613	0.008617	0.014319	
0.99
