50
2
-18.218314	-6.887857	-8.691816	-17.599108	14.794285	1.162106	19.708716	14.720786	6.467657	-21.643651	14.363501	-6.053699	-1.468881	-21.044966	-17.329177	-6.140790	-7.437329	-22.624745	-13.133741	-15.177753	-5.677468	16.689540	13.747314	15.176712	-15.425861	7.936379	1.823255	-1.198676	7.369525	-0.586589	1.967255	20.955642	-2.222185	6.837124	5.167983	-12.182337	12.958933	2.054252	-10.427850	18.354662	-24.417543	-10.340621	24.444154	-0.737298	4.201019	-24.091797	19.530170	-18.934022	6.806887	19.307726	
-13.002847	-8.891615	2.253664	15.090447	-12.299612	6.619627	8.249435	0.314102	7.639923	13.746330	-8.913990	4.103355	6.400290	-2.825546	14.886910	-12.090517	-14.478869	-0.548491	-8.728937	15.001922	13.852331	-15.296720	-14.980409	-5.294531	7.396506	-13.884966	-5.848758	-9.817420	-6.593694	0.692125	-1.765624	-15.564979	3.202142	-4.324772	-15.391664	-15.693559	-11.455102	12.112297	7.181390	0.537067	14.374696	-8.831746	2.559579	-13.557088	9.130476	-0.205778	1.343585	7.359050	-15.355417	14.612552	
-10.106221	0.554544	15.859406	-1.622195	22.162377	-16.815946	-15.484629	-16.772545	-24.315347	-7.574081	-12.566921	13.641022	-25.554493	4.730183	5.298484	-22.634071	10.644607	3.504487	25.339759	-2.419124	-2.430287	-24.079938	-24.240911	-1.851780	18.114964	4.509855	-13.159696	23.809833	22.525747	-2.698275	-2.660230	-10.708781	-25.549275	-23.900907	18.251071	25.940258	4.840677	-1.546147	15.054158	-0.776631	-7.569221	-23.424360	25.576967	23.906824	-17.832857	-12.055828	-7.988608	3.075789	-21.299890	11.837791	
15.710791	9.079856	-26.304916	-7.105725	3.991008	-4.550620	20.766954	23.101967	-15.249375	6.960396	4.137832	4.950694	26.999793	-22.442411	24.543052	-16.341179	4.911893	-9.504484	-17.436149	-10.373135	4.300831	-9.563801	6.147827	-8.902270	20.022874	-26.046830	18.706681	-27.011845	-10.648785	-27.713417	13.596096	-0.842398	0.966831	-20.992472	14.977457	5.378139	0.678679	25.384787	-14.593767	-11.261887	25.338509	19.166669	15.678134	-24.375249	2.797969	-23.865037	15.925833	6.947789	-13.662438	24.469542	
21.150073	3.232675	14.936429	-28.069731	-24.407528	10.524938	-24.299086	17.413681	-25.477903	-2.987844	-18.419631	-28.221653	-7.157988	16.849605	-5.278365	7.210568	-20.184221	15.334911	-24.617695	14.222657	12.311989	7.090712	18.318541	-19.238441	21.492397	-9.378617	-3.607876	-15.936495	25.559259	-21.430636	-21.557063	10.063150	10.641504	13.025433	-7.407610	-1.394695	-27.539771	25.440248	6.782954	2.274952	-24.127060	-22.382774	13.506177	-16.329506	-4.601406	-12.939468	27.278040	19.394874	24.573147	-13.950452	
-6.301113	-12.802420	-4.336029	-1.234695	1.069591	12.320698	14.062536	10.538949	-9.282816	19.166656	-18.253648	16.917740	7.948687	11.060720	-5.981913	4.244783	16.440840	7.527017	-16.192011	8.442795	-2.571869	-11.292417	19.324467	-15.723292	7.750915	18.929339	0.676603	16.019683	0.745468	-5.139963	-13.123030	18.835636	-0.993532	-15.422491	-3.699829	13.006976	-2.100508	15.512348	-11.752934	9.754119	11.907291	-18.509362	-2.552763	-2.258951	3.471306	-4.955547	-5.937723	12.935358	-16.621030	-18.170973	
16.590616	-4.232440	-11.097641	20.667714	1.491807	16.093669	3.413330	3.689144	9.291790	7.905049	0.019175	-3.522258	-23.187504	-10.452931	-2.923076	-19.078053	6.594745	-10.548028	6.911773	14.788593	0.193460	-18.547945	1.905020	18.701090	-13.769282	-9.722043	-3.381499	-15.539985	-19.870168	-23.766567	20.540895	-4.738476	-13.826981	-8.506212	1.364309	-16.551870	-11.421134	-2.069584	12.047398	15.869334	7.940270	17.337176	-22.189501	19.728406	18.440033	-3.704491	0.812997	19.856853	0.902841	-9.363763	
-2.723438	9.937854	-16.214809	-3.470365	-4.149841	-7.044481	3.048791	-5.501989	-22.352386	-21.757032	22.215946	-12.922907	-3.408302	-9.751622	5.350108	-19.168066	-12.646552	4.266882	-21.796778	-2.687719	16.095148	-23.146043	-4.227944	-15.920363	14.748478	-19.572086	11.584162	-24.862159	7.303437	-1.177270	-8.112706	-18.108773	-14.052272	20.272142	-1.253636	-15.619317	8.182514	-24.286240	8.546554	2.311412	1.821606	-17.309362	22.788436	-22.475495	-23.628069	2.977523	-6.921142	20.619163	23.831341	-10.746098	
5.228248	-23.692248	6.467965	-2.426975	-23.274500	-24.367376	13.826301	-9.535630	22.477973	9.849224	0.829752	-0.326798	-1.300267	24.086307	3.895908	-10.819194	-21.660086	8.292223	-12.970561	-20.157574	-24.674328	-23.734073	-24.677095	16.448531	23.385400	-4.365480	-16.349302	12.664639	7.759946	6.314134	0.746402	0.375918	-12.072614	6.072183	8.674439	-10.913943	24.241597	21.045422	0.307861	11.619065	15.393176	-16.084708	4.053122	-17.110202	-3.368156	-0.451763	17.349197	7.346465	3.303306	-0.028109	
0.694428	-7.335228	4.714584	-19.968140	-17.436571	-1.606402	11.495726	-1.168629	0.802449	-10.685526	25.830991	-14.256682	3.295573	16.131497	-6.929568	-5.264563	13.154826	-12.376858	0.067702	-11.695167	-2.592177	-20.207475	-20.668186	-18.935945	-5.162419	10.005527	0.958283	-1.975065	25.108130	8.413582	-7.023851	11.034296	-19.961559	4.666209	-25.974551	21.162673	1.211069	-9.457975	-11.590058	-6.203102	25.226993	-19.661786	18.453511	22.597668	9.236152	-25.562280	-8.646988	2.854012	2.531996	13.435234	
-18.421999	5.365895	-12.856261	-2.344403	1.790310	1.811991	-24.204686	-3.182902	-23.988144	18.908340	9.980164	23.259705	10.534547	-2.971347	-20.028919	-15.629669	15.154549	5.013288	-18.784180	22.157066	-13.585807	-15.318346	23.102527	-22.430301	-16.349443	-4.266564	-16.556763	-5.708193	7.756220	17.500869	-11.358632	-7.981621	-10.584203	-5.979152	21.844394	16.024846	-16.494078	14.327163	-6.988732	-1.674313	22.470314	-22.580494	-13.534252	12.510688	4.456336	-14.977671	-22.848371	-4.674016	-21.243937	23.329926	
7.123264	0.302097	1.061052	-20.125588	20.435101	11.375554	18.985305	-20.246787	2.652716	12.814113	-12.894832	-0.674875	-8.838769	-20.399495	14.467973	3.728621	-1.991428	7.190071	19.112356	-12.736205	-17.659966	-21.423553	-19.391369	18.272530	-1.020490	-11.357280	16.917232	8.008010	4.990885	3.158345	18.676764	13.873724	-21.713747	-9.822822	5.025800	6.906525	-17.420264	18.400640	-13.515131	21.907391	-7.248637	9.100988	14.827412	-7.998378	9.348515	12.304008	17.280088	7.219036	-11.420573	4.620797	
-13.473727	14.840497	-3.533355	7.558175	0.337331	11.207191	5.586081	9.077333	-0.322678	5.784668	-20.780897	-12.274845	2.857821	11.668530	5.659236	-16.857675	19.764817	-7.974237	10.281087	-20.687427	-6.812995	-18.957852	9.975015	-0.102137	1.911795	-19.558797	5.016968	-19.036933	-20.181812	-1.742985	-19.851115	10.836581	7.704982	-19.794445	-8.494047	-0.405157	4.880968	-1.467171	-5.962314	11.404251	7.666560	-18.573298	5.930297	12.605365	-6.751053	4.951278	5.622556	6.490574	15.405972	2.360998	
22.629014	-18.283410	-15.805762	-27.533595	-18.823034	-17.394611	21.290454	21.201543	13.838206	-11.535282	3.248658	16.545309	15.327142	8.790129	2.683627	19.067028	10.873070	-9.468233	-27.681191	26.092177	8.893518	5.756482	-21.939941	-18.717789	22.261912	20.108833	-20.829266	-9.030814	-15.405970	-4.633308	25.010244	-15.493186	-2.992123	7.798187	-10.139844	-14.297924	3.437190	-26.701957	-27.379802	3.415403	1.915601	14.639909	11.651881	16.201358	-3.940137	-12.033693	8.096314	20.266987	-15.930250	-5.069935	
-26.293384	22.126978	-31.520025	6.096858	6.792599	-22.807668	-29.761680	27.330755	-16.237870	-31.132742	0.588844	8.067893	-31.604586	7.216432	-12.471715	-7.416659	1.002084	-2.334048	-20.881830	-13.784183	11.275018	0.670038	-22.741570	28.341184	-0.157703	3.834473	30.990847	8.311709	0.324455	8.884895	-23.162742	-10.110478	5.237026	-6.870587	12.469443	-5.584193	26.296053	-3.436035	17.710503	29.614961	-29.232315	-0.282094	24.764041	-27.996486	13.327174	30.400572	15.811641	-22.127859	25.029896	2.629540	
-3.687329	-20.431561	-12.392326	-21.960818	-25.710543	23.528995	2.887163	16.033947	17.836002	-27.347554	-7.748406	8.408582	-8.122506	8.013833	-22.244016	24.215582	8.557324	-9.190818	-13.795359	-27.281936	3.984115	-21.812046	9.805340	-18.261472	-2.743550	-8.285676	3.065713	-7.877622	-21.510114	11.917087	-8.611110	13.226422	22.593640	13.231813	-3.568054	-17.701078	-17.669654	-27.349427	-26.843880	-22.068145	20.890067	28.578685	28.638191	5.295814	-13.740793	25.045767	-17.738652	9.170197	-12.008094	28.117210	
-3.764416	-7.999396	18.698349	-23.243433	-20.243869	5.689316	9.483476	23.525672	20.046575	-4.486814	-18.219880	0.984722	20.844016	-1.766902	-5.518799	20.257656	-6.062451	-4.242560	-20.760518	22.900614	-9.932105	24.275973	-5.671370	-7.091232	-8.510403	-25.622093	18.377728	21.858507	-25.406372	3.601483	-0.868164	-7.377649	21.351169	-19.797256	22.911734	-14.349982	-12.440918	-8.038237	-21.425097	5.163856	2.535455	-2.244961	-19.096319	-26.416099	-5.120097	-17.228844	2.856767	-26.219302	-10.780256	-26.842756	
-3.328509	15.977597	-9.937238	19.505128	-18.598344	-4.217018	-3.307935	11.887317	0.767414	11.363633	4.491036	11.895749	-14.172454	8.193787	-8.859955	12.160193	-6.064956	13.851005	-11.437666	-22.856018	-4.136177	-3.798038	0.068114	-9.796694	-23.337251	-18.660100	15.375532	7.647322	-23.338605	13.700666	-17.671391	13.018666	9.633426	18.945636	-22.556614	-1.916498	-1.884135	-17.780044	11.022803	12.279031	8.788963	15.571940	-6.341826	21.396036	-7.021887	8.280969	17.103069	-2.695488	-6.434118	-12.508121	
-31.584735	2.188620	-9.659281	-19.520097	-32.515532	-18.193087	9.338548	8.078923	14.274602	4.735444	25.703212	6.097619	-19.812566	-21.326543	-7.953220	-6.240788	-1.473498	-20.807038	-13.190655	-17.921781	-8.802534	-13.218272	-19.803691	-3.731503	19.776590	-31.870236	-27.573939	3.970457	31.759223	-22.827102	-33.258474	16.876105	-17.070580	11.059475	3.295279	-10.442844	27.266404	-29.832644	32.364639	16.530339	-32.789295	26.050586	-25.403662	12.508840	-3.049453	28.383513	-15.012648	27.170584	-14.046560	25.106535	
18.564403	6.138325	-11.234306	10.840838	-3.131350	-13.705981	18.240147	22.928997	-15.789398	-19.648526	2.637422	-12.902555	20.527384	19.264260	-23.057791	9.363756	1.867361	0.796404	-6.640692	-15.296402	-5.221179	19.007423	-25.941784	18.403874	-19.110461	-1.173629	10.429471	-11.699393	7.595616	-17.138559	1.383394	4.566012	7.075324	7.700814	-16.593443	7.628048	-6.177555	-12.910576	13.202186	-8.762372	19.501160	19.354433	-17.121349	-9.475618	17.615777	-17.840054	-17.723726	-3.952957	25.408125	16.363786	
-10.006113	18.183138	-7.866911	-5.841091	20.618253	10.052293	-21.677015	-20.497956	-16.085011	18.707467	6.108194	19.933161	-1.435687	-1.312317	-8.597335	1.348839	-6.250770	-19.615931	7.127244	11.040205	-7.711436	-23.489646	17.186675	5.797069	8.292400	10.767096	-21.507669	-11.126245	-11.236542	-8.233958	17.346035	-8.962901	-12.782963	-14.813277	9.917300	-24.001422	-11.856475	10.343763	-0.874521	-9.024877	-10.636926	-0.809397	20.925644	11.328674	-8.467687	-8.620332	-18.004317	20.321242	-21.651415	4.773532	
-14.043579	-16.616475	-19.721170	-19.257196	5.333889	8.795755	-12.757430	17.459596	-6.159580	-20.155420	-13.884957	-19.113153	-0.907672	20.288923	-6.783868	-22.931921	21.482138	-24.403184	23.225954	6.029647	23.498805	-17.721380	5.840910	-23.497322	-18.132966	3.441283	22.083246	-2.837903	7.947774	7.291278	-18.850199	-18.655667	-11.618380	-12.909290	-18.491373	-24.177808	5.529866	-12.659302	-8.521492	-24.020533	4.523826	8.948563	-4.942491	0.341651	-3.433552	-22.121611	3.647282	24.708797	-19.042230	10.730346	
13.894290	-10.192377	-21.148672	-22.608908	1.906773	19.694382	-0.869500	24.401849	2.148220	24.522726	8.950616	-12.927377	-22.916951	13.877777	23.907270	-14.941153	19.051650	-3.193861	13.475161	22.195919	8.216564	6.110466	-26.294229	-11.063873	-8.275268	-2.379835	-25.777844	22.305187	16.684318	21.899737	-0.492829	11.681286	-11.505836	19.802134	-21.964388	-5.827579	26.298873	-15.662105	18.633173	21.805868	-18.512157	7.895082	13.204922	-19.001166	-23.773425	3.281446	-0.680841	-4.773112	12.681187	5.672779	
-4.281549	1.375411	-17.631648	-9.236431	-20.924538	9.150650	-15.838306	-14.142784	18.659828	-1.826296	-5.881050	-8.073683	-2.940390	-18.730613	-4.720039	-3.993246	-8.906607	5.983999	-12.164626	-24.624205	-22.231825	-0.208796	-0.363264	10.570043	-5.211554	-8.908254	-16.047124	0.914731	-23.302779	1.310225	-1.002976	-2.629008	20.952744	19.219760	19.902452	-10.384844	4.763457	15.411648	-10.082915	4.141553	17.696131	-5.507484	8.535550	5.846633	-1.132407	-18.037163	1.831499	7.767418	6.353177	2.594520	
5.334805	15.025783	-4.660138	21.924028	-20.204462	-3.621236	5.387266	-12.093795	9.663085	7.648218	-11.649085	-11.698758	6.571094	-16.507056	10.668085	-3.574456	-11.176944	-8.152151	-1.655978	14.273834	5.500951	1.351217	-13.419719	-21.095297	-17.456252	-15.253070	-21.203606	16.198167	10.448695	2.777173	-15.909818	19.927955	17.687621	13.734681	-5.109608	1.209036	5.691259	12.296087	8.859344	16.820097	17.271500	13.467690	-4.378926	18.732124	10.325873	1.605251	-11.942290	-15.330831	-11.688537	-16.386195	
7.220186	13.994802	-3.319750	9.191266	-17.810579	8.198859	13.277087	-3.999863	-16.081387	-12.883107	-1.151055	-7.843137	-12.106317	4.985308	19.654629	2.179634	9.327423	-18.677544	-4.852135	16.980780	-19.349522	11.311209	14.865093	2.252476	15.143394	0.129803	14.650308	-12.297784	-18.208099	-1.689979	-21.296713	-17.375458	2.882105	2.413639	-17.971851	2.632836	-18.461271	-20.074265	-15.620573	-2.273039	-21.981637	16.910713	21.969575	19.015580	13.351357	6.662689	-0.694701	-3.079937	-6.932534	-7.721671	
5.479166	-14.523074	8.998229	-17.906477	13.939888	-9.368625	-19.927095	18.471744	7.438091	12.153504	-2.875285	-6.980042	9.081207	-16.531476	15.715365	-5.383908	-17.169976	18.997616	13.401406	-11.565742	-23.365101	-3.358153	6.832260	-16.003149	-0.276405	4.091933	-12.280007	-3.230538	-4.235682	-14.943197	20.157238	-11.051292	-18.709902	23.937302	17.195223	6.809966	1.581846	4.188499	9.572865	-6.400484	1.510784	23.712115	-14.383863	-23.813548	21.925586	-11.208926	9.114030	-18.135946	0.298102	-18.913472	
-10.011641	6.878833	-4.914422	-21.842511	-12.836835	19.232129	-14.965705	-13.656587	23.409918	-7.770964	0.625143	15.128388	7.857994	11.078093	16.292435	-9.540245	22.970011	-22.346816	11.909073	-1.085325	13.508414	-1.618501	23.055457	12.038721	-2.918665	17.882965	11.047033	22.370681	16.820995	-19.313407	-14.661643	-6.155626	-15.133160	0.060192	-11.439261	-15.401965	-23.206030	4.529661	-5.013153	-12.362681	-2.082680	1.611271	-9.317194	-21.278699	3.685902	-4.507388	-13.796783	-12.284216	13.707226	0.281728	
-18.736029	3.767313	-10.484640	-26.171664	12.464278	3.265568	-17.201766	9.329495	6.655515	11.629731	-0.163220	20.075916	0.618077	10.973172	-7.961321	10.086433	-0.716202	-20.954166	-12.726618	16.805171	20.307957	-5.702662	16.736721	22.836724	20.836627	26.160709	18.471534	-6.728344	-14.290766	-15.100185	-16.810833	-12.727813	23.274643	-6.150485	-4.714650	-9.092167	-10.480492	-8.891289	-4.592880	-7.076267	-13.754915	-14.481183	9.484729	25.908883	-19.928759	-17.433033	-4.892530	14.654948	-26.301064	-5.428003	
-7.253889	21.223281	-10.096533	16.458549	16.588249	-16.575017	-5.816185	-14.112302	-16.985882	5.948559	11.905809	0.787631	-12.887057	7.391560	-12.919471	7.750906	17.508114	-13.960412	22.446685	8.349527	16.054865	3.356380	-19.356738	-19.497613	-20.033226	-16.014896	-6.560017	-7.737298	10.652761	13.386302	-21.790780	-11.010466	-17.505834	-8.516012	-1.455670	9.161807	-14.125916	-4.651336	10.615043	5.471481	13.662583	23.938241	-2.871249	23.935740	18.904758	4.762427	23.896344	18.206482	-1.994219	-20.269367	
18.387891	-25.445571	-15.627473	14.885866	18.093954	-22.646517	17.502108	-8.920884	-7.950164	3.490685	25.075065	-8.501147	10.236930	5.647047	12.764035	-21.028990	-1.752791	4.741406	-15.512213	16.264009	20.204438	-6.224183	-26.058915	22.753105	-3.541506	5.407271	14.093683	-20.328454	5.543866	-4.274549	25.924068	10.245999	15.288884	17.362967	-7.626640	6.472311	21.251964	6.080715	15.582178	13.564018	3.092514	-7.242443	5.865022	1.064582	13.601257	-12.385560	-22.182909	-4.216994	-3.182649	7.438718	
9.800959	18.075714	-21.209188	-17.461165	9.390683	1.978120	10.907222	-5.350699	1.162090	1.248887	5.368043	-2.444555	-23.486596	22.117296	6.478564	19.741067	-9.191277	-9.074432	-12.287235	-15.884162	-14.617027	-15.776851	13.896849	-18.421594	-14.955562	6.375338	14.286514	10.625274	-2.752830	6.703477	-1.483623	17.986900	5.231215	-21.498494	24.497731	-1.844999	21.401823	-21.539851	8.290935	7.087056	18.777647	-7.768289	-21.346586	-5.733502	-21.283146	0.122864	13.036352	-8.045700	-18.390591	10.271214	
-4.935257	3.523187	-21.421042	10.309185	25.942203	-0.414811	3.061408	-21.810465	-4.503240	16.583096	-10.898044	5.746196	-9.876088	16.336647	0.118401	16.049054	-22.952047	-10.725514	-15.801980	28.141159	9.996274	1.577294	-13.542363	-5.359652	22.143104	-15.499217	21.398176	21.745107	-19.543217	-12.219281	-20.351537	-5.722851	0.356233	9.978318	-23.033089	26.206981	10.203194	10.192176	17.925161	-2.993190	27.557650	18.249535	18.854857	-3.264574	25.820045	-7.805617	16.612954	-1.926364	-26.310599	11.229703	
2.343794	-24.767682	14.765013	24.619608	5.860574	-24.940360	-1.881325	-3.781293	6.233773	21.269304	-25.459396	0.486344	25.104200	0.516107	-20.162115	25.438408	-26.128881	22.717504	-12.424128	-11.393850	12.962173	-25.798755	18.083304	-12.018596	5.822912	-7.787699	26.017146	-16.469484	5.539453	-1.471898	-15.084152	-1.965891	21.320053	3.728963	7.089664	12.515624	-23.095785	-23.734081	-5.557256	10.690486	26.917069	-17.793609	-0.320645	-25.926727	-23.978481	17.592972	20.145197	-18.804822	20.738239	5.762977	
-5.830753	8.472415	-15.456165	-14.957220	21.724273	7.737829	-15.691666	-22.915424	4.729758	-16.721087	23.314738	-7.332268	-5.794736	17.521580	-19.536929	10.859354	-8.629060	7.593056	-1.200419	5.322762	-1.263128	13.690306	-1.210863	10.523956	-10.357531	-21.097329	4.359905	1.513993	-5.333885	-16.427779	-22.291052	19.530807	4.825924	19.092281	7.939067	-5.681055	-15.697178	17.563628	-22.083664	0.831490	20.758711	15.642258	-4.589701	-10.006797	-6.794119	20.663486	-16.891433	17.015001	9.778839	-8.271520	
-14.932677	14.070242	11.846567	22.207118	-19.343131	-11.244012	11.517251	-27.834327	-10.849148	15.526401	-14.898806	-14.231700	-25.527530	24.380003	0.687550	-13.949981	-19.397333	-21.670808	21.590628	-8.020127	-4.256589	-24.338497	14.749655	-14.271591	-13.874615	30.079231	-1.525494	12.596207	3.367146	-25.744849	-7.063777	19.703846	-28.488424	-16.296296	19.303648	19.884587	20.995583	25.324930	20.866676	-25.934969	27.927049	14.932494	-0.688463	-28.445782	-26.397006	27.725808	2.847799	-26.272297	-18.910204	20.600254	
-20.833073	5.319714	-16.231845	-0.207723	24.482959	-21.124922	8.644503	-21.109546	11.240804	7.056423	11.555218	-16.001306	14.943114	-23.923516	2.017970	-14.357745	14.222296	23.019260	11.937733	-24.144165	25.043273	-23.826090	-18.800178	-3.272144	-21.051607	-1.316075	7.405017	6.659731	-19.379294	-10.218137	-19.821302	-6.453824	-2.669162	2.040432	24.602821	-8.449944	6.719421	-13.606786	19.519760	-20.711857	-22.025474	-22.933498	-20.270117	17.908302	0.277258	6.650918	23.378226	17.142103	-12.044161	21.718332	
22.505494	15.006726	-15.492984	3.270653	-2.646710	-7.194942	15.456849	9.199197	-13.057339	-13.987031	12.807872	15.776738	-11.718187	20.996637	9.931567	-15.345906	-19.205779	-18.712410	-10.233398	-6.960529	-19.543496	13.976854	-1.313139	-3.194929	5.828080	13.047854	19.631626	10.547574	22.651715	2.610578	5.124339	-13.156095	3.372180	-8.758396	-18.838893	-11.569721	-1.617637	7.354572	-18.367950	-7.119814	20.103490	3.699694	2.695384	14.777628	-4.970460	-2.107216	-18.274549	-18.520557	-14.811174	-0.757370	
-3.112691	-21.742863	18.182879	-14.839587	-0.857303	-17.470815	7.000034	-0.176184	13.937781	-2.921321	10.091026	-20.506299	3.042197	-20.814638	-10.319030	-0.583268	-14.491295	-16.355897	-3.883844	-19.879365	6.186120	-21.508443	2.520602	-5.227541	13.872924	19.860161	17.660109	-17.198439	-0.802569	2.589432	-15.516969	-7.023187	-2.185811	6.519196	-21.502689	-13.152592	19.286380	-20.994061	-2.968985	-9.428639	-12.893494	16.930251	3.132063	-10.088287	1.475501	20.447452	20.869303	2.149288	-5.813391	-5.033413	
-9.454060	21.021428	4.438203	2.178964	-23.455131	-16.646502	6.899902	12.795506	-0.446518	7.872507	-11.440525	-22.541002	-8.573814	-7.668065	-2.949162	-12.615752	25.535043	10.146780	-3.513169	18.420408	-20.623466	9.434052	-15.329086	-20.515392	-16.746985	24.856532	-5.274316	-16.619328	-10.115151	-2.364883	19.466877	7.154478	-17.549461	8.733382	-17.870420	8.027681	-12.962225	1.355159	-21.288321	-0.093871	-22.407531	-19.923192	9.210528	14.963222	19.160418	-23.589947	-19.219960	15.806604	-3.530061	24.200660	
24.794149	11.097838	-4.054908	-1.228583	-15.471362	16.291997	22.879971	-0.468759	-24.508069	6.865632	14.276123	15.933481	-26.980736	19.389925	14.293403	25.044412	-9.578015	-1.173616	0.123296	7.819201	16.303355	-22.849563	-16.806615	-14.197538	1.303057	6.719241	12.343830	-26.133058	-6.266755	8.358962	17.707608	14.339445	8.293696	25.856141	25.961821	-1.445974	6.416396	26.008697	-5.227520	10.050785	24.698797	0.404909	-21.617419	4.673826	8.736233	26.354127	15.295246	-3.592915	-5.214740	20.756440	
-16.782316	9.246648	-7.491713	-17.632396	18.262575	-8.970332	-2.770001	-1.937540	-16.577390	9.949123	-10.103656	-16.487624	-8.922894	4.601447	-7.545059	19.768277	-18.307592	15.111603	-2.774559	-4.153434	13.933734	19.212828	19.568341	-16.075120	-11.843103	19.194758	3.276185	1.744606	20.274392	-18.529477	-19.100129	17.527155	10.718246	16.659402	-9.229764	-10.878968	11.533242	-6.422510	-11.179253	-16.640007	-3.843908	7.823479	9.565014	-9.152140	8.910346	16.301364	1.893085	-5.562182	-17.501966	13.479410	
-3.522252	14.213714	7.819683	-19.130476	-12.469722	5.028743	-9.602223	8.762353	-16.710217	-15.694658	1.852664	-17.988325	1.014001	-18.348472	-0.565461	10.968153	-8.018432	-9.810425	-11.474060	16.219233	-2.828974	-15.997276	17.170102	-5.534582	-8.079524	20.407526	-4.863908	3.162815	15.760703	-10.333278	18.934519	20.265911	5.104386	-12.894616	-6.486359	8.178549	15.506841	0.414286	20.414177	4.607905	-16.425872	5.154924	-2.263653	-20.398524	15.466711	8.551863	-7.314834	3.295499	5.468815	-3.722127	
1.629371	14.396942	-1.354343	-23.235741	10.955797	23.880380	5.669550	-17.135814	11.137602	9.782162	-24.167895	19.235822	0.010318	19.377782	-18.100165	4.814801	-12.240429	8.712025	13.066459	12.761775	-13.820857	-17.852118	-2.941723	-14.326859	19.423436	-0.113932	-12.687866	8.727114	-2.076912	-1.712942	-2.081621	2.205057	3.260662	9.786443	-6.983541	-19.174287	-18.697027	0.657630	-0.384561	-22.639865	-12.920312	-18.358911	11.431315	-16.553392	24.285008	16.225419	-13.024526	10.735112	10.182499	10.096299	
-0.072286	3.969036	17.796470	13.283794	4.821102	11.609113	22.841063	22.680456	22.052462	-2.893846	-12.173070	-6.684996	-14.037335	-13.036724	15.427587	0.750613	25.421493	-18.241171	-20.149187	17.252030	-10.850554	-1.253056	0.312159	11.652539	-2.392457	6.059782	-4.569190	17.063080	-6.873451	9.940546	6.902743	21.757718	-22.742705	20.476182	-20.355648	26.754368	11.210987	7.787264	5.573866	-15.062059	0.682453	5.194471	11.948509	3.804301	-13.441881	1.901926	0.314578	20.839324	-15.826618	20.730295	
-10.371913	-15.467841	11.103801	11.900385	-13.268442	0.196957	-7.892816	6.978590	17.525688	5.114296	9.755067	-4.181479	-15.044902	13.436793	7.894287	15.998513	17.559148	7.892886	-1.876131	-9.240470	7.898743	7.998367	-14.755866	16.531928	7.890527	-5.897980	-8.929360	16.159328	-14.478358	14.421643	-0.733187	17.663053	-7.126435	3.215860	4.892875	9.148221	-6.129444	-7.118185	11.993227	12.854508	7.154556	2.414687	4.440268	-7.799170	0.247490	8.441566	1.876307	16.238468	-7.871728	-14.396891	
-20.772721	19.015205	-1.441161	22.025047	-6.509270	-1.906860	-21.612216	2.733933	11.523892	-10.262839	5.603955	-20.601747	14.035984	1.597177	-12.449166	7.937054	-13.322797	14.609527	-1.412588	5.002020	-15.375749	-14.162377	-12.409417	-4.752853	10.235083	-14.952961	-5.730221	-11.800687	-22.592969	16.219720	7.696146	13.269028	-19.441943	11.537540	13.717411	-2.583336	-18.687396	-12.360985	-12.429157	4.012507	11.008551	0.245770	4.651483	-22.734787	12.363820	7.445862	-16.984715	-7.176077	-6.462575	-4.316704	
16.184410	-9.357460	-8.675874	-14.122252	9.761034	18.097690	23.765201	-3.074519	-18.401157	21.170905	14.233417	15.193540	-3.140582	-6.663973	10.423509	-14.384472	13.546684	-8.683139	-13.664933	9.729204	16.179093	4.033974	-20.039281	-7.327534	-19.412657	4.450609	11.399615	18.352277	1.230288	-22.930315	-6.921619	5.569137	19.814287	-6.685543	-3.976898	1.008404	-0.356789	-1.656724	19.406734	13.511202	3.731794	-21.619784	-11.941235	12.602682	2.490328	-4.483599	5.593149	-15.852706	-21.725296	17.406899	
-21.029217	-21.824062	8.610727	5.751292	23.818331	-11.411969	-12.206232	-2.038265	-18.481442	-21.004485	22.694417	11.279540	20.893572	-3.217112	22.757438	-8.091973	1.863481	20.688270	-24.679252	-10.697944	5.977193	11.821317	13.422130	-22.593307	-20.391921	-0.201231	-14.932319	22.879470	-24.086488	-12.704774	20.261050	-11.690483	-24.460525	-23.830652	-16.365581	-24.091434	-13.617402	-6.532310	-9.186180	10.635352	-14.944332	20.521033	-19.765390	-5.219616	14.052575	4.981380	-19.850568	-15.770697	-22.813478	1.451100	
-14.986930	17.690942	-2.675225	-18.405159	-15.539780	-18.194692	7.339871	4.456449	-8.225392	-6.965104	-0.851015	1.187789	-5.079219	5.610056	-3.311131	2.511031	18.070113	0.664137	9.094025	9.120507	-6.723317	-3.736016	9.105845	17.374148	-1.032452	6.289097	16.633074	1.854079	-2.470795	-0.665180	-3.177786	12.246140	15.362652	-2.728983	8.566460	0.121165	1.752967	1.382998	-5.159139	-8.348984	11.866464	4.635465	0.319843	-6.626005	-17.482817	3.358702	15.539222	0.668670	-0.523163	2.525539	
9.984046	15.770772	23.619554	-23.514024	-28.482430	-3.603966	20.337373	21.032499	-9.362749	-22.053814	27.478808	12.584503	22.363135	-0.714908	-26.029538	11.590942	18.817153	14.849441	-12.620959	-12.302540	16.340039	-24.491534	11.017690	-4.913387	-9.972994	-27.499056	9.274961	-9.715712	12.640348	9.232669	6.605238	-16.324826	-18.819331	1.443864	-25.585557	3.006322	16.055242	1.812743	17.813644	-22.085802	1.492745	-15.268060	-23.683162	-18.417733	-4.167662	-5.525044	1.030736	-19.853257	-25.264067	-14.462872	
-17.558352	14.305752	-9.222239	-17.365108	-3.136101	10.895928	21.395038	-24.108654	-6.541035	-17.611384	3.960263	-2.185237	25.088022	10.506080	-23.252985	23.467410	-10.070525	10.115829	20.418930	-25.169021	-15.128869	0.026131	18.198228	-12.532889	20.792345	12.314328	17.149974	15.710018	16.747829	18.982194	6.908374	-1.775799	4.549213	7.029861	-17.193109	6.758359	2.980654	15.504212	2.497975	23.930556	-13.922953	-19.849293	20.809748	-13.985046	-24.705383	8.499442	9.929179	20.268176	14.242676	13.615649	
4.243280	12.777189	18.791334	-2.563554	1.225462	-15.603455	-17.802501	0.714486	20.555631	-18.135863	10.690269	14.655821	-2.399767	-12.246279	4.881468	6.903560	0.065706	5.409264	-21.761300	-4.364300	-7.474857	-14.919358	16.876918	-8.726696	-7.306217	-4.845915	-8.030418	9.501251	-0.566870	21.586214	0.055130	-6.359826	-17.620885	12.334629	-18.245755	-16.299611	-20.619687	7.061379	15.858409	19.513451	6.701326	-4.084280	-8.774600	20.818399	7.482376	-10.316264	-16.226704	-4.789510	12.996799	6.822871	
2.022507	24.950658	-0.979077	-9.712289	9.312221	-25.317672	-11.327411	21.293706	-3.608722	-19.999629	1.394476	21.070603	15.884099	-7.008530	-9.880217	10.727047	-25.059582	-15.894124	-22.424742	19.299777	25.931296	3.877964	-1.259904	-10.377654	5.141037	14.754968	23.064129	0.599363	10.296339	-20.812084	-16.451977	17.602823	7.787727	-3.672193	8.194943	-26.294463	3.960169	27.428082	-13.303213	10.267744	-3.003727	22.663566	-19.562777	20.417493	-5.669341	4.569684	18.004555	-23.058712	10.848422	-8.778224	
-17.787066	19.401339	-8.906061	-23.136043	13.776632	20.593049	8.597356	-21.967538	23.988865	12.150014	17.014149	-25.461718	-5.335302	7.994122	6.902738	-23.731238	-22.203579	23.770664	-16.043621	22.371500	-24.203267	4.891528	-16.414473	-14.331184	25.619889	12.029499	1.740790	16.194011	-10.338287	22.545295	-10.927970	-8.248213	-15.929446	24.160955	-8.696685	5.947998	4.904867	7.644163	24.853276	14.894560	14.905673	22.699366	-8.494005	-13.764801	5.487047	7.886967	-3.696478	13.108329	-1.847299	-14.354421	
15.979532	10.948011	10.022865	-12.592837	3.819738	17.720470	11.155152	3.636428	-8.686324	4.097276	-2.362925	2.287100	-18.088062	11.826998	8.775206	8.204551	13.244061	-14.476577	18.050454	-16.433274	7.327794	14.717970	11.380615	-9.642686	-8.930878	11.071548	8.716733	-9.062453	11.760323	-6.627162	-17.281523	10.000066	-1.091380	-18.476902	-19.362476	-2.454672	-4.776506	4.696034	-17.132331	15.385038	-6.444747	8.669092	-17.642915	-17.268005	-6.653251	1.280248	7.315644	11.736713	-16.670066	13.835149	
15.129019	3.024121	0.551170	-14.289800	-7.896771	-3.477159	9.198595	18.797882	0.444663	-16.360804	-21.131738	0.217873	-12.987573	-7.545035	-1.540297	11.281423	-15.584484	18.686033	4.665827	15.370668	7.383258	-18.821669	10.264305	1.648007	18.380013	-20.556618	-5.683707	-18.709864	6.549398	-6.116553	-13.088264	-9.721749	-15.675008	-12.939256	-9.663077	-0.034817	-9.826453	-22.869343	17.919054	-22.189150	-21.216190	14.503331	21.430517	14.425906	-3.319297	16.493431	12.307889	-17.553806	-18.879738	7.231742	
-4.110957	-3.668889	-16.563591	13.841500	-7.129313	5.406313	-7.447708	-4.378428	24.517510	8.817181	-9.028881	-20.755340	-11.259052	26.632689	20.563793	-0.411893	-21.349165	5.466856	9.394229	-6.434191	-22.136414	19.615181	-0.218472	2.347453	20.604487	-24.572202	-23.357802	-14.846639	20.986580	-5.309603	-11.416101	3.805060	-16.725317	19.914895	26.121192	-22.710425	15.287023	-21.277199	-25.770058	19.904964	-20.656139	-14.997984	2.156496	-7.554809	20.399380	11.801571	23.374694	23.721628	-4.554195	24.641316	
-4.746742	21.826121	14.068333	20.525636	10.838369	-17.164800	23.403195	16.598482	6.115976	4.372830	24.835036	-13.386695	17.471305	-4.442260	-3.284493	6.460368	22.430542	12.406147	-19.343900	3.910270	17.929472	9.488945	24.665084	-24.319986	-11.957704	17.124386	24.180823	15.448354	24.348060	1.765208	-19.601919	-13.529233	0.364062	-1.591050	-5.742570	23.937495	-14.659306	-7.200177	24.097171	2.687795	-16.481744	-0.411521	13.076164	-5.572013	2.556533	-23.586858	8.135943	-18.366682	19.835865	-13.177557	
-0.461612	-17.707530	-14.013120	-5.863191	-8.947290	-3.582463	-9.858454	-13.669367	-12.846640	-14.875249	9.017113	-13.701124	13.111724	11.955053	3.164493	11.704416	-11.265623	17.813703	-10.680243	-18.832628	-2.567400	-13.554391	10.998067	-7.550229	-16.445949	-12.634941	5.917239	-5.232002	1.364331	13.855604	9.884365	18.326255	-9.631661	-6.058362	-0.503003	15.351978	9.378702	-8.252489	1.116464	-6.535721	9.824743	9.061663	4.634385	-0.521158	2.326970	-18.468374	11.591861	11.544364	9.487470	-9.889121	
21.446253	-7.888764	18.087914	-14.009674	1.153294	-7.020344	8.735992	-16.916454	-11.767041	18.139818	-21.706776	-1.914398	15.325960	6.698784	11.170560	-1.424186	-21.208449	2.212957	-0.053248	-17.071778	4.497098	-18.402686	-4.837312	-3.447822	-16.925907	9.417841	0.621772	11.619050	9.623797	-19.229154	-13.809846	21.929318	-6.838377	11.086867	-22.575821	17.612822	-6.042031	-5.593234	16.524126	-9.127946	4.005944	19.968357	8.109870	-10.143160	13.383976	-22.314044	6.396639	12.804837	14.585521	21.012822	
18.888489	-3.563413	-4.689508	21.401271	-13.159238	4.767223	2.596181	23.872612	-19.040959	4.155761	-14.724826	-8.734355	-19.022287	8.620566	9.542923	-13.406763	19.095170	-9.814429	-23.595569	-14.263557	3.045169	-14.326878	10.531636	-2.341168	-23.029260	20.243866	-8.872650	23.946470	-0.668103	3.054634	7.585412	-14.686687	-2.415776	-19.935530	-16.991408	-21.714533	14.164011	17.132601	7.395826	-20.621248	-3.401414	4.105259	4.559255	-4.857292	15.191424	-19.307419	-13.768793	10.878177	9.899004	22.624283	
-2.649821	-21.764557	-16.008305	-17.832443	-13.116376	6.463926	-1.926355	-6.175641	-6.974721	-3.347470	-0.988715	-3.302589	22.978492	-1.756193	-6.422741	18.247168	-7.192598	4.266702	15.494008	8.004649	-5.616835	-8.330003	-0.165401	8.311654	3.372041	-12.394984	8.653824	16.905471	-17.928542	-8.278653	-11.999266	4.962041	-11.388651	-11.107143	21.018490	14.747292	19.179386	8.954239	-14.262051	-14.444298	-13.590238	2.675779	11.442873	2.384185	-13.206786	5.856290	-10.524761	-4.954292	-20.325787	-7.106062	
13.506427	-4.291734	-6.486378	0.859324	-16.012865	5.724152	23.685203	-2.846374	-5.024895	25.435032	-1.711481	-13.083586	2.277816	22.142409	14.627783	-10.424903	23.619863	17.910531	19.585380	-6.872329	12.259725	-7.026103	10.783558	24.591841	4.851844	16.316139	-22.983321	-14.245421	1.781425	-3.017904	20.149339	-25.594735	6.690301	23.496093	8.364033	-8.274697	17.207996	-14.766902	12.688081	24.064452	-11.267596	-10.766533	-0.689684	4.423433	-14.937050	-17.322592	0.619993	4.570114	-2.833365	-17.031258	
-16.902750	7.422368	-5.654088	11.217113	2.367371	11.836790	-19.458755	-17.962900	-4.991208	-14.966027	11.761164	18.805468	10.381193	-19.080701	-13.790016	-0.692497	-18.721273	-19.943534	10.769246	-3.610759	-18.517446	7.729539	6.834913	4.721007	4.767602	-19.875717	13.844400	18.488941	-7.687979	-5.931067	6.184798	6.792735	-2.786351	10.615205	-2.833027	-20.597662	8.916999	-12.801074	-0.584770	10.889366	-19.284670	7.790235	3.841427	-10.357043	13.648908	-17.255455	17.747896	-6.655905	16.466595	-9.950988	
-18.088637	-1.559667	-4.934908	12.994515	-18.915714	4.381974	-12.631037	6.900418	-7.298653	18.143460	-8.803447	-7.142575	21.694330	0.703491	-4.806117	19.791598	14.991498	1.404016	14.193661	-11.336027	-6.877535	9.459023	-19.941860	-14.302259	6.159470	22.393985	-8.693668	-19.814152	14.300186	-10.112621	2.427026	-4.032189	21.159692	-13.096383	-17.116171	-11.798781	-4.803593	21.179548	14.275644	14.765898	18.588278	1.082597	7.710989	-17.967880	1.430390	-11.595294	-22.551034	-5.093871	-9.993385	-16.765133	
7.181265	-16.774202	-17.812127	11.905127	-0.881637	20.908174	23.286844	-14.162707	-18.891282	-6.035869	-9.486415	17.954762	-14.028197	-18.072479	6.150159	21.536259	4.758810	3.035454	0.261897	-8.837481	-7.729742	-2.195987	-16.811836	-19.519859	0.428705	6.643136	-13.219768	21.875087	6.898899	21.252154	-13.391386	20.115465	-18.254168	-9.640000	-21.191668	-0.640576	-8.439643	13.212486	-19.160682	20.504241	8.527680	-19.529406	-18.723286	9.995078	6.521372	18.540897	21.152583	2.682580	-11.381408	4.275731	
6.087389	10.772213	-8.422162	-10.965924	-17.523661	20.247878	-12.662649	-12.817916	14.939663	-22.753316	-2.872538	1.969886	18.972674	-20.010214	-7.265734	5.660913	-4.230635	-14.445030	19.943223	-14.145683	16.657467	-8.341579	16.970078	-7.971950	-13.053809	16.347507	18.737142	-23.934909	-10.317151	-18.789545	-7.000488	15.438516	-1.305163	-19.771087	-8.116547	16.487414	-3.248804	-4.220421	-15.993336	-15.571711	-11.612708	16.544111	-13.406870	-21.878133	-11.865234	20.021721	-20.543210	10.308224	-12.647584	19.418216	
4.886085	-24.178014	-0.378343	-8.986646	-7.528407	-16.153931	2.334696	9.581399	-9.033225	25.721992	23.240815	-9.680221	6.861532	19.201629	8.934970	-4.354897	-2.561567	7.778670	-18.296737	10.331788	-12.139736	-14.959649	-18.733950	3.318790	-6.877882	-3.299535	24.198435	-4.764347	-8.898953	19.834987	21.519178	16.600948	8.373318	21.937296	-8.532744	24.670893	-21.373355	5.681897	-11.018758	-12.465948	-8.679043	7.759324	-24.735016	-0.557188	-7.017895	-2.130938	3.840761	4.983132	0.819816	-12.810549	
23.710503	-10.805648	12.345561	-3.843449	-0.625573	-14.514873	11.663631	11.084258	21.585512	7.641965	-4.323460	18.069005	-22.373031	-19.623841	12.744485	21.521511	-7.963168	-4.881944	13.932020	2.110098	-16.308189	-18.195603	12.471570	17.017973	15.756976	13.789924	-15.033430	-13.378744	1.707846	2.799938	-2.647278	-17.928928	20.374501	-7.228295	-22.760576	-0.874426	11.190419	-7.374365	17.092434	-3.950499	8.462948	-2.705184	20.820827	11.143738	0.631170	-20.822017	-22.517835	-17.747527	-19.674222	-9.567296	
24.857514	-11.749029	0.159893	20.034030	15.597836	3.243230	9.311501	-23.218002	-10.690882	13.495186	6.428627	-2.792048	19.642272	8.360840	-26.516320	-5.745179	0.385617	8.241990	15.283312	0.767737	-5.633297	2.026069	-10.373259	-16.984642	3.145260	22.911585	-22.210969	-9.984495	4.087191	-21.411859	-17.146154	-13.531558	17.335416	2.107456	-20.723915	12.469045	11.381736	-26.796777	11.064091	-27.605296	-27.142545	17.147007	-25.811656	-25.584149	18.864369	2.270794	5.346367	13.656659	-5.824848	10.912372	
8.882053	15.522482	-2.473313	-17.966633	-12.656489	-6.708852	14.453811	-17.421045	-5.340882	5.760122	13.122378	-4.494247	13.357508	-7.525304	14.950056	4.164469	11.841963	-7.149660	16.702060	3.738371	-12.683679	-0.897657	-4.267117	6.744846	17.402170	1.848068	1.740760	-19.005674	8.144619	-15.663438	-17.092370	14.120907	-8.365908	-6.128177	-13.533782	11.715977	11.800992	10.182035	-3.955929	-0.457496	-6.247963	-15.789905	10.222771	10.062058	11.359025	16.733287	-11.242095	-10.547505	-13.698598	-8.955270	
-2.955025	-20.396474	18.365369	21.233989	-9.878023	-0.110698	8.036541	13.281254	1.496689	13.874340	2.343160	1.708519	21.257382	22.632998	-5.859979	-15.519509	23.588503	-9.083064	20.719974	-2.347577	-8.812926	15.787333	-16.755721	-4.658436	-19.473359	-21.907467	16.748187	-20.957876	20.106818	1.353388	14.602431	-16.780385	10.742769	12.229923	7.264254	12.267786	4.551398	22.670346	-21.368108	15.251460	4.950825	-10.064909	23.507412	14.264383	-10.623579	-7.651831	-0.099959	-7.479229	-12.582790	18.288697	
-22.691040	-26.841290	14.828535	-11.238244	-17.706545	21.274680	-12.060634	-21.963065	9.870284	4.598704	-5.087235	7.328260	26.137721	-22.701264	-21.910600	-3.224719	4.022106	-1.867658	9.906016	-3.661450	8.448139	16.371588	-20.991571	22.165670	-17.628755	-4.261185	26.364904	-12.443098	7.496231	-2.004745	-21.581215	6.367023	21.569598	-14.965846	-3.810167	-25.680776	6.667642	22.333546	10.216231	8.039401	20.632624	11.123844	-21.827837	23.235122	-15.342661	18.901697	-8.276543	9.127943	13.337923	-9.379169	
-13.714291	-15.174448	-14.095245	-21.785421	-2.056518	-16.053012	12.836243	-13.747725	10.245759	-13.841022	5.435335	-24.067182	-18.169607	-6.633477	-24.042706	19.663622	-10.859608	5.619384	-24.680908	8.700906	-21.402326	8.355617	18.799531	3.405730	21.285651	17.425508	-7.367693	-0.820823	18.671618	1.964167	-16.229295	-23.238744	-11.489721	8.122943	-11.383472	0.607328	-0.793408	-16.051148	-15.966050	25.056635	23.118999	-22.675162	-2.677027	-17.496891	25.989848	-13.534030	-21.200427	1.708919	-0.780864	-4.323708	
4.184386	-7.976533	3.409626	-3.782823	3.411610	15.103716	-18.589342	-0.999737	13.862427	-2.831122	-2.769659	-20.126440	10.253515	-10.252212	-20.319025	22.645670	-13.375470	-19.951662	22.682357	-13.147345	16.179853	-11.588694	4.689334	-18.774528	16.510724	-13.316019	14.423688	0.002388	-2.100423	16.686243	4.709142	14.267994	-8.514662	-1.468218	11.040561	9.485304	14.902172	15.153016	-9.438355	-22.490198	4.795672	2.435129	14.297812	0.825571	9.623284	18.580378	14.113375	-20.031016	-20.400473	17.277656	
12.627469	13.068625	-26.336769	-25.840350	24.966101	-19.426147	-27.094522	26.764663	-0.000511	-27.815563	2.388220	11.229471	27.336569	-11.786710	-24.844718	18.500064	5.698325	20.684795	2.878869	12.766693	20.761666	1.527190	-4.352470	-12.243881	-1.008942	-23.217965	-6.327728	-20.365818	-26.747653	-20.307381	-13.270675	-9.321562	-1.097350	-3.952957	-13.113313	25.344764	24.420317	22.067306	-23.291005	-2.096652	1.972037	-26.523830	2.469681	-5.076991	-5.719768	-7.483649	-7.009250	25.193723	6.142379	-21.333439	
15.967130	-24.374827	5.416108	24.190609	23.097498	-19.349753	19.828525	1.678914	18.175012	11.571700	10.663298	22.935734	-26.047940	0.274330	-15.787209	-10.906632	16.287311	-25.399244	10.236756	12.127460	21.745661	26.810407	-12.874175	-3.640136	-7.263853	-26.125127	14.516678	18.545982	16.370723	-24.629271	21.031236	-9.290350	23.284435	-26.005117	-26.661810	-11.622387	-26.190061	-27.596374	26.633953	13.135213	-1.372506	-0.800073	19.403376	-1.968007	18.895895	-23.297527	-28.197139	-16.168160	-11.507587	25.840075	
9.078662	4.281149	-15.281499	-3.383425	-16.766800	-16.388097	9.965189	-9.242557	-3.098213	21.612389	5.032976	-9.699607	-5.992664	-22.365499	5.285357	-7.765264	13.340229	20.237423	0.752531	-4.094316	-4.440053	19.851789	-4.444595	-2.590940	4.446667	-15.405297	6.408127	8.568383	13.907073	6.251989	12.287054	-6.716644	20.242376	3.125677	0.959723	-4.003686	23.707102	-23.941758	2.716845	-8.681652	21.220406	8.297668	17.154270	21.849529	-0.394112	-18.531420	17.179884	-22.912779	11.827507	-15.251831	
10.027875	4.935354	-10.016081	1.944459	6.969465	-19.154796	14.303440	-15.521277	-18.906672	-6.082287	15.954351	-1.573024	-4.529276	-10.082069	0.893166	-9.294441	-8.205202	-7.984464	-16.557666	3.612386	6.009488	-2.279844	-14.761550	-0.314004	-8.907121	-16.243399	0.512164	0.312581	-7.302175	-12.025127	4.852785	11.826301	8.267188	-3.306439	-16.903935	-10.702836	9.740450	4.482134	-13.965350	-11.385711	-6.326297	-2.781675	-7.624819	-12.892648	-14.734962	10.121408	3.647576	-12.451470	-7.439722	6.166258	
-12.045488	18.440218	-6.207091	11.704464	-10.448939	5.330220	-10.530641	-8.671182	8.241147	-6.209664	17.547953	4.588158	7.196418	13.324611	-18.017896	14.994948	1.171751	-12.282885	2.553042	0.513229	3.027906	5.508754	-15.611423	12.914447	-18.140575	1.814279	12.552190	-4.983305	16.196126	-9.606961	-0.776225	0.941846	-5.748841	14.369022	-18.697975	16.420110	-8.282637	-14.481062	12.025552	-5.877682	-6.907971	-12.764695	-11.489205	-0.145320	8.593792	-0.977029	0.177452	18.501962	10.111424	5.660039	
-14.647826	20.586828	-5.497735	-14.992871	6.202552	-22.237860	-1.917065	-12.169132	11.472866	2.615143	-11.765539	7.090689	7.759387	8.189264	6.462385	20.169097	-10.870691	21.193866	0.160667	5.314398	11.767439	-4.191968	-10.722363	-3.907978	-18.829779	-17.265039	22.157358	-4.229424	22.195379	17.450958	-9.889780	14.837664	22.017120	-11.561727	-11.019960	0.994555	9.115834	12.964097	7.725474	-8.035438	13.080834	-14.657090	2.580482	-4.498024	-10.680669	14.566202	-12.276467	9.585957	-20.905140	9.670635	
-5.888932	19.598114	-20.763020	-2.668570	9.708260	-14.506257	-10.880307	21.428070	8.783086	-18.783909	-19.791174	-5.524397	-6.650393	-19.164889	-18.777180	-4.681813	10.822063	7.467949	4.588084	-12.454186	-22.817449	22.722201	19.900931	11.211187	-1.115541	18.644731	22.459480	4.280729	-23.954960	-21.570437	15.178949	-6.249193	7.125437	13.300179	-23.398110	8.506109	15.687740	-15.905978	18.403784	17.889180	20.833250	-21.826360	-14.767974	1.137423	-4.714616	-9.405034	-7.104681	-5.097865	-2.016752	-10.599227	
2.385510	-4.637892	-16.751492	-22.358221	29.670604	9.904619	24.009907	26.502179	-16.699133	-27.572990	-14.651341	11.105551	20.409400	-13.165855	11.829209	18.322878	-11.932964	-29.425183	23.684789	21.737915	22.577530	-28.752219	28.816692	27.589789	5.960579	15.876122	-0.148785	-1.697500	11.535121	-11.843296	-6.773645	-13.502930	-11.607011	10.648317	10.262769	-3.308787	-2.983306	-26.477156	-1.015582	30.559602	15.445349	-8.487323	-24.294397	5.489413	-13.289580	-5.039961	-29.386990	30.998366	-6.117648	6.524691	
-4.970529	0.449163	8.220944	-7.246409	-1.888751	-2.107217	13.794748	-15.560319	2.916369	20.317327	14.892802	13.692814	6.021389	1.118214	20.792771	-22.155678	-19.116479	-15.677431	-18.716110	3.443292	6.032227	13.663504	-20.329801	1.568421	22.265753	-18.191140	-15.915562	-4.110105	21.238089	-9.715934	-8.450950	24.084593	3.137312	18.456912	13.708123	18.350822	20.559091	-5.485445	-20.735735	14.398300	-21.804300	24.436037	14.053171	-4.699918	1.659412	-12.231260	5.813012	25.028390	3.690597	23.117206	
15.210746	2.091000	-15.742791	28.684024	-15.231410	-22.168741	19.057899	28.760172	-19.054006	-8.207659	-0.782838	-10.771545	1.357431	-15.402749	24.462140	28.504963	-9.053762	0.445092	1.359874	4.720888	16.507132	-2.157205	-24.627357	-14.037888	17.075733	5.445008	24.982112	13.520056	-17.931212	8.236473	20.060472	-6.966898	18.171936	-16.711422	19.195484	19.754668	-17.742786	-25.180322	-22.143631	22.251981	-20.481920	6.676927	-19.528916	-22.302109	-25.750361	17.891581	28.830236	4.861244	9.178341	20.199524	
-13.041791	-0.135219	7.084243	4.795139	-1.406286	-11.425887	-19.785302	7.726084	-23.992885	-18.514105	-14.187208	-0.914607	11.559462	18.268572	-3.066438	-15.386214	11.474419	15.990963	7.883734	-3.513157	12.470319	15.732858	-0.851937	4.777424	-16.549772	6.115540	19.648424	-4.687626	3.988978	3.836384	2.535717	0.449809	15.574544	19.313335	-17.669500	0.589084	8.338241	13.955569	15.821186	4.170058	14.256579	0.449711	7.378487	-14.781684	-19.949969	21.871613	-2.641845	-17.725670	-16.943234	9.409722	
-9.405432	18.994297	8.211173	-4.266857	7.512627	3.271636	-5.714615	-19.867732	-24.375327	20.770334	12.916746	-17.215538	-25.656233	5.082634	-24.591056	-17.967565	9.516166	-18.448147	8.706946	1.994127	22.517604	-0.480697	19.316115	-25.908965	7.993092	18.777885	15.147634	24.717088	-3.881579	-21.883224	15.188419	-9.888097	8.273042	-22.345201	-1.222214	5.465631	7.268191	8.175318	18.721195	21.556405	-3.838176	-23.816815	11.495403	8.864433	20.832553	-11.589788	-3.074584	-19.126952	4.926310	-2.354901	
4.930882	19.251000	19.487549	4.033371	-5.449783	-14.044645	3.691976	12.569194	-14.817805	8.264058	-8.997330	-18.786845	3.490898	-8.366774	-9.888194	17.695354	-4.601262	0.426063	16.285140	-18.752987	17.687340	-8.015638	-16.755459	6.951821	-16.499364	-18.236249	-17.963308	19.105294	-16.051863	-11.202603	-10.536002	-11.296862	16.893602	-2.798780	15.358556	-8.513260	-12.423990	-4.797727	-17.129698	-15.563606	9.288438	-0.125979	-6.544974	-4.705959	10.750536	-9.654508	-14.947836	-9.087344	-7.979982	0.334547	
-12.321542	-15.180608	-16.800597	-18.050966	9.529223	4.999047	-18.474787	-17.833811	-2.508665	-10.012627	-16.307971	12.703630	17.604204	-8.765644	-8.342624	15.892723	15.355631	9.163110	-6.149716	-8.675995	-8.854607	9.157131	-12.971003	-6.157156	-18.655137	-2.227544	10.358789	-14.947804	-13.925661	12.165550	-11.483433	-4.416492	-10.001546	8.312519	-12.210780	7.159224	-10.469836	-7.502310	8.323961	-6.312188	-7.292623	-16.100238	2.108384	3.494847	-5.113747	-7.417666	-0.959947	-10.297834	-15.843840	0.446829	
-0.115785	-10.735433	-4.617909	14.574707	-0.860338	-30.811698	-25.175492	24.975637	-9.778819	-16.271926	6.137061	-9.337707	13.673212	17.025055	-11.826633	-15.637329	11.065891	-25.782685	8.676081	-12.645305	-32.698178	17.828727	-25.874355	-31.617378	-5.556019	-26.082175	5.538838	-24.319382	-17.050759	-1.382949	22.464110	-11.207010	26.207136	8.594562	-4.846286	-26.797468	28.745339	-15.715777	-8.455120	0.781957	-16.471443	32.190531	-30.577851	23.219851	27.584876	-22.104610	20.160039	-27.764389	-4.727800	23.898510	
-7.570541	-20.748790	11.686371	18.328844	-20.727678	13.001069	-20.257668	4.708535	-9.282519	21.834390	-15.243447	-22.905147	10.660052	-2.605538	-15.176077	-15.475651	-22.065925	23.023509	-5.242805	7.012576	-9.514516	2.367543	-10.522829	8.337490	-16.483597	10.695169	9.540377	-17.448423	-8.601194	18.472428	-6.162519	18.128272	-12.789246	1.981164	-9.941139	2.927092	22.980525	-0.768885	-3.832411	15.786851	13.140191	-6.612302	6.745421	-1.366713	3.744880	-21.247994	13.890131	-10.759312	8.830196	-12.428074	
6.937140	23.004014	8.161583	-1.517779	-7.189496	-8.108449	8.811610	-19.878285	-17.366249	-14.311268	12.242882	-24.074661	-3.303568	-17.427835	-20.370024	-10.052437	9.205062	-26.347926	26.106960	-22.272151	19.507064	-6.883644	-9.567937	-1.762147	11.859053	-3.461942	11.116194	-17.671388	-25.324370	-25.603148	10.788551	-15.810767	-18.963411	-2.107527	6.901690	26.003110	-12.047495	-21.190320	15.846516	-1.960602	-12.817216	7.963071	-17.034779	14.834220	-8.623967	26.800996	-10.881009	-9.755165	-4.626034	-11.425434	
2.134998	-21.648680	-19.474956	4.256715	-1.550572	2.260605	22.646158	-12.543567	-20.382612	-20.036481	-3.148342	-1.400152	-1.011397	-6.665851	-12.972309	-3.965822	3.018831	15.430663	-19.752309	-13.302480	-8.126252	-17.461785	-8.914928	-8.527101	-11.257446	-11.304688	8.648746	11.792320	-16.817215	-3.733558	21.631199	6.454854	3.165920	-21.370939	17.490222	-11.665639	3.828682	-17.025910	0.119452	-4.165317	10.172529	21.277356	-3.865333	-2.539854	-18.559961	-20.435742	-10.838688	-19.230639	18.928028	-19.702497	
13.912295	21.471493	1.507419	-1.264953	-12.178836	-25.476384	-6.331989	-5.052953	10.976844	-19.590998	-17.653798	-27.600611	10.101325	23.409636	-6.009248	-22.470359	-5.508189	14.923529	-20.521694	14.561871	-8.708650	-22.410444	-20.404705	27.277127	24.993020	-20.605334	10.480672	11.392941	-22.499347	24.305270	10.531582	-9.462897	24.447916	13.354597	-14.135538	-3.145915	-3.018284	-20.823586	-17.217227	13.036495	25.878200	12.199935	-25.652861	18.168193	18.514434	20.078896	-18.589293	11.457679	5.618736	-16.795100	
-19.072254	20.779197	-9.456579	19.320951	-9.374480	16.146543	-6.640092	-3.501839	-22.801261	-23.935724	-8.553354	-3.953201	13.557108	-25.700637	-19.982120	4.298928	-22.861024	-18.688103	9.300377	19.713177	24.257511	-19.905121	0.925100	25.971118	-21.199130	11.325415	6.945949	-15.592730	-13.495124	-22.395444	24.496901	0.041831	-23.803687	18.929204	22.468527	4.569547	26.691751	-20.301321	8.763919	13.551092	21.151535	15.106180	17.186957	-3.051498	0.948013	18.016475	26.178941	8.906498	5.653016	-7.049816	
13.988158	18.347522	-22.536388	26.262786	2.408332	-10.834532	14.872208	25.842923	3.027001	-25.318846	-25.386553	-6.186185	3.834483	-23.637544	3.482902	-15.460204	17.740639	20.299731	8.236882	-24.075620	-21.288020	-7.475833	-26.177550	-13.528882	-14.410828	8.075020	11.645987	-21.951777	-8.106408	-24.964971	-15.606732	-9.171503	21.244384	16.807169	-0.588622	7.319164	9.377271	-9.533835	17.365910	-13.814492	4.204826	-24.655582	8.840008	1.100864	-24.469041	0.298135	-19.280585	-6.898262	-2.929981	3.867896	
13.594804	-4.822835	10.601215	23.201888	-1.290800	18.044631	9.476097	-24.018650	19.179788	15.946347	-3.239569	5.489803	-20.717982	19.108990	-8.848903	19.318083	4.518012	8.407193	11.210146	21.427359	25.961350	11.214217	23.962149	-17.988221	1.004295	-18.463777	11.224565	12.825689	-1.391929	11.535243	16.485990	-12.790489	-6.112825	-7.499894	-9.451134	9.533779	-26.814451	-14.610341	-16.247934	-7.253429	-20.557227	6.434211	-15.532650	10.588488	-1.673984	-3.127588	7.415739	17.717248	2.759503	-24.255871	
-18.097403	-17.008247	-5.946553	18.327337	8.680087	9.377399	6.630416	-3.557480	5.562229	-15.434326	17.167106	9.743354	-26.689612	10.085202	6.742871	16.607568	-9.809096	-18.689688	7.851337	25.112952	21.624145	2.932297	-8.692902	14.413422	12.844546	-5.019467	-2.679309	-2.989946	-6.626576	-0.439196	23.567161	25.398581	14.865876	14.319862	29.504008	23.425624	8.601320	29.147647	-27.645628	-11.628633	-13.136349	-3.403081	-14.663438	6.939666	29.536642	-2.527304	4.650930	-14.821591	-7.448682	19.898945	
-21.418427	-23.081515	-21.353721	10.630736	-1.513927	-16.289754	-12.198114	-2.907736	-8.208508	18.571884	-23.331898	14.870239	-8.966054	-11.129428	15.120485	2.492032	12.617809	-15.995351	-10.561592	5.662133	-4.335764	13.401091	13.379512	-16.787504	-22.120583	-3.316126	-4.041501	7.456639	24.928405	-8.773955	-20.319338	0.005795	2.750564	-15.414041	15.863772	5.561676	-15.694069	8.445554	9.136348	17.191012	16.107918	-20.019372	-12.892585	2.858043	-12.340667	-11.595558	9.013877	-7.086159	-4.306882	13.312523	
0.037286	0.018717	0.026178	0.008298	0.031712	0.012554	0.011543	0.011857	0.032512	0.021699	0.007527	0.028050	0.025128	0.020939	0.022484	0.000484	0.027303	0.020997	0.003108	0.000536	0.010912	0.039168	0.008860	0.004124	0.000640	0.013416	0.031739	0.008534	0.036703	0.038819	0.000433	0.030824	0.026915	0.020250	0.010568	0.026107	0.030519	0.018680	0.038791	0.019488	0.026371	0.016897	0.010249	0.037080	0.026984	0.025905	0.001389	0.035587	0.016445	0.018691	
0.017771	0.032454	0.031149	0.029237	0.011372	0.027231	0.012724	0.000258	0.003812	0.023166	0.024816	0.013144	0.009861	0.021539	0.030246	0.025654	0.033330	0.032897	0.029303	0.031661	0.023640	0.028577	0.011200	0.017284	0.012770	0.029154	0.009472	0.033450	0.022612	0.031408	0.023451	0.018854	0.020730	0.001371	0.026708	0.017993	0.010586	0.020634	0.033383	0.012911	0.014947	0.004247	0.012829	0.030620	0.010758	0.016290	0.006318	0.009615	0.014810	0.031755	
0.009577	0.014144	0.034759	0.019347	0.036533	0.022988	0.008420	0.014287	0.027243	0.004137	0.020958	0.024930	0.035439	0.007525	0.025845	0.027857	0.011402	0.007523	0.019889	0.022322	0.023470	0.024467	0.032630	0.007151	0.021638	0.001555	0.017395	0.014382	0.027425	0.020949	0.031745	0.034041	0.004826	0.012683	0.027047	0.017627	0.011831	0.030004	0.038450	0.003274	0.030691	0.028561	0.004432	0.007839	0.021988	0.024998	0.033116	0.020695	0.000904	0.029057	
0.032903	0.036577	0.026121	0.008837	0.009893	0.002610	0.002650	0.020200	0.025757	0.001704	0.010134	0.006554	0.034718	0.003834	0.002820	0.004384	0.022323	0.001597	0.040977	0.043096	0.006704	0.002531	0.021432	0.036480	0.009320	0.004194	0.013971	0.035393	0.015622	0.015030	0.034381	0.027274	0.019767	0.011767	0.033105	0.029225	0.021501	0.019846	0.014083	0.024332	0.021619	0.022041	0.025061	0.036100	0.025969	0.022939	0.036529	0.006781	0.034455	0.034860	
0.037253	0.015773	0.027047	0.027050	0.004398	0.011388	0.013391	0.034209	0.036608	0.008521	0.017314	0.021647	0.001231	0.012581	0.006202	0.019276	0.036937	0.002894	0.038235	0.032598	0.014428	0.033661	0.009721	0.005825	0.020955	0.003053	0.036981	0.037826	0.007493	0.009098	0.030193	0.027702	0.019385	0.039442	0.026761	0.023028	0.023999	0.009466	0.009341	0.013133	0.003925	0.036201	0.011651	0.027713	0.036808	0.001955	0.004398	0.032156	0.028294	0.010857	
0.015091	0.010905	0.017793	0.008364	0.020128	0.027929	0.037172	0.021869	0.035475	0.016256	0.028004	0.031353	0.026431	0.022079	0.004806	0.003998	0.030487	0.005777	0.030553	0.016340	0.014901	0.010348	0.022114	0.009924	0.014379	0.031701	0.007422	0.006123	0.004937	0.008966	0.029541	0.036330	0.028444	0.036863	0.023342	0.022754	0.017349	0.032892	0.034469	0.011064	0.004922	0.030678	0.011804	0.022502	0.036519	0.010158	0.013065	0.032303	0.007440	0.015936	
0.017573	0.029658	0.017133	0.008861	0.001565	0.016077	0.015575	0.030213	0.021143	0.040256	0.019670	0.007281	0.000064	0.038133	0.008682	0.009664	0.038505	0.022729	0.022151	0.027186	0.002464	0.021627	0.004527	0.014195	0.030994	0.013409	0.020557	0.004995	0.000810	0.042361	0.018329	0.033568	0.026816	0.002991	0.020518	0.005848	0.027607	0.024219	0.023770	0.011789	0.005800	0.038511	0.037424	0.010934	0.041408	0.023555	0.023841	0.022310	0.008901	0.043803	
0.026122	0.005101	0.034828	0.013083	0.026626	0.035499	0.002020	0.015993	0.011202	0.026893	0.012243	0.003215	0.025153	0.003101	0.035993	0.033811	0.032427	0.036333	0.033343	0.000366	0.006786	0.025046	0.006528	0.009320	0.007922	0.022788	0.024920	0.014425	0.032226	0.005468	0.033611	0.019488	0.016459	0.000130	0.034285	0.033696	0.034317	0.010877	0.018907	0.035568	0.033208	0.029096	0.009685	0.001330	0.022492	0.013109	0.018396	0.025116	0.024402	0.017045	
0.037975	0.012524	0.024714	0.025239	0.031396	0.008990	0.016461	0.021728	0.023288	0.018662	0.035134	0.004319	0.032626	0.012741	0.004645	0.004389	0.022517	0.013713	0.009483	0.037709	0.026049	0.030432	0.005469	0.025356	0.014996	0.025611	0.033070	0.006302	0.035598	0.023963	0.010491	0.013442	0.014386	0.022749	0.018478	0.002104	0.006982	0.030326	0.033075	0.022282	0.028075	0.017482	0.004251	0.014864	0.038256	0.022505	0.009300	0.009133	0.033292	0.023428	
0.018319	0.023067	0.006563	0.026101	0.000777	0.039191	0.031773	0.040858	0.003460	0.004921	0.030918	0.006413	0.036899	0.012333	0.023407	0.000338	0.031915	0.024368	0.016537	0.010683	0.019017	0.011536	0.016399	0.008823	0.012284	0.027131	0.019842	0.008323	0.034102	0.027242	0.001405	0.037411	0.028291	0.019124	0.001793	0.012694	0.034280	0.015986	0.036960	0.030386	0.013334	0.036096	0.009293	0.020205	0.027716	0.006000	0.004973	0.026111	0.032190	0.032210	
0.033058	0.020412	0.035328	0.014031	0.036783	0.033809	0.003944	0.033192	0.021063	0.004851	0.030697	0.004808	0.004906	0.004758	0.008495	0.020335	0.012681	0.012921	0.010285	0.007961	0.029380	0.016778	0.035027	0.004313	0.022974	0.018941	0.028825	0.031183	0.035056	0.008418	0.035045	0.036465	0.026136	0.034206	0.014152	0.027206	0.023829	0.003312	0.013583	0.010054	0.025909	0.020691	0.012739	0.022179	0.029906	0.010329	0.006971	0.025231	0.000322	0.036522	
0.009555	0.030518	0.012529	0.032416	0.009674	0.033619	0.005297	0.033548	0.034760	0.018068	0.033969	0.000867	0.026237	0.016642	0.000112	0.014414	0.028671	0.009720	0.033761	0.001420	0.036787	0.025245	0.017008	0.028587	0.033538	0.027821	0.027354	0.007542	0.009160	0.030188	0.028343	0.024777	0.017904	0.012544	0.024571	0.021705	0.004807	0.027830	0.016037	0.005110	0.025726	0.016793	0.010818	0.034882	0.018559	0.032931	0.021161	0.009381	0.002460	0.014633	
0.011746	0.033384	0.016662	0.014834	0.011437	0.019572	0.031296	0.018585	0.017995	0.030283	0.002225	0.036933	0.014371	0.029792	0.032250	0.001983	0.019447	0.026690	0.026027	0.006389	0.001366	0.015837	0.001090	0.020626	0.007318	0.033655	0.008587	0.009604	0.019971	0.006529	0.007394	0.038285	0.028961	0.016232	0.020052	0.024905	0.036877	0.032753	0.002562	0.038276	0.032385	0.038017	0.007238	0.036805	0.034421	0.014452	0.013807	0.010423	0.014961	0.024707	
0.004657	0.038335	0.025714	0.003520	0.028405	0.030404	0.025176	0.040994	0.030506	0.019252	0.027478	0.007464	0.004962	0.003782	0.003673	0.021520	0.014487	0.023393	0.035554	0.025166	0.008023	0.021373	0.009051	0.018602	0.017109	0.011634	0.023942	0.026703	0.028281	0.014443	0.001678	0.005767	0.004882	0.010352	0.003171	0.002045	0.027782	0.032168	0.031518	0.028508	0.041217	0.029053	0.020720	0.026573	0.036020	0.040532	0.004368	0.024516	0.032382	0.003147	
0.001762	0.028064	0.006306	0.023166	0.036013	0.040817	0.031978	0.022015	0.002475	0.004132	0.007564	0.037833	0.041177	0.013551	0.018646	0.017954	0.028869	0.008347	0.012434	0.029301	0.027959	0.017378	0.002273	0.006433	0.021006	0.003971	0.015155	0.016221	0.020678	0.031282	0.024662	0.010610	0.025985	0.027624	0.014665	0.025474	0.022397	0.022222	0.008762	0.016376	0.027563	0.033836	0.021544	0.018908	0.037629	0.017543	0.001957	0.017388	0.025969	0.024124	
0.033497	0.033345	0.014992	0.003405	0.009314	0.037726	0.024859	0.010000	0.005965	0.015717	0.034202	0.024438	0.001383	0.025430	0.003955	0.021222	0.027795	0.009830	0.021186	0.016822	0.039681	0.031493	0.015881	0.008234	0.018612	0.036113	0.026931	0.016869	0.008370	0.035128	0.019390	0.032666	0.016949	0.004866	0.005187	0.037037	0.031295	0.020709	0.001880	0.024446	0.004780	0.014888	0.007597	0.027757	0.013182	0.039449	0.025239	0.021578	0.026595	0.012112	
0.013546	0.002836	0.024162	0.020719	0.007598	0.043344	0.024784	0.039694	0.007540	0.030987	0.010396	0.002698	0.026401	0.041103	0.000524	0.009576	0.022592	0.010501	0.027209	0.022283	0.037187	0.033551	0.009540	0.023087	0.039583	0.017970	0.034335	0.028852	0.001187	0.018527	0.040238	0.010445	0.003170	0.017410	0.008328	0.027993	0.012157	0.008056	0.002825	0.005808	0.029476	0.008401	0.019869	0.001484	0.010384	0.041145	0.014109	0.020243	0.043732	0.042414	
0.022025	0.024124	0.034629	0.034231	0.007502	0.015449	0.028951	0.005222	0.023418	0.023626	0.016264	0.020345	0.031627	0.021485	0.011334	0.003761	0.009160	0.004091	0.027057	0.035456	0.025715	0.009764	0.016275	0.021385	0.030108	0.029519	0.019357	0.031504	0.019838	0.034173	0.025972	0.028534	0.019149	0.031163	0.005296	0.000391	0.006564	0.036131	0.024470	0.002362	0.032261	0.014713	0.011230	0.025292	0.014563	0.012810	0.018047	0.020350	0.013039	0.020270	
0.007657	0.018375	0.026200	0.019791	0.027245	0.032450	0.032554	0.015682	0.001797	0.002157	0.017695	0.033365	0.033715	0.036872	0.018060	0.010926	0.002297	0.019198	0.028384	0.018935	0.013997	0.012420	0.037288	0.011413	0.029666	0.007886	0.010271	0.034816	0.000589	0.032642	0.027279	0.002173	0.024695	0.031399	0.028065	0.014999	0.006683	0.037468	0.011571	0.035334	0.019445	0.014912	0.030341	0.011511	0.021205	0.009475	0.025285	0.017489	0.034790	0.001537	
0.021128	0.030211	0.001287	0.028646	0.008106	0.014375	0.006970	0.027095	0.002782	0.017243	0.033222	0.012159	0.016862	0.022651	0.013574	0.007177	0.029487	0.020768	0.022079	0.036655	0.015663	0.029262	0.006888	0.038564	0.030386	0.024257	0.002772	0.037721	0.006845	0.010014	0.025358	0.022591	0.005001	0.005118	0.036287	0.024137	0.009456	0.024859	0.025041	0.003863	0.017645	0.034735	0.033814	0.036292	0.029124	0.013263	0.032837	0.010984	0.026218	0.008528	
0.029745	0.038233	0.020483	0.007065	0.033922	0.015158	0.019989	0.021281	0.019995	0.037492	0.000303	0.001007	0.021867	0.018201	0.017390	0.008012	0.006904	0.033226	0.012705	0.016157	0.022516	0.029825	0.016894	0.033660	0.038304	0.010422	0.010801	0.033616	0.023979	0.015952	0.005483	0.005843	0.004708	0.032912	0.021184	0.013931	0.006083	0.025197	0.018709	0.035643	0.001168	0.016679	0.034200	0.023915	0.034597	0.031891	0.031179	0.012734	0.021083	0.007754	
0.005004	0.004637	0.013483	0.006133	0.026621	0.022963	0.011663	0.000716	0.022266	0.014447	0.028903	0.035152	0.015846	0.004772	0.035774	0.028133	0.014654	0.027947	0.034477	0.011767	0.024781	0.004332	0.013365	0.019926	0.032346	0.025485	0.027478	0.004548	0.020655	0.020394	0.038780	0.036373	0.020162	0.024366	0.008698	0.030056	0.019937	0.017374	0.036309	0.022991	0.001337	0.005944	0.022568	0.010913	0.020177	0.033004	0.022797	0.000373	0.032394	0.036779	
0.023625	0.008245	0.035126	0.024704	0.027152	0.027118	0.019618	0.017359	0.013850	0.002092	0.028826	0.018907	0.036931	0.035627	0.028091	0.006697	0.023363	0.005100	0.030605	0.021541	0.038245	0.013312	0.010777	0.037659	0.016337	0.012266	0.030245	0.012454	0.028251	0.023572	0.032986	0.003771	0.037991	0.007935	0.019807	0.003016	0.002869	0.036102	0.023243	0.008611	0.000281	0.021776	0.010567	0.039698	0.024856	0.003431	0.035341	0.011737	0.000276	0.018010	
0.035088	0.003193	0.025145	0.028985	0.003684	0.013969	0.011981	0.002074	0.002799	0.019002	0.014643	0.003960	0.033909	0.034449	0.031792	0.032351	0.013447	0.032482	0.019372	0.027142	0.028917	0.033951	0.032494	0.012246	0.008352	0.024945	0.000864	0.040549	0.022017	0.005923	0.023249	0.010346	0.007495	0.039448	0.016061	0.021990	0.033464	0.007905	0.032272	0.014882	0.025091	0.015261	0.038043	0.040216	0.003997	0.010687	0.013779	0.005713	0.017395	0.022981	
0.008802	0.018268	0.033002	0.008906	0.035464	0.034746	0.034371	0.005940	0.006403	0.019097	0.033944	0.029238	0.012944	0.017354	0.011948	0.013278	0.031163	0.026125	0.014247	0.035942	0.019067	0.030084	0.005614	0.001367	0.033330	0.022688	0.027127	0.026641	0.030462	0.009880	0.003896	0.031920	0.022924	0.009249	0.023268	0.021845	0.024910	0.015821	0.001881	0.006438	0.035157	0.031181	0.001157	0.001191	0.023964	0.020033	0.028826	0.013825	0.036274	0.008797	
0.036187	0.034209	0.029459	0.019579	0.027320	0.038651	0.029835	0.001118	0.040922	0.018743	0.036115	0.021992	0.043125	0.007303	0.020266	0.035109	0.018076	0.007646	0.013991	0.022455	0.001062	0.038047	0.001409	0.028312	0.010097	0.030269	0.015375	0.024370	0.024189	0.017594	0.019196	0.031154	0.005707	0.001411	0.021910	0.008191	0.001828	0.000689	0.013376	0.009690	0.043489	0.013516	0.002835	0.005907	0.024324	0.034106	0.008426	0.004261	0.021013	0.036148	
0.017415	0.020769	0.035833	0.009969	0.010653	0.037011	0.032785	0.029903	0.008817	0.012600	0.027493	0.030989	0.011954	0.014554	0.024082	0.006987	0.022524	0.017279	0.038364	0.017904	0.005986	0.001047	0.008990	0.025072	0.022363	0.010166	0.005410	0.020275	0.019969	0.010561	0.024796	0.002704	0.024189	0.027643	0.034860	0.025914	0.023619	0.026948	0.003961	0.004890	0.002115	0.037326	0.015688	0.037759	0.028424	0.028734	0.015622	0.030010	0.035671	0.011400	
0.025774	0.021351	0.011592	0.022386	0.025638	0.025675	0.030768	0.006495	0.034908	0.022532	0.012340	0.014503	0.008047	0.028547	0.015708	0.022826	0.038028	0.000706	0.014402	0.013841	0.023106	0.033463	0.035759	0.023217	0.003550	0.001117	0.034649	0.029843	0.024485	0.025888	0.023807	0.027345	0.027327	0.033957	0.019968	0.007768	0.015163	0.002114	0.012992	0.037084	0.013184	0.028313	0.000940	0.009198	0.011366	0.014111	0.030636	0.022980	0.000319	0.030287	
0.032340	0.015736	0.030541	0.036087	0.024074	0.016236	0.018361	0.009107	0.016138	0.015343	0.017526	0.023756	0.028946	0.028591	0.010810	0.027055	0.030171	0.034247	0.009775	0.013511	0.030649	0.013881	0.019202	0.014477	0.005150	0.009648	0.031037	0.029163	0.034860	0.014814	0.006096	0.014110	0.018781	0.014026	0.004459	0.034866	0.016464	0.009009	0.019851	0.023439	0.001091	0.033205	0.022268	0.019351	0.002569	0.034552	0.025648	0.030866	0.027598	0.000515	
0.004930	0.029712	0.014103	0.008409	0.020008	0.000444	0.007741	0.009910	0.009248	0.020827	0.020217	0.019163	0.038831	0.031591	0.009116	0.029935	0.012543	0.034862	0.014715	0.036218	0.036117	0.030885	0.034518	0.027032	0.018583	0.018248	0.017365	0.040031	0.034366	0.024898	0.003712	0.011252	0.026844	0.036314	0.028039	0.000309	0.035796	0.022753	0.021906	0.031941	0.017748	0.012779	0.002502	0.000263	0.027688	0.017583	0.013765	0.007873	0.013720	0.012651	
0.004926	0.038363	0.029377	0.002800	0.018704	0.038092	0.004305	0.010145	0.032919	0.023565	0.017788	0.005134	0.034624	0.011506	0.007539	0.021085	0.026963	0.033289	0.016269	0.015729	0.033587	0.006666	0.016319	0.018805	0.019592	0.004133	0.003339	0.021383	0.027761	0.033186	0.008080	0.017201	0.028468	0.030937	0.030891	0.036593	0.032619	0.006978	0.031255	0.035875	0.023611	0.024899	0.025552	0.000287	0.008048	0.013962	0.011575	0.030963	0.003442	0.020874	
0.013361	0.038820	0.011788	0.007361	0.017473	0.012916	0.027689	0.021133	0.006390	0.017076	0.030323	0.016635	0.011800	0.038423	0.013581	0.026191	0.003017	0.020426	0.032330	0.022377	0.032227	0.014414	0.029063	0.034650	0.009906	0.004119	0.040059	0.014623	0.008438	0.016850	0.030669	0.014709	0.008674	0.007078	0.038661	0.035610	0.012773	0.011368	0.033292	0.011327	0.025671	0.020257	0.008916	0.005191	0.020117	0.029942	0.017676	0.007843	0.029615	0.037153	
0.005461	0.034938	0.001427	0.029632	0.006592	0.012275	0.008221	0.012915	0.007860	0.036180	0.011557	0.020011	0.003817	0.020664	0.036048	0.039941	0.020835	0.025186	0.011949	0.033711	0.037500	0.010765	0.038051	0.009328	0.037393	0.020791	0.006930	0.003072	0.025353	0.038618	0.019685	0.030926	0.012118	0.033826	0.017601	0.035631	0.000748	0.012598	0.019522	0.009558	0.001286	0.038465	0.003476	0.011130	0.030169	0.025449	0.020092	0.035948	0.031344	0.003407	
0.007728	0.037317	0.040587	0.036459	0.019361	0.014424	0.036174	0.038053	0.009697	0.017949	0.026735	0.026285	0.038017	0.038448	0.014616	0.000064	0.003302	0.017815	0.038205	0.005604	0.026018	0.026535	0.006763	0.017476	0.013480	0.009463	0.029160	0.029387	0.034129	0.004686	0.004055	0.031134	0.010247	0.009542	0.025681	0.011337	0.025879	0.020730	0.031205	0.028695	0.005607	0.007013	0.001451	0.020601	0.030684	0.014353	0.001449	0.009216	0.010107	0.037077	
0.000779	0.025447	0.007518	0.034531	0.024023	0.003008	0.031625	0.002638	0.009676	0.024395	0.000934	0.011379	0.039994	0.031106	0.004729	0.013749	0.004644	0.013136	0.024902	0.018660	0.023647	0.031175	0.037947	0.033702	0.026939	0.030601	0.004327	0.025661	0.016080	0.005918	0.010657	0.001397	0.027167	0.031545	0.026805	0.012879	0.031037	0.022223	0.039859	0.034411	0.019294	0.010324	0.023060	0.020277	0.006457	0.013519	0.038662	0.019383	0.009118	0.039057	
0.000527	0.027483	0.024323	0.021396	0.026019	0.001167	0.003888	0.032652	0.008670	0.022567	0.001962	0.026973	0.033570	0.024356	0.034855	0.027435	0.022793	0.016714	0.003294	0.031035	0.033360	0.003556	0.017687	0.034634	0.034778	0.020895	0.036980	0.007560	0.026448	0.002588	0.018558	0.009687	0.000066	0.026739	0.005088	0.033578	0.020584	0.007593	0.029398	0.019559	0.034942	0.023932	0.023812	0.019591	0.025698	0.006134	0.032427	0.004812	0.018049	0.029588	
0.028010	0.024962	0.013582	0.004369	0.040415	0.015944	0.005418	0.010488	0.010268	0.005511	0.013571	0.026665	0.015670	0.015487	0.015364	0.029643	0.037522	0.004890	0.037735	0.040090	0.014881	0.007953	0.020874	0.006548	0.019489	0.017721	0.028603	0.038619	0.025326	0.017329	0.024843	0.000343	0.024576	0.037444	0.027391	0.020005	0.007982	0.013643	0.030723	0.020786	0.027019	0.009954	0.011958	0.019382	0.024929	0.005133	0.033025	0.025217	0.007179	0.035522	
0.016119	0.016493	0.009081	0.023540	0.023511	0.015102	0.005744	0.021015	0.029331	0.027211	0.020025	0.022230	0.010967	0.026699	0.014090	0.027366	0.008484	0.020264	0.027258	0.037678	0.016627	0.021658	0.018006	0.035195	0.038487	0.023875	0.018188	0.012608	0.014969	0.029436	0.023753	0.035902	0.034238	0.035727	0.010840	0.026084	0.039660	0.024292	0.003833	0.020938	0.013906	0.011349	0.001956	0.015119	0.017430	0.011018	0.004276	0.009541	0.010239	0.018640	
0.003493	0.018723	0.030238	0.015092	0.033946	0.024046	0.029821	0.009808	0.000671	0.035447	0.003157	0.020563	0.020228	0.033514	0.017719	0.021060	0.000477	0.026606	0.036151	0.012871	0.008699	0.027945	0.018230	0.014342	0.031839	0.024640	0.025111	0.023742	0.006041	0.016208	0.024314	0.034558	0.028323	0.033509	0.014196	0.013719	0.026122	0.018402	0.030207	0.025608	0.017555	0.025951	0.004085	0.022306	0.030479	0.003782	0.010010	0.009552	0.007915	0.028979	
0.000633	0.038447	0.025958	0.028152	0.007125	0.025794	0.020914	0.036147	0.015162	0.021020	0.016390	0.018231	0.039738	0.022416	0.012643	0.037269	0.025355	0.003200	0.004029	0.019143	0.024742	0.029512	0.037933	0.037544	0.009354	0.037282	0.026347	0.006711	0.006111	0.000558	0.008075	0.016176	0.001938	0.003229	0.023009	0.008645	0.012196	0.018702	0.036585	0.007657	0.013280	0.034987	0.008900	0.028701	0.014709	0.030468	0.005506	0.036472	0.039290	0.017617	
0.012519	0.018979	0.032663	0.038944	0.040577	0.021660	0.017446	0.006822	0.013084	0.011560	0.031699	0.005557	0.018195	0.023858	0.000121	0.006746	0.043756	0.034164	0.019669	0.023412	0.013011	0.035142	0.030343	0.003782	0.040149	0.024106	0.003093	0.011149	0.009350	0.010370	0.031725	0.022801	0.014976	0.032637	0.034483	0.011023	0.004108	0.014057	0.015461	0.024070	0.026313	0.025097	0.041046	0.021669	0.002917	0.003851	0.004722	0.017791	0.006332	0.042995	
0.011488	0.000549	0.022526	0.004234	0.000064	0.017179	0.027693	0.035029	0.015290	0.003653	0.028520	0.009481	0.032005	0.018408	0.013533	0.035757	0.014051	0.018077	0.022121	0.005323	0.015051	0.033229	0.032600	0.029210	0.010895	0.029842	0.010537	0.016404	0.007427	0.025519	0.028581	0.016864	0.038912	0.012470	0.018742	0.030575	0.034352	0.023011	0.028726	0.019590	0.004572	0.007122	0.004455	0.014341	0.027019	0.028585	0.036366	0.018108	0.028353	0.033565	
0.015609	0.028759	0.010013	0.017777	0.009270	0.011694	0.001832	0.019598	0.021508	0.010670	0.004869	0.015706	0.031164	0.031762	0.013117	0.010248	0.028135	0.033583	0.033809	0.014277	0.038191	0.006089	0.001184	0.014465	0.015924	0.033991	0.026689	0.037086	0.008839	0.014612	0.027909	0.020300	0.031086	0.006600	0.007085	0.019324	0.020424	0.022110	0.023916	0.022569	0.029672	0.017701	0.034115	0.008217	0.005434	0.024381	0.032665	0.037438	0.036253	0.012332	
0.025655	0.024677	0.036936	0.010705	0.011070	0.011488	0.033265	0.023774	0.005895	0.007684	0.029757	0.021999	0.011084	0.023269	0.032528	0.035594	0.032301	0.032327	0.015529	0.009182	0.031320	0.036310	0.002388	0.011871	0.031894	0.001110	0.033682	0.025882	0.009361	0.014247	0.008923	0.034615	0.020016	0.004791	0.009202	0.016225	0.036703	0.032444	0.035548	0.028367	0.023244	0.006326	0.003744	0.033501	0.031313	0.000358	0.001213	0.032703	0.007916	0.000062	
0.011161	0.031854	0.008439	0.001060	0.009341	0.015655	0.008523	0.042981	0.028109	0.042281	0.020625	0.038774	0.010601	0.018051	0.013659	0.013381	0.046064	0.009276	0.004797	0.014780	0.032114	0.004810	0.043938	0.028809	0.011950	0.013276	0.028519	0.023591	0.018939	0.021594	0.001303	0.005066	0.009973	0.000345	0.025569	0.031178	0.039525	0.025597	0.032640	0.035221	0.030597	0.045201	0.037224	0.000752	0.000498	0.025267	0.011560	0.010709	0.009848	0.004971	
0.033854	0.029559	0.015333	0.000444	0.029547	0.006029	0.002087	0.030753	0.035392	0.036067	0.020760	0.016218	0.035282	0.013635	0.023194	0.012002	0.014592	0.028653	0.017316	0.017704	0.035837	0.007307	0.027302	0.021254	0.026675	0.034612	0.018121	0.033472	0.005481	0.031611	0.002342	0.028610	0.005092	0.024037	0.013231	0.006711	0.002576	0.033544	0.010646	0.002302	0.023194	0.033685	0.004218	0.030934	0.002803	0.032717	0.009281	0.031131	0.026601	0.016253	
0.014713	0.031397	0.035831	0.041753	0.019704	0.007165	0.028545	0.001634	0.010202	0.025228	0.029350	0.037792	0.042154	0.039271	0.019061	0.006124	0.010220	0.016046	0.010825	0.017064	0.021230	0.000061	0.018299	0.000546	0.010452	0.001953	0.003216	0.007495	0.035034	0.008706	0.007655	0.006638	0.033855	0.025961	0.013442	0.033749	0.032358	0.018180	0.025395	0.030756	0.001987	0.014335	0.039206	0.037082	0.020098	0.038477	0.012443	0.041631	0.012034	0.003645	
0.008053	0.011818	0.017573	0.000683	0.011319	0.019078	0.001613	0.027013	0.022435	0.054361	0.005731	0.036528	0.001811	0.052386	0.006650	0.031380	0.010777	0.012400	0.002086	0.001906	0.001513	0.040964	0.021721	0.051170	0.028610	0.011846	0.012228	0.038849	0.040591	0.000118	0.024978	0.020917	0.001035	0.017545	0.003696	0.011398	0.028618	0.049600	0.046886	0.001710	0.034811	0.046237	0.020703	0.023682	0.011396	0.022061	0.004759	0.025222	0.004154	0.017382	
0.013808	0.024020	0.008547	0.002072	0.033352	0.023403	0.000231	0.002384	0.001923	0.021996	0.022689	0.027758	0.011572	0.035371	0.013148	0.016891	0.007586	0.020108	0.016373	0.016541	0.022178	0.031068	0.034113	0.002755	0.021809	0.019766	0.030864	0.015031	0.004303	0.033907	0.031768	0.034948	0.031171	0.035460	0.033237	0.003529	0.033152	0.002653	0.027397	0.024831	0.022053	0.033625	0.036944	0.003364	0.005176	0.034137	0.004179	0.027739	0.019895	0.019173	
0.016184	0.017610	0.011993	0.000621	0.009025	0.023265	0.028498	0.020701	0.000922	0.037804	0.039158	0.035918	0.014557	0.011817	0.023942	0.015712	0.032950	0.035003	0.016620	0.000408	0.025263	0.039530	0.007356	0.021776	0.036094	0.030072	0.009938	0.035095	0.025488	0.034101	0.038024	0.019407	0.013704	0.004437	0.008060	0.006391	0.013833	0.030880	0.014666	0.027204	0.017566	0.001545	0.006749	0.009134	0.018070	0.023707	0.026061	0.017419	0.025559	0.020166	
0.018494	0.032092	0.004806	0.008837	0.040113	0.032315	0.016472	0.026930	0.020900	0.000479	0.030472	0.027120	0.001027	0.031439	0.002383	0.017332	0.029958	0.007672	0.009258	0.014693	0.035382	0.036665	0.030538	0.038934	0.024190	0.003158	0.038317	0.013440	0.028202	0.000814	0.011192	0.009435	0.037888	0.029420	0.007701	0.022230	0.038709	0.036449	0.006966	0.008226	0.023777	0.017804	0.008658	0.001784	0.000435	0.029889	0.003878	0.016210	0.030898	0.036018	
0.020187	0.012202	0.030105	0.036531	0.026688	0.015954	0.025328	0.024173	0.016129	0.011462	0.035700	0.037209	0.004084	0.008231	0.035679	0.023195	0.004548	0.037140	0.002109	0.006236	0.025805	0.034626	0.006814	0.034184	0.016777	0.025697	0.004583	0.027207	0.027070	0.014686	0.041637	0.040628	0.014061	0.009853	0.030943	0.024309	0.021269	0.016732	0.017553	0.000896	0.037971	0.022015	0.023220	0.008846	0.015150	0.013425	0.007987	0.004443	0.013249	0.005474	
0.016690	0.009710	0.016709	0.000835	0.027490	0.032932	0.013432	0.024827	0.025254	0.025097	0.040455	0.010929	0.042524	0.001817	0.006168	0.007201	0.029800	0.024438	0.009665	0.001584	0.041909	0.021708	0.019762	0.030334	0.028019	0.032338	0.008027	0.026263	0.012370	0.029997	0.003770	0.005530	0.027041	0.022880	0.005188	0.027384	0.039851	0.003422	0.003631	0.004204	0.039628	0.018061	0.036579	0.041847	0.013899	0.032072	0.017940	0.001143	0.032130	0.005517	
0.015933	0.031072	0.005814	0.028654	0.035143	0.016998	0.041880	0.000952	0.016663	0.008922	0.002375	0.015855	0.001203	0.028769	0.031814	0.030354	0.029187	0.015813	0.008121	0.015166	0.021517	0.006443	0.014245	0.023681	0.038158	0.000098	0.010507	0.016505	0.006503	0.006260	0.036338	0.011352	0.034606	0.026537	0.021228	0.002850	0.027290	0.008982	0.022768	0.029836	0.017548	0.041297	0.019836	0.041801	0.020027	0.000096	0.006142	0.035875	0.033603	0.037380	
0.030133	0.028814	0.009125	0.003839	0.039305	0.043754	0.025540	0.005290	0.022161	0.028255	0.014410	0.023882	0.032263	0.028513	0.006320	0.009828	0.030773	0.000482	0.003788	0.001836	0.033457	0.009415	0.042379	0.042441	0.012931	0.007374	0.034255	0.019878	0.009578	0.000632	0.008785	0.004227	0.004930	0.021547	0.034900	0.034401	0.031261	0.009065	0.039524	0.024689	0.017743	0.014748	0.014658	0.037917	0.025321	0.029968	0.006688	0.021521	0.006416	0.011037	
0.004916	0.026467	0.025879	0.001678	0.036893	0.044512	0.039791	0.001772	0.023095	0.007757	0.001321	0.020696	0.004604	0.038830	0.003077	0.005628	0.035614	0.032086	0.008451	0.014660	0.033801	0.008594	0.040668	0.036830	0.005012	0.037734	0.034573	0.042053	0.004531	0.021125	0.030711	0.002633	0.000106	0.015648	0.032940	0.005714	0.035884	0.005874	0.027866	0.004892	0.007305	0.010388	0.002074	0.032329	0.024646	0.042507	0.012496	0.023993	0.004634	0.034714	
0.040741	0.006584	0.041107	0.012444	0.026996	0.037813	0.006565	0.001254	0.021015	0.004961	0.029928	0.034185	0.018443	0.041264	0.019820	0.017996	0.023078	0.022865	0.033657	0.008491	0.014640	0.021346	0.012955	0.005452	0.041046	0.004998	0.006597	0.017375	0.037497	0.021069	0.014313	0.016879	0.001392	0.009333	0.021219	0.027503	0.017016	0.024525	0.017790	0.015590	0.043375	0.031621	0.000546	0.005831	0.011945	0.015951	0.037748	0.018653	0.019986	0.016600	
0.037180	0.013299	0.031885	0.016794	0.016500	0.014959	0.031720	0.029856	0.023125	0.030976	0.021267	0.018649	0.028040	0.036782	0.016330	0.020429	0.029303	0.014535	0.027906	0.026127	0.006831	0.033401	0.017736	0.031097	0.021055	0.028888	0.014726	0.006356	0.020377	0.002495	0.024239	0.033650	0.001942	0.006762	0.008123	0.019273	0.031927	0.020250	0.022952	0.020815	0.032512	0.002651	0.008769	0.024144	0.008382	0.005265	0.010055	0.036351	0.002177	0.011139	
0.027586	0.016915	0.032346	0.031786	0.001369	0.025086	0.030609	0.026809	0.028752	0.026525	0.007068	0.021938	0.006888	0.032516	0.031057	0.007775	0.008335	0.011593	0.034387	0.006420	0.017732	0.014873	0.024806	0.034131	0.016679	0.015678	0.018239	0.014232	0.030528	0.015642	0.001890	0.010987	0.031652	0.019377	0.023060	0.002750	0.034863	0.033717	0.024503	0.015767	0.001457	0.003252	0.035038	0.027185	0.001522	0.024763	0.014269	0.030805	0.010401	0.034442	
0.002974	0.025958	0.017842	0.000962	0.014699	0.041968	0.023326	0.013615	0.000399	0.000600	0.020572	0.023570	0.012697	0.007084	0.037809	0.001574	0.036632	0.040146	0.031112	0.037422	0.032141	0.033946	0.040327	0.040052	0.031956	0.019722	0.011529	0.032558	0.031596	0.009440	0.023858	0.003590	0.028404	0.032738	0.028757	0.001516	0.008328	0.021873	0.031598	0.008605	0.003671	0.018004	0.022111	0.003328	0.026665	0.016252	0.006553	0.007724	0.025244	0.006952	
0.008108	0.029340	0.015597	0.023275	0.035978	0.004284	0.031565	0.038380	0.027231	0.024685	0.022941	0.007397	0.022015	0.030802	0.011231	0.037095	0.030473	0.027903	0.028094	0.035089	0.026957	0.002234	0.019203	0.025437	0.036125	0.003408	0.001076	0.011644	0.009414	0.022078	0.033016	0.002300	0.026399	0.026355	0.031734	0.003945	0.012377	0.022319	0.005447	0.011049	0.029171	0.004844	0.001380	0.029526	0.036765	0.023277	0.017867	0.027104	0.000524	0.005543	
0.030112	0.003297	0.038269	0.027914	0.016372	0.026525	0.027074	0.016442	0.038363	0.009693	0.006277	0.022755	0.004837	0.015418	0.004149	0.028403	0.003750	0.016576	0.006664	0.002539	0.011234	0.033056	0.037169	0.038602	0.020608	0.023877	0.020260	0.005193	0.008702	0.033334	0.017942	0.004256	0.039999	0.026231	0.008574	0.021927	0.007813	0.019863	0.026956	0.025985	0.029452	0.040273	0.014632	0.007141	0.030602	0.015997	0.013067	0.006401	0.039545	0.025877	
0.030499	0.029739	0.041394	0.001368	0.006549	0.001520	0.023956	0.005788	0.014269	0.011201	0.002501	0.026135	0.012819	0.042248	0.013367	0.002784	0.035563	0.031469	0.005419	0.033916	0.029981	0.004487	0.018395	0.019424	0.019691	0.031869	0.000464	0.045748	0.039356	0.011487	0.044372	0.006273	0.007514	0.015670	0.031798	0.011039	0.046233	0.030437	0.016200	0.019289	0.008633	0.024581	0.017100	0.023058	0.034580	0.007820	0.004395	0.028658	0.009185	0.019761	
0.031568	0.024916	0.015816	0.018633	0.025707	0.022864	0.030983	0.014195	0.021341	0.018341	0.030474	0.018282	0.013998	0.032275	0.025630	0.019742	0.012002	0.020277	0.027661	0.018501	0.032867	0.024033	0.031474	0.031512	0.017533	0.014902	0.032906	0.002685	0.002099	0.016088	0.016267	0.030000	0.018631	0.030480	0.021661	0.028083	0.030304	0.031182	0.002738	0.018935	0.023809	0.018127	0.026696	0.004844	0.010499	0.019575	0.012972	0.000034	0.004558	0.001300	
0.020428	0.010705	0.012349	0.011393	0.001450	0.006838	0.017238	0.003052	0.025395	0.025765	0.012575	0.014294	0.006293	0.019874	0.023789	0.012521	0.039298	0.017837	0.032826	0.031729	0.025920	0.027828	0.000113	0.008685	0.021581	0.003633	0.022384	0.016251	0.035971	0.008652	0.037386	0.038353	0.006940	0.034295	0.031381	0.039083	0.019220	0.017815	0.010268	0.000475	0.031647	0.006656	0.035566	0.026612	0.031280	0.002345	0.011288	0.025292	0.038488	0.038939	
0.016262	0.019170	0.011651	0.028593	0.013868	0.023940	0.014748	0.032697	0.008948	0.020101	0.037284	0.024361	0.019739	0.027490	0.031934	0.036852	0.025440	0.029754	0.001495	0.029415	0.029664	0.022399	0.008263	0.025193	0.002235	0.009216	0.029385	0.003691	0.000361	0.030180	0.000405	0.034622	0.017777	0.020087	0.018368	0.019033	0.031984	0.030380	0.012499	0.021531	0.020745	0.003088	0.031225	0.011435	0.009300	0.030430	0.005894	0.006889	0.021831	0.038150	
0.031920	0.003091	0.036230	0.004659	0.010713	0.036734	0.035331	0.029322	0.025470	0.007500	0.038367	0.011172	0.001913	0.038660	0.023985	0.022837	0.029728	0.010387	0.009136	0.030602	0.016933	0.003429	0.003223	0.032664	0.022813	0.001598	0.021840	0.010568	0.012400	0.042462	0.015758	0.006097	0.024552	0.032196	0.039783	0.031127	0.001092	0.019274	0.003075	0.013550	0.027207	0.031562	0.015597	0.017922	0.012111	0.015342	0.018406	0.020814	0.037540	0.011304	
0.006339	0.000362	0.019785	0.039856	0.005220	0.038676	0.036595	0.020477	0.024393	0.001324	0.008131	0.022322	0.018727	0.027574	0.036448	0.001950	0.027258	0.034482	0.007392	0.037225	0.014990	0.004730	0.008158	0.013330	0.000106	0.009952	0.012816	0.015827	0.040818	0.011987	0.002749	0.033145	0.007387	0.043042	0.006167	0.032498	0.044717	0.028651	0.042901	0.021604	0.044726	0.017379	0.014963	0.004894	0.009112	0.037566	0.014904	0.032596	0.001461	0.012286	
0.008289	0.002934	0.017671	0.035768	0.009259	0.025380	0.036033	0.009112	0.013188	0.003414	0.018032	0.021476	0.035207	0.015104	0.006542	0.022784	0.019086	0.039941	0.003540	0.033461	0.027342	0.003131	0.037052	0.028946	0.036784	0.011276	0.010884	0.020336	0.040345	0.011694	0.038655	0.040250	0.023465	0.024442	0.007325	0.007700	0.008779	0.036190	0.015648	0.011589	0.034527	0.036805	0.021261	0.026089	0.006215	0.002066	0.031724	0.010418	0.000410	0.012433	
0.031408	0.022350	0.034878	0.033334	0.032905	0.023734	0.026006	0.024375	0.006458	0.002856	0.010083	0.020159	0.029630	0.021649	0.023199	0.017935	0.032693	0.017756	0.007293	0.006424	0.031747	0.031844	0.007441	0.010652	0.014490	0.023905	0.016609	0.030880	0.033953	0.006509	0.025803	0.017682	0.006675	0.026444	0.032901	0.016692	0.002298	0.019570	0.025747	0.026114	0.014087	0.003596	0.031153	0.003531	0.026442	0.032100	0.022770	0.012139	0.000486	0.020615	
0.025952	0.029761	0.024685	0.023225	0.015906	0.022560	0.037569	0.021083	0.036580	0.020026	0.011786	0.032951	0.028170	0.034261	0.021559	0.002176	0.030987	0.034610	0.002358	0.000516	0.005455	0.015120	0.008840	0.027694	0.024136	0.035504	0.034092	0.032040	0.015214	0.015212	0.029694	0.000553	0.003671	0.008112	0.032547	0.013094	0.002733	0.012994	0.030993	0.025883	0.012501	0.008671	0.019759	0.027780	0.011894	0.028914	0.014420	0.023249	0.020382	0.002130	
0.023341	0.014541	0.016903	0.037927	0.004611	0.005706	0.039392	0.023341	0.016968	0.013680	0.048414	0.002118	0.029522	0.038009	0.005740	0.005535	0.009864	0.016762	0.007433	0.038619	0.020346	0.014959	0.029619	0.042639	0.009598	0.032043	0.015575	0.015266	0.038863	0.029268	0.010701	0.041523	0.004353	0.002236	0.000268	0.034017	0.026766	0.034262	0.002773	0.001936	0.000593	0.015487	0.013709	0.003284	0.051147	0.039270	0.028427	0.025814	0.010800	0.006028	
0.029061	0.028585	0.016701	0.035499	0.009256	0.024356	0.031825	0.013699	0.032660	0.005513	0.030074	0.017562	0.000910	0.020077	0.033970	0.007384	0.023290	0.013329	0.014570	0.037178	0.025827	0.024899	0.021489	0.035388	0.027597	0.002919	0.023151	0.006215	0.035465	0.002250	0.023837	0.003028	0.029859	0.020810	0.028299	0.030859	0.008592	0.029892	0.015253	0.026495	0.001203	0.012406	0.014427	0.009283	0.016980	0.023542	0.003414	0.029276	0.026026	0.015818	
0.020953	0.017294	0.014153	0.012876	0.025091	0.024523	0.035722	0.025370	0.015128	0.023747	0.029544	0.014096	0.032832	0.022303	0.035915	0.015898	0.005765	0.028455	0.005793	0.036164	0.032350	0.014368	0.002878	0.026029	0.033013	0.029280	0.015602	0.020104	0.015844	0.015792	0.027630	0.017755	0.018195	0.010550	0.006293	0.000372	0.001137	0.026955	0.006659	0.015641	0.000682	0.022492	0.034366	0.019724	0.030771	0.014440	0.029244	0.027730	0.006565	0.035913	
0.010081	0.029177	0.000003	0.002428	0.020726	0.030811	0.019049	0.004982	0.027835	0.016183	0.040704	0.011334	0.007340	0.015092	0.036597	0.018034	0.007807	0.033451	0.035686	0.004725	0.024754	0.016555	0.012951	0.021790	0.038984	0.021430	0.000818	0.008484	0.028079	0.020176	0.039909	0.021738	0.021290	0.024433	0.035006	0.012437	0.003845	0.010691	0.031987	0.000899	0.026221	0.028716	0.018553	0.039547	0.011873	0.003496	0.040364	0.010427	0.019902	0.032600	
0.032317	0.002920	0.000480	0.009880	0.015983	0.027752	0.000443	0.035727	0.016203	0.005436	0.018594	0.023112	0.034489	0.016488	0.035617	0.032668	0.031246	0.005469	0.000838	0.038026	0.003749	0.027180	0.032826	0.007806	0.035946	0.037365	0.015765	0.013844	0.023154	0.029565	0.035028	0.029380	0.022800	0.010468	0.024585	0.025767	0.000696	0.002634	0.008615	0.039141	0.033869	0.038870	0.010099	0.000009	0.003449	0.025155	0.022023	0.002515	0.031512	0.022498	
0.027843	0.010339	0.019178	0.027477	0.018762	0.016362	0.006144	0.005947	0.018378	0.028048	0.031975	0.029238	0.033284	0.024469	0.009478	0.004506	0.003475	0.023903	0.038633	0.017538	0.002522	0.015985	0.005622	0.008653	0.003087	0.017458	0.036487	0.021860	0.019954	0.042631	0.015871	0.031430	0.032230	0.029228	0.025832	0.043410	0.003974	0.010870	0.017569	0.025282	0.008012	0.013506	0.006643	0.021605	0.020232	0.028005	0.018205	0.033260	0.025522	0.020077	
0.026470	0.024160	0.028547	0.030009	0.014139	0.021619	0.026250	0.009504	0.034659	0.028547	0.022928	0.027252	0.018184	0.004041	0.007103	0.006935	0.023211	0.001350	0.021679	0.031738	0.015195	0.021410	0.010369	0.034598	0.021371	0.028649	0.010207	0.022587	0.011950	0.022272	0.017626	0.014177	0.016467	0.019937	0.015165	0.025124	0.018224	0.000431	0.031828	0.024966	0.012917	0.031187	0.024779	0.013073	0.026188	0.005825	0.034294	0.020656	0.029609	0.010591	
0.039045	0.027892	0.012014	0.001228	0.022055	0.012752	0.001119	0.011919	0.018910	0.019838	0.037953	0.024047	0.026945	0.015405	0.000706	0.029686	0.029496	0.000800	0.003319	0.010366	0.001845	0.037518	0.029139	0.000393	0.003859	0.011587	0.041856	0.039081	0.012242	0.024943	0.020610	0.039040	0.037685	0.030863	0.039458	0.026414	0.030045	0.021787	0.030770	0.012538	0.015751	0.033619	0.024365	0.011602	0.004030	0.003543	0.031003	0.020222	0.002326	0.016369	
0.001038	0.011143	0.015312	0.018471	0.027446	0.016896	0.035846	0.002386	0.021477	0.037436	0.019599	0.035850	0.037583	0.009655	0.016823	0.030823	0.004390	0.034398	0.016461	0.032501	0.002464	0.024110	0.009678	0.028883	0.025300	0.035629	0.035931	0.029209	0.021490	0.007147	0.023678	0.009678	0.023689	0.006299	0.022318	0.019953	0.025420	0.015868	0.012750	0.019286	0.033585	0.036658	0.010126	0.001658	0.037086	0.012379	0.005034	0.019370	0.012713	0.007083	
0.013303	0.020456	0.020308	0.038505	0.036754	0.029048	0.007627	0.025327	0.046069	0.017312	0.047299	0.042801	0.009600	0.039504	0.003870	0.026241	0.000467	0.039882	0.001406	0.005998	0.028660	0.045143	0.018785	0.003229	0.017352	0.022594	0.007946	0.032257	0.043310	0.020476	0.027825	0.006407	0.023093	0.000112	0.025845	0.029340	0.005348	0.008762	0.020691	0.003502	0.007842	0.025296	0.007346	0.017160	0.012859	0.034486	0.004593	0.019866	0.000238	0.007860	
0.008192	0.036473	0.040690	0.014967	0.000159	0.018146	0.026147	0.002824	0.017319	0.023523	0.013022	0.001373	0.012523	0.021134	0.033686	0.005426	0.006872	0.021598	0.035409	0.023443	0.013355	0.025875	0.029922	0.017907	0.037606	0.030916	0.016824	0.032662	0.013407	0.007920	0.001730	0.035815	0.014708	0.000750	0.006067	0.037726	0.035111	0.032138	0.030738	0.036008	0.036369	0.002922	0.034549	0.026207	0.000368	0.011082	0.027902	0.008955	0.025412	0.006125	
0.003480	0.015573	0.032612	0.033317	0.014068	0.003641	0.006876	0.027678	0.026435	0.022869	0.036290	0.034306	0.035427	0.035864	0.000077	0.035579	0.033567	0.013725	0.035330	0.033068	0.000068	0.024675	0.027108	0.023349	0.013360	0.011046	0.011104	0.000067	0.017589	0.006902	0.005158	0.033723	0.006863	0.028123	0.002002	0.016539	0.008149	0.003261	0.010237	0.008323	0.025016	0.035441	0.021137	0.036163	0.037751	0.023839	0.011110	0.037695	0.021699	0.012721	
0.032744	0.039686	0.010046	0.035341	0.015426	0.013294	0.027524	0.026293	0.020537	0.003864	0.025273	0.036752	0.025222	0.023277	0.024088	0.007034	0.009193	0.003911	0.000561	0.025458	0.005154	0.010526	0.028819	0.009030	0.025466	0.005794	0.028294	0.009370	0.032902	0.033133	0.013241	0.020595	0.030815	0.016101	0.033954	0.001391	0.024154	0.002238	0.032494	0.035747	0.033875	0.002158	0.002382	0.033159	0.022844	0.025266	0.006503	0.018720	0.024097	0.026255	
0.003583	0.039319	0.001850	0.016659	0.001417	0.038832	0.007732	0.017058	0.026108	0.026065	0.000815	0.002803	0.012707	0.029235	0.014160	0.008206	0.037645	0.023406	0.036337	0.029541	0.007694	0.013277	0.024872	0.039043	0.018297	0.014546	0.034479	0.027806	0.007529	0.012386	0.013015	0.007172	0.034428	0.039637	0.034864	0.010163	0.010663	0.021824	0.035801	0.039045	0.007193	0.029596	0.001501	0.024560	0.021903	0.007441	0.004572	0.036672	0.037294	0.009248	
0.013985	0.015947	0.037501	0.024677	0.021360	0.005793	0.033863	0.028960	0.018314	0.015676	0.014464	0.025564	0.038204	0.011825	0.010492	0.011152	0.027196	0.009657	0.011417	0.037307	0.037264	0.010463	0.012713	0.033493	0.029306	0.037931	0.027287	0.009268	0.009758	0.014504	0.037913	0.028729	0.027446	0.004702	0.009981	0.011672	0.000008	0.023326	0.035525	0.010521	0.024831	0.008736	0.022415	0.008847	0.000898	0.022014	0.020404	0.021078	0.010713	0.034899	
0.033498	0.023530	0.035055	0.001090	0.011001	0.013903	0.030983	0.013553	0.019291	0.022921	0.022818	0.010521	0.017653	0.022680	0.003601	0.003205	0.034402	0.036040	0.025975	0.022512	0.016222	0.007336	0.000295	0.026313	0.036172	0.002653	0.021663	0.017844	0.017036	0.035214	0.035793	0.020535	0.038891	0.031578	0.006769	0.028130	0.038586	0.017111	0.003455	0.008199	0.026774	0.031191	0.031289	0.001914	0.004795	0.003528	0.025286	0.025809	0.034735	0.000653	
0.044477	0.040849	0.027511	0.008549	0.034041	0.007436	0.022503	0.007370	0.017717	0.013546	0.009530	0.007485	0.036227	0.018311	0.019235	0.023198	0.003593	0.005824	0.034707	0.038293	0.036943	0.007306	0.000192	0.032680	0.017636	0.005206	0.017285	0.006141	0.013561	0.002040	0.034183	0.030180	0.037127	0.038443	0.033164	0.000543	0.000527	0.024871	0.020835	0.013504	0.044677	0.026562	0.027453	0.018210	0.024552	0.004735	0.024544	0.023032	0.001254	0.012212	
0.038853	0.020507	0.005088	0.013913	0.009699	0.013426	0.008183	0.034487	0.012870	0.014670	0.018333	0.002426	0.027306	0.016925	0.026913	0.024241	0.000922	0.034672	0.023047	0.036941	0.012160	0.006383	0.002393	0.002778	0.015228	0.030072	0.013770	0.010739	0.034196	0.019381	0.034984	0.009650	0.020715	0.029386	0.035065	0.026356	0.026858	0.028072	0.020976	0.014776	0.010934	0.030904	0.026004	0.023923	0.033258	0.016455	0.021416	0.011279	0.020854	0.027611	
0.016624	0.025706	0.021599	0.005387	0.012142	0.016108	0.009027	0.031121	0.024877	0.032201	0.007192	0.032264	0.023973	0.012207	0.033374	0.025094	0.028489	0.020033	0.032743	0.002079	0.032304	0.019686	0.027349	0.027081	0.001878	0.030766	0.017547	0.017936	0.013832	0.007741	0.030759	0.033464	0.030394	0.009744	0.019960	0.028100	0.008629	0.010043	0.011536	0.008131	0.015567	0.011282	0.021944	0.021268	0.034700	0.016911	0.015272	0.022444	0.020654	0.020837	
0.032249	0.018357	0.008612	0.039550	0.004930	0.010105	0.040301	0.038314	0.011477	0.005243	0.027475	0.029394	0.025133	0.026118	0.019425	0.017748	0.027464	0.033149	0.024243	0.028815	0.006280	0.028901	0.000896	0.040391	0.010005	0.022494	0.012131	0.034736	0.008906	0.000507	0.025998	0.018403	0.022410	0.010543	0.011539	0.022247	0.018827	0.035506	0.038985	0.022625	0.003101	0.016638	0.018031	0.017372	0.006326	0.017215	0.019668	0.011391	0.013671	0.016155	
0.013633	0.032994	0.010073	0.012920	0.031628	0.027772	0.001527	0.029409	0.022048	0.032566	0.022781	0.026387	0.025350	0.009409	0.026110	0.002889	0.004397	0.012726	0.003695	0.004351	0.014064	0.032016	0.037638	0.004754	0.014217	0.017492	0.002461	0.035224	0.028160	0.000281	0.016310	0.037141	0.018510	0.029805	0.036341	0.030708	0.003808	0.036443	0.013543	0.021999	0.003126	0.034748	0.004043	0.021284	0.026731	0.030457	0.030504	0.030914	0.028987	0.005623	
0.031944	0.002595	0.035831	0.003402	0.016895	0.000763	0.013887	0.003444	0.017850	0.029139	0.009114	0.017267	0.019136	0.032881	0.032525	0.010739	0.008804	0.018679	0.027043	0.010162	0.011477	0.036313	0.019640	0.015845	0.033986	0.015927	0.012375	0.000069	0.030716	0.034365	0.003612	0.034957	0.025191	0.034691	0.023786	0.010703	0.016058	0.027622	0.029541	0.021420	0.020164	0.024688	0.008599	0.017331	0.035290	0.026083	0.023641	0.029506	0.027906	0.006401	
0.035189	0.012677	0.026964	0.023336	0.014831	0.016966	0.009448	0.012636	0.029596	0.023490	0.033243	0.013607	0.015912	0.008818	0.019616	0.003150	0.020368	0.000598	0.034863	0.007790	0.033694	0.034972	0.026455	0.025163	0.023900	0.006148	0.032586	0.024936	0.016275	0.000705	0.008067	0.030162	0.035466	0.018098	0.007739	0.011627	0.030322	0.022103	0.026162	0.007337	0.014453	0.031908	0.007592	0.019973	0.024982	0.034514	0.030256	0.017427	0.031312	0.002569	
0.033659	0.024668	0.011177	0.020619	0.039634	0.025321	0.023294	0.006951	0.015575	0.019322	0.002015	0.036267	0.032434	0.017225	0.038319	0.011421	0.006955	0.009920	0.008887	0.010205	0.003617	0.009035	0.019432	0.030391	0.029165	0.023807	0.027732	0.014513	0.037919	0.001835	0.023731	0.038455	0.010054	0.013721	0.019836	0.022852	0.004581	0.031551	0.006085	0.018025	0.028133	0.041054	0.012271	0.013474	0.037372	0.007730	0.012440	0.011318	0.032091	0.023913	
0.036822	0.022828	0.039123	0.032114	0.013799	0.031165	0.000114	0.039118	0.041476	0.021386	0.041265	0.037792	0.013397	0.025816	0.001523	0.030518	0.012773	0.017780	0.017628	0.004490	0.032636	0.003691	0.009245	0.008869	0.024270	0.020898	0.009211	0.001599	0.036522	0.029908	0.005708	0.020361	0.019567	0.016726	0.003189	0.004409	0.038725	0.000438	0.003986	0.006597	0.041491	0.010474	0.003155	0.040570	0.014454	0.010086	0.024813	0.023209	0.031035	0.023230	
0.011096	0.011103	0.007049	0.027693	0.001784	0.018851	0.015167	0.033894	0.008672	0.021546	0.023175	0.031341	0.026422	0.005248	0.032734	0.010909	0.031976	0.025417	0.021655	0.011257	0.025083	0.033593	0.026865	0.010361	0.024787	0.022353	0.008391	0.013226	0.027817	0.027429	0.020643	0.030217	0.034011	0.006498	0.000191	0.012568	0.033024	0.016342	0.010094	0.022020	0.012585	0.025850	0.021216	0.028881	0.031689	0.032613	0.022170	0.007867	0.007186	0.027442	
0.018080	0.034938	0.034629	0.030942	0.032774	0.022282	0.001584	0.012181	0.015999	0.008544	0.025685	0.034028	0.003596	0.033936	0.000895	0.034520	0.011500	0.011441	0.033100	0.017279	0.036024	0.001402	0.033959	0.027867	0.011562	0.022879	0.016545	0.026463	0.017513	0.000839	0.010733	0.034328	0.019074	0.018216	0.002166	0.029528	0.008783	0.025196	0.015658	0.002171	0.036151	0.024466	0.026309	0.019096	0.033118	0.030417	0.014134	0.013938	0.002281	0.021252	
0.007523	0.029251	0.001676	0.014780	0.016105	0.002994	0.018803	0.017418	0.005107	0.019591	0.015033	0.026720	0.015836	0.014994	0.006608	0.031676	0.021087	0.003394	0.010814	0.018877	0.006003	0.009226	0.030293	0.032767	0.037745	0.026677	0.001076	0.022154	0.030551	0.000138	0.036695	0.031646	0.021616	0.023455	0.018328	0.030232	0.035296	0.034108	0.037892	0.003104	0.000442	0.015724	0.039384	0.016883	0.031914	0.026925	0.039610	0.032786	0.017338	0.011702	
0.024952	0.012743	0.009078	0.013765	0.022766	0.031489	0.009158	0.008848	0.036128	0.016772	0.030191	0.035685	0.010983	0.002711	0.030197	0.021593	0.023781	0.027351	0.032552	0.020381	0.011928	0.019020	0.017280	0.018289	0.009810	0.002774	0.001885	0.012969	0.000369	0.001541	0.032907	0.040903	0.016482	0.013852	0.004801	0.012603	0.031848	0.036825	0.041651	0.011450	0.022051	0.040945	0.011187	0.035382	0.004878	0.038217	0.033102	0.038960	0.001562	0.013407	
0.03
