50
2
-11.245859	-10.791486	2.951812	5.454354	17.673467	11.471149	-1.288518	2.098762	-17.593174	0.270667	8.773079	-18.259742	17.462730	9.134479	-0.000172	14.084997	8.231024	15.118240	9.771545	13.527605	-6.711935	17.219817	-17.574714	6.621748	-11.547121	5.953799	-15.507531	3.560974	3.195100	11.356519	-1.943873	7.940978	-5.455516	2.488212	-9.329919	-14.394338	-1.289750	-4.189428	-10.198774	15.383723	0.049737	-16.781702	-7.644592	4.914483	-17.209029	-18.317290	-6.485851	10.540478	9.312673	-0.562952	
24.426146	-17.318842	-17.136131	-19.189275	-6.164448	-5.133394	21.178856	-18.657809	-1.523178	6.869392	-24.035506	-6.872602	24.103831	-16.481704	23.656865	21.510105	23.395446	5.130514	3.446674	25.757627	-16.838651	-23.851988	23.177963	19.645817	-2.518225	10.072412	-8.883406	-7.489831	-0.884042	-23.192408	-22.491357	-2.330442	12.432312	21.004932	-9.843498	-3.462258	9.091784	9.695835	6.439979	-5.259875	-16.590279	0.735562	-16.307173	16.597605	25.263290	-19.653646	-21.149997	-11.626337	-7.169696	-0.337849	
-2.013056	-3.231877	20.964746	-15.305738	11.746944	22.673117	-9.763984	-13.434248	-23.267789	16.510486	9.035076	9.515241	-21.458348	11.596040	22.442032	6.053940	-7.403972	18.745111	15.704587	20.479655	-8.385733	-20.536725	-3.082165	-19.931446	14.129898	14.934049	-14.647894	-0.471459	-23.783229	-25.385280	8.604840	10.489297	-20.428377	-21.958888	-24.852537	-19.032246	-21.313468	23.340553	-4.489703	-20.748881	-18.766938	22.410670	-7.743458	10.315261	-21.296156	0.473507	-23.579718	12.127295	-13.718311	-2.658227	
1.971299	-8.277948	26.950440	26.261514	10.931235	-3.675778	4.142614	-11.588962	15.649942	-17.981189	-23.420019	21.322764	18.946812	-13.393576	27.347019	-6.403562	0.539536	-14.831063	-23.191299	-26.806050	10.405543	10.680138	-24.018133	29.164846	22.659218	-13.326026	13.851812	-19.951162	16.398602	29.615494	24.263521	25.719897	-10.242787	-16.410733	28.288351	9.795856	-13.888109	-7.199489	21.371108	22.550702	9.127028	-13.138625	-21.129941	4.273304	-24.673020	21.458451	-0.793271	-5.106790	-15.787820	-14.131285	
-23.992550	-3.819447	9.051998	12.682775	-19.452644	-1.669269	-19.853820	-6.217910	14.641939	6.571336	-27.733777	-29.412338	3.131619	19.794826	7.586901	-8.311528	22.057618	-21.769751	1.333266	-27.818889	-30.754647	0.754694	-29.933378	-14.530314	-28.275990	20.768960	19.316377	19.107573	14.954902	8.179612	12.354168	-4.139441	-11.701686	23.794574	-10.375105	-8.142315	-20.762948	28.007686	-21.488355	24.397947	11.943487	19.324432	-21.466643	-27.307367	-21.433620	-17.476093	-1.017509	2.884000	21.805229	-28.342042	
-17.249019	5.685342	6.508651	-4.934665	-1.646626	16.267759	-2.972099	15.789520	-6.992320	20.308538	1.282591	-4.341867	-5.806706	-14.436405	0.035997	6.513041	-5.855938	17.007839	-20.760761	-6.958877	15.670846	-18.340019	-18.296337	-14.064637	1.990622	17.477606	-19.230129	-7.847863	-18.101828	1.616918	17.692510	-20.469100	9.869254	3.164778	-14.084168	-17.147759	10.738228	18.239077	-4.262379	3.450238	2.598101	20.235991	-20.529682	19.917447	-11.687929	-15.865561	6.186448	-16.444701	8.819472	-15.763757	
9.638923	-6.978805	-10.401607	-28.601350	9.143243	-16.280911	19.869832	-17.761010	-25.391503	-20.432917	-4.477853	6.690204	10.726797	3.445353	-14.914502	-8.592903	-8.633113	-23.980022	-4.285717	-14.919692	-7.008943	28.429784	14.559174	-19.717362	4.667897	25.329127	13.200386	-4.824556	23.718738	-1.952811	14.621596	25.043232	-3.325482	16.156860	-7.475326	-21.635685	-15.772832	-27.652918	-17.750103	-14.358162	6.229681	-12.047834	14.153277	-22.965564	-10.522683	10.078861	25.407317	-2.403111	17.278926	1.883454	
10.065183	-7.903886	15.839589	-16.413937	12.586515	-24.675079	21.481688	-11.650148	-17.747984	-24.923061	0.687592	9.780846	26.377441	-21.865128	25.034937	-12.508541	20.372015	13.394735	-25.949729	13.601854	13.938447	0.667147	-8.031363	-9.026356	14.880752	22.965687	-19.606116	-7.210164	9.467406	17.836148	-14.527638	12.668028	10.057912	4.968050	20.445817	24.905681	-23.090273	1.430153	11.507806	14.498220	-24.392063	18.109965	0.383291	12.177143	-20.894596	1.677097	25.334352	-8.838857	-6.981972	6.554868	
23.411376	-23.892083	20.992862	9.345317	-1.499770	-9.797214	2.685118	-2.353157	-17.438447	19.988825	21.078152	15.504749	-22.065956	4.324608	-9.043445	6.844221	22.952479	14.024704	19.741104	-8.092355	-14.187764	-17.238321	2.273565	-2.285962	-10.399929	-23.922344	12.173291	7.541063	10.303760	-20.850979	3.584062	13.437689	3.573593	-9.488289	1.626334	-14.499925	23.066306	3.398972	2.093798	-11.712226	-12.582066	-21.735587	12.575103	18.289540	-10.140247	-1.160588	2.002531	-12.363805	24.881565	12.340268	
-22.454005	3.908369	0.436680	18.069348	9.085013	-12.143525	15.715131	6.182831	-17.494551	18.771329	16.177749	-17.365585	23.514398	-18.334800	-18.057327	-14.331544	-6.955959	7.771247	12.748392	-0.865937	-5.198569	11.548993	-14.444165	-5.691323	3.484723	-22.489772	-10.643814	21.234193	-10.178628	12.227293	-14.946013	14.864376	11.674100	6.112829	16.823263	14.937731	8.648263	2.057945	13.963456	18.853051	-8.716890	12.050876	14.647974	12.305942	-7.321130	15.830544	-6.030654	-11.245243	-0.057126	-18.164294	
-18.368147	-13.158685	-24.375304	29.756263	4.301934	-23.776092	-29.257031	-12.956148	-19.625286	17.357035	-13.749609	6.011134	-1.489161	12.041431	5.126730	-3.751589	-29.109218	-16.487514	-17.838771	-24.155705	25.864973	28.134831	18.482985	23.649296	16.468028	13.816574	2.385683	29.738278	-3.520407	-4.504373	-24.826637	-26.237631	7.311013	24.375083	-27.475642	8.137652	-11.148223	4.338016	-8.096969	1.298868	-8.164771	-9.651256	30.719444	3.160151	7.908465	-13.333194	30.699078	28.053281	22.229914	2.718419	
4.491768	-8.713793	-21.340915	1.729234	6.528718	-10.038806	1.225577	18.120253	-22.279389	4.604730	-21.935177	3.576776	12.999996	-8.556511	20.192600	19.690938	6.323399	11.588839	4.280033	-1.181459	-11.502175	4.812890	12.226919	-7.503582	-15.718614	-13.707179	-12.282920	-11.174365	0.495806	-10.804481	4.018555	-17.759263	-4.032155	2.646907	14.447488	-5.317434	-2.031401	13.272342	-3.594274	-18.491043	-11.198725	8.105618	5.982380	9.868455	-19.174876	18.817265	6.663137	8.664369	4.057292	-13.842218	
8.371238	-13.083633	5.500042	9.708163	-3.068323	-21.999891	-23.313751	19.164360	-9.621775	3.627488	-24.352693	-25.235526	2.170461	-19.439914	8.163547	8.984977	-7.825305	24.615995	-1.816774	-12.987914	-22.075216	-8.765396	-24.221161	24.799603	-15.951872	18.445912	23.676148	-0.776052	-19.896572	22.580208	-7.967552	17.625565	-15.124255	5.026978	-9.950079	-14.959247	-10.613947	23.923964	19.947674	20.053553	21.959451	-2.670345	14.103457	-22.985647	8.177592	-3.770268	18.228778	8.091586	-22.064130	-18.617586	
15.209524	4.117187	-18.540534	-7.286560	10.430814	-15.487723	-10.273846	-4.996246	0.638623	2.726454	-4.030698	6.921589	-12.713564	-4.180424	7.178607	1.007735	-15.217185	-20.772373	-19.840770	-11.858986	12.445404	9.016026	18.874735	0.731776	6.901292	-10.807753	-18.833814	-8.442378	-15.700835	-4.282359	2.569169	17.546365	8.941327	-4.452683	14.313733	10.303895	-15.009144	0.165300	20.547484	16.824880	-10.798457	10.438938	19.218708	-4.773437	-6.272635	-1.569545	2.243549	6.501839	0.326583	9.343982	
-6.411480	-13.840869	18.440081	5.544644	14.932922	-10.542104	6.028128	-0.300512	0.582668	15.339739	2.835613	16.559398	-0.384521	6.570378	-4.076934	14.023424	3.523382	-6.644196	8.170102	-16.020378	-18.987452	1.234237	2.884712	-0.204788	1.215200	-5.175531	-7.660816	-11.228048	16.915100	17.881135	15.146940	-0.608446	-3.336219	-6.151768	-2.569908	-9.482291	-12.350693	-13.179053	18.878755	17.347027	-17.817153	7.562254	18.064071	-5.796861	10.299726	13.420834	-1.708050	-14.322608	18.042597	2.260713	
-33.734066	-25.162834	2.523218	31.395892	12.008274	25.382080	-12.622858	-14.351693	-18.058443	-11.362937	-26.803987	3.264219	10.209231	31.513171	0.456586	5.503713	-5.316643	24.009024	31.931796	-14.173124	3.655301	1.674683	14.442091	-8.055566	-22.466699	16.873017	17.336724	1.721495	9.508656	24.661920	-23.964663	-27.816988	8.978535	11.124654	-5.026327	-11.814016	-27.026631	8.243579	-0.917043	7.030235	30.902420	-32.853091	20.475351	-3.312049	-19.084984	-12.615651	-4.674129	19.737758	-33.624900	-13.395535	
21.822666	-2.225440	-19.231395	26.140579	-14.509399	1.822323	-16.373040	-20.176884	-7.243995	-8.547958	-25.932019	-16.851293	-20.614342	1.406994	7.965548	-11.202065	-3.261860	13.334761	7.560111	3.267741	-0.715653	6.939978	-11.741453	2.236311	13.615931	21.260795	-0.604914	20.303067	3.429465	-1.323418	-22.522293	27.413218	-19.263324	3.023942	15.952122	-13.693732	25.083229	-14.993299	22.175974	-4.208456	5.017023	-12.891965	19.835765	7.622952	-14.375799	26.105272	-16.135668	5.841848	17.963857	-26.119894	
-14.890818	13.519212	-9.235181	-12.833132	16.603425	2.896297	22.128556	-13.086767	9.018213	-17.262943	-6.709577	-7.417478	12.883330	-1.731063	18.288376	10.622583	1.268359	-6.916163	15.312772	18.101100	11.855804	-17.750665	17.715291	-11.041252	-6.503490	11.845349	-10.302003	-15.187900	20.474529	13.478468	8.890515	18.717331	-14.717243	-15.199625	15.320626	24.057235	-5.667543	15.056095	14.083475	-10.904645	16.226892	19.306550	-0.165447	-11.689113	14.096415	-5.707884	-1.159719	-2.082642	20.786471	0.075679	
0.305468	-7.602909	-2.970386	-21.546804	15.374921	2.152262	-7.110087	22.441545	-17.633232	-9.338186	8.637214	-16.754796	6.022545	-6.961394	16.686691	-5.406267	-16.927896	-22.437478	10.148950	-23.096339	17.188289	21.953741	-18.407511	-18.462270	-14.093069	7.682952	-12.138580	-16.924000	11.258026	9.652036	-7.377414	27.779948	-14.941266	13.150812	0.582063	12.840948	-24.547881	22.293199	13.797872	-12.360061	-27.196804	-4.867780	14.388340	10.436531	27.319391	-0.704110	-1.975097	-7.459277	20.514095	0.691433	
13.094069	7.196650	-12.585461	18.341407	5.648503	2.007553	3.125800	13.913689	-18.230539	10.693646	8.339387	1.454242	17.630224	-1.837077	13.319030	-7.404577	-6.245176	-2.098323	-11.355520	6.291770	17.151449	-4.258608	15.615106	-12.301540	-16.466677	-13.209682	-16.390254	4.397854	2.346464	4.642472	4.367472	8.763524	-18.745959	-8.635336	4.941084	3.060772	-9.204876	18.040634	14.802382	7.048576	-18.436433	-7.935378	17.483094	18.642127	10.412743	8.305257	-12.858029	-9.553838	-17.286797	4.512807	
6.677077	2.352527	19.255802	11.999360	17.771299	9.098906	8.247659	26.648096	-23.303279	19.953970	18.441166	28.364660	28.071730	26.774795	-7.161699	9.920887	25.801005	6.554837	-26.254935	23.030147	-28.538778	-15.504217	10.865359	28.824583	5.306321	4.185963	17.003130	18.610569	-15.112952	-16.347548	-11.597185	-6.728923	-24.983515	-12.998785	13.134054	-26.514364	-0.803514	22.026816	-15.498929	16.989908	-24.019200	-26.810526	-11.227060	-29.397679	6.560944	-15.217810	-10.708124	4.863257	23.156068	4.366142	
14.916085	-14.343953	-11.763181	13.441118	-7.224426	8.464821	18.188494	-9.224327	-10.490848	-0.345741	-10.823202	-22.437403	-9.954452	4.991098	15.871898	2.777050	-8.863985	-3.756990	-12.001190	-8.859089	12.044928	14.832089	-14.095271	9.172329	-1.925518	8.692261	-3.946055	18.726266	17.530135	-2.523268	8.758915	16.684409	7.331874	-20.510681	-10.875232	1.838293	-12.331709	8.293145	-7.168828	0.603647	-5.168050	-22.890651	-14.980998	-22.161542	-18.531449	-1.202437	19.894723	1.354792	-22.856206	8.187154	
20.438582	8.941911	-8.802917	27.068874	2.632900	-25.897809	24.608291	-8.050168	-7.996015	-25.462848	-22.454201	-0.204568	21.543732	17.962593	-20.049231	-24.323908	-8.814839	22.983492	-17.503391	4.737997	-10.573427	8.924689	7.431731	1.750406	15.233723	-19.946020	18.882099	9.000802	-13.896102	-20.390495	-20.548583	-25.790610	-15.387454	1.440085	-23.250537	-18.364408	-7.712404	17.782796	15.038781	28.944288	19.503651	16.043006	17.063185	-2.237527	14.165640	11.528645	24.057825	11.656615	-25.909493	5.768287	
-18.940535	6.182396	-0.510133	3.586771	11.822454	-11.601157	12.736006	-2.676832	-17.764773	-4.803119	-11.048778	17.887963	17.199881	4.403544	4.115303	-2.447607	-4.796726	9.725139	15.475170	2.798350	-13.842662	-5.130594	15.658101	-3.860637	13.941565	-14.866629	-9.340021	3.118834	7.618145	8.023265	-19.267553	-22.069859	-9.324909	-10.989157	-8.816290	10.492460	0.050793	-0.521910	20.989264	18.730809	0.202194	-22.769326	-13.032293	-0.997179	-2.611312	13.888012	8.518787	-4.826579	11.902084	-9.620565	
18.406324	-21.224240	-5.959980	2.110789	-12.108944	-13.055689	-16.130137	21.993018	2.078128	6.816305	1.626504	18.833060	21.028857	-20.052681	-15.375996	6.289902	1.995355	-7.746715	7.766341	-19.629090	8.247687	15.502589	-13.816383	-5.296716	-8.871785	-7.957807	0.717349	18.893112	0.685335	9.906916	-4.203466	8.451302	-6.103413	-20.375350	-13.141771	-21.444911	-10.473175	15.899469	-14.124378	-16.065684	19.442298	10.156258	15.888439	-21.787742	-9.052292	1.962738	11.541328	-13.585189	17.674978	11.989775	
-14.442830	-5.599988	-18.288011	18.044799	24.602924	-1.994811	16.585877	-17.066945	-10.896002	6.470895	25.572291	-23.090958	-7.709439	-20.899187	22.465403	-21.305411	1.425477	26.849259	10.190172	-12.619013	6.924550	-15.394556	14.916689	4.951228	-10.396115	24.626511	-5.989100	19.092815	-11.543282	-22.615667	-24.900327	1.843683	26.366327	7.925169	18.448668	-0.255278	-18.168470	-13.171473	22.202300	-20.010246	-4.464315	-20.101262	-16.154958	-23.475033	-23.875698	-23.412761	23.209117	1.392655	-23.764742	0.530425	
-8.373373	-2.643513	19.961835	-10.248637	-24.428735	-15.832755	-5.361287	-23.575626	-7.595860	-14.167733	16.389682	-25.212180	1.793870	8.425837	-6.330730	-15.720011	20.798897	21.344599	-11.716939	18.950598	0.540043	-23.029309	-10.041459	-25.043382	6.263045	24.284866	-21.085414	-19.709159	15.029644	-21.184204	-6.342537	-23.474706	-7.887537	-5.455902	-14.521356	-18.829981	-8.529618	18.054385	24.955924	10.428507	-12.185720	12.636660	-13.210019	-7.922552	19.552873	-22.384287	18.799218	-26.300068	-14.956914	8.933609	
21.513061	-18.314203	2.048109	20.321950	-18.101552	8.934228	-16.973053	-12.035547	3.403323	-13.068053	0.424703	-18.892004	-13.483620	14.103287	-13.271241	-3.957793	15.054251	13.275779	-20.537950	20.822034	-17.367904	-19.993668	6.862722	-12.144554	-3.501225	-17.694143	4.657352	20.143700	-3.066880	-9.758548	-14.955189	-4.299242	-0.921661	3.878796	-6.522434	-20.293759	-11.799152	19.418861	6.241805	-18.039760	-2.856693	-17.352956	-20.946258	3.546428	-12.984200	-3.255538	-12.128423	0.317190	-3.681902	-2.515769	
16.411180	-18.498062	0.218652	-14.715727	7.906813	-0.506952	21.142998	2.370845	18.866020	0.319691	-3.004464	-17.230720	0.339889	-23.339335	-22.083816	8.049966	10.906896	12.366768	-21.173400	-20.172387	-7.393640	12.463081	13.541661	7.282587	-6.998111	20.919794	21.434315	11.738103	23.269362	1.139733	-13.504144	7.698647	-17.328470	-10.076041	12.901065	-23.344639	15.452953	-1.366727	-9.894420	11.170799	16.673888	-20.052869	-1.235186	-7.362693	-21.287427	-7.455152	6.442012	-12.840755	2.507395	-17.581784	
-3.047529	-20.587192	-7.998940	-22.503231	16.335848	-0.859307	-0.241393	5.893804	-21.102309	24.826581	-14.133409	-24.424423	11.986145	0.632195	5.965601	5.571026	13.108702	-23.305509	0.520400	8.023408	2.331352	0.768141	-4.788226	-22.944440	6.080759	3.460918	-8.912625	23.843660	-8.771329	-8.409946	8.443045	11.712337	2.961909	-2.956997	-18.297470	-9.921080	-5.597572	-24.751520	-13.711606	-18.357994	1.372075	-14.916811	6.168499	22.664523	13.057968	-9.582544	-1.468717	-8.242366	22.589468	12.693504	
-8.187545	-9.100144	-9.960827	-5.623773	9.632626	10.148334	-16.901481	16.275203	-1.716852	-1.769603	-4.311967	13.316037	-16.290349	12.344635	15.388968	-18.285156	0.034232	2.886260	15.025184	8.991959	-18.363211	17.959403	-15.541134	-1.629622	-11.334388	-13.094848	-1.131170	8.524319	-13.141346	6.158560	-6.345860	4.531435	-15.261713	-10.520688	9.666602	-3.459679	1.705821	-17.629893	-12.099462	-16.310797	3.528960	-6.366499	2.627751	-7.837726	6.718499	-0.726203	1.606671	9.879783	-4.725035	2.407234	
-3.061398	-7.430279	15.804209	-13.444409	-3.980291	-19.046096	-18.598235	-6.898378	12.305482	-3.838773	-14.340259	-0.530197	4.100201	4.066421	-18.853035	-17.889391	-18.457874	10.795641	0.327811	18.090039	6.318478	5.255304	-9.844083	10.836051	-12.620927	10.459655	5.256245	-24.155687	-4.321186	-10.207886	23.649987	-22.594618	-7.426367	-19.015161	-26.629282	-23.189128	4.937035	-26.397918	6.086219	17.847680	24.463835	6.533419	19.879748	19.153261	-8.105880	17.778412	-24.792138	-17.946872	-6.189734	22.794929	
-6.174781	-14.186144	-15.194948	9.391141	-5.491843	-3.105075	-6.256270	6.635077	-14.024292	8.154961	11.765660	-9.848560	-16.176464	19.349219	-10.477185	-2.880028	13.139720	-1.261994	0.387272	16.465453	10.315781	-1.107543	20.066404	5.335638	-15.976724	-3.115060	-18.401641	2.147834	2.662067	0.492897	-14.799458	7.733511	-7.873392	-18.192673	5.877817	-17.523296	18.919439	-14.244765	2.969850	-0.542006	4.536048	-20.866656	14.144933	10.106685	12.010206	-14.766316	-8.283500	-7.477482	7.084337	-4.085563	
-17.961692	-9.772732	20.949226	-13.179940	-18.823036	-1.384758	-22.901366	-5.723025	-12.043957	21.773943	25.221074	-22.306952	1.885859	23.144773	11.669323	-23.955721	15.497945	25.217239	-10.111215	-4.830694	-8.062168	6.901787	2.332140	-21.088410	12.964093	25.320865	-7.253673	-0.486702	6.264062	-20.548719	14.303173	-1.568829	-6.938890	12.698506	-14.637252	24.129543	13.729579	16.031431	10.369218	6.281950	13.923104	13.318581	-4.463144	-14.172480	-20.303006	14.338735	-23.240068	-2.104783	-6.483240	-0.982687	
21.453913	20.604338	-11.348295	-7.283106	-0.353639	-14.227115	17.197476	20.213361	6.591888	-18.221759	-13.917054	-22.689989	12.599579	-19.907845	-10.878972	15.489287	-19.403930	-17.933085	-17.123714	11.013985	-11.948493	7.607713	21.968987	19.320025	-3.085144	-21.369654	-19.183478	12.180406	-13.324902	-17.280204	-13.406716	-22.337131	-4.539103	4.043814	-13.501054	13.633752	16.397256	-22.198594	-13.183754	15.774010	0.358552	15.688131	14.820005	19.400581	-10.195523	-1.401329	-14.435018	-16.860127	22.711510	17.834850	
11.777931	-6.026155	-20.255993	-10.620175	-5.589057	-20.761838	4.727007	3.364416	14.656680	15.374907	-0.851055	4.477205	14.028227	-15.537626	-14.579380	5.324005	-10.970182	20.149049	11.319618	17.045293	12.039739	-2.319902	20.704811	-10.728249	11.063945	-15.002069	9.180336	2.213336	5.057933	12.743833	-11.823594	-4.746219	-6.314834	10.469693	-19.505066	-15.165128	-1.835720	0.115960	3.364671	-15.883379	21.073320	4.348263	9.438336	-19.646978	-18.462778	-19.780590	11.567772	-21.599711	-5.976763	-13.645073	
21.241117	0.769241	-16.522986	-27.060948	6.726719	23.192069	16.663947	-4.510646	-11.597648	22.649988	-25.494957	6.873961	11.827866	-26.197230	-24.327487	11.400996	8.425573	27.266628	-23.722434	22.501371	-0.770385	21.347125	-12.851173	4.934150	-11.549536	-27.346193	17.404115	-25.361172	-14.983844	16.240974	24.690782	9.028644	-21.488116	-12.236655	-11.894106	-26.115848	21.225929	-4.694917	-3.276608	-10.517534	6.380256	-17.558459	18.476989	26.876164	-27.430792	-4.098189	-6.269796	-22.608857	-2.465173	18.047748	
-17.242714	-0.364660	5.947483	-24.019420	26.187649	11.905714	-6.198853	11.418413	-20.992281	3.451683	-11.725349	-9.432643	14.286220	4.111335	-19.539736	19.523199	2.767934	5.192964	8.568393	26.317998	-11.940980	4.485050	23.358681	10.398678	15.414848	-3.026042	25.749759	27.489516	-5.836414	18.672418	-21.013447	-4.452393	-12.674858	3.657446	-12.157201	-9.764107	11.164961	12.821918	-19.647953	-3.908646	-27.415409	-20.745422	-3.307695	-7.864316	7.584538	-9.551011	-3.491179	-2.689575	-4.190526	17.312133	
16.671163	11.433442	-10.710410	7.762316	12.939818	1.673120	-2.090010	-2.309135	16.332240	-4.863347	19.940502	-7.943684	-14.688525	-12.420797	1.165227	-17.310677	3.867474	-20.359209	2.999892	20.056193	18.706061	-18.694364	-0.273734	3.590553	-19.171987	-13.125217	-7.230435	-8.629704	15.279909	19.534909	-12.660751	15.943735	2.555738	-2.650101	2.141983	-20.608803	3.249058	-5.445561	-0.404487	-2.084849	9.611388	-20.008629	-7.514528	-20.284363	20.057918	-1.653602	-17.056876	9.031797	5.823268	11.833183	
11.081219	3.071755	-19.586244	11.152905	-13.541785	-18.640168	-13.362158	12.391183	8.833170	15.850790	-15.822829	-15.800861	-11.485406	0.759697	-2.718024	11.971393	-8.250686	0.508669	-6.628272	-5.921702	-9.141547	-0.622894	5.828675	7.280200	-17.843637	5.004935	-3.080911	12.826284	-5.646505	12.782321	11.687747	-17.236157	15.921787	-15.709210	1.461728	13.711269	-2.377270	19.746099	21.995797	-18.242133	-18.148168	-20.387473	3.628177	-9.688704	4.499031	17.965318	10.740564	9.079980	-7.737846	-9.044777	
12.752048	16.717784	-9.719853	-17.217885	-24.752217	11.172036	-23.854217	-2.699986	-23.077297	-18.172393	-10.444267	8.744488	7.032548	16.990067	23.103131	-11.262888	9.905594	-3.123629	3.466166	24.719232	0.370580	-13.165470	15.860033	-15.042031	-21.741745	-13.894233	13.237311	-21.401432	-25.940347	7.298748	21.998528	22.870019	-23.316208	9.318687	11.557088	-14.230591	17.393973	8.675250	2.746499	6.180482	2.165199	-15.724978	25.185993	-5.953969	7.229527	-11.803091	-2.000541	23.810571	-9.046335	13.553302	
7.039516	-18.940516	6.595898	13.108482	0.429139	12.345661	3.391913	13.226067	-17.306367	-8.278924	-16.715326	2.965818	-0.709750	-18.796060	-19.146260	-19.879623	-17.885211	-4.538988	13.213748	6.195124	4.036933	-2.385189	-14.808970	-8.389797	6.294976	17.661974	-4.775718	-6.847617	-0.001321	-4.081365	-3.123330	7.115111	17.325575	20.817323	8.323050	-8.992563	11.443325	-18.452884	-19.844687	7.416474	11.704173	5.511580	-4.515233	1.264030	3.288747	-2.844134	12.940929	12.758116	14.595601	-0.968488	
7.776298	29.968660	-29.574137	15.240912	20.385320	2.972530	-14.247216	-4.025739	-21.741213	9.369105	-31.442900	14.624357	9.816434	27.162322	29.116981	16.585121	28.136497	-11.748656	-15.764843	-31.395319	-30.695724	-5.933295	-29.998223	17.051365	21.463868	13.535960	-28.641700	-14.958212	11.586649	-25.197035	9.828168	-15.070492	-3.436836	3.075563	7.980746	-22.186796	8.936596	19.558035	-15.337550	6.111066	30.123040	7.505889	23.984709	26.609485	4.280154	3.055348	-8.321572	-5.458825	-24.639410	-28.157267	
-0.842632	-19.189744	-8.046925	-23.497955	-21.688210	-21.811479	25.338823	-14.269722	-14.565306	-21.677673	29.844767	-13.491295	-21.234983	-1.099403	19.363535	-12.521370	-21.232867	1.533943	3.122675	9.732775	-12.925156	26.256699	-9.286090	-9.125035	9.310368	25.748275	-17.457210	-2.831668	-13.453961	-17.146902	29.157046	-1.944673	-18.638938	-7.120597	-4.561017	8.348854	19.977449	17.697380	20.632338	12.485338	0.732235	-15.436436	8.393002	-23.806342	23.536823	-26.020281	-9.284438	3.106642	29.037535	27.684660	
11.173307	22.785742	15.223778	-12.373049	12.106150	6.476927	-14.202645	11.746240	-8.786627	19.526998	13.291608	0.088923	-2.608040	-22.421270	2.670999	-10.168336	10.619600	-21.391980	3.410216	-22.577638	21.242725	-5.565620	3.578324	19.913497	-22.004066	-16.483604	1.561658	17.085228	11.526406	-18.396468	7.014099	-1.788006	4.855820	-17.007852	6.391167	-3.030730	-8.707060	3.718425	0.995253	17.342479	20.416674	-20.620291	-4.331432	-6.385990	-14.022136	-17.152276	16.012372	11.305464	-16.785387	21.205344	
14.133670	-12.867580	24.551812	-15.770002	4.445484	-18.570982	-20.413466	-10.401931	-8.797429	0.540233	24.747958	4.865191	-13.292209	-5.593993	-5.190006	-13.261828	2.483863	6.119341	-20.287966	13.095533	-14.561089	-3.059289	-14.168912	5.458817	-7.829181	-16.428066	15.510584	-18.262057	-23.673842	9.384175	17.993411	9.157516	-18.047463	-0.181504	9.226243	3.709389	-15.114817	4.450008	16.048997	3.386402	7.307041	-20.181228	1.816202	9.464103	-19.292280	-16.881844	-12.150667	0.125433	-19.096976	-5.698448	
-8.111198	-9.965565	-18.548701	3.336573	18.286294	-3.778316	6.197441	5.379114	-5.132801	-5.133504	12.306490	22.235643	4.555220	-0.392885	19.257964	-20.484507	-3.784497	-19.757441	8.337110	15.770859	-11.259241	14.634982	1.672460	-12.039789	-18.472129	-17.846274	-17.723916	13.853314	-13.301862	21.811290	-2.197520	20.771358	7.459830	21.325123	-11.278887	-6.345788	-21.770368	-8.432423	-19.619817	-6.618203	8.825432	-20.792782	1.376290	-11.998147	3.818016	-9.145465	-17.884083	-2.070915	20.601069	12.825641	
12.337721	6.732467	-14.062049	5.391101	-15.845917	-16.374360	3.427160	12.979237	-5.946336	-3.491934	-21.466791	2.179477	-21.804877	5.171171	-15.604253	-18.651265	4.907480	-2.781036	-5.963816	0.228325	-17.602146	-17.362629	-4.182888	1.618039	13.556830	10.299912	-21.754953	16.111185	4.323597	12.121788	2.234837	-7.621366	1.664351	5.757481	-14.384400	13.682366	13.570191	-18.776677	4.688576	-4.200185	16.800760	10.352754	-18.738656	21.012228	5.304902	-22.457569	3.947545	3.780268	-4.110705	-18.139909	
-3.687064	16.913747	18.186940	-27.580903	5.439746	14.189996	27.079798	-10.374707	-8.075015	8.094655	25.544895	17.837306	-12.286990	8.817392	6.622840	10.234522	20.798247	17.258199	-2.472129	-24.359515	18.244595	3.636376	7.727821	21.575971	7.827781	20.754821	-15.796072	17.182720	4.540773	10.151335	-27.953049	-13.189878	-20.136064	-15.170095	7.547911	-27.186965	1.744664	16.641008	-7.354210	-25.450773	-23.558296	16.551950	-22.478277	-13.044924	-18.018480	22.091017	-10.547402	9.501355	24.558667	-1.187795	
-11.209912	-12.962242	-6.113134	14.059756	-20.500205	5.777104	13.201888	19.705409	-3.599409	-19.621505	14.122291	9.129386	-8.320535	10.704741	-18.530702	13.458083	-6.043143	4.756553	7.390089	7.129840	9.994747	1.941133	-9.409788	12.769405	16.023528	-15.049246	11.896913	0.865262	-0.928696	-10.212933	11.548238	1.100996	12.507713	-11.394726	9.281396	-9.023440	8.286954	-18.829246	-9.889313	17.764665	0.978049	4.892406	-16.231339	-7.036658	-6.708093	8.483618	0.209554	3.164968	-16.204150	-8.499564	
9.747423	-6.167665	-10.382621	6.298121	-6.088166	-8.858181	-14.844011	17.751928	18.362920	-19.435137	-19.800231	9.380193	-18.524229	-12.185416	-14.921335	15.269768	-11.920922	-0.631434	7.919208	-0.870851	12.339602	-5.986594	15.520355	-11.886845	-6.349233	-19.671369	17.047308	-11.030279	13.289599	5.170692	4.054017	13.638062	-18.927154	3.172040	-9.535566	-0.108650	19.068730	8.652894	4.855635	-15.732672	13.858087	18.234574	7.501414	11.125779	-14.944434	6.474045	-3.423818	-15.989563	-7.426340	-12.557982	
-27.611500	6.165801	-23.878786	-12.271742	-18.078860	-28.852279	5.876567	12.868042	-7.781388	-9.234418	-5.472975	-17.510797	-26.525867	28.731535	-9.527777	-7.444248	27.201726	2.465779	15.447630	-10.726901	0.132352	13.219662	-13.396069	17.339648	20.760940	26.766176	2.889280	-27.137004	-4.995312	0.945620	-7.278011	-23.776147	9.387628	12.272940	-9.311634	-21.073441	22.113810	7.694013	-5.768552	19.063847	25.679814	-6.941679	-23.439616	0.735278	-19.383966	3.502228	-3.722590	-8.669197	20.336908	-12.199198	
-19.207834	17.655680	-21.182708	-2.862270	-9.686850	24.016286	10.393095	20.512010	2.873871	-13.492333	3.174119	4.490687	7.062527	21.199615	7.113158	-16.596683	11.599128	0.881585	5.596163	-8.074864	5.244264	-21.664581	14.095342	11.507687	1.763824	-8.678808	1.939259	-24.316727	-20.927473	-1.581517	-10.157670	18.456577	-11.702680	-6.906743	4.405320	-4.884342	-21.683225	-10.166551	-18.680713	11.402250	-9.287706	-5.212156	21.217438	-1.059284	-4.763206	5.540121	3.484071	2.356316	12.951626	-6.696913	
4.224679	8.233738	-13.844577	4.872693	19.244922	13.522426	-19.681893	12.969629	10.577139	18.201258	17.681376	10.875084	12.235672	4.444584	16.225966	1.852926	-16.822634	-19.320014	-8.624277	17.289303	0.417417	4.670169	-1.337517	5.417532	-4.892141	-6.127009	-12.630655	10.931088	4.333326	-8.575038	-9.984850	19.935565	-9.065119	-15.342216	-10.240945	-9.733821	1.378840	-11.933035	-2.250102	-15.334853	11.286121	14.389369	10.412168	-16.809804	19.672361	1.128197	-14.650198	-19.304187	-11.040049	-18.022978	
18.388038	-11.911811	-11.734275	14.725448	-2.220776	-5.887795	-0.042866	3.193244	5.503018	25.259216	-14.135346	-15.053252	-11.858447	-12.396257	7.544193	6.874498	10.538806	-18.126943	25.896934	-17.586161	4.553249	14.942300	-11.014677	-3.190011	22.982136	-17.397301	11.348943	-21.996176	15.818500	23.235645	10.773415	-17.296830	-0.308294	17.012101	-11.587543	-19.158685	-25.118927	-3.901575	-2.145974	-8.855941	4.767021	21.151607	10.575990	-24.404370	1.230546	-15.775252	-25.174927	10.947677	-9.073403	-1.139450	
-14.672309	20.501326	-11.800051	-8.356903	4.731406	14.971164	2.822081	24.984685	22.592325	-2.321561	-24.743203	21.928085	-4.953778	-5.424002	15.033426	25.844342	-24.118161	-25.016234	1.906893	-3.538831	4.178919	-9.925220	8.200896	2.609736	27.476407	-25.173537	8.116534	-13.867249	14.923489	-13.975099	-1.619710	-21.825214	14.066370	-2.498694	15.969228	-1.346986	12.040179	-1.015371	27.444920	-5.326544	5.082662	26.390695	3.188855	5.617098	11.937953	-10.315762	26.182911	12.898749	-21.652708	7.208019	
15.128071	-19.181924	-3.577838	-7.782597	1.758322	21.543678	7.605567	0.382483	-4.494428	9.227622	-9.524430	-22.988084	-7.848902	-15.812177	12.097713	13.821030	16.847757	-16.671143	-12.603072	-21.262220	-23.184131	15.755656	-18.624729	1.303538	-16.461021	13.832752	-21.213057	15.269408	-20.497441	-11.979374	12.786514	21.063357	4.622491	-10.504326	0.994588	13.139036	-4.124869	-5.750218	1.989042	8.110134	-18.374538	18.583397	12.529666	0.565614	4.992984	4.340573	20.001392	17.495109	18.939992	-19.148793	
18.101912	-16.286577	3.658483	-16.100472	-15.991082	9.667576	-14.001732	17.945438	-19.673313	-21.190444	7.744897	-16.680361	-2.893833	17.381078	-14.958872	0.000577	-3.574003	6.039150	21.175947	-2.103225	21.463731	0.527716	-19.528909	12.038195	-17.970057	3.096950	-19.099373	-16.256426	-7.794085	-9.513914	1.967350	-10.434947	-7.178291	-22.155872	16.724927	-12.002407	4.426662	-1.642546	-6.913677	-7.883618	1.020068	-15.719443	-12.752126	-8.746354	-2.437361	4.232288	13.554494	-6.977007	-21.767012	-1.007010	
-8.805077	15.053291	-15.569616	12.806861	0.944330	-4.867203	-0.601494	18.501626	1.798651	9.718014	-23.536597	17.764625	-21.798777	-9.415403	-15.184814	-10.653559	-14.003112	-16.383145	6.953006	-9.605789	-19.876260	-21.735577	-1.329508	-4.260248	2.952233	-22.943585	5.473105	-3.321924	-13.846114	-6.406845	8.697487	-16.532554	-18.124051	-6.776814	-17.814863	-7.937877	-6.458122	-11.442159	-20.370523	-17.197353	11.946183	14.761630	-2.101361	-2.009355	20.193949	19.397438	23.075512	11.570381	-6.114374	10.764704	
4.750143	-5.044270	9.372252	13.643422	-4.944789	-27.137808	10.097097	-17.261854	-13.595901	25.157465	17.982275	0.531732	-3.629081	21.771652	-7.964012	15.209308	-25.392152	-24.882646	-4.775529	13.106463	8.182307	-7.372631	22.035433	-1.458916	-21.994921	-3.429586	23.408729	-13.584419	18.950120	-2.021925	6.112474	-3.004910	8.148306	-24.641696	15.718989	-13.091391	-16.429194	0.760129	18.089168	-8.925974	3.989321	18.858313	-25.130056	6.188283	16.304898	-6.665490	-26.664656	-15.172597	-16.637460	21.483127	
-4.930013	-2.666224	2.243589	-12.632639	-20.058111	6.732533	2.494837	-7.717934	16.464387	21.467823	-5.921221	21.626877	-15.508591	4.710109	-16.202017	0.468667	-11.400091	17.422061	16.211828	-21.495399	-21.595480	-7.336293	3.864976	-19.426889	-21.358821	-7.959743	-17.074546	2.282608	9.949455	12.756908	-0.984996	-22.599619	-17.954146	-6.865911	11.132344	0.910861	-22.534214	18.767223	-18.930682	0.752119	-10.383971	16.701209	3.626525	21.901186	5.609726	5.317956	-5.444231	-11.377440	-9.742615	8.370308	
-12.751722	-4.199392	23.909133	-3.158932	-0.784484	-24.172111	14.201401	-14.979794	-19.955358	-18.826933	-11.082496	-21.397046	-18.158578	-9.735862	-21.158934	-26.706663	19.769589	-7.294742	10.677134	-3.306396	16.050845	-23.936657	18.685488	-5.809704	-25.208501	17.091019	4.783247	-9.680698	-24.663699	-15.089194	23.946471	-23.063647	-17.851510	6.822834	-19.089967	15.919537	-2.777436	13.901793	-16.386053	12.641485	12.552662	23.516252	22.444358	-14.215431	8.578385	-12.817377	-0.862711	27.938664	-8.493505	20.634439	
12.303916	-5.744168	-14.529909	-1.991033	7.690843	-0.516416	-1.703517	-19.025446	-16.577785	18.042004	7.916271	3.056946	-1.853461	-12.861703	14.492526	-8.123066	-8.298559	13.865845	14.125359	13.520070	18.350601	-8.147348	14.385941	-15.524337	-17.519674	-3.344515	-13.943390	-17.974869	-13.599119	5.440345	9.797436	8.648802	0.022918	-9.808130	-10.615810	-5.500513	18.846842	8.730976	0.089411	-1.360098	-15.238586	-4.306627	-10.161829	9.741020	-0.765368	13.791183	15.666532	-3.850991	10.509929	-3.403755	
-21.359872	1.792584	19.946140	8.787440	-17.091968	9.511151	-23.891450	-3.722406	12.503531	-5.302271	8.473457	-6.803018	19.689583	-8.840957	23.234269	16.507459	-2.679787	7.772843	21.806542	19.573911	-4.691945	10.757798	-17.641816	-10.981605	2.549007	15.708072	15.322208	23.007173	20.603231	1.925248	-9.135607	-10.788803	1.649613	10.035430	-5.159197	17.281225	-5.710136	21.527365	-19.672286	-12.863513	7.739409	2.402001	-8.500937	-8.464537	4.923329	15.793586	6.660959	13.927271	3.895970	15.996832	
-1.132589	6.608844	4.415318	-7.794782	3.270424	4.913882	-4.388068	-4.556908	23.137641	8.999096	-13.281716	-11.350919	-14.115091	19.730539	18.906002	15.123339	5.252194	-0.971556	-1.852473	-22.395558	-17.530340	-2.468748	-22.334178	20.910302	2.535532	18.620213	-4.151899	-7.634339	-15.156438	14.001238	-0.106169	-24.892857	4.642294	8.509076	1.794822	1.847337	-24.739925	18.162112	2.015525	6.683516	-12.939124	-13.081375	-23.764090	7.788547	-1.884598	1.789413	-4.250295	-12.833555	3.190062	-16.154317	
-22.595249	21.375599	22.116687	16.035599	2.870033	-5.081158	-2.201671	-20.333608	-2.914356	14.230563	-10.265187	-11.439119	-16.258530	21.941250	-0.920054	-10.082428	-9.365886	0.239139	-9.185848	11.003076	-18.799919	1.760947	20.743210	-6.339075	-14.985057	9.053061	-22.187503	17.853743	9.241404	21.383769	21.830362	7.397273	12.288827	22.213962	-4.613281	0.506244	8.524770	5.965503	12.225683	-13.642795	-9.626986	2.476042	-4.634221	-3.254752	3.896001	-12.439108	-1.215913	14.263441	-22.932444	14.354419	
-13.727736	-20.724601	-3.256548	0.096846	-23.317936	4.547340	-12.277421	-6.412418	10.228575	17.765810	15.598843	-21.867575	18.135658	-21.553580	6.827596	-5.055240	5.385459	-8.271058	18.349069	4.000319	-19.799199	1.733238	-22.999450	10.477899	-21.490360	19.421323	17.416923	2.840052	7.068871	4.018186	-11.649420	11.609208	4.248424	19.548643	-11.431382	-14.338913	-1.207630	16.275114	-5.087984	-7.161026	18.657790	-7.378787	-15.118243	-20.191919	-21.961127	-5.761125	-23.107439	2.373881	8.857350	-15.172569	
-15.270121	14.161912	-5.945958	-24.434916	-3.895084	-13.997816	25.024748	9.581408	16.327816	-16.587997	-11.278747	0.060113	22.765740	7.718886	2.567398	-25.360968	18.695977	24.086613	1.328176	-4.081765	-4.282202	-10.385739	21.413248	-10.634406	-25.562062	24.953982	-11.876027	10.351432	-19.342744	-13.038978	-7.753928	-17.672717	-10.001464	21.311101	-2.980708	-16.071609	5.370914	-2.227586	-14.160926	18.351874	-3.917402	-24.654062	-10.612520	-24.500824	-17.624157	-8.345434	22.458787	-14.770108	7.831337	-14.614851	
23.468291	12.988764	25.470041	-22.011971	-10.577288	-19.693358	-9.626627	-25.385573	6.568262	8.731028	-21.145334	3.805294	-18.457197	-14.857784	26.529015	-14.824120	11.188027	-7.953129	-18.954000	-17.533017	-14.916136	4.285303	10.246018	-22.412416	-28.801993	-27.065559	10.116422	20.135071	-25.871615	2.553763	-5.642749	-18.531523	-8.744982	-1.842851	-2.005981	-18.101643	5.264924	20.757415	15.246153	-8.477401	-6.045155	22.277309	12.060845	-20.011282	0.608570	-9.919679	0.396399	-15.976986	8.945954	-9.043226	
7.508876	-11.296741	-5.380030	17.262091	8.834809	23.636409	-6.100070	-20.719018	-3.740496	-8.747053	-17.079595	19.177235	-16.263705	11.403520	0.360348	11.038998	14.839326	1.173429	-11.281139	-8.522140	12.422061	-0.061810	3.288060	21.634142	8.887504	-15.288073	5.085499	1.043718	-10.347116	-3.769054	-16.790121	8.030885	-15.729956	-15.044997	11.847473	7.338784	23.277940	-17.479480	11.922934	-2.952285	2.693497	5.637528	5.794803	14.440364	2.217653	-3.684724	-21.982100	-3.329208	11.023191	-20.893436	
10.381998	19.975700	13.932820	-14.718404	12.218201	5.864438	-4.508995	-1.090987	0.283854	-12.706542	-17.518096	11.984193	5.593739	-2.985917	14.656503	14.270302	-3.079661	18.101123	-0.252211	5.553889	-10.914215	7.897375	-21.158875	18.777181	8.097811	-6.841963	13.004707	21.887428	-18.740111	15.101976	6.652135	-15.662490	-2.609941	1.836253	-8.283544	6.988101	-6.790626	-0.835586	11.762134	-15.286493	17.139442	-15.048458	2.464939	-8.907799	-12.489483	-8.813756	11.235107	-4.020348	2.300003	1.457289	
4.348361	18.181447	-14.618593	-1.729672	16.609736	13.105191	-20.055988	-17.398926	-9.732698	-0.097593	-13.463134	3.371329	-11.673970	-9.750020	14.357459	-16.630410	-17.582447	-14.543983	8.738738	13.509600	-3.906651	-18.832338	18.029816	-15.734449	-4.612314	-3.319266	9.292510	2.081171	23.457676	13.264486	8.311933	-2.896907	-2.337670	-22.008544	18.947658	-16.772638	3.193643	4.361089	18.027093	7.567514	-3.106515	3.538802	-4.140479	12.903777	-3.067490	15.432820	23.436312	22.177571	22.652609	12.485502	
-23.336500	-14.883625	9.064789	-1.852343	-0.607808	-9.990085	-22.263884	2.683664	21.515751	-5.912678	-6.328885	-13.167379	-5.453716	8.314595	23.619012	-8.678715	16.856099	-1.319964	-1.888205	-24.803012	4.832465	-24.472886	-7.860195	-24.847871	-13.095904	15.010411	-21.567358	-19.816213	14.525182	-9.825451	20.981690	-22.392600	11.845633	12.956029	-21.448890	-2.111984	13.783424	-6.115662	5.426105	18.887207	-9.739839	18.384816	6.082716	9.283194	-4.189881	23.596871	-19.059827	-17.107416	-7.226080	-4.302790	
-14.018385	-2.389230	16.690642	-8.142642	13.966175	8.790227	11.824566	-9.911958	-3.857102	8.761665	8.080495	-2.554319	-12.390148	-22.967840	-25.494661	23.438495	29.602573	-16.985856	-22.623471	10.118351	17.281207	18.978202	28.850880	-17.304719	-10.588054	9.811083	-16.490194	17.671897	-8.811664	-29.532484	29.149678	-22.995039	-25.984419	-0.964118	28.308799	-25.200153	-28.099429	11.562997	1.925981	-24.254541	-25.032634	3.094781	-4.763924	11.744595	10.747609	-18.172623	-12.969091	3.502957	9.856860	-20.098364	
-7.451451	6.745245	-5.331019	-20.745830	13.796671	-13.439228	9.141860	-10.178347	13.108348	-9.029879	-14.902833	-1.764644	13.314921	-7.544811	-20.265629	-15.466442	-10.904418	15.288252	-10.991579	15.480198	-0.224066	1.736052	0.158875	-14.656512	-12.126393	5.939768	-6.302566	-4.931631	20.965776	-4.506385	-11.687519	20.751459	-11.032902	-10.075483	16.995400	6.487667	-11.463357	-11.489419	11.326699	15.891026	-18.344730	6.922750	9.466301	-15.349971	0.802046	-10.177904	9.732065	-12.345481	-13.469662	8.566337	
2.538294	-6.800152	-2.475561	16.349047	-23.892857	-2.369187	-11.806301	8.693520	6.379256	-0.765904	7.164256	4.297355	22.112184	-17.166497	12.923198	1.056610	-25.326870	9.425707	21.257768	-8.180764	-15.307829	-18.202799	-14.605679	-17.717424	12.794415	20.205831	-23.450095	26.162753	-3.012839	24.648897	-4.901606	14.871318	-25.047544	22.625928	-20.129034	5.015037	26.983871	-27.304657	14.461022	-15.087319	-20.015130	4.475067	5.060137	-14.251919	-13.451354	0.581595	-13.994318	0.447890	24.619568	20.546246	
-23.445010	-10.487750	16.973873	-20.708148	-16.950496	17.687942	-22.983650	-10.204491	-18.418330	-12.299698	-11.508425	0.913311	-12.357318	15.642924	-20.653032	6.864856	0.236081	13.802336	13.381314	-0.362710	-7.079891	-17.657152	-14.496501	3.064203	-2.674006	-11.789434	-2.127525	-23.052616	9.016208	1.199158	-14.889853	17.255067	9.688607	-2.082547	-5.988621	11.355556	3.310096	23.320696	-8.142153	-16.028860	-3.908465	3.023836	6.470432	14.534504	-16.834511	-0.055434	-12.566940	-7.984268	13.823876	-20.729177	
10.830184	15.783094	-14.887038	15.978158	-5.184563	-15.662465	-4.824176	22.988029	19.065716	26.968738	21.592860	5.795469	17.501599	22.747098	-11.994342	16.987806	27.752045	-28.819586	-6.187430	7.499660	-25.189875	-0.335755	12.498556	-1.712370	26.836138	12.431191	-27.683149	-29.435618	-27.112500	-15.827599	1.297855	-6.396568	-3.310464	-15.949938	6.081629	-16.962233	11.575142	-2.641327	15.953945	-6.107311	-13.127628	-21.239554	-4.374776	16.033506	17.202935	-4.324719	-28.914359	-27.111393	-28.486015	-18.094323	
-8.737785	-11.057994	-9.225141	-10.837240	-11.148127	16.600187	14.688294	-7.380749	-15.067400	-14.047696	6.533246	10.524210	-13.185265	9.697265	1.588254	-3.847191	12.401512	-11.001793	-21.525755	-18.408765	16.237328	0.688535	9.456278	9.165830	-15.051256	-18.079583	-0.491608	-20.177874	13.430735	-13.556883	21.959188	11.664117	-5.897962	-5.806863	19.932632	5.537469	0.429281	2.501970	1.926609	-13.482073	-14.195023	-1.322249	-18.015360	14.148378	9.953613	2.348046	-18.949706	-7.234667	21.700295	-7.737201	
-9.333108	-13.233043	-2.316752	5.846294	1.257592	-10.282767	-19.069731	18.014907	17.167805	20.906969	4.743585	18.625502	-17.768344	20.968881	1.862377	19.850161	-11.453149	-18.828956	17.779339	-14.806149	-7.621530	7.175765	-14.682477	-1.960266	7.322810	-11.967737	4.037867	6.164323	19.234433	-13.544411	-7.482358	-19.454809	-19.195907	-16.807680	-8.348955	-9.461449	14.536848	-4.268481	13.553518	2.496726	14.537429	7.852351	-13.666470	2.909076	19.960825	-9.045169	7.973242	-8.392295	0.703819	20.166165	
-19.234718	-8.518826	-3.398081	23.900504	8.329074	3.188955	-15.059531	-1.758321	3.880297	-0.192613	26.865133	-22.837750	-17.239760	19.030226	-13.911728	25.180417	18.632120	3.572573	19.073440	14.051680	21.177495	17.074976	-4.941074	12.572486	9.506203	-16.538139	16.040341	-20.296425	12.126618	12.054949	25.962292	-18.642645	-4.102523	28.808995	27.682403	3.415041	-11.268653	16.410686	-26.968855	-21.622195	2.548424	-15.798002	-7.823240	8.130551	27.155819	27.541589	-17.785638	-11.172470	25.408560	-19.013583	
13.186897	-1.178574	-11.869707	-12.183360	9.087228	-21.625128	-5.727833	-6.539518	5.274973	12.115440	-8.963796	21.770037	22.730938	-19.039882	-15.197002	0.615943	18.719599	-12.520378	-2.276382	5.319632	7.442653	22.638477	15.975233	-22.791538	-21.591790	16.507704	-7.585520	-17.546268	-5.957571	13.918298	-1.992687	9.744865	-23.688194	-22.513204	-11.205361	15.163789	-3.768131	6.677414	-0.656311	2.735145	4.690200	-1.566450	-3.949317	18.144315	19.992167	-20.871920	7.406746	-11.692870	-8.433284	23.884520	
-6.652934	-9.535382	-16.543181	12.657469	6.213628	17.596820	-19.581592	4.732698	-4.484480	1.907466	-14.183656	-14.642467	-3.164399	-16.443106	-18.419914	-20.999939	-0.740019	-1.939430	-15.183382	11.961935	-13.114164	-16.906186	-11.233957	-5.825541	-6.131319	0.498849	18.686127	16.909320	-8.174817	-12.215273	2.815938	14.614701	2.564197	3.936969	-18.419454	12.313144	15.380339	17.987279	-5.575461	-17.731807	-17.786183	-7.963883	-0.637245	-0.800430	14.620799	-1.372990	-9.297576	6.942828	-12.620550	0.715549	
-22.500620	-22.432301	30.989214	20.096167	15.092610	-25.193832	-9.973635	7.295512	6.502648	-28.637810	-28.595492	16.564999	13.896455	15.787559	14.333749	-11.332968	-16.168297	18.109696	-3.208152	6.904729	24.358963	-8.594817	-19.665999	16.409378	-24.839608	25.998532	-27.242146	-5.533270	0.306821	3.466097	-15.852952	19.544960	-18.263010	23.305789	-23.625988	-17.419314	-19.971815	24.118779	-12.131182	-24.924760	12.627785	-5.298691	-10.601514	19.175683	0.395785	-27.275954	-18.296751	10.571438	-10.376137	-21.330809	
4.892276	9.924515	-24.409982	26.871975	-0.069731	-14.555905	-11.019109	0.788062	1.984165	-9.647584	2.769690	-8.684046	-8.162832	-16.198041	19.646562	-19.397447	-3.991086	12.092609	-19.868008	-19.046819	-3.234636	-8.116863	-12.052904	13.524621	-20.358250	-23.157216	11.430458	-7.495785	3.764435	-21.148490	-2.548043	6.305508	-16.538884	12.163372	8.537511	-4.207514	22.489486	11.035140	-7.276619	5.263802	24.978904	-27.817502	2.396478	3.194118	-7.151655	20.497764	22.183679	-22.339990	16.569977	18.069020	
-10.074272	-0.408403	-12.561736	21.136393	21.262366	7.928141	16.032124	6.164215	0.667275	-13.525030	22.479460	3.745021	-24.601802	1.350524	9.817464	23.157536	3.206233	13.603599	-0.161027	-6.568825	-13.661262	2.751480	-10.919345	3.481769	18.397776	12.640790	8.442518	-2.941377	9.001213	-17.334976	-4.382288	12.327587	21.450294	-19.900755	16.630142	15.398437	22.439489	1.910259	-5.024827	-11.593642	1.643114	-21.856013	6.167046	-6.343219	-22.032963	-14.888069	8.118223	23.527508	-14.094522	-0.785295	
20.680122	23.700481	10.513578	16.342025	-3.226713	-18.967653	12.570820	24.255561	24.600735	10.138728	7.207527	22.279250	23.095296	3.347740	-7.833209	20.077599	-10.099071	-24.726764	17.271993	1.981729	-2.209213	-26.237845	4.276194	3.781094	8.594015	-3.175062	-26.255603	-23.372630	-25.037938	-20.101710	20.253772	23.738992	-20.050989	6.744898	-2.651120	-25.463999	-17.461392	26.023549	-24.650227	8.951331	-20.588121	6.789016	4.178370	-11.649900	1.994508	25.723140	24.924688	-0.917091	21.416933	5.872686	
-19.811905	-17.733019	6.285288	-6.867389	-5.632391	8.504561	-10.785874	17.144953	4.809710	16.946408	21.389747	13.384843	-24.580214	-2.331286	20.766150	-4.136270	-17.937581	11.154704	-21.498843	-23.503083	6.511496	-15.149251	-2.742921	4.746694	22.878998	-11.199523	15.808380	18.782422	-13.247414	-9.689813	-21.788286	-9.867796	6.590386	-23.386211	-6.312316	-2.885195	-17.281900	-14.588718	-22.421501	-19.729430	-8.511807	10.414362	-22.254765	-21.421541	-23.764033	11.000385	8.985107	12.058347	9.749973	19.247154	
22.434036	1.776443	-10.818381	2.606221	-15.536157	-17.242412	-0.069947	-13.601781	-19.851464	-16.552415	-10.967328	15.428425	0.873197	23.073261	-19.887577	7.543238	-13.800774	-6.738004	-17.391295	-13.531096	12.720850	14.819239	-24.658199	-10.120815	-3.166777	-20.085700	20.746806	5.407856	21.135181	1.391846	17.833334	-22.527817	-18.254643	-23.848345	-2.675375	12.076606	-9.078603	-24.245214	-8.588943	18.599145	-6.445203	-17.524889	22.017598	9.428992	-2.954203	8.457045	19.547883	6.459035	-5.943848	7.111384	
-3.806718	15.954416	-4.393655	-10.255898	-7.714230	15.941337	-6.360153	-8.892339	-15.578750	-14.280807	-16.386530	-6.647684	-2.585813	-4.465009	-16.038089	-6.887004	-11.887879	-13.629088	-9.906464	-12.486672	-16.221197	-1.458392	-4.530110	4.774076	15.484324	2.806233	11.612500	-4.412069	-2.331923	12.275948	-11.619659	-12.068499	6.398132	-16.683592	-16.326832	-13.622292	-0.032499	-4.622867	6.056605	-9.286275	3.215034	-13.348874	-15.512180	-14.995778	12.990227	0.017502	-12.040890	4.182085	-12.191487	-6.048908	
-23.064216	19.197051	-9.826338	-20.685533	9.816359	8.738357	-15.473328	-18.237048	2.584879	0.739649	-8.347642	16.944259	23.115723	-2.377268	0.527342	22.513474	24.442387	13.022550	-8.379081	-7.936210	-14.564048	8.331140	6.583098	-8.003884	-18.833337	23.371030	-5.060855	-3.465001	17.799069	-0.016006	21.474186	5.248775	4.438129	-22.681039	-24.636267	-18.542074	-16.296298	-23.786004	23.752039	1.869970	-13.591250	9.723772	23.295521	-15.006448	-12.314380	-20.678741	1.111462	-17.804904	-17.873906	-20.061711	
22.151022	-0.413746	11.917539	-14.824199	-14.308943	5.744614	-23.101020	12.410061	-15.398357	-9.369980	14.815287	18.554659	9.348311	-1.741926	-4.059365	-14.577681	-15.426263	4.105806	7.357636	-2.037456	-10.153355	-11.406326	10.792075	-6.876170	-0.421966	17.303781	-22.305504	17.279370	-20.893889	19.759746	10.324664	11.111703	-7.941529	8.875711	8.566254	-16.759421	-18.414711	17.086273	-22.964032	15.060087	1.507229	-23.190262	2.868938	-4.935246	17.051303	3.192106	-23.200644	5.281940	6.290870	18.265917	
-18.377785	13.563093	-5.390543	-19.903733	-0.289029	-13.246463	0.124403	-5.922616	11.064398	-1.855198	-24.738735	-23.616057	-10.262014	-2.594998	9.272144	18.135814	14.697705	17.679239	-13.628633	21.638500	26.929924	-26.633768	18.413096	-23.212984	-16.096329	-4.878485	6.861109	23.530083	-10.794840	-1.296958	24.939902	17.311203	-8.452800	17.738956	26.409563	-8.347490	-21.297275	-13.945060	-17.460901	-4.530634	-4.278251	-14.095315	-19.522928	14.423113	24.628322	-21.647704	6.914944	7.892974	24.566036	19.133608	
4.868628	-14.502161	21.687478	13.275138	-20.318206	21.798469	10.239923	10.408305	-19.573274	3.703353	23.097953	-19.039601	2.112706	-15.703403	-1.707812	11.951361	-7.609076	8.855882	13.303688	-4.557816	17.175192	-0.292738	-1.578575	14.482767	18.239757	4.393525	2.631120	18.882609	15.893637	12.508225	-18.198413	-13.195310	-14.348424	-1.576475	17.526663	12.217724	9.603002	-13.089577	10.662432	10.891868	-19.881216	-20.354062	-8.348703	-14.785455	2.500856	10.412138	3.468171	16.556476	-1.034716	23.827481	
-20.226070	-1.293419	-21.201377	3.575068	-15.586878	-11.460942	-23.493083	13.755296	-5.785915	21.711419	-9.408078	16.905135	-21.637449	25.224573	4.380304	10.736957	0.849578	-7.027924	-8.656024	-25.783586	14.620079	-4.659781	-16.333266	11.853898	12.729340	10.149247	9.682818	6.415444	-7.088055	16.882860	25.210452	-21.045193	0.408927	-5.562711	1.763201	-14.045506	-16.362062	12.733780	-8.412066	-21.203386	14.173087	-9.645767	15.752795	7.779717	-23.275741	-0.282015	-19.702149	-21.054607	25.615771	-12.278889	
-14.443424	-6.347397	-8.412415	-7.859595	1.533602	-19.946805	-10.602706	-6.219153	-4.400196	4.239010	14.077861	-9.417972	-7.106019	-4.101075	8.280931	17.184236	16.866183	-5.285808	16.422366	-5.999375	2.769160	10.027330	-4.582776	11.952520	-14.056052	-13.772068	1.176177	-5.441460	-4.082629	17.371818	-8.038983	-4.859108	2.952032	10.699631	-0.523139	-5.703064	18.322839	12.212225	14.691169	-16.403574	4.240134	-18.058783	-1.005763	18.051990	-18.819451	9.939979	13.837872	-0.505738	4.119981	-19.882358	
1.359870	-8.426369	11.772748	-8.164004	-8.473904	19.255360	17.393759	-13.304125	25.356160	19.879088	2.781699	12.768280	-13.335564	-25.768794	-3.012251	-4.249043	12.847808	-23.062745	-24.690098	14.895777	-7.976933	16.865983	-18.282337	8.920843	-19.908967	26.313067	-26.309064	8.962500	-13.238839	-13.756133	-5.271554	9.968693	21.652161	25.035103	4.329419	12.849224	23.968327	4.378033	17.289851	-16.824013	-0.020261	-10.597432	3.262114	-22.747052	-15.173719	-7.502587	-23.360458	-21.927297	12.973997	23.339929	
-11.145859	5.055110	-2.445943	-20.262545	8.069054	-1.333400	-8.569469	8.943676	9.659579	-20.246556	0.934517	2.057750	-17.226027	11.267294	-9.984506	-11.923977	13.073119	8.553763	-20.897581	-21.122292	-0.952665	-3.062427	-0.198404	9.144335	7.591257	6.956970	22.879502	18.609233	-12.127992	20.738668	-21.579654	22.374888	14.195487	-18.069524	11.377535	3.647239	17.060339	-14.086595	6.646319	22.201223	-17.024494	-20.079255	-15.276384	-11.817265	-12.102887	-20.019331	-14.293798	-10.787160	-13.680129	8.626800	
-18.441916	13.263720	-8.743194	13.760726	19.293107	-8.162195	8.891374	7.115013	-15.167366	-20.459646	4.526083	-6.994056	0.931769	13.428509	-11.473055	18.463732	2.012277	19.121028	5.834755	-8.770061	-12.597323	-1.619729	0.538178	17.573832	13.570460	-15.167567	14.979416	4.082829	14.460842	7.494759	15.496376	-17.266182	-9.479459	2.281612	13.259553	-10.038024	4.899577	3.529106	6.803301	-5.931674	3.571491	2.420739	-6.341792	15.647789	11.473473	19.924245	13.066651	-7.602290	4.766391	18.718401	
20.174730	4.798657	25.951015	6.248390	-19.451419	19.364586	-0.928078	0.101109	-25.478304	-16.445131	-6.284609	4.612398	-19.014537	16.746966	-8.977311	-24.633323	3.261257	14.277646	20.525560	-1.363406	-6.048581	12.204824	-17.438050	-4.736721	24.003516	20.481684	7.938181	22.386933	-24.535078	8.558700	-13.270138	-11.262919	-9.029746	-7.611983	19.751475	-22.924841	-2.586600	-14.013813	24.651049	21.225818	-15.966662	14.779388	0.472938	21.469731	19.322141	-10.624814	-3.077531	0.400223	17.801547	2.175274	
0.017435	0.003594	0.032134	0.017753	0.009000	0.033248	0.011164	0.025871	0.025170	0.029171	0.025697	0.024203	0.033910	0.030491	0.026753	0.001809	0.011907	0.002578	0.026443	0.015431	0.032586	0.033838	0.004606	0.031001	0.013098	0.026124	0.016969	0.033009	0.025576	0.017387	0.027846	0.032148	0.035188	0.005081	0.013197	0.025462	0.034218	0.028737	0.008811	0.016863	0.029824	0.025056	0.002850	0.032857	0.005738	0.003673	0.002868	0.002498	0.006300	0.022826	
0.018684	0.001020	0.028938	0.028835	0.041459	0.029893	0.016152	0.022739	0.030818	0.033688	0.024983	0.023681	0.002615	0.026799	0.010292	0.037392	0.039822	0.006505	0.024732	0.016858	0.002724	0.014468	0.014424	0.000129	0.034335	0.034494	0.004527	0.014966	0.007755	0.037778	0.005177	0.016177	0.037584	0.009753	0.010012	0.014168	0.032726	0.040284	0.006606	0.021176	0.029095	0.005084	0.013645	0.014221	0.004224	0.010799	0.035160	0.017213	0.024897	0.020494	
0.027715	0.032182	0.001173	0.014859	0.026219	0.037383	0.025684	0.004852	0.022464	0.007499	0.026859	0.039705	0.002993	0.029158	0.012929	0.038661	0.017288	0.015571	0.038801	0.022103	0.016876	0.016428	0.007560	0.029136	0.026270	0.005624	0.002973	0.032408	0.024454	0.028140	0.026675	0.019205	0.004521	0.030113	0.020303	0.012945	0.026803	0.029412	0.001292	0.001487	0.018841	0.018895	0.007179	0.035062	0.005630	0.005401	0.020971	0.028407	0.035482	0.017412	
0.010939	0.021459	0.012634	0.036801	0.020584	0.017628	0.032017	0.025851	0.029848	0.003506	0.026473	0.017225	0.020034	0.007124	0.037064	0.015337	0.032279	0.010164	0.033415	0.019941	0.006541	0.010790	0.029716	0.008793	0.029040	0.015930	0.031682	0.025035	0.035089	0.014756	0.024552	0.008263	0.008486	0.005779	0.015645	0.011166	0.038239	0.016146	0.028098	0.009479	0.032043	0.024440	0.019733	0.008518	0.002489	0.022416	0.004100	0.033933	0.016194	0.032583	
0.033407	0.027566	0.020209	0.004694	0.028292	0.027261	0.037495	0.004151	0.037247	0.029220	0.023353	0.029290	0.001339	0.012297	0.036847	0.023988	0.038350	0.010378	0.000616	0.013187	0.010704	0.005595	0.015766	0.039081	0.020546	0.027761	0.023413	0.027158	0.038850	0.035464	0.001042	0.025052	0.029854	0.002654	0.017988	0.001571	0.007262	0.001525	0.000463	0.008967	0.007346	0.036973	0.022386	0.031274	0.038592	0.033655	0.019022	0.009291	0.019418	0.002139	
0.026166	0.033327	0.027950	0.036510	0.030087	0.020767	0.008040	0.022454	0.015084	0.011824	0.030902	0.006407	0.032598	0.035874	0.022843	0.015810	0.002751	0.032078	0.025570	0.012470	0.022149	0.027575	0.020591	0.033819	0.030297	0.018381	0.010786	0.028194	0.011951	0.025818	0.010820	0.024417	0.010517	0.022009	0.002233	0.020542	0.036051	0.010037	0.024235	0.014700	0.020446	0.004432	0.011366	0.005159	0.020591	0.012075	0.028486	0.006990	0.024626	0.011195	
0.014472	0.023677	0.029426	0.031032	0.027074	0.000146	0.004858	0.033051	0.022245	0.032646	0.019056	0.010101	0.030570	0.012751	0.030557	0.009289	0.002977	0.017212	0.023773	0.007021	0.025050	0.023200	0.042961	0.040913	0.014925	0.002360	0.007420	0.010934	0.020115	0.024739	0.031145	0.032194	0.003967	0.007339	0.006051	0.022576	0.011087	0.012125	0.034790	0.004059	0.030057	0.009169	0.013439	0.017717	0.021404	0.016984	0.035038	0.034854	0.023749	0.037707	
0.000317	0.012591	0.013990	0.023886	0.035813	0.032684	0.015355	0.001302	0.036801	0.027701	0.037588	0.021798	0.028601	0.007528	0.027330	0.009843	0.033967	0.004178	0.020687	0.035389	0.019873	0.015252	0.023432	0.009123	0.006462	0.034798	0.025669	0.011142	0.009594	0.013509	0.025316	0.024941	0.032074	0.009233	0.028792	0.036720	0.017001	0.027269	0.025998	0.004171	0.011647	0.006485	0.000834	0.018314	0.009808	0.023393	0.014282	0.037042	0.029671	0.020802	
0.029552	0.013911	0.010204	0.018628	0.019187	0.032340	0.016280	0.021432	0.027172	0.034202	0.015570	0.034272	0.009370	0.017839	0.000609	0.013495	0.001288	0.018945	0.028513	0.001129	0.031161	0.039994	0.025033	0.027621	0.039623	0.009873	0.037058	0.017532	0.001207	0.041296	0.033731	0.037790	0.038898	0.016585	0.016804	0.001940	0.004368	0.008419	0.026124	0.018502	0.020102	0.016318	0.000030	0.004454	0.028942	0.002144	0.005429	0.015329	0.040183	0.029576	
0.030591	0.031347	0.036854	0.004362	0.002341	0.025098	0.011209	0.020346	0.013512	0.013521	0.033817	0.015729	0.026146	0.036353	0.028909	0.004985	0.000580	0.026209	0.027050	0.008759	0.020621	0.020139	0.021193	0.007119	0.022375	0.033575	0.012441	0.004194	0.015583	0.033418	0.021727	0.030790	0.005843	0.012247	0.036943	0.023559	0.018477	0.024344	0.010429	0.027483	0.025627	0.021163	0.007632	0.019639	0.032967	0.017852	0.026222	0.009569	0.025038	0.014073	
0.005802	0.035138	0.035983	0.017620	0.023961	0.036350	0.004107	0.007006	0.028003	0.031440	0.021335	0.026169	0.020736	0.010445	0.036493	0.020328	0.020748	0.001879	0.011706	0.003203	0.032664	0.021734	0.019061	0.023902	0.018287	0.006706	0.002715	0.035479	0.020407	0.002602	0.011567	0.025175	0.010575	0.030263	0.032426	0.027897	0.007886	0.007087	0.019862	0.024609	0.013230	0.034887	0.018453	0.028755	0.003128	0.028517	0.020407	0.018095	0.029673	0.025499	
0.015802	0.027315	0.000723	0.001020	0.005209	0.023230	0.011482	0.016690	0.015392	0.016075	0.037309	0.028243	0.024890	0.002908	0.014940	0.034278	0.030675	0.011258	0.030583	0.005785	0.010878	0.017516	0.022707	0.035585	0.020607	0.021205	0.029474	0.035930	0.013340	0.017003	0.032505	0.033819	0.029380	0.026360	0.017629	0.019238	0.013409	0.000557	0.028992	0.010329	0.006394	0.023013	0.005826	0.019429	0.026738	0.015101	0.021135	0.032668	0.033903	0.025524	
0.003090	0.019079	0.034139	0.035594	0.020023	0.030932	0.037127	0.018387	0.004688	0.024240	0.003493	0.014422	0.007509	0.010919	0.023387	0.023699	0.002675	0.034195	0.035167	0.021277	0.039302	0.002521	0.003744	0.022103	0.020854	0.023795	0.018532	0.025629	0.003804	0.025364	0.032411	0.021609	0.017135	0.029474	0.038142	0.010647	0.006936	0.032237	0.036277	0.029744	0.012878	0.028281	0.000135	0.004503	0.016840	0.030464	0.008203	0.018763	0.006209	0.029423	
0.016652	0.037833	0.006605	0.011244	0.030995	0.013463	0.001818	0.001866	0.009873	0.040147	0.026647	0.020775	0.031782	0.017110	0.000797	0.015475	0.028131	0.003263	0.038333	0.014864	0.036637	0.007995	0.021995	0.018674	0.011978	0.032679	0.014898	0.037338	0.030975	0.016352	0.039587	0.037694	0.011003	0.000470	0.013301	0.020249	0.025171	0.037435	0.004634	0.019047	0.002225	0.017049	0.017845	0.030104	0.019186	0.031247	0.029865	0.016422	0.023158	0.007112	
0.018840	0.016366	0.034355	0.033291	0.008208	0.032856	0.001420	0.010876	0.004548	0.004004	0.014551	0.013126	0.008771	0.027717	0.018218	0.015352	0.025637	0.014199	0.002444	0.030034	0.023159	0.000093	0.003054	0.016632	0.032518	0.027650	0.025946	0.027413	0.024082	0.020194	0.007738	0.003745	0.036900	0.031853	0.041028	0.006874	0.009799	0.012888	0.028375	0.012216	0.031365	0.016264	0.038342	0.028645	0.040486	0.028139	0.034252	0.009417	0.020529	0.025589	
0.024409	0.030300	0.001322	0.033996	0.019437	0.014630	0.002202	0.025130	0.018335	0.005460	0.040605	0.030563	0.010693	0.014051	0.002984	0.004101	0.035319	0.036290	0.005940	0.037045	0.022383	0.015257	0.039750	0.023281	0.014306	0.042437	0.039101	0.025673	0.005635	0.020970	0.002605	0.006491	0.029249	0.005981	0.023874	0.032395	0.013665	0.002764	0.012838	0.007543	0.000200	0.027069	0.041572	0.000614	0.027520	0.019873	0.017882	0.038181	0.033579	0.014504	
0.028298	0.006440	0.008872	0.013327	0.028343	0.007855	0.039677	0.033034	0.019725	0.016600	0.036737	0.039478	0.016471	0.011548	0.008106	0.041710	0.002395	0.036218	0.005973	0.026033	0.014597	0.011916	0.018117	0.016805	0.016668	0.025662	0.022862	0.021196	0.022739	0.024788	0.027873	0.003807	0.022208	0.036382	0.033230	0.003719	0.008365	0.034920	0.038240	0.010513	0.012149	0.045587	0.017620	0.021550	0.022523	0.011332	0.000679	0.005474	0.010598	0.011042	
0.011663	0.017991	0.003943	0.027363	0.022247	0.032632	0.005059	0.035108	0.001021	0.009650	0.011445	0.021601	0.025237	0.027249	0.001911	0.034306	0.005155	0.036936	0.019173	0.036959	0.027426	0.029612	0.023050	0.001713	0.019465	0.015171	0.017891	0.039884	0.028129	0.032384	0.007025	0.021024	0.020425	0.039307	0.030368	0.004983	0.000497	0.011311	0.036341	0.013832	0.032496	0.012740	0.024915	0.038560	0.000171	0.019716	0.016119	0.004319	0.007913	0.036564	
0.006657	0.031449	0.038035	0.015708	0.024346	0.002237	0.010803	0.006166	0.024882	0.020555	0.021502	0.013260	0.036434	0.004120	0.035019	0.037934	0.038192	0.019649	0.023588	0.017297	0.021977	0.021365	0.004996	0.020402	0.007245	0.026110	0.038619	0.009917	0.001594	0.037151	0.035260	0.035178	0.009120	0.019583	0.000881	0.020011	0.025564	0.022101	0.038167	0.013804	0.001152	0.024031	0.001780	0.004305	0.027531	0.014087	0.030758	0.031706	0.003479	0.024293	
0.039249	0.025702	0.001549	0.005829	0.019658	0.033083	0.025776	0.022968	0.029385	0.047585	0.006585	0.047451	0.047843	0.009185	0.044303	0.022895	0.025536	0.003747	0.006967	0.002407	0.007909	0.021521	0.017015	0.006683	0.008641	0.033731	0.026580	0.005451	0.029793	0.006053	0.003168	0.011105	0.015828	0.028393	0.039304	0.003006	0.006043	0.016992	0.024261	0.028053	0.006972	0.013364	0.002075	0.049106	0.002013	0.036272	0.009264	0.001403	0.032047	0.040250	
0.005882	0.003584	0.038143	0.033846	0.026441	0.017365	0.003083	0.021789	0.039754	0.016965	0.020800	0.005214	0.020672	0.019474	0.016293	0.020581	0.021635	0.010613	0.036804	0.018706	0.021046	0.031912	0.034749	0.007730	0.000360	0.038116	0.024878	0.018015	0.022806	0.026505	0.004970	0.006183	0.011336	0.022709	0.014455	0.038262	0.016778	0.033358	0.038003	0.014777	0.002489	0.023440	0.013218	0.015285	0.033876	0.015644	0.035320	0.020925	0.010233	0.004976	
0.019652	0.032338	0.006081	0.030236	0.014747	0.023934	0.036103	0.023811	0.011162	0.016536	0.022459	0.030432	0.018541	0.031919	0.035504	0.034153	0.011132	0.001514	0.014518	0.013329	0.017784	0.022890	0.007055	0.026565	0.034967	0.019019	0.010769	0.009151	0.025446	0.007414	0.030484	0.034092	0.023704	0.016026	0.012498	0.011301	0.028350	0.028653	0.028608	0.004345	0.025791	0.012982	0.029003	0.000985	0.007249	0.020943	0.031703	0.014259	0.021051	0.008812	
0.012946	0.017147	0.015381	0.010253	0.035034	0.036852	0.041577	0.023595	0.019512	0.036140	0.036883	0.016332	0.008313	0.029466	0.017471	0.023153	0.040561	0.039741	0.006925	0.004685	0.015498	0.013537	0.024542	0.004097	0.038208	0.010161	0.020475	0.002541	0.006487	0.000250	0.030798	0.001515	0.012580	0.016399	0.012827	0.024960	0.023814	0.014094	0.028849	0.031428	0.038066	0.029201	0.012958	0.034920	0.019792	0.000822	0.011240	0.010442	0.014280	0.023249	
0.035152	0.022625	0.001152	0.010898	0.027966	0.029358	0.002002	0.033135	0.029481	0.012311	0.020121	0.013230	0.001753	0.013967	0.026159	0.012269	0.012014	0.030403	0.029948	0.032973	0.006866	0.012442	0.009859	0.022064	0.032982	0.000461	0.027012	0.016297	0.025667	0.030013	0.021844	0.020163	0.035908	0.033012	0.020841	0.005702	0.016454	0.036607	0.031118	0.030142	0.012705	0.014504	0.024182	0.019423	0.004792	0.001467	0.029649	0.005051	0.032282	0.023573	
0.022880	0.033114	0.034395	0.035042	0.011933	0.038578	0.000384	0.006865	0.024875	0.029700	0.014146	0.008664	0.007339	0.016863	0.036089	0.017851	0.002279	0.013800	0.018021	0.008438	0.010492	0.036468	0.037240	0.031278	0.014361	0.027968	0.003365	0.002105	0.032646	0.038762	0.035116	0.009834	0.028395	0.034917	0.034214	0.018742	0.004050	0.018849	0.004480	0.033065	0.002837	0.005331	0.034066	0.027660	0.012413	0.008768	0.007568	0.037784	0.003268	0.022702	
0.028466	0.004959	0.002928	0.030771	0.030001	0.011721	0.027243	0.025359	0.028906	0.014229	0.000102	0.020868	0.013152	0.003593	0.018746	0.014626	0.029919	0.006194	0.017489	0.026391	0.022855	0.003049	0.015315	0.020470	0.019165	0.017613	0.019170	0.031940	0.030736	0.009358	0.022347	0.014716	0.016733	0.031867	0.032801	0.005286	0.022911	0.026605	0.028739	0.034876	0.022530	0.033801	0.026516	0.012128	0.001242	0.017580	0.023690	0.017180	0.030696	0.032423	
0.025196	0.023661	0.020005	0.032477	0.000398	0.001352	0.033463	0.031011	0.006313	0.018600	0.031546	0.032660	0.039106	0.025369	0.001700	0.020260	0.023690	0.012428	0.019162	0.016427	0.035884	0.028128	0.029183	0.010998	0.038747	0.021589	0.038312	0.029477	0.040029	0.014939	0.006096	0.007499	0.002934	0.034482	0.000466	0.038535	0.040261	0.026171	0.004360	0.002135	0.005371	0.018841	0.002760	0.015347	0.001369	0.033938	0.001089	0.021035	0.028440	0.006760	
0.007240	0.005621	0.000302	0.012824	0.014376	0.010290	0.013192	0.000149	0.034171	0.033390	0.014537	0.037284	0.029490	0.038394	0.025704	0.033442	0.019775	0.008868	0.002091	0.027838	0.035879	0.020362	0.005801	0.008730	0.008539	0.020955	0.010311	0.017003	0.002353	0.017758	0.035508	0.038983	0.003187	0.029011	0.003923	0.031726	0.020378	0.034253	0.031022	0.021585	0.035255	0.026864	0.012404	0.022546	0.010069	0.027417	0.037624	0.025820	0.013072	0.022683	
0.009104	0.030340	0.037107	0.022175	0.007241	0.032027	0.035573	0.001911	0.015977	0.033018	0.001419	0.037562	0.001375	0.004522	0.019070	0.034592	0.036175	0.016710	0.010334	0.036317	0.027892	0.009397	0.005260	0.018531	0.026635	0.033576	0.036981	0.018812	0.030556	0.002363	0.013788	0.027969	0.021706	0.008544	0.004420	0.020811	0.000311	0.032885	0.013388	0.030886	0.005608	0.012899	0.029044	0.021169	0.028633	0.017566	0.004696	0.017344	0.021394	0.034388	
0.027152	0.000479	0.017909	0.023832	0.028437	0.022111	0.032812	0.020538	0.031560	0.032400	0.025777	0.023281	0.017433	0.015966	0.029335	0.016670	0.019656	0.014878	0.022537	0.010023	0.006463	0.035034	0.016816	0.027333	0.006975	0.030156	0.003314	0.006402	0.001728	0.027215	0.022685	0.026546	0.013877	0.033967	0.007662	0.020244	0.034298	0.021904	0.021063	0.002440	0.030271	0.014595	0.020136	0.015124	0.002892	0.022303	0.023726	0.014387	0.027361	0.030298	
0.041936	0.041872	0.029375	0.026817	0.040743	0.011332	0.013220	0.014876	0.005963	0.005582	0.037196	0.011607	0.008302	0.032080	0.001162	0.028473	0.013679	0.028546	0.039905	0.003646	0.021892	0.011110	0.021329	0.001542	0.018719	0.019526	0.014095	0.017346	0.012914	0.016733	0.027701	0.034960	0.018023	0.040190	0.021706	0.025171	0.007858	0.006695	0.017758	0.000159	0.012992	0.032995	0.011366	0.035071	0.019506	0.010287	0.014165	0.030125	0.030520	0.011233	
0.008035	0.024817	0.032807	0.005214	0.031462	0.032032	0.027091	0.023024	0.018327	0.027646	0.034764	0.020361	0.022735	0.031059	0.014789	0.016778	0.014418	0.024812	0.012993	0.001574	0.017997	0.036281	0.015686	0.016192	0.002817	0.010673	0.017085	0.006020	0.009803	0.003284	0.001990	0.019013	0.032445	0.021612	0.029909	0.009430	0.035343	0.019370	0.012965	0.002633	0.033384	0.026522	0.010604	0.030397	0.033626	0.019960	0.029758	0.036184	0.033926	0.000352	
0.019469	0.010612	0.020744	0.022163	0.022248	0.024470	0.028808	0.010168	0.002575	0.029160	0.027681	0.038092	0.022360	0.024116	0.004134	0.000732	0.017879	0.014501	0.015232	0.031634	0.021946	0.038581	0.029322	0.031531	0.004808	0.032261	0.024348	0.024625	0.034128	0.037961	0.027830	0.003006	0.013104	0.024058	0.000981	0.008520	0.009598	0.036706	0.028640	0.016721	0.017359	0.030784	0.006222	0.020374	0.019031	0.010043	0.000156	0.030841	0.010012	0.019726	
0.020828	0.024764	0.026515	0.013301	0.009629	0.023090	0.000699	0.014728	0.022168	0.002365	0.029290	0.018392	0.028100	0.027995	0.007677	0.024172	0.023666	0.014750	0.020397	0.028814	0.026957	0.027048	0.000492	0.019376	0.027930	0.008137	0.022882	0.022814	0.018320	0.020156	0.018860	0.027495	0.029723	0.029955	0.020688	0.026378	0.008385	0.029239	0.030297	0.014190	0.007079	0.010752	0.026867	0.026228	0.016467	0.012282	0.024163	0.027398	0.028334	0.009768	
0.000234	0.015547	0.018687	0.018439	0.026259	0.010422	0.025817	0.023526	0.028769	0.034863	0.022590	0.005776	0.021095	0.018209	0.029305	0.031779	0.022306	0.022994	0.026793	0.003664	0.011801	0.030173	0.020165	0.027307	0.016933	0.015076	0.022048	0.029089	0.025411	0.032973	0.032705	0.025539	0.028338	0.007067	0.017393	0.006648	0.011344	0.021469	0.017390	0.022813	0.022952	0.010584	0.001705	0.014701	0.027515	0.002406	0.025040	0.027277	0.006852	0.032211	
0.037366	0.032493	0.017504	0.001129	0.028218	0.010435	0.036103	0.035603	0.017417	0.027176	0.007703	0.015153	0.018877	0.032302	0.006222	0.002687	0.026752	0.027551	0.001820	0.003494	0.018781	0.034972	0.034345	0.038609	0.007720	0.011800	0.003727	0.016126	0.002077	0.008583	0.034000	0.036067	0.002466	0.013732	0.001605	0.003564	0.013438	0.032746	0.029073	0.035234	0.038054	0.011840	0.031162	0.023578	0.031820	0.019218	0.027113	0.039017	0.009511	0.004016	
0.037843	0.022992	0.036268	0.037040	0.011350	0.038222	0.026223	0.022599	0.024081	0.023603	0.025450	0.006442	0.031525	0.004585	0.019382	0.025728	0.029857	0.022311	0.029602	0.014035	0.001413	0.035845	0.018014	0.024395	0.002463	0.000909	0.003833	0.023430	0.019731	0.037967	0.011391	0.004066	0.027178	0.035038	0.029031	0.023567	0.022863	0.003958	0.001044	0.027635	0.007227	0.006274	0.030324	0.005797	0.009076	0.002071	0.008379	0.029004	0.030979	0.027959	
0.014136	0.028564	0.021705	0.038814	0.011341	0.040171	0.005553	0.030086	0.016685	0.030122	0.008483	0.003819	0.022643	0.007430	0.015564	0.037431	0.036795	0.016350	0.004647	0.041126	0.013129	0.020951	0.039438	0.026806	0.010064	0.011137	0.010880	0.021034	0.013614	0.005304	0.003036	0.041761	0.028655	0.026161	0.010686	0.003253	0.022994	0.031709	0.006052	0.037718	0.030364	0.038239	0.016661	0.001026	0.000827	0.008426	0.010556	0.014689	0.027084	0.036284	
0.009559	0.005685	0.032375	0.001185	0.042215	0.031871	0.012816	0.021947	0.033010	0.023747	0.036162	0.010325	0.005015	0.013095	0.003654	0.037140	0.000079	0.033368	0.021623	0.025172	0.003108	0.032762	0.021262	0.028911	0.040793	0.022524	0.001260	0.030981	0.031039	0.022342	0.014888	0.026661	0.005132	0.026678	0.005052	0.014738	0.010669	0.007280	0.034494	0.007921	0.016323	0.025429	0.007407	0.001343	0.013969	0.030090	0.024137	0.015923	0.035898	0.040939	
0.013784	0.036964	0.023515	0.025496	0.037544	0.024116	0.027524	0.005073	0.033042	0.012609	0.021053	0.033934	0.014608	0.019493	0.005598	0.036680	0.023966	0.010961	0.019815	0.037478	0.029330	0.014441	0.003104	0.013710	0.023351	0.017825	0.000520	0.031928	0.013099	0.032503	0.009686	0.013024	0.005959	0.022590	0.023275	0.003335	0.011605	0.014927	0.016778	0.031507	0.033549	0.027161	0.005986	0.014345	0.035091	0.015244	0.024867	0.033457	0.013009	0.001544	
0.023740	0.009869	0.026884	0.000293	0.030521	0.008628	0.031493	0.032211	0.033261	0.032821	0.003046	0.017973	0.002065	0.009398	0.028316	0.018797	0.008756	0.026251	0.018991	0.025700	0.024630	0.018021	0.010755	0.006385	0.034074	0.009433	0.013708	0.025187	0.018285	0.015288	0.033989	0.033992	0.020107	0.031370	0.016527	0.032760	0.012989	0.027172	0.026230	0.003183	0.017982	0.026827	0.033597	0.003781	0.032684	0.032065	0.000594	0.014186	0.000121	0.035063	
0.026197	0.017044	0.014847	0.002120	0.018955	0.038116	0.009250	0.008897	0.039478	0.024696	0.023830	0.014503	0.021728	0.038665	0.020796	0.002199	0.017534	0.013845	0.003270	0.033569	0.018169	0.038678	0.011051	0.038833	0.017749	0.031646	0.003285	0.034569	0.034562	0.018072	0.032068	0.000191	0.013892	0.011471	0.011149	0.029756	0.030112	0.006361	0.020675	0.026436	0.012083	0.023233	0.002455	0.016977	0.023645	0.004524	0.013179	0.031405	0.022096	0.032141	
0.038142	0.000354	0.038273	0.021578	0.019771	0.021719	0.034789	0.005645	0.027891	0.022762	0.008886	0.032208	0.010800	0.031456	0.030497	0.004722	0.009300	0.004850	0.014353	0.027007	0.017359	0.033442	0.012603	0.004352	0.014341	0.022359	0.014244	0.024277	0.008429	0.038514	0.027100	0.025954	0.020526	0.027415	0.022326	0.038178	0.003834	0.013565	0.007711	0.039386	0.005088	0.007507	0.014515	0.017281	0.024201	0.029440	0.035637	0.009177	0.026576	0.009657	
0.014339	0.017921	0.030846	0.028193	0.010181	0.026097	0.025477	0.037032	0.019128	0.026193	0.018702	0.006467	0.039616	0.010083	0.005094	0.012171	0.002559	0.018289	0.039774	0.031499	0.037088	0.028758	0.014760	0.002480	0.010835	0.001064	0.036551	0.025868	0.016117	0.032563	0.028849	0.035173	0.004869	0.033731	0.010708	0.007560	0.008755	0.006755	0.008259	0.020141	0.032579	0.015560	0.013251	0.023983	0.024159	0.014087	0.026498	0.004284	0.027678	0.027376	
0.028076	0.032449	0.012244	0.028429	0.031574	0.030050	0.001145	0.017960	0.001421	0.027479	0.015903	0.006158	0.007726	0.033898	0.027577	0.038499	0.042947	0.020375	0.034481	0.015138	0.009544	0.025947	0.006983	0.030477	0.019927	0.027977	0.032164	0.029106	0.005390	0.011952	0.020659	0.010060	0.036243	0.040815	0.021787	0.032365	0.011192	0.018504	0.015702	0.010445	0.003765	0.009326	0.005445	0.016085	0.003627	0.001574	0.006698	0.038014	0.018131	0.026569	
0.028527	0.023439	0.013780	0.007912	0.028286	0.026257	0.021202	0.007431	0.015289	0.027623	0.022804	0.012892	0.031539	0.029754	0.018824	0.016885	0.014763	0.006653	0.034340	0.026979	0.016618	0.024595	0.025674	0.006577	0.033461	0.028890	0.011006	0.015368	0.028205	0.013605	0.015069	0.014996	0.009913	0.013176	0.028774	0.032764	0.029704	0.024677	0.032174	0.014322	0.017540	0.029271	0.019895	0.003669	0.025125	0.013561	0.010712	0.009359	0.011425	0.024692	
0.035635	0.026308	0.002484	0.004016	0.038357	0.026811	0.006922	0.016625	0.018909	0.030081	0.010877	0.032876	0.005108	0.000324	0.008987	0.024124	0.018527	0.017459	0.033007	0.019187	0.009334	0.000861	0.007081	0.037433	0.023122	0.008946	0.028159	0.036380	0.038968	0.011938	0.026077	0.017294	0.015557	0.022937	0.003840	0.024491	0.023802	0.036885	0.009874	0.032266	0.013183	0.015803	0.037187	0.012791	0.018177	0.015929	0.034311	0.040102	0.009634	0.011016	
0.010089	0.009721	0.023796	0.019435	0.008144	0.028420	0.033072	0.009738	0.000242	0.033501	0.020369	0.031639	0.032125	0.031246	0.029370	0.031769	0.027344	0.001948	0.037318	0.036129	0.024370	0.024361	0.005814	0.013471	0.033503	0.029923	0.021783	0.007204	0.028543	0.036522	0.021852	0.003312	0.025843	0.013182	0.003303	0.010352	0.014227	0.014111	0.015120	0.018824	0.027723	0.013027	0.026702	0.001122	0.016191	0.021959	0.029104	0.024365	0.014950	0.003824	
0.008873	0.000098	0.014470	0.035466	0.024235	0.003313	0.036653	0.007329	0.022939	0.001832	0.022488	0.000999	0.000733	0.003028	0.028459	0.038503	0.033568	0.011694	0.008173	0.020426	0.005201	0.039548	0.024127	0.036562	0.005617	0.021870	0.015755	0.037717	0.010790	0.017118	0.004115	0.034375	0.020243	0.023655	0.024014	0.024111	0.029988	0.033206	0.021973	0.026487	0.016849	0.028894	0.035284	0.008291	0.024845	0.012118	0.039042	0.007442	0.007686	0.039798	
0.019007	0.004552	0.011661	0.039760	0.018908	0.007370	0.008141	0.026125	0.003262	0.036857	0.006745	0.011681	0.005036	0.000587	0.001369	0.031686	0.021803	0.017551	0.006818	0.003340	0.027438	0.031430	0.006921	0.007391	0.022198	0.004710	0.029946	0.016324	0.041588	0.030045	0.029652	0.029489	0.020229	0.013888	0.033803	0.027321	0.029359	0.029549	0.010299	0.035576	0.009149	0.041370	0.039965	0.008198	0.028623	0.009899	0.019275	0.042142	0.034113	0.007854	
0.007443	0.012848	0.024735	0.005574	0.032874	0.000276	0.013967	0.029171	0.033094	0.022047	0.003528	0.037090	0.044728	0.001415	0.017043	0.008198	0.004577	0.037220	0.014965	0.033525	0.033397	0.034225	0.018232	0.038913	0.007333	0.000443	0.022019	0.038554	0.032324	0.002129	0.024199	0.034562	0.022169	0.007667	0.026185	0.044527	0.005562	0.001663	0.035630	0.023268	0.005032	0.034185	0.027144	0.009960	0.031774	0.014199	0.005225	0.017612	0.005930	0.011622	
0.033831	0.033348	0.000406	0.020916	0.012242	0.011835	0.037083	0.014531	0.014647	0.031105	0.008628	0.033575	0.036500	0.031034	0.029598	0.027112	0.020919	0.011632	0.031831	0.026242	0.016229	0.005265	0.025021	0.027966	0.019233	0.008516	0.008927	0.037639	0.034399	0.005777	0.014680	0.026835	0.023721	0.010214	0.001530	0.009811	0.009998	0.007157	0.033644	0.007808	0.036517	0.007559	0.017237	0.020418	0.024695	0.019942	0.024316	0.000725	0.032724	0.014480	
0.005605	0.012474	0.020281	0.029747	0.020255	0.010718	0.015762	0.021845	0.022982	0.013054	0.037149	0.031348	0.032306	0.027847	0.031092	0.035611	0.033480	0.006951	0.013509	0.004700	0.018072	0.009352	0.036499	0.014396	0.014201	0.000702	0.028879	0.041207	0.029111	0.007431	0.007314	0.030125	0.040342	0.017648	0.022496	0.000396	0.009311	0.029169	0.017286	0.005008	0.021317	0.000129	0.013015	0.025115	0.022940	0.004454	0.028299	0.025168	0.035495	0.018407	
0.006952	0.027650	0.005406	0.038345	0.037816	0.038905	0.025086	0.004011	0.010723	0.034421	0.037230	0.028968	0.001191	0.000432	0.009651	0.023664	0.029548	0.020524	0.002454	0.024777	0.019577	0.004521	0.028676	0.005920	0.024543	0.007719	0.028671	0.006397	0.026897	0.037546	0.021287	0.002310	0.026746	0.014141	0.040208	0.016906	0.007044	0.032362	0.018765	0.009560	0.015533	0.010809	0.011808	0.035699	0.028043	0.024933	0.011380	0.031307	0.012725	0.030210	
0.011624	0.029348	0.030376	0.018391	0.020987	0.024751	0.022903	0.018321	0.009148	0.037661	0.009498	0.018058	0.020647	0.007092	0.034876	0.030505	0.007550	0.033411	0.031226	0.007454	0.002350	0.034753	0.009526	0.016664	0.002046	0.029413	0.014678	0.018594	0.002912	0.035635	0.029200	0.028821	0.036304	0.015476	0.003101	0.023771	0.025484	0.010379	0.020383	0.001295	0.035791	0.026522	0.024314	0.004775	0.006926	0.004603	0.035795	0.011926	0.031971	0.032765	
0.026521	0.032435	0.003209	0.032285	0.026795	0.038547	0.035038	0.028494	0.034379	0.031962	0.003636	0.022181	0.004776	0.038559	0.017934	0.009965	0.021782	0.014582	0.019546	0.011300	0.005824	0.019371	0.021155	0.019343	0.000335	0.018156	0.011935	0.037804	0.014799	0.015264	0.020885	0.034180	0.023206	0.008789	0.003864	0.035737	0.007888	0.004187	0.015927	0.024836	0.006300	0.038383	0.033120	0.001130	0.026459	0.016680	0.004886	0.027366	0.009718	0.038545	
0.038685	0.009742	0.005630	0.014276	0.029301	0.000412	0.001794	0.023701	0.006469	0.016791	0.027320	0.012837	0.007171	0.019743	0.012854	0.032955	0.017148	0.004471	0.008802	0.007751	0.004801	0.016207	0.035791	0.005993	0.035926	0.022442	0.027461	0.023697	0.017115	0.035943	0.029804	0.023707	0.018349	0.017698	0.025407	0.030905	0.036385	0.026884	0.003209	0.024570	0.016724	0.022845	0.033538	0.023279	0.035237	0.028150	0.032677	0.003897	0.006765	0.036739	
0.003445	0.012521	0.037964	0.032442	0.034474	0.016855	0.034085	0.012277	0.011210	0.038443	0.029583	0.007934	0.024412	0.035959	0.026305	0.014841	0.030911	0.004008	0.002876	0.006401	0.036883	0.032471	0.003061	0.023964	0.000812	0.010599	0.020397	0.001907	0.038275	0.008038	0.034896	0.013700	0.011587	0.037511	0.003450	0.008305	0.009442	0.003619	0.035466	0.021696	0.005428	0.035881	0.032633	0.030041	0.017153	0.005197	0.039462	0.034956	0.019219	0.007006	
0.003400	0.027914	0.035819	0.038275	0.016714	0.007149	0.003187	0.003145	0.002432	0.013932	0.024861	0.000069	0.019443	0.027431	0.030177	0.028347	0.036106	0.001188	0.019287	0.017527	0.028574	0.037776	0.020643	0.006081	0.029877	0.009729	0.024212	0.037249	0.007087	0.027981	0.028091	0.007160	0.008515	0.011136	0.038474	0.042175	0.028941	0.004243	0.025169	0.023191	0.011822	0.014329	0.026403	0.010835	0.032676	0.012904	0.036172	0.007044	0.037442	0.007666	
0.032783	0.007465	0.029865	0.033278	0.010375	0.036125	0.023808	0.003177	0.012031	0.016295	0.024650	0.016826	0.033107	0.023801	0.024673	0.008289	0.006895	0.020764	0.030232	0.016195	0.014647	0.018418	0.036723	0.005982	0.000924	0.022951	0.024839	0.024008	0.014460	0.032732	0.021257	0.011180	0.023222	0.038765	0.003169	0.019264	0.028236	0.011750	0.025240	0.034592	0.009690	0.011620	0.014991	0.025597	0.002269	0.038758	0.018703	0.012406	0.033715	0.009254	
0.027348	0.015910	0.028733	0.001906	0.010101	0.022567	0.024383	0.019425	0.006379	0.029801	0.005579	0.034207	0.011754	0.014936	0.004716	0.025342	0.020226	0.020240	0.001986	0.038851	0.022023	0.001159	0.005369	0.010132	0.016098	0.036544	0.011254	0.038269	0.016757	0.016546	0.029296	0.018427	0.016977	0.019311	0.005333	0.006885	0.019083	0.033590	0.038065	0.001962	0.013574	0.037541	0.034541	0.035244	0.040793	0.030391	0.031670	0.008678	0.024710	0.015389	
0.029375	0.012494	0.027534	0.027873	0.022045	0.027150	0.029509	0.013877	0.023171	0.033906	0.009240	0.034406	0.023202	0.034749	0.023133	0.013067	0.036205	0.041633	0.001887	0.016375	0.016010	0.030026	0.005546	0.008027	0.003900	0.004771	0.004623	0.043040	0.001554	0.038985	0.024568	0.037336	0.026954	0.008795	0.009508	0.007196	0.002730	0.024123	0.017842	0.041634	0.026913	0.001784	0.000381	0.033425	0.033221	0.004185	0.035699	0.016621	0.007678	0.002096	
0.030907	0.035951	0.007691	0.023634	0.012060	0.000665	0.002886	0.022966	0.019445	0.017906	0.000384	0.033135	0.014830	0.018273	0.032186	0.002794	0.025987	0.006475	0.032421	0.004350	0.031183	0.011972	0.027575	0.011083	0.043158	0.009571	0.003915	0.029839	0.002840	0.029865	0.018611	0.019738	0.042095	0.039062	0.002043	0.022136	0.037664	0.013662	0.026057	0.022728	0.043548	0.027032	0.037617	0.007186	0.033854	0.027970	0.005655	0.004086	0.009387	0.013924	
0.018380	0.027332	0.035634	0.008318	0.020038	0.001348	0.035119	0.034750	0.005835	0.037486	0.018870	0.027332	0.026233	0.034467	0.029282	0.020666	0.002926	0.010374	0.019577	0.007309	0.030607	0.001374	0.005037	0.007150	0.016965	0.032072	0.012901	0.025075	0.022291	0.019356	0.020803	0.023956	0.025128	0.027827	0.028229	0.013821	0.014878	0.039003	0.002165	0.021716	0.031275	0.010121	0.007939	0.032742	0.008356	0.020758	0.015364	0.011121	0.035035	0.015659	
0.005293	0.009029	0.000459	0.023391	0.009248	0.030449	0.003989	0.012139	0.029287	0.014203	0.043256	0.041509	0.015652	0.010399	0.011986	0.029518	0.014547	0.016039	0.000855	0.015146	0.017671	0.022211	0.043141	0.031971	0.007585	0.011584	0.034097	0.025677	0.034718	0.040090	0.040342	0.024228	0.018879	0.020067	0.002994	0.010236	0.027124	0.026241	0.019676	0.014867	0.000907	0.022082	0.012557	0.034609	0.013003	0.026179	0.025784	0.007913	0.013774	0.033397	
0.021638	0.015717	0.000089	0.000756	0.030978	0.013551	0.024644	0.011291	0.011168	0.009543	0.020865	0.035149	0.018956	0.036239	0.004911	0.036044	0.010454	0.025384	0.021573	0.000294	0.012490	0.030976	0.033050	0.029401	0.024972	0.025764	0.034955	0.014689	0.003747	0.014980	0.023466	0.006409	0.018600	0.026282	0.012688	0.031178	0.004086	0.007262	0.020636	0.023622	0.013523	0.035237	0.023929	0.020056	0.017977	0.033055	0.035583	0.026040	0.010889	0.035214	
0.008243	0.003700	0.008735	0.013582	0.033884	0.028237	0.003084	0.000088	0.007769	0.002181	0.021446	0.026875	0.019932	0.040738	0.016196	0.010154	0.028621	0.028040	0.031675	0.028828	0.008701	0.036423	0.013357	0.023622	0.020892	0.031511	0.022153	0.015419	0.024704	0.012896	0.017761	0.005674	0.036944	0.003585	0.033105	0.034735	0.015594	0.025778	0.004213	0.014334	0.021673	0.026739	0.040608	0.025927	0.007811	0.002592	0.037467	0.003007	0.039942	0.030829	
0.018013	0.012682	0.023507	0.012394	0.002031	0.035126	0.038763	0.016397	0.013276	0.004237	0.031630	0.030982	0.026076	0.037078	0.001661	0.011221	0.010877	0.036022	0.004826	0.008357	0.022265	0.009059	0.019304	0.033356	0.007554	0.016207	0.033223	0.006811	0.005325	0.031200	0.008770	0.031208	0.007858	0.031424	0.024504	0.016280	0.020467	0.040554	0.031114	0.014394	0.029376	0.020958	0.033884	0.031324	0.018788	0.027753	0.014663	0.000551	0.013799	0.022869	
0.007909	0.037017	0.022214	0.012161	0.023015	0.000917	0.042730	0.036110	0.009740	0.034642	0.016930	0.006789	0.008780	0.012840	0.013909	0.025181	0.019179	0.021811	0.013968	0.006259	0.020775	0.044811	0.016810	0.025455	0.008631	0.011254	0.011049	0.015611	0.044029	0.025849	0.016172	0.012974	0.009462	0.008465	0.024663	0.022011	0.018749	0.004513	0.030169	0.044470	0.026348	0.040754	0.027786	0.008598	0.027007	0.019256	0.030019	0.011939	0.004346	0.015924	
0.031374	0.006668	0.014976	0.001835	0.015503	0.010351	0.010345	0.011355	0.023950	0.005345	0.034414	0.029180	0.032045	0.030785	0.011847	0.031602	0.031496	0.022188	0.030595	0.017800	0.024309	0.027209	0.033355	0.006265	0.015897	0.026874	0.000169	0.010348	0.018945	0.026922	0.012879	0.020250	0.023154	0.010031	0.024829	0.012035	0.029109	0.012273	0.019979	0.026252	0.035391	0.008480	0.019937	0.028166	0.030232	0.025672	0.009346	0.005924	0.021285	0.030829	
0.017082	0.032538	0.022125	0.008374	0.026649	0.016955	0.037028	0.031842	0.033663	0.027909	0.005020	0.000282	0.011589	0.007514	0.019315	0.012256	0.027762	0.027962	0.021757	0.001333	0.021689	0.020445	0.028362	0.036015	0.035873	0.027016	0.028424	0.011383	0.032081	0.001066	0.031868	0.028976	0.004128	0.012897	0.031319	0.029787	0.025190	0.017302	0.014630	0.004797	0.026582	0.000069	0.021599	0.010818	0.000110	0.016831	0.024770	0.012416	0.028593	0.026008	
0.001568	0.032278	0.018640	0.027508	0.034857	0.020254	0.034054	0.034943	0.029567	0.003544	0.030553	0.011267	0.012122	0.009932	0.011241	0.024299	0.002695	0.026535	0.003437	0.013774	0.003073	0.000884	0.034475	0.035218	0.033370	0.002909	0.021236	0.033413	0.021902	0.014185	0.017474	0.025797	0.021570	0.008986	0.022783	0.016536	0.024703	0.027328	0.036067	0.021703	0.011499	0.034476	0.016190	0.010748	0.020690	0.005240	0.031590	0.018699	0.023010	0.021178	
0.012017	0.031873	0.010297	0.013518	0.000551	0.011765	0.031815	0.031757	0.024901	0.020310	0.022070	0.010554	0.030740	0.027492	0.026432	0.030466	0.004112	0.016679	0.005146	0.027841	0.012553	0.013782	0.015184	0.017642	0.031276	0.026874	0.025860	0.008183	0.001718	0.008488	0.026855	0.027832	0.032969	0.033415	0.020182	0.000719	0.028824	0.026016	0.028868	0.007900	0.013523	0.015328	0.033253	0.001026	0.033012	0.029220	0.022025	0.029521	0.010299	0.027315	
0.016907	0.035507	0.015446	0.006563	0.000807	0.011114	0.002201	0.027593	0.005994	0.009963	0.031359	0.021620	0.002262	0.030943	0.009584	0.036794	0.014307	0.010581	0.030554	0.039299	0.015427	0.029681	0.025776	0.024026	0.013636	0.023794	0.012796	0.026684	0.013119	0.018518	0.016068	0.031425	0.026148	0.030713	0.013661	0.033845	0.015594	0.006432	0.009162	0.028839	0.018006	0.020182	0.018805	0.034931	0.011425	0.031261	0.035518	0.013280	0.018066	0.023784	
0.028152	0.000302	0.008860	0.020642	0.018246	0.001860	0.002657	0.026794	0.008693	0.021273	0.010720	0.010796	0.012704	0.034772	0.019429	0.033473	0.018342	0.018576	0.034910	0.036269	0.035144	0.010871	0.029673	0.027288	0.002498	0.013527	0.018271	0.030565	0.003808	0.011898	0.019287	0.005264	0.028268	0.012250	0.009566	0.034377	0.027252	0.015268	0.029246	0.015127	0.036908	0.033672	0.015918	0.023664	0.035410	0.033454	0.006773	0.030098	0.003325	0.033861	
0.035744	0.016892	0.016079	0.009933	0.010868	0.003144	0.034049	0.007811	0.041115	0.026823	0.037837	0.026434	0.031621	0.002022	0.044288	0.003843	0.014353	0.019047	0.000450	0.002667	0.037062	0.040586	0.000772	0.036930	0.009450	0.033087	0.023479	0.006239	0.020361	0.018753	0.023410	0.002321	0.016896	0.005135	0.008633	0.023720	0.021835	0.007754	0.043811	0.025699	0.003716	0.022073	0.040847	0.020660	0.004769	0.012157	0.036074	0.006886	0.035306	0.026558	
0.040131	0.031843	0.027897	0.027581	0.004298	0.031426	0.003482	0.025285	0.002929	0.005507	0.040599	0.005836	0.031072	0.040150	0.003743	0.008869	0.020185	0.022404	0.008220	0.029754	0.010318	0.017540	0.014701	0.032077	0.026639	0.003149	0.029244	0.015469	0.004265	0.024003	0.005383	0.004553	0.040248	0.008234	0.027367	0.034384	0.032731	0.032875	0.007946	0.029050	0.012264	0.025874	0.033352	0.006480	0.029375	0.017767	0.005460	0.021238	0.029705	0.007098	
0.023575	0.028168	0.012156	0.018265	0.014665	0.020512	0.031967	0.009352	0.021170	0.031796	0.029082	0.019450	0.009100	0.034401	0.013714	0.028166	0.026225	0.029429	0.012169	0.010529	0.035302	0.004338	0.029870	0.010324	0.029523	0.033825	0.023790	0.016014	0.007487	0.010277	0.021155	0.011555	0.018689	0.033322	0.037583	0.005948	0.001997	0.010155	0.020529	0.006104	0.027761	0.010481	0.037358	0.026006	0.021245	0.024611	0.021501	0.016402	0.020307	0.002650	
0.028699	0.008040	0.035996	0.029635	0.016592	0.018679	0.028274	0.014041	0.029092	0.021110	0.015982	0.023512	0.015934	0.033353	0.011935	0.030823	0.006903	0.034600	0.003753	0.021572	0.035324	0.017494	0.010066	0.026362	0.022222	0.011522	0.005957	0.024346	0.001896	0.023448	0.030697	0.011214	0.000982	0.035297	0.005717	0.006936	0.021842	0.024516	0.022155	0.035443	0.026351	0.031817	0.030118	0.009557	0.006254	0.022982	0.011318	0.001081	0.032284	0.026278	
0.005970	0.001842	0.041138	0.019223	0.030744	0.019142	0.001521	0.026855	0.022993	0.003251	0.025810	0.016227	0.027618	0.006830	0.018450	0.033415	0.021913	0.020483	0.039264	0.038982	0.032686	0.007504	0.008960	0.038963	0.018813	0.022832	0.018719	0.003855	0.036653	0.008946	0.038242	0.009357	0.022766	0.003631	0.035919	0.016191	0.023633	0.002438	0.011443	0.013854	0.011709	0.035864	0.035278	0.031437	0.035909	0.025371	0.003879	0.004184	0.016517	0.002780	
0.017204	0.028481	0.009218	0.008949	0.007577	0.032260	0.028536	0.022837	0.036504	0.015248	0.029463	0.036847	0.002047	0.012731	0.008221	0.012251	0.006874	0.012265	0.013596	0.019296	0.024031	0.027454	0.022845	0.024022	0.028137	0.018652	0.016902	0.009519	0.032802	0.025383	0.013765	0.025033	0.006999	0.030585	0.001837	0.011236	0.019584	0.019777	0.024475	0.022325	0.027907	0.012951	0.014887	0.029235	0.012375	0.029596	0.008239	0.037123	0.031334	0.030585	
0.030684	0.027008	0.022759	0.002293	0.022166	0.022192	0.013154	0.019022	0.011938	0.027326	0.011208	0.040224	0.006207	0.033659	0.027275	0.027415	0.011002	0.023195	0.011236	0.003282	0.003566	0.009904	0.031569	0.005147	0.013393	0.022997	0.011699	0.035130	0.029982	0.025988	0.033806	0.009611	0.024923	0.010343	0.012977	0.021530	0.025638	0.033767	0.039485	0.014427	0.014723	0.005874	0.013420	0.026199	0.019954	0.027673	0.006239	0.003008	0.035734	0.038050	
0.018021	0.027621	0.034605	0.031420	0.014416	0.000245	0.021297	0.005847	0.024012	0.012505	0.030725	0.022047	0.017405	0.007751	0.005243	0.001502	0.033739	0.021401	0.024089	0.027411	0.027645	0.013782	0.016653	0.013417	0.026149	0.019863	0.028943	0.033100	0.010316	0.011877	0.005891	0.023138	0.031285	0.007818	0.034568	0.033238	0.025483	0.008776	0.037521	0.009938	0.028304	0.017228	0.025576	0.028546	0.020985	0.001488	0.030624	0.008760	0.035196	0.002592	
0.029517	0.022713	0.002148	0.003723	0.029013	0.016894	0.008251	0.011982	0.032911	0.011416	0.005879	0.020415	0.029295	0.006533	0.038352	0.007199	0.007458	0.034899	0.018706	0.016000	0.020105	0.013869	0.022747	0.012874	0.038510	0.025891	0.030404	0.035933	0.022048	0.007289	0.027759	0.014376	0.009552	0.035345	0.013234	0.038315	0.007174	0.033391	0.020557	0.001899	0.036571	0.002127	0.026844	0.033862	0.027830	0.004976	0.031165	0.007095	0.026876	0.018082	
0.024489	0.036347	0.007534	0.018884	0.024910	0.031803	0.029724	0.016697	0.024611	0.041677	0.002794	0.010724	0.008819	0.026871	0.018597	0.013641	0.017841	0.023800	0.022644	0.033087	0.023046	0.002279	0.016962	0.009244	0.022273	0.001825	0.015481	0.023451	0.014649	0.027470	0.017822	0.014862	0.030137	0.019094	0.027879	0.004651	0.000662	0.015038	0.011903	0.016945	0.036454	0.003645	0.033369	0.010351	0.028889	0.015728	0.027311	0.030902	0.033138	0.029044	
0.033758	0.013370	0.031635	0.019935	0.029690	0.012678	0.010012	0.001084	0.024557	0.014991	0.032436	0.016512	0.031760	0.003007	0.025654	0.023390	0.010810	0.017506	0.015003	0.005067	0.018066	0.004465	0.006449	0.028269	0.029713	0.020743	0.030586	0.031545	0.026614	0.034279	0.031234	0.026188	0.011451	0.032420	0.025947	0.009609	0.004011	0.032355	0.007205	0.035491	0.014779	0.033425	0.032257	0.004303	0.028595	0.006860	0.019839	0.022200	0.009775	0.008473	
0.032249	0.031204	0.011604	0.010112	0.035367	0.020130	0.012055	0.025784	0.033770	0.029623	0.034872	0.022630	0.009171	0.029156	0.033587	0.026579	0.012794	0.031935	0.010684	0.011176	0.032910	0.033326	0.001618	0.015289	0.012452	0.035629	0.031012	0.004950	0.019514	0.010545	0.017817	0.003897	0.025153	0.017716	0.014946	0.033650	0.026889	0.007470	0.009094	0.002878	0.011888	0.001913	0.026878	0.029995	0.029322	0.016734	0.019117	0.016631	0.000782	0.025506	
0.022550	0.003596	0.031942	0.031068	0.004044	0.025894	0.033087	0.000530	0.016737	0.000483	0.034692	0.001139	0.018443	0.032376	0.015656	0.035726	0.015075	0.023107	0.004114	0.021118	0.007369	0.024447	0.025939	0.030312	0.027828	0.027034	0.023983	0.024919	0.030198	0.009861	0.031358	0.012621	0.023096	0.013356	0.029066	0.027290	0.001342	0.018926	0.010126	0.035807	0.007993	0.034639	0.009454	0.021786	0.023652	0.032872	0.010007	0.007817	0.012526	0.032999	
0.011657	0.024163	0.029370	0.033860	0.029768	0.033372	0.004685	0.029860	0.013603	0.013197	0.033634	0.031846	0.035130	0.030234	0.000176	0.009590	0.001021	0.019437	0.017463	0.030068	0.001784	0.028441	0.009569	0.022140	0.004660	0.016776	0.007159	0.011546	0.028400	0.009084	0.004845	0.025691	0.014045	0.032663	0.031273	0.021135	0.019565	0.004957	0.025093	0.029412	0.002372	0.017455	0.033141	0.024778	0.027773	0.019148	0.013728	0.024302	0.030322	0.026612	
0.032987	0.002721	0.028495	0.026797	0.015487	0.016989	0.009218	0.015050	0.008940	0.031091	0.027328	0.026023	0.021605	0.020556	0.018743	0.033641	0.012958	0.022937	0.025800	0.024050	0.024168	0.004524	0.029024	0.030201	0.018933	0.000279	0.033191	0.016853	0.023813	0.033881	0.031146	0.017841	0.025012	0.015740	0.012426	0.000409	0.024294	0.029132	0.027177	0.023873	0.003545	0.023870	0.027501	0.008710	0.017850	0.010447	0.029069	0.006208	0.009172	0.020294	
0.036335	0.002573	0.032298	0.011525	0.017493	0.000974	0.035858	0.011510	0.010910	0.027770	0.011663	0.031979	0.015025	0.019577	0.036486	0.008439	0.008066	0.003165	0.036875	0.029091	0.009120	0.031198	0.000331	0.036708	0.011757	0.016817	0.029936	0.009149	0.008146	0.021769	0.027483	0.022844	0.031579	0.032441	0.017054	0.002851	0.029054	0.037339	0.001731	0.023771	0.027188	0.010344	0.017478	0.029197	0.014228	0.037944	0.021796	0.008765	0.024022	0.020345	
0.035411	0.015343	0.030072	0.029618	0.017781	0.028928	0.003595	0.020853	0.030809	0.030959	0.004308	0.017039	0.031549	0.020754	0.028766	0.026757	0.030171	0.038976	0.032683	0.032016	0.023455	0.010301	0.027866	0.034153	0.033741	0.008604	0.011886	0.002550	0.014837	0.017664	0.012157	0.017666	0.020273	0.004909	0.015217	0.003476	0.021651	0.007742	0.014679	0.013339	0.036790	0.005758	0.025310	0.023728	0.003120	0.018615	0.015922	0.026596	0.019214	0.002393	
0.007624	0.029933	0.012162	0.011717	0.018348	0.008515	0.041956	0.018460	0.033438	0.022477	0.000366	0.018816	0.004091	0.012883	0.024098	0.009037	0.032907	0.011457	0.029428	0.023805	0.039933	0.034288	0.036687	0.031480	0.021638	0.025176	0.025395	0.012186	0.023970	0.011629	0.032887	0.026429	0.003929	0.022687	0.014030	0.038101	0.041023	0.013234	0.021384	0.032555	0.010759	0.024805	0.008652	0.026157	0.010236	0.008140	0.007373	0.007496	0.002635	0.013589	
0.027890	0.000571	0.014536	0.014245	0.006040	0.000721	0.015671	0.019064	0.006899	0.022358	0.001836	0.014002	0.021095	0.029913	0.033617	0.038600	0.004166	0.022479	0.013897	0.013477	0.034185	0.035128	0.007362	0.026344	0.013968	0.007711	0.028018	0.037238	0.037837	0.012115	0.034409	0.017938	0.024911	0.029470	0.025469	0.000433	0.023292	0.008643	0.010258	0.029054	0.031442	0.034561	0.022824	0.039046	0.017740	0.005924	0.032689	0.004927	0.027644	0.018343	
0.024054	0.006925	0.014064	0.020926	0.023974	0.036403	0.000585	0.036428	0.007248	0.005998	0.014452	0.035542	0.013754	0.009178	0.014463	0.002723	0.005211	0.011869	0.034140	0.024370	0.011298	0.005047	0.008828	0.036569	0.019527	0.023368	0.036498	0.029999	0.020105	0.020630	0.028642	0.015678	0.007906	0.006907	0.014543	0.035420	0.018796	0.024900	0.023099	0.013000	0.028298	0.003566	0.025576	0.013104	0.036330	0.030350	0.018963	0.033102	0.032107	0.035535	
0.040363	0.034301	0.017856	0.000581	0.006399	0.004438	0.037965	0.003804	0.016176	0.021613	0.040863	0.007586	0.026524	0.020480	0.010689	0.026610	0.002417	0.021214	0.008749	0.035865	0.039858	0.000874	0.041496	0.025398	0.031829	0.005797	0.005822	0.019555	0.033448	0.016592	0.005526	0.042511	0.013854	0.031897	0.038009	0.022529	0.024433	0.002154	0.006394	0.010107	0.004865	0.022744	0.019298	0.014558	0.000958	0.018382	0.039082	0.004412	0.039624	0.033501	
0.006870	0.018724	0.023414	0.025348	0.034426	0.029438	0.001811	0.017325	0.018871	0.004950	0.022531	0.029946	0.010162	0.009355	0.013685	0.023184	0.017877	0.005814	0.033959	0.023204	0.034669	0.025622	0.012411	0.003289	0.018617	0.037332	0.031905	0.018977	0.010860	0.017497	0.000720	0.030764	0.009063	0.020726	0.034430	0.013387	0.002260	0.033491	0.026369	0.027180	0.028419	0.035420	0.012930	0.019815	0.023082	0.028924	0.030129	0.026496	0.007438	0.006890	
0.012714	0.036773	0.020755	0.020754	0.031719	0.024272	0.006159	0.039512	0.005489	0.013418	0.017217	0.027560	0.030814	0.006554	0.020974	0.013924	0.026349	0.026760	0.016506	0.029639	0.002514	0.006452	0.033855	0.006966	0.005636	0.026852	0.020530	0.021870	0.035419	0.022588	0.035513	0.023008	0.032598	0.017169	0.032793	0.019462	0.002977	0.036826	0.021126	0.000912	0.008631	0.031200	0.031039	0.017752	0.025716	0.004829	0.013972	0.000574	0.025840	0.007519	
0.027832	0.017132	0.011599	0.033357	0.030454	0.013507	0.022660	0.011715	0.030507	0.020463	0.019637	0.022782	0.009372	0.032288	0.015368	0.020014	0.031201	0.011497	0.015852	0.030458	0.017950	0.010627	0.016293	0.000526	0.021414	0.022913	0.004818	0.007578	0.014903	0.000337	0.022100	0.024777	0.021976	0.032656	0.019483	0.001068	0.030529	0.022955	0.030898	0.030446	0.020457	0.026315	0.016301	0.001700	0.024545	0.028256	0.009473	0.027848	0.030047	0.033113	
0.003824	0.000113	0.016398	0.016120	0.037911	0.030166	0.015276	0.029823	0.009158	0.033132	0.036754	0.019766	0.032063	0.028074	0.012198	0.009667	0.009821	0.012636	0.005310	0.035700	0.036815	0.016717	0.036257	0.024394	0.037625	0.015651	0.012397	0.023204	0.037992	0.010437	0.024281	0.007052	0.017058	0.000142	0.000751	0.006797	0.015665	0.035244	0.029833	0.015771	0.024246	0.004456	0.033418	0.020298	0.012538	0.015986	0.036322	0.023115	0.025421	0.006208	
0.15
