50
2
-4.078753	-25.522958	-10.048507	15.141963	-10.140706	8.110184	8.999856	-7.633998	21.691354	1.242915	12.365922	-16.153129	-21.449704	-13.833913	25.958507	-13.660309	20.294782	22.693755	13.307576	24.583203	9.892508	-23.744812	-21.852061	9.363194	-11.128998	-11.474042	21.034575	21.095448	-4.198097	-6.921936	-14.362454	-2.706114	-3.559947	-19.622642	-10.645893	15.856238	25.524389	-13.511368	-9.368428	6.820023	4.855505	19.153279	-3.946801	-20.499432	0.850832	18.921339	-6.279237	-8.040057	14.360077	-8.264007	
-21.643012	-21.159434	-19.873705	5.201176	4.396103	-17.530213	-19.587307	-14.239671	-16.862105	-17.004809	3.898194	-4.728639	1.078573	15.800653	17.775674	6.407607	-4.340735	2.782925	-16.614663	14.559227	0.801877	10.677986	6.106998	-3.950239	-15.767783	-13.063600	-10.766887	-11.244909	-16.194473	-15.004211	9.742931	17.939465	-20.382652	10.753674	-15.182858	20.213675	-0.993321	8.647052	-21.643750	-7.079029	-0.366898	-14.447527	3.491636	9.572709	-21.045881	-15.582049	-2.924758	-7.265453	-16.648688	-18.714447	
-12.430493	14.722151	18.774747	-18.308183	-0.517547	24.760326	11.730551	24.315267	20.811635	-13.725805	23.370455	7.780337	21.287909	-15.564953	2.535433	-18.173088	1.884340	22.590617	-22.852067	-9.971466	-13.069499	17.615892	-20.946546	3.690238	21.929066	16.067647	2.749686	8.453940	21.135573	20.105033	-10.169976	2.364560	-16.241037	21.736560	-20.365691	14.788728	-8.025157	-8.180858	18.347561	-18.702071	23.589206	-19.299370	-21.821039	2.927675	0.490086	12.441516	-24.090412	-11.635213	-4.660666	21.484813	
-21.288345	6.864082	-4.572180	2.871725	-9.978801	-7.218657	24.644529	20.967642	26.860662	18.622863	-19.634027	-17.042942	2.990535	4.054232	26.798472	-0.441508	-12.780174	-6.984275	0.628743	-12.889984	-12.006125	9.559615	-16.932231	9.077848	4.788831	-7.177098	-16.335235	11.577312	4.711956	-19.361365	1.991356	-0.383735	6.850006	7.490723	14.689141	-1.319296	13.173481	-9.107347	-16.132333	21.972991	-9.637649	-10.391507	22.281399	16.545022	11.421306	-1.326468	14.299329	-18.143021	-10.882289	9.044507	
-0.101299	-1.287653	19.422590	5.008804	-17.856560	6.068240	-0.550488	-1.978751	23.435754	-5.752486	8.842395	-14.980320	6.427464	5.377210	4.090740	4.151133	-3.937125	12.303525	-5.278985	-14.611836	19.464773	-20.445929	4.213651	1.513784	-15.258091	3.157247	-22.199179	6.247994	5.475423	-15.971807	15.607864	11.188905	-13.688949	-19.745840	11.725762	21.102240	17.276900	-19.463307	-21.554166	-3.683073	22.134975	-1.102117	-12.764926	10.059455	-24.278436	15.041692	-8.576454	-17.001255	-14.392565	-21.295623	
-9.693923	4.669060	27.392485	15.807106	-17.518034	-2.753751	6.348622	26.109926	-12.729561	-7.499310	-6.728327	28.622871	6.933620	-5.237666	7.471379	19.601241	-16.118287	-10.646170	8.661403	19.242617	7.166106	-30.976890	-20.319206	-11.341829	18.600998	3.284274	32.148192	1.796726	-11.790120	21.456815	16.362984	-11.713256	20.400366	-18.467967	-18.746564	0.321649	19.333685	-24.434369	-16.233309	15.611423	12.679989	-23.077930	-21.419364	22.113261	-12.762014	-7.728317	-0.529594	-5.937605	4.300581	-12.376435	
-11.434403	10.750498	10.684845	9.683869	29.352388	17.919923	-6.440889	-0.751718	28.455325	-25.009007	-19.744372	25.587533	18.647868	19.937470	-1.286562	-28.104527	19.790865	20.834659	-0.244061	-25.925823	-3.319183	11.061112	28.931857	14.265090	27.867717	4.352072	24.690204	-25.784333	-25.353304	8.701643	-7.805754	-28.774789	-22.371690	-4.721009	2.513917	-27.157875	1.609716	-14.514383	9.118793	7.643352	-22.674814	6.110166	28.649075	-0.410652	-22.010374	-8.205396	24.322273	-20.745326	-9.222045	17.331166	
17.821488	16.629913	9.880924	-6.087510	-16.410489	-23.143836	17.474736	11.213672	-24.014664	19.242521	15.043592	2.911634	10.226931	5.211912	8.522741	15.075063	20.138286	-2.628669	21.010536	2.867517	6.170835	4.234081	-1.431984	22.610695	17.917143	15.688631	0.848106	24.036575	13.026036	5.991829	22.342218	6.365964	24.128721	3.933021	-4.897854	-0.599686	-17.154714	-16.871763	-3.923463	3.968649	-2.636443	-13.400837	-9.222029	15.874602	23.351448	22.508058	6.809216	-23.899528	8.753080	-24.368006	
-12.092313	-28.787506	3.949769	7.026169	-12.383100	-25.604666	20.930415	30.835365	27.361926	20.118230	6.148234	25.107029	24.294164	4.477469	25.642571	-2.992285	-4.312055	18.819503	9.538739	-27.166800	-24.958882	4.220443	9.753925	-0.189225	0.603172	-15.335974	28.691873	19.048459	12.983014	7.206444	7.074098	15.273798	-12.209721	7.439056	4.523579	30.528769	20.863015	3.786014	-17.989157	-22.645466	-1.131354	-10.731207	10.821193	-5.307953	8.265309	-22.530793	-21.859222	-11.145291	29.777457	16.588516	
-22.556481	-19.815064	-27.110714	11.023286	28.575789	-21.460640	-19.197217	3.729377	-2.157088	-27.599357	-20.892091	13.141673	-1.754549	-24.877991	-19.059462	-22.597290	-22.085862	-25.225558	10.329735	-26.485936	3.781609	-3.390785	9.778635	-8.257792	27.961374	22.374117	-26.598858	-17.430517	-10.868258	-19.463586	8.374629	18.696354	-3.675143	-8.688959	9.054967	-12.915845	3.257360	29.760013	8.040070	-18.822990	8.229141	-16.205324	10.765229	-21.015758	12.067563	22.492794	4.140957	-6.504076	8.297800	22.877933	
22.823423	0.826690	-7.506708	-10.399435	22.348034	-1.915680	-21.046638	-14.960870	-1.071561	-2.784062	5.169171	-20.491354	16.881718	15.112314	-3.470657	-22.538582	12.680152	-19.448425	19.296378	-3.359870	6.656332	-14.465726	9.076006	16.148425	-2.683217	-20.044493	-13.553952	21.695081	-20.502263	-4.254989	-15.634576	15.793887	8.219133	17.836045	18.225277	-22.829888	16.019557	18.235297	-7.226153	-8.396949	-19.588203	9.661237	3.263837	-18.496723	-10.147381	-20.598142	19.800695	-22.882650	5.692009	6.594236	
14.610273	6.940194	19.230658	-17.241272	-20.147446	-13.327645	-13.093268	7.766009	-7.401554	-9.526244	20.978937	-18.167310	-20.160539	21.664732	2.123402	-11.243144	-19.018132	-7.544862	9.863128	-20.683229	-8.444726	-14.420156	-14.282429	-4.379394	-16.523986	-14.510055	9.616173	5.328096	5.634098	7.845710	0.475123	13.985256	-6.124589	-17.139562	-7.081787	-0.669610	1.177014	2.278767	-20.548016	-9.533081	6.817776	4.274432	-4.831634	-5.013995	14.925943	18.905411	-0.400229	-2.958259	13.943721	-21.316716	
-7.512322	-13.492517	1.859186	22.529352	17.159057	-18.559650	16.523906	-19.142081	21.740516	-1.862681	-18.192309	0.500799	-13.049351	-22.509129	-5.319466	7.192160	-5.534078	-11.714672	13.382000	10.643915	-13.557252	-20.878123	10.241681	-5.478464	-12.270495	-3.663513	-13.373913	-14.539252	-8.408254	-17.017193	-18.259284	7.187432	12.442728	-10.557104	19.281571	0.173285	-8.465213	-21.598318	-15.175970	-9.532807	-22.134253	-13.776963	-2.304046	-16.971439	-8.953544	-12.250144	-22.248967	12.815981	8.960949	-14.958698	
15.232686	-1.322960	24.158512	-19.172207	11.328618	-13.476437	21.546322	14.975252	18.793514	-5.919701	-15.889824	8.030616	-19.350564	23.210587	-5.329127	-13.539611	-7.907724	0.229586	7.798770	-24.074126	-18.502685	2.249345	-5.224055	7.439421	-25.459442	-21.646077	-13.896795	-13.508611	-25.015910	-24.492628	14.706878	17.143880	18.328798	-5.662026	4.039321	18.199593	8.355539	24.495680	-18.398669	7.308093	18.111799	7.543636	-7.423759	11.662619	17.126314	10.243174	25.842017	4.645412	-9.247647	8.372324	
20.526110	11.599130	-24.309172	-20.468328	12.858915	-8.891398	-23.850309	18.881195	-11.053993	-18.645923	-9.310346	-24.756535	16.764090	-11.985460	6.598876	12.428670	5.000711	4.638423	4.582843	21.160368	22.768306	10.544273	-6.185553	-23.511783	-21.268725	-22.431038	-2.298711	-0.864393	-20.613871	18.447696	-2.355312	28.093871	-26.932562	-20.907753	-18.995977	23.220296	-27.747150	7.310097	-28.621230	22.185606	15.152300	5.493856	22.726617	-7.142252	0.279447	20.653319	-10.088303	-20.593591	-26.478782	9.002160	
6.082679	32.225067	-30.699509	-18.494355	25.270294	11.715851	28.931612	16.171964	30.565968	-21.444650	-25.782452	-18.244860	28.691271	-31.430984	-16.663196	25.666296	5.042332	-21.111899	19.021792	-21.458218	-1.523541	-0.644351	28.532871	-14.088557	11.596045	32.602212	27.614162	-14.615930	-11.670732	-23.737888	30.963206	25.298518	11.714246	25.540246	30.004773	15.109435	-21.353241	-9.042395	5.304222	-11.872035	19.913342	-21.052953	-26.555023	32.569208	1.573430	5.285857	-16.405321	2.607619	13.182628	-9.019543	
-21.128584	18.865411	-18.779442	-17.424353	-19.567107	12.309523	-20.718481	9.884714	-9.672129	8.374087	-12.617484	12.473371	-14.112455	24.732321	20.521701	-12.673203	4.580331	7.138669	-14.612080	-0.404684	18.852177	-9.845227	12.928859	24.725819	19.117864	-1.856807	17.911493	21.751540	0.062849	9.966280	-23.875545	-13.295099	-9.597701	5.617653	1.423790	-11.173328	-5.607750	12.215635	-14.288854	17.247825	20.586972	-2.504790	8.390336	-2.967969	22.663438	6.205144	-6.944379	-16.560834	24.810058	19.704703	
-22.648279	-17.475013	-24.445202	19.273781	12.485247	12.164906	12.165552	-3.100991	-5.948045	-12.667181	-4.852293	-27.580272	-2.822093	-6.562010	22.316114	13.718631	9.882703	-14.320257	-9.523505	2.948643	-26.861768	-11.519944	17.634317	-3.243286	6.602711	23.386173	12.808895	20.735288	0.557195	-26.731508	20.156858	-20.843321	27.501698	-0.058354	11.115855	9.317495	25.156650	26.118970	14.303973	-22.871708	-21.035993	-18.481541	22.438291	-12.659122	-27.056710	22.464216	7.551548	11.217842	11.061747	5.342175	
-2.888648	7.839434	5.102180	10.352438	19.194848	-21.512998	-8.028025	16.758689	2.505985	-21.949577	-18.097944	2.119796	20.516370	-19.169133	18.584937	-0.718093	16.205293	16.831128	12.628708	21.190884	13.671127	10.218634	-9.443652	-0.212012	-0.067664	-5.105072	-7.707097	9.959097	12.578213	-4.096295	-14.642078	-0.316924	10.560002	21.571760	20.020916	23.349587	15.365221	2.304109	-6.066586	23.963202	12.143345	22.261980	-21.668140	18.679319	2.990178	-20.818068	5.328969	8.531535	-22.500558	7.838689	
-15.318751	18.650559	-8.624257	17.228983	-22.418015	0.365753	-10.190736	-12.138424	-14.265863	17.043044	-7.725380	3.338005	-18.446533	3.499040	21.890038	-1.854737	-16.758967	18.576567	-12.335849	-8.355220	3.435809	-6.604412	-12.828151	17.105732	-22.238891	-17.393506	-6.515035	-11.977138	-3.504103	-22.412647	-3.139377	-2.347293	22.078303	-0.581148	-14.807295	5.199761	-17.563111	9.983761	3.091992	1.410762	11.286142	8.381234	15.088876	20.944077	14.307983	-5.701498	-7.359810	-22.362249	9.825778	2.711128	
21.984288	6.125337	-16.305225	7.713958	13.707331	9.944686	-13.584358	-18.099114	5.868798	3.144760	14.189987	-13.618743	6.172810	14.328770	-1.504954	-18.722798	-22.870154	20.832313	16.386231	-14.741272	11.155286	-1.299559	-1.469378	2.829212	-22.779413	24.792226	-22.497669	-6.640557	-24.898845	7.321480	2.290125	-1.013277	-1.734533	8.564115	0.477669	-9.279184	20.144178	21.528212	-12.081091	2.088247	-17.751728	5.486306	13.374873	4.206366	-20.929077	-14.657125	6.816267	-18.037497	8.425320	11.487396	
-17.285667	12.771611	-3.597813	-15.945093	8.041262	0.565763	8.104453	0.763581	-6.028298	4.312615	2.171586	4.190564	5.115917	-19.613304	-18.182551	17.649267	-15.521379	2.791869	-9.918107	17.803334	5.320270	-13.333373	12.065277	-14.024077	14.757981	14.669145	12.014094	18.364310	8.623531	-17.053512	-1.166190	15.312949	-0.764000	18.143462	0.729112	16.977758	-1.924283	-13.160884	20.205846	-8.740753	16.187783	-1.909687	8.642376	-7.948121	-6.003563	-6.088502	-2.181220	0.874608	5.128891	19.768772	
1.455973	4.393996	-21.275177	8.434941	-5.025035	-14.886722	12.780614	-0.929379	10.524039	-18.714481	12.838856	-3.647408	-1.352201	19.345443	-17.293050	15.269916	18.045936	-16.532821	3.932480	-13.056960	-3.962651	3.102025	-18.212290	13.936201	0.963966	0.510448	10.709869	-6.406808	13.764689	-2.675311	5.225686	-9.662651	12.597243	9.139271	1.567147	21.945851	6.438635	17.055204	22.106879	-10.100282	-22.438420	-10.565304	4.279894	13.235668	14.784016	13.608902	10.347663	-10.564293	-5.098755	7.392685	
11.604242	-12.221746	18.005698	-23.544092	-12.418485	-24.320500	7.609840	-12.369149	-26.962108	19.213069	1.902362	25.619310	15.445994	-16.994290	-24.849816	-19.559216	10.413184	-28.156996	14.662139	-20.032869	-16.244416	-25.926056	28.595558	25.258735	3.898869	3.027256	-27.520492	13.581397	13.679581	-0.993669	26.188546	-4.298046	21.673150	28.032487	-7.418366	-22.443429	24.496101	12.059180	-14.674453	3.535482	-25.544898	-28.273242	-26.699639	8.101297	-28.994794	-7.881113	-22.508108	-1.778064	-28.046490	-24.868378	
9.252208	23.097155	-4.974032	22.486503	-16.886928	-21.842384	-5.309147	8.504018	-20.902202	-22.418909	1.447751	23.881896	16.016265	11.361286	-15.945582	23.549536	-18.036843	-9.245503	-22.124773	-9.699095	23.033747	18.775782	-13.757474	9.898057	-5.817588	4.633248	-6.470385	-15.573336	-4.032693	5.906017	-16.707650	-1.398277	-10.876554	-0.140617	2.622493	-16.381516	8.658489	6.289211	13.640666	12.866400	8.598715	-11.642265	12.548251	14.011410	-4.926950	15.231285	-23.579921	18.549074	-19.944067	20.762490	
1.017591	-9.649998	-2.314364	-26.238847	0.307882	-1.613509	14.958453	6.984204	-2.037410	21.207502	-18.519024	2.770576	-7.850477	-12.553049	-10.217810	5.062944	2.847172	-20.438851	-0.715050	15.652741	14.493696	-2.839878	-18.632058	19.843331	-16.800137	-15.180295	-9.044120	22.548978	15.349258	14.689179	-11.832332	-4.522262	16.167454	4.213764	-25.994088	11.372918	1.534009	22.670625	23.998187	21.912506	-10.984831	-18.912655	-10.301522	17.574583	16.985764	24.582957	-9.785086	-5.414064	7.552459	10.056793	
-16.877108	17.983241	-5.375735	10.054737	12.223589	20.833512	-10.316714	3.378002	-10.594984	-1.192876	-3.623177	2.878026	4.809910	15.383300	-2.213116	-18.395576	-4.327890	19.044550	4.466830	-14.167747	8.100696	11.077495	-19.972669	-4.828284	-5.356657	-20.556376	22.374789	-12.581390	-9.888232	-19.672296	22.616450	-19.523851	12.660245	-8.807505	10.553722	3.451352	12.378629	-22.546755	-22.395354	-17.474325	12.548853	-3.081305	7.274971	-17.387995	19.598295	19.762142	-0.714268	22.071986	19.805605	23.825337	
21.287156	-16.049111	-24.373164	18.873226	-7.505241	7.527194	-14.258296	7.815140	-16.219149	-5.741443	-15.208189	15.991197	15.866418	8.264961	-15.960858	-22.626993	-7.120245	-7.937338	-0.954485	-17.815948	3.549690	25.265013	-21.963260	-20.178667	8.882852	-17.355772	0.101727	-5.733755	-13.028163	-24.464795	-24.651290	7.703708	3.927462	-22.945121	-23.381387	9.820074	-18.614587	-1.038119	15.352722	-19.673432	-20.976904	18.849735	18.415344	14.429120	-19.247680	15.772882	-16.237756	-9.315074	-9.129794	10.726278	
-13.953032	10.842857	-17.036275	-12.093748	-17.086764	-13.513686	-3.797805	-2.546980	-8.409356	-15.753566	-5.750610	16.398867	-12.879903	-3.726788	-6.242270	16.257283	3.694370	1.747315	4.433832	5.527392	10.566030	-11.056733	12.372391	15.633148	7.037291	-15.572989	-14.689868	3.681515	0.188028	-17.748566	-14.017646	-0.802699	-14.768978	10.468278	-3.694078	8.051903	15.198939	-15.026131	-14.774470	0.757705	1.551393	9.859761	-9.704633	8.192542	16.431435	-6.469037	-7.807906	-5.618971	0.069767	-0.926208	
-11.585319	-23.170691	11.135431	24.820030	-27.021493	8.586455	-28.979022	-5.238319	6.874534	-9.453086	27.499490	-9.331276	2.281804	-25.732758	19.548840	13.086982	-21.631050	2.434692	-0.029050	-23.395341	-22.157603	28.249165	9.890584	-13.175498	-13.418329	-20.939643	-10.511143	27.600282	29.653363	-17.766479	-27.315356	5.751623	5.943445	-3.532111	-6.679873	13.617643	26.503371	-28.966186	-22.420557	26.451844	3.755374	-21.949007	-20.264372	1.569893	-13.314949	-11.424420	11.544575	-2.517085	0.421097	19.261429	
-19.428907	-7.111589	-4.272821	-0.054440	-13.218662	5.047649	8.007417	20.162251	-19.640544	7.466422	-1.292158	16.372010	22.115741	-2.800311	3.483280	14.950042	-0.166819	-14.024138	12.066264	13.956202	13.571398	16.315974	-8.629900	-2.043253	-18.900441	9.259220	18.428111	-12.749020	22.724145	-5.625501	22.714448	3.656370	8.305011	-15.776462	-13.878407	-13.510809	-10.891603	-8.813532	0.343416	-21.529215	20.367518	-2.002761	6.689601	19.112423	12.797564	18.821083	3.497484	-1.590711	-12.749620	20.759619	
18.195139	6.067954	-21.111425	-11.751260	21.204618	19.964147	13.392062	24.397983	18.778663	24.233077	14.321539	-22.745253	-9.512161	-21.990986	0.068663	2.628253	5.737321	-12.854198	-0.449134	13.292157	-14.166862	-15.929612	13.556136	-17.870619	-23.542410	-18.658445	19.827283	-7.598921	17.503244	5.186391	24.004506	-23.214748	-20.828838	0.720031	-22.521214	20.709191	-14.666671	10.374173	-21.409466	2.340656	4.422058	-23.577053	0.730992	10.457764	-13.978156	-10.725252	23.351060	-7.466215	2.828264	7.455345	
3.586046	-20.666311	-21.581718	-2.161487	5.981746	18.926531	4.246214	2.452082	-24.098347	-8.297675	-13.155973	-14.905061	-21.015352	12.454646	13.741622	-24.421261	18.702301	12.915549	-17.387062	20.091499	10.436942	-7.165210	4.615191	12.965442	-3.912809	-10.113498	-23.625190	-10.858640	-20.735154	-15.717923	24.948383	10.845378	-25.469401	-0.283863	6.965522	-22.701180	17.807444	-25.846709	-6.870588	-1.099623	-8.405639	-18.104257	-24.717295	15.629818	-22.975543	14.961053	14.718017	8.906015	2.834931	0.305982	
0.949256	9.519518	-3.921526	1.580963	-6.482376	-5.115732	-5.575923	-15.114196	0.681521	-11.092009	1.675567	1.595903	12.814204	17.137148	-8.517951	-9.786684	-3.340507	9.531951	8.183708	-0.657138	5.556874	2.077329	-0.141717	-8.941582	-18.638506	-13.129163	1.797634	-11.826188	-3.173055	-18.986926	13.125675	-5.643739	15.006530	4.832226	-2.556384	-16.046039	1.977410	-2.049338	-17.728747	16.432590	-13.091135	-18.924137	-11.252214	-13.035929	14.327450	-16.575966	-2.906696	15.498256	-11.167608	0.986592	
-23.409856	19.670740	19.100818	-19.064238	21.611907	-2.144180	-20.853481	10.386694	-15.339222	1.089456	-1.273377	15.209626	-4.466687	-2.551141	-21.297529	-20.394749	2.761362	-18.590705	7.188836	16.263605	22.919630	3.780490	-3.630178	-11.725798	-2.189476	-22.435017	-10.972391	10.873127	7.435865	-10.631884	12.346286	0.132300	-9.439042	-24.872094	-22.998018	-2.681520	-9.636163	16.615781	-22.807736	7.911043	-19.389292	-17.511872	15.073057	23.496524	-8.802735	7.245194	10.185869	-5.199787	-4.814809	-15.071469	
-28.094608	5.240327	15.400915	-10.505687	8.684524	-18.832931	-8.165502	-17.945910	2.671103	15.345069	-15.407045	11.812245	4.465199	-5.363482	28.526465	-21.336497	-26.526299	-28.879120	3.750623	-9.961760	10.903820	14.924185	23.578050	-20.129762	5.339425	14.505337	14.161987	-11.388126	-22.544932	29.606536	-11.864970	8.463531	9.218248	-19.732816	0.453980	14.437582	-0.348790	-15.736349	-6.166486	24.492601	-21.929341	4.615478	-12.665636	8.718284	-29.563195	4.661613	20.591962	-2.990542	-7.561987	-25.876418	
-1.830344	23.338713	23.946557	12.216736	0.761404	-22.456001	-13.284859	14.612513	-18.101861	-10.215927	0.474654	-14.042633	9.121470	3.533883	-15.537157	-17.182758	15.524384	23.952310	4.968660	2.733760	-7.256138	-19.117949	-19.758724	23.960703	-6.694285	-13.690552	-6.655372	-20.342459	9.618776	-21.476410	-12.008070	-23.777029	-8.484586	-21.428826	-19.634057	13.980194	3.774665	-7.253755	-17.958648	-15.375564	21.137345	5.742035	-3.840566	5.305181	-8.546773	-13.478622	-19.754376	16.635764	-8.206401	14.132970	
20.433885	16.922720	5.120021	-16.169774	16.524340	-19.185851	9.778240	5.793039	0.289052	2.038395	14.184544	19.210655	6.658095	4.024491	-6.571603	23.520171	-3.165184	1.923652	21.000275	10.522129	8.208326	-20.357460	-6.865801	15.741095	5.378053	-17.522509	-23.091377	-11.468866	-0.407206	16.463077	19.792231	-11.152911	-16.399366	5.216557	-19.939367	4.732859	-19.103232	-2.710430	18.853655	-2.846044	-23.460802	-17.127832	-20.687719	-19.084261	14.839418	-4.530923	5.028258	-14.112209	9.168255	12.232414	
3.493827	-19.515488	14.526890	6.003864	1.862708	10.251436	-20.683407	-4.560314	-7.368322	-16.563791	19.865716	13.628934	15.609734	-20.118686	-13.695365	12.783604	1.895508	-19.781542	19.189184	-6.082375	-5.403094	-5.951876	-15.791872	8.072746	1.844272	6.052305	-10.477459	3.245790	-19.181908	17.236682	-20.515646	-12.141010	-16.408906	-2.548505	-4.942413	-16.106382	20.915871	16.709599	7.977833	-0.187768	-13.590709	-1.354995	15.424783	20.478495	4.547137	-1.980131	-4.945400	-18.607119	-16.213697	8.044070	
-2.714562	-21.931788	4.606960	-13.497337	3.403153	-22.103271	3.021861	-20.769249	-1.819417	-10.227953	-10.692986	-2.840879	7.854732	19.555633	11.377110	-7.109729	-3.735332	-4.047034	11.420797	-14.377579	9.900738	-15.764355	-19.372898	-19.418733	-2.143496	-11.990325	13.870860	19.814326	-10.098432	-16.920868	-18.787390	11.554814	7.028035	-18.919442	-17.554739	-1.130940	-2.222708	-5.069929	12.881727	11.198586	12.252720	-19.028245	-13.182684	10.235534	-21.927130	21.886261	-15.673983	-4.929276	-7.857956	-18.866266	
21.656308	-1.814362	-17.361858	20.023243	-15.301813	17.492372	3.388719	-9.739290	19.987802	-10.087939	11.121457	20.375143	-10.826617	-11.849590	2.770832	19.401612	19.292032	18.395135	-7.715460	-2.799439	-6.756518	16.765777	-11.086939	20.538997	7.953533	-1.896599	22.539878	18.637007	2.051332	-16.731618	-11.528332	-0.587654	3.260780	-17.393801	19.246788	0.906484	6.102112	12.325675	-16.497885	-9.809950	-15.917693	11.134860	-11.636298	6.156468	-6.347270	-0.412506	-20.241820	-6.072166	-9.800490	11.384690	
-7.518758	27.520755	-27.792101	-21.117158	8.074754	-17.355047	-5.160915	23.707356	23.948044	8.399048	18.907354	-20.081037	-23.816845	20.545228	21.437870	-24.050510	-14.848890	-18.995973	-7.189938	-20.824606	-11.132441	-18.137347	-10.369913	-15.367913	-15.195177	25.194711	25.124676	27.717782	-25.021354	-14.896759	-11.520096	26.092845	-9.603102	8.388946	27.823103	9.772599	20.431845	-16.343052	-10.599535	-14.567119	-20.268384	-10.879344	-14.065520	0.328084	19.996495	17.035330	-8.804935	-3.698682	-3.851611	-11.829949	
6.632675	18.349095	-19.970310	3.342443	-7.720293	-8.318993	6.810628	-1.215244	13.555038	-19.826180	-6.272980	13.228912	-12.815707	17.950207	8.766374	-17.955762	6.771499	-1.092382	-14.008502	11.061183	3.640386	10.263681	1.423705	-5.932371	12.852198	-6.082575	-19.754598	-0.122356	-19.358379	-11.338585	-2.150524	-14.175746	1.403551	13.007840	-15.664570	2.251230	-3.787466	6.601644	9.609813	6.966819	0.232438	-7.466654	9.272638	10.956264	-9.239860	-15.342258	-15.820860	18.343528	0.802402	19.109011	
-24.612146	-21.071215	10.506259	19.350930	10.710601	12.924615	17.212448	15.443141	-10.830405	-11.068253	-16.646713	-15.649335	16.419309	15.642626	-15.920736	-21.107047	-11.686991	-14.231168	15.222916	8.148980	-25.455074	18.122032	-11.147032	-23.308588	20.131861	-6.700386	-5.440331	-14.883392	-20.018352	16.551727	-16.243284	4.106085	8.340668	-1.941927	3.337485	24.524045	-12.978364	2.237008	-25.682187	-8.036417	-21.620007	-24.160402	-14.821601	10.140125	1.905300	5.541405	-24.657864	-18.419640	18.555709	-20.335223	
-7.347723	12.023667	-7.366465	10.078540	-10.448989	12.371254	9.705035	26.905808	14.167951	4.401050	-17.637743	18.023974	-2.078558	-0.958177	25.615894	-15.083170	-19.733317	-17.121387	17.749767	4.474718	6.038104	21.241311	3.025708	0.806415	-1.837172	3.759575	-18.482374	-4.414943	-3.939320	0.931950	23.342617	26.350543	12.258562	14.807061	26.749667	-24.856923	-21.567609	-19.790391	22.190909	25.390683	-18.294217	3.061900	3.860029	9.415737	-10.958519	-17.945446	10.110088	26.923544	-12.162434	-18.527191	
27.233194	27.046463	-13.988677	-2.478928	-18.049481	2.929089	-23.061935	12.107259	18.577230	6.901420	8.177376	-22.066255	-16.586705	-24.437311	-11.153876	-22.828112	5.476247	17.702353	2.893343	-15.505309	-5.944952	-13.505213	-12.676326	-17.431592	12.302618	13.917424	2.760961	19.686844	23.018701	13.915373	-26.405800	3.049422	-9.613445	21.439504	-12.713590	-16.977910	25.587007	1.859998	-14.669799	9.579496	-22.784220	24.533863	11.134935	15.542984	-27.184751	14.621653	-23.028416	-19.258953	-1.684238	19.268098	
-16.932934	-2.552848	10.163007	-16.609951	-21.206625	-25.172996	-0.472726	5.178307	-6.144933	-14.803567	5.438816	12.764572	-2.582529	-16.493242	-15.949372	-3.057823	13.891507	-3.220619	22.946558	-0.831335	5.467663	13.537219	11.149148	11.299397	-20.771110	4.753608	6.776589	14.156364	3.192439	-12.149282	7.406291	-15.574809	19.161024	11.696715	19.024796	7.335209	12.725097	0.813483	-22.549460	-3.445059	5.266312	-25.496149	25.026727	9.828824	-16.084030	-9.978887	-25.867070	8.926711	20.500771	1.339211	
-10.989212	-18.865639	-11.989529	4.040455	-12.059837	-14.816258	11.068946	14.075402	-2.240150	5.792664	-4.108262	18.598267	12.817649	5.761973	10.866743	-5.561645	17.225810	-5.999964	16.924569	12.343827	4.668592	-16.225192	-14.898562	1.303198	13.163187	7.663773	2.918566	18.757654	-8.822798	13.574325	15.591720	13.322289	-11.176894	-6.346211	-3.354227	-10.781016	-13.271098	15.383188	-8.784281	8.182683	11.430877	-16.672914	-15.518897	-6.048705	9.124419	6.183888	-4.975327	-0.129952	13.582868	7.348813	
1.097272	-2.509690	10.140392	-21.822310	6.287973	-4.275106	6.197611	-18.211584	-18.510457	-17.696876	13.220202	-3.768901	10.949968	15.421361	-4.805547	-9.098027	-6.954610	-1.785997	-22.284649	3.461945	-0.550215	1.119219	-9.439048	2.160758	-2.113559	-9.669437	12.542021	-0.436201	-16.214741	9.524384	-17.101355	5.379374	-9.288106	13.223902	-7.927543	5.879514	-22.161691	-17.738536	-1.066978	-0.988688	3.560982	11.941916	-21.765295	-9.093147	10.391744	-3.164607	-2.409784	1.669760	-20.484054	-11.681067	
13.227332	17.080794	-9.511044	-19.665544	9.195687	-11.479035	1.069464	8.160984	17.384758	4.622957	12.980587	-4.673276	3.224100	-17.341539	19.212160	4.133474	-19.158569	-15.136797	-12.961250	2.922321	8.839401	-0.246382	13.522617	9.570876	20.639882	7.826162	-7.363242	-16.390522	-3.341391	0.963226	-3.881426	13.450873	-18.320817	17.519373	-19.739453	12.971334	2.109459	13.246092	18.454678	10.263786	-0.761373	7.868466	13.296597	-11.485087	-2.147098	19.200941	4.503954	0.819359	12.790309	-14.936899	
23.736953	-11.125634	-24.730664	-7.693969	1.343584	-16.330083	-8.496070	-23.877421	19.563877	22.655396	4.089883	21.040399	-5.015866	18.259452	-10.512120	21.146913	-3.887239	5.780445	-2.195844	24.740355	-10.943207	16.404014	10.651206	-12.797906	-11.406707	18.982208	-4.066428	22.707608	-11.959452	10.632186	-20.010729	-19.153433	9.995161	-24.698150	-4.547784	-24.147412	-11.112894	3.270253	-0.302589	-22.824947	-23.283179	-0.748627	0.917588	20.303245	-22.332811	21.634287	22.438269	4.695939	0.885551	11.663229	
-15.271015	-3.283693	6.989876	15.926608	-4.554001	-14.890754	15.751754	17.183503	-5.133974	0.874090	14.897087	-11.747948	-17.442835	7.617737	12.764477	-20.130120	-7.440003	16.742662	19.546470	-18.097479	10.930719	4.882997	10.386696	-14.193018	13.863950	18.479396	17.674628	-3.005690	20.421600	8.290660	-11.386504	-22.982156	-16.815739	-21.395334	-8.528380	-4.880435	-14.740577	13.114930	-22.122140	-22.515700	1.027540	-11.553116	-14.166230	-8.735836	23.472110	21.734677	-4.266729	3.214629	10.537799	-12.130565	
6.971471	2.565722	-14.933609	17.907679	-22.586757	-7.275817	-23.162808	3.662205	4.735890	5.650010	-6.276644	11.898813	-17.556759	-21.991689	-22.316545	-24.526100	-14.861813	4.885162	-24.228553	-9.827090	-20.307430	22.649564	0.336848	3.626491	-4.023022	18.535593	4.590642	-1.030583	-19.066160	10.941998	-8.913619	8.748742	4.618212	7.155717	-0.551889	-9.559886	-0.495399	23.621722	10.923691	19.199187	12.726571	7.468218	-19.579979	4.165371	-15.185753	5.371801	-19.415481	-7.962880	8.984048	-0.860735	
1.516974	1.733315	6.242816	-6.142132	-1.679158	-3.174828	10.800549	7.855850	-5.042938	-0.485524	4.441462	-1.687228	4.333168	12.938877	-13.351292	-1.715218	9.839110	-15.080753	5.176047	8.135797	-2.941199	13.757492	-5.189083	6.537790	11.711888	5.208195	-9.541616	-5.682744	-4.277635	8.251691	9.769236	11.794718	-8.282995	-14.482185	-13.490944	-9.218902	8.387248	12.888464	-11.493779	-0.138858	-5.906908	7.220749	6.884344	12.539347	-15.837812	-7.747665	7.721132	1.825648	-4.207572	2.904955	
31.353832	-21.992024	19.459580	-7.789070	-12.607604	-2.239918	-15.529416	30.320290	-14.532244	13.425840	-9.281299	-31.628813	25.971023	23.310519	-27.275098	22.265422	29.457020	-9.064724	24.733200	-5.263666	-4.173560	-6.529299	-13.696008	-15.108860	0.274868	-1.354916	-8.928162	-17.465434	-22.321429	20.686448	19.953927	-30.132251	14.043291	-28.501440	31.046235	-28.877474	-11.149569	-4.025699	-30.351231	13.040015	-21.407135	-30.992858	-2.303157	-15.245367	-24.516136	0.064801	0.675210	13.771560	-24.407772	-8.202323	
-16.025966	20.661031	-2.197723	13.241463	5.680124	-7.802590	5.858736	-20.413593	-14.266402	15.969787	10.757073	9.335887	6.198860	-15.201794	-13.616688	-14.269256	-20.267546	-13.661826	-19.066986	-19.608339	7.166473	-6.802248	-2.426722	-5.369245	14.905402	13.134561	-5.310805	11.844975	-2.063912	-15.018553	11.159530	-14.675489	-19.591864	2.190101	20.011702	-15.163055	-7.322504	19.062364	-1.446625	-10.267208	-6.584093	0.108455	21.552629	-13.937639	-1.970298	-16.438173	1.526966	3.192651	17.625084	1.770298	
3.684339	-18.022934	6.545523	-8.699809	-17.824546	-3.640684	-18.949533	-28.484112	-10.143487	-13.088493	25.848748	18.580038	6.842607	24.491426	-7.718775	-18.488020	-4.217714	-20.207688	7.463626	28.253943	-11.213527	-3.498856	14.493295	-0.154893	15.508616	27.125782	-27.006062	-18.827749	18.672907	1.025952	25.216640	21.488704	7.717749	6.169528	-24.346703	-26.415034	19.925601	-26.738001	-23.505127	20.986025	8.313559	-18.575340	-24.288547	22.436120	2.064621	-7.355872	7.294761	16.297110	-16.942849	-17.819839	
-10.936755	-22.120077	14.631206	-13.803102	-14.194396	-13.680213	-14.453531	10.365269	1.585271	-14.561268	-15.294711	-19.841784	0.387331	-17.225022	20.140967	-23.044134	-19.763864	2.002635	13.688061	12.612704	20.762450	-10.008371	3.917776	0.982099	11.862224	1.015443	11.271962	-5.902616	-0.738682	-0.493185	19.649277	14.553435	-7.714614	-7.681521	-21.878591	-12.650107	-3.606958	-17.958971	24.310516	-21.594461	1.567993	-0.480367	-11.688842	18.948707	18.345686	-16.938003	16.511899	-17.180275	-9.091782	3.043139	
20.881319	11.038998	21.448346	-15.130650	-6.702231	23.087838	-19.096210	-2.096868	18.532817	-17.120705	3.211377	7.990794	14.094444	-10.897855	0.788377	-18.628342	-18.430632	-18.935965	21.142405	-10.220098	-22.827513	-8.769196	17.629503	13.653822	-14.112225	-10.253816	13.521866	13.626644	8.899673	1.173556	-0.960906	-5.346978	-18.751574	-23.173708	12.588079	-18.581506	-19.943053	19.991734	-0.467941	-12.393465	13.513647	22.096451	17.551129	-8.839131	-1.901813	1.154564	-12.602784	9.768520	19.627813	-15.288784	
20.464556	9.346694	24.660480	6.471810	-15.001272	5.233457	-23.547910	-13.630085	-13.828835	21.615843	-19.028369	16.195258	4.989327	-6.574273	-15.685778	-1.125974	-2.945938	-13.600477	-21.330371	9.847024	15.893288	21.015580	-7.235175	-20.665480	-22.403727	0.817784	-7.887754	-10.449371	-21.548428	16.807769	16.936094	-0.383294	7.281544	-24.408330	2.450951	15.480435	21.113664	-11.724308	-11.620276	12.611154	-14.794536	7.400786	-23.951949	17.184974	19.273832	-6.174874	23.907833	-12.277628	-0.087307	1.148044	
7.737551	-11.249980	-12.543850	-2.157286	5.876091	-1.666732	-13.690816	0.412701	-6.578364	-9.618158	11.919349	-14.611970	16.980118	21.562405	0.922728	-14.240816	-15.375239	-11.897172	-16.457243	20.723571	-5.474171	-12.706059	-17.386823	15.334402	0.427941	17.101191	-4.680187	-18.437545	16.570151	15.208366	14.385838	-19.528078	7.742064	9.690450	10.473880	-10.630289	-2.653979	-15.047037	-11.023210	-13.798054	21.982298	12.783641	14.052757	-20.172055	-10.070922	-17.386286	-13.988192	0.408072	-5.395560	-16.791720	
9.039487	12.003273	-10.662068	-15.145203	8.556435	-10.980480	-17.019256	7.324915	15.384250	-12.437025	-13.893144	18.885850	9.227103	5.081317	-9.542072	12.761424	15.465996	15.851171	-12.310192	15.819980	-17.040160	-7.269915	16.212833	-0.523668	-1.502083	5.715596	-10.658807	5.673778	-18.136396	-3.921165	-2.410313	7.219531	-12.873682	-6.918912	-14.156077	8.955625	10.220640	0.704054	-7.487294	-11.879990	5.556432	-5.511763	17.059083	-16.606590	-0.362572	-15.699925	0.220597	13.722312	-5.364428	12.993542	
6.255071	-18.693867	26.406307	-3.870818	1.868614	0.505013	4.674877	-16.703916	-22.098484	-5.290545	-23.296030	-8.651919	-3.868592	2.887785	-25.577422	10.699299	2.405983	12.093701	-12.826213	-9.962462	-6.856308	-10.844996	-14.334318	28.680408	14.878367	-3.535858	-23.668944	13.477583	-7.676783	17.833633	19.927462	-17.181493	-20.186135	4.166633	-7.340900	-6.880567	-3.696130	-15.418843	-25.085897	17.585658	16.175876	22.088083	-16.708846	-18.175343	-28.205525	16.732343	0.976290	-11.567178	22.077493	2.817307	
8.541020	-9.698189	0.585114	22.893810	2.517165	1.720007	-6.445091	-3.257566	8.555773	9.127560	-6.523815	18.111378	15.827746	18.352693	-7.359300	-0.847783	-13.364931	19.089575	16.301125	-19.759253	0.106098	-17.233689	-8.422261	2.652979	-2.923742	-4.332167	16.778789	19.475242	-10.094076	-22.292116	3.951815	1.421732	-13.074035	9.665596	-10.400966	2.731290	-19.414158	4.913608	-14.837916	-5.592885	2.931542	-12.928935	-7.768929	-14.723229	-15.278052	16.562335	18.617228	0.111698	-4.541505	17.827601	
10.593265	-12.006503	5.777892	9.515238	9.469787	17.557651	-17.174730	-12.955787	2.833903	13.310505	-1.716216	3.591641	10.301178	-1.074965	10.254117	-15.406755	5.704352	-17.334493	-7.713489	-9.335312	10.558003	16.016994	2.520418	11.889474	4.853968	19.624968	1.478660	-7.747775	7.925830	-18.384653	-16.409056	-5.373977	11.727175	-2.123826	10.956720	2.206150	15.132569	-19.508473	-4.152472	3.867754	3.489141	-2.513896	-15.021285	10.125699	-16.469923	20.703782	-19.334847	-18.952085	19.814483	-20.254432	
18.391000	20.984429	26.221855	23.953881	11.883029	-0.473253	-20.984869	11.228482	-10.606301	-8.335206	-10.593097	-8.850883	17.090711	-19.396514	-25.375499	-15.140531	-23.226051	20.811042	-8.769363	-18.730499	-19.997522	7.711341	19.283284	20.992392	-7.843411	2.982216	-19.849692	18.627625	-21.370211	1.667138	12.392183	-22.664372	-14.174882	13.207598	-25.137639	4.880180	23.863019	13.430174	-13.466622	4.207399	24.447762	-26.937828	-18.209719	3.239755	25.795568	-16.317829	-10.988013	3.037025	-0.224770	-3.591619	
7.605260	-16.978076	-3.308331	4.990252	25.855406	6.339554	21.858934	15.339004	11.175552	1.445426	13.780971	-22.790908	-7.482567	-9.007318	29.568716	-17.159263	3.539377	27.351951	1.154006	-15.349676	11.741526	-16.944104	18.347960	18.741489	13.600743	22.563103	-27.335715	-2.004682	-23.651054	-1.965309	26.893577	4.433863	-5.769057	26.620181	-22.094897	5.363451	11.670648	0.465470	17.615890	-0.805685	29.933269	5.513511	-24.565808	19.308065	-4.588181	-15.103688	-5.858052	29.062252	26.997435	8.545392	
24.766157	18.633954	-15.049979	4.035046	24.712437	-2.832601	-23.871849	0.409972	-20.771160	12.716099	3.413026	20.554905	-11.513109	12.789745	-21.172889	-15.388423	-9.189553	-12.471017	-6.178230	18.100091	-15.474985	-5.318634	21.203986	23.177346	15.832825	-2.534237	-15.634801	-23.502731	15.333835	-17.418515	2.508600	-7.170639	-22.701663	-12.012559	-19.308815	7.944875	-1.776681	-18.006760	16.647819	-21.868199	-19.781877	-16.890216	19.380594	16.752469	-2.904984	16.603317	-12.607576	-22.654944	-21.765804	-17.936682	
-24.020964	23.897646	-0.569265	19.735520	-17.035491	20.131024	23.626451	21.133669	-2.089199	-15.343357	2.249833	-7.111438	20.522909	12.071558	15.497576	-20.650720	2.764387	-22.979928	18.647307	-16.982421	-17.204018	19.792105	-15.028301	11.877210	2.628406	-14.050259	21.731633	21.018272	19.395165	7.641647	0.937535	-4.568392	-13.845727	-16.973552	11.806798	-4.357644	-5.107039	1.009167	-2.972428	7.658796	18.407671	8.632555	-20.582439	-8.096364	24.269263	3.515520	-8.922011	-23.478795	-16.388472	-0.650137	
22.184671	-24.709724	22.864209	16.664790	-9.724807	-5.589659	20.535289	8.585876	-26.259975	25.367127	17.667010	-17.645685	15.920862	7.265609	4.587380	1.956619	-11.453096	-7.966023	-13.574318	22.296698	-17.724003	2.477567	-24.317395	-19.567639	17.628201	-6.789423	13.396097	9.996430	-3.719774	8.465720	7.607843	0.856914	-0.911876	25.319650	13.973150	-18.337457	-25.658460	-2.262546	23.104117	8.368905	15.540916	6.984956	-0.248417	22.625743	20.285281	18.907664	-21.191897	26.266262	0.929458	-2.696547	
-13.945829	3.446607	-13.515260	-10.020446	-2.537354	13.780779	-16.227859	-0.570470	-3.221075	-2.272290	13.141962	17.528418	8.398270	0.211887	-2.801463	9.858556	14.321103	1.775818	-12.958518	11.020380	-3.131999	13.089144	4.188269	-1.812898	-7.198405	-1.504572	15.205474	3.102979	0.972278	-16.584233	16.274328	5.835483	-9.794186	-5.850916	-13.596662	6.335284	1.953718	-7.267078	16.092345	-1.747102	-9.189773	12.518815	-8.801073	8.719649	-3.751444	12.228031	-2.229192	-16.809002	5.912213	-4.951163	
17.102606	-21.255182	-18.788805	22.398352	5.112723	7.940122	2.480172	20.461818	-13.531967	-17.325544	8.942871	16.509738	17.705997	-18.151776	-18.920122	-16.991628	5.059571	-2.362704	-11.989763	5.536931	-7.716232	23.035748	3.688357	-9.633486	12.694902	20.110701	3.697211	14.280230	4.062458	-4.096002	-1.231023	-18.610185	2.236918	-17.383423	17.677257	6.060303	13.355890	-23.951194	1.076355	-12.169651	-7.946805	12.722168	14.204747	-14.752569	23.711959	-10.758015	-7.953022	-9.044785	-7.051626	1.562911	
7.934973	-17.648590	-10.662018	1.931390	0.518580	16.573911	-17.492562	1.510789	12.799262	17.273060	-5.707838	-16.579765	0.366251	14.412477	14.216056	18.995398	19.449992	-15.185689	-12.282029	17.054895	-12.781036	-16.099918	-8.569939	-7.592498	-17.424976	-2.848895	6.507943	-5.001902	-8.175918	-9.983301	-13.199640	11.458213	0.367400	17.781041	13.589127	18.365814	-12.675586	-8.938097	0.379155	-9.393098	-11.123388	10.333202	3.616398	-16.105289	-17.005676	-1.196257	-2.597436	7.669632	16.959664	-9.022245	
8.461997	-10.524142	-5.523404	15.223846	15.573452	-12.285929	14.441361	4.445420	-10.050100	15.994801	-9.594628	20.180947	-3.150781	-17.779026	17.296120	-7.026054	-1.161969	0.158711	0.052344	9.700718	5.084406	12.530621	19.757237	7.582717	-6.317742	16.005740	-9.210756	-14.809588	17.066909	-8.058144	-14.434423	9.463641	13.572497	4.576966	-3.255008	-18.976345	8.797923	-15.485822	-0.503591	9.643483	-12.445708	-21.777676	18.337103	-10.408947	-8.538741	-16.019116	-9.759083	-16.054557	-8.474161	-4.612324	
20.913332	-2.522264	7.213652	0.879332	-9.152834	4.689891	-11.414884	-21.671342	-0.726461	15.989629	-10.798793	-15.710963	17.950336	-19.343144	9.982404	7.922732	-3.029644	3.827452	-15.016385	8.940598	8.044074	-13.486633	-10.863344	21.721284	-20.244379	13.338341	-15.086304	-8.330266	16.789614	-9.746189	10.027403	13.396532	-10.595139	-1.041169	-2.387489	-15.146417	-2.464858	6.724909	-22.092205	2.324169	-17.839375	11.564774	11.129031	14.615870	1.222249	-6.760369	5.158595	3.612530	16.844089	8.496849	
14.818032	7.124513	4.457432	-22.317569	-22.656959	-22.338422	-23.347079	-15.779981	24.703014	21.344735	0.766960	-11.426815	24.821828	-8.790493	-19.822018	-11.441192	-5.502677	22.602604	-13.441706	24.948511	14.655197	16.844334	20.593343	-21.980006	-21.865649	3.331981	-21.977027	0.067244	-0.231507	-21.398938	6.948772	-11.046511	0.708719	12.296184	7.250771	14.461141	-16.782540	3.008270	5.527814	-22.357202	24.727626	-2.500474	-19.803184	-20.868370	-7.036172	3.724520	-15.936712	-10.966841	6.550696	7.132397	
7.278785	10.509237	-5.365895	-9.469345	-15.425367	8.160861	9.920299	11.906515	18.614880	-2.129164	-11.011229	-22.327748	14.614326	-23.538830	-3.756576	7.665884	14.391406	9.379838	-14.444633	7.659797	16.693603	15.425798	-10.768661	-20.934270	-14.281608	0.754728	12.702655	-18.474851	10.670064	-23.567267	-7.627210	16.079175	13.405982	20.798814	8.967106	-23.873405	-8.150247	21.816136	9.924509	-12.420436	13.576727	-20.188391	-4.850855	12.986660	-8.230910	16.202728	-19.234554	1.847562	-4.796010	-8.125725	
-10.319529	-4.731122	-6.873935	19.185439	0.811841	-7.256860	-2.812095	-0.678563	15.522258	-1.148531	-2.598363	27.477696	-7.997264	-15.430202	-23.211561	27.651517	-3.590270	11.145512	13.552384	0.361039	25.445357	13.965579	-29.161956	3.427596	0.685594	6.205097	-21.790177	4.181915	2.660828	26.967948	14.138737	22.868250	-5.323913	-20.220462	24.341020	-20.678473	2.625701	13.421222	-14.602201	-21.464739	9.744708	-11.596385	-3.575832	22.867231	-27.639534	0.539766	6.694693	-21.920618	-27.015691	-15.544336	
-1.443482	14.719663	9.687465	11.760413	-22.172559	-12.133096	-20.523202	20.728175	9.003075	21.428669	10.180885	5.590139	-6.223647	-16.081299	17.685882	4.985818	20.274319	7.725208	11.422490	0.540451	17.298137	-12.074307	-5.432976	3.504372	-18.009824	-1.931045	15.513288	3.204251	13.795665	16.413602	-8.872946	-13.873758	15.637994	19.612521	-6.748405	16.820158	-0.919380	-0.201019	14.014434	-23.074177	10.477574	3.942032	11.606759	7.869566	-19.553060	5.358076	21.269653	-22.431989	22.263477	3.209961	
-11.210423	-16.805144	4.611470	6.698601	11.980938	-5.828669	-16.923584	9.903370	4.639559	-8.205852	17.214089	17.310738	19.980068	16.774514	9.049635	14.435655	5.197762	2.343794	-1.673838	17.264307	-16.544575	-3.912919	16.611806	11.493770	1.778471	-15.031887	10.804484	6.881614	-16.904362	9.860487	20.690070	2.405488	-6.046353	8.854360	-15.101863	-5.467111	14.095806	12.453763	7.353206	-6.568563	-8.768617	-11.034456	15.725533	16.278098	-16.695499	4.143937	-13.986121	8.648233	-14.843622	2.002767	
10.296433	-11.322989	12.935150	3.432066	-21.374485	6.677666	-8.673636	3.141925	22.369586	-18.033155	18.053930	11.924555	-24.918271	7.956445	-11.005074	1.837302	9.323356	-19.505376	-0.962301	12.208253	-16.108138	-12.639021	17.769324	19.623346	17.866285	-1.720431	22.592355	3.474655	23.164335	18.337766	-11.242625	7.185693	22.115684	9.295098	23.512839	-18.681731	7.957617	17.275259	-18.532296	23.195029	19.249081	5.092991	8.952754	-22.212478	-11.513971	24.320304	23.966954	3.455165	4.937570	19.180080	
4.160211	7.133307	-1.165269	3.988968	5.231026	1.813055	-4.099314	-22.791591	13.450715	6.134275	17.416905	-11.560042	19.456295	-3.114486	-12.373615	9.927058	23.764153	-14.381765	0.219139	0.359122	-13.308503	13.036157	-3.589345	-20.374279	-23.273443	19.966937	-7.357057	2.097963	19.052093	19.259676	-20.900668	-14.082946	-10.072973	-21.427005	10.172431	-12.420450	13.641879	23.332444	-0.663638	-4.781874	-20.373663	-4.770728	18.504232	-6.384802	19.569905	12.208937	19.403586	22.940252	22.126398	-9.169226	
14.431489	15.469011	25.087205	16.969194	-13.087487	-10.301851	15.258116	-20.770047	-20.002912	8.392979	-3.012944	5.856104	20.443158	-25.057824	-18.029103	14.257362	28.421728	18.394926	7.954301	-12.558398	-24.910914	20.490864	15.290627	-5.651419	1.437941	9.506058	3.088068	-23.226775	9.884473	15.241506	-21.640009	-20.203816	-8.593659	-25.515307	-16.068922	-8.332883	-1.702823	-5.424868	-17.914025	27.542753	-9.163794	28.088486	24.953418	8.470235	18.284024	-11.942896	10.422107	18.215343	-28.105318	-24.645772	
-21.401207	7.817627	-21.733547	-22.202839	15.080788	1.220460	7.321969	-6.159473	5.297963	-4.428937	22.389744	4.831370	19.046873	3.396766	15.691662	-7.580218	9.636244	7.442656	14.496679	21.214123	-6.506056	-2.973531	-14.233256	-8.946599	2.202559	8.670286	11.858968	-21.717568	14.205216	19.172088	-3.426475	-23.891362	-23.275701	6.689547	-4.419565	17.887504	-22.307798	-12.717864	12.795758	-8.782520	1.120476	-19.030427	5.716036	-13.703676	3.026934	12.792076	-17.959735	-11.930172	0.001097	-19.508715	
-11.068995	17.427465	10.058541	4.862229	12.748427	18.533417	-3.552008	0.479263	20.194399	-9.544153	-3.449132	-7.556668	2.639021	-12.647526	-19.556061	16.631263	-3.523238	11.274827	-14.480861	17.012648	-11.878417	6.978139	-5.787616	-5.056945	-5.135037	0.063465	-7.848138	-15.740939	-13.361855	22.234680	15.050397	21.809627	-17.377819	-13.957781	17.957130	-3.261200	-9.031127	6.539248	-9.494766	-1.692619	-8.811702	14.647800	7.173043	-5.282955	16.858754	-4.391372	-5.981074	17.019703	-9.839639	-21.000453	
-10.613929	-13.713037	19.318515	13.937165	8.619500	-24.655373	0.268868	24.589612	1.242790	5.325268	-10.975008	24.747568	-5.616800	-0.419149	3.917321	-0.952403	5.590611	-9.661833	6.910474	4.359034	25.633780	-11.740153	-11.015407	5.272111	6.683839	-10.640776	6.554836	9.763680	15.201784	-23.335872	-20.051240	15.797200	13.215261	-15.326852	23.249898	-8.242809	-25.618501	4.732206	4.732106	21.134211	-4.499718	-11.754882	2.833890	25.041161	-6.140901	21.014488	-21.358801	-0.060527	-10.918507	-25.004705	
-15.005509	-10.207785	-8.159399	-22.748905	18.777130	3.249126	16.369137	20.535055	1.389233	-20.884662	-8.856081	-17.383387	21.739817	13.566721	10.369004	21.555088	-12.379036	-14.252471	20.757852	3.765517	7.549572	-4.255732	-5.683684	-10.932575	21.505291	2.267995	-18.908002	15.552566	-19.460074	23.918673	-11.667810	2.878115	-14.334736	-6.008677	0.759911	18.102086	-6.927802	-18.743972	12.921681	-12.564439	-3.702528	-8.051144	0.011913	3.070505	-2.105635	13.876743	-12.014376	-5.485687	-11.714513	9.457612	
8.605855	-6.753521	-12.355263	14.379909	18.140415	-21.317617	0.767852	14.244406	-0.089838	20.309184	20.066807	-20.300106	6.249418	5.439975	18.418685	-17.912877	6.842639	21.243664	18.080866	0.032068	-5.141351	13.600538	-10.098390	-19.619721	16.131856	3.253688	-2.517768	-18.010806	-14.729789	-6.326766	-14.753787	2.068768	-8.470291	-16.086361	-8.144962	-2.100198	-17.087465	9.144290	-15.107973	-13.151606	-4.637024	-12.399553	11.220030	21.757861	12.689237	-10.997226	12.512896	3.725393	21.159852	-8.594365	
-23.040989	19.022803	19.219362	14.612052	10.844215	-15.208940	12.536206	-23.157291	-2.789023	16.029583	2.556016	-24.895784	24.274714	-0.967132	-1.623136	19.332374	11.826143	-14.319524	-2.925690	-11.476226	-10.055664	-14.363497	-23.914609	20.290047	22.229507	2.165745	21.906038	7.850551	21.947793	7.892238	-18.661325	20.825140	12.567243	-11.436159	-8.014153	-18.491052	-23.570660	16.512330	-16.624303	-23.296565	7.793445	-16.282923	-7.567563	-16.633379	4.047768	-19.133850	-16.423061	-18.895329	-4.849647	4.088176	
20.630583	-5.277018	-27.381825	25.719094	22.808501	-14.750009	-20.345553	-27.704633	25.030330	-4.657387	17.375046	9.626129	15.351662	15.663840	5.566591	26.815914	-3.612279	18.062440	18.875004	28.211257	-19.831154	24.924635	17.958271	-9.385697	-22.236927	-17.844706	-21.585998	4.915570	-21.330705	13.591082	-20.794120	23.464958	-3.373323	-19.149696	-11.755134	-21.642685	-16.369539	-12.733165	-3.551041	16.845597	2.807841	-3.544121	18.778073	12.240016	-23.717067	17.942420	0.278755	-28.600370	15.753999	-24.531715	
22.910695	-1.148616	-25.094496	-20.710032	12.730564	-8.933843	-9.633998	-24.562554	8.876801	-8.101179	9.064853	-16.887530	-21.700020	17.018745	25.727500	-4.892170	-6.771436	-21.569116	-12.705992	-6.548410	-9.565032	-6.281768	-8.211443	-2.560749	26.787382	9.710956	8.454433	-12.982849	17.482877	3.604388	8.102401	0.650893	-0.712779	11.050229	-3.855588	-8.380874	18.584195	-3.810344	19.498642	-23.837190	-1.504540	24.000539	8.114353	-15.315402	12.745956	3.419711	11.310993	-2.052537	-2.723712	18.316908	
7.563152	8.294189	-8.856904	-20.034100	7.713896	1.028138	17.740327	-14.944998	9.044117	2.799094	-2.250958	19.249309	3.320904	15.224839	19.244692	12.655249	-8.356665	17.897231	-8.786669	7.469217	-6.205049	14.189092	-20.705012	18.989647	-0.543252	21.062210	-13.785112	-1.966466	-15.746346	-3.645788	14.376140	6.500763	-6.244977	-23.974493	-7.017206	14.872325	7.061276	-6.009516	-17.581761	10.907787	24.000299	-16.386111	15.158023	8.226272	-21.230617	-5.491573	-3.070002	13.274668	9.797839	-18.207837	
18.207786	-12.269525	-23.049998	23.055349	8.113386	11.737057	-15.871179	5.524159	3.980686	17.026118	4.676006	14.175381	3.231916	-6.936611	24.380098	-8.525436	-20.779547	10.353480	8.699657	-22.670258	11.443562	5.231896	-13.231429	-18.793887	4.092587	23.266162	14.445899	5.644180	10.984707	-18.007096	12.616673	14.322415	-9.385965	24.713903	24.887529	-10.439943	-11.322607	5.767835	-14.818894	14.910585	6.608978	-24.352321	-20.023996	-16.455963	-13.945059	-12.646192	1.575221	-18.408474	16.542877	-14.804597	
18.020530	-13.202511	2.414208	7.671051	1.702090	-19.519976	-3.361331	1.284541	-18.465328	-13.645266	14.544706	19.866580	7.490741	-9.446422	-7.986026	-20.056075	-6.046388	2.673217	-12.758321	13.189308	-3.559177	-22.649062	5.167982	-12.602701	-12.670203	15.514028	17.171134	15.834908	-11.335233	-16.284401	5.915948	8.127981	2.060039	6.306557	-6.121554	8.017411	6.380555	-6.684511	-9.887483	-17.166089	16.831190	16.912491	-3.869501	15.845872	16.122866	-19.384619	8.303489	-20.217759	-1.613098	9.594247	
18.849736	-0.458807	-19.176093	-13.808163	1.034662	11.502661	20.843331	-8.690061	5.343915	-21.230523	-4.349980	14.215148	16.600502	1.615731	-10.438428	-19.005103	5.088287	2.800612	-12.019035	4.751272	17.278850	-12.204595	1.351262	18.786778	-1.032638	-6.869311	6.908784	-17.090193	-4.224710	8.581124	-1.465312	5.245747	-14.616564	-0.456495	6.792151	3.577975	8.327410	-8.054863	10.824324	4.345287	-0.003482	-9.802919	-17.059386	11.096638	-1.479013	6.136938	-15.737560	5.768019	-3.118692	3.344488	
15.850789	3.867286	-12.321650	-15.739166	9.374675	-1.128373	6.065051	2.344503	-19.246071	-1.585119	1.257338	5.387882	22.283611	-9.692920	-27.157487	17.993201	24.982015	23.132720	-5.929758	25.419071	-26.640602	-26.935707	14.386306	-27.539298	7.430076	1.016499	-11.979561	-8.307202	0.052761	-22.001889	-15.898768	-16.790064	26.333093	13.749176	-24.959335	9.278375	22.351168	2.669579	-27.403601	-20.769867	21.505713	-9.038584	12.484492	-25.093661	-19.503179	15.979490	-26.301460	24.669487	-21.075965	1.536046	
-7.742922	20.011244	16.317922	-21.026748	-23.889455	-26.931636	-17.791399	-11.009881	-23.838102	4.237811	22.115108	-23.541734	-6.450040	-16.697719	-14.113147	16.636881	2.351516	1.676326	-12.783720	-19.983038	-2.703264	11.622907	-2.603355	4.762661	-24.170744	6.257881	-15.369010	-25.794121	19.913607	-21.457736	8.207206	0.524794	11.138224	18.191524	-7.548107	-17.933943	14.951719	12.885137	-2.492123	-4.535506	-6.596554	-22.285122	24.693375	19.970795	8.084337	0.332258	-15.100294	-21.064263	3.487723	-0.839291	
-9.113600	0.475702	17.005436	1.884826	-17.961342	-3.264508	-5.088695	14.635717	20.850573	16.811400	-11.443688	-13.686769	22.057753	-24.242177	9.728707	-5.096379	13.347059	10.958821	19.524146	22.977835	9.454217	6.183078	11.872577	9.885536	-18.054322	16.369658	11.720443	-1.856163	-15.154404	3.590525	17.781812	22.022461	2.313615	9.871534	-13.672189	23.140682	11.994674	-5.717608	-6.016051	21.858894	-1.016808	19.269471	-17.448147	-6.775901	-5.692149	-7.156062	16.985177	-9.624567	-1.646702	-18.805174	
7.206153	2.844936	-12.279415	7.229913	12.256400	-0.531350	-17.289794	13.895341	10.301328	15.118830	6.670783	-12.989651	-15.350678	12.251838	0.073490	8.748000	14.195947	-3.878039	-12.190166	14.155459	3.044294	-7.492549	-4.447108	20.823622	20.014712	-4.227340	-11.704105	-7.471052	-9.744237	3.650947	-0.624612	-13.862537	17.218491	0.758891	-8.690275	5.350348	-18.009348	-1.030478	-11.190654	3.794722	10.472573	-12.420979	-17.657539	14.155299	9.975797	7.971793	12.067648	-16.412482	-19.575952	7.292085	
-10.772549	19.098860	1.412940	-21.218870	-26.419701	-8.046338	-24.371147	1.384682	21.006114	25.969779	-3.784488	-15.918000	6.650054	-4.341827	17.950135	24.352250	-22.140962	24.961031	8.223390	22.786844	-26.453272	3.718003	25.536547	-23.905204	6.364848	2.804734	-26.107103	1.796082	-24.382427	-26.418004	1.251125	-18.369719	-23.833851	21.354479	17.710244	-19.302398	-11.867939	-20.036336	2.656427	18.953681	-1.834949	9.971731	18.483365	22.453436	-13.764890	-15.940812	23.117200	-20.607319	19.674302	-19.853206	
0.008722	0.015179	0.023508	0.043021	0.022115	0.015275	0.009355	0.007801	0.004573	0.008241	0.001772	0.010547	0.024014	0.009135	0.043641	0.013959	0.018264	0.041352	0.007641	0.025305	0.013988	0.017958	0.027321	0.034735	0.025401	0.012697	0.002885	0.011373	0.023007	0.023454	0.027065	0.002496	0.011423	0.042063	0.004224	0.028419	0.002614	0.028458	0.037811	0.025186	0.040554	0.015682	0.043442	0.008826	0.010130	0.031707	0.031062	0.018537	0.032046	0.012019	
0.006846	0.046167	0.016375	0.022288	0.021464	0.011080	0.022959	0.007629	0.019200	0.037939	0.005383	0.010297	0.000579	0.002809	0.007603	0.029490	0.002192	0.041286	0.029349	0.008564	0.022059	0.023192	0.004872	0.031786	0.011551	0.024748	0.013437	0.042519	0.001190	0.006670	0.037159	0.044357	0.044800	0.005656	0.014053	0.019444	0.044788	0.007944	0.010862	0.017450	0.005921	0.033570	0.015255	0.010459	0.025753	0.040640	0.018405	0.024357	0.041903	0.005697	
0.039912	0.030458	0.014809	0.012823	0.019456	0.002146	0.027854	0.026059	0.010881	0.026485	0.037912	0.011443	0.018937	0.001605	0.042659	0.028786	0.030395	0.038409	0.028021	0.005524	0.002503	0.015244	0.013070	0.028651	0.030796	0.004913	0.024265	0.009167	0.003237	0.009102	0.010988	0.014644	0.006624	0.028090	0.032224	0.003553	0.043521	0.028142	0.024350	0.029008	0.000004	0.032882	0.041510	0.017947	0.016621	0.002319	0.037007	0.023048	0.001915	0.010078	
0.000911	0.008598	0.021527	0.026620	0.032790	0.011617	0.027996	0.027642	0.029701	0.034819	0.034226	0.021487	0.031823	0.032409	0.021496	0.032490	0.018969	0.029075	0.016301	0.002627	0.033813	0.010029	0.027967	0.011650	0.034654	0.033831	0.028798	0.017000	0.008530	0.008789	0.022793	0.017093	0.008163	0.024438	0.023083	0.032120	0.021801	0.022027	0.002372	0.007538	0.004186	0.021005	0.031654	0.004496	0.003280	0.008986	0.001603	0.034329	0.026664	0.004186	
0.033923	0.010014	0.012875	0.026568	0.008443	0.034350	0.030790	0.004629	0.006952	0.035835	0.030559	0.011435	0.002677	0.018301	0.021346	0.006590	0.003155	0.030287	0.033328	0.036619	0.026387	0.014043	0.015050	0.022267	0.030655	0.000517	0.030729	0.028754	0.000945	0.011955	0.033295	0.011933	0.033648	0.016446	0.014203	0.028987	0.004849	0.021900	0.015666	0.007209	0.032257	0.020275	0.011397	0.036218	0.025158	0.013524	0.009837	0.028583	0.021391	0.033247	
0.024126	0.015492	0.037016	0.037689	0.037971	0.030736	0.021964	0.005188	0.008521	0.016766	0.011355	0.034364	0.016466	0.022584	0.027052	0.018606	0.009103	0.001711	0.007220	0.033108	0.009831	0.000857	0.010949	0.009827	0.018733	0.003162	0.035588	0.019011	0.029618	0.028006	0.001934	0.031234	0.030735	0.020110	0.029410	0.014557	0.011962	0.038029	0.036706	0.014112	0.036638	0.002740	0.022091	0.019541	0.037879	0.006750	0.016099	0.009730	0.010966	0.026159	
0.021854	0.017483	0.031318	0.005889	0.009834	0.011477	0.031580	0.005655	0.014875	0.033209	0.031095	0.016823	0.030232	0.037956	0.024719	0.040109	0.016938	0.002002	0.034065	0.004921	0.010057	0.011218	0.008068	0.019655	0.035774	0.036508	0.020904	0.033538	0.024383	0.008838	0.002513	0.032920	0.024976	0.020831	0.009479	0.035105	0.030298	0.010687	0.019309	0.007733	0.019626	0.001983	0.004636	0.035286	0.017929	0.021201	0.013916	0.019451	0.003428	0.037717	
0.026778	0.006204	0.022333	0.000240	0.000318	0.014243	0.016532	0.012801	0.016271	0.015004	0.003702	0.021306	0.008348	0.011645	0.031641	0.027983	0.026759	0.006768	0.031710	0.038383	0.012697	0.016978	0.015170	0.021929	0.036312	0.009242	0.035520	0.016808	0.035718	0.028398	0.023325	0.034933	0.006618	0.018173	0.000744	0.003459	0.007799	0.028795	0.037581	0.031824	0.006484	0.017544	0.029871	0.024422	0.028308	0.016247	0.038212	0.034744	0.019303	0.023873	
0.021075	0.000492	0.022266	0.022918	0.037718	0.021144	0.010453	0.031330	0.003405	0.011560	0.013825	0.026917	0.023944	0.031773	0.020458	0.034512	0.030683	0.040091	0.023665	0.037816	0.005511	0.028602	0.003827	0.008293	0.028232	0.020881	0.020491	0.011669	0.033983	0.033782	0.004632	0.006294	0.008685	0.019529	0.001835	0.017061	0.040223	0.039275	0.004407	0.027150	0.006489	0.041724	0.017061	0.029307	0.023598	0.018235	0.007684	0.012486	0.002575	0.010439	
0.007376	0.019525	0.027917	0.030468	0.013793	0.004915	0.017336	0.032601	0.016364	0.034543	0.030491	0.032178	0.026784	0.021404	0.023361	0.004871	0.025465	0.021539	0.034088	0.022367	0.005043	0.021408	0.032093	0.019058	0.015671	0.005171	0.008235	0.000492	0.030256	0.029442	0.026223	0.005824	0.034070	0.029301	0.010709	0.011943	0.023320	0.021415	0.019843	0.010328	0.016298	0.019029	0.004555	0.023399	0.024318	0.008271	0.026339	0.018818	0.017196	0.034545	
0.020626	0.007845	0.032016	0.023179	0.021692	0.019643	0.031096	0.030605	0.023383	0.003996	0.024517	0.027611	0.020492	0.019963	0.013990	0.030932	0.012715	0.032883	0.010735	0.018340	0.004884	0.031791	0.032777	0.001788	0.035598	0.004569	0.028954	0.006993	0.031538	0.034084	0.025806	0.029802	0.022738	0.034443	0.007920	0.023992	0.011943	0.012948	0.025076	0.026257	0.004095	0.025063	0.035082	0.000158	0.021410	0.003541	0.014537	0.002578	0.018639	0.014735	
0.029727	0.039531	0.037536	0.027923	0.002552	0.030652	0.006491	0.029375	0.019847	0.030178	0.030555	0.035603	0.020280	0.026334	0.003410	0.032476	0.015369	0.019714	0.004899	0.001297	0.026802	0.014969	0.014994	0.017192	0.038182	0.011850	0.032686	0.034777	0.020825	0.002395	0.002993	0.036842	0.008671	0.005202	0.009499	0.030634	0.020660	0.026809	0.013476	0.011583	0.003513	0.015423	0.034240	0.013332	0.022588	0.014608	0.005548	0.026776	0.032489	0.006691	
0.033196	0.017627	0.004960	0.015083	0.027004	0.001880	0.035755	0.023195	0.018950	0.010352	0.024530	0.015265	0.021305	0.035763	0.035363	0.014616	0.015938	0.007354	0.029312	0.030520	0.002685	0.016054	0.011572	0.027085	0.024994	0.035477	0.022463	0.003076	0.036430	0.037034	0.011513	0.019213	0.017476	0.017695	0.026886	0.000938	0.025822	0.011744	0.013291	0.028752	0.031431	0.009209	0.036390	0.007877	0.021135	0.009060	0.012871	0.023769	0.016809	0.023281	
0.011340	0.027163	0.031724	0.009305	0.027167	0.017837	0.028444	0.029926	0.003362	0.030209	0.022859	0.033185	0.017262	0.018055	0.009351	0.006311	0.010610	0.008858	0.004724	0.026451	0.004600	0.028977	0.015373	0.023237	0.007466	0.030410	0.026523	0.022612	0.018371	0.006748	0.009183	0.030301	0.021945	0.016045	0.017845	0.020917	0.033971	0.024325	0.020598	0.033147	0.024025	0.017135	0.020160	0.001928	0.015175	0.018603	0.030319	0.035808	0.021899	0.028213	
0.043934	0.018491	0.012778	0.019914	0.008706	0.024542	0.008865	0.022851	0.006466	0.010636	0.019066	0.011169	0.029638	0.033943	0.018055	0.029485	0.004027	0.016529	0.010359	0.031079	0.001579	0.027115	0.028535	0.013469	0.009021	0.031642	0.037059	0.023592	0.000346	0.017959	0.000463	0.028024	0.046052	0.008502	0.026535	0.007105	0.017991	0.038717	0.017525	0.038593	0.011673	0.018845	0.040058	0.006961	0.025033	0.044503	0.018210	0.021051	0.012454	0.000853	
0.034871	0.000787	0.001600	0.017629	0.032511	0.005794	0.014695	0.032683	0.016248	0.016697	0.011825	0.027611	0.018744	0.022501	0.008635	0.033373	0.036606	0.021986	0.030348	0.036515	0.004713	0.007463	0.009304	0.018372	0.029698	0.003523	0.022924	0.030480	0.030877	0.010936	0.006127	0.015292	0.014375	0.004931	0.023001	0.030604	0.018230	0.033178	0.018617	0.028055	0.009916	0.034508	0.032015	0.011363	0.017687	0.028303	0.032958	0.004969	0.020984	0.024938	
0.027162	0.016233	0.010696	0.015804	0.024350	0.014694	0.006101	0.018816	0.030677	0.039615	0.014481	0.035153	0.037616	0.021454	0.015281	0.008045	0.030423	0.021382	0.041027	0.019894	0.024994	0.018502	0.007819	0.000398	0.026908	0.009802	0.011541	0.042573	0.032485	0.000268	0.013210	0.000394	0.011644	0.042656	0.024107	0.020763	0.023987	0.038866	0.023595	0.007717	0.005822	0.000393	0.002696	0.006787	0.039735	0.033051	0.021777	0.001393	0.030988	0.026227	
0.024841	0.046957	0.003320	0.005753	0.003272	0.001563	0.010791	0.031075	0.043530	0.005745	0.026434	0.036843	0.019790	0.019441	0.006684	0.027855	0.005145	0.005723	0.015356	0.045637	0.028525	0.027843	0.011289	0.003077	0.017572	0.047508	0.013859	0.047185	0.023436	0.034186	0.001711	0.003620	0.025714	0.006066	0.043116	0.004166	0.017485	0.001257	0.001092	0.017609	0.016946	0.035777	0.023229	0.019398	0.031695	0.030759	0.023979	0.044861	0.010531	0.000754	
0.025589	0.001762	0.018725	0.003355	0.032003	0.013615	0.032800	0.033599	0.019925	0.000867	0.024097	0.014943	0.006414	0.005443	0.010346	0.017099	0.030930	0.026691	0.027414	0.015807	0.018869	0.039117	0.034249	0.001822	0.015703	0.019260	0.026235	0.017967	0.003081	0.017711	0.000971	0.038489	0.021255	0.008245	0.004879	0.019268	0.010043	0.039317	0.028511	0.009347	0.016417	0.024379	0.016863	0.018628	0.033099	0.036643	0.028766	0.036677	0.027095	0.025671	
0.027193	0.010231	0.013389	0.029617	0.016676	0.039021	0.003065	0.010067	0.037367	0.016295	0.020647	0.032909	0.023050	0.020403	0.009363	0.038273	0.012356	0.033865	0.034009	0.031810	0.009512	0.027184	0.030739	0.015546	0.028502	0.017972	0.035283	0.014706	0.022719	0.040315	0.000269	0.013862	0.023409	0.010606	0.001626	0.000862	0.002521	0.010781	0.014295	0.025053	0.018641	0.005966	0.005730	0.039405	0.022708	0.024300	0.018485	0.029156	0.012669	0.017573	
0.013201	0.012625	0.020368	0.011630	0.003824	0.002239	0.012695	0.007571	0.017151	0.040054	0.040165	0.030773	0.036594	0.025211	0.002552	0.034607	0.032719	0.027721	0.002349	0.025296	0.033131	0.011032	0.016981	0.035498	0.005253	0.039811	0.038124	0.011921	0.006932	0.008919	0.023822	0.038107	0.012297	0.026393	0.023362	0.041350	0.023933	0.012325	0.009757	0.004228	0.035280	0.027197	0.002566	0.030944	0.020533	0.010734	0.009221	0.033269	0.005171	0.002562	
0.005027	0.033203	0.036096	0.007977	0.003878	0.000053	0.023796	0.047059	0.005427	0.015897	0.046081	0.008401	0.021311	0.009066	0.013648	0.025694	0.004055	0.013076	0.012297	0.003295	0.010467	0.033570	0.018409	0.002640	0.021902	0.035721	0.027269	0.010729	0.016777	0.034106	0.020365	0.013959	0.014209	0.014320	0.019118	0.011554	0.036407	0.021668	0.032382	0.047177	0.027901	0.003483	0.029818	0.009915	0.022753	0.021681	0.020433	0.004290	0.038308	0.043330	
0.017221	0.037985	0.023664	0.018478	0.022482	0.024896	0.019711	0.000460	0.013274	0.013867	0.033646	0.031030	0.026150	0.009180	0.026190	0.009541	0.035395	0.031092	0.028871	0.038313	0.005382	0.008919	0.001107	0.004904	0.026301	0.017915	0.012615	0.031315	0.036385	0.027328	0.016719	0.003295	0.019149	0.002900	0.006241	0.010384	0.006558	0.003913	0.025744	0.035214	0.023976	0.015357	0.027955	0.036638	0.019060	0.036312	0.017618	0.007158	0.015756	0.036436	
0.031380	0.013661	0.006361	0.003377	0.016263	0.016468	0.032022	0.022019	0.019070	0.034748	0.032606	0.011993	0.005011	0.031713	0.033976	0.002294	0.030871	0.011947	0.033065	0.023907	0.032896	0.021147	0.028029	0.002279	0.026830	0.004379	0.032488	0.032082	0.005277	0.013050	0.027814	0.014837	0.020205	0.012442	0.031671	0.015584	0.004665	0.016301	0.033412	0.022782	0.004188	0.024885	0.022115	0.032171	0.003541	0.015049	0.031191	0.012132	0.027632	0.016174	
0.002486	0.025097	0.037344	0.002835	0.019080	0.001217	0.010691	0.015732	0.021232	0.036972	0.018541	0.036058	0.033977	0.012513	0.001557	0.034508	0.006072	0.007191	0.004704	0.004326	0.027494	0.027013	0.029324	0.008217	0.033585	0.030452	0.035659	0.037843	0.007144	0.005478	0.039223	0.011906	0.016774	0.038878	0.014341	0.015142	0.005097	0.039309	0.002751	0.027066	0.008855	0.034868	0.036925	0.019872	0.026465	0.012444	0.022227	0.022713	0.012887	0.017915	
0.001024	0.031265	0.019093	0.036110	0.016175	0.023925	0.035788	0.008619	0.002895	0.011183	0.036456	0.009076	0.002668	0.035959	0.034308	0.000985	0.003469	0.026091	0.013738	0.019561	0.037412	0.014736	0.015809	0.029403	0.029289	0.019448	0.018235	0.009524	0.017906	0.035252	0.035095	0.001013	0.038478	0.032103	0.013192	0.024926	0.026989	0.040229	0.006551	0.011012	0.005210	0.012188	0.016928	0.004068	0.018164	0.035818	0.011934	0.037213	0.029215	0.004273	
0.029919	0.021573	0.045598	0.023477	0.047729	0.008844	0.030233	0.024434	0.039622	0.004399	0.029004	0.008516	0.000008	0.002442	0.006380	0.043802	0.010484	0.013721	0.009765	0.014725	0.015727	0.013505	0.004213	0.002625	0.023173	0.008931	0.032887	0.016323	0.035677	0.045492	0.028992	0.008878	0.028087	0.033995	0.020357	0.013900	0.027391	0.011099	0.045480	0.018874	0.002623	0.029612	0.015828	0.011128	0.009375	0.005319	0.004230	0.033120	0.007213	0.031270	
0.042232	0.000823	0.040331	0.013827	0.007794	0.014074	0.014110	0.025666	0.037488	0.004881	0.041770	0.007082	0.003135	0.023159	0.037970	0.005563	0.032812	0.007142	0.025786	0.026223	0.004630	0.021552	0.016765	0.029019	0.035710	0.027295	0.003944	0.002116	0.016127	0.001595	0.032104	0.032367	0.008295	0.017202	0.027879	0.037419	0.029823	0.002948	0.012997	0.005415	0.022151	0.019447	0.035327	0.013269	0.021840	0.001501	0.028338	0.018287	0.031507	0.031265	
0.021065	0.033636	0.031747	0.004261	0.000605	0.003324	0.021381	0.026073	0.003417	0.022522	0.029054	0.013425	0.028449	0.028127	0.025492	0.025881	0.020699	0.026088	0.008013	0.021863	0.000021	0.013513	0.036504	0.024868	0.009861	0.006913	0.036164	0.014582	0.011207	0.026689	0.031336	0.019215	0.021010	0.028538	0.016038	0.023812	0.037430	0.022681	0.012895	0.009228	0.017401	0.022118	0.036587	0.036955	0.003702	0.021213	0.007988	0.006276	0.035172	0.014962	
0.000646	0.006735	0.024416	0.030103	0.008901	0.013108	0.025825	0.018492	0.032244	0.023054	0.013914	0.037214	0.034733	0.007427	0.015949	0.018327	0.002579	0.006817	0.002682	0.011458	0.006176	0.011808	0.009974	0.030136	0.003080	0.024405	0.009480	0.015251	0.032277	0.039328	0.039638	0.012769	0.035762	0.032877	0.021967	0.016521	0.027478	0.005875	0.024388	0.037684	0.033453	0.007138	0.002187	0.040158	0.014653	0.034863	0.003981	0.034209	0.019376	0.038481	
0.003320	0.004493	0.022149	0.017078	0.024236	0.038195	0.014287	0.029870	0.023158	0.037465	0.004163	0.021292	0.002278	0.010533	0.024214	0.019587	0.017901	0.018382	0.018081	0.010728	0.003058	0.037974	0.016484	0.013650	0.027803	0.026022	0.030514	0.012699	0.029042	0.006036	0.012932	0.038142	0.018011	0.004391	0.014889	0.031532	0.007291	0.017713	0.037161	0.003134	0.026942	0.027067	0.035797	0.021519	0.008291	0.018189	0.034357	0.007693	0.031949	0.038305	
0.035443	0.020476	0.026270	0.013200	0.001793	0.020856	0.040262	0.025318	0.003708	0.015677	0.034952	0.025233	0.031027	0.034027	0.014822	0.020847	0.003353	0.001526	0.003223	0.019761	0.024492	0.036936	0.026866	0.009725	0.024314	0.001376	0.024166	0.019637	0.031639	0.001100	0.019718	0.007028	0.033658	0.016364	0.010288	0.011696	0.010838	0.023986	0.035130	0.022375	0.036379	0.007673	0.019371	0.017975	0.021748	0.038481	0.008621	0.038460	0.008035	0.020148	
0.007356	0.040100	0.028556	0.028858	0.010051	0.040112	0.014934	0.035400	0.034188	0.036751	0.000506	0.019804	0.013792	0.002844	0.021887	0.034413	0.019145	0.020918	0.004099	0.005335	0.044756	0.008100	0.042203	0.026688	0.008310	0.028267	0.005812	0.040635	0.016439	0.030432	0.000215	0.017140	0.029412	0.008724	0.008754	0.033141	0.018346	0.002407	0.037779	0.002813	0.024427	0.016145	0.011092	0.036219	0.000717	0.017620	0.025765	0.005820	0.003758	0.029015	
0.003203	0.025159	0.035507	0.039430	0.037346	0.012234	0.001898	0.019896	0.026513	0.005972	0.005823	0.002534	0.004322	0.030960	0.022331	0.012973	0.004710	0.001473	0.027773	0.034963	0.035173	0.002617	0.033646	0.017352	0.024336	0.003352	0.039568	0.038402	0.003279	0.004419	0.013753	0.023399	0.012186	0.011202	0.028210	0.028780	0.027218	0.033063	0.007399	0.036642	0.017997	0.032819	0.026396	0.032539	0.011307	0.031142	0.022277	0.000211	0.026363	0.019933	
0.008222	0.023369	0.036669	0.023542	0.041124	0.040197	0.027839	0.001746	0.024914	0.009235	0.026354	0.025141	0.036642	0.020834	0.014986	0.027774	0.011083	0.019064	0.042948	0.006999	0.001059	0.031324	0.009589	0.014920	0.005724	0.005365	0.005775	0.015084	0.011127	0.004202	0.000048	0.036878	0.043696	0.003792	0.013312	0.001322	0.026860	0.033763	0.019926	0.029126	0.016416	0.022296	0.015645	0.027422	0.039029	0.033139	0.002222	0.021442	0.020391	0.020423	
0.011830	0.031678	0.008554	0.021591	0.027115	0.024478	0.022536	0.001122	0.016015	0.029020	0.029494	0.023730	0.021136	0.020253	0.003221	0.027362	0.001227	0.006339	0.031489	0.025543	0.031052	0.006538	0.015624	0.019624	0.015314	0.035739	0.024808	0.004428	0.035479	0.004499	0.026444	0.036508	0.008618	0.034851	0.007392	0.001347	0.019294	0.014576	0.023402	0.019907	0.026244	0.035757	0.003744	0.028677	0.003684	0.035740	0.014332	0.026448	0.029831	0.026364	
0.004737	0.020742	0.032497	0.004761	0.001200	0.016855	0.012326	0.030972	0.019248	0.017541	0.014536	0.030959	0.016059	0.016073	0.014556	0.014589	0.028074	0.006140	0.018433	0.012133	0.023381	0.010581	0.031481	0.028623	0.032762	0.030956	0.011626	0.019450	0.015461	0.027608	0.031806	0.011554	0.025825	0.023658	0.029253	0.019625	0.028723	0.014600	0.031971	0.012695	0.034052	0.019935	0.004862	0.021858	0.021053	0.029597	0.023478	0.020969	0.012335	0.017790	
0.019350	0.008923	0.028486	0.003219	0.031589	0.028126	0.000426	0.034118	0.008476	0.012410	0.017543	0.004227	0.008472	0.035211	0.025672	0.034752	0.015934	0.015511	0.035624	0.016936	0.024452	0.041216	0.040592	0.004887	0.018935	0.030695	0.013565	0.018173	0.011596	0.002368	0.037055	0.003456	0.015591	0.022646	0.036464	0.016432	0.006547	0.028933	0.020277	0.028546	0.031236	0.017753	0.003221	0.033077	0.016398	0.005637	0.032629	0.000894	0.018179	0.033546	
0.029581	0.010656	0.033959	0.031372	0.026219	0.020260	0.000867	0.025594	0.026112	0.019880	0.008389	0.028860	0.023357	0.003625	0.004198	0.029240	0.034947	0.001562	0.020427	0.005819	0.013302	0.036030	0.022202	0.037815	0.027263	0.034272	0.003087	0.013743	0.035980	0.038308	0.000729	0.026540	0.003009	0.024947	0.022078	0.034787	0.007465	0.009416	0.028558	0.030948	0.014053	0.009110	0.029555	0.014461	0.017772	0.012979	0.016734	0.027899	0.011945	0.010089	
0.012986	0.039368	0.037038	0.041693	0.021621	0.012419	0.015074	0.017298	0.039022	0.003508	0.030251	0.014577	0.014397	0.004890	0.031553	0.003693	0.034879	0.000005	0.027130	0.013585	0.011641	0.040062	0.019622	0.015832	0.033146	0.001177	0.015128	0.031485	0.000470	0.007680	0.014726	0.009457	0.041396	0.041851	0.021275	0.000659	0.019366	0.034247	0.023514	0.023312	0.028923	0.016435	0.026859	0.016280	0.018231	0.006653	0.015956	0.006187	0.002263	0.041179	
0.034274	0.020955	0.024022	0.024162	0.029621	0.026146	0.019973	0.023628	0.005242	0.015021	0.009949	0.000046	0.019906	0.036832	0.001481	0.034333	0.000475	0.009107	0.019070	0.029589	0.037419	0.028537	0.010050	0.001355	0.000383	0.025969	0.036625	0.038120	0.021942	0.010730	0.022048	0.010806	0.019245	0.006135	0.027268	0.018051	0.020130	0.013892	0.016111	0.026327	0.035505	0.021068	0.019372	0.027494	0.014455	0.034667	0.015695	0.018861	0.037230	0.000681	
0.029473	0.037499	0.012293	0.035973	0.028376	0.022688	0.025043	0.016875	0.017346	0.037957	0.005612	0.017047	0.003660	0.002133	0.022166	0.027132	0.010975	0.002647	0.012352	0.034543	0.028541	0.011043	0.037417	0.008885	0.028481	0.005441	0.006968	0.001544	0.014537	0.003393	0.034376	0.010895	0.025430	0.037731	0.004480	0.034691	0.029787	0.019743	0.017995	0.005498	0.033931	0.038063	0.025920	0.026978	0.011469	0.037807	0.029293	0.002781	0.019267	0.005822	
0.003014	0.013157	0.027395	0.017573	0.022082	0.037675	0.012661	0.018719	0.001404	0.015777	0.018513	0.022033	0.004679	0.016459	0.011020	0.022310	0.029145	0.030012	0.017579	0.016499	0.031330	0.034363	0.024710	0.016139	0.023235	0.039651	0.034060	0.013285	0.006106	0.030912	0.010385	0.027941	0.010417	0.025830	0.025928	0.020142	0.025088	0.008482	0.015036	0.005704	0.031209	0.011711	0.020575	0.028758	0.013425	0.008887	0.033708	0.016354	0.033035	0.015887	
0.038147	0.017803	0.007118	0.001725	0.029625	0.023515	0.023079	0.013179	0.030846	0.019308	0.010453	0.012759	0.020045	0.036252	0.021282	0.030604	0.009228	0.032116	0.034696	0.019982	0.040009	0.024975	0.031354	0.034801	0.042372	0.011449	0.011940	0.005169	0.015074	0.012450	0.011145	0.019118	0.000801	0.006361	0.014591	0.029370	0.034359	0.011881	0.004512	0.028360	0.017808	0.043149	0.019985	0.015021	0.012045	0.007380	0.040223	0.012534	0.007496	0.002507	
0.003820	0.024607	0.024932	0.004324	0.001815	0.000151	0.034677	0.004112	0.015177	0.007739	0.029406	0.016347	0.037486	0.012882	0.021275	0.041218	0.028389	0.043083	0.032774	0.008681	0.016150	0.013906	0.000546	0.028442	0.030231	0.014179	0.032562	0.010183	0.006396	0.005817	0.000882	0.023582	0.028784	0.003170	0.002605	0.027322	0.006789	0.011890	0.033927	0.009009	0.031514	0.012109	0.038877	0.030498	0.030179	0.018589	0.011259	0.040605	0.043927	0.043178	
0.003432	0.021080	0.012837	0.028196	0.004050	0.006608	0.013110	0.018319	0.033253	0.025383	0.027555	0.012770	0.034196	0.032502	0.037524	0.011921	0.036396	0.024251	0.028684	0.016133	0.018168	0.017480	0.031519	0.023048	0.026994	0.037075	0.015174	0.009561	0.035571	0.006209	0.028748	0.002839	0.015984	0.002974	0.010417	0.002279	0.004027	0.023148	0.012280	0.000481	0.024402	0.024433	0.034331	0.023518	0.024765	0.010723	0.022248	0.026063	0.020095	0.037246	
0.026100	0.021806	0.004202	0.000223	0.040543	0.031421	0.011042	0.007212	0.022434	0.008041	0.034230	0.004847	0.019802	0.031655	0.041544	0.023855	0.000076	0.023912	0.025387	0.034699	0.037603	0.003244	0.040830	0.005423	0.005027	0.011009	0.031257	0.003486	0.010639	0.014009	0.006466	0.027955	0.006154	0.011486	0.025389	0.000354	0.025135	0.024505	0.005928	0.041432	0.020636	0.035802	0.021076	0.028497	0.029761	0.038306	0.019269	0.007702	0.010085	0.038506	
0.020302	0.019829	0.030326	0.027075	0.018255	0.025886	0.016706	0.032142	0.009875	0.020990	0.022558	0.008576	0.028539	0.032935	0.032874	0.000351	0.000587	0.021825	0.011181	0.021362	0.027434	0.029669	0.017917	0.021827	0.015904	0.033089	0.026672	0.026097	0.024226	0.021017	0.019315	0.011047	0.016173	0.031192	0.007636	0.016515	0.019708	0.007954	0.009186	0.010154	0.019038	0.016786	0.004577	0.026784	0.032201	0.031196	0.011840	0.014758	0.023429	0.024484	
0.010949	0.017841	0.007455	0.021269	0.014296	0.009421	0.041015	0.008576	0.041337	0.016674	0.025667	0.021593	0.003258	0.029173	0.001344	0.006099	0.036709	0.032782	0.036568	0.015463	0.041900	0.011246	0.040371	0.032615	0.030805	0.030347	0.004572	0.022062	0.039473	0.021539	0.024535	0.000636	0.008320	0.021970	0.019256	0.019843	0.027947	0.006945	0.004895	0.004832	0.024446	0.004724	0.017459	0.029087	0.018646	0.005738	0.035391	0.033024	0.013787	0.006097	
0.025044	0.032703	0.014904	0.009075	0.015154	0.029891	0.029637	0.019476	0.019073	0.011341	0.028244	0.034457	0.022644	0.025029	0.017052	0.034744	0.033681	0.033312	0.032195	0.034201	0.013276	0.003980	0.018106	0.014001	0.024262	0.008840	0.009030	0.007926	0.010321	0.017211	0.025469	0.028702	0.028363	0.031755	0.028546	0.020859	0.008284	0.030346	0.005987	0.015751	0.007453	0.016874	0.003405	0.012054	0.034703	0.010609	0.024765	0.015584	0.017914	0.003765	
0.020238	0.034876	0.010982	0.033119	0.024141	0.028749	0.010890	0.036107	0.007522	0.015944	0.005810	0.009882	0.023017	0.010264	0.035361	0.013782	0.027586	0.031324	0.014872	0.000600	0.018452	0.032582	0.027804	0.026668	0.010450	0.038437	0.015148	0.008523	0.035236	0.022873	0.026261	0.018632	0.025822	0.039239	0.005882	0.006102	0.023538	0.005544	0.002271	0.025482	0.034187	0.035790	0.020111	0.028848	0.006788	0.005163	0.021217	0.006015	0.021078	0.010789	
0.027900	0.006194	0.031104	0.015548	0.037216	0.030408	0.016711	0.002547	0.016660	0.010892	0.007837	0.018720	0.024399	0.025903	0.036501	0.036686	0.019301	0.013717	0.032034	0.014648	0.032799	0.000598	0.001223	0.016364	0.011986	0.031899	0.029872	0.028510	0.022785	0.036466	0.006669	0.009774	0.005070	0.010880	0.029758	0.016669	0.028330	0.028015	0.005126	0.018078	0.038322	0.022681	0.037587	0.036519	0.010099	0.009286	0.035675	0.002534	0.001069	0.010429	
0.004393	0.042320	0.003694	0.003918	0.029937	0.030541	0.029693	0.006854	0.019300	0.029821	0.005694	0.010138	0.023434	0.015246	0.034638	0.036265	0.011875	0.001305	0.012935	0.008186	0.029654	0.013800	0.031205	0.001504	0.035419	0.040534	0.039734	0.001374	0.006176	0.033903	0.007635	0.003083	0.038198	0.006594	0.037713	0.001466	0.004525	0.040327	0.034486	0.024764	0.043651	0.028635	0.006697	0.019822	0.009792	0.003535	0.031135	0.033383	0.005532	0.025536	
0.030854	0.030833	0.003576	0.011438	0.021570	0.001412	0.025231	0.007630	0.031988	0.027372	0.014277	0.017791	0.019986	0.014706	0.034284	0.031590	0.027559	0.022849	0.006270	0.020770	0.023162	0.036053	0.027597	0.032241	0.007649	0.024807	0.028821	0.025022	0.034116	0.006313	0.035414	0.008909	0.033825	0.006307	0.016832	0.013504	0.020393	0.016054	0.033781	0.017195	0.007744	0.000742	0.003486	0.013382	0.029261	0.007150	0.036255	0.020159	0.011317	0.020527	
0.001002	0.031438	0.007843	0.000888	0.029744	0.019908	0.009103	0.014100	0.030122	0.005050	0.014074	0.028624	0.035843	0.028943	0.014013	0.032870	0.032492	0.009244	0.000369	0.035459	0.035749	0.035492	0.025729	0.025760	0.017309	0.035920	0.032862	0.040301	0.008416	0.022616	0.005219	0.002263	0.027531	0.039340	0.009714	0.022911	0.015575	0.007823	0.035104	0.038715	0.006000	0.024298	0.025200	0.027353	0.011785	0.006699	0.006554	0.005420	0.012798	0.008413	
0.004387	0.015259	0.027674	0.027157	0.016188	0.034653	0.018570	0.021518	0.007579	0.013685	0.028500	0.019163	0.023859	0.033747	0.034879	0.020619	0.015528	0.018253	0.034473	0.002212	0.009892	0.028021	0.019877	0.028566	0.033721	0.023417	0.024470	0.013161	0.022615	0.010800	0.023979	0.027969	0.023339	0.004759	0.027229	0.013465	0.002371	0.023277	0.003115	0.011515	0.034888	0.023576	0.023515	0.033126	0.002703	0.002351	0.001077	0.024746	0.030677	0.029881	
0.008071	0.007107	0.026269	0.034133	0.017433	0.036595	0.006003	0.024186	0.006803	0.004730	0.016212	0.023215	0.012387	0.037749	0.028114	0.005219	0.030939	0.036043	0.001743	0.034064	0.036159	0.030538	0.026562	0.011046	0.018740	0.003137	0.001231	0.003419	0.020493	0.025288	0.015510	0.032773	0.012754	0.031633	0.035605	0.012660	0.003210	0.013542	0.008326	0.021598	0.002924	0.036052	0.030009	0.033113	0.011853	0.038378	0.017107	0.032098	0.024314	0.012913	
0.039322	0.020944	0.004103	0.033964	0.010833	0.030716	0.019787	0.028228	0.000232	0.029546	0.020886	0.004894	0.013728	0.022898	0.013564	0.033261	0.024476	0.009260	0.031016	0.013467	0.025019	0.034525	0.003385	0.020953	0.012072	0.034630	0.030829	0.022535	0.019558	0.017346	0.018172	0.032782	0.038759	0.018438	0.006031	0.011341	0.022465	0.005370	0.009096	0.007543	0.027618	0.024180	0.018999	0.013243	0.006979	0.002243	0.026136	0.034710	0.033839	0.016076	
0.009145	0.030682	0.009750	0.027944	0.017258	0.029950	0.021731	0.009863	0.021941	0.027570	0.014100	0.028592	0.003218	0.023822	0.024913	0.022401	0.033965	0.029915	0.004344	0.030492	0.012389	0.022749	0.029574	0.025240	0.031432	0.029264	0.028358	0.027683	0.002282	0.020906	0.012004	0.015637	0.011198	0.022253	0.007609	0.021148	0.020754	0.024876	0.011559	0.010257	0.007144	0.011918	0.009146	0.032751	0.019175	0.012646	0.000782	0.033513	0.030624	0.033533	
0.023253	0.030267	0.015543	0.006794	0.029356	0.037355	0.019827	0.000963	0.034106	0.004420	0.007083	0.035946	0.036658	0.004718	0.016906	0.022070	0.019395	0.015549	0.002241	0.003903	0.011303	0.019027	0.018442	0.017717	0.037662	0.009904	0.024480	0.003323	0.028714	0.037300	0.028717	0.012727	0.034111	0.032762	0.000472	0.011563	0.012527	0.020244	0.037578	0.024468	0.000403	0.021383	0.009430	0.015542	0.013476	0.030515	0.024652	0.038744	0.038640	0.017819	
0.037914	0.025599	0.013768	0.025228	0.002627	0.014598	0.038230	0.037428	0.006039	0.003377	0.023219	0.003102	0.006896	0.034541	0.030459	0.000294	0.015175	0.002627	0.000425	0.022447	0.013856	0.000242	0.026381	0.021786	0.032335	0.034876	0.037799	0.029839	0.013497	0.025068	0.001552	0.030730	0.018552	0.032441	0.024449	0.021715	0.025089	0.003101	0.002217	0.011086	0.028534	0.036007	0.022122	0.005369	0.021376	0.032993	0.035035	0.032785	0.006095	0.029080	
0.006820	0.027387	0.043170	0.021082	0.015333	0.000229	0.032968	0.029219	0.017527	0.007747	0.028131	0.009350	0.017916	0.033549	0.041167	0.031291	0.002062	0.034403	0.005690	0.015686	0.020603	0.028722	0.015865	0.010437	0.013012	0.005306	0.003165	0.010850	0.000950	0.036444	0.010514	0.012085	0.030883	0.030100	0.030228	0.027228	0.016891	0.015700	0.014015	0.008689	0.022829	0.015762	0.015439	0.023839	0.035062	0.023933	0.039503	0.018850	0.010245	0.032125	
0.031633	0.008973	0.008521	0.020233	0.025230	0.015304	0.019297	0.006611	0.025035	0.000364	0.040545	0.012404	0.019517	0.006180	0.023409	0.027916	0.032833	0.002706	0.011908	0.032165	0.001232	0.028076	0.007896	0.026147	0.039572	0.035385	0.032490	0.004191	0.008442	0.036010	0.029744	0.023142	0.035457	0.005473	0.010886	0.007014	0.025559	0.034987	0.038178	0.015232	0.002588	0.022159	0.022786	0.000448	0.000167	0.036468	0.020245	0.028837	0.036683	0.013720	
0.010414	0.001198	0.020692	0.031350	0.000127	0.008340	0.009614	0.015719	0.005751	0.028343	0.026885	0.029739	0.022189	0.031486	0.009528	0.013305	0.018917	0.029853	0.036395	0.020663	0.024392	0.008309	0.009314	0.036301	0.000499	0.021067	0.022016	0.016561	0.023601	0.009038	0.035460	0.019043	0.020660	0.023897	0.034690	0.015302	0.009484	0.031125	0.021383	0.001506	0.028762	0.032981	0.031199	0.003868	0.019808	0.008779	0.025805	0.029309	0.031976	0.033356	
0.012177	0.031456	0.034458	0.015607	0.039072	0.011848	0.018877	0.035539	0.001341	0.018521	0.022656	0.000178	0.023801	0.000027	0.024386	0.003658	0.026915	0.019273	0.008352	0.037564	0.037525	0.035464	0.026091	0.031440	0.000542	0.012962	0.007289	0.030898	0.038141	0.033218	0.031896	0.000709	0.011114	0.003447	0.033872	0.020323	0.020462	0.028345	0.017565	0.007473	0.018041	0.002227	0.023621	0.021460	0.029380	0.034943	0.011875	0.002549	0.016489	0.024930	
0.031694	0.032377	0.000916	0.013984	0.037089	0.022647	0.011219	0.013246	0.007979	0.017214	0.027609	0.034965	0.011805	0.037389	0.012181	0.039626	0.010653	0.013863	0.021530	0.027496	0.027292	0.013631	0.025331	0.003124	0.032597	0.022332	0.018520	0.037013	0.032430	0.019804	0.032994	0.008883	0.024300	0.008287	0.020789	0.039915	0.012830	0.002221	0.040162	0.017790	0.000321	0.021512	0.020613	0.008140	0.001939	0.001806	0.039434	0.018860	0.001053	0.020593	
0.021405	0.033739	0.030338	0.034012	0.015700	0.031748	0.019895	0.036673	0.023028	0.030688	0.015686	0.029334	0.013382	0.014985	0.006347	0.007620	0.025377	0.017364	0.003806	0.024222	0.005067	0.004719	0.020531	0.031151	0.010241	0.017070	0.029740	0.036748	0.020263	0.008713	0.031173	0.017266	0.035428	0.022838	0.006559	0.022824	0.004390	0.034980	0.009548	0.036768	0.008364	0.030423	0.009275	0.013911	0.019935	0.017135	0.016842	0.013590	0.018327	0.010828	
0.036082	0.021330	0.036996	0.014242	0.008926	0.002432	0.023400	0.008347	0.002346	0.019402	0.012957	0.000995	0.034136	0.006108	0.033774	0.024265	0.027274	0.018254	0.019916	0.038963	0.033360	0.036156	0.025216	0.021594	0.018817	0.018845	0.002129	0.016156	0.019413	0.036025	0.013971	0.013278	0.018603	0.007407	0.018164	0.018667	0.010431	0.006632	0.037992	0.030153	0.019101	0.031175	0.006695	0.020968	0.014638	0.014241	0.027535	0.004891	0.030288	0.037312	
0.029864	0.012805	0.026984	0.020475	0.032041	0.002830	0.000828	0.014271	0.033617	0.007718	0.025131	0.017410	0.024459	0.026605	0.028079	0.000809	0.015673	0.014783	0.008260	0.018111	0.022195	0.001602	0.012986	0.002969	0.002112	0.031608	0.024414	0.026286	0.001210	0.026353	0.036719	0.036035	0.007463	0.031791	0.027519	0.025107	0.032623	0.033201	0.017307	0.031834	0.036539	0.031845	0.007037	0.029209	0.001507	0.028466	0.034070	0.014224	0.008155	0.016861	
0.009967	0.035083	0.010975	0.006145	0.021947	0.026933	0.000272	0.028644	0.031788	0.031562	0.001230	0.021272	0.026441	0.011140	0.032765	0.018378	0.028952	0.021841	0.007753	0.021959	0.017762	0.024472	0.004346	0.030000	0.015797	0.024621	0.025893	0.009711	0.003708	0.031477	0.025420	0.031651	0.007631	0.021369	0.032039	0.000340	0.019226	0.029290	0.020170	0.007960	0.025270	0.021122	0.002397	0.025000	0.023998	0.030024	0.025365	0.031964	0.019782	0.017151	
0.012623	0.000082	0.027855	0.035674	0.010430	0.022423	0.005884	0.017651	0.012187	0.008927	0.026303	0.006610	0.022348	0.027858	0.008545	0.023837	0.009242	0.006901	0.013169	0.028177	0.036362	0.017046	0.005414	0.036727	0.026217	0.004114	0.037038	0.020681	0.009708	0.035311	0.010518	0.017526	0.037228	0.025860	0.032753	0.034125	0.031453	0.012347	0.033408	0.034802	0.027339	0.026043	0.021637	0.027357	0.008060	0.008844	0.016091	0.004513	0.016379	0.018374	
0.021162	0.008709	0.042612	0.020577	0.027643	0.008034	0.015758	0.002205	0.031765	0.001397	0.043663	0.022750	0.029885	0.004265	0.014016	0.001420	0.039266	0.038684	0.004299	0.009576	0.024205	0.024153	0.023003	0.035109	0.003252	0.042702	0.034013	0.042785	0.015569	0.004602	0.001255	0.009804	0.043894	0.042704	0.016423	0.007587	0.007058	0.002032	0.031873	0.017000	0.023964	0.015308	0.028922	0.004721	0.008690	0.029141	0.006441	0.032630	0.030716	0.002760	
0.006725	0.007430	0.008868	0.029324	0.007943	0.034464	0.001184	0.035333	0.028850	0.025506	0.012952	0.025696	0.004040	0.001221	0.032413	0.002420	0.022700	0.035165	0.036360	0.023576	0.011155	0.011595	0.025977	0.031288	0.029912	0.020769	0.013789	0.008023	0.011840	0.023404	0.022847	0.023772	0.012801	0.020118	0.016086	0.034600	0.010370	0.015340	0.032975	0.032618	0.014385	0.028671	0.030026	0.015253	0.022032	0.026035	0.019833	0.018807	0.029123	0.004386	
0.019422	0.031829	0.035618	0.017157	0.032647	0.008215	0.034259	0.009238	0.021339	0.006438	0.034496	0.022648	0.019553	0.031566	0.014061	0.033849	0.023698	0.020391	0.029223	0.027494	0.002463	0.025525	0.022364	0.001244	0.005286	0.020244	0.034916	0.033626	0.006719	0.010265	0.024837	0.026277	0.025956	0.000047	0.010168	0.020360	0.015466	0.014007	0.034145	0.021700	0.014979	0.019183	0.010977	0.026737	0.033008	0.016830	0.005574	0.018774	0.011694	0.013485	
0.029114	0.037134	0.006656	0.027315	0.016480	0.034587	0.011379	0.032351	0.017130	0.001265	0.001221	0.030192	0.023872	0.002124	0.014324	0.036470	0.016330	0.004502	0.017083	0.013482	0.014308	0.016138	0.025269	0.020966	0.023689	0.019823	0.001137	0.032338	0.035478	0.003285	0.022332	0.026908	0.025832	0.013277	0.027355	0.027825	0.011462	0.029829	0.005474	0.025940	0.001954	0.000146	0.030817	0.025926	0.036762	0.024493	0.011592	0.026830	0.024785	0.035019	
0.031481	0.031698	0.026340	0.032770	0.020399	0.026953	0.035330	0.034046	0.031461	0.008109	0.018697	0.007986	0.025197	0.002902	0.035176	0.032580	0.024631	0.026319	0.023538	0.020940	0.014016	0.016932	0.000333	0.019547	0.011179	0.025760	0.007896	0.029065	0.032337	0.006103	0.017045	0.029312	0.025036	0.019957	0.001451	0.014046	0.007077	0.015541	0.005593	0.000095	0.013395	0.036216	0.027751	0.028201	0.009884	0.027566	0.028596	0.011648	0.004743	0.017124	
0.012676	0.009384	0.036061	0.031409	0.011639	0.018791	0.024052	0.030509	0.028513	0.011593	0.021824	0.013227	0.027302	0.032165	0.005136	0.000956	0.013048	0.027491	0.019133	0.032241	0.040291	0.027789	0.008215	0.038656	0.013244	0.040743	0.034366	0.026045	0.010287	0.007672	0.034504	0.005352	0.001768	0.012592	0.003759	0.006069	0.008750	0.034238	0.036636	0.016673	0.040090	0.006960	0.023148	0.000420	0.022534	0.004185	0.023926	0.033508	0.010292	0.020138	
0.003589	0.026606	0.019574	0.032632	0.040708	0.023819	0.010404	0.028087	0.016092	0.010803	0.031843	0.002406	0.035627	0.009557	0.035211	0.001434	0.019178	0.039279	0.015967	0.000151	0.005752	0.019934	0.023189	0.021690	0.007144	0.000009	0.038406	0.034659	0.034085	0.010497	0.018514	0.023955	0.041193	0.009541	0.028123	0.014437	0.018902	0.012349	0.022970	0.024400	0.041309	0.036758	0.007183	0.032071	0.012751	0.005864	0.014269	0.022347	0.006730	0.008003	
0.003341	0.023231	0.007701	0.022028	0.000294	0.037062	0.013082	0.023604	0.019886	0.029004	0.026132	0.016897	0.022977	0.022802	0.019518	0.034174	0.035930	0.013383	0.037984	0.017529	0.017245	0.019990	0.002474	0.039892	0.022760	0.016539	0.006872	0.018125	0.031625	0.040369	0.023317	0.010888	0.024880	0.039521	0.024183	0.009634	0.020451	0.018154	0.028887	0.021276	0.006992	0.002825	0.005857	0.015526	0.016897	0.011849	0.012805	0.017024	0.026363	0.020223	
0.036727	0.028735	0.029667	0.001241	0.008081	0.035075	0.002522	0.007334	0.014423	0.034544	0.029660	0.018991	0.029684	0.005140	0.015303	0.031643	0.007437	0.041365	0.006756	0.013495	0.021318	0.003761	0.021176	0.017782	0.030544	0.007553	0.033688	0.040782	0.019778	0.000877	0.039608	0.040611	0.005393	0.033687	0.013793	0.022944	0.034553	0.011711	0.015424	0.021079	0.027226	0.010333	0.004099	0.030279	0.024171	0.003378	0.035496	0.008301	0.004963	0.017869	
0.027914	0.013489	0.004033	0.038310	0.029288	0.032751	0.029323	0.004015	0.026229	0.015360	0.019725	0.003518	0.013315	0.006392	0.011215	0.025255	0.012981	0.038464	0.016064	0.045799	0.007650	0.036718	0.011289	0.016969	0.007632	0.016483	0.006803	0.047807	0.004055	0.027206	0.028424	0.040389	0.005009	0.039465	0.028534	0.024746	0.028818	0.019498	0.040609	0.004978	0.006902	0.006419	0.008244	0.001516	0.013220	0.043404	0.003460	0.014937	0.004328	0.041049	
0.020856	0.022047	0.023958	0.021319	0.014698	0.013016	0.022892	0.015580	0.032730	0.020866	0.032290	0.028330	0.033252	0.009702	0.016187	0.020100	0.020824	0.010754	0.023989	0.016892	0.005431	0.027685	0.014882	0.031152	0.032256	0.003248	0.023767	0.028471	0.008371	0.029343	0.024897	0.011806	0.013324	0.001839	0.016284	0.009373	0.028231	0.006235	0.018515	0.034123	0.009695	0.015851	0.028512	0.018525	0.033752	0.007001	0.009376	0.025151	0.031954	0.030669	
0.021078	0.009506	0.018666	0.034781	0.047507	0.030822	0.015361	0.007769	0.026301	0.004585	0.016360	0.019262	0.034319	0.002120	0.003252	0.003332	0.029390	0.021091	0.033746	0.009540	0.013195	0.022414	0.038898	0.005027	0.039061	0.020292	0.046908	0.013995	0.020111	0.023609	0.016541	0.015820	0.005082	0.045113	0.033605	0.036170	0.021381	0.021212	0.017075	0.007481	0.019100	0.000895	0.006587	0.035581	0.013342	0.032494	0.007877	0.015009	0.009046	0.008291	
0.035468	0.025606	0.018523	0.022196	0.005682	0.025732	0.013250	0.009015	0.012635	0.035624	0.014698	0.006941	0.038316	0.029181	0.019079	0.034325	0.007279	0.000503	0.013042	0.004550	0.001491	0.012403	0.032439	0.027778	0.021111	0.024890	0.021754	0.000369	0.033181	0.003797	0.037919	0.024517	0.014684	0.027129	0.038997	0.014091	0.021485	0.035021	0.015016	0.010422	0.007355	0.035523	0.014494	0.032865	0.035522	0.013475	0.001316	0.017646	0.027879	0.023783	
0.005957	0.003022	0.017470	0.032584	0.036608	0.005740	0.009995	0.009641	0.028934	0.025640	0.023041	0.022715	0.016622	0.028328	0.031125	0.017303	0.017237	0.032332	0.018210	0.013981	0.011311	0.007661	0.031138	0.031467	0.032139	0.026793	0.021270	0.032390	0.005082	0.035500	0.017681	0.014879	0.033040	0.033669	0.030635	0.016396	0.029237	0.024283	0.023946	0.006826	0.018998	0.015282	0.012409	0.015786	0.004760	0.007294	0.003759	0.030706	0.008674	0.020506	
0.018582	0.018426	0.008118	0.001020	0.022734	0.004620	0.037535	0.031890	0.009043	0.017531	0.011441	0.035260	0.006726	0.021190	0.019612	0.016139	0.033322	0.027308	0.009609	0.013079	0.020225	0.034604	0.015061	0.018985	0.003080	0.020293	0.026056	0.033307	0.032410	0.006617	0.027791	0.013146	0.013825	0.019558	0.024968	0.027720	0.019182	0.027839	0.023738	0.027282	0.023033	0.038766	0.004149	0.006495	0.004338	0.029999	0.028188	0.033491	0.023744	0.008926	
0.004953	0.033942	0.003486	0.015139	0.015695	0.017295	0.000915	0.021528	0.038707	0.024504	0.043534	0.011397	0.011247	0.018985	0.010354	0.036627	0.009165	0.005641	0.018343	0.002719	0.028229	0.003402	0.037469	0.023302	0.041128	0.005774	0.031191	0.032952	0.029050	0.041866	0.010906	0.018246	0.012793	0.003405	0.031653	0.021589	0.023147	0.018846	0.011630	0.037755	0.011078	0.014610	0.008692	0.019974	0.035091	0.036111	0.027533	0.006352	0.025535	0.006513	
0.016187	0.020351	0.024881	0.030733	0.000490	0.020578	0.025969	0.005736	0.013744	0.009857	0.014209	0.016946	0.009009	0.019353	0.025105	0.013769	0.021470	0.013374	0.030190	0.016869	0.019422	0.027110	0.027156	0.032910	0.036829	0.013795	0.000405	0.036264	0.017031	0.005412	0.000992	0.024564	0.028429	0.002492	0.035122	0.026879	0.022268	0.022887	0.022422	0.013391	0.016669	0.032923	0.034512	0.007153	0.022762	0.024708	0.004672	0.019409	0.036544	0.036047	
0.030865	0.006455	0.033030	0.019816	0.022770	0.009192	0.035376	0.015499	0.003785	0.002608	0.002433	0.029584	0.008217	0.015727	0.018977	0.019592	0.007026	0.010063	0.030507	0.021117	0.017946	0.036776	0.017235	0.029584	0.033360	0.014694	0.033624	0.000258	0.035351	0.015601	0.026706	0.002654	0.004501	0.025936	0.021182	0.005864	0.034484	0.023428	0.020861	0.016202	0.015337	0.032895	0.017451	0.017149	0.024916	0.032341	0.016112	0.035761	0.013089	0.036066	
0.010760	0.029124	0.017528	0.020340	0.024458	0.010944	0.023917	0.040926	0.008058	0.029162	0.010242	0.008749	0.027568	0.005027	0.016903	0.025551	0.030291	0.010720	0.025097	0.027258	0.016553	0.028869	0.006968	0.007575	0.036780	0.034232	0.008607	0.031690	0.020879	0.036705	0.032242	0.009204	0.024504	0.000616	0.010342	0.032083	0.028357	0.037225	0.011917	0.008460	0.040817	0.017382	0.019331	0.010687	0.010281	0.004284	0.035753	0.008004	0.002075	0.024950	
0.006906	0.000273	0.021305	0.019100	0.036955	0.009911	0.002955	0.004151	0.003222	0.037015	0.006363	0.017905	0.023966	0.035511	0.005335	0.001549	0.033755	0.013161	0.033220	0.003247	0.000944	0.041326	0.027528	0.042410	0.030735	0.029144	0.009091	0.019510	0.016484	0.037154	0.017690	0.001999	0.038952	0.041198	0.025582	0.021923	0.041332	0.019560	0.017247	0.015862	0.030603	0.011855	0.008028	0.004254	0.040970	0.019009	0.017109	0.017833	0.002762	0.036103	
0.007769	0.023462	0.020824	0.010410	0.030686	0.026643	0.017056	0.017198	0.007841	0.026559	0.028148	0.029735	0.036827	0.014599	0.035794	0.017823	0.011452	0.022211	0.005531	0.005868	0.011272	0.007524	0.025925	0.022859	0.018812	0.018038	0.013222	0.031874	0.025543	0.000993	0.018794	0.032790	0.016955	0.034914	0.006846	0.030730	0.011894	0.021648	0.007313	0.008366	0.024445	0.013221	0.031420	0.028297	0.029010	0.015807	0.024823	0.033353	0.036110	0.000764	
0.013738	0.019952	0.021201	0.004405	0.021224	0.015541	0.035561	0.007371	0.007030	0.013896	0.002279	0.031231	0.002229	0.001653	0.007192	0.032234	0.026422	0.037656	0.009597	0.031908	0.015029	0.033581	0.029452	0.005132	0.037335	0.003488	0.028811	0.031033	0.023197	0.016506	0.014287	0.031018	0.036978	0.029055	0.025455	0.036736	0.025247	0.037974	0.017474	0.010561	0.000587	0.004567	0.009038	0.030908	0.025064	0.004752	0.002090	0.034789	0.032241	0.025296	
0.033806	0.023704	0.040423	0.000662	0.024527	0.024714	0.000199	0.013195	0.038755	0.034011	0.032357	0.021010	0.028040	0.009986	0.018142	0.019565	0.026226	0.015999	0.024795	0.040439	0.040549	0.035625	0.009565	0.016288	0.024389	0.018147	0.021567	0.031375	0.017976	0.001185	0.028510	0.005356	0.007209	0.007076	0.029036	0.008965	0.007570	0.003641	0.016282	0.039278	0.028393	0.022301	0.030480	0.012054	0.005638	0.031325	0.010331	0.002210	0.011065	0.006062	
0.032395	0.034138	0.025548	0.019634	0.030929	0.030270	0.034342	0.004528	0.025257	0.019426	0.008576	0.000683	0.025879	0.013506	0.012795	0.011008	0.022008	0.030864	0.000171	0.012964	0.000050	0.020621	0.035288	0.032717	0.012150	0.019067	0.007930	0.028114	0.017340	0.028658	0.036847	0.032177	0.033054	0.028196	0.007715	0.021287	0.001029	0.018537	0.021016	0.012441	0.010599	0.034952	0.003635	0.034740	0.019884	0.014594	0.009540	0.032390	0.030294	0.000218	
0.006421	0.035174	0.016008	0.024401	0.001433	0.037607	0.021563	0.011339	0.000321	0.001504	0.004616	0.012786	0.001921	0.007400	0.026518	0.008471	0.030056	0.037383	0.005086	0.018849	0.012809	0.027615	0.025948	0.033684	0.028493	0.009239	0.038001	0.007103	0.017399	0.008282	0.011018	0.037231	0.036430	0.001761	0.009116	0.037208	0.042029	0.013363	0.001970	0.021984	0.008628	0.012369	0.041649	0.041409	0.012364	0.038890	0.040254	0.024176	0.008802	0.041917	
0.021685	0.029548	0.020002	0.005081	0.034102	0.036239	0.010091	0.016413	0.010990	0.008443	0.035830	0.024961	0.034798	0.005696	0.013407	0.004768	0.015027	0.011118	0.016807	0.005084	0.032440	0.037214	0.020138	0.008469	0.037092	0.034880	0.026170	0.025719	0.003842	0.016191	0.010288	0.025609	0.022180	0.002756	0.037103	0.027577	0.026686	0.001789	0.014216	0.031973	0.030180	0.003520	0.018547	0.024215	0.021022	0.034295	0.014895	0.011651	0.008081	0.031174	
0.019079	0.015664	0.010674	0.003129	0.009474	0.040119	0.040085	0.039855	0.017814	0.008155	0.021916	0.018154	0.009122	0.013316	0.034051	0.008551	0.004024	0.019263	0.033859	0.010380	0.028523	0.029916	0.007524	0.002918	0.031001	0.039084	0.033119	0.012509	0.001787	0.037279	0.030320	0.013320	0.013974	0.007073	0.002921	0.031464	0.040438	0.036833	0.007095	0.009840	0.013616	0.018367	0.034444	0.023063	0.014519	0.021899	0.020347	0.008285	0.017014	0.034825	
0.003422	0.039952	0.001641	0.035083	0.026430	0.023409	0.000540	0.021804	0.035356	0.005167	0.031298	0.018811	0.005097	0.021085	0.025627	0.003811	0.020507	0.014652	0.040668	0.030555	0.027858	0.004522	0.025540	0.007640	0.045695	0.011112	0.008771	0.005194	0.039837	0.016522	0.000873	0.026623	0.030619	0.005195	0.004823	0.023201	0.020200	0.018053	0.029049	0.011282	0.042539	0.017552	0.015112	0.038075	0.029344	0.000498	0.019061	0.033441	0.031050	0.005805	
0.017044	0.019610	0.010181	0.016222	0.021822	0.016694	0.034527	0.007992	0.038579	0.026345	0.024029	0.000099	0.001796	0.016724	0.018518	0.009032	0.029373	0.040472	0.012116	0.033881	0.006466	0.016989	0.036670	0.022088	0.007523	0.037319	0.014971	0.004592	0.040108	0.007140	0.002500	0.030409	0.030225	0.000623	0.040031	0.026420	0.003431	0.021765	0.019165	0.022788	0.004643	0.024670	0.021133	0.034443	0.023664	0.009655	0.007499	0.031977	0.035522	0.020517	
0.03
