50
2
-2.999958	-22.696525	-17.458761	-16.557237	-24.514494	-14.857887	19.754707	-14.208665	-14.569032	10.748181	22.379165	26.267422	25.437423	5.642174	5.106692	-14.081469	-12.274383	-21.613802	-9.954413	-13.707014	24.737962	-7.633688	19.191812	1.925605	21.440256	-16.310654	21.805403	3.131613	1.434590	-24.327216	13.901850	26.490355	14.144794	-21.723569	21.242971	-21.217179	22.088464	26.884613	19.891462	3.791092	17.183554	18.070564	15.392156	-4.825060	-22.108354	22.615473	0.885966	9.961940	-21.884284	4.501452	
17.499797	-19.605059	-8.612199	-18.521860	2.044802	3.061493	17.637947	-18.013512	20.229748	3.321829	8.528885	-12.042967	-11.898441	-13.657363	21.285693	-11.154457	-24.888842	-14.415874	-4.907802	-1.612700	-10.197905	24.626550	-20.757032	-6.278515	-9.349604	-4.191592	-7.242434	2.454880	12.614928	-8.021754	7.070223	-13.680211	12.787787	5.633761	-6.036374	-12.192865	-2.007738	-3.583757	19.310526	14.844887	-18.014145	16.790296	-7.188733	-20.250520	21.483909	3.335868	-19.602317	8.863471	21.471702	24.455227	
-19.973163	14.164481	-2.166768	11.290016	-7.242129	-2.878934	-2.451373	-12.929500	2.381966	-17.434747	-6.246074	16.101501	18.329770	-15.298968	11.691119	-2.881067	-6.053490	8.939357	12.819711	-18.248519	-3.255607	6.525797	-3.277551	-17.042318	0.211127	16.449436	-15.810110	15.713278	1.270189	-10.783035	-2.307266	-11.375585	-19.329593	-1.320442	15.444855	13.097973	4.948988	-12.267033	-18.495952	7.337015	8.608083	-6.178091	-4.025754	5.066889	17.193854	16.166963	-14.080577	-16.470864	-4.722779	-7.229573	
-23.012049	14.699490	5.181274	8.267138	8.925220	-8.735949	18.627059	-14.005781	-12.119898	24.544447	-9.964939	-21.767647	-21.756244	5.025570	17.374931	-24.644543	-20.298044	12.917877	-13.146450	8.480042	10.434497	21.072071	24.586483	13.844067	15.994686	-6.117382	-21.551433	-23.338751	19.776059	-14.925972	-0.445702	4.627976	17.439515	5.632533	18.788528	17.044961	4.563470	5.103397	20.942140	-15.621174	-11.298930	-4.400009	22.632813	-14.601829	-1.261051	-23.825624	10.162530	20.772190	-10.328327	-17.213312	
-7.318288	-17.815701	-19.925908	-19.126638	-4.557858	18.687880	21.367534	24.113975	-19.599733	6.649443	-23.258016	-23.303617	-19.917598	-13.191087	12.485877	20.655869	2.497682	-7.349220	-22.079349	-13.578626	18.020622	-15.110260	-1.785400	24.630053	10.444557	16.040042	-14.592821	20.226582	-0.100998	14.355315	-23.369612	-6.288042	3.961912	21.436103	-23.870207	5.473962	-19.783976	-21.256108	-1.414268	13.178063	19.896513	19.203044	3.420500	-16.650911	13.170059	-3.851868	12.764272	-3.604528	-11.556665	-22.691391	
-3.561455	-11.773978	20.999947	23.563392	-4.326724	7.948122	-2.311706	18.089833	22.687294	-4.176257	-17.164527	-19.666334	-11.926299	-20.527499	18.863826	-7.272344	-11.707758	-13.876157	-9.530468	6.403543	-11.862701	6.390833	-7.626419	-8.189476	5.275374	11.171922	-23.937753	-18.609460	10.406972	-13.749978	20.772919	-4.941977	-11.021400	3.622974	2.430572	20.644779	10.417921	16.703025	19.084316	15.752018	4.600329	8.224772	-19.289999	-22.720972	19.040108	4.672563	23.982283	-19.536827	11.839951	-9.031373	
4.274889	20.157931	-8.835820	17.858164	-18.420899	-1.293237	-11.061763	-19.602235	1.481175	-2.798230	-8.909770	-13.554929	-9.906477	-1.908751	0.682573	-15.369284	-14.237632	-14.348209	-9.741451	-15.721054	14.302838	-0.629373	-6.690703	-10.076374	7.554782	12.297481	-21.232021	22.325864	7.765648	0.495556	20.462133	-0.268829	0.546924	-13.111031	-19.672642	-6.241345	-18.940874	-22.951458	16.803825	18.957173	-19.967810	1.748444	14.134687	0.913796	-20.196456	3.614511	16.819050	-14.861909	-14.288652	-0.420456	
6.309669	25.682650	25.022934	7.655427	-0.394839	4.095524	4.169223	-28.321454	27.723314	1.472971	-14.791438	-5.241351	-2.855458	17.738310	-19.909866	-18.679881	6.419372	-6.799591	20.574356	-8.771910	-17.245232	28.291947	-11.655296	6.816562	-28.429770	-5.599990	-10.134536	20.967263	13.212974	8.692297	-6.865939	-6.341501	-20.299442	0.351821	10.679479	-14.467177	-16.723835	-12.523621	0.272143	-13.484971	24.164535	16.506711	-22.752776	11.238984	-0.885296	-18.184422	-0.846759	-25.226533	-4.835044	-18.370888	
-24.146543	-13.738509	6.159721	3.091391	15.910769	15.061744	5.173194	-11.659588	-7.283206	24.856440	15.640080	-3.683505	-23.762636	-21.966301	-18.253425	-9.685096	-7.397621	14.823284	2.819539	23.341351	4.275030	8.982699	-23.507338	17.104719	1.857863	23.156030	-8.170175	-9.060093	-14.008848	23.478060	-15.128878	6.016703	5.646076	-12.368758	-23.920839	20.151881	12.746201	-20.642175	-12.591457	20.644462	-18.306343	-0.523377	3.307545	-22.740421	20.550565	1.077363	21.808774	4.519442	-22.994460	-20.593995	
10.435043	19.335703	-19.997344	-17.685473	22.587927	-17.877155	-2.583132	4.423846	-7.358181	9.978389	7.626536	10.795690	-6.804415	13.238292	16.432237	17.398125	-10.139742	-8.238788	10.418221	5.196838	-3.914972	-15.835205	19.905339	-12.988454	18.780409	20.535464	-12.295027	12.276643	-7.173575	20.334781	14.670683	-10.187126	-18.269547	-22.250717	-2.885231	8.921849	-9.265613	20.499081	-9.695755	-10.582249	15.064628	4.846532	1.267269	-18.683345	-17.366709	-2.048066	-14.024016	-2.900696	-14.340346	22.122205	
-6.971893	-25.674694	14.880226	-17.929364	-19.471892	15.787785	-5.366692	13.064790	-22.284234	4.952704	23.905653	26.889256	-2.598438	9.864463	-25.343599	-8.346868	17.170776	-2.374066	12.845577	6.095342	-14.293430	2.813180	-10.340173	26.267781	1.226288	13.447816	10.252057	-14.020914	-20.598737	21.508836	-18.099534	25.292824	-22.338392	-7.008096	-10.628789	-8.418046	-15.643935	-9.914078	25.847510	-20.375121	17.578021	-21.887783	-20.325009	6.912711	-4.950876	-0.945934	-14.823677	7.605735	20.652031	-4.134233	
-12.910412	7.774759	-12.226394	-9.587690	18.866888	13.316994	-6.025205	-5.038713	-17.869839	-2.932450	23.744239	-1.863997	-0.420696	-8.102898	18.229370	-14.987909	2.716442	18.825999	-8.733755	24.643862	20.303515	-23.197837	-1.968032	-9.780986	-4.133000	10.330036	18.941310	21.745593	-14.482762	-1.875060	18.400370	20.536103	4.656187	18.465983	-20.895117	-20.656386	17.651982	16.300299	-15.305581	7.600780	-22.245287	-21.609394	23.985562	-1.631868	13.832619	-24.021397	-22.161537	4.131561	18.240496	15.023717	
-22.545943	13.818994	-28.112216	13.091385	15.883542	28.849774	-17.122307	11.393083	-28.122878	8.699359	8.836707	-21.461009	10.059423	-20.047201	7.053115	-11.675834	-28.757887	22.700671	-15.930524	26.003577	-12.216867	1.698395	13.010131	-24.871836	-0.178890	6.881406	-12.358289	-2.222632	24.529339	-25.508267	21.846960	-5.747576	-22.459266	-8.545210	-24.510757	2.622700	12.007962	9.373502	19.565408	-15.472208	2.179873	-27.129493	15.180061	-0.471944	-22.027606	21.159429	6.336055	-20.231883	-8.010198	16.664716	
23.573925	-13.582278	-14.475114	18.362690	22.322006	-7.543342	3.776899	-0.837079	24.064722	-8.819507	13.077462	-16.529374	18.193145	13.377270	7.837053	25.932450	27.643170	-3.661345	-24.259570	1.621972	4.876692	-23.413279	-2.593435	17.062064	2.894847	19.887859	25.081740	-19.326881	-7.239289	9.006547	10.851072	-16.502823	-2.845097	-5.280666	20.910646	9.243790	2.242280	-0.454304	10.412896	-6.188865	15.202370	-11.172693	-2.546355	-13.584288	-6.588411	8.761759	12.437190	13.784782	-13.451089	-13.114767	
-4.881421	17.740751	13.924966	-4.563416	-6.752026	10.282142	-6.789145	-22.310539	-16.120684	-7.264198	-23.141501	1.257056	-22.197229	-3.463062	13.206147	19.782544	8.653495	-3.126290	-22.337029	20.983047	-14.786370	13.361711	-15.383710	12.668439	-14.390379	22.832843	-19.115889	-6.038791	7.332439	19.103009	-13.018437	2.545077	18.465000	23.854431	17.480194	-23.537208	18.371054	-6.876066	8.247215	-5.957925	1.120935	12.563358	-10.497087	-5.833768	2.392178	-3.945131	9.157267	-23.047583	19.707024	-10.259953	
7.078275	-1.902728	-22.058290	10.545775	21.816137	6.901948	8.165188	-9.788997	-20.068866	-17.920810	-19.708190	-23.820826	9.223182	16.216286	2.836340	-10.045132	-22.317163	-11.565551	-8.125298	-17.066997	12.149995	21.181836	13.261309	-2.491698	-1.962826	12.140378	15.987436	-18.159103	-9.962241	-6.483900	-23.382480	-17.092214	14.117303	-20.127361	3.782946	21.109867	8.438363	0.966197	-14.813932	9.644780	-9.641084	18.856950	-5.367341	14.651666	-19.013886	18.363857	-21.364719	-12.190453	-15.436414	14.334722	
5.928967	2.631483	0.991777	12.618003	20.438516	-4.535310	-27.045532	-25.854706	-9.266417	8.017353	-7.803029	-11.481234	13.063036	17.272556	28.278825	-20.507511	11.884896	21.287751	25.297503	-19.048739	17.618799	-0.274727	-21.248908	10.101603	-20.661088	8.456906	14.295160	8.059492	-0.645725	14.785492	-26.310382	17.700574	-23.325106	-14.246027	16.851607	-19.152555	21.711743	21.229774	-3.426099	28.256473	-0.480222	27.331076	-16.617000	-19.534268	8.862086	0.267197	25.850611	-28.132765	-2.731960	-11.173192	
1.613312	10.771363	11.128472	-24.872705	-3.277697	-8.238595	-24.166700	-12.690859	-19.920424	21.979374	22.361542	24.504369	-16.665395	-23.743209	18.760535	3.448578	-26.253484	21.050873	-4.501763	-25.995146	25.517315	14.873235	17.355884	18.820894	19.526796	22.187616	10.765614	8.042096	0.094666	5.561636	-25.945673	25.379786	15.456065	22.703467	-17.836484	-16.392999	3.304128	-10.805059	-8.615935	9.080030	-28.687495	-26.365778	21.109376	-26.451998	11.104169	25.104707	24.732967	-2.520286	20.584900	-10.125168	
-19.915190	2.952522	-14.401683	-23.764590	13.894042	8.643933	4.714732	14.371268	-2.012528	18.677443	-25.325861	26.314743	18.499110	12.498887	-18.673322	-13.776473	2.739333	-18.380890	29.279417	-27.834061	-13.140187	-5.725553	29.049082	-27.653011	16.582849	28.174203	-1.196209	-2.899383	-16.660447	-4.474093	-4.975200	-0.370215	-9.542125	-7.298980	-6.325475	-8.661782	-20.944844	28.328331	12.664783	24.861655	19.807982	-12.758885	-16.859375	-17.506074	-27.478633	-21.162798	-10.856921	-23.227770	-13.036624	-4.986221	
-8.631921	-24.973475	-14.136119	-22.430688	-2.124000	10.835776	-6.678672	-12.375081	23.182896	22.987981	19.745000	-0.309999	18.931363	3.665885	-25.209117	-13.956800	-12.817336	-13.126887	-20.823100	21.629774	-10.531536	11.696780	-14.518504	-7.597803	-26.895369	11.211362	-11.383358	-13.180210	20.546288	29.127456	-25.736412	-11.418341	15.157672	-11.100106	-28.041735	-14.143848	8.092136	16.749504	-8.000536	-22.270769	-29.595228	12.166401	10.478576	7.654140	15.798305	5.717135	-9.695534	-7.609987	4.664893	3.116955	
6.428341	21.182183	2.982564	26.437841	-6.900020	-18.285719	9.217305	-8.568539	-11.757281	-21.961002	14.608634	-21.395953	26.368656	-2.127061	-4.797712	-10.005106	12.121045	0.780687	8.281207	22.116581	-21.086167	-11.326642	15.398148	20.641641	-24.008860	-21.982685	-9.623805	18.432918	-18.028366	1.293279	3.403560	23.078600	1.986246	0.085745	1.920727	27.360070	23.697083	24.887460	-7.184049	-2.268233	8.043695	26.455377	3.785484	15.515395	26.204036	22.461090	24.016017	13.522599	10.228297	-23.191051	
2.996988	17.677862	-12.572609	6.938889	22.319692	-19.180269	19.473693	-0.945591	-10.211883	-14.288125	21.981079	1.486438	-17.375291	15.251747	16.540579	-4.520145	-17.620267	-9.268906	-11.524609	-19.006955	21.108246	-7.023111	4.390479	-2.980719	-13.439043	-11.655207	-0.328311	11.608125	-23.201525	-0.007722	19.506162	16.260336	-13.906911	7.990011	-21.118893	-20.903445	-7.714724	8.800737	20.568434	18.058645	1.962035	-2.763136	10.634599	5.844579	-14.917821	-15.098853	-11.754881	-17.332844	8.941777	20.244055	
13.696892	17.418707	-10.110211	-23.480659	13.826678	1.864036	-17.301510	22.568060	8.904076	14.564870	-8.539867	-17.143720	-7.148519	-10.683457	-1.249421	15.439445	-15.911238	-21.171361	13.045098	-20.590883	-12.051526	-14.693770	-14.293762	13.937865	-21.459486	20.240532	-16.810391	8.690569	14.476549	8.197665	5.822808	-12.620389	-18.895352	8.099565	16.074326	11.166262	14.428022	15.282325	-19.776354	-20.592205	14.478399	-11.309485	-9.774549	-11.068959	-18.504753	-9.090853	-11.870028	-12.863803	-14.539218	-15.754362	
-1.567409	-16.121809	3.995412	-18.057878	13.586907	6.973948	15.485528	-17.254684	8.951889	-10.223385	-11.347492	-10.384709	11.589243	0.386145	14.199354	-15.233053	-0.318266	9.818830	-12.682200	-0.075546	1.950699	-12.887512	15.607329	-17.967983	-12.409133	16.485453	19.729309	4.227268	18.584042	13.930739	15.324937	18.502369	-5.224329	18.271281	2.159557	15.827913	17.402300	-16.350803	5.756429	0.909861	-1.076186	-2.519355	-19.795983	-4.022266	-11.320668	-0.831836	7.573759	9.979076	-16.718250	-7.809823	
-17.110596	-3.034950	-1.257168	-13.542311	14.394692	0.615954	8.645654	12.175495	14.371090	-2.524536	8.653322	0.372039	-15.631432	-22.207607	-5.223015	-8.810242	5.054276	-7.383172	-16.568318	-13.074770	20.474719	-4.677461	10.898188	-10.712421	-0.713928	20.685313	4.888176	8.140480	17.327920	17.163961	0.725068	-8.748766	-4.214625	4.834871	-11.000665	-0.095313	12.140393	15.429582	-16.144642	-11.624364	-16.796001	16.093769	-13.849670	-19.319910	12.409297	21.705680	7.925082	10.723635	10.425504	2.882739	
9.427874	-11.520260	7.561858	18.832225	-12.275159	21.919798	19.123067	-16.584904	15.723384	5.897248	-15.905830	0.444671	-8.150256	-3.360066	-2.289724	20.278857	8.180146	11.730153	14.814273	-18.685571	10.197441	10.435979	11.874382	-5.337839	-4.790467	2.615969	-1.057720	-20.491531	-21.034598	11.464924	-13.765744	6.164544	-4.429677	4.116604	3.199324	15.105390	-3.088775	4.158635	-21.973250	11.187837	-6.718556	-19.235547	-1.999995	-19.990307	11.146276	7.752626	-2.731623	-8.680563	-14.705522	-14.123753	
-12.633748	-5.353078	-10.776640	0.861872	16.901621	-20.040391	-4.595137	7.532891	-18.377658	1.832292	1.070621	-9.106415	4.443471	17.345926	-8.186236	11.018320	-9.415598	-5.373495	-18.595032	7.897945	0.593282	-7.893243	0.254699	-2.253580	-16.779722	-17.566570	4.071953	10.283509	16.516366	-5.344408	10.243886	-17.702860	5.872549	15.800793	9.255855	-19.306552	5.203877	-1.407370	16.819260	4.522910	-15.034312	5.547370	19.786287	1.452819	12.311074	7.043385	12.572204	-13.459966	-7.180464	-12.829051	
-13.094022	-16.048115	-8.135587	-17.022337	2.033802	-8.667232	-17.300889	-0.384393	-19.001792	-18.402769	-19.673850	16.395455	10.033232	-9.912175	16.481365	-20.197764	-16.141288	8.758617	16.388099	9.786614	-8.040468	7.199951	9.788542	2.971176	-13.105820	17.400077	5.594299	-4.563609	4.575520	3.817272	-17.251466	2.640914	-15.085217	2.174204	-13.032678	0.558420	7.350236	7.568931	13.216095	21.522109	-8.660576	-5.225794	-16.029087	-11.724212	18.118427	1.995329	5.131402	-20.133705	-8.228217	-15.661490	
-18.169866	19.719762	2.369714	-18.140239	12.838735	-16.294416	24.109236	11.898868	12.993420	-8.809974	-18.638477	-12.025325	6.529067	-16.688247	24.641703	-17.476664	23.961103	10.427216	-5.122507	8.999189	-0.147627	20.667698	9.400442	17.591313	-26.010108	-25.346593	3.302873	-9.173171	-25.910976	3.890933	-20.792738	-26.568730	6.873534	11.653332	-8.448821	22.409124	-26.333727	-17.532380	14.804039	-0.037548	-10.528257	-18.508453	3.030204	13.675008	8.860102	1.440841	-1.027993	-13.553570	26.159035	-18.245520	
-8.571324	11.995241	-7.848240	-1.974080	20.688843	5.954892	-6.487272	17.473542	-20.451814	9.198595	2.702911	-18.619701	-12.386923	11.293063	-3.603496	-15.456741	15.537828	-20.473992	15.334014	-11.411063	-12.316495	-17.594082	9.844599	-17.544975	5.172358	11.085034	6.460149	10.573130	-12.529732	15.138481	-21.162110	-15.116611	-11.343821	13.323759	-21.646338	-19.960734	5.234049	-7.780883	-21.032334	15.689871	4.285246	4.423610	-8.249781	-19.025826	9.108146	17.685750	7.181205	12.449169	-11.054646	4.457261	
10.537073	4.119890	6.542689	-10.482474	14.085984	-5.868021	-7.028855	-15.026894	3.250658	13.577399	0.313488	-8.806578	-3.808783	-15.625070	-2.844056	-8.259308	13.782958	20.329643	13.944626	-15.487431	16.063379	-16.280561	15.096965	-16.404047	-5.369537	14.724786	-5.323519	-13.769429	1.332471	-20.257783	-13.600559	-16.093118	11.316336	-15.418017	0.098283	-5.061394	-2.482499	-9.610395	12.296574	17.740153	-7.812120	-6.215798	-16.319375	3.937571	-21.538636	8.500171	-3.302790	-7.389651	8.520761	-14.589812	
0.310632	-19.017010	-4.749120	-25.470170	25.742582	21.597239	3.763761	-18.950149	-15.668312	3.042497	23.476067	-4.961987	-11.700206	19.336989	10.528229	-20.090450	-24.312097	11.570679	12.631984	-1.121760	22.908754	-12.465811	2.378241	15.270968	0.354339	-3.735957	14.228752	-23.302725	-2.167635	4.483920	-24.469076	6.753784	7.319721	-24.709971	7.350180	-11.510210	24.749680	-24.618561	-11.479914	1.398874	-25.021794	11.557039	-0.453869	-23.067503	12.742800	-2.866819	21.661611	2.130375	15.016977	9.772875	
-17.564455	-17.417261	4.286789	14.064103	-19.133120	-24.538079	9.936161	8.240714	16.376832	-3.815470	10.220276	-18.229499	-7.636566	19.265064	-13.576420	22.313207	-12.838562	13.468554	-12.092216	-19.719597	4.796129	-24.129701	-0.002226	-2.326208	-9.375058	10.977204	19.202112	0.367977	5.537950	-5.426957	-3.516443	21.558174	-5.572777	22.032165	-1.761860	-7.574895	19.169084	-2.570810	14.907887	24.625225	22.794133	-6.013142	-5.175385	2.560565	21.219676	-8.788015	-11.631126	12.547367	-19.349213	-2.602884	
7.630974	11.010265	7.651771	-10.727226	1.604931	5.281534	19.364845	17.839061	21.631905	20.460776	9.533541	-4.736634	-20.588417	13.736427	-14.284619	-4.826983	-7.550266	7.340285	-4.480677	-18.406891	-8.964412	-6.170765	-6.211872	16.329777	17.952303	-3.985863	19.973224	-18.449809	13.500260	-13.304202	-8.599812	-21.932629	1.008371	15.428963	9.800119	12.446130	-2.047044	17.896346	10.025037	19.685515	-3.278582	-21.683351	-18.683019	-9.204337	20.353574	-1.450397	11.601195	12.790332	-21.629247	-9.989017	
-19.568648	-14.018368	4.428339	18.652220	-3.708644	6.979734	-12.937706	-11.368885	11.059984	5.626080	-5.445662	15.714922	21.819214	-18.779187	-6.641891	5.839945	0.323115	15.412779	0.070622	-18.857113	-4.927859	14.196534	11.025765	-13.689319	-16.417414	-9.736273	5.331499	-4.685242	9.184472	-12.546646	-6.592175	-19.803396	15.719633	-15.876692	-0.673639	16.534322	12.506569	-8.886730	-8.919985	13.221243	10.685647	6.403058	-6.356590	-15.801067	11.265133	-21.819321	-20.815839	12.932064	-18.697106	-17.716666	
-0.191646	2.320199	4.014334	-5.626966	14.709571	-3.013730	9.927040	-12.928047	-12.847806	4.796506	-1.997714	1.950247	6.344834	6.901687	-3.056134	1.906840	-0.969419	-15.199118	-14.839366	-4.154301	8.518454	4.686954	-6.247940	8.212988	-5.822824	-1.038037	10.976512	-3.145110	5.029617	-11.990671	-7.530370	-12.607143	-5.920833	-0.687290	-12.300807	-14.961148	9.023642	-1.173862	4.536858	7.752178	10.888815	0.683349	-10.971008	-7.499890	2.089418	-10.913511	14.097728	1.297260	-4.642975	4.599606	
16.743281	-1.923079	-18.291598	-15.452872	10.289431	0.939631	-21.625010	21.908173	-21.118879	3.766727	18.912192	-24.910843	11.774550	-13.756075	15.652894	8.308405	-19.152963	16.471043	24.539550	16.556177	13.593414	-25.916667	16.402032	16.615413	-2.210346	10.861422	24.104651	-13.805965	-7.908615	-8.633432	-14.357780	17.877589	-19.601512	24.564019	-20.804150	-15.476874	-25.168299	-24.229684	-16.244311	6.264758	-4.628728	-1.471480	-20.054842	4.814072	17.235838	-4.612362	-1.944322	-7.914685	-17.080499	13.879737	
-17.290835	32.868717	6.514603	-17.314122	11.362163	24.780844	-12.259333	24.907677	2.287103	-29.988897	17.369570	5.276105	-5.460035	14.759987	20.723759	-8.940212	7.589251	-6.179765	-2.882404	23.521556	22.327004	11.425423	2.214276	15.929228	-0.754936	-29.017273	-4.551510	29.631796	17.862241	26.007425	6.075910	13.691847	26.571089	-10.973801	-16.187095	6.629334	-26.706527	-28.981482	5.986688	-27.311715	22.153974	9.454372	-7.133848	-11.826211	-17.122405	21.178961	17.679587	-21.648295	11.434513	13.590447	
-21.401851	-0.013913	15.748954	-7.359282	-19.456202	-2.063537	13.205742	-24.330435	1.700873	16.967088	22.050291	-0.056872	14.996459	3.644672	20.727566	-10.150409	-10.329366	-22.199512	16.142001	-1.621692	-17.918429	21.688384	7.972126	-12.773161	17.244247	2.119956	7.089262	13.966946	-7.038695	-22.613966	3.422777	0.868200	13.208000	-12.737761	1.489029	4.790483	-10.763456	21.899937	-9.047694	23.192481	-9.767300	-15.437285	-9.878464	-13.859309	22.983561	-23.645655	-20.236553	2.056957	6.408423	-25.522568	
14.940725	-3.983485	-19.276185	-14.838921	-15.766303	-20.719255	19.423395	5.498119	22.495735	22.788097	-7.730178	-4.644163	15.756440	18.806561	8.763063	4.125213	-20.621177	-26.961373	17.393977	7.981341	-5.527333	6.242148	-13.573660	15.194019	11.242214	15.547179	-25.410742	13.914485	27.588391	25.662620	-21.667629	-27.415390	3.541528	10.964938	19.724412	-16.825993	12.586629	-25.920077	7.655787	-20.787639	-13.546512	-12.399360	16.835453	-18.376286	26.311328	-15.395377	24.652092	23.608103	13.525136	-6.020129	
16.183252	-12.356589	16.961903	1.769459	-18.650582	-25.446792	1.512266	9.542101	-28.911084	-1.453471	-0.061644	1.403900	6.870120	10.531175	-5.914788	23.707038	-16.611529	-2.391764	-5.434188	-11.918197	-10.291852	-1.253936	10.066748	-2.575311	-27.589322	-28.290043	-14.942163	1.821194	-7.574055	3.668575	-12.582011	-3.891009	-7.739540	-25.789320	2.086780	-20.961551	2.410986	-28.424224	26.690576	8.686627	27.819694	-26.285156	-26.488058	15.947048	-10.715553	-13.373581	24.077324	12.958787	22.509349	-21.169704	
-1.013003	10.415473	13.706919	5.327284	10.550754	-15.105630	-8.946233	-10.593242	9.905309	-10.079728	20.035518	18.799437	-3.329504	21.635155	7.227309	13.189496	-5.017292	21.490839	17.659833	12.070285	-14.193698	-18.861103	-16.806260	-19.904616	14.027177	5.199997	-10.781748	-16.020912	-0.647755	-16.579755	-10.265265	-12.367507	-5.844999	7.615669	11.592491	-17.750626	2.630889	-5.681112	-9.104297	-14.214836	1.759517	-18.921270	-3.544394	-11.826286	3.480457	14.154181	-12.313134	-21.406139	-9.693671	-2.947997	
21.381956	9.598077	-16.273748	-11.279253	-9.712169	18.122190	-14.332913	16.068021	-21.041119	-2.440634	-18.668488	-2.741801	16.347744	10.172330	-7.646431	-18.989711	-7.108850	-4.440691	16.876518	3.029744	-24.015587	2.772409	5.050829	8.304270	6.322712	23.295831	-0.325313	16.111582	12.201702	12.365286	-9.812763	-18.071231	20.911934	10.632568	5.538724	13.335792	21.871317	17.601183	9.985748	3.385996	-20.942833	19.756981	23.198804	-20.700235	15.281510	-3.072466	-8.633270	-24.765729	15.881534	13.829618	
-4.363208	-18.837053	1.115725	10.054308	17.000371	-9.326523	12.064248	0.847123	12.051175	-3.462450	0.223129	-1.814289	-15.280044	-4.491443	5.728866	9.180722	-8.175298	-19.145547	20.740092	15.011277	13.092416	7.609500	-1.933735	17.226544	-11.098294	-15.244986	-5.585539	9.071387	-19.922965	0.777808	-20.717265	3.631581	-10.832922	11.795124	14.854758	11.865676	1.042072	19.807854	-3.692942	17.311874	-1.560159	-15.337668	13.749988	3.846277	7.741417	-1.797367	6.416826	11.238805	-10.695549	-11.373246	
-17.000373	10.539400	-26.643769	27.102630	-9.929861	-12.516043	22.182034	1.454281	-2.269618	-1.199897	-7.974723	-21.520791	2.470771	16.176582	1.166335	22.341271	16.900989	-26.618234	-21.979770	2.070335	10.382516	-8.177521	9.526407	-19.514060	22.088031	20.468192	-1.518840	24.864612	1.545989	18.703187	8.337065	4.561079	-12.858827	-22.040634	26.045669	14.467949	24.132616	-14.866511	16.755178	22.665957	17.839140	6.236402	22.643092	8.140315	-21.759018	-5.814231	-14.496508	14.137350	1.221131	17.575457	
-10.739889	9.981860	-21.908858	19.795939	-13.254661	-4.005379	3.135638	21.068223	14.606987	-2.298632	12.906978	2.143161	-4.685014	20.830110	6.029272	-0.386361	16.343219	12.598714	3.768966	-20.614867	0.021509	13.800037	6.447285	8.843322	-16.603235	-5.309873	0.594830	-12.155356	-16.547602	-19.764059	7.126524	15.180587	-17.037011	9.343943	18.963816	6.728447	-12.678093	-0.948530	-15.509350	-7.493281	6.489334	-16.966491	20.373624	-10.745188	16.869868	9.293567	-5.579187	-15.269770	15.444478	9.587228	
-10.749592	-0.891205	0.076972	-15.357110	5.202551	17.518509	15.852647	-4.657628	14.233685	-13.595818	19.536427	-0.410410	10.189127	-4.431799	-3.111659	-14.889500	-7.993030	-9.894200	18.656040	8.424483	-14.746589	-11.572076	-2.539188	6.000415	15.787464	17.100197	-7.546276	4.692772	4.458879	-7.659798	16.406863	-17.805425	-19.749540	-13.566741	-15.218428	-18.304161	-14.955380	-5.072194	-2.307656	-9.656926	-3.982444	-11.991714	13.341890	14.761744	-5.258442	-6.080597	-7.946624	5.786262	10.274402	17.909692	
8.624855	-22.499691	14.166776	-17.749143	19.246372	-21.197291	23.605629	-23.378464	-18.201961	6.213737	15.019321	-0.012999	-1.300611	10.878686	15.076988	19.146006	10.300513	23.803980	-16.448248	-6.498918	9.202113	-7.669044	-15.988073	14.811349	21.559419	5.431076	16.169077	7.929470	-12.592232	5.088733	-8.483203	-8.801134	16.145747	23.932001	-6.278438	9.875889	-6.462664	12.623778	-22.494474	-15.189635	21.641227	17.224792	-3.231629	0.367801	20.212631	20.863158	-1.280961	-17.849301	14.113474	-22.247580	
18.142639	-16.234147	-4.907549	19.206496	-17.236690	13.594936	-7.034373	-17.548098	-18.210671	17.012086	20.224826	17.846152	-0.841602	7.328025	-4.189708	-7.526287	-20.004979	23.525113	-0.867473	-18.443663	-10.007282	-5.419063	-16.670571	-19.591678	19.342138	8.140681	15.814116	-19.538468	1.912679	-9.021758	-11.541658	21.469722	19.843920	10.311529	-16.785363	-13.283565	-13.035912	-11.649326	-2.432407	19.483891	10.836854	14.827854	18.755654	-0.095267	14.907148	-7.816015	6.367266	-23.630947	-6.474153	-23.622452	
18.218075	12.049907	-12.422459	-16.695162	-29.675466	19.522372	-9.431464	-19.713683	21.030256	3.376001	-27.114950	1.785484	-7.594816	-15.476359	1.778893	-25.841352	0.974350	-19.696676	0.017753	22.897034	29.265799	-29.235623	18.937114	-8.219392	-20.320433	1.619749	12.610260	-22.892649	-11.803367	-19.333446	19.867535	0.138260	-25.152031	-17.810847	18.757319	18.674850	-21.760029	11.801431	-7.314427	-5.095856	21.595522	19.126268	27.447781	-29.346837	24.801234	-12.566242	22.435334	-7.943408	19.080171	-13.244313	
5.430024	-4.626347	-8.303568	18.835113	-11.137998	-1.369719	6.413344	13.759856	-21.953693	-20.008902	19.155357	2.879213	-1.231928	-20.785279	-17.593127	-3.416579	-16.278264	-16.902467	19.601577	-15.160639	-10.598476	-2.255364	6.961531	13.925017	6.845559	16.820712	0.839787	-18.301532	2.338276	12.938276	-7.894301	15.363486	-18.057822	-11.708556	-13.846029	-14.565538	-17.486820	-2.788741	-8.122509	-7.657883	-16.484220	18.852012	2.738242	-16.829980	1.805392	-18.700018	20.375625	-21.748774	10.753430	-21.028525	
23.734448	23.993829	26.160338	-15.200215	-2.189485	21.332689	4.508322	19.250306	13.661835	-1.384577	-20.277357	9.991020	16.365539	5.129832	-10.708513	-6.361304	-26.682606	16.073388	-24.807592	-26.598500	-8.808890	14.788366	-7.473941	1.331065	5.605057	3.564192	24.935423	-11.007951	-6.642064	14.874566	-1.898810	7.800814	-19.342671	8.906479	-16.398577	-22.752802	6.501618	-19.627530	12.456205	7.317624	2.335011	6.448715	9.006169	-21.131429	16.277109	-26.070850	12.848409	4.157698	-13.871722	-11.624261	
-9.470934	22.706048	-4.323717	-8.433947	-3.770611	0.035099	-2.960246	20.717736	-22.948054	23.144196	-6.850220	-21.584709	6.562111	3.878678	21.733188	13.703991	-21.642117	23.655438	-20.693540	-13.673707	21.153682	6.512747	0.472881	-7.819964	-20.165040	-17.418403	1.143498	10.242865	-20.214994	-16.202360	-17.201715	-17.957442	22.326716	21.382019	22.009056	-0.967027	18.248677	0.799666	16.588338	19.018021	-10.920974	15.247567	5.875485	20.999485	12.931792	-18.925548	-21.422212	-23.435376	-3.774034	-5.830239	
-9.118517	17.615703	-8.958728	-20.065324	-3.347585	9.530268	7.524834	19.679449	20.190992	9.956330	9.578671	12.156362	4.418348	13.147164	0.903985	0.041261	9.288646	4.645976	15.502610	-0.130138	-17.620757	-18.894315	-11.468484	-17.221372	1.665380	19.933958	5.499623	-18.034493	3.501665	12.106111	14.229136	-7.732044	-16.786945	9.517715	-17.231197	-12.137790	-3.946582	-13.213587	-17.683317	-14.686166	-15.316886	20.805351	13.042547	-15.602712	10.437196	-15.113954	-11.179595	-15.751500	-19.935501	-14.252407	
25.865405	-7.955888	2.999379	-23.807384	-24.097268	-21.062020	11.831382	-22.239646	19.178582	6.303602	0.001466	-4.719298	8.849719	15.012647	-16.859399	15.084140	-19.013180	3.979323	15.459351	13.817557	-9.493205	-10.956354	12.343049	24.897412	-16.756346	8.621784	-17.683071	18.677715	-2.598142	-16.984223	20.331225	-3.392554	14.527803	-0.001655	-20.831936	13.980053	2.631392	1.507859	4.914023	22.079132	-13.792733	22.340975	17.961439	-2.763358	3.931599	13.113726	22.795892	-1.991948	-3.499367	5.694228	
-11.190336	-5.206475	12.002498	-1.350274	-5.886390	7.808169	16.377090	0.766351	-1.429908	-17.125956	-15.624368	16.219070	19.732547	2.598756	-18.360651	-4.800906	-13.289501	-13.722618	14.824265	-10.410880	-8.406347	-0.239179	1.052552	-11.607674	-1.433416	-16.253499	-19.133283	-9.449971	-16.882183	16.321567	10.625584	-2.275242	17.369304	2.706805	5.100994	-0.185962	15.416703	-6.259210	8.554516	-17.404557	-11.623781	-4.867535	-14.281787	-10.413375	17.865016	-12.638750	18.378197	-12.294034	3.465738	11.432652	
8.094877	23.319376	-1.137817	-21.367571	0.664107	4.643120	-14.076688	5.241172	-4.915858	-12.486415	-13.984707	-0.638249	7.765342	4.262941	21.216412	-10.385321	7.204204	2.178479	-5.108118	4.377005	-10.754639	16.695514	-21.569576	4.263669	16.536121	-1.449939	-15.752268	-4.928171	18.940242	10.613933	3.990421	-11.422282	-19.414867	7.497973	-11.955440	14.633548	-14.624280	-14.486337	13.679819	-4.087372	20.874828	-20.863212	-22.352341	0.716077	15.909275	-14.878742	-8.095839	5.043000	15.634847	-21.911299	
3.869247	24.573891	11.163848	-28.045332	-5.385186	25.272295	27.881889	17.164568	-28.868630	0.111805	10.413669	26.959753	-26.730911	-1.043103	28.305071	-27.951251	13.657307	7.810807	28.108257	4.758459	26.579535	-23.659406	7.072617	7.441886	11.089084	-11.980600	-21.439957	30.366680	16.096411	-28.179011	-21.734990	18.063930	20.398343	17.965716	11.395985	-13.418526	-11.785543	29.314427	-2.747822	-16.641000	-30.634031	-5.266270	-0.624103	0.065403	3.321880	-3.938272	-27.413027	24.812907	1.971640	12.727248	
16.703107	-11.642566	13.101575	21.366008	11.075778	-6.486961	4.934690	16.804731	-24.573396	-22.237703	-12.068485	-17.636272	2.951799	-25.487284	19.968907	-9.052323	24.873232	-21.769166	20.409764	-12.047317	-19.933733	19.451270	-9.693864	5.581730	0.303493	14.504024	0.911124	-7.505607	8.502191	-24.805172	-0.979388	18.802313	-6.988975	1.385641	-23.478909	-6.601590	18.085755	25.298092	-16.547535	12.491172	-9.257057	-18.839245	7.309316	-16.908549	9.108202	20.888360	-20.535611	-12.640834	-14.151021	7.269158	
-6.767485	-17.054760	-15.784556	-16.425687	6.860985	-24.132144	-19.669639	5.758341	-9.004786	11.099181	-15.179883	-21.050883	13.176263	10.751536	14.476538	2.725619	-2.668166	-9.146493	13.123627	-20.059218	19.155078	15.168224	-11.627096	18.881731	18.896978	8.947165	-23.911012	5.505649	-15.513008	3.014136	-17.621417	23.764375	11.745875	1.500007	-24.002502	11.033722	6.677748	-12.915061	8.840747	-4.848434	-17.239798	-19.695210	18.467374	2.379359	23.653949	24.335695	-13.000431	6.235917	-13.611984	-6.778482	
18.897459	-18.312987	8.292432	16.412450	7.317535	-12.479613	-15.044856	-19.113635	-5.177829	16.051959	11.429803	13.169211	18.610027	-1.803808	-3.287601	-4.513059	5.780804	16.447300	-4.887443	16.615519	-9.413899	12.299405	-5.782188	-6.672145	13.176647	-23.858415	-0.149719	6.948132	23.114828	-2.022684	19.574837	20.242008	16.144597	13.062228	-3.354532	15.898759	15.649708	10.362545	8.839688	-23.537237	-23.483106	-10.446982	17.051390	-19.821786	-7.622430	-22.321956	-7.304747	18.631072	-5.559862	-21.004412	
6.540256	1.964848	4.144083	-0.290448	-15.305412	-17.266443	6.326541	14.342498	-14.350563	-15.622133	14.639219	-17.064586	13.918653	-5.802607	-4.183804	-2.718385	-4.719302	2.407203	-8.195352	6.793318	-6.596041	6.560912	-4.412312	13.583613	-1.039861	16.473872	-3.292947	10.042949	-17.745537	-11.473101	-9.163052	-13.066270	-0.408422	15.333953	16.213014	-12.083493	-17.821517	12.350720	-15.211365	-18.893514	-15.136088	-3.847050	-7.641493	-12.390238	11.250332	13.481606	14.699458	1.428456	-18.025451	-0.595316	
-20.017789	-4.164146	11.632087	13.607292	9.606481	-4.138337	-21.895518	7.785712	-3.802604	18.483987	-22.334786	10.812116	14.184292	7.762306	21.099273	10.918809	23.283550	-3.333422	-24.845926	19.581597	-23.294498	-19.430961	-21.184996	7.939858	12.514879	0.052744	3.144751	9.313609	0.329160	-6.122438	22.576851	16.021932	7.579441	-5.342175	-14.716358	-13.604231	-17.717006	-11.495512	-7.550628	13.133879	-6.630213	12.481862	5.816448	2.408697	21.920187	-0.265135	12.830130	-22.135581	-19.475321	-9.716758	
-5.901898	-12.442353	-21.016722	-17.605596	1.541000	-22.878421	-4.658861	6.290333	-13.095891	-14.025855	-0.008067	8.677397	-22.823646	-7.775942	-13.741714	0.483915	-6.231795	21.746938	11.192136	-3.452965	21.685663	-6.505826	-10.258549	-18.835822	8.391633	21.513812	-1.347258	-15.490579	11.350140	-1.574998	0.655895	-11.950686	-1.531248	-1.598449	-4.586767	3.341265	3.336574	8.355272	-13.439019	-8.998791	-0.282015	9.440030	14.514434	13.431930	13.307631	-9.514442	-16.263960	21.484520	3.948012	-20.517516	
-20.559094	8.488453	-12.885994	15.965001	15.793020	-5.434408	-6.559600	11.221427	19.163478	2.425161	-12.581428	-8.032486	17.577043	14.346091	-1.975353	-15.937736	-4.486218	13.167445	-16.897991	-9.680173	-3.988900	13.422066	8.240166	-0.989807	-14.302910	-5.941299	10.488759	8.259927	3.479840	1.923725	-5.870403	-8.357114	-0.436883	-16.629809	17.535326	1.269895	19.867631	-14.369008	12.576132	-13.329070	-3.931980	7.693254	5.753960	-6.017356	10.025897	10.849047	12.554914	-0.531604	10.558032	12.050364	
-3.143805	6.987640	3.252087	0.513413	-14.758676	13.611869	6.024066	-21.935195	-12.591784	4.003177	4.974492	18.645662	-18.641755	-4.615665	-23.603495	8.206027	-14.691214	-19.474410	6.818631	19.760212	-12.225143	12.361208	-6.632327	7.395161	2.534723	24.261184	-21.368769	16.702347	-1.166124	-4.105414	-1.266094	-19.103513	5.427705	4.727962	20.928834	13.156348	16.398339	9.272888	-16.643071	20.233107	-17.507548	-14.971649	-1.441320	24.411022	-3.201843	15.320524	13.575040	7.122476	2.889288	18.528874	
-3.372311	-24.966130	-11.565331	13.597740	-11.155654	-11.882762	14.587331	18.790494	-19.448109	-21.422558	23.470886	2.930051	7.911874	-8.239943	23.148415	13.789167	-26.347798	20.329193	6.699862	-0.167722	-3.811376	-26.304422	20.953129	-24.134745	-20.726864	18.567336	18.303487	-0.057337	6.726113	26.322633	-26.844587	-10.247104	15.773966	-14.361515	-3.335547	-5.820127	19.656070	-24.055522	4.723821	24.152650	15.258899	6.909026	12.088252	-19.229710	6.609452	7.498312	-18.571482	-26.755311	9.510436	-12.873167	
-12.709443	13.731476	-2.255924	20.757525	22.845885	19.631642	-10.098424	-18.771262	-15.690905	-2.288677	-20.595335	18.989057	-18.589724	0.520856	-21.632622	5.528897	-2.462529	6.707223	-23.320694	14.420422	10.610310	3.441529	-4.649446	0.684451	19.168430	11.197481	-5.993977	-14.913636	4.134149	-4.947133	-0.828932	-17.731148	22.589029	3.580872	-22.466633	4.044541	-2.102337	-12.084569	9.085118	-14.472337	-18.045545	-0.283925	-1.459352	-17.043177	6.592933	-5.785002	-10.786347	11.599177	9.770438	7.510760	
6.647941	-0.621563	0.089278	11.815825	18.681265	10.824542	0.914322	0.251324	0.255242	-19.556557	18.509550	21.185034	10.708383	24.542998	5.661791	-22.871432	11.867158	-24.978660	-9.636651	-9.737511	2.368809	-8.246508	-21.491892	-11.689644	-15.433840	17.061858	1.230471	-22.018561	5.083833	22.028922	-17.250251	19.048059	5.994622	10.624659	-10.857512	15.548381	3.682603	-22.053396	-5.562350	-4.069819	-24.087348	14.981148	8.734589	-9.438386	-15.390960	11.175789	2.472357	-13.148461	21.357607	-4.751973	
-1.364856	8.385290	-16.877695	21.862418	18.007570	0.694105	-1.606438	19.135392	-2.437795	-16.452350	3.446652	7.759682	13.685446	12.457531	12.648460	-0.727424	15.627339	1.331827	15.362715	18.303329	-14.312083	19.678170	5.904804	4.431598	13.041997	-19.704096	-13.853578	18.543947	-3.212946	17.926326	-16.467509	10.915845	-2.660272	-10.767486	8.403705	-11.823580	19.259449	19.174997	-16.752606	-13.160701	4.094397	-11.265084	-15.470689	10.146663	8.871852	14.404725	5.203202	-16.162289	-20.379784	12.755781	
-19.418164	12.650522	27.917053	-7.656145	27.445009	28.903086	23.882722	-13.169351	-13.547121	6.286035	19.881168	0.339577	-6.284445	-6.921181	-10.722235	-18.493572	-24.434915	-1.902794	8.670353	-7.156213	3.698034	-13.734970	20.139030	30.234882	21.990627	-29.685807	16.246190	-10.675879	12.763252	11.799816	-17.703948	24.874548	-9.849347	24.241492	-10.390055	-28.911195	28.072964	-2.998097	14.703010	-9.657728	2.220836	-23.869294	-25.654457	-13.874607	28.533951	-29.009031	21.137494	-10.413774	21.328731	2.220122	
-13.648699	-19.579722	5.429480	-17.302316	0.136942	-6.582572	16.866885	18.160154	-5.850598	5.802939	-20.692355	-18.502077	21.551749	15.852651	-14.852765	-20.788864	-0.472992	5.124689	-5.117885	6.206129	17.942072	-1.971814	8.805887	22.044493	-19.980346	-5.262138	-23.201574	12.079190	-11.542627	23.074361	1.036692	8.545312	5.524383	-17.294692	6.444534	6.645355	11.044467	-20.472735	20.127677	17.608050	10.650213	5.969518	-17.954218	-3.956655	-16.471377	5.300415	-17.100592	13.254960	19.782459	8.495845	
-9.240234	6.590681	14.378790	-4.575599	-14.401555	-12.281892	-13.393227	2.179956	-7.661472	-5.066080	-1.428300	-0.575599	-9.971109	-1.039951	-6.022258	-7.515981	2.141531	-2.201570	-11.216563	-16.913025	-9.374951	-11.182526	-1.743104	-6.406880	-4.949412	15.001342	-10.901973	-4.514108	6.759189	11.757269	9.663242	-0.260682	-15.978314	-13.822800	14.252716	14.390056	-5.900584	15.928590	-3.018159	9.042152	0.277448	8.412276	-10.643623	8.692548	5.212628	-5.005833	-13.547467	8.467801	3.708277	-5.256997	
23.408859	11.004711	-16.794674	-20.157215	11.515868	-8.666564	3.608312	-0.892510	-3.488051	21.614092	16.447477	-4.227360	17.863267	23.018252	-9.525234	-9.444949	20.030086	-16.932330	17.448962	23.275831	-9.200696	-3.897624	4.673799	8.197627	8.208532	12.469406	14.753468	10.739307	23.775887	-3.855243	13.467109	-4.126420	-13.318344	14.557836	-22.255058	-16.805368	13.981561	10.204742	7.287815	-15.175775	-21.422629	8.135126	-11.125020	-11.349305	24.633368	-18.721307	-18.546001	-21.095962	9.773189	20.855821	
20.191988	17.447755	-5.213193	-18.721460	9.832591	-4.552477	-18.132777	-0.367467	-21.318144	-5.128766	19.775242	-5.144756	10.507733	15.537745	2.706261	7.974795	12.587306	8.295956	21.725543	-13.050695	5.510879	-8.634200	-10.129250	-5.465786	-3.685278	20.364987	-10.376961	-14.493674	1.048262	-13.768555	3.422131	-9.313173	1.188210	-4.324916	3.600969	15.530769	-1.988008	4.829920	2.846344	-4.215152	-11.968803	-20.085828	20.738865	-15.665935	19.594910	-6.074245	8.921088	18.114520	-19.747992	-20.710693	
23.188511	-15.232082	21.680299	17.196307	-2.471032	25.889706	-19.021521	-25.697574	-26.579239	-14.492481	20.199382	-21.010882	10.458656	17.701618	9.681435	-4.425643	7.686125	-9.150434	-7.531114	26.675986	-17.449247	25.749885	6.674584	8.944172	-5.998407	-17.899803	19.597661	22.694820	16.017954	-15.120989	-13.566588	16.851791	-22.128128	-1.123551	-24.327846	-13.041448	-26.730906	-19.008530	-6.903940	13.509970	-20.494962	-1.220407	-14.563761	-17.880571	-0.497411	26.524280	14.728798	26.500645	0.728359	-8.746963	
4.987613	13.020139	-12.213671	1.715230	-8.981655	-18.952283	-22.323236	16.817768	11.380216	-19.225689	-9.276952	20.320058	9.445054	17.253353	18.830620	13.201236	-11.713104	-6.690465	-3.637163	-10.456749	14.149024	-18.026639	13.302571	20.256293	-14.272386	4.802415	-9.976283	-9.436789	11.257268	7.120046	0.104630	-8.668962	-7.240237	21.498110	11.390363	14.577550	18.965177	-15.808196	-8.325840	10.059479	-15.422371	-22.828147	2.771084	-0.399174	-11.118291	-18.339860	-16.484707	-13.567148	4.753431	12.031976	
-1.532019	13.480461	-15.139671	24.697073	24.221924	11.330868	22.109444	-3.528521	20.138283	-7.708114	-11.895918	12.959354	-27.699774	-27.316620	4.140628	5.166568	-19.238803	17.400878	-12.040119	-8.424382	12.417131	6.772186	0.294675	-24.212728	-23.409581	28.751648	-4.274810	-28.283744	-28.814769	-0.021976	23.156335	-14.226471	25.837090	10.152233	-20.120211	16.073815	-25.634042	23.832069	-1.263836	-11.563045	20.957365	-19.451398	-29.263475	27.223724	10.702366	-27.409038	-0.365061	20.197576	-19.958098	-11.220145	
25.936971	-20.932167	14.813920	16.628190	-23.112631	-15.064447	5.850670	-21.489763	3.810302	6.424520	24.129941	22.850495	12.198975	-8.060382	11.110964	21.294021	1.772287	-12.248038	25.507949	-5.138376	24.178458	10.658002	17.676053	-3.705600	2.120453	-13.680907	2.925589	20.884903	17.834073	14.612821	17.050135	10.465146	-1.302507	19.807749	-10.772172	-18.758307	26.135245	6.321495	-23.081381	-19.686533	-23.058323	3.395959	17.005670	5.322943	-5.920036	-26.860345	-11.010523	25.313180	-18.403415	23.135249	
1.048540	-16.046181	-2.531573	-23.670364	-23.254938	23.086199	-5.423909	-18.588908	-11.330646	9.326918	12.568689	21.074199	12.063233	1.710615	15.828844	10.416148	2.750178	1.303050	1.272433	-9.866119	23.276830	5.930623	-13.877339	3.749918	1.253129	16.424842	5.563085	8.254423	-18.824732	-11.126125	-18.465285	2.097409	-12.966201	-7.641616	16.492019	3.321872	21.730398	-20.903127	18.921152	-1.697077	-6.318271	-0.910235	2.703085	23.262604	-22.866004	-10.382168	12.721188	-10.601058	16.082208	21.124296	
18.110555	-20.535737	-3.769726	-18.890156	-6.291912	6.422688	-9.963581	-9.894585	-14.726604	-9.997103	23.680049	-6.680806	-24.800328	16.409055	-20.369458	-10.943086	16.051583	-21.755727	6.191001	18.152205	-0.468123	-16.349489	0.942704	-18.699816	9.931963	5.802321	-8.481702	-8.345418	-18.181945	-6.486670	10.182140	3.910602	13.676869	19.730831	-5.686945	15.713010	-0.988474	9.408491	19.745602	-12.370764	-22.321740	23.867099	20.770318	-20.105723	-1.283995	12.438489	-15.502355	18.648086	-17.437703	13.737471	
-14.353774	-0.904837	-14.068725	12.340315	-3.107638	7.664833	-0.749742	0.641760	-20.055215	-1.405514	-19.373594	-3.549819	3.049901	-15.126574	-21.454451	5.451355	-8.457737	1.790505	-11.132131	-8.579194	-6.144381	2.591658	18.591444	-16.615547	13.569158	-7.460487	-19.402968	16.508040	-17.330821	-6.647935	-0.825555	19.028434	15.556133	-9.906986	-2.761481	10.159927	18.641590	7.358522	-15.885742	-20.081973	-15.934046	-19.724748	5.885713	-15.107696	-17.240294	-5.114230	5.608604	1.449599	-4.047117	-18.626650	
-3.810594	-3.444059	8.361630	-3.572626	-18.470698	-4.132014	-4.586738	-6.922895	-3.939176	5.505237	6.790806	-11.093804	-3.470679	-1.497950	-12.260438	16.734077	20.259934	-21.429163	-17.762362	-18.014240	1.897450	4.189631	12.166444	4.657792	17.854417	-4.987815	14.106542	-4.412328	-6.100606	-6.872602	-10.083666	17.078081	10.954433	-12.571755	-2.576022	9.418300	-6.450075	13.644976	-0.723301	11.744379	22.645273	-17.288637	-6.749225	-22.136671	10.337425	2.370242	6.163838	-3.946586	7.158004	-9.117952	
13.123249	-27.821493	25.830246	8.657573	4.275492	-30.334359	24.839222	28.950898	-15.294003	8.244274	-19.531607	-21.720405	21.384039	1.177166	-27.054577	27.361567	26.051705	-0.532791	-10.270251	23.465672	-4.790474	16.883382	19.428626	26.587749	-22.437973	26.101713	20.538871	23.795180	12.763313	-21.531292	-4.147271	4.847605	2.611607	-20.861060	-28.502426	10.953625	-20.365072	-21.159399	30.083777	25.090733	-3.503405	-17.273742	7.785825	5.106343	24.344821	11.278820	-17.855200	3.654173	20.901148	-3.555849	
23.294672	14.537927	10.943079	-20.530094	12.058538	-14.618356	21.615337	-24.300803	-24.637098	14.512178	11.303211	0.149346	-2.560382	-15.941815	4.101044	2.068361	5.431991	8.477613	-5.245065	-5.752813	24.345741	21.985552	8.855810	1.657694	-11.402348	-11.398106	0.584286	18.306196	20.716337	6.529706	6.076745	-11.450554	21.826135	14.436194	-14.721648	9.932671	17.663480	-21.432919	-17.184055	-6.641853	10.918321	-10.997017	-4.214746	20.518923	-6.583470	-6.944530	-21.279528	0.364986	4.296852	20.580762	
-10.519604	-15.685529	-3.713819	-0.892425	20.682036	18.135389	-5.276908	-13.043676	21.229359	3.990277	-13.033614	-18.490023	1.061842	7.348612	-15.791995	0.311356	20.207146	-21.651526	-5.693643	-9.015613	-5.244504	-10.578837	-7.698180	-8.322423	-4.825398	10.068249	10.913067	-5.563287	17.685353	-8.663092	21.766657	-3.565851	11.975092	17.832284	-1.880048	17.307772	9.221244	12.760528	3.753192	8.122792	4.316599	-17.775924	-4.507163	-6.447945	-4.250234	9.173440	9.490786	21.027499	-10.830391	-3.146517	
11.749767	18.716355	11.019411	21.687928	-2.352211	2.244784	0.853812	12.136490	-16.922461	20.906985	17.540390	8.446503	16.146675	-18.865556	9.451674	-23.866548	-16.212763	2.647077	-5.280074	14.490863	-10.849606	-18.132566	-14.834774	1.800578	16.210299	0.190675	-15.103966	-20.415825	-4.442770	-11.718577	7.510377	-4.066781	15.136486	12.512344	0.637576	0.621217	-11.482330	-18.554172	15.297109	15.261702	20.363002	16.444295	12.611777	11.057313	9.780050	-6.262351	14.335963	-14.347748	12.970766	21.122449	
17.988693	18.401444	24.834373	18.744839	21.169423	1.068896	-9.602346	-9.875967	-1.829517	18.189476	24.623845	-27.379479	-6.822548	1.960595	-20.617334	-14.179043	-0.517863	11.248252	-1.375634	2.369607	22.699071	25.678073	9.349963	-25.648632	7.394759	7.093588	-1.320852	-25.958116	17.860285	-10.941398	-3.743565	0.020098	23.947999	-26.773622	15.945341	-16.322313	17.990523	-10.478886	21.781268	-11.259799	6.773081	-6.093453	-18.451802	19.563809	18.504226	-13.540580	25.749686	-27.987007	-18.978424	23.953064	
13.683877	16.908938	19.129627	-15.208325	-15.714640	11.994265	17.388059	-21.155034	-25.053829	-10.761083	17.654599	-9.169655	-8.974068	4.394217	15.111247	21.395396	-14.399438	-9.162317	22.928022	-9.324765	8.697940	-19.146368	7.588329	6.224936	-15.322184	6.850498	12.714105	-13.706485	10.984788	0.426493	-10.575753	-15.062996	-2.083044	17.201547	10.202401	-8.157926	-20.789971	-0.687344	4.874699	-3.554191	17.010655	18.715987	-13.064847	-17.266017	25.558536	-22.831102	-8.004325	-0.088430	25.037798	-26.709024	
-0.094496	-15.521850	15.881948	-21.530758	-8.549573	24.397243	-6.757598	-24.732071	11.295941	-19.325474	24.317145	9.726545	0.768592	8.091027	9.967354	10.981096	-6.911642	-17.953217	15.933669	-21.862802	19.345060	-11.178104	2.491031	-5.488448	12.653486	-14.217421	24.246401	19.449156	8.577393	14.498509	25.744200	-7.347212	4.492844	-0.102172	17.984420	-4.915766	-5.467554	-15.546676	14.120447	-25.095735	-18.155367	21.980986	-9.850761	23.236274	15.477583	17.318310	-13.141191	5.405173	-13.788643	0.727846	
-6.008435	9.585956	-1.652871	-19.376729	-20.551638	-8.819134	-14.016748	-22.907669	-22.248176	26.414825	24.417094	3.775258	15.029978	23.511984	-23.583168	-25.428881	4.255672	16.125787	16.957534	9.768049	-4.717837	4.643598	-10.718516	1.596285	-7.259900	1.468783	-11.530035	25.760546	9.244707	7.729139	24.839844	1.609072	-13.131940	18.955409	11.811869	-20.146224	-27.799169	10.000999	13.690046	-8.592653	-15.858119	3.968630	-16.374536	-11.583243	3.006379	-27.233278	15.503357	15.608841	16.802846	26.470554	
1.756977	16.736247	3.520535	-0.916325	11.859678	9.758474	5.390442	-11.307650	-5.924041	12.240494	17.071518	-13.147697	11.144766	-20.843258	11.699740	-12.008858	4.657295	12.977409	-14.119765	8.981641	-5.067355	15.498667	-19.434332	-6.143569	-3.047401	11.187430	-4.703251	-16.597183	-16.379541	-2.556936	-18.123034	-19.870512	12.867004	-13.909748	-0.307278	-7.874481	0.996378	0.753400	8.441426	-11.198286	16.413286	-19.130284	12.241351	-4.304280	0.323287	2.642047	-16.111266	-15.238980	7.475808	-18.046539	
-14.471948	8.301478	-16.726997	1.877412	2.194183	-16.396644	20.577358	18.472826	-3.662821	4.168786	19.628038	11.706926	-4.347955	-9.064237	-5.635549	-9.669740	23.774050	-19.385068	8.111891	-2.514962	22.482898	10.874058	-3.607246	10.295966	0.304943	-9.757725	6.770453	-15.013320	15.147412	15.684216	-8.675749	-13.767117	10.961843	-5.898817	11.282752	-4.690948	-6.115207	-23.913895	13.801105	-2.319602	-10.814788	22.010072	2.621468	23.652397	7.893470	-9.913209	7.193064	-14.584132	19.177212	17.372854	
4.313040	-22.982562	24.464989	25.601805	-20.307588	4.336349	-6.452235	-1.849301	-9.951087	-22.617521	-23.879301	-20.289298	5.626958	19.566270	-23.053273	-3.782065	-24.614911	-9.263417	6.464060	23.008577	-7.621419	21.297907	-9.815920	-1.935492	-20.165156	-16.680053	11.914901	-14.559822	-1.432707	5.810730	13.568691	11.799356	-1.364101	10.567571	-2.764693	7.294645	17.511527	6.552324	21.039856	18.726204	-11.469730	4.744854	12.300280	21.935691	-2.182433	-16.812101	-0.053346	-6.609497	8.470745	7.160122	
-22.008945	-2.173670	5.280253	-20.751595	-18.593143	-15.886865	-16.706405	-12.968531	-22.545202	16.211807	-25.310848	20.627722	-25.355792	-8.629000	21.456558	4.234770	-19.883424	1.361315	-6.093137	13.357888	-11.237927	-10.731215	3.735986	1.048742	-23.016377	-5.096067	-25.431735	12.934364	20.594697	5.428558	-10.905510	21.677463	3.510443	-4.520550	11.865909	-11.274055	15.390570	-8.281001	-21.967544	-14.323343	-25.990928	1.365779	-5.004156	21.458601	-21.072997	-13.548660	-5.594370	-17.708448	15.378312	12.152859	
-1.084388	-10.479580	-17.867330	4.853284	-9.359429	-2.296705	-15.819494	-6.945159	5.595353	5.394916	15.384976	11.711007	-0.779748	10.111166	-9.157699	8.407334	15.035247	5.944856	-17.917314	-17.643699	-18.645278	-14.116827	-3.511489	-3.142325	1.512346	16.485830	2.400252	-18.210977	-8.714977	12.082434	17.835211	7.351105	4.486651	-6.143101	-4.543291	7.473892	12.069297	10.032726	-8.645670	-11.248084	-10.360695	5.732797	-16.217325	-12.989150	-10.842060	16.887498	-13.656370	-7.244839	5.956834	-3.864659	
23.031189	-6.117168	3.587448	-19.348348	8.067365	8.509655	-7.478727	-23.344633	21.912865	-0.209252	17.357047	-23.672315	-18.009388	4.410519	9.879793	13.884243	19.924154	14.516512	-11.055412	23.419338	-8.139522	19.284443	5.716513	-17.490208	-8.534133	23.620035	-20.156869	-12.496124	2.640082	-17.842225	6.402580	10.598983	13.500759	3.028704	6.240342	-17.370666	2.331468	-0.870599	-13.007978	-10.608670	12.237216	-3.038234	18.983754	-17.242610	-12.005764	-22.127908	-20.993345	14.127102	18.957799	15.483524	
-18.635269	7.585957	-13.240395	12.101873	-7.790421	15.116958	16.585351	8.508566	-19.150136	-4.519861	-1.153878	-0.328682	8.230903	-16.350610	-20.253529	-5.667841	1.737771	-12.778068	-7.897643	-15.500436	1.643228	17.879349	18.601990	0.055546	-7.249405	-18.829989	11.818304	-13.691988	1.186873	-16.466912	-3.930896	7.042764	14.679466	16.462065	1.706903	3.862160	-14.039550	9.641239	-15.315095	-18.706671	-14.868306	8.211882	1.981029	5.026722	-11.578053	20.727088	-4.956938	19.578711	11.344579	-0.246237	
4.602080	-6.440053	19.274918	24.788240	10.580430	10.542734	-15.600670	-17.497932	24.627539	-13.761183	23.376793	15.926692	-0.600495	22.234691	-20.279882	20.363808	18.277571	-2.853213	0.735372	-1.678281	-5.118016	-3.202617	-17.416913	2.059957	-9.824660	25.923103	0.440222	-7.462651	25.207457	-9.571940	-26.045308	4.600759	-13.035754	-20.896463	26.217015	-1.994243	-12.409725	-12.080094	-0.014878	-12.822312	12.683674	-15.993389	-8.358459	9.724921	-15.780129	-21.906625	-25.548494	14.321229	12.263079	16.109897	
4.791889	-23.373421	-5.567969	13.559319	-20.902456	3.873296	-13.547872	6.331451	15.852574	3.706286	-20.002221	24.340494	20.159565	-4.765175	25.696089	-2.960238	22.819420	20.557386	-21.747518	3.683220	-13.651671	-21.862795	-17.801534	-17.614525	-24.482866	10.250360	-4.055793	17.434741	23.606738	6.238075	24.394823	20.895305	19.311198	-6.768731	14.913052	13.743668	23.046172	17.401553	-18.939597	19.128519	23.912369	-3.434208	13.030588	17.039041	4.259219	1.139406	5.990033	3.497747	-18.346175	-22.378524	
0.013881	0.034106	0.001053	0.003227	0.035833	0.012494	0.034360	0.031540	0.015168	0.008688	0.040860	0.011650	0.021626	0.011779	0.038570	0.015452	0.000263	0.020091	0.043151	0.029033	0.041714	0.002986	0.001761	0.042362	0.022190	0.001181	0.010792	0.027476	0.010558	0.006833	0.004201	0.019629	0.037541	0.022190	0.022326	0.024528	0.016672	0.006146	0.042615	0.041947	0.007214	0.029518	0.042356	0.019737	0.016803	0.000596	0.011271	0.004004	0.005559	0.034468	
0.002063	0.011053	0.025859	0.028010	0.015403	0.028337	0.006882	0.029557	0.028007	0.032542	0.007342	0.019366	0.029736	0.021223	0.030694	0.025487	0.026207	0.018802	0.035094	0.021474	0.035193	0.011077	0.031586	0.001187	0.032595	0.002339	0.002724	0.033800	0.022374	0.024146	0.011900	0.004333	0.033138	0.016428	0.015164	0.029042	0.025468	0.029073	0.010064	0.006139	0.004351	0.026915	0.021757	0.014619	0.032431	0.034214	0.017170	0.016550	0.002503	0.008582	
0.026247	0.010751	0.026181	0.034355	0.028857	0.022103	0.001107	0.027297	0.029652	0.011839	0.029072	0.024342	0.018544	0.026440	0.032248	0.006865	0.027685	0.000188	0.006533	0.033065	0.002224	0.003119	0.008271	0.031030	0.024788	0.025286	0.032990	0.004139	0.011830	0.013734	0.034175	0.004775	0.034627	0.025010	0.028226	0.013710	0.025609	0.031162	0.032354	0.030528	0.006074	0.006873	0.023450	0.003093	0.014961	0.019486	0.027059	0.029632	0.024926	0.003487	
0.001213	0.017223	0.005084	0.016434	0.018692	0.010220	0.042199	0.015891	0.008194	0.000413	0.025207	0.031293	0.020443	0.040524	0.024618	0.029604	0.020608	0.014832	0.034830	0.029715	0.020008	0.007284	0.010381	0.013629	0.029957	0.023648	0.030326	0.035325	0.041837	0.029819	0.023291	0.014082	0.015657	0.021347	0.028230	0.035056	0.029785	0.010602	0.014222	0.041125	0.006871	0.029255	0.000704	0.005822	0.006662	0.026176	0.006479	0.004121	0.019105	0.011958	
0.026900	0.010697	0.008071	0.012685	0.022032	0.020262	0.032227	0.003166	0.031396	0.012086	0.022108	0.014161	0.031889	0.022526	0.016640	0.023574	0.005364	0.008829	0.014999	0.035787	0.021840	0.030067	0.017091	0.030952	0.031254	0.038265	0.006192	0.002240	0.033644	0.031811	0.006890	0.021675	0.025191	0.007114	0.025337	0.035904	0.007532	0.031422	0.005938	0.003753	0.016981	0.006640	0.014313	0.028072	0.035170	0.022164	0.029749	0.025954	0.028418	0.003026	
0.032477	0.018254	0.032199	0.018492	0.038728	0.005926	0.016461	0.001252	0.031373	0.027523	0.014427	0.032337	0.020666	0.033367	0.013939	0.014238	0.012387	0.039403	0.021481	0.010813	0.000643	0.008935	0.028762	0.008601	0.026467	0.036686	0.014782	0.032639	0.011389	0.030057	0.033084	0.038049	0.015099	0.021617	0.027830	0.017295	0.003523	0.034691	0.002666	0.032984	0.015289	0.011895	0.000198	0.014158	0.002546	0.022278	0.037870	0.019718	0.004287	0.010213	
0.029826	0.019243	0.031532	0.021675	0.030126	0.026693	0.028990	0.014289	0.015793	0.025048	0.007642	0.009156	0.020482	0.012182	0.022352	0.014966	0.016787	0.018346	0.023876	0.029350	0.032649	0.026591	0.028053	0.005091	0.016398	0.031756	0.003432	0.014256	0.018357	0.012463	0.022664	0.012051	0.014119	0.000994	0.021317	0.016139	0.029596	0.001741	0.024354	0.029887	0.014729	0.020361	0.028174	0.032651	0.012548	0.013534	0.030060	0.027250	0.026838	0.013592	
0.020805	0.004613	0.022411	0.001756	0.012628	0.020008	0.036143	0.032817	0.006806	0.008169	0.031519	0.008380	0.007858	0.016369	0.002026	0.034225	0.000399	0.035677	0.035508	0.027433	0.020117	0.019620	0.022490	0.033066	0.025212	0.029826	0.025422	0.000127	0.024675	0.017614	0.008345	0.022984	0.005473	0.028513	0.035965	0.032961	0.032122	0.005039	0.031042	0.012777	0.020775	0.007770	0.034349	0.024114	0.011852	0.026027	0.008842	0.016099	0.019987	0.031244	
0.011511	0.040918	0.036717	0.010966	0.025852	0.042710	0.016579	0.018476	0.026398	0.001906	0.010022	0.026209	0.008120	0.002693	0.038237	0.027483	0.000952	0.002354	0.035558	0.028915	0.011118	0.013786	0.010457	0.034410	0.011232	0.002698	0.013527	0.042936	0.022739	0.034497	0.035327	0.028225	0.005169	0.014276	0.001507	0.019032	0.021506	0.037575	0.003263	0.019047	0.022862	0.038524	0.034419	0.014268	0.011661	0.013099	0.008438	0.041265	0.016182	0.004378	
0.015986	0.017423	0.020681	0.004501	0.004922	0.002404	0.012111	0.031959	0.026313	0.033789	0.028901	0.032583	0.031257	0.017827	0.004503	0.025880	0.023565	0.010445	0.028847	0.008344	0.034813	0.019467	0.004761	0.007627	0.012306	0.021651	0.011870	0.007353	0.012660	0.031538	0.027425	0.001603	0.001707	0.026724	0.024038	0.025906	0.039827	0.031592	0.023812	0.003752	0.034154	0.018726	0.015202	0.040055	0.017145	0.014609	0.027867	0.029694	0.036270	0.013604	
0.002795	0.036619	0.036388	0.022851	0.017527	0.034288	0.004360	0.000193	0.005960	0.038698	0.025262	0.015006	0.009137	0.025291	0.040271	0.012674	0.029580	0.011774	0.024475	0.007171	0.004049	0.023102	0.031733	0.034177	0.028545	0.024625	0.033835	0.019586	0.011883	0.011711	0.010550	0.036059	0.014794	0.003989	0.009279	0.029378	0.004359	0.012163	0.021752	0.002542	0.032879	0.028375	0.017483	0.034844	0.014054	0.021365	0.038120	0.027263	0.011583	0.005601	
0.007820	0.030787	0.010581	0.015200	0.003057	0.013538	0.023462	0.034231	0.021576	0.035036	0.025562	0.008859	0.015935	0.014316	0.007520	0.007460	0.034858	0.007391	0.028966	0.033132	0.025560	0.027907	0.033245	0.022953	0.011199	0.019822	0.034004	0.003687	0.029643	0.014497	0.031791	0.018236	0.021879	0.002244	0.036071	0.002988	0.013489	0.028841	0.026887	0.033878	0.033632	0.021269	0.008042	0.004670	0.023652	0.026336	0.014151	0.015797	0.032061	0.002280	
0.035080	0.027959	0.004970	0.032966	0.011877	0.026495	0.027555	0.010748	0.028861	0.026830	0.033518	0.027376	0.022376	0.005813	0.006031	0.009615	0.016153	0.010325	0.012006	0.033322	0.008006	0.012503	0.025666	0.024790	0.028470	0.021637	0.018256	0.029983	0.002735	0.022303	0.032662	0.033751	0.010535	0.030072	0.029511	0.019023	0.027455	0.016370	0.016157	0.026917	0.003233	0.004421	0.013705	0.020973	0.001452	0.028634	0.023845	0.003601	0.021388	0.032072	
0.015170	0.003607	0.012242	0.016554	0.017805	0.000645	0.033473	0.017606	0.032816	0.015714	0.014364	0.005530	0.036870	0.034810	0.006222	0.004003	0.018908	0.040259	0.035785	0.002029	0.033104	0.027084	0.001176	0.010089	0.000751	0.028255	0.005436	0.028406	0.024270	0.001206	0.008436	0.026245	0.002272	0.039270	0.027160	0.001999	0.011386	0.012278	0.036079	0.039670	0.020157	0.016378	0.038505	0.018352	0.032937	0.014801	0.031419	0.038679	0.028506	0.031281	
0.028550	0.023717	0.031183	0.015088	0.031536	0.031523	0.021024	0.014904	0.018587	0.011543	0.019878	0.028289	0.025205	0.023693	0.026634	0.015487	0.025798	0.017588	0.016313	0.023753	0.020808	0.016954	0.024512	0.008587	0.022263	0.016944	0.029939	0.009581	0.018107	0.026220	0.027062	0.016461	0.029256	0.020434	0.020834	0.018171	0.011967	0.024988	0.012428	0.029024	0.018181	0.010668	0.021768	0.014652	0.012256	0.019141	0.013033	0.017296	0.009689	0.008484	
0.018794	0.022229	0.012938	0.028938	0.031745	0.009471	0.031943	0.004223	0.004369	0.022549	0.025724	0.011591	0.031812	0.013475	0.023507	0.027819	0.004606	0.015945	0.027473	0.032564	0.032608	0.014265	0.003797	0.032009	0.025084	0.000857	0.034280	0.029050	0.013797	0.026278	0.012944	0.032367	0.003377	0.018857	0.003775	0.025858	0.007296	0.008205	0.032739	0.027443	0.030121	0.027233	0.031698	0.014395	0.020049	0.004084	0.026043	0.024747	0.020963	0.014066	
0.013233	0.031969	0.025707	0.026243	0.022287	0.013692	0.012133	0.020657	0.030195	0.031987	0.029449	0.010240	0.005286	0.026104	0.021515	0.008916	0.019917	0.012003	0.032686	0.009697	0.009984	0.000597	0.028061	0.028426	0.029829	0.015142	0.002077	0.031173	0.035410	0.015334	0.027859	0.031721	0.000418	0.011816	0.031840	0.023093	0.027126	0.009855	0.004603	0.033337	0.011363	0.014848	0.027111	0.005969	0.035186	0.018173	0.036448	0.018450	0.013413	0.017425	
0.026622	0.000318	0.003432	0.030629	0.014381	0.017559	0.023397	0.012451	0.037927	0.038762	0.024062	0.019223	0.017978	0.014771	0.044331	0.026310	0.039750	0.039524	0.043474	0.027312	0.007976	0.018132	0.002625	0.005843	0.017571	0.004309	0.005271	0.031107	0.000886	0.007414	0.011991	0.008112	0.028542	0.015413	0.007061	0.037020	0.039846	0.005399	0.015212	0.002205	0.022927	0.018942	0.000219	0.003845	0.040009	0.045444	0.036184	0.011020	0.006730	0.040532	
0.031733	0.019191	0.030663	0.028577	0.017510	0.027703	0.012320	0.029942	0.024214	0.032059	0.036498	0.015668	0.015449	0.027039	0.010541	0.005944	0.024274	0.030059	0.027053	0.013501	0.010172	0.014143	0.004440	0.036446	0.033682	0.031362	0.008713	0.033366	0.019245	0.029132	0.001894	0.017891	0.004758	0.002223	0.012366	0.006496	0.006254	0.003449	0.003457	0.035554	0.033566	0.014220	0.035350	0.032895	0.030120	0.016061	0.015808	0.004944	0.030198	0.011859	
0.027365	0.005994	0.021370	0.029507	0.033660	0.015404	0.029192	0.023043	0.024557	0.007076	0.032327	0.020126	0.003111	0.014900	0.034725	0.009672	0.034105	0.029210	0.021138	0.033253	0.003283	0.008322	0.021700	0.033772	0.007405	0.022613	0.033329	0.017631	0.032552	0.014269	0.004220	0.006902	0.001824	0.030517	0.001512	0.017284	0.034526	0.004844	0.025889	0.029911	0.030752	0.019696	0.007078	0.020868	0.005831	0.018480	0.023508	0.019457	0.019609	0.032680	
0.018402	0.001792	0.037517	0.032479	0.018075	0.016192	0.001612	0.003488	0.012181	0.019297	0.013338	0.023156	0.001848	0.036517	0.010951	0.016666	0.013051	0.019722	0.039212	0.038411	0.027997	0.017423	0.017994	0.000231	0.020743	0.009908	0.016058	0.011184	0.025418	0.025619	0.032781	0.022790	0.039497	0.027637	0.013208	0.037543	0.000678	0.023557	0.003354	0.023103	0.024887	0.017944	0.008051	0.019912	0.033503	0.013153	0.040265	0.031537	0.025648	0.014467	
0.012151	0.020999	0.028110	0.015627	0.007960	0.033230	0.025123	0.026272	0.003435	0.017606	0.022708	0.016181	0.009555	0.000798	0.029811	0.036108	0.031632	0.035388	0.022492	0.029773	0.028611	0.005057	0.002736	0.009589	0.035883	0.013840	0.014331	0.015768	0.003798	0.036171	0.027817	0.025777	0.000714	0.017481	0.033919	0.029669	0.014014	0.030935	0.013492	0.023301	0.007504	0.022899	0.025801	0.018648	0.009975	0.010841	0.035856	0.014430	0.016285	0.029903	
0.020649	0.018726	0.006785	0.032733	0.022583	0.029174	0.032319	0.011668	0.029607	0.019164	0.004842	0.008223	0.013007	0.028977	0.004322	0.021311	0.027583	0.013013	0.033435	0.019473	0.018525	0.021232	0.009787	0.023914	0.032966	0.005555	0.030604	0.008136	0.010802	0.015592	0.031831	0.026354	0.032375	0.025761	0.021040	0.031887	0.023357	0.008648	0.007789	0.030529	0.025420	0.001559	0.014766	0.006654	0.024482	0.033594	0.025251	0.008430	0.022307	0.023258	
0.021818	0.017892	0.028000	0.007082	0.016448	0.033548	0.019649	0.008334	0.020558	0.025720	0.022126	0.018176	0.018412	0.017566	0.036497	0.012557	0.012475	0.032159	0.018733	0.011080	0.025385	0.024104	0.029674	0.012030	0.026305	0.006662	0.029109	0.014073	0.010272	0.002911	0.021937	0.030191	0.034224	0.002794	0.005272	0.008196	0.013829	0.019639	0.030452	0.034281	0.026829	0.034311	0.023004	0.034797	0.015669	0.008249	0.026841	0.009765	0.006666	0.033701	
0.026560	0.017635	0.001761	0.028190	0.002936	0.030268	0.030491	0.032407	0.008985	0.020478	0.024003	0.021821	0.007651	0.008570	0.027829	0.028884	0.021618	0.015717	0.001846	0.029632	0.019018	0.027011	0.014999	0.002757	0.026422	0.027472	0.030530	0.009831	0.002987	0.010694	0.028812	0.029677	0.018792	0.029744	0.020335	0.028565	0.015096	0.024183	0.005222	0.031436	0.006601	0.031025	0.028504	0.019709	0.023012	0.014529	0.025777	0.030546	0.022228	0.007205	
0.005736	0.026359	0.037290	0.035964	0.010398	0.005710	0.040218	0.020620	0.012554	0.005636	0.004534	0.034280	0.029820	0.019301	0.021218	0.029346	0.020004	0.010354	0.004894	0.016836	0.003908	0.001955	0.038489	0.017398	0.025163	0.040077	0.007789	0.029292	0.030023	0.018032	0.039510	0.016917	0.008934	0.022728	0.010433	0.019475	0.013135	0.022912	0.028647	0.006343	0.035450	0.008130	0.031523	0.000061	0.006090	0.034579	0.007153	0.037823	0.012184	0.034779	
0.002309	0.040683	0.003138	0.029416	0.010625	0.028993	0.035764	0.003172	0.021927	0.014043	0.003458	0.028749	0.023754	0.030181	0.024186	0.008739	0.038033	0.015681	0.003474	0.017793	0.032694	0.018954	0.024566	0.031531	0.038701	0.002158	0.016893	0.013478	0.002998	0.039117	0.005198	0.024799	0.001486	0.017710	0.037692	0.040832	0.030293	0.005868	0.029985	0.001177	0.038446	0.029118	0.031880	0.020727	0.029399	0.005023	0.011002	0.014915	0.016137	0.003107	
0.024611	0.000523	0.030594	0.020337	0.021810	0.029885	0.011672	0.039030	0.018517	0.039649	0.037779	0.004358	0.040355	0.010348	0.018882	0.005515	0.013123	0.004301	0.026402	0.028057	0.015352	0.011140	0.009905	0.019399	0.029352	0.039228	0.040128	0.028544	0.033607	0.014101	0.003519	0.006415	0.026478	0.000281	0.016227	0.018460	0.040777	0.034178	0.019546	0.001423	0.020812	0.021596	0.004343	0.003117	0.007898	0.005672	0.020498	0.033288	0.025468	0.023496	
0.026609	0.011484	0.027134	0.001267	0.039707	0.032633	0.020009	0.011856	0.003849	0.004365	0.009256	0.002282	0.025730	0.039761	0.013510	0.032546	0.011042	0.024869	0.014957	0.008191	0.032677	0.034159	0.002268	0.019443	0.007992	0.033187	0.025969	0.005147	0.014495	0.039833	0.013328	0.001151	0.013835	0.037992	0.020376	0.028742	0.028834	0.026884	0.007392	0.001446	0.029087	0.025830	0.036722	0.005355	0.032880	0.026361	0.016988	0.011884	0.034881	0.023805	
0.019456	0.010433	0.021973	0.044429	0.026092	0.004602	0.012069	0.010680	0.014790	0.023289	0.037013	0.004229	0.012362	0.039839	0.031539	0.010345	0.022214	0.044658	0.016718	0.000208	0.024915	0.035205	0.021084	0.030750	0.006090	0.024769	0.004199	0.032654	0.036493	0.002565	0.016902	0.012265	0.015483	0.025748	0.037351	0.021910	0.007010	0.019053	0.033490	0.028330	0.018486	0.025677	0.000944	0.004422	0.009761	0.045227	0.007035	0.038647	0.003747	0.002849	
0.025450	0.014520	0.019820	0.005274	0.031189	0.010159	0.013868	0.019271	0.004335	0.025066	0.010002	0.017883	0.020619	0.027783	0.000995	0.031271	0.040032	0.013463	0.025195	0.037237	0.039500	0.022632	0.039525	0.033186	0.012177	0.015763	0.000267	0.038214	0.025610	0.022894	0.014155	0.022152	0.028419	0.009670	0.002065	0.015821	0.032515	0.013322	0.018796	0.018349	0.011664	0.006496	0.004641	0.041933	0.015996	0.034984	0.002899	0.016221	0.040708	0.005995	
0.025931	0.026911	0.026732	0.028151	0.007389	0.026941	0.025728	0.016188	0.025373	0.020096	0.003179	0.034608	0.033444	0.036806	0.013335	0.014409	0.007766	0.024805	0.027578	0.036163	0.013610	0.004849	0.025603	0.011924	0.019196	0.020990	0.001258	0.006470	0.008177	0.020445	0.004732	0.016621	0.024741	0.003317	0.037549	0.032701	0.020062	0.028130	0.000057	0.007070	0.038460	0.019064	0.018030	0.035783	0.025757	0.001373	0.014528	0.038809	0.037578	0.001584	
0.010692	0.019368	0.026244	0.016928	0.004008	0.008580	0.005077	0.037531	0.005979	0.026698	0.023990	0.031286	0.028821	0.035227	0.009006	0.029012	0.029261	0.032404	0.004788	0.016574	0.020901	0.028260	0.031022	0.019931	0.006551	0.014108	0.020723	0.032546	0.023876	0.027661	0.018484	0.019799	0.021867	0.023877	0.031599	0.023367	0.022317	0.021009	0.038971	0.003792	0.003303	0.017846	0.007790	0.001380	0.004123	0.009725	0.016123	0.031837	0.021867	0.033869	
0.001165	0.021152	0.004202	0.028766	0.009036	0.019818	0.029018	0.031403	0.019036	0.011068	0.009014	0.030644	0.030911	0.020451	0.011636	0.039541	0.037359	0.014447	0.014045	0.021001	0.022404	0.021546	0.024890	0.033624	0.022960	0.015170	0.023664	0.026406	0.007662	0.014046	0.009459	0.016143	0.033417	0.013125	0.011420	0.011226	0.035903	0.004449	0.030125	0.023176	0.032216	0.033253	0.016462	0.014142	0.001691	0.038930	0.038807	0.001090	0.016148	0.002733	
0.032590	0.016736	0.005539	0.032461	0.016390	0.011022	0.027320	0.032047	0.012499	0.024709	0.025000	0.009582	0.032489	0.009172	0.001301	0.023736	0.035288	0.031804	0.017377	0.016410	0.019928	0.029322	0.031788	0.003860	0.003424	0.009478	0.028627	0.030350	0.013840	0.033907	0.021004	0.009465	0.035545	0.003548	0.019524	0.023987	0.024906	0.019669	0.000194	0.002879	0.032202	0.012473	0.012895	0.033506	0.025197	0.025320	0.031917	0.015050	0.027929	0.004790	
0.032285	0.006608	0.012308	0.035160	0.007711	0.036782	0.017411	0.004146	0.023047	0.010867	0.030755	0.011534	0.008889	0.003578	0.026080	0.013592	0.021994	0.023171	0.038163	0.029349	0.000545	0.034847	0.032678	0.021499	0.027120	0.007461	0.006353	0.015013	0.010939	0.020359	0.035504	0.013985	0.026611	0.016781	0.025398	0.027691	0.032795	0.030023	0.031223	0.011227	0.016016	0.016101	0.006076	0.003133	0.034859	0.010421	0.003480	0.037680	0.015415	0.035339	
0.023429	0.013660	0.008538	0.006951	0.019825	0.033215	0.004245	0.023336	0.038478	0.002690	0.015908	0.014009	0.024326	0.039527	0.034483	0.015110	0.012126	0.029416	0.040232	0.002865	0.002156	0.007372	0.013178	0.021908	0.036662	0.021176	0.009193	0.024224	0.011163	0.010901	0.012546	0.001517	0.008661	0.037959	0.009974	0.006169	0.005893	0.003697	0.019613	0.027187	0.012745	0.025358	0.041916	0.041590	0.036958	0.026683	0.043833	0.008478	0.038221	0.030701	
0.016835	0.011661	0.034710	0.003958	0.027276	0.003726	0.039222	0.010288	0.001966	0.029928	0.001542	0.037064	0.036500	0.024528	0.006501	0.014985	0.023281	0.037548	0.001777	0.028216	0.016678	0.022504	0.003032	0.033518	0.000713	0.032841	0.018711	0.024873	0.019911	0.004925	0.031636	0.010849	0.029467	0.035326	0.017019	0.027224	0.003129	0.008916	0.029792	0.012815	0.033202	0.018295	0.036716	0.003192	0.034363	0.018025	0.026653	0.022156	0.022398	0.009610	
0.025077	0.017376	0.022673	0.000426	0.017299	0.012172	0.037782	0.039852	0.022722	0.038084	0.016231	0.027082	0.004376	0.028969	0.004900	0.014544	0.005753	0.027578	0.036451	0.002936	0.013346	0.003059	0.024056	0.045079	0.020904	0.013985	0.008740	0.012293	0.044732	0.019132	0.021169	0.005754	0.012203	0.000211	0.022669	0.007048	0.026452	0.025669	0.024351	0.040075	0.003621	0.000012	0.030717	0.031687	0.001217	0.026234	0.026233	0.021609	0.042150	0.023313	
0.034971	0.002874	0.032057	0.017706	0.024362	0.026717	0.033191	0.011988	0.027210	0.034851	0.023519	0.000602	0.031104	0.000687	0.011668	0.012696	0.020211	0.030916	0.001590	0.002795	0.009495	0.016831	0.034915	0.023249	0.025494	0.029705	0.007747	0.014492	0.020573	0.014729	0.034824	0.030457	0.011963	0.018492	0.018286	0.022768	0.018785	0.033816	0.007335	0.033873	0.028355	0.028966	0.009967	0.029201	0.005991	0.014202	0.021047	0.001059	0.020262	0.031407	
0.035489	0.032696	0.016952	0.008620	0.028678	0.008368	0.025006	0.005879	0.021217	0.030369	0.036757	0.016806	0.008898	0.012750	0.025918	0.034350	0.023515	0.007526	0.001007	0.025619	0.033157	0.027356	0.016438	0.013220	0.009840	0.024449	0.020452	0.018414	0.000467	0.035496	0.012477	0.001163	0.030616	0.032897	0.014819	0.023279	0.022845	0.012102	0.014724	0.011504	0.005938	0.035582	0.025832	0.019905	0.030951	0.003691	0.025527	0.019542	0.032366	0.018531	
0.022904	0.008460	0.004404	0.018554	0.001106	0.000668	0.030852	0.028096	0.034963	0.009034	0.021366	0.000312	0.024814	0.035605	0.025398	0.003150	0.034612	0.001797	0.002202	0.025710	0.028821	0.019044	0.031952	0.028072	0.033739	0.026454	0.035696	0.022619	0.029961	0.025970	0.028932	0.009210	0.016975	0.030132	0.004950	0.006156	0.029604	0.003154	0.011333	0.021712	0.005418	0.034136	0.033774	0.012390	0.019834	0.016413	0.033698	0.035632	0.018838	0.011371	
0.000636	0.018224	0.006465	0.012266	0.021977	0.032068	0.025349	0.013836	0.014038	0.013473	0.034161	0.023060	0.006906	0.029714	0.022651	0.020854	0.013361	0.038083	0.000723	0.007158	0.005368	0.016351	0.008855	0.001745	0.010742	0.006459	0.033899	0.034666	0.005776	0.033505	0.041008	0.010764	0.004190	0.020859	0.035101	0.036626	0.040353	0.010578	0.015143	0.024413	0.040645	0.032429	0.023556	0.004303	0.037241	0.010958	0.029552	0.008073	0.027047	0.034790	
0.035283	0.003553	0.008252	0.008045	0.005072	0.031922	0.032911	0.031082	0.026596	0.034731	0.015766	0.016971	0.027598	0.011877	0.027182	0.014888	0.003802	0.035799	0.036225	0.007550	0.022144	0.012134	0.018633	0.008837	0.007528	0.023801	0.031423	0.031254	0.017834	0.001819	0.031194	0.008610	0.006518	0.033518	0.018968	0.016641	0.022898	0.024447	0.023566	0.025086	0.008385	0.023354	0.034599	0.036199	0.029142	0.009799	0.002935	0.016752	0.021050	0.015829	
0.027970	0.036404	0.013693	0.017117	0.008001	0.025427	0.021284	0.022354	0.039310	0.006527	0.025955	0.037474	0.035243	0.036230	0.005066	0.019896	0.038791	0.001206	0.025018	0.006430	0.012355	0.000998	0.023641	0.030096	0.015507	0.001046	0.039376	0.021019	0.006132	0.035496	0.030385	0.030281	0.004652	0.032159	0.009250	0.033301	0.006116	0.010787	0.006618	0.030629	0.023257	0.011007	0.014938	0.026813	0.010316	0.028818	0.030730	0.005169	0.004859	0.014850	
0.007980	0.021333	0.028210	0.037890	0.030035	0.039884	0.002589	0.027670	0.022622	0.011825	0.009932	0.040256	0.025036	0.012787	0.036955	0.038143	0.003694	0.001508	0.035579	0.006013	0.027646	0.029328	0.013790	0.019653	0.013846	0.012199	0.001983	0.007337	0.003961	0.002357	0.006212	0.027774	0.017936	0.023805	0.032468	0.009148	0.034457	0.022183	0.010277	0.036420	0.026565	0.039299	0.018558	0.021201	0.010653	0.002733	0.019300	0.035516	0.016972	0.016483	
0.005503	0.013606	0.036146	0.006153	0.021055	0.005189	0.034007	0.020717	0.016223	0.020376	0.012509	0.005131	0.018359	0.038921	0.016023	0.001198	0.004620	0.032132	0.004962	0.011079	0.030141	0.033344	0.009541	0.027742	0.017526	0.023534	0.023698	0.013136	0.032096	0.010801	0.025834	0.027836	0.009722	0.028046	0.038544	0.002580	0.036837	0.033403	0.036644	0.024052	0.021942	0.018064	0.017528	0.018619	0.014340	0.029522	0.032903	0.030825	0.001542	0.005749	
0.008820	0.041474	0.001338	0.010801	0.039390	0.012202	0.028762	0.038390	0.025353	0.018196	0.009696	0.003826	0.013994	0.038541	0.004525	0.014759	0.017217	0.020194	0.002071	0.008250	0.013560	0.004492	0.028034	0.039675	0.017030	0.038228	0.010009	0.033146	0.003626	0.009258	0.013648	0.021755	0.001478	0.037539	0.039573	0.016795	0.008658	0.033846	0.004035	0.013740	0.014974	0.036417	0.040585	0.040422	0.024885	0.037061	0.023940	0.011834	0.016797	0.007159	
0.015820	0.001625	0.016992	0.038555	0.037522	0.018898	0.003512	0.015605	0.033754	0.034009	0.014687	0.001357	0.027267	0.035542	0.009336	0.005271	0.035097	0.021685	0.027396	0.024122	0.020074	0.021656	0.029872	0.018333	0.037155	0.009457	0.012730	0.021962	0.025164	0.008300	0.029052	0.030225	0.017666	0.015204	0.017373	0.034529	0.005209	0.005853	0.009769	0.017055	0.034572	0.002790	0.005701	0.036308	0.026029	0.005644	0.019172	0.010519	0.040122	0.014450	
0.002153	0.021854	0.022173	0.015401	0.007495	0.023926	0.036423	0.033190	0.036469	0.026879	0.014952	0.020977	0.003502	0.007994	0.020010	0.028446	0.029443	0.017682	0.035539	0.008179	0.031523	0.012605	0.024324	0.033040	0.022165	0.039240	0.023558	0.015343	0.024528	0.003550	0.015752	0.031246	0.016386	0.002075	0.036200	0.016343	0.003151	0.013442	0.013758	0.007584	0.032403	0.033403	0.016468	0.033784	0.021696	0.007562	0.008883	0.026542	0.006230	0.014533	
0.022284	0.033443	0.022321	0.007842	0.018231	0.031244	0.030510	0.033464	0.003562	0.021448	0.027028	0.019058	0.007409	0.040709	0.040138	0.001365	0.025561	0.002471	0.023096	0.021542	0.020194	0.003119	0.016602	0.010643	0.019052	0.003552	0.028252	0.037460	0.014219	0.038164	0.001813	0.033342	0.007148	0.007778	0.026583	0.024603	0.001562	0.005036	0.013321	0.034230	0.002829	0.028061	0.001915	0.034903	0.033200	0.007787	0.033902	0.038608	0.007498	0.031899	
0.040294	0.010213	0.038952	0.014503	0.018809	0.033720	0.000095	0.043660	0.002682	0.017416	0.022114	0.037022	0.035386	0.009418	0.024262	0.019287	0.016439	0.037375	0.003817	0.027936	0.026653	0.037908	0.020386	0.037348	0.037742	0.000934	0.017729	0.009850	0.001202	0.006414	0.017780	0.009927	0.017705	0.003766	0.032302	0.034658	0.018795	0.008055	0.011605	0.031880	0.004685	0.007100	0.016446	0.037930	0.009194	0.028451	0.014737	0.023633	0.018784	0.003001	
0.009247	0.029011	0.027328	0.017640	0.005254	0.018473	0.045475	0.031257	0.018321	0.026323	0.027271	0.027798	0.022101	0.019961	0.005617	0.004171	0.011297	0.018640	0.011240	0.005818	0.029737	0.046784	0.007282	0.018377	0.018130	0.017908	0.033534	0.006738	0.003298	0.034492	0.043443	0.015186	0.005055	0.001001	0.027733	0.017000	0.028942	0.016784	0.025729	0.012439	0.014665	0.006560	0.014486	0.046209	0.015662	0.022072	0.018829	0.034364	0.020638	0.014683	
0.033588	0.030017	0.016596	0.017236	0.024520	0.033325	0.021590	0.025721	0.024730	0.016166	0.037561	0.034682	0.012794	0.005976	0.014585	0.020633	0.020111	0.016148	0.003410	0.022211	0.014371	0.013531	0.015598	0.017417	0.026733	0.029776	0.021814	0.003748	0.005384	0.005085	0.002147	0.024868	0.002813	0.017263	0.031190	0.015813	0.037737	0.030025	0.027015	0.025613	0.006045	0.013805	0.028371	0.008325	0.012624	0.015302	0.038082	0.031043	0.034992	0.011868	
0.007665	0.012709	0.013981	0.026218	0.027870	0.017532	0.026783	0.005559	0.011982	0.043306	0.021241	0.001592	0.000874	0.007285	0.023711	0.037749	0.006298	0.042947	0.022726	0.028756	0.013510	0.003133	0.038471	0.015165	0.010046	0.011308	0.004227	0.005391	0.016086	0.015713	0.003003	0.015196	0.042497	0.010176	0.014579	0.042608	0.014934	0.012780	0.024937	0.027232	0.016528	0.038157	0.001830	0.014734	0.021671	0.037771	0.038012	0.039838	0.024499	0.039185	
0.016277	0.036526	0.018019	0.021697	0.011379	0.013237	0.008212	0.004685	0.004700	0.010958	0.024322	0.026349	0.037567	0.008314	0.010536	0.018231	0.027535	0.037218	0.026734	0.015728	0.023538	0.032473	0.010783	0.021626	0.023893	0.019424	0.034506	0.036667	0.023559	0.013507	0.027307	0.000503	0.031132	0.029623	0.001597	0.021158	0.037897	0.013098	0.008730	0.032787	0.023418	0.024582	0.007352	0.011523	0.022838	0.031088	0.005011	0.013881	0.007061	0.031214	
0.001287	0.029678	0.017222	0.004847	0.001440	0.024628	0.018074	0.028193	0.003878	0.040910	0.000989	0.029300	0.009541	0.007162	0.031023	0.035349	0.010099	0.027813	0.036375	0.006343	0.028911	0.032376	0.023381	0.007933	0.029312	0.035126	0.039141	0.011873	0.019499	0.028986	0.023055	0.038354	0.018187	0.002219	0.002434	0.027134	0.019269	0.016747	0.032541	0.002869	0.019243	0.019096	0.012120	0.037065	0.021093	0.035124	0.008625	0.006187	0.012400	0.025549	
0.030294	0.029361	0.030778	0.022519	0.007503	0.016188	0.037095	0.012692	0.007929	0.007462	0.000882	0.022860	0.008127	0.016871	0.022178	0.024232	0.016257	0.027251	0.012687	0.004771	0.035080	0.020938	0.027408	0.031253	0.000889	0.027714	0.012801	0.001397	0.026220	0.010501	0.018297	0.020183	0.012604	0.030434	0.031918	0.021817	0.028855	0.012214	0.012668	0.032690	0.037933	0.025466	0.034724	0.006329	0.037853	0.034119	0.002057	0.027290	0.004119	0.016294	
0.026844	0.036528	0.012995	0.027310	0.011124	0.018719	0.022155	0.028711	0.025075	0.003621	0.027182	0.004640	0.032865	0.025836	0.001414	0.010151	0.021432	0.003664	0.008072	0.027797	0.013952	0.019065	0.015357	0.031433	0.026466	0.036017	0.012282	0.023508	0.020399	0.031893	0.039508	0.030577	0.015842	0.021038	0.022046	0.039734	0.019048	0.013623	0.008751	0.014472	0.009733	0.011951	0.039695	0.026280	0.013306	0.017483	0.003339	0.014397	0.025388	0.007282	
0.034587	0.026053	0.033958	0.035046	0.027721	0.030122	0.021715	0.004668	0.033213	0.020733	0.000681	0.015016	0.017286	0.032168	0.022208	0.008873	0.006501	0.032060	0.026935	0.012209	0.023048	0.019937	0.029796	0.014297	0.033943	0.000180	0.006878	0.007678	0.005728	0.000251	0.013055	0.011561	0.025321	0.007313	0.028800	0.031859	0.007104	0.021715	0.007864	0.025688	0.021736	0.007004	0.025895	0.009350	0.038135	0.032297	0.036756	0.019243	0.007755	0.038059	
0.033567	0.022162	0.007080	0.005259	0.007806	0.005852	0.028490	0.022399	0.022582	0.003059	0.016923	0.009932	0.012665	0.012531	0.035173	0.014539	0.038042	0.020401	0.012711	0.029130	0.033108	0.016712	0.022722	0.025977	0.024891	0.036479	0.002416	0.035557	0.025879	0.026491	0.031845	0.016962	0.021268	0.034996	0.021771	0.006121	0.007064	0.017326	0.033121	0.002399	0.035226	0.031050	0.014005	0.017692	0.007556	0.000557	0.037763	0.015460	0.004003	0.033282	
0.012904	0.017350	0.037388	0.011424	0.006161	0.026686	0.016956	0.036331	0.018730	0.023992	0.040009	0.012262	0.003086	0.034030	0.016328	0.017893	0.022613	0.037841	0.009800	0.039941	0.023712	0.022393	0.015584	0.027309	0.015030	0.012604	0.029762	0.006799	0.000841	0.018694	0.011811	0.013333	0.028206	0.003924	0.014466	0.026541	0.016571	0.039837	0.006230	0.009912	0.008091	0.016717	0.032087	0.001962	0.020486	0.037150	0.010562	0.034230	0.034516	0.018916	
0.027269	0.020312	0.020291	0.020267	0.008091	0.028651	0.008279	0.029925	0.032957	0.026647	0.034280	0.026683	0.009323	0.006531	0.032292	0.009625	0.001998	0.000953	0.018039	0.035691	0.019584	0.019873	0.033284	0.013966	0.023010	0.031862	0.032726	0.006224	0.008502	0.034296	0.026511	0.022586	0.030825	0.031244	0.026805	0.031093	0.025870	0.028983	0.006278	0.000902	0.011289	0.014897	0.023300	0.007169	0.020307	0.034998	0.028976	0.000108	0.004529	0.001900	
0.008441	0.024787	0.015602	0.020847	0.018222	0.010504	0.005840	0.020520	0.003338	0.015497	0.017121	0.032813	0.026532	0.009885	0.028033	0.004733	0.032544	0.011979	0.031804	0.016065	0.015265	0.001967	0.033148	0.021862	0.015449	0.027708	0.025952	0.016033	0.030144	0.016288	0.012986	0.033957	0.022282	0.028841	0.018327	0.024192	0.025648	0.033363	0.004455	0.015976	0.031276	0.025224	0.020233	0.021427	0.022201	0.000520	0.025864	0.032513	0.028766	0.013026	
0.030823	0.027792	0.018273	0.015551	0.003254	0.009644	0.037495	0.018360	0.021457	0.031127	0.025230	0.023374	0.033382	0.029552	0.024483	0.016403	0.011209	0.015582	0.005892	0.029752	0.018171	0.017658	0.009934	0.029005	0.009189	0.015404	0.034721	0.029008	0.003541	0.023795	0.038000	0.003390	0.015982	0.003534	0.030966	0.002448	0.036557	0.010395	0.009412	0.024492	0.016404	0.037442	0.007449	0.001127	0.026680	0.001117	0.030786	0.029847	0.026659	0.028252	
0.021582	0.020188	0.006173	0.033867	0.016740	0.018544	0.010452	0.020221	0.013051	0.034377	0.031118	0.018698	0.003563	0.011000	0.033015	0.030176	0.007521	0.034281	0.025643	0.027381	0.032408	0.011631	0.024413	0.025053	0.020653	0.018086	0.016653	0.030499	0.017776	0.000760	0.016209	0.035014	0.006113	0.030673	0.016042	0.010181	0.009821	0.018472	0.016093	0.009970	0.014084	0.032516	0.019667	0.034523	0.034639	0.004867	0.006428	0.014028	0.031263	0.023872	
0.033776	0.006439	0.029131	0.032270	0.032205	0.036989	0.039853	0.002793	0.038133	0.004240	0.012096	0.037448	0.035297	0.035798	0.024038	0.000727	0.014784	0.039198	0.018745	0.018151	0.039363	0.030106	0.010244	0.000571	0.008994	0.030207	0.004099	0.006734	0.025580	0.031627	0.011700	0.015250	0.015216	0.016816	0.006070	0.037731	0.025948	0.004229	0.012416	0.027417	0.008510	0.022444	0.001740	0.001337	0.034949	0.006171	0.023328	0.006276	0.015969	0.026843	
0.033329	0.022173	0.006251	0.002979	0.010424	0.024969	0.013527	0.010514	0.009546	0.007188	0.014931	0.002500	0.034510	0.018273	0.007118	0.039393	0.009469	0.015521	0.010664	0.011843	0.009719	0.022128	0.024489	0.037527	0.013654	0.019321	0.023396	0.021386	0.003222	0.000223	0.007949	0.039427	0.031975	0.019971	0.011692	0.012617	0.038017	0.033063	0.021107	0.038910	0.028441	0.025270	0.012681	0.027391	0.033154	0.040497	0.012771	0.029807	0.018537	0.036538	
0.023012	0.011450	0.007365	0.020175	0.001587	0.041127	0.038288	0.017623	0.033203	0.017425	0.005132	0.035449	0.035291	0.025920	0.038597	0.041521	0.040998	0.004586	0.010800	0.017261	0.032975	0.014206	0.037021	0.032566	0.026414	0.012625	0.036105	0.007251	0.031083	0.008064	0.011976	0.002013	0.017305	0.023029	0.019013	0.020252	0.003072	0.022771	0.000071	0.010626	0.005809	0.013881	0.040423	0.006421	0.024176	0.000414	0.008247	0.038059	0.019576	0.007746	
0.014976	0.001844	0.014268	0.001975	0.033581	0.023615	0.031234	0.026632	0.006607	0.029311	0.001793	0.005554	0.016186	0.013667	0.020740	0.009912	0.024201	0.016608	0.030973	0.004773	0.036120	0.029170	0.031911	0.031874	0.013234	0.011670	0.012879	0.022562	0.013831	0.018308	0.012872	0.023523	0.009365	0.014269	0.026223	0.027972	0.034838	0.013627	0.036246	0.022124	0.018234	0.009587	0.026822	0.032840	0.028147	0.007789	0.027580	0.015466	0.029895	0.032573	
0.034628	0.025724	0.019558	0.022432	0.012022	0.004679	0.026177	0.002719	0.022570	0.020466	0.028824	0.001563	0.005037	0.014930	0.022968	0.013231	0.031223	0.029874	0.025468	0.016994	0.009602	0.011599	0.025552	0.034739	0.034135	0.031844	0.020879	0.033741	0.007471	0.023772	0.027467	0.027226	0.008435	0.005598	0.005912	0.032899	0.020629	0.005804	0.020733	0.030359	0.017925	0.026295	0.021843	0.022473	0.000316	0.014025	0.016726	0.032549	0.033115	0.015248	
0.005047	0.004958	0.033054	0.024842	0.028666	0.005669	0.015177	0.011014	0.031329	0.041486	0.009302	0.000726	0.006642	0.038580	0.022684	0.031973	0.027169	0.011561	0.011604	0.015479	0.027708	0.007555	0.025957	0.020504	0.020792	0.032375	0.016674	0.036988	0.042029	0.005178	0.022901	0.014273	0.036984	0.001051	0.014150	0.001459	0.018969	0.035158	0.034548	0.004158	0.025674	0.029366	0.012081	0.007057	0.027268	0.037507	0.024556	0.014343	0.010713	0.015062	
0.011717	0.009151	0.031179	0.015077	0.012763	0.038084	0.022256	0.011086	0.014040	0.000435	0.018121	0.012074	0.009161	0.013485	0.039555	0.027141	0.032755	0.027178	0.008910	0.028408	0.027286	0.028076	0.026465	0.029123	0.010169	0.020958	0.019240	0.015882	0.022872	0.006281	0.011201	0.039786	0.033847	0.035126	0.010973	0.011226	0.038604	0.018001	0.003189	0.001778	0.013419	0.032236	0.010708	0.021004	0.036676	0.007454	0.029246	0.023850	0.009634	0.023115	
0.020198	0.013410	0.023656	0.019209	0.016425	0.014710	0.001399	0.005842	0.016679	0.018436	0.004949	0.024085	0.039320	0.018299	0.010055	0.027269	0.015686	0.030581	0.014285	0.031065	0.011855	0.021386	0.007189	0.003318	0.011118	0.014782	0.018880	0.025198	0.011129	0.032090	0.026433	0.022337	0.018350	0.009964	0.017144	0.023007	0.037347	0.003491	0.038982	0.013651	0.026870	0.030035	0.015628	0.014498	0.040166	0.032789	0.036816	0.033392	0.012153	0.024444	
0.041085	0.014523	0.045224	0.004107	0.023993	0.031181	0.001231	0.012007	0.014500	0.018563	0.032560	0.001123	0.021941	0.043953	0.012065	0.010504	0.005288	0.012017	0.027741	0.003311	0.000147	0.012612	0.039429	0.035022	0.021254	0.023645	0.015528	0.005369	0.044726	0.004948	0.011454	0.027766	0.002794	0.011719	0.034404	0.005404	0.001590	0.011287	0.027176	0.037589	0.026583	0.036428	0.009372	0.011168	0.027981	0.039694	0.030267	0.034656	0.007436	0.025635	
0.002369	0.024742	0.026108	0.042554	0.031652	0.017127	0.028404	0.019217	0.004128	0.031502	0.016395	0.015860	0.001511	0.000953	0.036213	0.005944	0.023399	0.003485	0.024242	0.004520	0.006797	0.033806	0.034660	0.023540	0.023709	0.005770	0.023133	0.019759	0.000089	0.030621	0.028043	0.004494	0.007342	0.007997	0.012304	0.028633	0.021502	0.012762	0.042679	0.030562	0.022065	0.031813	0.036591	0.022230	0.025410	0.037947	0.007227	0.030496	0.020668	0.007026	
0.034110	0.032916	0.021203	0.022020	0.005647	0.024802	0.010539	0.033187	0.005288	0.027874	0.022798	0.030763	0.035063	0.029551	0.024534	0.014204	0.023453	0.013446	0.022506	0.016054	0.037696	0.034679	0.016771	0.014389	0.024933	0.008872	0.006870	0.028965	0.002306	0.024632	0.007931	0.000925	0.021165	0.036362	0.014568	0.018445	0.014634	0.016409	0.022705	0.030151	0.009159	0.012907	0.036212	0.011362	0.009432	0.014920	0.007345	0.028260	0.017827	0.019213	
0.023698	0.027539	0.028077	0.010201	0.001622	0.019608	0.030500	0.024164	0.002391	0.017018	0.001753	0.003695	0.015275	0.022774	0.019288	0.004871	0.035466	0.028084	0.029801	0.005049	0.031947	0.038006	0.024948	0.026735	0.032207	0.024211	0.029703	0.018745	0.001283	0.013363	0.029676	0.029106	0.026297	0.038846	0.000834	0.028609	0.003929	0.017237	0.029469	0.005532	0.030887	0.011842	0.032663	0.011261	0.023277	0.024000	0.038404	0.010876	0.014217	0.001018	
0.039189	0.009711	0.019540	0.012494	0.026038	0.001204	0.043115	0.020766	0.002801	0.007942	0.015134	0.006021	0.004380	0.039772	0.025798	0.002509	0.001474	0.024792	0.042759	0.035441	0.020250	0.019231	0.040296	0.008773	0.031749	0.023035	0.012761	0.039360	0.038587	0.006648	0.000093	0.024005	0.040949	0.019338	0.026080	0.005874	0.026540	0.042638	0.014866	0.008862	0.036366	0.002099	0.021051	0.040059	0.011361	0.002252	0.005206	0.002995	0.012081	0.035716	
0.010536	0.038400	0.032176	0.001340	0.034716	0.005524	0.013125	0.000217	0.043481	0.023482	0.037614	0.040683	0.010608	0.020120	0.017984	0.011214	0.013371	0.027922	0.022703	0.005565	0.000073	0.039023	0.043630	0.019766	0.015741	0.012863	0.041356	0.015298	0.036597	0.009338	0.001994	0.019398	0.020128	0.026314	0.016069	0.023847	0.007037	0.004175	0.014968	0.013001	0.028183	0.040861	0.008694	0.014272	0.002350	0.016381	0.017974	0.040036	0.000968	0.038884	
0.013253	0.001412	0.014500	0.002455	0.037590	0.040318	0.008643	0.028069	0.010143	0.013728	0.015725	0.034871	0.011848	0.006077	0.000107	0.014012	0.016174	0.013381	0.027731	0.007310	0.036415	0.015435	0.040015	0.031786	0.036061	0.009808	0.033023	0.026900	0.002115	0.005431	0.032333	0.036204	0.022056	0.013362	0.002729	0.011103	0.008605	0.009708	0.041194	0.021298	0.039176	0.035689	0.023315	0.019549	0.033245	0.004696	0.005710	0.029083	0.031001	0.025605	
0.004152	0.014725	0.032231	0.003698	0.024250	0.039370	0.004706	0.014639	0.032850	0.028240	0.025246	0.026756	0.041246	0.036434	0.012091	0.001019	0.009100	0.003700	0.032933	0.014099	0.002879	0.016277	0.001308	0.017738	0.003627	0.028906	0.022592	0.010999	0.016414	0.041956	0.034274	0.010930	0.046064	0.015116	0.014253	0.008757	0.039563	0.001555	0.019743	0.012841	0.027667	0.013351	0.013445	0.019918	0.021571	0.043146	0.018035	0.033197	0.003026	0.039364	
0.010913	0.033379	0.005910	0.007772	0.031257	0.036234	0.010961	0.011069	0.038093	0.031331	0.011498	0.029592	0.000007	0.015078	0.032661	0.009993	0.004596	0.028602	0.002007	0.019798	0.019903	0.020039	0.025997	0.013901	0.030498	0.007353	0.027908	0.038215	0.029518	0.023013	0.003645	0.037938	0.014058	0.010444	0.018934	0.024730	0.024804	0.022894	0.016384	0.016286	0.029380	0.034475	0.001327	0.017348	0.024479	0.010678	0.014734	0.024385	0.011592	0.034388	
0.000072	0.027274	0.010366	0.042567	0.008364	0.001511	0.046399	0.042062	0.004526	0.023142	0.039549	0.031317	0.001317	0.002135	0.015541	0.013310	0.005918	0.019468	0.013061	0.023065	0.008120	0.046332	0.039223	0.021774	0.002313	0.042741	0.010292	0.000996	0.005313	0.006674	0.025343	0.009604	0.035450	0.024259	0.035563	0.032061	0.003287	0.006913	0.030747	0.028330	0.008425	0.032383	0.040401	0.012676	0.000393	0.039039	0.033295	0.000156	0.040002	0.006930	
0.021067	0.030151	0.010209	0.035137	0.041659	0.026293	0.009483	0.017829	0.020114	0.009797	0.020243	0.028399	0.027220	0.034514	0.010949	0.034758	0.009568	0.003817	0.014204	0.027965	0.001472	0.022582	0.027863	0.044247	0.002423	0.044646	0.004405	0.020310	0.000686	0.012310	0.007480	0.015805	0.018335	0.017650	0.034199	0.012588	0.021650	0.038985	0.004324	0.013306	0.010776	0.038690	0.012431	0.018703	0.027727	0.009172	0.015361	0.014376	0.041778	0.012347	
0.028451	0.019477	0.021122	0.036201	0.028401	0.030668	0.012663	0.002304	0.030302	0.004019	0.026498	0.017896	0.009225	0.013198	0.029390	0.032068	0.009501	0.021673	0.000449	0.019512	0.005901	0.013924	0.029065	0.032461	0.033248	0.016105	0.005607	0.026977	0.006697	0.020877	0.009316	0.012927	0.021181	0.009521	0.006799	0.008612	0.026321	0.002728	0.014617	0.031098	0.035619	0.011200	0.007272	0.034977	0.037753	0.037131	0.036050	0.002604	0.034528	0.035868	
0.010384	0.022528	0.013247	0.015216	0.006448	0.030447	0.037504	0.041714	0.000981	0.012587	0.013156	0.009980	0.014882	0.015118	0.037883	0.030889	0.016722	0.039685	0.001736	0.028136	0.022511	0.021283	0.021460	0.021424	0.005222	0.036636	0.014982	0.038601	0.020287	0.028102	0.003116	0.006271	0.006246	0.011343	0.000811	0.024514	0.040002	0.030059	0.033366	0.028926	0.021903	0.008740	0.015299	0.037003	0.030963	0.014088	0.023626	0.004271	0.009849	0.019853	
0.004990	0.022969	0.013845	0.026187	0.021059	0.020450	0.015104	0.019895	0.028127	0.026314	0.014182	0.032341	0.004161	0.010772	0.015700	0.030470	0.027989	0.033629	0.001409	0.028886	0.014428	0.025228	0.022458	0.034610	0.009055	0.008493	0.028486	0.014824	0.006090	0.030771	0.002459	0.015914	0.033693	0.030880	0.006454	0.030878	0.036668	0.025336	0.010566	0.017376	0.021081	0.029009	0.020708	0.005335	0.011129	0.025685	0.025595	0.018591	0.029989	0.009733	
0.043348	0.003723	0.041337	0.002953	0.031436	0.033171	0.013063	0.016137	0.008082	0.006020	0.041728	0.026794	0.016734	0.043138	0.032576	0.001531	0.034761	0.007931	0.002337	0.042005	0.029759	0.004314	0.037232	0.010923	0.012875	0.014646	0.025471	0.009690	0.010915	0.015821	0.006226	0.011985	0.005368	0.033339	0.018526	0.041798	0.018391	0.032597	0.003654	0.007204	0.007982	0.007890	0.017996	0.003708	0.017628	0.035007	0.035847	0.007870	0.038844	0.027690	
0.027856	0.038638	0.030692	0.033979	0.037675	0.004101	0.026070	0.021344	0.025762	0.004394	0.019366	0.005356	0.031407	0.008425	0.038780	0.008738	0.034695	0.020140	0.027977	0.022967	0.023028	0.026313	0.023136	0.000902	0.035260	0.020878	0.002567	0.008962	0.003495	0.026732	0.012143	0.036890	0.017341	0.024709	0.031372	0.011376	0.023773	0.007013	0.005754	0.037377	0.032334	0.034010	0.000567	0.012986	0.018504	0.010107	0.019781	0.002438	0.005568	0.016324	
0.030495	0.002024	0.008446	0.034648	0.007482	0.008102	0.027563	0.017661	0.038657	0.028125	0.018291	0.031455	0.032142	0.001350	0.032278	0.033702	0.000690	0.028119	0.037453	0.004388	0.018512	0.001342	0.020816	0.016032	0.037736	0.029481	0.021538	0.021915	0.033366	0.019258	0.021869	0.015733	0.015991	0.037835	0.003937	0.010092	0.033251	0.034214	0.001645	0.001736	0.017131	0.028332	0.037108	0.006505	0.036294	0.031310	0.001589	0.005451	0.014611	0.002299	
0.005282	0.010187	0.027104	0.046050	0.034448	0.045892	0.034840	0.030211	0.008676	0.006864	0.026619	0.025153	0.011143	0.011100	0.024466	0.012617	0.012025	0.019748	0.002312	0.008561	0.038264	0.029371	0.042311	0.034202	0.020825	0.018743	0.001531	0.025295	0.011820	0.003072	0.031777	0.008473	0.006329	0.037236	0.038153	0.013846	0.042840	0.001115	0.027702	0.006790	0.003618	0.000207	0.001118	0.017648	0.033003	0.017476	0.018085	0.012685	0.024312	0.028854	
0.038540	0.019690	0.026552	0.021961	0.014647	0.037576	0.039311	0.028607	0.014734	0.012680	0.010895	0.032875	0.001380	0.001562	0.006502	0.023132	0.022771	0.017825	0.037206	0.033034	0.009643	0.014960	0.022772	0.013694	0.035122	0.006069	0.013973	0.007422	0.014702	0.001126	0.024020	0.030355	0.035686	0.004572	0.036263	0.031079	0.016874	0.014150	0.004615	0.032064	0.004326	0.038346	0.017926	0.029988	0.012361	0.011138	0.009880	0.019436	0.021607	0.024352	
0.024772	0.028437	0.019045	0.021428	0.034038	0.012132	0.025139	0.036159	0.006723	0.007568	0.024505	0.025871	0.035654	0.036187	0.015163	0.037894	0.013108	0.031158	0.025494	0.002174	0.024053	0.006768	0.005845	0.007350	0.012324	0.020540	0.034237	0.034956	0.009509	0.019722	0.017951	0.036059	0.008611	0.004427	0.006579	0.016665	0.000278	0.020722	0.030714	0.014642	0.024652	0.030902	0.014522	0.028438	0.005217	0.038009	0.007116	0.009775	0.017249	0.029521	
0.034155	0.020806	0.035198	0.009732	0.010502	0.040344	0.020817	0.030529	0.004504	0.032193	0.022938	0.027035	0.022940	0.012126	0.006995	0.013837	0.006574	0.000044	0.040322	0.003062	0.014875	0.005563	0.036056	0.035723	0.000381	0.011832	0.034768	0.034263	0.023249	0.018271	0.040117	0.040276	0.038279	0.018727	0.025234	0.009252	0.006666	0.028217	0.000404	0.021954	0.008400	0.010843	0.005178	0.015845	0.027117	0.001991	0.017036	0.025629	0.039066	0.010135	
0.036755	0.010700	0.036817	0.032511	0.017294	0.008814	0.003636	0.011073	0.034475	0.025122	0.006800	0.008141	0.016143	0.029737	0.006954	0.027041	0.001417	0.002311	0.038537	0.033205	0.012854	0.013839	0.006047	0.001079	0.007425	0.041178	0.024343	0.027366	0.029452	0.005876	0.042577	0.018173	0.024713	0.016089	0.027345	0.041718	0.019702	0.013447	0.000958	0.012389	0.025648	0.041447	0.024055	0.011708	0.008321	0.031315	0.004435	0.019119	0.028078	0.031820	
0.012534	0.029892	0.016516	0.001962	0.020724	0.015072	0.031139	0.031357	0.006603	0.037211	0.016030	0.009196	0.035502	0.020176	0.023058	0.004030	0.019948	0.030745	0.017553	0.036373	0.020634	0.036497	0.008725	0.017409	0.025749	0.025006	0.008027	0.012819	0.013077	0.006334	0.001654	0.006870	0.014227	0.039912	0.017702	0.011798	0.035800	0.020376	0.024410	0.017455	0.003248	0.012484	0.013083	0.037274	0.025467	0.037965	0.031300	0.039792	0.007806	0.011478	
0.022274	0.031203	0.027677	0.000402	0.004521	0.016475	0.011814	0.025123	0.008640	0.011629	0.024825	0.018309	0.025312	0.029412	0.006057	0.011330	0.007923	0.022562	0.017145	0.003369	0.022513	0.028466	0.008186	0.026306	0.041849	0.003213	0.020406	0.005691	0.034193	0.003567	0.022991	0.011211	0.037914	0.018308	0.041341	0.041726	0.021027	0.038255	0.030377	0.013851	0.009604	0.007835	0.032122	0.029451	0.007997	0.021741	0.038285	0.025985	0.020564	0.009021	
0.002007	0.013046	0.031994	0.010862	0.013726	0.035740	0.020533	0.029085	0.034176	0.020314	0.025952	0.023483	0.002224	0.025706	0.008900	0.012723	0.003530	0.029112	0.013666	0.025760	0.011616	0.032413	0.011197	0.022162	0.040178	0.021668	0.030154	0.002424	0.011218	0.001774	0.009777	0.035107	0.027690	0.006600	0.013640	0.022439	0.027961	0.036975	0.001294	0.020177	0.009209	0.038720	0.023560	0.023731	0.010359	0.029168	0.006682	0.016815	0.038227	0.034527	
0.019460	0.036827	0.032625	0.023421	0.011782	0.018277	0.029315	0.031635	0.007766	0.029090	0.017885	0.018313	0.012676	0.002234	0.039863	0.016537	0.038112	0.025936	0.032038	0.006821	0.006782	0.015875	0.012180	0.021929	0.032164	0.009516	0.011724	0.037528	0.022599	0.033786	0.001628	0.019540	0.020521	0.032537	0.007134	0.024481	0.022365	0.020764	0.030541	0.028154	0.010125	0.004123	0.009803	0.026049	0.028939	0.026251	0.008279	0.012372	0.002025	0.009671	
0.18
