50
2
-5.486802	20.505211	-6.969840	15.055072	3.221936	3.093049	10.317054	1.132863	-2.100898	12.952874	-1.463400	9.674444	-12.245840	17.414574	-14.382294	-16.274891	-20.223708	-1.129988	-9.023496	9.293564	14.420143	-17.016113	20.662484	3.928502	-15.232400	16.661057	-13.942290	-17.196637	0.040613	-14.535553	20.830939	-12.810530	-2.266567	12.058406	-6.883780	-13.353137	-14.000620	18.265147	-10.334621	-17.625223	14.869923	-3.103546	2.295940	-17.221255	-13.802860	15.397460	3.024032	2.505330	8.749570	-4.342618	
-22.811990	-18.742122	-27.629192	-28.597214	12.449779	10.111851	19.090197	-16.603056	-25.487914	-19.807923	-28.108413	10.195574	-5.227214	26.118694	-23.629981	-16.014889	28.576136	-17.916659	-24.093870	2.665069	10.286132	14.424229	-2.513292	5.355127	8.601928	10.506970	-6.985748	24.794120	2.269514	-3.888944	22.623502	19.978904	24.835601	-4.977909	20.660919	7.653619	6.354319	12.923772	-8.195924	-9.934973	19.574558	15.314540	-8.706841	9.175209	-5.608403	14.618444	-8.525754	-3.928771	-1.970688	-24.124683	
-2.018131	-0.483746	17.499590	-18.324398	-16.574846	17.545830	-3.011209	-3.847637	-19.082741	20.007302	-4.420964	17.453590	17.549526	-2.943344	9.746224	2.261610	15.031142	-9.052263	-13.738298	-11.247678	19.856623	-15.865500	13.312965	-8.631377	-1.759520	13.684005	-6.311441	-3.094726	1.306128	5.097227	-7.209828	9.075137	-14.885623	17.800087	-1.554462	-17.073805	1.226226	-17.842504	0.568964	-7.544556	6.849738	19.730748	3.205600	16.806870	8.961260	-5.552270	-8.270808	-18.202068	-11.232538	17.695608	
-12.608008	-21.309081	-21.844081	-26.857420	-11.369383	-5.154244	5.496158	-13.928658	-15.603037	-1.240140	1.890181	15.721045	-11.038789	-16.364417	-18.750602	-2.004818	-24.900347	-7.897300	-9.382613	24.790999	-3.909783	-11.602810	22.646645	11.680861	-24.803319	-11.794603	-13.438559	-3.969873	-24.079370	-23.181616	0.409921	6.177043	2.474654	-12.387133	-5.487551	-2.948741	-0.142828	13.816261	-10.134543	6.344210	26.609349	17.015331	-4.994538	-3.059549	27.485968	-8.482713	8.102978	-9.090947	-10.190551	-1.331267	
-12.489906	7.449233	1.144755	-10.238146	-15.412170	1.034144	-6.729754	8.941256	5.251301	-0.649942	17.600775	-6.695960	17.437386	10.847946	12.131022	-0.051697	-17.068202	3.509948	-5.931893	18.958820	-4.214672	-17.823465	-9.835658	17.716981	6.762024	20.245247	8.934327	5.712821	-8.078346	-6.822559	-19.423006	-10.508311	-13.120934	-14.090252	-9.563515	-19.477056	-3.726669	17.713575	-9.619470	-20.092424	-17.352383	9.051716	14.454610	-9.976589	-5.503624	17.651695	18.026707	-7.581816	17.943730	13.752487	
22.804133	6.065228	-14.578179	-1.196087	7.616351	2.339359	-0.463900	-8.576363	-7.345536	-3.093016	12.680580	10.447459	27.894946	-13.701104	-14.566764	14.729448	5.963620	1.206562	25.564930	8.085462	-15.948869	-18.800223	21.292130	-27.595786	-23.368411	7.307273	-21.462672	-24.006562	2.505693	11.870171	7.826681	0.878062	9.872459	10.167594	16.973697	2.418913	8.653001	-19.131108	12.889389	27.442350	-3.256924	5.791870	1.874486	-13.883227	11.666391	26.698944	-5.756802	23.582241	17.973287	7.166356	
16.445378	26.444120	-10.452119	2.161941	-10.381050	-22.906474	-18.972230	-2.721262	-23.768557	-10.641393	7.692901	10.188018	4.682880	-3.782539	-15.507188	20.218911	-21.522797	-13.343339	25.449918	-25.919963	-12.935840	-5.399916	12.642999	-19.399959	-18.938404	-18.026905	17.076942	-4.462152	6.222465	-14.257026	11.381836	-15.663209	20.641255	7.316083	-18.171312	20.532165	-25.142234	12.673101	24.173340	3.956825	-7.255517	5.597987	26.952276	1.318976	2.080866	22.540840	11.742355	-7.247644	-17.226529	-15.396180	
16.063794	4.314838	-6.995297	-20.981418	-9.779582	-13.454017	9.328165	13.692157	11.987488	19.243469	5.533060	-12.809060	8.981627	19.773211	-9.470611	15.171517	14.501781	-18.712781	18.112911	12.984716	-20.304776	-15.095101	-9.010327	20.181643	-9.508275	13.437200	21.108671	-18.698389	-21.745863	0.372608	5.724688	13.025647	16.599490	-13.304642	-5.034648	-7.041530	7.298412	-12.919559	5.954291	-18.856049	-5.687093	6.028886	-3.804341	-9.310554	-17.296121	0.071262	-4.355451	0.559422	11.476848	21.557270	
1.500585	6.635268	-22.010688	19.289996	7.719541	17.723886	12.079465	-4.132270	-10.031004	-1.478053	-11.200583	-3.057368	-4.174951	-1.369962	-9.529087	22.973335	17.273618	22.745265	-12.579337	-5.570083	22.065452	-21.782714	-0.057388	-11.853518	-21.834131	-4.163896	17.139116	-23.552828	-24.255265	13.772848	-2.973518	18.891589	-14.994777	-0.546895	19.617024	20.488932	24.429678	-14.529421	-6.799329	10.068115	11.250005	-13.747421	-11.328371	1.356129	5.280013	4.622312	16.367735	8.437783	8.268292	5.389345	
15.601588	5.840310	4.858311	-1.632345	-12.987182	7.564218	8.877313	-10.095043	5.461919	-1.642930	-8.171746	-7.779901	-11.699249	-12.107926	-18.898027	4.955898	-7.047333	10.751095	-13.015356	-17.155119	1.876830	-15.225628	19.713389	16.336201	12.638272	-14.350651	19.753808	-4.226281	-5.342643	9.174960	-20.949094	1.215997	-4.783565	-6.436701	19.151178	12.394234	-8.834092	12.125933	6.838835	-1.713518	-16.111547	-18.932967	-18.794746	15.941906	11.853649	18.348686	-5.332939	-6.252981	-7.379267	10.110860	
22.551260	-19.563115	-10.975473	22.883291	5.288263	2.433174	18.795713	-9.377911	8.190650	-1.084330	-21.615216	-22.192485	-11.407676	6.918509	-21.057867	-18.305186	-22.626926	-19.797453	-7.711894	-6.320339	11.687336	-4.582411	4.486625	2.076867	16.072863	11.972856	4.760949	17.158264	22.285058	22.369511	-14.626396	5.589195	-15.783342	-18.189311	10.597783	4.710341	-5.718499	-12.419881	1.365822	-7.321368	5.326607	13.021196	21.739289	22.339018	-15.085796	6.252827	12.242827	13.786906	15.331283	-22.533623	
18.019468	26.835262	-20.121066	-13.968697	-2.907211	0.834384	-5.156959	16.616304	-28.697278	-24.744207	28.102101	-26.288911	-19.353350	-16.776254	12.656565	-28.241022	25.267264	-23.356607	4.628443	7.729958	-12.813685	12.385763	-21.420859	-20.115509	-6.345600	10.197091	12.946311	-13.334927	4.775286	-2.303838	7.103973	5.943047	-19.344663	20.920849	26.115618	26.631987	-28.292015	11.242836	-14.293148	-1.674765	-3.253329	25.097722	-9.167891	-8.656047	-1.905277	-22.639054	-16.099999	0.206899	-11.530750	-8.046089	
-15.779044	19.017530	-22.907229	10.897601	11.826886	21.304768	4.555918	-19.187378	-14.910862	9.713946	17.685609	-11.056291	-12.489837	-2.418775	4.764153	-2.453472	-9.608656	10.634637	14.059554	21.639301	18.957009	5.909383	-6.029379	-17.021744	-11.581697	17.557824	20.104578	-18.814733	-11.264915	1.692644	-21.152945	-1.239397	-7.384217	-11.728763	16.025088	8.506677	2.069267	17.564421	-0.674467	11.833384	-10.059829	-1.948637	8.982160	7.560631	-15.137105	22.301786	-22.157409	-6.979558	17.960310	-21.812579	
-13.791822	1.659561	-14.297722	5.079559	16.129668	7.982652	12.359585	13.298889	-11.903369	23.520679	20.310164	-13.080072	23.397540	16.117600	13.099758	8.625733	-22.330097	15.292043	-8.935198	-4.493705	-17.818490	8.921825	-6.334613	19.893578	9.251357	22.364126	0.983838	14.852816	-23.810446	-8.575667	-3.896259	3.211782	-14.569133	18.922463	-6.368949	-16.039028	2.774448	-12.968483	17.208047	-9.563067	-12.474022	5.605882	-4.165149	-19.869657	11.823505	4.934014	-2.655920	-9.875512	8.877368	-6.022517	
0.397764	4.271273	3.714014	-3.978851	10.035085	8.673968	2.761781	-12.841372	16.907429	6.632735	-19.336717	-12.022161	-5.982717	-9.359301	0.500319	-3.209448	5.586822	-2.707615	14.544866	-17.871572	-1.996957	-10.550616	-16.005645	7.793102	9.235964	9.136593	-6.627570	11.230967	16.070495	-18.768010	-1.710449	-15.294519	17.099109	18.215212	6.252697	-4.744574	-15.970828	-15.647833	-13.014385	19.424355	-3.626873	-6.799715	-1.968424	18.347174	-2.203875	-0.450464	11.873609	-13.999791	10.611829	8.656400	
3.810564	-8.036051	-13.763972	-8.308047	5.769870	-9.056487	12.524402	5.403323	-5.233704	7.919928	-10.102123	16.574212	0.648149	19.783571	-11.039599	19.283659	-10.824092	-2.521810	9.550587	4.199939	-6.569415	-9.476783	6.789783	-16.864632	8.322947	-2.439916	-19.711380	17.251639	1.090006	18.494053	-14.113604	-5.389777	-15.036419	-0.659092	-8.921419	-14.541631	-3.562190	2.108894	-16.769550	12.745381	-9.310258	6.373827	-5.922993	8.445154	18.816138	-9.711665	-11.345972	1.342595	5.889294	18.727530	
-4.942214	10.307868	18.731485	11.797429	-16.741724	-20.754779	16.142742	13.115168	15.040054	18.491150	9.791784	-4.276544	-22.286437	16.837433	-2.814075	2.576197	-3.160044	2.478627	8.448579	7.100888	0.553812	-12.887343	14.724722	22.971343	-15.099162	-6.626663	3.093348	-2.802995	-21.157029	14.928140	11.024146	-21.293813	7.870137	-6.720309	-12.040046	-6.641371	-15.275056	2.593331	-18.768511	7.829414	-8.051840	21.000195	9.239632	-8.687920	24.278554	-18.750272	7.323873	16.177166	16.872476	-17.230338	
-24.264719	3.988094	-11.320130	-20.744610	-16.991680	-15.775489	16.611959	15.715054	-23.080003	8.087603	7.458537	-16.085773	12.641467	22.276852	-7.330341	10.606865	9.860623	5.303468	-6.456716	19.266121	-6.956872	-9.964766	-18.093184	-12.266712	-1.868511	23.058252	23.123487	5.122601	14.242571	1.952251	-8.679975	-21.038121	14.566079	1.017077	18.464141	-9.854209	-13.874167	0.123874	14.569207	23.597761	5.855873	11.909193	14.352438	-3.672130	12.061062	-19.168379	-0.061703	20.772676	18.937347	9.016456	
-18.325293	25.369185	-23.590779	11.437919	3.959557	20.998390	17.585620	2.318111	14.525267	-0.920140	15.718065	-3.266908	-22.260615	12.494323	1.285915	11.008161	-3.913324	11.836343	-16.987734	20.948940	-11.727448	4.141931	-16.757763	-12.226033	-7.839449	-12.787653	24.417440	6.807560	20.387181	-0.386665	13.721591	7.205650	-21.437210	0.964325	25.842095	-9.682015	4.261380	10.332292	-9.376623	22.703128	12.454505	12.040790	-19.492209	25.357425	-11.017002	17.032148	-24.720572	-3.066294	20.240688	20.900181	
-10.207058	2.320862	21.325912	-8.454901	18.664687	15.287428	-15.817553	7.157062	15.501286	-15.564917	-0.592997	11.746578	-9.911843	3.347893	19.371245	9.149206	8.004804	5.527809	-18.650192	0.145843	15.531294	1.837859	15.619640	16.764525	7.685698	7.250415	5.893577	2.993074	1.286820	-17.401732	10.989315	-4.537664	-12.573759	13.068445	3.594217	-2.337043	6.352739	-16.738752	3.869708	2.331184	10.102194	-20.650877	-7.912663	20.889339	13.610370	-16.980400	14.205741	-5.698527	-14.928676	-17.569023	
-16.975192	2.871650	-8.797180	-12.415833	6.504964	-11.916659	2.445925	11.619657	-11.821914	-8.924162	10.786801	-13.678049	3.492235	-15.783719	-11.854007	-18.398074	18.472983	-2.844074	-2.321867	15.294000	7.858537	-13.476439	3.441217	14.034959	-1.335412	7.433695	1.521097	8.547489	8.970172	16.599871	16.260010	-14.722944	-14.397162	18.136477	-18.717934	-11.152189	-8.477040	7.990481	6.689499	-8.067861	16.662920	11.125532	-15.385117	-16.300869	2.810590	-14.360094	12.163787	5.146624	-9.149540	7.739245	
-23.818465	-28.830868	21.933650	-16.642911	-6.672281	8.867533	25.231272	-3.784974	1.740584	-10.889690	1.392670	3.068279	1.872491	13.923530	-13.051774	-10.564926	7.095605	-16.038501	-15.258619	-25.708539	27.945587	-29.128382	2.063632	9.744942	15.003252	-2.104404	27.390856	20.369480	18.157527	-13.173595	-1.322095	21.994174	24.296250	-25.268699	-14.800604	4.271009	-11.277182	-26.685275	-0.437405	-22.434056	-28.233643	27.219260	-25.909703	11.732627	-11.631872	-13.079582	8.755661	-29.301942	-0.784536	-9.600830	
14.390178	26.323363	2.088413	-3.488731	-18.883914	-18.625188	-6.048339	-3.530539	10.908288	-4.068584	-5.946972	26.009496	-5.349281	-24.460143	-18.191356	-17.015075	-0.236105	-15.265376	4.132076	-8.847494	-23.308689	-28.396818	0.252766	-1.757209	9.225185	-10.912432	21.758326	13.951256	17.360422	6.581866	25.242193	26.032591	22.624691	11.728601	16.861683	0.855334	-7.712416	6.628391	-25.565922	10.357902	-22.125312	-27.380756	22.712831	-6.503476	7.148299	-11.685654	23.338679	-19.312773	-23.067393	3.459916	
14.397700	13.121602	-13.461001	15.970541	-13.059663	-23.549752	-25.920926	21.948063	-21.296698	18.568507	21.495556	-9.358836	4.569631	17.291671	17.759454	-0.965852	16.442376	18.085577	10.466775	-18.799264	11.538003	16.692442	20.525552	23.661212	10.163027	19.989205	-18.234769	24.403419	-14.743487	9.371039	21.436710	-22.754802	-5.146859	19.780767	-25.224661	-21.078460	-15.760382	11.505400	-23.208925	0.074414	0.557716	-22.965657	-1.292948	-18.572612	11.507080	22.072243	10.088773	2.771126	-13.751697	-15.181159	
-12.536778	18.662652	22.962415	15.592764	-11.838770	14.735183	14.015968	-7.899302	-21.758138	20.508648	16.346823	14.263559	9.309648	5.472862	14.615241	26.338019	-8.254572	13.178166	-13.038534	-12.917893	-1.039168	-0.860978	19.184051	-13.504565	18.806210	-26.196069	0.106693	-5.398529	20.620070	-9.973950	-9.037563	-19.960234	-17.285607	1.878678	-11.055253	-22.613026	-26.147829	16.509670	14.239353	23.311734	-5.972236	-9.129243	16.015126	12.363683	14.115162	-13.397572	-13.773573	1.325280	-27.284485	24.385134	
-2.610016	-3.846531	21.026917	-26.766899	9.696478	-9.256538	5.912545	9.755927	-2.422542	-8.177835	-9.084828	-12.256225	9.892038	-7.515426	26.225787	19.557502	15.304631	18.193206	-7.036510	-8.411874	-28.292288	22.343091	21.290433	-8.267967	23.966940	3.829720	20.742795	-6.782572	22.524383	-11.422495	-27.062147	10.671596	24.874843	21.224649	-21.034837	12.633367	20.473426	-19.527414	-28.359737	19.076902	-15.375450	-12.950870	-16.751717	16.939797	-17.030666	-28.225102	-9.621901	12.939764	13.768912	-20.584255	
18.525294	-12.684172	1.335352	-3.359723	-3.305059	-5.740494	-10.102295	-4.934822	-12.456037	-14.331130	20.737831	1.574739	-22.646888	-0.054323	-14.103937	-23.621124	-23.395251	-9.983018	-16.509407	-2.569218	-4.377153	-21.631069	-10.369345	-17.420695	13.977700	-16.364360	-12.946825	-9.990795	20.256999	-6.818751	17.899271	13.406156	4.756792	-16.090819	5.473696	21.799459	-22.674708	-15.709354	17.690171	9.259806	3.291350	10.461845	7.869689	-19.161027	23.160072	-5.325966	-8.435222	-12.675134	2.348561	-21.111459	
-2.521782	-13.462617	-14.370885	-20.857524	-20.311741	-4.197095	-19.087640	1.392538	-3.878493	21.350197	21.698295	-12.478624	-1.699806	6.984028	-3.791247	-6.586310	2.201237	5.374505	9.718621	11.644847	-12.215443	6.384220	0.921584	-20.662476	-4.876163	-11.096205	-0.194365	11.746732	7.729234	0.265374	-13.046486	-10.568053	-2.887417	16.641655	2.535785	-20.625259	6.197116	-15.349381	13.903669	-4.314094	-21.794206	10.356037	8.392307	11.635540	21.351648	20.309731	-3.831274	-18.904828	17.510759	-5.138643	
-7.321455	10.288739	4.496744	19.745130	7.989171	-15.431429	-2.402740	-1.904865	-5.005227	7.187150	19.890621	17.451232	13.168490	-17.754442	0.977641	12.161523	-2.275205	7.983590	-13.144367	12.679471	7.049462	-13.925777	5.195325	12.881193	-3.537252	12.834866	-10.649764	15.821066	1.919443	0.177976	-7.521631	9.451025	-0.932320	12.473623	11.162268	0.743774	-2.276367	6.341937	-1.877373	10.262238	11.860947	17.266284	-18.348044	-15.852951	-16.689023	-19.504399	19.575426	14.329382	-17.599975	5.231723	
-20.563216	11.407461	-21.613793	-14.034085	5.820980	-2.923064	7.035407	23.090525	21.381689	-19.250957	-9.782241	18.930220	-18.177418	13.907501	-13.529344	-13.766761	-13.206092	23.351432	3.972422	13.894754	-2.281492	-8.834625	18.943939	-15.850892	11.152052	-20.376291	14.680865	23.658456	-20.608319	-16.690476	-5.936676	19.213861	21.702225	13.532273	21.558659	-7.305591	2.457945	-17.976266	22.042151	-0.404889	-6.923052	3.908741	12.273332	-22.538009	21.331779	-18.902048	17.409030	-15.362529	-18.094575	-2.770688	
11.412011	2.521119	-22.605481	-18.736883	9.166600	-20.577020	18.233896	12.786290	-18.226427	-17.421720	14.254969	-10.649718	12.314718	-2.261124	-24.579083	-26.878854	-17.896247	-20.377835	5.095162	-12.635762	5.623931	-19.624966	7.925185	19.486560	11.285716	-17.478180	-15.732831	-23.713944	-0.649840	2.409632	-4.778064	18.232843	-24.631065	-15.805476	-9.115047	-5.181831	-0.511137	22.053793	-18.553943	20.790050	-13.679151	-16.267493	15.494236	23.743929	24.708419	-25.049967	22.424233	15.054023	-9.185682	19.849385	
7.069174	23.163519	14.670596	14.566019	9.733285	12.199083	1.916661	-14.766885	6.296468	-10.620230	12.532916	-19.316817	9.272487	23.171385	-23.618369	-26.232915	-1.905868	-25.120752	10.815903	-25.246743	-8.586370	-13.631472	23.351928	-9.845390	-7.607903	18.114602	-9.745774	-14.850276	25.243977	-21.872195	-22.528182	-13.930065	-13.776489	-11.835491	-11.965114	11.769576	-15.376165	-13.989283	11.051891	16.347930	-17.887276	16.487270	-3.739814	17.088515	-1.847908	-24.246647	5.999293	-22.092168	-14.264588	6.087202	
8.613875	-11.615875	-12.150081	-9.962938	0.969857	13.015716	-15.479375	-11.185557	-16.423901	12.051532	22.612854	-13.544681	0.581938	-11.549656	-19.030557	-20.815559	17.074342	6.824732	21.572704	-17.036335	5.950173	8.807579	11.917783	3.374065	7.165319	-8.590669	-1.228202	-14.301041	-13.654400	-8.596292	12.689510	6.144176	-4.772975	-7.692628	7.946559	12.363709	-12.967309	-8.247237	-5.621185	-16.455551	-2.058012	8.242347	7.453512	11.636733	11.674898	-5.559167	-19.563960	-19.373871	-0.403023	-1.998977	
-24.501462	-19.181923	-28.663884	3.914066	24.359229	-27.563699	-19.219868	22.147452	11.837548	-22.202284	14.964396	-27.297005	10.360676	25.799501	-2.801335	12.279488	-27.720159	-15.983282	-10.558179	8.301747	-6.239302	-19.558317	-1.164546	-15.560070	-28.697009	-12.959185	-14.158726	-18.520029	-7.747613	7.557240	1.439705	-11.286514	1.990848	14.832951	3.628324	-14.962521	22.124807	1.449483	5.554931	18.852731	-20.931364	18.283649	-22.582298	-14.837624	11.630333	7.849682	-19.436920	10.913532	8.391033	-6.783325	
6.382162	-8.163134	-1.383776	6.959372	-18.219052	1.666735	11.901361	13.807039	-11.942604	-17.290734	7.713555	-2.021933	17.537640	-6.286485	10.351600	-9.818046	-0.182244	1.543968	-10.367436	17.575712	-2.935506	-9.427032	-24.145598	11.159398	-3.884156	10.697645	-15.653665	11.935130	-24.388346	-10.063649	-11.139265	-13.159534	5.473723	-3.663836	17.742779	2.118333	-19.726418	-20.155962	-5.263210	6.942310	15.691507	-7.655468	-9.120664	12.584199	-22.095150	5.035362	-17.470229	-19.184882	-21.270074	3.984862	
7.822892	23.645978	-19.255074	3.994940	-10.376108	-19.034178	-19.631728	-20.877139	2.392205	-19.140462	13.157865	15.762799	2.249532	18.006085	-19.554116	-2.260446	22.664525	6.303274	17.611110	17.344145	-18.001387	17.909537	-7.045336	22.419326	7.418544	-9.728983	15.621200	-2.772138	19.230523	1.513863	4.177051	-6.964874	21.322138	17.619430	1.254589	3.328149	-12.495784	-22.155810	-20.491520	-15.698198	-7.858796	7.209301	-9.471369	-19.111775	-4.462256	11.838944	-13.641687	12.464554	-0.227666	-4.846987	
4.085584	-11.191178	15.852220	-15.852120	-26.623530	5.653746	-10.427693	9.741044	-18.598926	19.033178	0.359264	6.225220	-2.993190	20.953220	8.022734	-3.402343	-19.038414	-24.545441	-6.547045	7.347092	24.669908	10.655516	-26.299424	-4.696339	-17.503710	15.395403	14.053637	23.255445	6.576290	-23.030511	1.155074	-14.131183	24.130047	-6.952811	-26.302521	26.169636	15.445958	3.959309	0.209318	-11.998229	2.045508	-14.070994	-8.822549	15.434158	11.085123	25.839321	-23.938984	-23.841893	4.857079	9.341712	
-18.351985	5.715816	24.879179	-8.040660	-23.943784	23.124660	16.982178	19.860188	12.014171	3.814310	23.842758	4.699824	10.978937	-15.462081	-15.863720	-11.519612	-0.088787	11.501944	18.981688	17.585017	-7.518565	-20.752053	-1.821077	0.274034	-20.647204	-13.331301	19.980809	-9.460574	24.764549	25.087984	21.781124	-8.239809	-23.188690	7.613527	-4.325156	5.680501	2.239346	-25.314829	1.861662	-17.411633	-15.545766	6.060387	22.923887	-8.696332	7.615686	-24.140746	-24.344113	-23.338436	0.325454	9.202809	
3.408349	9.572076	-2.796159	7.536301	-13.343675	12.222533	9.327179	-26.635908	22.678437	-21.444554	-25.052214	-10.357348	0.708498	16.275196	3.003743	24.476297	10.539494	-9.294388	18.145473	-25.429153	15.527868	-20.271599	15.211626	-26.292027	14.030297	15.806933	-16.249839	-14.140726	8.067359	2.473739	20.976089	11.783262	6.349150	-23.752507	-23.481402	-7.213832	-18.875275	-22.022392	5.216682	-23.641826	-13.495531	4.793678	13.315065	-14.411567	7.262413	-19.726317	4.904293	2.852972	-17.153040	16.310892	
-0.941031	-16.744366	3.271172	3.890161	15.740213	18.859127	23.767074	-5.697402	-21.883993	19.264613	-16.021419	-18.597299	-14.980332	12.105503	20.756045	-5.181144	-20.679588	-2.229164	5.467483	-10.214726	6.733467	-3.566153	6.360837	-15.315768	1.428289	-11.528144	-6.091657	-10.191478	2.674358	0.025668	16.145125	-14.730875	-23.534870	19.018778	-15.807107	0.437508	-17.472408	-13.031235	18.234876	-7.264243	-13.743958	4.631809	9.365997	-7.307530	6.808489	-23.954371	2.652572	1.683018	-1.624015	-8.251288	
-10.653996	26.181529	-21.194018	21.649408	17.750746	26.809116	-0.313729	-4.977403	-13.494356	21.548476	0.385783	20.513326	-22.683818	11.148241	0.688920	-1.270510	-21.411638	-6.649018	-13.914072	2.736511	-12.200691	-15.632660	13.363534	7.267776	-18.536872	-26.745126	11.268063	-23.315070	18.517907	-6.099433	-10.185674	20.989835	6.903804	19.295577	-18.129069	17.733171	-21.163070	-21.510667	-15.360081	-27.043741	10.829913	-1.700975	16.237181	17.850069	-3.808421	-9.476558	-2.842135	18.480021	6.542569	8.152681	
4.519260	-6.336370	-0.958070	-21.232453	18.146325	4.733616	15.762384	20.509695	-27.941485	18.011315	20.590054	-12.262381	16.311360	-12.349561	8.724123	-21.027840	7.778474	-6.529970	17.953631	24.059748	4.509991	25.236249	6.418528	-12.189753	13.177629	-6.341923	10.953556	-27.611182	-12.042057	24.703860	-5.760019	19.807590	23.733161	-26.472560	6.592211	-15.346230	-20.957955	-4.976774	-7.471885	3.718190	12.411801	-10.102084	7.609042	-25.858419	-25.144941	-26.059827	26.529161	-21.648946	-25.028339	21.474010	
-27.086165	6.951245	4.433733	-17.271816	18.543619	7.961176	22.377457	0.656954	-1.643001	-19.227625	-26.476720	22.474253	13.146915	-8.839057	25.829020	6.754101	-24.817567	-26.798530	11.825677	2.347678	-8.315015	-1.015611	-13.145556	12.729773	22.702874	3.129881	26.733021	4.951561	5.697497	16.308026	8.187935	-19.405571	-11.576617	-14.377842	-2.432613	-23.547025	20.826970	-27.394197	26.527317	9.257680	21.617883	3.186571	-2.759099	11.982229	4.914366	4.984060	20.742700	-12.906323	-0.400611	-19.106732	
2.023474	26.985678	-17.018120	-19.921355	-4.634687	5.878734	-12.234447	15.968291	-2.928942	-5.113628	-0.494639	-8.681014	-6.615398	-20.307126	25.149709	-6.404450	2.934520	-5.765243	21.750755	1.896286	-14.730716	4.787128	-24.393769	26.664270	-6.642722	19.786116	4.316071	6.574111	-23.077822	11.629625	-4.865929	-18.082316	18.121060	-25.533037	-19.113835	-25.962258	-14.675824	17.655094	-21.042897	4.324491	-4.901274	-11.075713	-3.941261	-0.860559	12.578403	15.948768	-17.786425	-21.017528	-7.746993	2.878888	
0.308839	17.594821	3.675426	6.558991	12.440048	2.528304	16.333029	-6.510772	15.930584	-14.734122	-17.948814	-3.851487	-19.634238	20.633330	-21.216253	-23.202841	-15.869272	12.975636	-0.631135	19.646292	15.232976	2.779812	13.847365	-3.071026	17.073300	17.261402	-1.162550	13.594967	-16.584713	-3.982953	14.780823	-19.260477	-23.638784	8.347836	0.160759	-4.621872	-20.842906	-18.810486	1.954171	20.629052	9.866300	-18.559429	19.920056	15.758464	20.160796	7.117422	18.272043	14.745400	-17.535968	21.632799	
-8.458661	4.074900	7.702497	-6.230172	13.530809	12.566604	-25.705489	-4.208114	-20.648831	12.294598	1.388776	-6.602785	7.197885	-25.518144	-1.132775	-9.109999	-1.911552	26.801005	-13.940688	-19.243744	-6.392775	2.368257	22.602058	-5.497257	22.448914	16.604935	23.194382	11.462461	13.614573	-11.254941	27.232061	22.409003	25.189826	25.444910	-14.378639	-14.549770	-8.095678	10.038441	-2.085559	-6.546857	16.413457	-20.648973	22.896374	21.522106	23.630936	-11.922751	8.326441	-19.511736	6.573723	23.264489	
-23.116112	23.932670	17.900679	11.331480	0.992007	-1.416897	9.636163	18.112344	20.043167	21.935376	14.365190	-1.437869	-20.842198	13.595066	-19.906139	12.993266	14.903417	1.847818	-1.381652	-21.559113	-9.790152	6.712570	7.595265	0.955872	13.037934	-20.704995	-7.077210	2.535169	-23.453380	-24.416709	17.515288	2.767799	-19.465274	11.001107	-12.708071	5.234021	-21.258743	-23.475989	21.063111	-14.750749	24.253934	3.894015	-10.103254	4.257944	-1.469488	24.810493	8.464566	-3.742583	-19.229677	18.981334	
-3.171079	-7.554094	5.480913	14.231376	-19.195282	-19.939758	-20.747977	6.266252	-20.279945	-4.512789	16.342029	-16.518917	-8.976710	1.146460	-3.822770	-14.930113	8.425000	-20.297176	21.188568	-1.602501	-19.509426	-0.194328	13.600571	3.115018	2.871391	5.377715	-16.911827	-8.056886	15.242108	-7.000499	0.875485	-9.356990	-7.065738	-5.740725	-5.402708	-19.145963	11.355379	0.529903	12.341266	-19.955993	13.308759	-1.371814	-3.719402	-14.855843	1.695495	-17.410047	-4.297227	-12.798743	-5.501357	-13.142768	
-29.191716	10.284092	-18.822950	11.688090	14.998253	18.568200	22.589614	15.832702	17.226493	-5.741272	-14.707076	0.108304	19.113496	-9.735720	-12.520666	20.663084	25.368683	19.968668	25.461185	-15.994002	8.470529	1.723695	12.904224	-26.258589	14.554501	-8.166320	7.657401	-7.246389	18.241620	-26.136825	-1.037707	4.608219	12.951752	-22.879829	3.741082	3.207215	-23.139035	-5.565125	13.786582	11.158291	-17.908404	-9.860708	-12.180327	-17.023070	22.206790	-5.223252	1.880516	1.664634	21.376253	-26.033803	
-20.536333	10.735042	-0.099832	-8.007698	3.583892	4.237203	-8.429451	7.298124	7.981540	14.836314	-14.315751	5.782710	21.000596	9.255742	-10.217727	20.161089	12.868207	-17.955553	-11.464974	-0.521116	3.205705	-3.626517	-16.849188	17.250075	12.427441	-0.603203	-16.669905	-1.841837	-7.222998	-6.788794	-16.113652	-2.350311	-15.586278	-16.832585	-4.210867	6.294188	0.451443	-6.827924	0.583196	-17.514281	-19.489310	-19.454885	0.339249	-20.181450	-12.566091	6.361393	-20.672561	15.446866	-12.532442	18.597817	
0.567095	-21.111530	-23.295556	-17.162613	18.723693	18.907467	21.787562	18.865691	8.256217	16.645846	-15.370446	18.743798	-14.643849	-11.902608	-8.983115	-19.435024	26.177910	26.285825	-1.103481	24.889244	8.080760	-13.374168	-14.317024	-4.785757	25.243894	-0.467443	13.052690	-22.631892	-14.488264	-14.274544	6.752503	8.904329	0.906238	12.045549	-8.341436	17.153143	3.272902	25.327255	-24.780790	-4.454716	20.069350	-21.565044	-14.266445	-9.551311	19.336222	19.032334	19.100540	25.187228	-24.169089	20.012581	
-1.931713	13.048413	19.219869	-10.125119	19.955000	18.167463	-13.857809	-17.322840	11.348102	5.796537	-5.001165	6.790531	17.922509	-22.861558	-0.061178	9.751110	-15.204474	-0.773764	5.008864	6.881648	18.394889	-13.065725	9.840245	-5.259286	14.450190	-13.099582	-2.620232	13.619876	-0.048958	15.302264	12.538634	-16.310797	22.362110	13.696787	-11.123419	-3.840507	14.342101	-20.987552	3.783971	3.369984	-11.133670	0.563981	-17.030171	-11.431001	14.925356	-10.694728	-20.699345	8.105160	16.436357	19.303269	
25.842771	17.220284	-8.869946	-16.301522	-26.220314	-22.055119	-8.662026	13.891880	16.815028	-21.570594	-12.489576	2.527415	18.276174	15.364937	-12.746132	-15.455190	26.516773	-22.272447	10.519716	21.028500	-9.021152	22.529434	-14.910064	17.081502	-21.860953	-1.360355	-17.302085	-11.380923	-26.837076	23.755310	15.120209	-7.932776	10.915743	13.436327	18.437970	10.853305	22.597208	7.463250	14.294455	-26.310428	25.942785	9.631729	-9.011248	-0.122546	4.540792	-26.922462	-8.607659	-10.529360	10.674181	-16.668022	
14.804681	19.828280	6.757048	-12.140566	-11.342630	13.880332	-12.718316	-13.951319	-14.187335	11.556822	4.136539	-19.261068	9.379161	1.094390	-10.819119	-6.303936	-8.987105	17.305526	17.672954	19.731123	-2.822337	-4.554219	3.482489	10.837760	-18.027264	-13.624746	-11.760532	17.090325	18.801768	-2.696190	-10.644286	-14.172142	9.082894	-1.590315	-9.758410	1.762797	5.189768	5.074653	-12.289698	7.858964	-1.567268	3.294682	14.566362	19.698920	7.706752	-15.495732	11.712908	-5.850558	1.380946	-13.065862	
-23.974789	9.686393	-11.488732	-20.972984	-4.924666	-1.210525	-19.848971	-13.274124	13.224170	-19.733049	-23.422074	-10.168618	8.887179	1.390652	-19.522155	17.734463	19.049465	-23.207758	-14.446811	-18.506691	-11.369604	14.000072	23.535009	-17.548266	-8.991214	-15.966383	12.091682	-1.460046	-23.888244	-22.919452	17.022055	-5.029397	-19.417252	20.000092	-1.744159	-4.300948	-18.145717	4.144268	-6.915577	-11.133508	-14.538328	20.130968	17.927327	-14.459350	17.266109	-17.587022	-11.952643	10.145888	16.531183	22.406402	
8.819305	-19.166521	12.485637	-5.088476	14.041027	-22.567915	-0.018387	17.515520	9.950477	0.722816	16.514373	10.354304	-6.850256	-24.744388	20.915261	-7.597134	6.107188	-2.581089	12.676633	12.033188	-2.225076	13.973103	-22.087381	-18.389971	-8.955201	3.714266	-18.226363	-4.575590	21.093019	8.543930	-23.315093	5.503346	-18.149946	-5.801855	18.627341	-7.729942	-21.947934	-10.182625	9.480501	-3.689391	20.840556	-17.560042	-21.266166	-4.180509	-10.507128	19.086225	6.195783	-4.215092	16.771316	9.513270	
12.560391	-0.172101	-25.834380	-5.433461	5.608546	4.746058	-26.972294	-18.742452	-17.232498	4.700826	8.013669	-27.136789	26.822759	1.921299	23.258070	-22.223107	-1.390037	-14.688208	19.915788	21.399959	11.006142	27.711123	-11.718256	15.330088	-11.486503	-19.259475	15.577143	-22.970024	-6.580293	15.242946	-21.253652	4.624980	2.699729	1.556411	-7.275525	-26.541395	-3.853570	-6.080518	13.028518	21.313348	24.929932	27.412133	5.116761	-10.344069	17.701072	0.685560	19.744707	0.381215	2.066788	14.714011	
20.252038	-8.771639	-3.378952	-5.872111	23.343182	-19.462944	4.780133	5.933987	-1.532605	12.693337	17.099753	1.973479	21.493649	19.412275	9.540129	10.238331	-20.251732	-19.140484	-14.264442	-13.337079	5.184235	-1.868123	5.065406	-21.510647	15.771843	-13.596764	-1.959305	-19.072999	-13.739443	7.745784	-19.391186	1.077411	11.207033	-20.322667	-1.338584	6.672505	2.525857	-11.017463	-11.015186	-13.633581	6.820188	2.412383	7.885705	22.921602	18.058846	11.715767	-15.583083	22.082995	11.586131	-10.968091	
-7.769195	14.636050	5.360657	9.061513	15.549577	-9.235012	-14.187717	18.056781	3.470680	10.745668	-24.332323	-13.018559	-19.764301	-18.703601	-24.132239	17.492927	18.050163	-3.023338	-19.768067	-13.547901	-17.155188	4.650065	-4.277862	5.076356	2.216984	1.415081	-7.959729	-15.695247	10.811840	4.621643	10.526587	-4.993178	-11.915155	19.507856	17.720296	-19.668973	2.420318	19.770549	-14.690909	-6.384494	1.073739	9.920788	-4.736331	17.348123	-20.978101	11.523121	-5.660874	21.070501	7.523777	-17.556166	
7.350328	12.714293	15.019148	-3.247902	-12.888763	-21.841971	17.917482	12.291153	-12.482187	-7.803250	0.676699	-5.350263	8.603483	13.130945	11.131195	20.509849	21.555236	-14.032396	0.825014	9.093948	2.360832	-21.011844	19.990499	-7.444442	11.748437	-11.922018	15.968092	6.004410	12.970667	4.989428	-6.226800	10.903297	5.617529	13.264616	5.331440	-17.616910	-9.357818	-8.617313	6.787925	8.452752	6.341341	21.468741	2.479211	-9.916892	-4.194038	9.865851	-11.483915	-16.322376	-7.419097	-12.291766	
8.513900	-29.340348	-4.176544	-17.412162	17.604344	23.035376	-13.423181	10.677046	17.040820	-5.236026	8.476388	-6.827463	-7.451012	-4.014073	25.673598	6.140412	24.451521	-22.048699	34.093881	-17.938427	34.301978	-30.732666	19.850748	15.513617	14.333374	-22.452011	-18.573623	-21.844541	-20.657040	5.698800	13.105384	-13.161175	25.737973	5.614620	14.504524	-17.311620	8.425318	17.816434	-10.503470	1.125184	-4.698548	25.784087	4.366559	28.572580	1.213582	-26.722365	18.471673	-8.107779	7.669625	26.474899	
-16.665024	-24.412385	14.722108	-30.940091	-18.266067	18.004258	28.286683	-12.301618	20.879084	-19.084972	-6.734876	-0.425959	-4.255547	-8.988187	-7.071400	21.448853	4.879073	18.452626	14.957900	-20.970504	-7.462711	26.009892	12.028175	-29.784324	-10.809197	22.219832	5.900424	9.759561	-21.515884	0.901721	29.591992	-15.473320	-25.803728	-28.250771	20.325290	-30.575338	-18.648494	-9.991139	-4.712654	1.083551	27.345849	-12.621131	20.871750	19.878964	-6.244251	29.220790	20.563555	-29.335634	7.237392	22.023666	
-3.092416	-14.705619	-6.248526	-8.011030	-3.656859	-19.146047	-22.230987	8.500154	15.032838	-12.457476	-2.009044	-21.220870	3.262557	-5.331451	4.915961	9.300699	-3.955725	-0.801298	-14.972218	-18.294627	-7.380685	-20.083136	3.562627	-16.827022	17.454336	-3.248388	-5.384355	7.118043	18.960945	-15.866307	-19.076929	-18.598993	-22.265153	18.020683	-19.859174	-22.823546	-15.873790	-2.444021	21.708202	7.182785	-5.299124	17.892038	-3.456667	7.226797	-11.883575	-4.796132	5.416056	-13.742703	-5.517857	2.842062	
25.044893	7.353627	15.369048	27.527685	-1.973121	8.776736	24.856398	-19.260495	25.528332	-0.154748	29.371437	29.923913	8.783328	-18.957384	23.582876	16.036839	-7.356387	25.538599	-15.623777	-24.970322	-19.554272	-12.570618	-19.313861	-15.739239	16.337562	-14.445553	-17.903361	-4.298405	-0.583455	-16.528517	2.454724	10.753607	-2.132021	-16.674883	-27.060956	0.256488	-28.120310	-21.320110	17.734439	10.632931	-4.042667	0.266323	-25.905542	6.339247	-21.612034	5.746256	4.708226	-25.512733	28.324929	0.814077	
-15.602742	-16.609036	0.172396	-12.040060	14.903075	20.627662	26.512661	7.597822	-20.780264	23.570127	-11.536243	23.412597	20.656122	12.856944	-9.414802	-5.923382	26.700942	22.065664	5.341622	14.105333	-25.615189	-4.159052	25.494593	-19.654205	-2.696427	21.025934	27.222628	-27.362552	-18.767857	22.459872	-21.407948	24.920777	-25.718783	-15.813292	-2.430830	-18.063763	-15.106684	13.621928	10.276544	-14.364674	6.408278	23.481748	-24.181665	-18.904345	22.431291	-24.948276	17.625904	-25.993650	-1.919130	1.616599	
-15.612398	-5.839050	12.503560	7.395954	-2.716362	5.951338	9.835154	-15.900952	-4.825563	-6.459847	11.671562	4.925146	-2.261526	11.198405	13.649355	3.773758	-5.548277	-14.106368	-8.055276	5.679859	5.942804	10.343927	-4.696910	1.945131	8.585045	13.791974	11.292000	-7.816281	10.595928	9.915462	1.942104	-9.192504	-5.104848	-17.904973	14.456859	3.992155	13.986221	17.249575	0.042577	-3.092597	9.193154	-9.072978	5.637456	7.509080	-13.042707	-6.681819	-0.425926	9.010673	1.159677	7.753524	
-14.614691	-21.325221	25.403439	23.869840	-8.592302	-23.674204	25.310594	3.118160	-2.314476	-20.465167	2.757280	13.918246	24.183942	-3.687213	-6.894377	-22.833449	-16.027144	13.011919	-15.641237	-19.785406	23.807172	-3.529865	15.655567	12.298999	4.214425	8.264682	-19.373058	-15.632194	4.935091	17.658265	-15.727705	-4.344124	25.005111	8.527373	-23.875194	13.171642	-8.255023	16.426095	-14.136537	13.174638	-12.911741	-4.574563	-19.459636	1.277521	-7.774400	5.997115	-19.111025	22.289837	2.352682	-14.900065	
14.289210	-29.159746	-5.303884	15.738160	21.156383	-3.230967	17.984259	-22.263679	4.279643	24.391662	0.969186	8.581657	27.446686	26.692471	9.003206	-27.410986	-12.191769	-11.016182	-11.282903	-25.740353	28.819135	8.695357	2.388572	16.225411	27.044972	27.943693	-5.782161	-21.567429	-20.118019	-6.009615	6.152573	12.506545	7.931918	-25.733337	28.620882	-17.560537	12.800748	-4.071224	-5.880752	3.961848	7.920681	-28.504520	-11.293773	-19.523859	16.693070	-22.294358	-1.153242	-4.400065	-23.678925	-23.244385	
19.324132	-20.338076	11.279250	-15.030401	-1.252327	15.032791	-17.599885	18.040177	11.790867	-18.609444	-15.272027	15.337723	20.890571	-5.484988	6.046592	11.867322	-2.109491	-19.716657	-4.815572	22.914438	17.267378	-20.437531	-12.840365	-19.984784	12.237337	-21.290332	-18.591560	20.732025	-19.037682	-8.742738	-19.553538	8.245747	9.446507	-16.076128	21.869126	21.228982	5.909672	-20.550867	11.279133	8.460467	5.667437	-7.863620	22.844851	11.776634	-18.282767	10.624012	-5.105799	18.147676	-13.051462	-8.097095	
-20.671911	-16.395318	12.510284	-5.861379	3.371714	-4.114416	5.039497	-12.221532	-13.903928	8.679839	4.451826	16.543487	4.758903	-3.993407	-15.355211	9.038719	2.632329	8.142348	17.566367	-5.814424	-7.803014	-13.057052	8.831335	-5.820170	-10.256160	-14.072268	-14.063728	-15.175101	-14.323117	5.736967	19.167765	14.864525	-11.471283	-8.703722	10.503996	-19.123883	20.727088	-6.447209	4.836120	-3.694479	-1.319290	-4.034858	12.134519	-18.410515	-2.431088	-3.033949	4.459713	-7.711487	20.120613	-5.448300	
-9.580605	12.319220	-20.912512	15.627727	23.247550	-12.157818	20.845743	-24.506418	3.190209	-19.588333	10.342433	-22.764063	11.582139	-10.045876	-13.173909	-5.623504	-8.537790	-4.308606	-13.577774	5.743799	-20.101127	18.958392	-11.234674	-11.294261	-3.709330	-8.039831	18.074762	-0.940378	-15.941207	9.986265	-13.636197	7.105892	-15.309068	17.105659	-6.173208	-0.457646	-15.506825	4.846337	-21.722446	-18.475066	-0.147510	12.520243	12.425633	-14.351516	-23.783574	-0.084886	8.471543	-10.964606	4.919404	13.133673	
19.697512	-22.945192	-21.883003	-19.303232	-10.403769	-1.788883	1.503616	2.402500	17.363763	26.996481	-6.505370	23.223272	6.595174	22.588132	22.325089	-9.233471	7.365667	2.269698	-16.170227	-17.727289	4.244225	20.353152	15.876949	10.164292	17.892788	2.393550	-28.507264	-4.533351	28.313568	5.838140	26.494578	28.672435	23.873780	3.035428	1.116280	-20.109818	-19.119419	-18.406541	-4.394777	-14.554096	-2.572194	19.391024	2.432821	-20.043327	2.699450	-20.315258	-2.462918	-14.622293	2.958946	-1.592022	
-3.182283	-3.421166	10.543279	7.030006	-18.476652	13.221506	18.597643	-15.912993	-26.987400	-23.340187	21.338506	-21.870815	-27.202877	19.313375	-26.374510	26.822570	11.271318	-13.611340	4.297291	24.286931	27.995443	-5.528371	-6.300620	-25.751090	9.705777	-3.460058	-24.302358	-3.130810	-10.534834	-25.890152	-19.124008	-25.115358	-11.091699	-26.977407	-21.627084	26.879645	1.363604	-3.150030	8.578034	-0.478240	17.513610	-25.533421	-11.963340	0.536123	-7.788829	12.971451	-26.740522	-8.349626	13.811839	14.628017	
7.281455	14.067572	-21.488947	-18.108608	16.376637	-4.699789	4.786436	-13.680170	23.611936	-17.092700	-14.820987	22.898543	-12.318229	19.097726	11.974325	12.100325	-9.904272	-4.997333	16.842626	-10.930080	0.090930	-23.227774	12.124667	-14.863605	-8.322051	3.138636	-21.500362	-15.332343	-16.362567	11.879820	-0.480628	-12.913598	9.158141	-9.871341	-20.477985	9.332021	-6.291147	18.408474	8.436517	-8.012576	-15.444380	-9.591896	-8.573602	21.879299	17.274786	-11.724154	7.340800	5.065178	22.662082	-12.318162	
0.197937	-12.880541	-5.335219	-9.311014	-22.085786	5.214916	19.264924	2.837393	14.222758	11.777231	0.250890	-16.183800	22.303568	-5.982452	-19.565540	12.385140	-22.536910	12.607424	0.871553	3.552755	19.854401	-10.746505	-6.421927	4.636753	-7.283302	-20.757811	19.248587	-6.345595	9.123769	14.399543	-21.735475	-20.654383	-0.299007	-14.393107	6.043241	-18.223975	-17.925996	15.078693	7.653006	-1.134349	1.608907	-16.936517	-21.224059	-9.673714	16.065716	-11.205935	8.161464	-1.479982	7.097390	-8.189715	
20.909944	11.272164	-0.000878	-11.066354	18.890283	-20.395169	-8.222293	16.819068	-12.994415	-17.829212	1.261551	16.890038	-18.092635	-9.648181	5.150832	-21.678926	8.777761	-13.304238	-20.771185	11.858406	-17.722600	17.328570	10.925965	-18.406717	17.520522	20.994468	-12.932265	-1.539331	-3.655091	16.375760	14.431546	12.691669	2.175136	5.940775	1.110045	4.898844	20.269205	21.392068	17.577322	-9.806760	0.403482	3.778668	-19.402195	0.901063	5.026071	17.541630	-1.020469	-0.019216	-2.003134	17.774452	
29.832584	26.300299	30.357636	-0.521634	-33.072222	-5.215014	-27.565180	6.642680	-12.504253	31.173548	14.376162	-28.987739	-1.864487	21.852514	-27.373646	-25.198472	-18.733531	6.233055	31.010688	27.219422	-6.676830	-29.791551	6.592361	-11.663155	29.406615	-2.646199	26.091649	-7.840582	31.172611	22.363523	-30.613341	-28.234919	-30.369093	-12.186602	16.637607	27.138198	1.784646	4.366972	27.942738	25.504398	-2.870645	24.537301	-16.080817	11.733477	5.122999	-1.513883	-1.705730	16.788461	15.956900	-31.759995	
-9.224562	-4.844789	-2.149895	0.648531	-16.866302	-4.371332	-6.107244	-2.725126	-1.216182	13.781343	-22.671369	-1.878558	3.932785	14.957244	5.930548	-17.523472	-19.621754	-14.899728	-8.052127	22.931002	14.007407	22.299836	22.502075	20.420148	23.279495	-16.317505	21.094297	12.325562	-15.397099	9.604496	-10.759759	10.731808	-21.726817	-22.024900	11.354746	0.965483	-7.401398	-12.496633	16.099698	3.793285	-4.786695	-1.324636	-18.196176	-21.896894	-22.317313	-14.511478	8.529766	19.445682	19.028305	-19.583445	
13.257416	-6.312374	-9.915696	1.608357	18.413266	-1.383958	23.947069	-5.862810	0.054462	9.496025	-15.917485	-10.204472	6.012995	-22.147784	9.609112	-16.765381	9.027694	-8.422867	-1.809729	-9.978237	7.576786	19.208136	4.331886	0.455512	11.805398	3.042431	-5.247622	-0.119358	-1.647744	-22.837550	21.992908	-19.865549	5.283348	-15.963760	12.352844	23.894387	-17.243225	-13.302899	-17.236373	15.591738	-22.027437	4.832553	-15.914003	8.916614	6.927787	-21.498009	-19.461052	-10.745981	-3.641402	1.945951	
-13.747774	12.836419	-23.898546	-6.864569	-9.728589	4.509489	12.593343	1.740081	-1.128351	-7.075129	-2.752981	-0.822976	1.001844	7.225362	24.231625	15.586565	20.210054	-20.300731	-11.029706	-10.131986	19.097115	20.197968	22.450369	20.426309	-0.858765	-4.819603	13.439958	-8.923024	-16.857893	11.156682	11.831281	1.092057	2.391299	15.056248	0.856104	-17.053756	-15.692715	-9.967263	-12.740903	-19.440702	-13.460157	-12.162918	5.858429	11.826841	7.446835	-10.927665	18.265958	13.266525	-4.759866	16.248204	
-0.141912	12.724967	-21.053434	10.845779	11.495780	-15.269834	17.510661	8.897036	9.792699	-3.267596	-1.541287	6.107501	-0.940764	-8.159715	7.385387	12.409439	-12.502836	20.425730	20.619246	4.443016	11.281521	7.587004	-15.128493	8.348585	21.778735	16.487868	-5.548118	10.009188	9.228286	6.503269	3.780326	-3.741076	1.790712	9.561627	0.804764	-13.928426	3.178352	-5.695881	20.765719	-7.897416	19.698407	14.441683	15.352389	-16.595450	-0.662399	8.469022	-11.179546	-5.181038	-7.153166	11.613574	
13.119722	7.281975	-7.713474	-7.960799	-8.018493	-1.957648	-16.771152	-17.024967	-12.097549	-3.407923	11.913793	-19.781195	-12.507006	4.369941	17.986677	-12.321219	18.091028	8.747411	-20.741583	2.311143	23.203663	-21.433033	8.974998	15.170199	-7.553759	-2.371351	14.292511	-10.853924	0.862073	-16.651054	-22.423787	-13.640815	-5.847091	23.270489	-20.761964	20.650962	20.496564	9.326036	0.884926	22.627743	-1.230223	-9.717493	10.082066	-3.413864	-12.093176	-4.413897	17.559123	-23.587363	-16.527036	-22.362278	
-13.722752	-0.107933	9.430425	7.244402	-10.836371	-18.910483	2.816573	19.601212	18.424953	6.461499	-12.584890	-20.254235	14.137290	5.293576	-15.596303	8.913939	-18.208765	8.905494	2.940020	17.231277	20.945913	-11.240865	-17.682212	-19.920584	17.340515	-11.267405	14.279527	10.043738	-12.212611	17.307174	-1.614168	-5.260791	10.519294	17.551625	2.407700	-6.700455	13.437494	20.890168	5.449906	-9.763092	17.451834	-17.509619	3.084644	-14.673286	1.361717	-12.942586	-2.224930	17.508558	-14.228607	-2.644015	
2.657368	-18.010532	15.587976	-18.216876	8.169888	0.258761	-22.705348	-23.366458	4.346031	12.678369	13.472338	5.575141	0.209921	14.707769	22.928377	12.340318	23.115977	9.564047	16.991467	2.294883	-22.141835	-5.951176	25.314581	-5.743604	-12.126265	19.782633	16.931136	-19.492497	-16.146179	25.928805	1.590824	18.076794	11.522298	-20.392713	-14.819929	-18.191823	-3.609497	13.025609	-3.299655	-16.637433	2.909112	-4.501906	22.344588	-4.833081	7.885716	-17.732835	24.627490	-18.308274	-0.384794	12.579211	
0.066301	-13.761815	-24.207231	-15.536046	8.875859	-19.162564	5.137489	-12.358834	7.059133	-6.526819	-2.912325	-5.223670	8.720432	17.968532	15.675267	9.527973	-8.642896	13.797419	13.045291	19.207239	-4.201086	-7.999520	21.777914	-7.981993	-6.688891	-13.395596	15.303128	19.168365	18.212784	4.702523	5.298396	3.801959	-15.492791	12.528504	2.774556	4.575100	-24.061827	3.857111	-19.537276	-16.345841	20.225947	-21.921799	-8.410695	-10.669550	-4.245138	-7.812486	-19.425514	1.141795	17.538405	10.611105	
9.971189	-17.522682	-17.784453	-15.894629	25.895714	-2.088875	18.851004	-22.886457	-22.365417	1.653101	15.427002	-23.565620	18.176952	-19.430858	-18.502133	16.025350	8.941018	9.663797	4.386679	-19.104107	9.969953	-5.874415	-6.599056	1.609107	16.013809	-3.353986	6.557946	-25.785259	24.130903	0.130945	20.853892	-4.030661	-17.390747	-23.509400	-26.953237	-25.518639	-1.418161	16.202484	10.122693	-11.757101	26.634619	-8.857183	5.711756	14.837018	-2.483700	0.660994	-5.248803	8.332488	-10.526785	-19.529612	
23.571135	1.747103	-11.810252	8.311186	25.879522	22.953718	-5.307045	0.675634	10.571357	17.330870	-21.327308	8.788550	-5.575197	10.081121	-9.058209	13.837646	-24.435669	10.682625	-16.087200	-18.799490	18.997354	-16.561755	15.039988	21.175030	11.033061	19.359714	4.766772	25.909936	-1.807801	-18.239302	14.690353	-1.582385	11.865087	10.875223	-11.288552	1.279358	6.945728	7.477607	9.280945	-16.558256	-8.330279	-15.598604	-10.763904	-19.046580	-0.024535	-13.926598	-10.482658	16.850166	-7.419770	-0.158875	
-3.621543	13.300868	1.722093	3.181918	-10.155324	11.340662	15.053076	4.796193	14.889896	-17.177616	14.922669	4.298334	6.073527	-8.349213	-11.982471	-11.264329	-12.793578	-6.339106	0.573006	-0.714695	-9.735239	-7.715184	11.735038	8.771991	4.900157	4.622794	-6.055119	-13.393965	-4.423651	-0.834469	-13.163838	-3.106535	-7.303199	-3.815493	2.809105	-1.638865	8.868179	7.350147	3.772109	-10.732306	-12.248434	0.645619	-11.387233	16.855373	-5.025828	9.343433	-12.001357	3.502612	4.342386	14.180756	
-8.107247	-17.091915	-8.908585	12.653283	-12.546491	-24.146235	19.405096	22.016029	7.143915	-16.720291	8.978415	-7.403580	21.062803	-7.162883	-12.641413	14.682711	0.640229	-16.149601	5.969377	19.441853	-1.870807	2.181156	-19.735516	13.493991	8.437181	6.696882	-5.416426	9.043339	-13.680589	-14.438812	-4.030662	-25.290381	21.912421	9.149827	-3.340171	-12.183162	16.814221	-23.198286	0.397280	21.963236	-3.043890	-19.145672	-22.590077	-15.649007	-7.829754	25.640363	25.063933	-19.274973	24.700630	17.752224	
24.534774	17.908884	9.375102	18.185990	23.345008	-3.712699	24.335184	26.500858	12.450483	9.289975	4.942889	10.487679	10.877726	-5.162217	18.819993	16.854085	-27.618347	-18.577189	23.540149	5.876571	-27.814305	0.590832	-0.471041	-18.333703	-11.122361	13.624739	-12.085230	-6.653414	-10.453453	-4.336288	26.560064	-27.663599	8.677602	-3.806662	-12.986198	7.160968	-13.394017	-0.735316	4.341383	-1.599585	9.793556	-23.215853	4.819204	-7.686919	13.434770	-16.107888	11.539716	24.572973	-9.011013	-19.719396	
8.649007	14.568635	-18.382983	9.894387	18.833529	-17.229222	1.485956	-8.376329	6.724631	-16.770102	-15.083854	8.131731	17.050475	-2.165641	-9.540665	-1.721926	12.856563	-17.377391	5.048780	-18.836344	-6.864567	-8.678098	8.976753	14.697163	9.771097	14.630066	-4.535562	4.498718	11.255414	8.083966	17.982936	18.342495	16.289886	6.544643	17.825976	-6.062484	-12.026202	-8.535661	10.743996	-14.023432	-5.509984	-14.865415	-3.362981	2.920160	3.959103	-18.726099	6.402717	-4.908847	7.237052	12.652314	
-17.301633	-11.437336	-4.608404	7.991935	-6.863185	-15.512825	-8.687835	-10.936961	11.301300	-0.035656	13.261142	-11.420512	-14.391716	9.985862	-0.768225	-7.448167	12.746233	3.461451	-16.246889	-15.072132	-14.854353	1.227174	-4.934035	-19.773256	13.646963	-5.461363	20.876721	4.310431	6.039429	-12.604073	18.419769	21.136506	10.918557	-5.234049	19.866154	-6.511133	4.837504	-10.763494	-0.606080	-18.186967	-10.151376	7.438240	20.373855	3.644636	-8.398623	-14.991690	-4.662795	3.902886	-6.276314	17.256795	
-11.100756	20.438568	-17.110725	-20.225167	4.832489	-13.343200	0.262778	-6.595295	-16.977292	16.812058	18.054512	-17.597889	-15.042077	19.002177	-14.874735	-1.941355	6.033333	10.338067	2.799159	-24.466382	17.299580	-13.744200	22.052724	14.624181	-22.496828	3.493975	19.107038	-25.592677	5.768129	-12.527840	-8.981487	1.932170	-16.970377	-18.093568	16.530156	-13.882318	-12.718995	7.664674	-7.901556	-8.167676	-1.142150	3.874072	-13.521972	24.185783	-22.157969	20.946644	-3.491328	9.128694	-25.697024	19.151383	
21.823979	-13.085609	-17.400231	20.783194	10.076168	-14.265235	-12.327094	-0.741530	-5.557783	-9.897883	7.712014	2.493543	6.159010	-2.748888	19.062907	-22.357314	7.477190	7.634550	4.667300	-8.855984	12.546017	21.743882	-20.985133	14.098829	-14.032851	2.473890	-10.702029	-14.382468	15.598704	21.392730	7.172961	10.362162	0.002265	18.997629	-5.582283	21.939555	-18.727142	22.607545	10.883367	-13.080464	22.436180	-18.244259	-13.479663	11.887949	-2.948053	15.817208	13.674623	-2.145705	-1.152616	-22.769742	
-24.619054	1.227506	-18.703765	24.126720	27.480580	22.594003	10.645988	-8.658392	4.473583	13.183808	-8.605992	-13.329565	25.730344	5.594830	24.554615	13.918573	-23.826646	-18.697039	15.008112	-8.922869	20.201184	-3.256902	20.894128	-20.803505	24.883126	18.031500	-20.492180	-18.831683	-5.554407	-16.197639	26.359436	-26.924947	-10.670391	13.708968	8.198751	2.656445	25.045530	1.478319	20.514606	-9.547677	9.783789	-23.131266	-14.066315	-26.255999	21.143019	-10.268347	-17.699145	-19.318598	-18.282385	-18.333059	
-13.309911	-15.828628	10.586864	-12.871523	-1.890149	7.854636	-5.989456	-0.096445	15.435758	20.891860	4.254999	-9.692520	-19.971653	13.454354	-1.816052	-12.082393	21.324559	19.250154	15.802104	1.022004	-12.508105	13.560404	20.108278	-3.006738	-20.868098	-16.038295	-12.737167	-0.711401	5.365432	21.801767	15.755994	-4.682281	-0.292335	21.069594	8.006426	-17.218762	16.046798	-4.946791	11.057074	3.027329	9.168945	-11.918777	-11.040205	10.379196	3.457534	18.623003	-20.633662	0.301746	-21.876944	-15.634753	
0.793758	10.953889	5.928916	-8.457970	-0.281070	-11.097525	1.882137	10.299607	-9.710539	13.467785	-7.219578	14.334748	-14.757558	10.165971	-17.525125	-9.957661	-20.573341	4.187391	-8.508719	-8.426810	10.536792	-6.448238	-18.267587	5.236579	10.448871	11.771711	5.886933	18.682635	5.165449	6.328456	22.665859	12.900019	8.465536	4.522882	-7.790926	-0.491972	-19.654658	-10.169702	-7.645388	6.047037	-6.401343	22.871017	17.673136	-10.610611	4.486240	5.635233	9.463462	4.300529	-5.136017	-13.765812	
-6.730491	-12.063831	-28.513105	-3.962182	-19.639704	-3.215610	-24.386638	20.080968	-17.629851	10.217777	16.775572	-22.947862	-19.472038	-25.352375	0.848941	-19.640025	21.306365	-0.137220	8.521593	18.502204	-7.772220	-18.289997	28.997145	-23.438533	-11.737970	-23.600289	-17.697004	-9.352851	-23.533158	-23.661678	7.630289	10.717079	19.616730	-9.652676	9.491558	6.332160	-16.614758	5.446304	1.808139	10.270798	16.186863	8.464359	16.918670	-16.331755	-8.624077	2.305725	-7.016061	-24.217761	18.860082	-28.347532	
11.876510	12.787292	3.638193	-0.303659	-9.924874	15.354936	1.595762	15.750763	-15.065563	5.050644	13.756125	9.324993	-5.696432	-4.000792	-8.241210	-0.944788	10.845823	-11.999542	-4.032895	7.901112	-7.902434	-12.348043	12.506694	-6.920013	-9.931567	-2.272551	12.183702	-0.416726	12.631625	11.635861	-10.056993	3.153641	-3.115233	13.570138	9.731191	2.227969	-5.590946	-1.206502	7.628742	8.416892	15.319443	-1.842625	3.703218	12.907115	-1.206870	-11.331439	-9.196072	12.629781	-5.046358	9.257195	
-3.565913	-14.525314	0.458115	-13.825841	-18.813751	12.447240	21.904729	3.258714	-8.342228	7.147296	-26.183878	-28.642597	25.040113	2.360978	-11.440682	20.729187	27.800575	8.379169	4.489631	4.620306	-22.604785	-18.060958	24.152629	5.018843	-9.879757	-27.211096	15.203105	-6.402508	-1.296807	-19.604576	0.309181	22.402166	-0.837328	15.298395	13.138179	-15.944964	26.471014	19.909207	19.224177	-28.080600	25.720115	-17.460667	-1.859400	-9.731429	-17.805893	-3.513906	0.958280	21.516151	28.264232	1.109894	
0.030723	0.015422	0.022528	0.010361	0.020604	0.007386	0.031359	0.029037	0.036504	0.026910	0.015676	0.010624	0.025477	0.029038	0.019550	0.021973	0.012008	0.027521	0.019651	0.022405	0.016161	0.029911	0.023249	0.016313	0.005104	0.013111	0.025977	0.018091	0.010845	0.022185	0.005062	0.004263	0.010343	0.019187	0.031781	0.032296	0.006919	0.027430	0.012693	0.031961	0.002068	0.029508	0.019135	0.027878	0.018244	0.016076	0.020083	0.030625	0.012865	0.025881	
0.004829	0.028363	0.003367	0.009928	0.008182	0.038626	0.020758	0.030123	0.003691	0.025614	0.032315	0.025072	0.003370	0.035236	0.024022	0.038532	0.015381	0.004966	0.038807	0.036277	0.005482	0.015921	0.006897	0.002525	0.003453	0.025296	0.031916	0.037250	0.017526	0.003635	0.009164	0.024179	0.017704	0.012709	0.032336	0.029910	0.003052	0.015072	0.039061	0.030114	0.009078	0.036378	0.018504	0.040166	0.031491	0.034422	0.006050	0.024457	0.008088	0.000703	
0.015663	0.035952	0.008131	0.002483	0.030682	0.000597	0.009598	0.014655	0.014818	0.008658	0.012623	0.017277	0.028623	0.033644	0.029165	0.031354	0.024099	0.028150	0.013411	0.004958	0.030257	0.011798	0.035424	0.005983	0.015024	0.033624	0.021182	0.021654	0.035005	0.020267	0.000634	0.017377	0.030161	0.027518	0.020978	0.022552	0.008367	0.034525	0.000328	0.026559	0.022494	0.010559	0.036686	0.022411	0.006251	0.011614	0.025760	0.035236	0.016840	0.028390	
0.033162	0.017290	0.030019	0.037993	0.003650	0.014928	0.016747	0.035102	0.003404	0.015748	0.023294	0.036944	0.019505	0.001297	0.030493	0.041640	0.023118	0.011286	0.006578	0.017418	0.011718	0.020293	0.013609	0.001477	0.018921	0.030155	0.022133	0.042308	0.022997	0.031376	0.045745	0.045018	0.011849	0.007909	0.004477	0.043124	0.017728	0.012123	0.010026	0.016974	0.012989	0.016780	0.018146	0.002577	0.006640	0.024025	0.008319	0.034724	0.010874	0.015352	
0.025112	0.024870	0.029067	0.012192	0.014026	0.032653	0.034821	0.015541	0.017089	0.030959	0.030003	0.026719	0.028981	0.012935	0.028785	0.016645	0.010578	0.028621	0.006857	0.031582	0.025981	0.030783	0.021302	0.034305	0.011529	0.009712	0.026533	0.031323	0.034569	0.006982	0.007781	0.000713	0.031024	0.009750	0.002978	0.029020	0.008732	0.027238	0.010600	0.015095	0.031976	0.003713	0.024937	0.012571	0.015188	0.002290	0.031785	0.005814	0.021950	0.015793	
0.005676	0.025481	0.020102	0.016122	0.027576	0.022161	0.020836	0.015677	0.002197	0.000265	0.010504	0.014331	0.013096	0.023795	0.032308	0.020927	0.036977	0.006013	0.014182	0.019366	0.034660	0.000020	0.024061	0.037471	0.005369	0.010359	0.032095	0.025748	0.027733	0.027334	0.016535	0.009741	0.024341	0.025256	0.032563	0.030887	0.015522	0.005997	0.002583	0.033661	0.033434	0.014855	0.023605	0.020511	0.020615	0.036515	0.016911	0.007889	0.033414	0.022723	
0.033060	0.021962	0.002343	0.003847	0.030125	0.027509	0.032737	0.023666	0.037152	0.013447	0.012513	0.006077	0.026743	0.035030	0.027805	0.018980	0.019317	0.011326	0.014526	0.005896	0.020019	0.032468	0.025274	0.004975	0.019270	0.018146	0.032181	0.031817	0.035217	0.031124	0.019987	0.013221	0.026141	0.015586	0.024811	0.018862	0.021505	0.015098	0.021571	0.016420	0.022964	0.008303	0.006560	0.006761	0.016474	0.006737	0.018818	0.015251	0.036091	0.014288	
0.036256	0.004541	0.002784	0.038587	0.029071	0.036365	0.009956	0.007526	0.009395	0.030580	0.012576	0.033822	0.026248	0.013783	0.042211	0.009949	0.001342	0.002616	0.010423	0.021065	0.009581	0.024603	0.014933	0.029078	0.031783	0.018608	0.033792	0.024039	0.016825	0.018039	0.022338	0.039842	0.012295	0.010483	0.026617	0.008180	0.029319	0.028710	0.008789	0.021804	0.022355	0.014533	0.011044	0.012466	0.026044	0.037121	0.015370	0.008456	0.019549	0.024312	
0.002693	0.025616	0.006152	0.026649	0.027746	0.026864	0.033599	0.004707	0.001343	0.032785	0.024889	0.012756	0.015875	0.025695	0.002841	0.016047	0.035312	0.033759	0.009568	0.024928	0.032350	0.017761	0.003055	0.020594	0.032809	0.028512	0.013588	0.009215	0.000014	0.030050	0.022967	0.019439	0.010734	0.019461	0.015046	0.030792	0.003853	0.029011	0.014353	0.017975	0.017112	0.019081	0.022814	0.023424	0.020301	0.028938	0.033232	0.034832	0.011344	0.027518	
0.013910	0.008839	0.043335	0.007393	0.013280	0.024852	0.031168	0.023630	0.020445	0.031764	0.007239	0.040188	0.008318	0.011631	0.011884	0.027276	0.042332	0.014108	0.023699	0.021021	0.003852	0.035036	0.010095	0.025338	0.007538	0.041558	0.007108	0.007574	0.021099	0.006681	0.042149	0.041537	0.008308	0.000403	0.005521	0.018925	0.003976	0.020535	0.032434	0.003265	0.032434	0.029279	0.008520	0.043128	0.000358	0.023575	0.021392	0.030805	0.015311	0.025953	
0.025131	0.018627	0.010205	0.000158	0.018978	0.032014	0.022040	0.005344	0.003255	0.037325	0.032324	0.035838	0.014344	0.000007	0.034850	0.000316	0.010359	0.002904	0.003919	0.003666	0.006533	0.027605	0.006173	0.008106	0.016299	0.020658	0.034450	0.029914	0.023228	0.034686	0.019072	0.021292	0.022070	0.032417	0.009290	0.026917	0.026113	0.033129	0.019277	0.018480	0.020166	0.031407	0.004707	0.038336	0.030231	0.028299	0.016899	0.033373	0.031473	0.017799	
0.008139	0.018874	0.006605	0.030488	0.011587	0.038957	0.025451	0.026295	0.038092	0.010619	0.027952	0.011190	0.018382	0.012174	0.013225	0.000432	0.036521	0.013092	0.020667	0.033966	0.031494	0.012591	0.036203	0.008859	0.016106	0.026126	0.038470	0.035880	0.013096	0.000387	0.011412	0.029299	0.021254	0.037842	0.006939	0.038778	0.010397	0.004414	0.009858	0.015371	0.022298	0.016596	0.021631	0.036440	0.005442	0.032897	0.033872	0.003400	0.010929	0.009012	
0.011744	0.011973	0.025827	0.024791	0.009419	0.027973	0.042766	0.037305	0.034156	0.001689	0.003104	0.023166	0.041143	0.037461	0.007946	0.039767	0.006461	0.038733	0.007753	0.022720	0.000525	0.012387	0.019638	0.011608	0.011065	0.020342	0.024266	0.022762	0.030776	0.032888	0.011614	0.007120	0.006785	0.001023	0.025297	0.011298	0.035589	0.009007	0.010335	0.034913	0.018152	0.015329	0.004162	0.032356	0.040901	0.015094	0.019241	0.027266	0.008615	0.023749	
0.019048	0.019939	0.029650	0.015821	0.034132	0.012056	0.020640	0.012055	0.035698	0.001249	0.036862	0.018253	0.026679	0.007778	0.003856	0.024763	0.020373	0.035534	0.008366	0.025372	0.018656	0.029815	0.004864	0.028562	0.031266	0.013474	0.004471	0.018857	0.027490	0.024267	0.030390	0.030826	0.015635	0.036126	0.019999	0.027201	0.011633	0.006143	0.013657	0.003527	0.002136	0.006427	0.017677	0.008061	0.032392	0.025198	0.031542	0.034825	0.024898	0.011861	
0.023661	0.031756	0.020094	0.032416	0.006340	0.002951	0.007110	0.035443	0.004545	0.028084	0.039581	0.040878	0.030490	0.028104	0.018306	0.037500	0.016455	0.022982	0.000299	0.003722	0.019440	0.030523	0.004057	0.021715	0.017257	0.030352	0.025403	0.020869	0.006283	0.006924	0.008940	0.010719	0.005543	0.008725	0.017238	0.019733	0.004961	0.007694	0.011473	0.034530	0.014023	0.014331	0.041251	0.035399	0.036432	0.032086	0.014342	0.001787	0.028513	0.038737	
0.013982	0.003938	0.032668	0.000019	0.032133	0.011611	0.008781	0.017694	0.027973	0.035163	0.016741	0.017620	0.011942	0.027636	0.009812	0.016304	0.019507	0.026271	0.020802	0.020462	0.023618	0.028271	0.028607	0.022712	0.022020	0.031114	0.003525	0.015940	0.034422	0.012673	0.016852	0.026619	0.034920	0.033200	0.029361	0.010459	0.031076	0.002398	0.004149	0.031392	0.000965	0.005807	0.027164	0.016844	0.001203	0.034444	0.014569	0.026547	0.023604	0.034464	
0.006723	0.021258	0.005362	0.015470	0.006885	0.011953	0.030972	0.037533	0.029828	0.022378	0.014721	0.013623	0.033877	0.035046	0.024250	0.021707	0.003520	0.003307	0.039645	0.024663	0.013804	0.031810	0.031391	0.000351	0.019463	0.016031	0.036063	0.024967	0.001725	0.015696	0.027394	0.031353	0.028565	0.000715	0.010264	0.038236	0.004462	0.035151	0.024556	0.016228	0.015556	0.006678	0.008979	0.032917	0.023010	0.002561	0.005497	0.031384	0.035336	0.027136	
0.021267	0.025954	0.031321	0.006635	0.006398	0.034908	0.019052	0.009114	0.020824	0.007291	0.023820	0.033358	0.015683	0.033323	0.008382	0.028565	0.029023	0.030885	0.030071	0.017976	0.031684	0.031022	0.028796	0.018498	0.026655	0.018007	0.032843	0.008914	0.011412	0.023168	0.024276	0.025144	0.026600	0.026690	0.009963	0.007881	0.025572	0.003873	0.010623	0.005914	0.005132	0.018847	0.006753	0.024313	0.019343	0.007023	0.011551	0.013895	0.027040	0.034722	
0.014378	0.024685	0.018001	0.024525	0.024689	0.032244	0.014050	0.019852	0.018612	0.035089	0.015164	0.007735	0.037266	0.009724	0.009642	0.027755	0.000656	0.024427	0.033063	0.012560	0.017341	0.030330	0.017124	0.017616	0.008398	0.005635	0.002950	0.018789	0.037751	0.013421	0.022988	0.024105	0.003903	0.038304	0.007522	0.000480	0.020432	0.010558	0.034995	0.036288	0.013668	0.020047	0.029172	0.035480	0.007017	0.022907	0.021753	0.032669	0.024260	0.019978	
0.024716	0.006095	0.026415	0.010049	0.037861	0.009695	0.036214	0.032505	0.002144	0.016456	0.036624	0.000776	0.028381	0.015708	0.028877	0.002317	0.022058	0.007268	0.030087	0.026597	0.016002	0.020576	0.034270	0.019260	0.004459	0.009932	0.020379	0.020805	0.022616	0.011330	0.013539	0.002408	0.036879	0.014725	0.036401	0.035440	0.025250	0.029731	0.026789	0.037115	0.013613	0.011959	0.024830	0.014137	0.013226	0.000823	0.032007	0.030887	0.019669	0.000104	
0.026956	0.028104	0.003712	0.020112	0.018337	0.004156	0.033701	0.024260	0.025457	0.030665	0.012852	0.034024	0.016132	0.000537	0.024839	0.000215	0.028052	0.028299	0.018925	0.017129	0.044767	0.022581	0.024385	0.004728	0.020172	0.018773	0.005717	0.032483	0.010074	0.025088	0.032505	0.024167	0.024953	0.019456	0.034450	0.010227	0.015688	0.044331	0.015874	0.024784	0.012827	0.008938	0.021428	0.005728	0.032990	0.012084	0.034000	0.012613	0.003281	0.004444	
0.008515	0.030138	0.007532	0.023666	0.025059	0.034164	0.010479	0.002828	0.043716	0.009030	0.039323	0.014278	0.006599	0.023233	0.038981	0.039518	0.020539	0.005640	0.020979	0.005130	0.029141	0.037571	0.004492	0.013168	0.008342	0.031422	0.030722	0.004180	0.003972	0.024223	0.024582	0.003012	0.038577	0.028546	0.028318	0.007026	0.006135	0.037803	0.011051	0.002775	0.007700	0.038191	0.042111	0.014831	0.018154	0.004468	0.019172	0.000676	0.032469	0.037822	
0.037964	0.005444	0.005731	0.024062	0.017585	0.005791	0.019026	0.005760	0.018813	0.023195	0.038945	0.026139	0.033642	0.001990	0.020957	0.021440	0.019155	0.035513	0.006221	0.033660	0.009939	0.027087	0.000179	0.025683	0.027728	0.033391	0.040045	0.039684	0.004715	0.009670	0.004364	0.030637	0.005823	0.002955	0.041487	0.030015	0.024515	0.001951	0.038941	0.008498	0.013943	0.037638	0.022453	0.017454	0.011530	0.026866	0.019284	0.007790	0.012062	0.022641	
0.026922	0.009408	0.030794	0.009956	0.027861	0.031495	0.031679	0.030182	0.005038	0.025790	0.029073	0.023822	0.015865	0.015268	0.021479	0.036539	0.029117	0.017781	0.004571	0.024970	0.008138	0.001158	0.019574	0.034175	0.031737	0.013992	0.026977	0.022095	0.000810	0.036153	0.014391	0.020153	0.037107	0.014348	0.000895	0.031692	0.011016	0.022296	0.011975	0.023983	0.000681	0.035793	0.015374	0.021967	0.031937	0.012259	0.000926	0.000975	0.015517	0.034298	
0.033735	0.024193	0.035997	0.010826	0.002536	0.022844	0.007770	0.032867	0.009077	0.035776	0.016520	0.010579	0.008118	0.016685	0.004456	0.035245	0.030605	0.019379	0.014820	0.029811	0.035155	0.017154	0.010681	0.005601	0.013344	0.036966	0.021500	0.025334	0.031806	0.024009	0.011042	0.011893	0.017991	0.029611	0.013099	0.009166	0.016909	0.030569	0.028315	0.031729	0.003709	0.010247	0.004143	0.038188	0.027854	0.032579	0.026130	0.009282	0.016993	0.007164	
0.018372	0.016967	0.009982	0.037798	0.026894	0.024299	0.016955	0.019722	0.019839	0.004651	0.016611	0.011197	0.020861	0.001480	0.034223	0.023841	0.010142	0.003211	0.037195	0.024239	0.010886	0.012919	0.030635	0.035223	0.033091	0.028983	0.013047	0.024992	0.031221	0.018358	0.020593	0.034157	0.036048	0.008371	0.023060	0.034646	0.010359	0.032351	0.017693	0.016716	0.016328	0.018918	0.012000	0.036780	0.005422	0.013071	0.004829	0.027120	0.001603	0.012102	
0.019658	0.026870	0.033316	0.019831	0.012679	0.017376	0.021293	0.030532	0.015596	0.034848	0.018947	0.011510	0.006174	0.015961	0.004536	0.014218	0.004526	0.032383	0.010042	0.026250	0.027313	0.039555	0.030377	0.039381	0.020403	0.006151	0.025775	0.002357	0.021878	0.036951	0.014773	0.011947	0.031542	0.002979	0.007159	0.036077	0.033607	0.002023	0.014842	0.008958	0.014324	0.014248	0.012232	0.000264	0.034063	0.030854	0.031915	0.017778	0.021271	0.032457	
0.030112	0.022311	0.033789	0.035725	0.014494	0.033924	0.021016	0.021753	0.012987	0.035300	0.016092	0.031035	0.007567	0.010609	0.013421	0.035394	0.029205	0.035612	0.012916	0.030285	0.026458	0.016533	0.031661	0.023327	0.001627	0.016426	0.005072	0.027737	0.004175	0.033966	0.008154	0.026601	0.011533	0.005592	0.007532	0.020955	0.003734	0.009831	0.002089	0.023962	0.012948	0.009233	0.016834	0.024109	0.024670	0.032593	0.019793	0.033885	0.014062	0.021362	
0.018899	0.007015	0.028377	0.022626	0.031434	0.015475	0.023609	0.022623	0.016349	0.005162	0.015102	0.016537	0.019577	0.012475	0.024491	0.000495	0.030940	0.025428	0.021937	0.004591	0.024943	0.027210	0.016312	0.020408	0.005037	0.031423	0.038309	0.007812	0.013142	0.023212	0.037299	0.013626	0.020803	0.024629	0.027195	0.028647	0.033968	0.024323	0.038291	0.003915	0.022574	0.024226	0.023318	0.003716	0.037822	0.004741	0.009687	0.013233	0.017973	0.019066	
0.030817	0.004675	0.007883	0.002946	0.017774	0.031826	0.031534	0.034683	0.013120	0.004559	0.001368	0.023539	0.029416	0.019576	0.034819	0.005903	0.016627	0.024042	0.008187	0.035277	0.033238	0.025443	0.034683	0.033208	0.007780	0.022979	0.004596	0.030523	0.005289	0.017843	0.021239	0.028531	0.000064	0.012053	0.000296	0.030847	0.031449	0.023846	0.007874	0.009767	0.033063	0.033628	0.033131	0.028394	0.006284	0.006857	0.028182	0.026120	0.025477	0.018741	
0.023951	0.008008	0.033663	0.014129	0.017337	0.033013	0.032422	0.008512	0.030441	0.035779	0.007021	0.006188	0.026257	0.025957	0.000491	0.023660	0.033056	0.004919	0.005782	0.033462	0.030634	0.026480	0.009888	0.000452	0.014492	0.009115	0.025310	0.036302	0.015803	0.019708	0.010540	0.025212	0.022954	0.004129	0.034717	0.002604	0.035344	0.024233	0.012695	0.027713	0.036279	0.007308	0.014286	0.023652	0.030851	0.022498	0.013921	0.032937	0.018029	0.007868	
0.005744	0.006243	0.023394	0.003440	0.007200	0.026132	0.005392	0.011069	0.029541	0.031673	0.019275	0.007686	0.001174	0.027478	0.019702	0.033132	0.016327	0.000286	0.026883	0.003364	0.027421	0.000156	0.029566	0.035179	0.025270	0.022427	0.022631	0.023088	0.032512	0.024855	0.016847	0.017825	0.026312	0.016221	0.014018	0.018939	0.034099	0.030150	0.001509	0.031428	0.021899	0.021339	0.032877	0.017817	0.028480	0.023722	0.029354	0.000980	0.033278	0.034667	
0.045579	0.030893	0.021910	0.004928	0.009616	0.018841	0.031561	0.011297	0.025178	0.005221	0.044661	0.005173	0.015573	0.010458	0.004505	0.006869	0.052230	0.014017	0.016715	0.050648	0.035020	0.008449	0.007544	0.013914	0.021656	0.011086	0.006163	0.006864	0.001099	0.011095	0.028372	0.030556	0.012785	0.024375	0.000615	0.040251	0.014787	0.027540	0.004738	0.040206	0.020127	0.028669	0.008595	0.038444	0.007311	0.003710	0.032077	0.030968	0.031800	0.025311	
0.029898	0.002627	0.026389	0.019345	0.027205	0.022071	0.034045	0.034294	0.023673	0.031730	0.030382	0.006611	0.011672	0.014320	0.033538	0.011581	0.030845	0.033606	0.032742	0.034014	0.001390	0.020333	0.034431	0.008354	0.014030	0.002170	0.007744	0.000963	0.035266	0.016130	0.035306	0.003551	0.019765	0.006130	0.025319	0.003707	0.035802	0.031757	0.027317	0.000134	0.018386	0.027994	0.001113	0.026472	0.019505	0.020216	0.023309	0.021861	0.007613	0.013342	
0.033021	0.016315	0.006159	0.035318	0.002188	0.020693	0.034968	0.015026	0.011450	0.004381	0.031960	0.032116	0.027288	0.013959	0.018684	0.033460	0.001720	0.025755	0.024563	0.012820	0.011038	0.022827	0.015236	0.009728	0.013072	0.034169	0.005112	0.027457	0.021658	0.027337	0.027543	0.014042	0.033630	0.002785	0.024170	0.025517	0.028034	0.011306	0.010403	0.020379	0.031066	0.004351	0.035105	0.029923	0.025295	0.029323	0.023791	0.001340	0.000664	0.031852	
0.025794	0.013121	0.030213	0.018460	0.023558	0.008159	0.016825	0.014967	0.029869	0.013320	0.017086	0.039092	0.005488	0.037128	0.001036	0.007498	0.029584	0.028955	0.026678	0.000989	0.035833	0.035429	0.030618	0.001275	0.038914	0.033567	0.007082	0.037889	0.023707	0.000354	0.018735	0.018089	0.014938	0.030620	0.003565	0.017638	0.014731	0.032585	0.017534	0.003982	0.036994	0.028992	0.035460	0.004452	0.006555	0.008051	0.004155	0.031080	0.025204	0.014153	
0.014083	0.009125	0.030750	0.031795	0.011148	0.019924	0.027328	0.001531	0.030879	0.023975	0.014352	0.029789	0.022013	0.025263	0.012836	0.031862	0.024295	0.028140	0.028701	0.017699	0.005253	0.034284	0.015658	0.022446	0.008886	0.003141	0.016411	0.031469	0.001726	0.010666	0.003841	0.023524	0.001268	0.031979	0.020659	0.030001	0.035593	0.003047	0.028135	0.033381	0.016482	0.023282	0.031043	0.008876	0.031202	0.012547	0.018357	0.015244	0.015878	0.030233	
0.028109	0.004293	0.009259	0.005956	0.009718	0.037742	0.017493	0.019588	0.002231	0.031806	0.030589	0.017400	0.029906	0.026619	0.040335	0.012685	0.036032	0.002386	0.007616	0.029534	0.002063	0.015721	0.030906	0.013630	0.020410	0.008683	0.017330	0.022274	0.012850	0.026023	0.028492	0.006422	0.041483	0.013001	0.016891	0.005003	0.014048	0.019510	0.037093	0.037574	0.025083	0.034238	0.024423	0.009352	0.027470	0.012377	0.025834	0.023279	0.025805	0.003436	
0.025967	0.003650	0.025992	0.016829	0.026063	0.020303	0.031877	0.026098	0.010142	0.031525	0.020267	0.034351	0.014287	0.029084	0.007170	0.022704	0.005058	0.028903	0.019634	0.026760	0.003006	0.001251	0.023967	0.014777	0.013305	0.028296	0.029616	0.003686	0.014316	0.000794	0.023762	0.016375	0.012004	0.035402	0.030259	0.003887	0.038626	0.034542	0.002872	0.017977	0.035551	0.013663	0.015364	0.007076	0.028228	0.033213	0.039484	0.020930	0.016089	0.015018	
0.020540	0.008826	0.032020	0.025222	0.022671	0.018851	0.019786	0.023337	0.013619	0.029212	0.032763	0.009937	0.001986	0.022688	0.019767	0.031223	0.031513	0.004056	0.010789	0.037330	0.002210	0.012652	0.017816	0.001692	0.007225	0.021454	0.029482	0.018959	0.022953	0.014482	0.016427	0.032041	0.025761	0.008597	0.027842	0.018762	0.032681	0.028812	0.028942	0.029481	0.017221	0.011435	0.024111	0.024232	0.014483	0.028583	0.017856	0.001786	0.033371	0.012516	
0.033022	0.032098	0.034490	0.004110	0.017226	0.034834	0.011287	0.019084	0.028582	0.027299	0.032182	0.007773	0.017140	0.010287	0.025588	0.033604	0.010679	0.008991	0.014604	0.019996	0.009027	0.009645	0.011817	0.022804	0.030478	0.020615	0.007764	0.027870	0.032085	0.012584	0.017216	0.021054	0.018625	0.007404	0.034411	0.004308	0.018443	0.021045	0.014183	0.016781	0.014305	0.025880	0.031380	0.031111	0.033794	0.024821	0.013258	0.005480	0.026721	0.012214	
0.029315	0.027163	0.021183	0.005107	0.027351	0.030347	0.033180	0.009132	0.029720	0.000344	0.025653	0.032299	0.002496	0.030029	0.010758	0.014948	0.037435	0.029092	0.003091	0.023365	0.025570	0.025422	0.007617	0.022469	0.002861	0.036315	0.011622	0.020530	0.017845	0.001126	0.025183	0.017539	0.000650	0.017717	0.003028	0.001864	0.019915	0.021866	0.038060	0.031203	0.026586	0.015934	0.032900	0.017591	0.034393	0.008907	0.026952	0.006105	0.022786	0.037436	
0.030265	0.028167	0.001478	0.026654	0.016042	0.005641	0.028988	0.032583	0.006682	0.018166	0.022574	0.029556	0.040746	0.033981	0.039052	0.038549	0.039776	0.017898	0.028185	0.022882	0.007086	0.024379	0.024946	0.019125	0.023997	0.002073	0.004824	0.011422	0.027940	0.015634	0.005873	0.008169	0.021987	0.026626	0.001686	0.011828	0.010003	0.023379	0.027961	0.030875	0.027366	0.001053	0.033947	0.010766	0.003224	0.004892	0.030512	0.021115	0.025253	0.004194	
0.007748	0.014499	0.017295	0.037541	0.000586	0.020322	0.040359	0.043335	0.015701	0.043485	0.022200	0.008150	0.008226	0.023050	0.004619	0.029833	0.022782	0.010592	0.021322	0.043358	0.024009	0.037041	0.029609	0.023413	0.024246	0.040248	0.020885	0.008840	0.023229	0.004452	0.034503	0.021139	0.030986	0.000293	0.010378	0.017104	0.040259	0.009021	0.005150	0.029895	0.006239	0.001691	0.034098	0.013385	0.019027	0.010188	0.016358	0.017016	0.001073	0.011222	
0.037032	0.014443	0.029902	0.026709	0.026098	0.018086	0.037670	0.019951	0.020380	0.016906	0.013932	0.037695	0.020531	0.020685	0.000413	0.020301	0.020225	0.008310	0.000979	0.031632	0.035667	0.006575	0.026639	0.012904	0.026928	0.024296	0.001098	0.001887	0.013472	0.021425	0.009974	0.009081	0.031900	0.034956	0.010638	0.018060	0.013046	0.031590	0.008813	0.034037	0.004852	0.011835	0.009545	0.033862	0.011986	0.011586	0.035770	0.035469	0.016499	0.033732	
0.033185	0.035162	0.019008	0.022590	0.038153	0.014188	0.037327	0.014910	0.027145	0.006997	0.023837	0.000815	0.017893	0.030788	0.019196	0.018015	0.020720	0.037812	0.010961	0.033824	0.009653	0.004010	0.024786	0.035318	0.017290	0.031355	0.032695	0.007557	0.014521	0.008120	0.009423	0.000101	0.015500	0.019146	0.002074	0.012521	0.018486	0.013385	0.016321	0.039232	0.016309	0.025528	0.011081	0.017982	0.004052	0.033920	0.023920	0.027743	0.011504	0.033944	
0.022857	0.031956	0.032769	0.002296	0.015625	0.015099	0.022129	0.023407	0.039302	0.007076	0.003520	0.019717	0.008250	0.021423	0.037260	0.027131	0.029140	0.010666	0.001843	0.018717	0.032532	0.039032	0.029770	0.026206	0.000563	0.017881	0.033391	0.012776	0.015003	0.010219	0.038533	0.038774	0.025789	0.006880	0.000672	0.016195	0.001455	0.019579	0.033615	0.031373	0.029133	0.002528	0.037542	0.018987	0.018697	0.002411	0.005824	0.021971	0.037955	0.004528	
0.033995	0.025386	0.033912	0.012230	0.034924	0.001001	0.028312	0.024882	0.007714	0.033265	0.038926	0.008365	0.034065	0.037180	0.001743	0.009878	0.002093	0.036024	0.016039	0.000740	0.035292	0.020193	0.034718	0.018396	0.012307	0.001358	0.014382	0.030339	0.025205	0.007269	0.011122	0.019095	0.010144	0.001963	0.008345	0.036443	0.032369	0.014802	0.028513	0.007406	0.017641	0.032207	0.016002	0.023470	0.028676	0.022205	0.017615	0.034527	0.011710	0.005610	
0.007108	0.018001	0.015550	0.014793	0.030583	0.014418	0.038338	0.005807	0.012568	0.005287	0.015256	0.032081	0.040995	0.022080	0.019455	0.028398	0.004996	0.002290	0.040676	0.000077	0.020401	0.035717	0.039593	0.027749	0.027408	0.004152	0.039263	0.006551	0.014613	0.008710	0.023498	0.032038	0.023012	0.008775	0.002123	0.003729	0.016791	0.032332	0.020521	0.028393	0.034625	0.021344	0.025459	0.027139	0.013937	0.013224	0.000852	0.031583	0.038661	0.009046	
0.039432	0.034443	0.002176	0.012025	0.009236	0.031618	0.025704	0.036905	0.010338	0.014978	0.037182	0.039486	0.025511	0.029481	0.019327	0.014189	0.015705	0.025221	0.036028	0.001175	0.016198	0.010553	0.017381	0.003398	0.044003	0.003268	0.007537	0.026506	0.008038	0.016211	0.014305	0.015256	0.017084	0.013647	0.035859	0.032258	0.001454	0.028079	0.031870	0.011475	0.021697	0.015965	0.036855	0.000075	0.019380	0.014816	0.001443	0.024858	0.032394	0.017978	
0.001707	0.025977	0.023545	0.030327	0.022679	0.036446	0.018247	0.016567	0.030225	0.030592	0.033617	0.006418	0.027519	0.032660	0.013622	0.000699	0.025606	0.024673	0.006178	0.033168	0.020196	0.004690	0.032471	0.006992	0.015816	0.010813	0.015844	0.026883	0.034242	0.017283	0.016041	0.025743	0.018710	0.018005	0.020206	0.021919	0.030277	0.008296	0.028500	0.013351	0.022572	0.022519	0.012774	0.001476	0.013631	0.025249	0.001277	0.026358	0.033754	0.013642	
0.006843	0.007712	0.009400	0.039028	0.029018	0.013170	0.007075	0.035410	0.003732	0.005931	0.013938	0.022092	0.019070	0.023624	0.035393	0.003008	0.042933	0.015729	0.032629	0.031970	0.002959	0.036429	0.034710	0.027781	0.011076	0.033759	0.028678	0.005472	0.013200	0.034383	0.021411	0.005577	0.015498	0.005971	0.031509	0.015080	0.026007	0.043089	0.034288	0.000255	0.003625	0.043700	0.018172	0.038577	0.003739	0.020156	0.004253	0.014042	0.021691	0.007206	
0.000617	0.014120	0.020686	0.040565	0.004969	0.019676	0.008446	0.019681	0.026188	0.004554	0.012864	0.011620	0.011283	0.039367	0.007559	0.040302	0.005173	0.027373	0.027323	0.035641	0.000257	0.015338	0.010742	0.030454	0.025679	0.009702	0.025957	0.009351	0.000493	0.022808	0.003539	0.016707	0.022335	0.006267	0.038138	0.038671	0.001860	0.030856	0.036554	0.018221	0.031777	0.033811	0.029189	0.000164	0.032131	0.028126	0.011200	0.014886	0.039503	0.037277	
0.035658	0.015743	0.014455	0.023408	0.029530	0.029239	0.034979	0.031663	0.032431	0.010942	0.029486	0.008721	0.019789	0.005575	0.006624	0.015081	0.020856	0.010894	0.020633	0.026312	0.025691	0.031512	0.009048	0.001954	0.013198	0.019374	0.035471	0.014341	0.022873	0.003186	0.026298	0.034935	0.024732	0.025452	0.001273	0.000305	0.011316	0.009483	0.031602	0.025110	0.031444	0.036488	0.021712	0.034073	0.029963	0.024636	0.004676	0.015025	0.002640	0.010170	
0.044569	0.044160	0.022757	0.006405	0.031772	0.016337	0.000673	0.005632	0.001529	0.017646	0.024525	0.026254	0.020730	0.028390	0.000570	0.021002	0.001353	0.033409	0.024674	0.000219	0.017723	0.008798	0.012019	0.002765	0.013415	0.036194	0.031769	0.011915	0.013790	0.025665	0.001512	0.032876	0.004861	0.043011	0.015359	0.010373	0.038143	0.017113	0.018203	0.003075	0.001715	0.040231	0.026004	0.020140	0.036124	0.019627	0.036482	0.037637	0.032109	0.018743	
0.015267	0.033176	0.031283	0.014054	0.006578	0.015291	0.001110	0.016723	0.027064	0.019155	0.022931	0.021081	0.029060	0.013223	0.010851	0.029368	0.038895	0.018219	0.037005	0.002166	0.002217	0.016495	0.000046	0.029285	0.003157	0.008185	0.002470	0.043186	0.005430	0.028925	0.015359	0.011602	0.004588	0.018448	0.026291	0.002992	0.001861	0.029374	0.014229	0.028502	0.032165	0.044183	0.044819	0.039676	0.010199	0.039404	0.025694	0.019747	0.015717	0.033255	
0.029698	0.040791	0.003456	0.022322	0.011966	0.002147	0.026523	0.004147	0.008827	0.036922	0.026786	0.010633	0.021143	0.017878	0.000503	0.020949	0.021278	0.017963	0.026421	0.019677	0.033827	0.007931	0.019624	0.032092	0.020112	0.010164	0.018091	0.009096	0.009123	0.008399	0.014673	0.036091	0.007459	0.034732	0.014454	0.040837	0.041192	0.017941	0.017495	0.017597	0.034661	0.029434	0.032842	0.000468	0.011473	0.041408	0.006006	0.017369	0.026243	0.019135	
0.026451	0.014326	0.027548	0.027894	0.017165	0.012797	0.004448	0.021156	0.004068	0.030962	0.031570	0.019150	0.029203	0.014603	0.023397	0.005434	0.023967	0.008544	0.006637	0.023293	0.022475	0.033591	0.004472	0.032901	0.033996	0.030635	0.012368	0.015372	0.027343	0.000337	0.015270	0.028027	0.030402	0.035418	0.034296	0.021926	0.001308	0.009520	0.007951	0.032705	0.033602	0.013392	0.029367	0.015057	0.026692	0.033268	0.016608	0.013393	0.009526	0.006166	
0.027053	0.018493	0.004334	0.021690	0.005118	0.003001	0.033233	0.027288	0.036712	0.013110	0.027187	0.027711	0.018083	0.035181	0.034042	0.005025	0.033679	0.007337	0.003997	0.017836	0.018222	0.028196	0.036242	0.027246	0.011965	0.022765	0.010711	0.030328	0.020289	0.018583	0.025967	0.014906	0.037247	0.018575	0.018869	0.035525	0.035973	0.004780	0.025903	0.002828	0.014733	0.037171	0.020613	0.004918	0.017869	0.003664	0.011511	0.006104	0.034414	0.003774	
0.021120	0.031934	0.015936	0.024354	0.032236	0.010547	0.039566	0.025200	0.029770	0.001988	0.009327	0.025176	0.036555	0.024564	0.023534	0.028514	0.023778	0.034701	0.021187	0.010717	0.024231	0.037735	0.036473	0.000437	0.036863	0.021796	0.016990	0.008999	0.001925	0.000444	0.016941	0.017360	0.000648	0.011878	0.027797	0.010421	0.035311	0.012271	0.024279	0.003521	0.026845	0.017813	0.023875	0.016921	0.030622	0.022251	0.006477	0.007012	0.007795	0.023366	
0.020397	0.041284	0.000690	0.009875	0.007607	0.031756	0.018878	0.008447	0.032858	0.008016	0.004181	0.007332	0.003632	0.036354	0.008230	0.011331	0.027177	0.027902	0.024553	0.037651	0.018326	0.019788	0.035292	0.042229	0.032402	0.043667	0.033253	0.008311	0.029057	0.034891	0.013036	0.007770	0.002537	0.005973	0.026052	0.010932	0.020598	0.009604	0.009850	0.043177	0.039012	0.043864	0.000277	0.010843	0.039379	0.032837	0.007347	0.002654	0.005373	0.003520	
0.037636	0.032880	0.034488	0.013124	0.039581	0.010210	0.023805	0.026242	0.013934	0.004335	0.013311	0.013490	0.038012	0.031186	0.004701	0.004257	0.006280	0.029999	0.002650	0.018766	0.038372	0.005444	0.015611	0.017171	0.039113	0.014024	0.017960	0.025790	0.019417	0.032889	0.035898	0.016750	0.012793	0.015701	0.025954	0.005565	0.005303	0.034512	0.000518	0.006087	0.026194	0.029144	0.028588	0.024458	0.010671	0.027182	0.009515	0.018548	0.027584	0.014358	
0.030804	0.019202	0.022609	0.017189	0.034416	0.001414	0.036554	0.003674	0.033803	0.000628	0.018471	0.029717	0.019322	0.006603	0.025594	0.010458	0.006158	0.013591	0.005954	0.023995	0.020144	0.022786	0.037619	0.040714	0.004835	0.029732	0.023121	0.033987	0.008030	0.020704	0.035148	0.019333	0.008354	0.041343	0.024341	0.008231	0.039117	0.039319	0.016629	0.008578	0.016429	0.002805	0.007267	0.031336	0.033301	0.036138	0.010115	0.002091	0.008305	0.009994	
0.017666	0.000609	0.033302	0.030874	0.017444	0.014696	0.002180	0.001459	0.005651	0.011966	0.031839	0.017070	0.015933	0.012186	0.002385	0.006893	0.004201	0.019019	0.028373	0.040915	0.027682	0.017989	0.035105	0.007032	0.022038	0.038344	0.036783	0.030273	0.014243	0.031425	0.030768	0.006795	0.017158	0.014857	0.036340	0.018904	0.022888	0.014929	0.009970	0.019113	0.038247	0.007850	0.020583	0.030571	0.008775	0.009398	0.015407	0.026826	0.039622	0.035424	
0.018144	0.025434	0.008439	0.026392	0.035664	0.031660	0.006277	0.015267	0.025545	0.023180	0.035765	0.016627	0.015468	0.021667	0.009640	0.018157	0.019223	0.015233	0.010199	0.030773	0.039500	0.013507	0.020894	0.027419	0.027029	0.024708	0.026299	0.009905	0.027472	0.003958	0.003379	0.032979	0.000741	0.038186	0.013885	0.023926	0.004056	0.023270	0.009779	0.025485	0.004691	0.006122	0.024618	0.032294	0.020353	0.039415	0.000974	0.019605	0.012993	0.033802	
0.007296	0.010238	0.004579	0.015482	0.026132	0.027118	0.035117	0.012999	0.019692	0.017981	0.022596	0.021073	0.010351	0.020854	0.006524	0.023809	0.010098	0.027833	0.027233	0.028087	0.026998	0.005046	0.012699	0.000525	0.015837	0.006814	0.015223	0.034931	0.036574	0.008954	0.035696	0.035376	0.027971	0.019919	0.031396	0.030349	0.027256	0.006100	0.036440	0.015512	0.014468	0.012734	0.017467	0.000509	0.035303	0.005104	0.017942	0.031097	0.021765	0.038902	
0.039965	0.017943	0.025676	0.024375	0.027689	0.016288	0.037840	0.006109	0.016192	0.020046	0.043050	0.021662	0.018913	0.034285	0.028979	0.030476	0.024798	0.037598	0.009905	0.016335	0.003571	0.004579	0.000841	0.033708	0.012910	0.011203	0.010649	0.016303	0.003968	0.011183	0.020091	0.031272	0.016931	0.010306	0.019344	0.016316	0.018852	0.005767	0.031520	0.036062	0.011529	0.003108	0.005466	0.003927	0.039955	0.022064	0.042015	0.017597	0.026788	0.014052	
0.011587	0.019664	0.021386	0.011940	0.017591	0.025563	0.018915	0.027141	0.033094	0.015820	0.024037	0.000922	0.011639	0.000788	0.032870	0.034315	0.002491	0.026590	0.028330	0.005198	0.033260	0.019758	0.034853	0.004450	0.035800	0.032888	0.032258	0.019372	0.001131	0.032564	0.019257	0.015402	0.035451	0.005918	0.032399	0.023879	0.020094	0.010756	0.012262	0.036900	0.026561	0.021851	0.006172	0.025564	0.023279	0.034942	0.011330	0.000479	0.016547	0.004743	
0.023868	0.000120	0.010669	0.013196	0.014389	0.032567	0.035765	0.015578	0.033391	0.012947	0.033134	0.001520	0.008409	0.038475	0.033726	0.010511	0.009497	0.001725	0.026934	0.037179	0.009564	0.015590	0.019218	0.031456	0.000940	0.035386	0.006490	0.014580	0.020511	0.034105	0.013133	0.015320	0.001866	0.031053	0.012954	0.021854	0.027158	0.014682	0.031007	0.006702	0.020635	0.000833	0.021488	0.033771	0.037191	0.035057	0.037894	0.031304	0.002158	0.022503	
0.029747	0.030484	0.008403	0.032331	0.015172	0.018928	0.017166	0.030361	0.015536	0.013378	0.022577	0.017625	0.020782	0.021225	0.033815	0.008773	0.027930	0.013341	0.030044	0.016191	0.001662	0.021000	0.002692	0.029424	0.027959	0.026877	0.006612	0.026422	0.029303	0.031747	0.016185	0.005477	0.033918	0.022462	0.016752	0.000881	0.002838	0.017114	0.031241	0.015217	0.010209	0.031198	0.020977	0.019473	0.027931	0.026432	0.014259	0.024000	0.026311	0.009619	
0.032433	0.017367	0.026527	0.022299	0.004737	0.013022	0.010499	0.026942	0.000170	0.030163	0.038820	0.027717	0.042118	0.001623	0.013107	0.016045	0.000452	0.013537	0.027940	0.031922	0.004293	0.003731	0.008871	0.005734	0.037650	0.020785	0.000996	0.009597	0.036501	0.043406	0.002994	0.040476	0.019405	0.027618	0.030563	0.012886	0.041072	0.016284	0.000828	0.023597	0.026295	0.032307	0.013228	0.026798	0.040856	0.010808	0.005396	0.007667	0.027137	0.024782	
0.022090	0.027314	0.037613	0.029256	0.005864	0.026167	0.003291	0.003339	0.014089	0.024005	0.021188	0.007347	0.000404	0.034748	0.015332	0.018772	0.011170	0.007180	0.030727	0.037662	0.014143	0.028654	0.038166	0.002024	0.021522	0.025723	0.015414	0.030956	0.002362	0.028497	0.028082	0.039438	0.001705	0.011570	0.007178	0.032950	0.033749	0.032327	0.012875	0.038876	0.018182	0.013338	0.002124	0.014160	0.031388	0.038546	0.006036	0.016053	0.003287	0.033116	
0.006659	0.012694	0.004165	0.018025	0.032803	0.032132	0.019059	0.025097	0.008836	0.001358	0.029494	0.033107	0.020429	0.020188	0.001200	0.012630	0.028430	0.021338	0.018563	0.021407	0.035550	0.030128	0.032128	0.022325	0.001882	0.027378	0.003144	0.001694	0.008253	0.029053	0.027204	0.029673	0.003567	0.017415	0.010841	0.020324	0.026589	0.016596	0.030073	0.014649	0.033144	0.003947	0.025141	0.025312	0.024971	0.034900	0.035204	0.021913	0.004923	0.034463	
0.024383	0.023517	0.011832	0.009376	0.032950	0.014704	0.000924	0.009816	0.031470	0.032975	0.004860	0.030708	0.027857	0.022820	0.025907	0.030071	0.033530	0.000675	0.018167	0.022304	0.004427	0.020207	0.034171	0.007634	0.013936	0.024762	0.032643	0.021301	0.000236	0.028869	0.035888	0.031879	0.011728	0.028165	0.017656	0.026492	0.026951	0.007368	0.025484	0.011831	0.028004	0.003314	0.009396	0.009748	0.017819	0.032810	0.000342	0.030864	0.015871	0.031359	
0.042743	0.016988	0.024158	0.011699	0.038793	0.023751	0.036629	0.016808	0.017315	0.005435	0.020444	0.026575	0.019494	0.004545	0.006215	0.011209	0.031487	0.010531	0.042877	0.029381	0.018658	0.011834	0.022102	0.002776	0.036816	0.004804	0.016719	0.001307	0.042293	0.020676	0.005430	0.003507	0.024816	0.007126	0.031319	0.006191	0.017941	0.032533	0.037696	0.008510	0.019628	0.023532	0.023621	0.009707	0.020358	0.035217	0.013930	0.030158	0.017859	0.015862	
0.009218	0.002832	0.032089	0.017698	0.022033	0.024350	0.028537	0.023316	0.004300	0.010253	0.019760	0.029568	0.002733	0.015537	0.027610	0.024567	0.028195	0.005970	0.032301	0.024086	0.013171	0.020815	0.032543	0.027076	0.005600	0.011799	0.017554	0.027123	0.028155	0.021193	0.032072	0.013307	0.029160	0.032661	0.025061	0.030684	0.021813	0.026113	0.024049	0.028534	0.002329	0.019131	0.013301	0.002994	0.031950	0.005795	0.013578	0.023687	0.011728	0.022071	
0.003673	0.010294	0.012656	0.022778	0.022797	0.036180	0.023683	0.037508	0.032169	0.016738	0.030519	0.026660	0.000890	0.014131	0.020180	0.010732	0.015749	0.013441	0.008301	0.032603	0.001467	0.029297	0.037144	0.033194	0.014198	0.023163	0.006067	0.002605	0.033660	0.034471	0.025376	0.012523	0.016345	0.032462	0.033204	0.010575	0.001734	0.025731	0.000741	0.016569	0.024010	0.012675	0.036009	0.012418	0.019264	0.035512	0.036643	0.015705	0.021054	0.004500	
0.019300	0.022957	0.022846	0.029862	0.035211	0.024199	0.037234	0.031452	0.016891	0.010672	0.019828	0.026335	0.035165	0.030430	0.036947	0.025191	0.005740	0.003719	0.019641	0.033338	0.007417	0.035825	0.012260	0.001087	0.032161	0.029781	0.025103	0.013538	0.022995	0.002086	0.011959	0.008730	0.026841	0.019351	0.018590	0.005145	0.020376	0.009917	0.022044	0.001206	0.003607	0.001273	0.003275	0.011807	0.022197	0.025931	0.026137	0.032258	0.028156	0.031991	
0.002669	0.012739	0.030418	0.020244	0.019974	0.001036	0.027054	0.014911	0.032087	0.004813	0.032658	0.036491	0.028882	0.023048	0.005013	0.020572	0.005256	0.029619	0.030715	0.020945	0.026652	0.013402	0.017670	0.000592	0.025689	0.038697	0.004397	0.009546	0.022538	0.016387	0.023273	0.012128	0.025648	0.020959	0.004903	0.027739	0.015122	0.030561	0.018857	0.020825	0.020154	0.024474	0.016573	0.028776	0.026342	0.031463	0.008125	0.005702	0.033962	0.029698	
0.014287	0.010808	0.040528	0.039648	0.010428	0.025513	0.008770	0.041228	0.024586	0.035724	0.041623	0.008736	0.008304	0.022558	0.024853	0.007693	0.022728	0.004576	0.021953	0.028866	0.030109	0.000644	0.018018	0.042169	0.037452	0.000069	0.022118	0.007160	0.038393	0.010207	0.002166	0.008583	0.000524	0.009131	0.014415	0.006030	0.027539	0.000459	0.008341	0.008587	0.029711	0.033454	0.029237	0.039129	0.014362	0.036417	0.007992	0.034371	0.033293	0.006509	
0.000620	0.006135	0.030925	0.014833	0.014662	0.023935	0.020170	0.043359	0.033448	0.029670	0.011658	0.022216	0.028980	0.008805	0.008771	0.022857	0.042093	0.022551	0.033473	0.006937	0.037924	0.014604	0.022354	0.029331	0.010798	0.001561	0.030394	0.011748	0.014373	0.014564	0.018056	0.005928	0.001459	0.036545	0.010448	0.000434	0.018376	0.043027	0.039692	0.033723	0.018816	0.022467	0.005201	0.019767	0.003068	0.013359	0.013712	0.013015	0.027571	0.041585	
0.009368	0.030966	0.017581	0.011998	0.014144	0.023246	0.032880	0.023298	0.003641	0.028457	0.017527	0.024260	0.028737	0.021729	0.021094	0.032714	0.000715	0.004086	0.010758	0.016080	0.010112	0.007798	0.003542	0.025518	0.022702	0.034549	0.024303	0.005579	0.031760	0.016175	0.028471	0.022489	0.002384	0.026155	0.023319	0.034456	0.027368	0.013954	0.014948	0.035849	0.026888	0.029891	0.034194	0.002633	0.034783	0.035157	0.009815	0.010709	0.002593	0.028625	
0.035465	0.010189	0.022214	0.007684	0.023524	0.038683	0.014748	0.021620	0.038016	0.011310	0.021977	0.010833	0.012931	0.007768	0.018068	0.019631	0.015902	0.009081	0.038424	0.026969	0.018922	0.037074	0.031851	0.003900	0.033075	0.012543	0.022302	0.009028	0.024702	0.023210	0.008508	0.021840	0.030338	0.010265	0.038906	0.022581	0.008518	0.004211	0.001701	0.038664	0.019668	0.027529	0.037970	0.006109	0.031278	0.024659	0.038951	0.000715	0.003842	0.002103	
0.006908	0.021841	0.013111	0.015349	0.006133	0.008356	0.027432	0.000016	0.007167	0.015146	0.018112	0.028523	0.011469	0.038186	0.018676	0.038426	0.034207	0.031165	0.035301	0.036232	0.011045	0.019287	0.033520	0.002461	0.029749	0.018515	0.006905	0.001077	0.035662	0.016576	0.020818	0.014374	0.002551	0.012070	0.014102	0.022019	0.015570	0.024463	0.033388	0.023455	0.037578	0.004515	0.031535	0.035532	0.036305	0.009399	0.024505	0.002526	0.026267	0.022476	
0.013552	0.013986	0.003443	0.023836	0.028768	0.019575	0.010474	0.001955	0.032846	0.023765	0.032519	0.014511	0.004592	0.001173	0.037002	0.013229	0.018421	0.035652	0.033156	0.012398	0.032318	0.001601	0.014257	0.011244	0.014436	0.007849	0.036089	0.007391	0.040251	0.012921	0.006211	0.023373	0.032018	0.008990	0.015304	0.033134	0.040737	0.038716	0.033418	0.021728	0.012252	0.037589	0.035439	0.023709	0.027552	0.028409	0.007431	0.009280	0.009441	0.002059	
0.001610	0.027369	0.024037	0.018884	0.018429	0.003835	0.021410	0.033673	0.004435	0.018938	0.031049	0.022924	0.033801	0.027856	0.000790	0.003761	0.017721	0.033159	0.029365	0.033761	0.020034	0.006560	0.011711	0.025193	0.010563	0.018513	0.028984	0.012389	0.019336	0.008191	0.006804	0.032492	0.030889	0.011422	0.034839	0.035658	0.022645	0.013399	0.033552	0.020118	0.002908	0.010227	0.012257	0.004868	0.031087	0.034348	0.031818	0.028459	0.033054	0.000876	
0.023392	0.007277	0.027555	0.015373	0.000064	0.038723	0.019806	0.008584	0.009584	0.001193	0.004657	0.013454	0.033278	0.018772	0.007936	0.031493	0.011703	0.024805	0.033837	0.026119	0.028930	0.000278	0.038370	0.030428	0.036611	0.004818	0.005798	0.032928	0.006564	0.038463	0.035587	0.010518	0.036360	0.020523	0.007876	0.000788	0.012863	0.014330	0.023681	0.027904	0.039632	0.012059	0.030237	0.033027	0.011388	0.038534	0.035767	0.004982	0.014551	0.008602	
0.028020	0.027588	0.008702	0.026624	0.022643	0.034781	0.010721	0.007193	0.008737	0.004150	0.048008	0.008488	0.026138	0.008731	0.020005	0.038835	0.009755	0.011583	0.007574	0.018431	0.035254	0.022509	0.017993	0.032896	0.003451	0.030621	0.019588	0.031831	0.014305	0.032947	0.001609	0.012984	0.030587	0.005269	0.023198	0.013914	0.003084	0.006886	0.036106	0.018444	0.001906	0.008781	0.028540	0.035624	0.043790	0.003875	0.019492	0.018216	0.043508	0.026086	
0.025160	0.022199	0.013956	0.023059	0.006462	0.031229	0.029199	0.014256	0.032469	0.012316	0.030519	0.031204	0.001584	0.002655	0.021849	0.021513	0.014364	0.034769	0.028275	0.030559	0.028042	0.029642	0.028047	0.007045	0.017685	0.033414	0.026715	0.010036	0.021694	0.017595	0.025290	0.012200	0.017926	0.012326	0.007133	0.001963	0.022177	0.013831	0.000416	0.032729	0.030460	0.022829	0.032385	0.023507	0.016865	0.022544	0.021658	0.003329	0.008437	0.024484	
0.024627	0.011879	0.029178	0.018992	0.011884	0.005840	0.012467	0.017339	0.024965	0.021775	0.016720	0.002741	0.003429	0.035178	0.027321	0.021792	0.000163	0.029617	0.009481	0.011970	0.031737	0.021237	0.014508	0.029294	0.022093	0.037490	0.029388	0.002423	0.036774	0.004354	0.027619	0.020890	0.026694	0.007510	0.019502	0.028258	0.027984	0.024340	0.023837	0.026173	0.034487	0.004124	0.016006	0.035396	0.036995	0.005286	0.008668	0.029673	0.022990	0.006913	
0.010816	0.004623	0.029863	0.018621	0.014888	0.000325	0.022229	0.003346	0.024009	0.025982	0.031231	0.020775	0.026936	0.012995	0.002048	0.018422	0.036852	0.025931	0.027394	0.023062	0.019008	0.012496	0.034802	0.012448	0.027681	0.006060	0.033348	0.036214	0.005643	0.031616	0.006322	0.032704	0.012287	0.004935	0.035994	0.028226	0.021264	0.016591	0.024765	0.010378	0.023330	0.023381	0.035548	0.031466	0.007621	0.013103	0.001068	0.030158	0.030754	0.010441	
0.002200	0.028736	0.022685	0.004704	0.025195	0.034593	0.020323	0.039262	0.022406	0.008741	0.031081	0.008327	0.002839	0.034426	0.008130	0.010084	0.018801	0.007992	0.017231	0.028077	0.025552	0.012284	0.039080	0.017859	0.032918	0.006931	0.000164	0.026358	0.012007	0.014801	0.034329	0.030084	0.024867	0.020503	0.023614	0.021938	0.021344	0.012219	0.018766	0.027868	0.001341	0.019009	0.016200	0.011192	0.034211	0.035535	0.019835	0.036040	0.003914	0.023401	
0.014485	0.015647	0.004333	0.022038	0.037400	0.032125	0.008995	0.003142	0.008134	0.035260	0.000970	0.007699	0.001432	0.000417	0.010302	0.018545	0.015674	0.033719	0.024171	0.008734	0.024868	0.025489	0.031350	0.028014	0.024239	0.006741	0.029759	0.026020	0.003685	0.026179	0.031246	0.005651	0.025567	0.017609	0.023790	0.019559	0.017869	0.029609	0.013817	0.038499	0.037644	0.024553	0.040498	0.004716	0.030266	0.029367	0.039323	0.009613	0.028933	0.002309	
0.029254	0.018225	0.023570	0.023138	0.004238	0.035389	0.035335	0.024065	0.006422	0.032315	0.001306	0.036165	0.024721	0.011355	0.014989	0.031477	0.026605	0.005817	0.023960	0.008816	0.030747	0.027644	0.008466	0.026960	0.007432	0.014185	0.025417	0.029290	0.004802	0.020256	0.036551	0.023819	0.016060	0.018760	0.025306	0.035718	0.014278	0.034911	0.025771	0.010856	0.004459	0.002966	0.022524	0.027718	0.009750	0.012768	0.014342	0.017897	0.012135	0.021047	
0.026355	0.016324	0.001478	0.000586	0.020542	0.010854	0.014431	0.046628	0.034286	0.031425	0.029640	0.017959	0.026835	0.002147	0.035904	0.047810	0.001343	0.001015	0.025942	0.003170	0.030390	0.008081	0.034510	0.035499	0.040699	0.022674	0.029197	0.000335	0.018098	0.004340	0.004760	0.034846	0.022124	0.029686	0.012114	0.033914	0.003549	0.000237	0.006727	0.002929	0.019213	0.003528	0.029278	0.017161	0.001917	0.043799	0.040013	0.013977	0.014757	0.046973	
0.014199	0.039747	0.012550	0.013188	0.003118	0.010181	0.028249	0.039656	0.007649	0.030644	0.007132	0.012004	0.022757	0.013903	0.023946	0.026315	0.000536	0.027785	0.022370	0.012335	0.001829	0.027716	0.001134	0.007249	0.017008	0.035391	0.031861	0.036081	0.035210	0.023156	0.011260	0.013296	0.029440	0.030732	0.036892	0.028404	0.006863	0.016514	0.020028	0.034399	0.008949	0.034503	0.024518	0.021111	0.010269	0.020977	0.029306	0.015281	0.011865	0.010495	
0.037041	0.016241	0.004649	0.000602	0.002390	0.024020	0.020595	0.046861	0.037809	0.039145	0.020215	0.003416	0.008492	0.012391	0.035487	0.006857	0.030375	0.010638	0.021480	0.006455	0.001350	0.007715	0.025403	0.008495	0.044988	0.005761	0.025276	0.008532	0.032969	0.010909	0.002138	0.004366	0.032435	0.042918	0.037994	0.007457	0.013011	0.023069	0.046167	0.020676	0.022411	0.045849	0.014453	0.013480	0.011931	0.002723	0.017929	0.035990	0.010992	0.037455	
0.005657	0.008604	0.003158	0.023255	0.040532	0.028554	0.039032	0.015176	0.022502	0.023456	0.007108	0.005683	0.014354	0.005515	0.028116	0.026541	0.004012	0.026928	0.034359	0.031148	0.000586	0.005038	0.030050	0.017023	0.011869	0.044078	0.006300	0.005451	0.009841	0.033823	0.037159	0.038520	0.000290	0.028590	0.011769	0.030177	0.015975	0.006381	0.040628	0.014575	0.026912	0.018245	0.013016	0.023108	0.033521	0.009683	0.039772	0.014343	0.034105	0.005482	
0.014507	0.031522	0.030550	0.021797	0.023070	0.018138	0.029657	0.027380	0.021087	0.019496	0.003394	0.023033	0.033281	0.016300	0.037527	0.008839	0.008935	0.016059	0.002106	0.029011	0.004864	0.013366	0.015283	0.025849	0.011429	0.011016	0.006098	0.010756	0.001477	0.019947	0.015920	0.023762	0.015199	0.028532	0.013600	0.024585	0.019597	0.034177	0.036186	0.034124	0.032623	0.019654	0.019705	0.026288	0.033145	0.012393	0.019134	0.008461	0.015481	0.031664	
0.015520	0.036267	0.008470	0.011883	0.025007	0.045657	0.013485	0.034487	0.016502	0.030143	0.017015	0.042247	0.042010	0.018921	0.003791	0.008652	0.033739	0.010547	0.002696	0.014261	0.017806	0.017288	0.016435	0.009379	0.010177	0.042715	0.017080	0.014128	0.006829	0.015624	0.031923	0.008986	0.018416	0.040405	0.007178	0.043247	0.005158	0.025799	0.018044	0.016122	0.000614	0.009200	0.043320	0.002792	0.036432	0.014409	0.043519	0.002738	0.002131	0.030807	
0.82
