50
2
-3.935435	6.958919	-22.287169	-17.535290	6.469188	20.666453	21.620283	3.040306	-13.822506	1.964258	-15.680005	-16.920044	10.871762	-13.931122	-22.939676	6.046485	21.644761	18.892780	-6.275344	20.576951	0.714274	21.298090	3.334612	-23.361651	-7.762712	-18.305023	-7.649800	-6.527087	7.427309	20.928117	-14.425210	5.942451	-16.455740	-20.037060	9.268663	-10.861864	-4.563708	23.864393	0.197338	21.025385	-6.873174	-9.696171	-18.453830	-2.304010	22.940722	-1.583644	-22.442768	7.478792	-22.629426	-9.518071	
-10.258251	-9.059822	8.191721	10.426279	-19.071693	-0.283026	-11.938326	-2.930604	-16.186647	-3.312855	6.466762	-10.605222	9.212124	-6.621754	-0.634684	-3.943559	-1.266719	18.897128	2.805012	-17.424221	13.497996	-17.456136	17.973092	-19.369269	-14.107584	16.205403	-14.055097	12.239059	-1.419028	1.082399	1.616746	-5.594776	-16.596964	-13.409636	9.967336	8.228837	9.465784	15.329560	11.232841	17.319393	-14.389138	20.292878	2.871483	16.709590	-18.764293	13.208613	4.127908	-6.155872	-10.751925	-19.964609	
28.601868	-1.683656	-3.211044	5.758866	8.506577	19.623250	-13.842626	-23.370730	10.907826	-2.304607	-21.693181	20.599957	20.314040	16.692525	-1.089732	-25.360369	-26.259389	27.145105	23.320105	7.839421	-3.180504	-23.824072	-6.676836	29.354085	8.860835	28.215131	8.485200	-26.464380	-6.397184	-2.077770	27.116045	13.636925	-17.895913	-29.941724	15.758325	-19.965306	13.668976	17.192625	27.790005	28.515789	4.470928	-25.867098	14.698646	8.033293	-20.930786	26.639330	-23.419916	6.453445	-1.427454	-29.378742	
-17.125015	-18.647889	-1.400236	-7.395265	-19.527231	13.001254	3.950237	6.552021	-4.852407	3.959265	-2.243962	-3.536828	-5.381397	-10.930986	-2.604632	13.611414	-11.482969	17.180481	17.525916	-6.803294	15.872482	12.161758	-6.027981	7.271170	1.273917	-12.898533	-13.018604	0.291621	-8.732305	17.038297	-13.132149	-12.507355	12.337465	18.653199	-13.575381	-17.163059	8.031747	5.487050	2.887025	12.325975	-3.775137	6.539464	12.695455	-0.123518	-16.605622	-17.656093	-17.519150	16.436652	8.482189	5.297285	
3.897922	15.810919	-8.485237	-5.303340	8.428214	-23.209377	5.461392	2.236970	2.804163	-18.862158	-0.988315	-22.858904	14.968600	17.451276	-20.750167	16.195438	9.499571	-2.243346	6.805806	13.972650	-3.037320	-1.920697	-28.925315	-15.596402	5.004270	17.213673	28.718895	18.732202	-4.229946	14.858127	-6.541768	19.636680	-27.635315	-3.190940	-26.002056	-15.612054	-7.857381	-20.428456	15.739481	11.884034	1.472167	-27.832823	26.566076	-19.773221	-15.077382	-12.840270	21.989341	-19.838550	10.956935	9.773454	
13.045673	5.239507	-6.112269	15.548635	-5.191934	-21.779672	-16.543490	-0.878075	17.719780	-17.179946	3.696579	6.317232	-6.751315	16.899482	13.478359	-0.656353	-3.951144	10.613152	8.997829	19.667024	-10.012731	2.088161	-9.552049	6.551945	22.065506	8.192288	5.119439	20.018925	12.637233	22.736069	-14.073609	0.011794	-10.945290	18.125687	-23.632407	14.518820	5.046920	18.054601	13.225536	6.541048	5.688040	15.766123	-8.334393	-19.059361	-12.289423	-23.815831	20.123327	16.676651	21.334763	3.773803	
0.583545	1.783390	-14.776135	-5.023490	17.354252	-1.789193	17.460493	-2.098054	13.690332	-13.986005	-10.578227	3.084454	-13.554050	2.529753	7.152578	10.449483	-7.412507	-4.948485	3.387469	13.319331	-18.109106	13.458288	-14.298226	4.828646	-11.992478	12.722141	10.893288	-1.204608	11.935369	-0.725819	-12.745637	-11.844739	-18.315356	7.947522	17.046210	-2.275135	18.308630	-10.395183	16.904324	4.997716	5.368985	18.038025	-2.913302	3.954461	7.665916	3.450311	0.916879	-1.063825	-17.810951	-11.163739	
18.376795	-5.342168	22.071518	7.099582	19.101441	16.221781	21.122580	7.960934	-0.378016	9.011624	4.221895	11.165723	16.224605	-4.358166	1.462439	-0.862170	-22.451566	-6.835278	-0.901876	15.937579	-2.841956	11.518030	21.965530	17.305894	18.411596	-10.268345	-13.442595	-8.772799	-15.811173	17.125618	13.832560	8.349543	-4.288982	-2.036625	-22.085124	-4.588532	11.591898	14.147993	-7.344720	19.166117	-22.902873	16.903515	0.241255	9.141278	5.007357	20.927217	-20.986108	23.217539	-18.871172	-20.577129	
22.912606	12.269506	4.998864	24.800823	-12.866704	22.254528	5.759622	-24.398112	5.988292	-11.393327	-20.989060	-18.310319	10.741037	-7.768004	13.769099	28.128303	-8.597025	-26.220577	-22.248194	-24.570650	-24.146004	2.296100	10.971941	14.350594	11.820162	-2.387084	-28.197387	4.827677	17.832914	24.149808	-23.526618	-24.385004	12.517458	8.638398	-19.185008	3.385678	-2.249829	6.665374	6.994243	4.432154	11.407279	10.847467	-13.335644	-27.228532	-22.135866	26.353038	5.291543	-19.624813	16.033227	-25.114919	
14.260472	20.170044	17.980564	-0.105507	-13.716734	20.441488	10.750689	-17.082677	-14.545458	-12.444739	8.685027	19.633054	-12.277413	2.052412	-15.414440	-12.226076	-19.601605	22.131472	-23.873390	8.508923	-16.103020	16.627592	22.544456	-12.136622	15.722285	-18.259006	9.364844	23.832800	-3.084349	6.187296	14.139182	9.115720	22.677997	14.638877	-16.850521	6.167300	-5.783854	2.740725	3.716712	11.589942	18.829365	-8.334139	-4.319636	-20.376248	0.490657	20.579348	7.707922	-6.828622	-3.352815	4.518758	
-11.521445	2.029794	-16.846478	0.893496	-18.916050	-13.098963	-3.534734	-24.772801	-3.578356	19.118182	7.779656	-0.289344	-19.785066	18.964092	-6.959990	1.983462	-21.552969	20.623271	21.716049	-20.597839	-16.957057	-7.138930	3.791675	6.011842	18.185861	11.894778	8.552402	3.558740	25.199312	-24.483225	-6.572186	8.210164	17.600503	6.668102	13.759564	4.723585	-20.839589	18.820950	23.924733	-4.700187	0.953226	0.819317	20.980062	8.462935	-14.349012	10.228152	-15.748136	-1.034708	-20.731658	4.586208	
1.768616	-2.126240	8.690986	-6.183321	1.449480	2.000564	10.872023	-6.495289	-8.376960	-7.887862	17.320926	17.540652	7.574974	1.391687	4.091947	17.049991	10.228739	0.933588	5.188845	-11.918497	4.446742	14.341880	17.781479	-11.003896	-4.211719	0.735199	-9.971436	11.388891	-5.841525	5.362721	-7.784139	8.600270	0.707600	15.783579	-1.995289	8.451974	16.864442	-14.329250	8.045160	-15.976415	2.954809	-14.443445	12.050083	15.391371	-16.610605	9.459168	-1.786501	6.275306	4.548983	-7.390125	
-26.605297	-20.753474	20.625094	5.945978	16.461171	22.885999	0.089660	8.906441	-4.504303	5.279970	16.138518	-6.028937	-25.243989	-4.516528	12.615652	-6.613975	-17.949064	3.355864	-9.497082	-16.776254	-9.912319	9.303413	-7.992134	3.918820	-16.526273	-8.371847	-6.529425	-5.182239	-20.351759	-23.960969	-23.642110	-19.489264	-19.591447	5.387175	-26.361715	-17.514158	22.826608	24.748268	19.408203	6.041050	-16.591391	0.112116	15.286321	-16.584336	16.287975	-0.002010	-2.316678	-15.688188	-19.222954	-21.324599	
-0.025317	11.655707	-18.693667	-6.054036	-1.683480	-18.872549	18.514358	-6.921698	3.941148	-6.159044	10.478015	-21.780374	6.335906	18.954759	2.469498	-5.361179	-8.171942	-10.456160	1.917551	20.057228	-12.621263	-19.027906	-12.442670	7.803538	-17.728266	-15.456221	-14.570257	-17.153957	14.929230	18.374299	-19.322550	20.176311	-1.051937	10.664648	7.062564	10.132656	-12.447089	14.111590	16.795342	-10.890443	-2.268175	4.768551	13.810738	18.666854	4.241869	16.859247	21.862961	8.787928	-10.251900	1.298395	
20.461974	-5.546151	8.291305	-21.266819	-4.764042	13.045074	-22.882540	16.733913	-18.747727	11.781651	-3.908814	15.897259	11.036437	-9.683297	2.111018	-23.293247	22.484001	-2.430695	-2.453517	18.325222	2.087285	-7.490809	15.306815	22.739815	-11.070037	-0.272518	24.188647	-2.421872	-18.703979	9.155244	-22.860332	-13.136159	-17.033238	-19.206724	21.200394	23.496361	-8.022698	8.161471	23.491576	1.290304	-3.255200	17.857731	-11.462399	12.361096	12.510946	10.338678	18.520645	10.641759	-14.463454	-4.047958	
-11.449675	0.227475	-13.649546	18.385412	9.060486	0.509524	11.198186	-0.207273	-3.923511	2.359674	21.638086	5.439514	-12.468893	-24.076774	-17.483622	-23.841190	-20.781319	-1.474452	1.000728	1.384172	-15.472429	-17.558806	4.484465	1.766137	-20.012139	7.394361	15.887542	-4.731982	23.562971	-13.973851	-22.314533	-13.821495	-5.612346	-22.473478	24.511716	-21.458854	19.569374	-6.633508	-20.574914	19.336406	-4.650795	18.086564	-12.094751	-1.064724	-6.861427	3.813624	-0.431753	4.619364	22.050268	-1.291455	
16.836567	-12.450120	29.901456	-25.750713	19.855063	-22.961286	-29.551297	-24.428650	26.828826	23.539568	4.484949	-5.634210	10.115566	23.081033	-0.313655	-7.983416	12.728486	10.728365	-18.168109	-10.210529	4.544352	-14.126196	16.688359	19.078598	-9.462868	-9.468786	-6.741492	-20.173679	-27.719218	-27.168146	-14.546312	21.604370	25.757884	23.365356	-24.646571	-25.140442	18.593194	-2.299215	20.754296	27.167005	0.941519	-21.481472	28.766591	11.878674	-12.226810	15.204474	21.095017	-26.309879	-9.861437	-20.261556	
-10.310514	-7.487489	-13.249487	-15.595264	19.638612	-21.773520	-20.183997	-20.031525	5.292173	16.961096	10.267204	16.499013	2.815049	22.218696	-1.545522	23.414493	3.253069	-14.782572	15.572533	4.524577	-5.138498	-17.332729	-20.495500	-21.941387	-12.161531	4.361415	-22.839820	15.436574	-2.189735	-22.527339	23.373149	-7.831744	11.044700	0.766607	-22.167184	-24.003829	23.178664	-17.681930	16.534483	11.553951	20.424782	6.101766	-11.814868	-3.466201	-21.331743	-2.041140	19.495012	-18.756146	20.851361	13.980780	
-16.040866	9.743711	-16.960291	8.119164	-1.079657	-15.485686	-9.091079	3.725398	-14.150890	-12.054597	-12.118956	-17.941183	2.873002	10.387783	11.694550	-4.629351	11.670361	5.024927	8.697172	-11.832079	-5.395611	-10.462947	11.081920	-1.457305	6.744303	11.146572	3.354783	2.662889	-3.952980	5.337394	4.779065	7.291412	-16.894524	10.777999	-10.142773	0.007111	5.488780	-2.931102	-10.898393	7.396583	15.902320	8.735433	12.219303	5.456039	-15.908117	-4.594833	3.954836	2.511575	11.673921	-8.447374	
10.285504	-4.691343	24.668131	11.607328	24.401598	17.225480	11.702492	5.369655	-23.527463	20.912663	-17.457780	-16.288567	1.341729	15.461411	19.448275	10.730760	13.894962	22.643471	-7.163353	-14.100150	22.020219	-18.569764	9.837317	20.897815	-24.091100	16.617890	-17.656355	-9.986329	24.436974	5.100668	23.879613	-4.893087	-24.675894	11.007975	-15.525769	5.484219	-3.084444	17.749716	-18.053793	-10.530834	4.818353	-24.304940	15.365902	23.130494	-0.318918	-16.848086	22.025237	-18.519727	-9.476652	-13.011727	
25.290080	22.416856	-27.981460	-14.953392	-1.400073	-16.228870	12.064383	18.800336	-15.489293	1.916616	-10.495433	-12.084505	-16.693058	15.659379	-11.885078	20.781213	15.031219	-13.027939	26.806097	-12.869185	-27.583738	25.100977	-12.358954	10.432316	6.203238	26.547169	12.979110	-26.976104	26.468045	17.870922	-1.196340	-24.981011	19.260671	-11.116193	-22.776195	3.741723	-7.957346	21.968314	-23.444938	21.024467	17.677153	-8.569828	-23.727171	24.623295	7.282443	27.832343	21.891916	-11.365559	-9.884949	-26.377986	
-17.681453	12.441929	10.001757	-11.438549	-10.289027	-21.409074	7.762533	-12.725416	7.818411	-15.797607	18.300342	-14.766837	-13.415837	14.695292	4.100984	16.717267	14.910261	-20.232658	14.568260	20.259628	-8.147142	4.683945	7.439993	5.814154	4.084569	3.101022	-17.691072	6.515866	-15.293552	14.033696	-3.922787	17.251226	10.035948	14.807618	-11.544633	-1.083967	4.340458	-1.894803	18.058893	2.134718	-18.008730	-15.552023	-21.933142	7.358431	-13.066575	6.405107	-17.645326	-1.725676	7.506214	20.001926	
-28.342792	-13.421799	-21.661590	14.501557	-29.790264	25.327351	5.266085	-20.655498	-14.141389	20.664233	2.259041	24.286586	0.180539	5.387802	-27.020011	20.727834	-1.974272	17.195071	-27.708737	18.981518	29.038102	-22.202678	-16.713822	-6.797765	28.187214	10.134171	-12.648139	12.117304	7.968973	-15.024978	-22.714697	-9.851547	28.618694	16.095353	2.081733	10.322669	21.147614	-25.032490	-23.269080	-24.816630	6.827023	-22.764252	-11.896342	5.236289	2.636006	24.366762	11.470009	14.569172	25.729278	7.322531	
11.537038	13.662211	-11.258130	-10.098769	2.191755	-14.878415	22.844996	3.212149	-16.837018	-0.355709	-1.720000	19.697631	-6.469059	20.312865	-5.482871	-1.385320	18.978338	8.627405	-3.733353	-19.366726	-12.999097	11.362525	-7.580221	-0.323128	-20.834084	-17.404851	-19.091174	18.220995	-8.473266	-5.031454	14.795951	-7.251486	13.390656	-15.230943	-21.984353	15.471983	22.972374	-5.496139	-4.939072	14.097232	-6.098785	5.555161	-16.182761	-1.389804	-1.840836	20.923255	1.211606	-14.031057	-18.030186	0.488248	
-3.042023	-4.888129	5.264669	-3.792834	-19.855244	-2.214641	9.725439	21.654649	9.058224	5.038900	22.408024	12.375000	4.322992	-2.319520	-16.158388	0.404111	16.449521	5.225637	5.152597	-7.094962	14.306152	-18.962131	-2.450808	-20.453115	-2.267514	-18.696187	12.838693	-14.921885	17.989224	21.032646	-14.105251	-4.613557	-21.040180	-18.364459	-4.872110	-7.114080	10.287237	-16.568370	11.294610	-22.531460	-11.553736	-2.475596	22.181115	-15.550428	14.912841	13.006112	-12.771579	20.556019	14.276232	-6.427749	
21.285894	-20.185467	-13.144562	-21.904855	26.789643	-21.088944	17.831671	-9.231464	5.948459	-0.386201	12.167126	-21.684113	-17.284750	-2.867458	19.478936	18.178543	-9.758734	26.103626	-10.646157	23.254696	-13.514045	13.736716	-20.665064	-13.817660	-5.329872	0.129789	-4.280632	-8.832049	-7.565517	5.942465	-20.742959	9.810796	21.870358	-10.179372	8.732319	10.843900	14.125457	10.726468	-4.397467	-12.018547	14.480618	-13.709827	-24.113617	-13.398797	25.367950	-7.870951	-20.676426	20.230013	0.042069	0.918300	
-10.130604	14.200260	-6.098464	21.798505	12.881463	-24.768995	26.955508	30.375973	-15.317742	-18.884073	30.781855	16.692684	28.726353	14.548626	-20.115201	13.919525	-0.955084	30.646598	-9.719604	-12.033675	-28.725518	15.874828	-24.238054	10.122095	-29.878435	-12.042536	-20.246264	-16.510933	1.517783	-6.369078	-7.101539	17.271807	-11.629283	25.602251	17.363242	8.031040	14.420847	-29.351203	-19.602261	-23.469312	14.892996	26.667059	-15.408262	15.501480	-13.928062	-25.339239	19.790277	-12.786345	10.699428	-30.617042	
-15.283176	-1.446411	9.754010	-4.615336	-25.772481	20.860798	-25.323472	-6.890400	-7.442208	-23.659062	-24.918078	-2.952807	-11.502285	-0.193902	9.133363	-0.698287	-12.150022	25.865721	18.873689	26.012082	-4.821684	8.056691	-20.191758	-14.223733	-2.039807	-3.363800	1.202947	19.587894	2.313652	5.820892	18.236646	24.193246	-9.261353	-18.461874	-9.103892	-26.760949	-18.093629	-18.764810	-16.018175	13.862882	-14.510313	8.123059	22.618600	-6.145089	7.463330	12.422391	12.874668	28.308496	28.906935	13.394821	
-8.525337	-18.537684	-19.094697	-5.297955	9.840541	-25.591634	17.853517	-10.457690	13.583582	-5.251656	10.741210	-14.167368	7.716025	5.367238	-12.899309	4.122324	-22.969385	-12.492688	3.547590	-22.160821	13.494687	-17.045371	14.498139	26.512165	0.425892	-25.728809	0.568441	-19.334388	2.993067	-1.317390	1.202917	-5.321175	6.330332	-26.298385	-17.779595	-23.105050	22.420874	-0.949006	25.197044	-16.404507	-10.050019	3.332791	8.354335	-4.395548	16.139769	-8.349426	-0.196484	-17.400520	8.314831	-1.088560	
-5.567582	13.101218	21.281647	-20.511627	-22.752866	2.006597	-3.145908	-25.250937	15.474552	-26.007574	-9.714113	7.385736	-4.330020	-22.610455	12.713785	24.386357	17.463893	21.474451	-25.280420	-21.583400	-25.850021	-25.791788	-24.425257	-9.487139	3.906173	-5.357670	-7.830176	9.140172	16.649808	-8.563473	0.787385	19.147253	-23.861636	-9.324866	22.099624	-3.494042	-14.828667	-12.038385	10.668579	11.071912	4.794910	-25.997182	-22.957663	14.755146	13.715859	5.541569	-15.147341	24.435167	-16.924694	3.578129	
2.849873	-9.226127	14.088744	-1.832777	15.808985	-9.072753	-2.889213	-20.916677	10.009854	-20.449689	2.814901	-11.477933	-9.042267	-2.401805	9.644821	-9.896125	-6.918028	-9.697262	-8.825879	4.471238	-1.605583	10.065759	-5.036996	4.406509	-20.360514	3.061421	20.992385	-13.845980	6.343484	12.419691	-14.754216	15.314087	4.068108	-6.334819	-4.750859	14.544000	13.571119	-12.303376	-1.402967	19.326596	-13.671606	0.609608	19.064343	11.596725	-20.488660	12.208923	-0.629716	10.432928	14.086365	-14.700988	
17.723046	9.312812	-14.230704	-20.998210	-9.998264	19.797284	21.780189	15.437815	15.438510	-13.710414	20.258000	13.164608	8.176849	18.763816	14.200972	18.987239	20.126786	0.062713	-6.273552	-1.651178	-12.070620	2.942652	17.961116	-20.965485	12.230747	-17.063831	-2.330930	-20.489491	16.336460	1.041271	16.457282	-21.514201	-1.732835	-9.560432	-17.390136	18.245065	10.518980	-12.724781	-13.746303	-9.511051	14.559824	-10.333717	12.616987	6.452084	-13.042501	11.640379	0.668928	-16.605939	2.512631	18.338119	
18.987120	-5.079297	-17.226239	-2.188902	-11.128121	19.130018	-23.276393	5.714878	-8.367806	-4.976583	24.522586	10.731792	19.388105	10.572777	12.255620	16.072028	7.349128	-9.960995	-14.205933	7.285017	-8.847595	-16.233908	-11.758872	-8.324335	8.690457	-5.769330	16.779449	3.076477	-14.750728	4.084477	19.373076	-7.198431	-18.348699	22.268865	24.787016	13.142693	15.199284	-24.227067	-17.737608	-20.567676	-20.366518	-14.989992	21.532431	-7.505535	4.693110	-18.178978	-10.243498	-23.196998	1.132866	-5.741293	
7.227470	12.491806	1.552898	-6.354226	-9.990943	-9.249145	4.636919	-2.225817	-2.312144	1.577677	-2.166944	-8.961090	-13.152241	16.672850	19.145602	13.613267	12.764439	-18.335947	3.714084	-14.846973	15.184270	8.408670	-0.038041	-5.493738	7.421167	-7.464456	18.981694	-15.460103	-21.209033	1.203094	6.285676	-11.433168	17.474339	8.004649	-18.585446	14.741895	-20.167004	-9.912854	-2.301492	-2.144261	17.306408	7.146533	7.520927	2.060479	-14.258755	-5.042258	14.427087	-3.980956	19.549130	3.207271	
-9.439550	-12.699982	-3.581748	6.597310	-10.159780	-17.729347	-15.495344	7.391531	11.453647	-1.833070	19.372952	3.636253	-17.287480	-12.140487	1.143492	7.995231	-2.643590	-6.811097	5.514748	-12.369533	-2.195191	-20.368591	-4.394841	21.750582	13.824139	-10.272335	-14.701310	22.809380	-18.698879	-11.165683	-11.898918	8.741721	23.583493	-4.890623	13.366684	-16.765863	11.697742	-2.420814	12.140546	-4.165441	3.174039	12.469170	-16.138919	9.647420	14.839502	7.354859	-17.894013	-17.118330	10.567890	-19.140646	
5.205863	-13.039734	-5.115974	7.041353	1.428147	-20.368878	-6.478887	14.394672	-7.293766	1.776115	11.869539	15.239348	-11.285812	-9.517872	16.217658	21.774911	-14.520198	2.808252	-16.848882	9.641920	21.996595	12.746876	-22.698414	22.420619	13.214544	-7.084939	21.259840	-6.073653	-1.158019	-16.898357	7.301293	12.625185	17.912742	-20.114865	8.232734	-9.806919	-22.693922	20.115938	18.225744	-13.112665	13.566902	-3.542437	0.537197	-7.948089	10.662262	13.177599	22.856005	-17.411234	3.035316	-7.759932	
-1.240810	-17.409445	-12.959879	-4.887908	-8.807480	-11.392482	-10.472394	11.538648	-19.639346	-7.360829	-10.971076	-5.513331	-20.579310	-13.249011	-15.610229	-17.570600	-2.738482	4.837974	14.880824	4.680333	-5.094230	8.444725	9.527478	13.083549	-11.403528	-4.473929	14.402669	-5.770590	-21.407559	19.646070	-16.115637	-12.670047	10.426023	17.909801	-0.460048	-18.403091	2.818143	12.688048	-13.273864	-8.142772	-11.756420	21.981347	5.183430	-17.692414	14.406332	-1.055828	-10.960137	-16.425717	-11.492211	1.348514	
-24.830097	-11.856868	13.572339	-23.194830	20.668405	-1.216458	-26.037619	24.545393	-15.571725	2.922689	11.637641	32.423300	-17.961589	-1.633011	-29.416448	1.266010	6.316829	-27.445319	8.198800	12.423320	32.284492	0.290756	-17.522349	-23.626659	-21.830117	-21.283328	-25.079803	-7.784324	-17.203167	-25.665883	3.369800	-21.300705	27.504471	5.944731	15.589392	-10.082707	19.907588	-10.386875	-29.163315	-4.280460	-7.095276	27.350029	16.491211	-12.117347	10.906367	-9.238413	-18.730690	1.220922	-16.302323	-13.434264	
-16.440880	8.899805	5.767634	25.296858	8.643921	-12.977762	-15.889306	30.033089	28.805561	-24.676673	0.463195	30.356864	-25.122699	-25.409141	3.797711	-8.483643	15.665168	8.459893	-0.056599	22.777524	2.152184	-11.280293	17.621848	-4.623416	23.792778	3.124056	17.766437	-7.594847	-4.826272	-12.147290	-11.301840	6.690767	-6.752072	-8.485720	29.060794	25.087631	20.648355	-24.357400	-11.937012	23.903165	13.480860	-14.143840	20.204852	8.779813	13.614257	-23.121531	-6.367426	8.631629	19.760713	26.040872	
23.841424	13.181574	10.410850	10.233476	-21.479052	-19.893159	5.826022	13.398494	17.005092	23.218131	15.490524	9.131167	-20.540222	3.569919	7.774747	25.339869	-18.237511	18.583428	17.452252	-12.948422	-2.807715	15.821413	11.862101	-17.571460	-9.341014	-26.663398	-26.959493	9.453449	-21.754847	-24.885330	-22.979001	19.588993	-13.349807	-8.120380	-17.581821	-15.011358	-8.916032	12.914393	-23.395443	-19.814969	-9.442867	19.451543	1.802070	18.679048	5.629965	-6.092119	19.738381	-2.630825	2.024245	-27.259170	
12.603237	-11.154143	14.653371	-14.464681	-3.393499	1.739063	2.597101	13.474502	-6.389167	-11.236610	17.054475	12.942705	7.258910	16.228654	17.914014	-4.288618	11.473881	5.361087	-14.267997	-10.882403	6.903116	-9.762092	1.543203	9.422941	11.652097	-13.276736	-10.752605	15.168242	-7.073959	-0.581165	2.933625	-5.230902	10.358441	-11.123626	0.763537	-16.068644	8.319751	-17.136611	8.876209	-6.868357	16.713571	7.680978	-10.983221	17.263754	12.932831	12.926663	2.115358	15.308804	-12.873852	10.866850	
-21.132560	2.160387	-22.051532	5.618887	-24.219756	-28.634393	-10.614593	9.382119	21.929522	1.240812	27.968113	-25.099094	24.049238	-26.650433	6.108464	-14.561261	-22.402054	-19.011962	0.550171	12.194659	-3.482520	-30.663868	28.693669	-24.023225	21.562031	-14.864994	-24.989403	-2.259241	26.854541	-2.622901	10.922041	-21.109176	-4.767243	13.245180	13.478943	-7.079929	26.555474	-27.779369	-4.969077	-22.565928	-22.405031	-12.106684	-30.328634	28.891860	-21.055583	30.346737	-29.943226	-28.343305	29.011584	-13.032799	
-13.398047	14.975591	-16.904495	3.512964	-3.501654	10.866483	-10.565217	2.235926	-5.941576	-15.587393	-3.018495	-8.986082	-23.878447	21.397687	1.724816	-12.995207	13.066553	10.517609	13.746434	12.243466	7.417125	3.067056	0.522850	-9.426400	-2.030238	-21.380628	-19.407378	-14.824586	7.534762	19.209741	9.267834	19.836027	20.991065	13.767581	-0.310274	8.495392	-1.939237	5.269789	12.379276	0.315470	-12.891113	-6.389883	-14.405632	-13.067311	5.669372	-15.987065	3.074341	-16.220924	-0.244435	3.513945	
-3.163040	-11.737626	8.662246	16.755974	-14.692533	6.456549	6.563415	7.901369	-14.711395	-12.063908	-11.262929	-2.392488	-18.946116	22.523964	15.102134	-8.675062	-4.444689	3.515099	16.666286	0.149108	4.728028	3.576559	6.884032	2.740065	13.848456	-14.334917	-7.035006	3.844133	-12.748422	-11.248053	-15.848902	18.925280	-16.412518	3.189946	-16.566662	4.832714	9.912718	23.419994	1.770032	-0.130675	-24.304406	11.794681	6.576716	-20.581480	-16.510973	-23.986060	-23.672960	-14.943726	2.878173	13.928218	
-19.429118	-3.832842	-13.249274	22.761215	-19.800944	-2.580829	-15.222633	0.781955	-19.684937	-1.256289	-15.161875	3.216837	-10.457123	-12.640497	19.205309	14.601293	5.634844	2.037514	-8.304664	-15.634998	-2.329036	2.069064	-15.917009	-12.653439	-17.613445	-5.436733	20.139591	15.961647	-8.141632	15.729603	-0.792181	-10.967485	2.727143	10.755401	-11.195919	0.905606	-6.808888	-10.048542	19.224419	5.632375	-11.697751	-0.449742	-13.894197	11.863732	5.496581	22.606274	5.631686	16.178556	4.579988	-16.646703	
-11.907857	-15.860501	-7.520855	-16.633288	-11.124430	-22.409341	13.744760	-0.202633	21.280944	-10.005047	8.391944	-24.644429	-2.387354	-25.773659	5.407162	4.483189	19.471749	4.360275	-23.391227	0.449739	-22.968240	22.392669	24.960134	21.612235	3.251036	-14.616742	-4.784903	-17.942086	12.656608	6.369716	-6.605654	15.045829	-2.893472	-14.531657	16.108677	-16.809140	-4.680036	22.092772	1.357730	-0.019482	14.133050	0.846014	-4.991791	18.687928	0.464779	10.999482	20.609593	-20.415532	0.108127	25.870154	
11.160093	-6.936047	5.873991	20.839693	18.221525	22.335268	14.609096	-7.117212	4.353902	-4.158321	-2.804674	24.286716	16.538041	11.128530	7.234563	-7.817386	-10.088465	10.418056	-4.767304	4.090125	-15.798642	4.270004	-23.764787	5.915011	9.250170	15.370406	-18.631304	-16.089025	-3.141675	17.560050	12.140403	4.706276	-15.562541	16.037249	21.202454	13.070062	1.163186	-10.921118	-12.866663	24.798013	-1.493895	22.626997	16.467803	-8.854803	1.014289	-22.350530	-16.928983	-12.128063	-24.777540	19.821044	
9.054170	22.448591	-4.543503	23.119339	-19.494579	22.994477	-1.808157	9.761908	-12.977926	21.041650	13.508981	15.570469	-22.835160	0.868877	-10.178298	13.936365	15.434336	-2.524916	-6.982290	-12.877092	-16.175240	-11.962816	21.369279	-23.470239	-9.269526	23.379381	-8.209687	17.591417	-2.485061	-0.451243	-8.631999	10.753369	-4.199648	-17.137464	18.442496	-10.656611	-21.918767	-5.720289	0.913376	2.665019	0.868985	3.568615	6.748132	23.183001	22.141187	17.244342	-2.944939	-2.763554	-22.968716	-0.970648	
23.124744	-22.124147	11.708171	5.253870	-16.280089	-9.547145	25.087858	4.576601	17.564891	-13.143446	-18.247488	1.591680	-1.899848	9.179249	-9.133482	7.201491	-25.466625	-6.496080	21.699955	25.743867	-10.076471	-3.468113	-3.928400	0.820518	-21.764134	-19.115982	20.991809	22.994866	-18.876034	-10.551361	-17.970050	-23.423510	-0.546933	-21.595910	-23.209295	17.534082	18.339747	17.894396	-16.080202	7.308411	0.898433	-9.945054	0.036633	-7.393353	-0.761206	-1.204438	20.156224	26.888883	-2.250146	17.062905	
-5.897859	8.916129	5.050694	15.125258	-23.654034	1.871112	23.289556	21.229046	-11.392649	20.973462	19.075794	0.657148	6.133410	-9.957902	5.120547	8.030148	4.695261	2.285428	-18.626472	-0.706501	5.243715	-22.224297	20.589364	-2.003652	5.623590	-16.471986	-15.981678	2.314519	-14.707707	-23.896121	-12.303813	-23.155192	3.418765	-7.863246	19.912441	-5.400639	20.908799	-22.422570	-6.417495	-7.535608	13.861334	-21.086020	5.734313	23.331906	13.649628	3.236391	6.767836	-10.274600	17.729181	0.876097	
3.529301	1.292299	16.254041	15.250687	-17.179334	-7.048195	13.786790	-6.742688	3.382290	-17.667348	12.546729	-11.295024	20.452247	5.319288	17.468548	21.623040	22.812559	-16.536571	-2.717747	25.045552	-12.630299	-10.139031	7.509855	15.309930	-15.565086	-25.637658	23.838459	-20.456246	19.315361	-6.516442	21.058398	1.053281	-18.536137	-2.723694	-12.384463	-1.906798	-19.817355	13.558609	23.724675	-23.183471	-2.594246	-13.017007	6.393120	23.759080	-23.536385	22.474429	-22.526028	1.303438	-7.318201	-4.815199	
-13.048340	1.202458	12.218024	-8.219527	-15.722305	4.447182	11.002286	16.109428	-9.819260	1.995138	17.332503	7.825427	-5.590170	1.327512	-12.639399	-20.289745	-10.742805	-5.670468	-4.524048	13.104834	16.444118	2.559629	-8.063210	-4.901538	-1.267230	-14.380960	-10.681997	13.265462	5.236220	3.929331	2.317793	8.390385	-10.618101	-12.436582	-15.385873	13.726910	1.338959	-2.476496	5.957239	-14.659300	-17.298471	-3.682768	12.590747	1.072300	-2.699677	-7.370605	-12.029408	-2.652821	-4.852707	-8.187003	
9.961880	18.883540	5.925948	6.269470	-14.625839	-5.361212	17.166286	-8.310597	-5.330682	9.296983	-5.694935	-8.880169	-17.068503	-17.372268	-11.074883	-3.861013	-13.952300	18.459255	-12.623184	6.469124	-1.945841	1.088240	-15.114806	0.190528	9.012186	-3.591038	-13.796016	-14.681891	-16.253280	-9.831277	7.120972	-9.452785	-18.137266	-3.182190	18.588050	9.871661	-3.546618	13.045251	3.201374	-12.498127	0.493933	1.305510	-17.057840	4.888493	3.420522	-18.461257	3.535603	18.171111	-1.295284	12.414577	
7.677842	6.807077	-1.169608	-18.369872	-14.471673	0.763953	-12.187046	15.902014	-7.016409	-6.799395	-21.989959	16.145229	13.387516	-19.349053	19.595357	-17.217317	9.036204	-10.608419	0.440710	17.277080	1.723844	22.876704	24.447616	-13.282236	-15.471714	1.670435	-3.959790	-12.796017	-3.100317	22.457963	-17.165801	20.801188	9.961152	-10.993971	18.357077	-23.145552	-6.116404	-19.879121	13.214597	-5.441684	6.298426	-6.760789	-16.693095	18.471679	-18.748999	16.444890	-0.347639	16.674180	0.622395	23.139769	
18.676311	-24.201843	-14.537514	-20.472387	2.958629	12.448356	-16.913699	7.842462	-0.942751	1.144188	26.461215	-10.522424	18.184873	-7.560985	11.448462	-26.729185	-27.595068	-11.222870	19.597293	18.124326	12.627200	-15.263879	22.976486	14.297856	23.200986	-7.533635	-24.612217	15.433178	14.590978	-8.486359	-21.564652	21.401235	-24.735879	-17.540184	-22.337088	-9.837081	10.593895	8.120790	8.925562	15.502994	-5.303679	12.538885	18.726068	-11.936196	14.645726	-27.695737	13.015781	-15.296950	-27.773936	-1.931342	
27.746479	17.629810	23.877524	-4.141602	0.043051	3.209515	19.886150	2.877488	-3.011287	-12.141482	-0.119982	-8.041170	-4.986378	5.924934	-7.700144	-0.488928	28.168945	21.910146	28.858510	8.962383	2.878882	7.315451	23.358899	-18.904544	-3.842933	-27.728323	-8.812448	-20.264164	-15.932981	9.083888	-10.449269	16.081165	6.391095	-19.858681	15.957507	-8.347390	24.606836	8.334263	-25.679716	-15.449610	18.963719	-15.503891	10.590994	-27.177630	23.204987	-5.923631	-15.879020	-24.077720	12.830864	8.116636	
5.320285	19.075181	1.721862	-21.853956	14.347835	6.148406	-12.808665	21.678380	11.188170	20.523056	-21.420823	-5.834411	19.385574	0.148439	13.899322	-17.427359	-17.008193	19.402820	11.530830	-2.147254	-19.556494	-5.059552	20.507992	-4.628485	18.918168	-15.001046	9.864091	-16.206530	4.246159	8.922989	-15.226962	7.446431	3.715793	7.344426	0.793557	-15.649259	9.527201	-18.343827	20.212935	15.891972	-1.811362	-12.508778	-0.614110	-2.652286	14.193761	-2.018744	16.577961	17.485102	0.671556	15.501637	
-7.188600	-11.892436	-27.100144	-22.577995	-5.130352	2.792670	20.016806	26.164720	14.604395	-22.473881	-10.817998	-24.074358	16.761473	-2.935372	8.165586	-26.268379	19.683322	-8.309848	-25.208489	10.567952	23.394726	-3.994199	-25.281237	-11.569867	29.762638	15.084443	25.429501	12.182791	29.206901	-17.979603	9.542826	12.222268	-5.776177	6.733100	10.018540	20.678380	20.610587	10.610724	-16.066720	5.611212	17.128346	-6.816643	12.477679	17.826866	-1.614477	15.047143	-23.975353	-24.315065	1.473902	-17.663725	
8.551174	12.752678	-5.867046	-3.977033	19.564204	6.142499	-3.020673	23.362345	12.256179	-15.950610	10.138983	-21.665402	-3.035432	11.508672	9.300497	-14.466450	-16.607780	16.348545	10.676779	18.326365	-18.732182	23.034355	15.137743	-7.336982	11.875403	-17.233158	-5.924654	22.809458	7.624394	8.941053	-20.032007	23.418990	-20.712841	3.358933	-15.644277	-7.485677	1.831931	-1.009307	25.455468	3.105049	-0.817142	-13.191922	-17.262338	7.764684	-23.161327	7.445391	-7.842420	10.291295	19.029929	-17.039730	
21.337534	1.718255	3.946216	6.645711	9.456080	13.055625	11.652818	-24.268306	24.854706	-11.232152	-20.382358	18.714573	-15.410754	-15.126455	18.003188	-17.784477	24.933126	23.923247	7.058696	-26.547697	-19.582790	8.550426	-13.233902	-6.509617	-0.711289	10.260251	5.402438	-14.531984	18.499486	3.295201	-19.788876	15.797637	19.665912	25.392615	-21.033369	1.307802	-19.351521	-3.468776	21.223746	-19.493995	-20.950719	-16.433315	26.444858	15.954674	-14.603392	7.510298	3.610076	13.775574	25.561656	-0.406631	
17.061703	-8.700293	-3.213429	1.788988	19.766539	2.332228	10.521002	10.084840	4.457395	-4.218277	-12.370055	13.586840	-18.615712	6.929494	3.295464	7.196628	10.372769	-7.422712	7.052459	-2.069124	-11.838481	2.650387	3.542709	0.059669	18.603617	18.837001	-9.532168	-2.148758	-11.942592	-10.211341	15.887169	-15.690028	-4.946054	-16.781118	-0.895828	2.625979	7.203559	-0.972201	-9.331804	-19.592098	8.304258	-16.415902	-16.095966	-14.843338	-0.489824	-19.966796	-18.635153	-11.337736	-8.736671	-6.051735	
3.986561	-21.924036	3.821660	-6.660316	-1.849508	17.348071	9.801029	10.949047	-0.626522	-3.400795	-8.151781	-17.980483	-6.663870	-8.549192	-17.464155	1.925485	19.927774	-18.622484	-13.016075	-2.831193	4.556232	1.064851	3.395863	16.903027	12.275922	10.929156	15.500325	19.701371	-18.093227	-1.505435	1.069758	4.006368	-3.869123	5.981064	15.348745	-13.585096	21.182966	-8.258066	-17.146034	11.113520	-10.462151	-4.217339	-6.276655	6.295374	-5.316702	7.913694	-18.156784	-15.752218	-22.962330	13.648041	
16.706128	10.278800	10.893870	6.843954	-9.048499	14.874326	19.443800	-4.758041	6.298809	-7.365556	18.185612	-9.569847	-17.256725	-2.172808	-0.706971	-9.896769	-5.601032	-8.404265	18.639936	1.770607	10.892307	14.930110	-2.267045	-11.801602	-16.951535	-13.698401	18.443706	9.972938	-19.477029	-5.542479	-13.386950	-5.244693	1.054549	-13.242471	10.732320	-7.983301	-2.423424	9.501002	-12.790601	-12.016723	3.509498	-6.390688	-0.629403	11.857255	-3.309436	3.393361	-0.929327	7.723577	16.669404	8.358530	
-2.667629	12.598468	-9.627349	18.041953	4.914702	-21.234392	15.261031	-17.798545	16.591991	-22.637222	-6.258677	-4.786473	11.972478	-4.002784	12.007754	14.521273	-13.753758	-4.382120	15.041138	-23.528889	25.827271	-4.407824	-15.233790	-20.975809	-3.245942	25.464913	-4.184972	-23.047604	14.897705	21.546526	12.496141	-13.398325	15.852086	-24.372058	-0.436300	-17.553144	-12.436152	-3.277359	-14.105466	-10.198751	17.613190	-4.791497	-14.767147	-6.157668	14.815649	4.120793	11.948034	-13.920547	-20.983878	-16.252886	
10.366181	7.702028	2.832545	10.541813	7.390175	-14.333313	20.986426	-3.096544	-4.365687	15.642890	4.140393	-24.515237	-0.311472	-4.038851	-11.031612	9.193569	-0.125571	-21.097018	2.997006	3.685347	19.750439	0.506284	12.200410	-22.103203	-13.633299	24.379585	-18.661807	17.126945	-7.611817	21.634884	0.877248	-9.882859	16.406996	-0.593682	-20.901369	-20.197371	-15.705500	8.960200	3.620948	-14.227332	14.886068	3.763945	23.972417	10.572287	-12.394873	-14.645647	15.701535	-5.314587	7.214650	12.451210	
17.861699	8.235646	-8.211679	23.593898	8.621882	-19.421274	23.166022	23.080971	11.418442	-22.983025	20.301090	4.539904	-7.774845	-5.612668	-7.993011	23.936430	-26.568441	27.434334	-15.577830	-11.931172	-2.536449	28.952940	13.883457	11.329291	-19.420870	-17.838545	-26.374163	6.759995	2.968301	24.419725	-20.276106	10.701249	20.931302	21.661002	-8.082744	-24.119166	22.191221	6.893795	-26.135316	28.868303	15.744872	7.617204	-1.473216	15.522785	-15.349920	-8.987137	-13.798292	17.203119	14.725890	2.860919	
-7.349535	14.002307	-21.386314	15.357202	2.197464	4.272689	-14.792115	15.197604	-12.343782	9.613291	15.858954	-12.681316	6.909382	25.969501	-5.199980	-24.525349	17.738613	14.569018	-15.682037	-6.166528	8.033173	3.993706	5.147838	-8.432455	1.648541	4.783269	15.489055	20.336781	1.448694	-24.778206	6.651619	2.198370	-13.452942	17.322668	12.015320	-15.470084	10.333260	2.402391	-23.578386	21.407643	-23.761428	-1.448542	-15.558543	-25.654146	-11.603838	-10.396672	4.776434	7.767239	11.988825	3.066659	
24.353614	-26.709269	11.108402	16.817814	1.291195	-16.711763	-8.393379	25.659547	-4.945649	5.530902	-26.198342	17.167789	4.017538	7.352286	4.782859	-17.285802	-13.524335	0.617225	-17.927468	-7.453455	-28.132098	-8.547233	-15.189557	12.462697	28.769342	-26.170022	-27.674707	-4.554554	-26.374836	13.711210	24.814054	-0.565452	22.706072	0.931512	21.322564	28.817067	10.199281	22.123978	24.287164	0.479429	20.208334	20.391460	-3.236386	-27.072741	-1.614110	-1.930790	-21.232681	23.394325	-11.310528	6.133267	
7.559621	6.143356	12.347070	4.432055	23.281153	3.674968	7.833529	17.088666	-7.809830	-20.325622	-17.177918	15.751464	-6.505926	14.071473	0.313762	-23.531674	12.482042	-19.160464	14.992860	19.842477	18.301570	-3.170583	5.676228	12.664570	23.500015	4.889409	-21.875514	2.512879	-15.110333	-5.124794	-12.391805	7.547304	22.181702	-17.735640	3.088372	-18.532847	9.886127	-9.949203	-17.300065	-9.794471	-22.906363	-2.639968	13.462111	20.864204	-21.638973	6.701305	-15.472360	-10.479688	-10.101955	-19.944161	
-9.448087	18.358214	25.239074	-9.950685	18.609723	10.450623	20.351899	-27.171030	31.384116	9.052575	21.321273	23.009129	0.657134	-25.453018	-6.324580	19.776983	-18.322204	-31.836233	13.540652	-27.347200	-4.314319	20.277315	-15.183452	-26.197046	8.591079	-28.283842	-13.657954	9.982369	-15.224571	27.457763	30.237356	27.352206	-20.186518	-12.936612	-24.591371	-4.262952	22.038306	11.550712	-22.507003	-30.727149	29.288526	29.596513	-29.125382	-20.437439	-3.695072	-31.746384	25.993447	14.804282	-5.462481	-17.740486	
-9.454396	24.530853	21.804139	-22.295911	0.676397	-16.749493	20.052774	8.544354	-6.866597	-0.902491	7.916976	1.043395	25.502942	16.541093	22.627096	2.624283	-22.021626	13.900348	5.529126	13.074890	-23.990557	-14.068891	10.352592	-22.201803	9.689037	0.624281	7.411122	-6.161071	-24.538924	-17.669486	-0.683847	7.470559	-18.643286	10.172310	1.411284	1.897107	-16.740876	-20.724948	-1.707943	17.405552	9.710184	1.398639	-25.738399	11.376925	20.247490	10.873879	4.081164	-15.516821	24.311695	19.822691	
-12.886752	-7.432639	-1.865557	-16.346718	3.178388	-13.607650	15.272797	-13.070678	-7.842732	-14.851544	2.776028	-6.637243	6.980396	-15.850622	19.553392	-5.155790	-11.221745	18.408160	20.574146	-3.267574	-2.094109	-7.820987	-6.091581	-17.435682	-16.948549	2.539903	19.756509	-7.712815	7.293599	16.612804	-14.382409	9.421461	-0.717406	4.089495	-6.494881	-10.486745	7.092460	-9.474805	7.331552	7.836069	-11.012857	-16.027873	1.506917	-7.662283	15.637405	1.351670	-0.233575	0.979318	-11.192404	-20.186651	
23.772513	-19.965064	17.435358	-1.498549	-11.440864	9.540109	-10.981340	6.727495	1.819423	17.414487	-21.822651	-18.483991	9.235012	12.655774	-6.446512	22.046209	-10.590543	-7.942518	3.584724	-12.357959	-7.111844	4.180887	-25.528440	-0.267979	2.625652	-24.617251	9.026295	-14.917760	-21.077247	-5.542395	23.862338	1.791271	18.759434	4.263318	11.312855	-3.078064	19.127715	22.429614	-8.734675	-15.561385	0.521215	-1.365376	20.653601	19.770572	4.856074	4.941014	12.614890	24.857549	2.558970	18.784568	
12.591762	21.389346	-5.706416	-17.445859	-25.217583	-0.797504	24.530976	-16.362006	8.535333	10.024281	25.229496	-22.308941	5.755057	-4.008477	-24.052884	0.555939	-19.124291	-24.933026	11.599514	-14.481773	11.480020	15.235245	1.079548	-12.019598	25.665225	14.149557	25.547232	20.896939	-4.589175	5.992497	22.381392	-6.458537	0.590368	2.675804	19.275979	-17.399152	4.239583	-16.534859	-14.988663	14.330492	-10.274888	24.784489	0.708807	-9.793252	25.065785	-8.043891	15.371571	25.850807	10.863159	-13.045222	
-7.084862	19.866165	-11.270225	5.340124	-2.212291	-1.009363	11.219859	19.533984	16.880535	9.008183	-12.209078	-12.547821	-19.190380	-16.183583	-21.185295	-10.195554	-18.861608	0.110415	1.396424	15.700784	5.082410	15.621507	-10.488803	21.156240	14.386557	22.040098	-18.446366	20.709606	-19.938133	-17.970480	-13.048881	-2.504975	-0.981837	-22.726758	7.083205	14.802635	21.999997	-13.890305	4.583802	13.354978	3.852694	6.392588	24.151146	-6.512749	-14.738393	-4.290464	-17.740953	-12.900013	5.689320	-1.713085	
-25.703567	28.972382	0.901464	21.010938	-13.822567	17.604740	-32.015737	-0.065026	32.590336	-1.638722	36.890220	-33.983810	-2.252870	21.838118	26.675074	-3.395108	-2.989989	11.006037	-27.442093	34.962757	23.775895	34.202214	31.487521	-1.098778	-25.600745	23.167913	-0.341927	14.962752	11.094354	-18.879662	13.959568	-6.994887	-32.630919	29.699749	-27.940679	0.795406	-33.219102	-21.482384	6.003009	-7.026531	-4.661295	0.504889	-10.323623	-9.965772	-15.604180	16.291811	-4.046634	-21.249911	-21.442818	21.290313	
19.356370	-24.909227	19.544435	22.211180	-25.246903	13.392632	-1.953894	16.823566	-3.674480	-0.264268	-14.562515	-7.894417	2.131971	25.283076	-23.041118	-8.103357	20.874058	-4.170585	8.721332	20.952967	-22.661431	0.342857	-18.674877	-0.055386	-21.671921	-3.174621	12.301462	12.230067	19.773360	-22.891280	-25.434814	15.074448	-1.064282	16.483480	20.298089	16.323797	-3.120489	10.913560	20.936993	25.186706	-26.772899	-2.615284	0.184937	-8.658717	-0.132005	10.676659	-21.162185	-1.611557	15.681995	-11.904845	
-3.526909	-3.209896	-10.912997	18.506676	17.521219	-8.701060	-23.584877	-6.238060	5.270314	8.629346	8.295087	-21.954412	-23.488196	-20.674098	-0.190937	-3.524988	-2.587992	19.179353	1.303955	23.143251	21.984345	-12.030309	-6.685871	23.390599	6.566547	20.803082	12.697026	23.411041	-4.091951	-2.143555	-19.984278	14.547028	-15.526339	8.531115	-18.547749	1.975316	-2.513372	-3.198803	-4.437984	-0.032925	12.645533	3.190531	2.449870	-0.973040	23.466433	9.801349	-16.589847	-1.875807	18.093305	4.606900	
6.402437	10.553032	15.714305	2.244375	1.609789	-0.836316	6.333491	25.928007	-24.550644	26.428769	-6.408566	4.337318	-14.602173	-20.138161	-21.143343	1.032475	23.210874	3.714296	-18.247565	-15.019779	-28.723406	-19.065392	-22.184790	-13.571495	-13.968746	12.141564	-6.747326	-0.583983	0.700748	13.995818	12.579969	27.452172	18.382889	-11.268106	6.580873	20.412024	-17.526401	-10.630155	-16.313360	25.603388	8.726379	-0.580912	13.903575	-5.735020	-11.888208	-4.462571	14.614769	-17.211906	6.534831	-26.876349	
-8.871839	0.591879	-7.744180	-8.476831	-0.439699	7.365804	-18.724795	12.153005	0.424651	-5.094111	-14.998816	-23.766818	5.678405	-3.576284	6.921424	5.810254	-0.380107	1.618726	16.440139	11.778206	14.017533	4.180582	5.857480	4.785959	-3.829596	-6.337933	-4.986186	-6.876409	20.804752	-19.262546	-9.614411	21.645207	-8.982775	-18.126221	-5.660733	2.589587	-4.054954	-5.498505	-14.358421	23.003615	-18.223986	-5.777765	4.912184	-14.117756	-4.864562	-14.095355	22.601139	20.612502	3.434298	11.119850	
5.213687	-7.220054	11.641521	-17.423642	-19.856899	-17.997224	2.308238	-15.971006	19.031837	13.421173	17.839136	-1.309377	-18.749869	11.860789	12.546820	18.326450	2.300650	1.445213	-8.346661	2.142484	-12.716911	7.259581	-15.067109	20.810706	9.661589	-5.364995	-6.912047	5.248429	11.727031	6.764515	-0.844655	1.649925	-9.556822	10.483848	9.069315	-13.126051	2.680536	-18.538420	-20.663292	12.036672	13.036288	-4.254343	-2.360573	-16.834527	-4.336249	-6.492411	-13.351874	12.716553	0.684403	-13.641343	
7.566898	-12.471116	5.789770	-1.553405	6.115775	-20.395564	14.488615	-13.691032	11.203807	-10.429602	3.210636	-15.771568	12.722463	7.064416	13.437833	-15.557095	18.303224	-10.738733	15.983759	-12.909305	-9.874452	-16.143558	8.691144	-15.290687	8.431401	2.017224	9.079468	15.354413	-10.085979	0.034929	-17.010266	18.852905	-12.695154	-8.781435	13.655991	-20.718772	-11.150322	-11.051653	-13.325102	-7.924476	7.831754	8.409788	14.274887	-1.294787	16.616372	-9.723873	4.048664	3.712633	-18.343378	9.510112	
9.425779	-12.122822	19.087122	7.118292	7.709004	16.684725	18.619350	26.551894	23.721926	-18.197960	-26.468988	-22.265293	-7.082652	10.249893	28.481478	-5.040874	15.699505	0.506478	1.977389	2.143144	-24.874493	-27.718600	-19.662978	12.507501	9.158176	-23.244607	11.975056	24.185717	-22.075756	25.531092	14.723333	-4.400215	2.706733	-4.323707	-9.760901	8.203294	-6.235349	17.120409	11.776674	-1.562335	-15.598280	3.833479	-6.832765	-15.340760	-18.387260	28.741933	1.730895	-20.200047	-25.633751	-14.143831	
-21.909394	-17.885689	10.699669	-7.692542	-18.299567	10.085268	18.065975	4.907273	10.685546	-26.295248	17.242747	-21.598120	-1.041980	4.724375	-14.729560	-4.416971	15.608856	9.906529	-20.419821	-9.690409	-24.054805	25.103163	-9.023236	2.653893	7.365019	10.073178	-12.080389	9.843877	6.558611	-19.996240	-24.541859	-13.592462	1.557158	1.290501	19.215121	1.263819	-3.689309	-15.731605	0.008467	-12.176465	11.860850	-6.541715	-2.178099	26.953678	-13.233215	9.377345	-15.959905	18.034317	8.753395	1.428232	
17.182906	-7.454805	-10.795915	10.259652	-18.494483	10.889176	-6.895256	21.984660	-16.848686	-24.390811	16.148710	19.596942	11.130750	19.593002	8.686569	24.664441	23.674619	-1.378422	22.566039	10.706090	-11.662636	12.785622	-9.653761	-6.959188	-0.085462	23.159896	-1.098945	4.099708	2.385300	14.017731	5.087026	-8.882140	-1.328519	-14.584127	19.037390	0.654459	4.737184	-20.875938	-3.557828	25.861389	19.874722	22.332079	17.436421	18.612457	-5.080575	-4.115501	23.838199	-24.709671	-3.499028	-8.403112	
-9.895025	-24.955337	-12.519859	-13.524947	2.642446	23.009209	7.876416	17.412135	-20.345781	16.310252	-20.751286	-18.739855	-20.426113	13.315056	-3.186785	-3.479290	-5.601562	23.855934	20.287352	18.546106	2.776644	14.167802	5.668920	5.449156	21.610956	-20.003525	-13.409042	13.736664	19.112404	7.601675	14.380050	4.579528	-11.663772	18.257141	-7.491730	3.943388	11.772314	-13.271707	-8.333188	-12.756262	1.875686	13.287062	7.065388	-2.146294	-15.515259	-2.058576	12.263207	24.700219	-22.393900	4.192451	
6.129337	-5.110473	22.996030	0.910097	4.808525	8.263490	-19.997220	-23.386394	19.909394	-20.230782	-9.508200	-15.462047	21.172349	7.576222	-2.522058	0.272523	9.321455	-21.653208	9.071802	-11.400378	-22.437813	-1.329480	-20.253829	13.932311	5.335648	7.872297	2.266961	-19.402628	-3.613395	13.596268	6.215052	7.632943	17.157148	16.559280	-22.445624	-10.877664	-10.959789	-9.092530	-9.364501	-11.884167	16.978066	21.881534	23.179448	11.009884	6.252569	-9.686135	-7.014258	-22.702901	2.089091	-7.991160	
5.393093	5.305977	-17.675747	24.236075	-4.805048	-2.247934	4.466197	13.421210	-18.422494	11.062856	20.044739	-14.260485	11.987845	-15.365889	22.944225	1.986430	-14.747842	-12.997496	1.467235	-6.149988	-9.040818	23.548488	-17.424926	24.043408	7.589160	-2.084911	12.699427	6.591273	-17.766398	-1.549423	0.522372	-7.371223	-19.008611	-5.152343	6.804977	0.364396	-23.324808	11.429363	17.048995	-2.958545	-24.752550	23.051324	-14.750404	1.298334	-23.381320	23.912852	3.690977	-17.453751	15.577476	-19.466692	
-10.415360	-11.453979	4.249656	17.817207	-1.622803	18.712666	-16.249114	18.283183	-21.975228	-17.256394	20.887914	7.088796	-21.024571	5.652900	5.396583	-22.508345	-5.652769	12.334633	3.597128	-5.721981	-9.503294	-6.382275	22.681137	-0.554567	18.161775	-8.869925	13.853183	13.240059	-0.853671	-21.543588	10.832166	-1.150494	1.315054	-19.267799	-20.194846	-20.957400	-22.218961	-4.233899	-20.820103	-21.026398	20.939337	-9.789514	-7.761973	-2.050396	-3.604331	-9.391295	-8.160417	19.768494	6.767620	7.468835	
6.335969	9.616788	-5.404420	6.894984	4.518882	-2.268780	9.649863	-3.380495	-12.598803	-12.359814	-20.069786	-2.842134	-11.330865	-24.933703	18.675934	-20.732124	5.077193	7.122527	19.939589	5.097831	10.922809	5.816496	0.408916	-10.383881	-15.416309	13.705994	13.336371	-24.249773	-8.225801	6.425234	-5.477373	9.546700	-6.649270	22.476848	-24.658719	20.505855	-14.025334	3.263587	-11.223058	-16.390575	11.508863	-22.330408	15.988631	-23.494131	-8.006776	8.612646	5.008028	13.998645	7.395066	3.841561	
-2.174505	-22.761462	-16.106747	-11.423182	2.998338	-24.875573	5.052127	23.166632	-18.089065	21.804194	16.725590	-19.686269	8.030086	8.473275	-6.983346	23.248188	1.244405	-6.112161	-17.630558	10.445472	16.763372	4.845357	-4.669318	6.655458	5.067487	22.327043	0.853357	-19.168229	-21.500992	-9.562546	-5.537840	-17.094894	-21.194120	22.268322	-24.596030	-12.856685	-16.706696	19.977200	21.076421	24.368992	6.379777	-6.567017	23.271377	-19.421775	-7.959960	-3.276706	-0.758420	5.761195	24.268379	-3.305589	
8.929748	-23.152662	11.743748	-1.263739	28.420300	26.819933	14.592461	-26.737459	14.119556	-13.244918	28.282449	-24.035771	17.037028	-4.057291	25.051227	-19.348722	-20.723677	11.292697	1.909999	2.021447	-21.518959	-22.489967	-10.320678	-22.978602	-1.085548	-18.760336	-8.296668	-2.140145	-3.325000	18.532348	-0.822932	18.270248	-2.404127	3.178386	-12.005879	-21.847522	-14.532216	21.815011	23.958958	-12.214905	27.703997	-12.232790	22.516673	-17.586503	9.849717	-6.971183	20.966650	18.399970	-3.746571	14.589871	
-6.501915	9.795374	19.851751	15.448697	6.934779	22.401239	-0.327805	22.388851	8.090276	-22.038661	7.749794	19.878709	-14.186430	-21.313924	-10.377724	-2.018068	23.805623	-3.899708	9.017651	-21.661892	-2.918644	1.806660	12.007394	26.139368	-7.784188	-18.980139	-4.897228	1.857792	-19.384539	-20.047999	-25.153255	-13.950812	24.562184	-24.508029	24.283167	14.763137	26.537798	-21.259100	-11.261159	11.359137	10.634622	-5.999523	13.826404	-23.311954	-25.200737	21.173481	0.695978	-4.990830	-2.183869	-18.096255	
-13.767618	-16.529149	-19.028205	-10.482562	-9.611593	21.187962	19.737384	20.637779	-0.731894	4.629823	-4.191660	-9.005451	12.024821	12.741550	-18.642563	4.623468	-9.233762	7.606276	-15.510006	19.309261	-8.224242	11.061804	11.424226	5.211273	22.087271	-18.819296	-19.878477	-9.891546	-8.485130	13.708571	22.696201	6.121417	-7.157052	-18.480965	-7.292989	-9.224328	-20.089963	-0.195222	2.817432	-3.792146	0.833428	6.509503	4.827279	6.127528	-4.871742	18.861613	8.187254	-21.355214	-10.737663	-5.021551	
-19.569526	12.920944	2.506276	-12.894746	9.041621	-3.087204	-15.624653	18.531400	12.181490	12.777812	3.618032	-11.170039	-19.930957	13.397678	-5.372497	2.946653	-19.367427	-4.113936	14.865980	-11.116799	-14.590507	-2.193022	4.766944	2.459934	-13.818798	-9.370164	9.213635	2.111248	-8.961774	-11.069105	-1.434000	4.620708	9.245972	8.893291	9.218573	-10.235885	-7.246196	16.995454	-3.704338	-13.086571	-10.300294	-8.272788	-4.830569	-8.281684	5.920060	1.967426	4.911489	-2.131525	8.516294	15.145227	
-21.891821	23.347228	-6.318209	-24.118657	9.373754	-23.832870	8.777596	10.477781	23.879686	0.099816	9.543957	-4.928454	13.320366	21.599160	21.567316	-7.053079	18.305583	20.178294	-13.399758	15.893487	-6.941516	15.297248	18.708398	-17.837557	-8.656936	-21.485610	-26.179885	3.096348	-4.522160	-26.722600	-5.606323	-16.048648	17.335768	-16.742217	20.792849	-1.956630	18.231877	23.313724	0.012961	1.267810	-23.333439	23.733696	-25.453123	21.873254	-2.938345	-17.000946	-15.510025	-17.194701	-21.550976	-18.234300	
-0.949045	13.521162	5.814134	15.893138	19.819524	8.926426	19.190474	1.111167	21.609694	-24.080883	13.881833	-3.012139	13.984028	-22.148802	-14.020141	-21.549637	21.765348	10.704706	6.140662	-19.773356	1.397895	-9.506455	12.881832	14.076538	-18.534340	0.870108	2.130948	23.792390	6.955459	-2.456503	-3.593841	4.557536	-7.425506	18.762014	-11.718515	19.736235	22.419320	20.403251	0.638885	-9.652210	-21.219717	-19.255836	-0.529289	-22.766364	20.169839	-18.326988	15.930446	15.383294	-20.052737	-5.766099	
6.814762	-19.854724	16.806037	-13.107420	2.576785	18.421375	10.645139	16.412134	-17.112047	11.124614	-8.547718	-4.083236	-1.788546	19.396709	1.701142	1.320824	-18.095866	-5.996561	-19.696029	-6.067155	1.741066	-10.130058	7.816991	0.986575	1.036680	3.364122	4.897681	-19.466466	11.430076	7.188437	-11.850689	-12.522516	6.096071	-9.290507	-7.043618	-6.809358	-10.233484	11.442604	6.837373	13.310440	-18.579058	-4.925872	3.871014	-5.447208	18.396460	-8.551626	7.851042	-20.173757	13.432409	-1.950715	
20.295796	6.342017	9.742783	17.595900	-0.247755	-18.119385	-1.326689	-22.968657	15.102083	6.479281	10.432152	-16.246818	-0.217296	22.271943	22.983812	15.043966	-12.016060	-10.803723	-4.764880	17.409125	15.521727	9.165348	23.776953	-14.893123	11.797278	-15.455151	-15.656019	5.912374	2.588441	20.672447	2.857565	-16.569532	-19.606411	-3.472434	1.343291	-5.440151	-8.434417	-7.741318	14.620614	17.307196	-12.317114	5.305026	22.082288	-10.045242	12.335140	1.006816	-7.904221	9.967358	15.490526	-15.803097	
-0.328591	12.283121	-4.146244	14.185390	-18.959441	-19.794010	0.521025	-2.067666	1.636680	19.917672	5.197048	-2.799819	-0.571565	-15.595127	-8.592523	-5.936746	16.636037	2.128607	5.205955	0.494376	10.723809	-19.472095	-7.900057	-0.194447	16.541211	2.428393	-18.272955	-18.275938	-1.773757	15.870650	-17.110726	3.622085	-19.502211	-13.076237	7.669424	8.513943	-2.744438	17.524840	14.281689	12.818239	-2.811963	-18.954603	-13.385493	0.444831	4.667961	-8.904878	9.999763	15.027914	-2.331481	-12.001566	
0.017754	0.009399	0.039869	0.037337	0.035716	0.001327	0.032987	0.037387	0.029044	0.009478	0.016975	0.040378	0.013576	0.024571	0.022109	0.019024	0.009316	0.037981	0.025202	0.009081	0.001621	0.022605	0.003721	0.033753	0.028203	0.038611	0.003710	0.000551	0.008917	0.015831	0.030430	0.010523	0.010538	0.009858	0.004395	0.007521	0.036842	0.002465	0.006848	0.001527	0.028917	0.041121	0.004581	0.029895	0.013921	0.007296	0.038861	0.040266	0.031554	0.016609	
0.038001	0.010577	0.033976	0.019019	0.035970	0.023772	0.036673	0.015295	0.038305	0.032632	0.036913	0.037143	0.026528	0.014322	0.012695	0.006489	0.005662	0.000043	0.003945	0.020148	0.037947	0.017144	0.015788	0.021730	0.017596	0.023668	0.018820	0.006637	0.008543	0.028388	0.001159	0.024512	0.014450	0.024343	0.014947	0.019547	0.026112	0.030014	0.010412	0.030058	0.015901	0.002832	0.007333	0.018203	0.029214	0.020751	0.008346	0.013250	0.019397	0.024849	
0.015854	0.003392	0.032542	0.019851	0.034374	0.025466	0.001450	0.004180	0.017357	0.017748	0.020931	0.038807	0.033359	0.032521	0.030105	0.003146	0.002921	0.039241	0.034626	0.020711	0.000868	0.035805	0.009221	0.009703	0.035902	0.035847	0.001422	0.025300	0.022583	0.019631	0.032330	0.019231	0.017259	0.038879	0.003978	0.038805	0.006173	0.026058	0.005896	0.016086	0.023948	0.014327	0.008363	0.037993	0.032125	0.010928	0.000744	0.008051	0.002691	0.031267	
0.036351	0.001126	0.027736	0.029821	0.015018	0.017664	0.020390	0.018044	0.005883	0.032128	0.034115	0.036030	0.031847	0.036137	0.021263	0.026796	0.020537	0.003443	0.009640	0.013021	0.025603	0.030758	0.035180	0.023705	0.019789	0.033704	0.037384	0.033634	0.014301	0.019964	0.007416	0.015045	0.027245	0.030025	0.011116	0.000996	0.012772	0.010966	0.002977	0.005904	0.014971	0.014779	0.030624	0.013568	0.012900	0.009378	0.013770	0.025310	0.016460	0.012765	
0.032154	0.015765	0.000082	0.007907	0.003957	0.034537	0.023830	0.024213	0.031544	0.012616	0.009852	0.004974	0.028053	0.015078	0.029423	0.032445	0.034969	0.004833	0.031106	0.033201	0.035925	0.023660	0.023369	0.004862	0.015047	0.018974	0.006272	0.027532	0.001305	0.007884	0.026134	0.006319	0.027334	0.034982	0.021680	0.024340	0.006850	0.029509	0.028508	0.011225	0.029891	0.025175	0.016538	0.007805	0.024131	0.014894	0.027538	0.000027	0.030253	0.031500	
0.006877	0.002226	0.036930	0.005074	0.031004	0.006191	0.008583	0.019994	0.025789	0.015543	0.032292	0.031258	0.020987	0.007224	0.006143	0.011907	0.030973	0.032525	0.014147	0.001931	0.033748	0.001124	0.034594	0.011554	0.016766	0.022656	0.038964	0.031707	0.003702	0.024310	0.000233	0.007630	0.015547	0.029221	0.015769	0.018438	0.025829	0.010618	0.005553	0.031982	0.026707	0.031140	0.031878	0.018460	0.034695	0.028696	0.009528	0.037827	0.027692	0.025832	
0.009369	0.020038	0.012053	0.017098	0.000466	0.008207	0.041469	0.018655	0.030704	0.038695	0.005189	0.001934	0.016468	0.019116	0.035554	0.035427	0.037474	0.013063	0.030934	0.015728	0.020275	0.024118	0.039096	0.010764	0.023277	0.012769	0.014704	0.036925	0.026412	0.015538	0.040515	0.030776	0.030752	0.024925	0.017751	0.014097	0.009812	0.000169	0.006332	0.028385	0.013097	0.037450	0.015516	0.006614	0.002412	0.029439	0.032478	0.014553	0.000009	0.013401	
0.028838	0.016608	0.012465	0.030896	0.010471	0.012265	0.004145	0.021627	0.029179	0.030630	0.032736	0.032085	0.014335	0.000293	0.022708	0.029514	0.019971	0.024007	0.018519	0.020801	0.038846	0.018803	0.002310	0.000873	0.004360	0.032147	0.028613	0.029255	0.004191	0.026636	0.013522	0.000799	0.002201	0.026340	0.028479	0.025951	0.031465	0.030117	0.026184	0.000918	0.038994	0.031629	0.026042	0.033815	0.002792	0.034438	0.007401	0.036360	0.003403	0.001023	
0.027872	0.027378	0.007495	0.006402	0.030156	0.042098	0.000723	0.036830	0.029442	0.032271	0.033472	0.010563	0.008142	0.023056	0.022167	0.013445	0.041030	0.039770	0.021004	0.020920	0.003302	0.015821	0.003754	0.041388	0.037376	0.020879	0.032320	0.012901	0.031261	0.004457	0.009345	0.008635	0.030761	0.000449	0.012299	0.037341	0.008239	0.034191	0.038542	0.000130	0.011899	0.018290	0.028224	0.024438	0.009439	0.003673	0.030707	0.006346	0.003154	0.006204	
0.001360	0.020517	0.014287	0.035105	0.026368	0.009038	0.023312	0.029060	0.035722	0.038260	0.029659	0.000952	0.009365	0.003211	0.027177	0.031023	0.036804	0.020343	0.016371	0.031236	0.006827	0.027418	0.009344	0.007735	0.005462	0.018564	0.027279	0.024718	0.034252	0.012728	0.036045	0.019954	0.035370	0.020555	0.022784	0.011204	0.022052	0.023765	0.006060	0.017992	0.005554	0.030095	0.000237	0.010677	0.009246	0.029985	0.037757	0.008916	0.033775	0.004478	
0.005566	0.018080	0.022374	0.037404	0.037788	0.018816	0.037791	0.029320	0.000518	0.030371	0.034470	0.006066	0.008667	0.024495	0.017808	0.035908	0.023085	0.033038	0.009778	0.010867	0.033344	0.019371	0.016565	0.035371	0.028306	0.033912	0.003364	0.006498	0.008572	0.015841	0.006784	0.009022	0.035771	0.000698	0.027974	0.003778	0.018095	0.018761	0.026025	0.001336	0.033526	0.001524	0.030930	0.038265	0.033821	0.009035	0.014019	0.016369	0.005379	0.025534	
0.032236	0.004846	0.013834	0.003894	0.026854	0.034783	0.036294	0.037601	0.031820	0.031401	0.020229	0.007300	0.019902	0.038218	0.019768	0.004839	0.031221	0.027972	0.012697	0.034876	0.010134	0.038737	0.031899	0.001531	0.031096	0.026227	0.027190	0.005981	0.009302	0.012852	0.013781	0.014267	0.006205	0.017393	0.031617	0.007540	0.004789	0.012105	0.036169	0.013299	0.035070	0.014522	0.031659	0.017358	0.018451	0.023541	0.002229	0.009485	0.009169	0.015819	
0.006851	0.023266	0.038427	0.023816	0.022082	0.013343	0.015819	0.032092	0.028161	0.013689	0.006836	0.008808	0.016058	0.027269	0.004680	0.006523	0.041810	0.021025	0.003658	0.021485	0.034298	0.002825	0.042792	0.017986	0.042439	0.039245	0.021467	0.015176	0.020164	0.012710	0.001959	0.025754	0.006857	0.033432	0.032685	0.016047	0.021167	0.023150	0.019360	0.027085	0.028195	0.001180	0.012064	0.001530	0.046037	0.001014	0.012934	0.026968	0.021050	0.016733	
0.006874	0.035880	0.008271	0.025738	0.010985	0.034776	0.034417	0.013312	0.011381	0.023585	0.011005	0.009066	0.016672	0.027008	0.018149	0.009432	0.036517	0.037737	0.025726	0.015329	0.017771	0.031732	0.016329	0.000611	0.025525	0.014706	0.026429	0.002491	0.016455	0.034484	0.030107	0.027808	0.034984	0.015561	0.003580	0.007857	0.008320	0.023638	0.022045	0.024367	0.002109	0.035483	0.004140	0.030796	0.008671	0.033067	0.027432	0.019782	0.037521	0.004340	
0.035296	0.008829	0.034317	0.023560	0.009996	0.034962	0.035684	0.017967	0.006835	0.029479	0.000862	0.025674	0.028055	0.008283	0.028940	0.015709	0.014060	0.031564	0.007187	0.025370	0.010686	0.028379	0.009494	0.008890	0.036106	0.031298	0.012311	0.019450	0.014465	0.027188	0.016745	0.028210	0.000714	0.008364	0.030129	0.024429	0.023720	0.032867	0.020617	0.028633	0.001864	0.010337	0.022993	0.033269	0.010403	0.035453	0.008140	0.005023	0.016950	0.020245	
0.021920	0.037275	0.027128	0.029806	0.002413	0.013612	0.027072	0.010272	0.031276	0.002228	0.010996	0.030368	0.015880	0.031587	0.028320	0.038761	0.039489	0.007306	0.004467	0.036569	0.023965	0.028787	0.010075	0.018021	0.013552	0.003751	0.024939	0.033111	0.013695	0.008510	0.035279	0.023965	0.004265	0.037262	0.017892	0.014063	0.033473	0.015847	0.034806	0.031142	0.001397	0.017966	0.009029	0.008570	0.038761	0.000225	0.010998	0.007173	0.010111	0.022623	
0.016182	0.031646	0.022446	0.010305	0.002876	0.006507	0.029348	0.018972	0.029467	0.006553	0.003485	0.023719	0.023046	0.027161	0.028625	0.034298	0.031689	0.011398	0.011029	0.009912	0.026713	0.013482	0.029164	0.022980	0.018053	0.025841	0.013304	0.023109	0.006175	0.039449	0.003071	0.033704	0.020595	0.012001	0.022325	0.003168	0.036010	0.022396	0.004901	0.029643	0.022389	0.014511	0.003857	0.015401	0.034966	0.028668	0.028620	0.022418	0.036091	0.008334	
0.028895	0.028734	0.024351	0.029297	0.001813	0.032326	0.008835	0.035498	0.024348	0.030875	0.009144	0.011736	0.035088	0.022053	0.010156	0.007653	0.031604	0.026401	0.010809	0.000219	0.031891	0.014531	0.022806	0.029122	0.030906	0.028594	0.022188	0.001478	0.015758	0.012325	0.010204	0.017968	0.036805	0.018062	0.004247	0.031545	0.011497	0.004773	0.025995	0.005107	0.010372	0.033834	0.021369	0.021279	0.037097	0.009011	0.018892	0.007546	0.027335	0.027627	
0.002751	0.020393	0.005578	0.018835	0.023807	0.016335	0.002560	0.003377	0.011912	0.041582	0.025008	0.022512	0.000058	0.040708	0.017528	0.012168	0.034314	0.003992	0.023713	0.035908	0.026257	0.025367	0.005836	0.009494	0.014197	0.029705	0.031683	0.037927	0.003034	0.037812	0.033464	0.034576	0.025399	0.020785	0.029045	0.013549	0.031965	0.006449	0.036592	0.002159	0.014968	0.029946	0.033203	0.017821	0.042720	0.011709	0.009578	0.019168	0.002240	0.000315	
0.034026	0.018492	0.016549	0.007213	0.017617	0.030870	0.026938	0.010084	0.013769	0.036825	0.011842	0.028289	0.029965	0.005928	0.006443	0.033635	0.028680	0.022222	0.032860	0.023457	0.004731	0.003730	0.025034	0.032096	0.032940	0.023357	0.017349	0.025870	0.009842	0.035718	0.000075	0.017205	0.003300	0.033865	0.007764	0.030699	0.030703	0.034101	0.010608	0.026562	0.009337	0.021868	0.012195	0.001128	0.013934	0.017224	0.016009	0.023143	0.027156	0.016752	
0.009602	0.003161	0.033761	0.031852	0.021614	0.008047	0.010110	0.028958	0.029940	0.016049	0.021300	0.025394	0.028209	0.011428	0.004090	0.037975	0.027860	0.014547	0.017622	0.025429	0.027509	0.027425	0.034826	0.037040	0.031200	0.000001	0.023859	0.018030	0.036500	0.001766	0.032815	0.003988	0.002333	0.009323	0.033985	0.009484	0.004788	0.007812	0.028797	0.019678	0.030610	0.013005	0.038654	0.002052	0.010122	0.026131	0.039104	0.012591	0.026595	0.003031	
0.026386	0.012387	0.023622	0.016591	0.026865	0.029346	0.008285	0.004287	0.036758	0.019126	0.028926	0.023939	0.018999	0.024255	0.035869	0.014664	0.033246	0.010440	0.010584	0.019842	0.016682	0.030054	0.029936	0.025547	0.011278	0.032054	0.004250	0.009175	0.014481	0.035997	0.028983	0.024350	0.001357	0.034353	0.015439	0.008057	0.012521	0.021632	0.001756	0.018845	0.027838	0.005679	0.002674	0.016366	0.013195	0.026165	0.029539	0.032703	0.031909	0.012770	
0.039363	0.028614	0.037869	0.029102	0.025376	0.036028	0.001308	0.022934	0.005731	0.026386	0.007941	0.013233	0.006768	0.035100	0.017620	0.028704	0.008960	0.005797	0.012192	0.035481	0.034507	0.037979	0.039721	0.000154	0.015545	0.005666	0.038142	0.003576	0.002801	0.034463	0.029600	0.016612	0.035876	0.007226	0.020104	0.002418	0.032248	0.024927	0.038578	0.010329	0.016435	0.000584	0.002342	0.032800	0.025214	0.000881	0.020908	0.028561	0.010342	0.006954	
0.031245	0.010634	0.016213	0.016471	0.005084	0.010990	0.012402	0.008595	0.026345	0.004814	0.035969	0.010724	0.032299	0.023920	0.021740	0.033792	0.016461	0.007112	0.003412	0.031518	0.016755	0.034586	0.013314	0.001758	0.017071	0.036055	0.010596	0.009949	0.032565	0.030921	0.032719	0.005271	0.028361	0.030439	0.018704	0.021304	0.025329	0.030205	0.002045	0.015482	0.037637	0.016543	0.022070	0.030898	0.037342	0.037351	0.000357	0.003186	0.015567	0.025877	
0.038276	0.018886	0.024973	0.040820	0.005459	0.016365	0.019958	0.001933	0.011938	0.010735	0.020634	0.038152	0.030150	0.005171	0.015586	0.020183	0.025604	0.030772	0.007952	0.027714	0.010945	0.011270	0.039077	0.000580	0.025989	0.034801	0.037733	0.037096	0.010215	0.035667	0.015979	0.009116	0.033963	0.000961	0.000616	0.022236	0.027349	0.017065	0.015696	0.009287	0.003900	0.031405	0.027200	0.029991	0.000156	0.017159	0.026565	0.008454	0.029960	0.018308	
0.007683	0.040246	0.034152	0.014117	0.036012	0.041041	0.024702	0.022065	0.032026	0.004236	0.025555	0.030105	0.008344	0.005725	0.000079	0.013154	0.030800	0.002281	0.004876	0.038277	0.005302	0.020265	0.006315	0.038175	0.000827	0.017395	0.041744	0.016490	0.010832	0.003115	0.003463	0.040618	0.010548	0.043124	0.016534	0.028238	0.030077	0.009574	0.001136	0.042459	0.009463	0.023978	0.017426	0.011055	0.029014	0.012944	0.041234	0.018940	0.024081	0.010161	
0.043780	0.040612	0.002775	0.025368	0.036317	0.008325	0.001584	0.029844	0.023388	0.007594	0.004604	0.018501	0.017323	0.026328	0.041910	0.036781	0.018160	0.015847	0.020228	0.000949	0.031434	0.030665	0.007766	0.008851	0.013251	0.013282	0.039575	0.019384	0.036312	0.005336	0.031399	0.030320	0.004718	0.016075	0.020520	0.026345	0.009396	0.040955	0.038772	0.015730	0.010895	0.009186	0.041520	0.012684	0.006638	0.011149	0.002531	0.025206	0.007241	0.012644	
0.016682	0.012423	0.004383	0.021301	0.010018	0.034199	0.026483	0.031243	0.022128	0.016636	0.015612	0.023854	0.028275	0.031093	0.031748	0.038921	0.047865	0.012444	0.046944	0.008606	0.000795	0.010663	0.005914	0.021571	0.009799	0.013815	0.028301	0.004802	0.032102	0.042348	0.009603	0.018484	0.007415	0.039459	0.043027	0.008550	0.020733	0.009488	0.004679	0.017824	0.001997	0.004224	0.048251	0.008764	0.000074	0.038806	0.009855	0.002571	0.017384	0.037845	
0.045463	0.025453	0.005709	0.005447	0.046162	0.007645	0.013622	0.026823	0.017618	0.009966	0.033327	0.033568	0.012264	0.005442	0.037518	0.038464	0.004451	0.003721	0.011867	0.041592	0.034486	0.012441	0.016478	0.036077	0.000011	0.012210	0.006958	0.021447	0.005831	0.015433	0.024934	0.039045	0.035860	0.016199	0.033824	0.001556	0.009956	0.004863	0.006437	0.037035	0.020852	0.012643	0.001261	0.007259	0.041310	0.004730	0.022691	0.036608	0.038569	0.016872	
0.016250	0.025236	0.005943	0.028205	0.027814	0.003697	0.027450	0.018039	0.000141	0.025584	0.022597	0.015147	0.011898	0.033382	0.003887	0.010889	0.006640	0.006547	0.012637	0.028661	0.018428	0.021451	0.020242	0.011567	0.029098	0.018335	0.024363	0.033755	0.035704	0.014077	0.032490	0.019159	0.013901	0.000911	0.027932	0.025584	0.032353	0.018591	0.017709	0.034254	0.036379	0.028410	0.009404	0.030245	0.023430	0.029641	0.019412	0.015329	0.025920	0.001282	
0.000270	0.033626	0.014240	0.018085	0.029303	0.012611	0.034282	0.027714	0.009165	0.017049	0.038153	0.029974	0.011012	0.026436	0.009897	0.031724	0.026544	0.012379	0.001036	0.033081	0.007210	0.029914	0.035006	0.002807	0.012819	0.029939	0.026805	0.020329	0.012471	0.033173	0.011628	0.012529	0.023401	0.008234	0.019982	0.023495	0.023457	0.036255	0.000465	0.008728	0.020973	0.025605	0.026554	0.033616	0.019381	0.015090	0.005240	0.035310	0.012933	0.010070	
0.018890	0.000462	0.018924	0.024402	0.019740	0.015426	0.007764	0.012851	0.024338	0.028750	0.018902	0.026881	0.017208	0.031777	0.014167	0.015290	0.011385	0.033980	0.022293	0.021269	0.007821	0.011487	0.021667	0.035269	0.016817	0.032333	0.028050	0.000016	0.015509	0.028484	0.030904	0.002578	0.009742	0.004308	0.014299	0.011079	0.021791	0.022774	0.013322	0.036099	0.028789	0.026833	0.029149	0.018951	0.030021	0.010874	0.033337	0.031195	0.013713	0.028091	
0.001717	0.011144	0.009147	0.010346	0.006752	0.041929	0.013106	0.034401	0.031480	0.003895	0.034459	0.022930	0.011287	0.002961	0.022073	0.019535	0.036911	0.018622	0.038089	0.024622	0.002505	0.015083	0.034329	0.014798	0.012866	0.021771	0.028080	0.003920	0.027221	0.030602	0.017543	0.020776	0.024490	0.007896	0.028827	0.035802	0.011345	0.017656	0.001452	0.020547	0.035739	0.033945	0.016671	0.009714	0.037724	0.014781	0.003695	0.021285	0.016127	0.037405	
0.013827	0.015218	0.023049	0.016097	0.023019	0.030473	0.038162	0.033166	0.026190	0.032216	0.023551	0.008844	0.027157	0.010447	0.007658	0.008770	0.019880	0.001188	0.000703	0.005959	0.001620	0.029115	0.010851	0.040256	0.038992	0.037306	0.004110	0.001984	0.017288	0.013164	0.019240	0.032970	0.013613	0.011497	0.033705	0.014272	0.030465	0.035373	0.027138	0.027689	0.036587	0.005284	0.039605	0.018931	0.003877	0.025446	0.002726	0.016132	0.028988	0.016202	
0.026463	0.022141	0.011624	0.027427	0.012158	0.023665	0.030426	0.015267	0.012188	0.007036	0.014545	0.020165	0.030732	0.022279	0.001128	0.020061	0.003313	0.020103	0.033982	0.025672	0.028316	0.034109	0.026355	0.019949	0.018089	0.014744	0.011048	0.024728	0.015775	0.000313	0.037159	0.028706	0.017938	0.035161	0.011418	0.008332	0.031699	0.037393	0.022079	0.015629	0.027667	0.014456	0.025523	0.000266	0.013441	0.034793	0.020373	0.014143	0.010230	0.019793	
0.019335	0.028927	0.030360	0.023986	0.028078	0.018807	0.012743	0.001205	0.010984	0.016246	0.016126	0.018116	0.025224	0.033444	0.006166	0.007700	0.009789	0.030150	0.017688	0.029597	0.026331	0.023774	0.022196	0.032145	0.020001	0.032407	0.024582	0.016120	0.031950	0.024986	0.003618	0.010262	0.010666	0.008409	0.033378	0.007795	0.011681	0.026581	0.032780	0.015487	0.027967	0.022862	0.014928	0.034808	0.002390	0.025080	0.017471	0.032164	0.008743	0.013767	
0.005500	0.004380	0.032224	0.015834	0.018145	0.029984	0.014264	0.034008	0.003720	0.007317	0.016293	0.038343	0.004197	0.030028	0.003019	0.015770	0.022978	0.038475	0.000142	0.022782	0.034318	0.029511	0.035690	0.023763	0.015895	0.028255	0.000234	0.018817	0.006713	0.035031	0.013640	0.036148	0.030388	0.015736	0.010892	0.022160	0.024682	0.001183	0.030821	0.036301	0.020073	0.019045	0.034212	0.001519	0.025350	0.024301	0.027771	0.031728	0.000476	0.007947	
0.032784	0.018825	0.017077	0.023988	0.010173	0.017741	0.027220	0.009008	0.006645	0.038711	0.035102	0.037097	0.021251	0.035614	0.034556	0.036674	0.019951	0.023331	0.037085	0.024781	0.010088	0.039945	0.035877	0.005636	0.037599	0.014826	0.018418	0.011873	0.027522	0.025369	0.015444	0.003594	0.007534	0.020535	0.015845	0.001889	0.024660	0.016519	0.012618	0.012568	0.015440	0.006584	0.008676	0.034218	0.011459	0.004824	0.008501	0.015705	0.013617	0.015005	
0.001285	0.003195	0.039488	0.003113	0.030648	0.022690	0.000353	0.025651	0.043000	0.013055	0.018825	0.041364	0.033174	0.012925	0.038956	0.040823	0.029255	0.019296	0.010695	0.030657	0.029456	0.000201	0.007012	0.034530	0.008351	0.020477	0.036308	0.001193	0.029504	0.000743	0.012015	0.003560	0.029492	0.012977	0.012747	0.020133	0.015885	0.021164	0.036092	0.040336	0.001284	0.018478	0.004601	0.010751	0.026775	0.024697	0.028781	0.039466	0.003212	0.011330	
0.025207	0.006069	0.022287	0.008863	0.022456	0.002693	0.006970	0.014568	0.029642	0.007996	0.023318	0.021701	0.034562	0.014670	0.029081	0.018643	0.032993	0.016399	0.008442	0.014948	0.023114	0.034790	0.011188	0.018638	0.016470	0.006012	0.014239	0.030437	0.029998	0.018023	0.010814	0.010189	0.031828	0.026118	0.032453	0.010846	0.032163	0.028325	0.032468	0.025991	0.032115	0.015052	0.002800	0.002378	0.027976	0.002375	0.033233	0.035023	0.019107	0.024329	
0.004273	0.001969	0.033618	0.029964	0.020945	0.030638	0.028384	0.009341	0.034079	0.027282	0.006659	0.033072	0.017725	0.000770	0.015544	0.007294	0.035278	0.002889	0.031749	0.005244	0.037511	0.018494	0.021715	0.013954	0.009035	0.038242	0.001567	0.036441	0.012937	0.037052	0.024593	0.032793	0.002790	0.025919	0.029445	0.021629	0.018065	0.033869	0.028082	0.014447	0.029395	0.031965	0.004594	0.006499	0.011188	0.025358	0.015798	0.013715	0.019883	0.006310	
0.018606	0.015826	0.020889	0.010287	0.026956	0.009224	0.022350	0.037763	0.008768	0.034089	0.016047	0.030355	0.033014	0.006171	0.011153	0.012400	0.019890	0.033458	0.037040	0.033676	0.030605	0.007125	0.011245	0.004311	0.034139	0.036094	0.033103	0.009713	0.031731	0.037550	0.002087	0.014979	0.025472	0.033012	0.000021	0.035138	0.007688	0.004164	0.024382	0.020389	0.003925	0.001652	0.034861	0.011184	0.018028	0.027513	0.003591	0.029857	0.016302	0.012175	
0.015354	0.018926	0.015181	0.025258	0.015060	0.027364	0.030655	0.039013	0.027071	0.028729	0.001978	0.033652	0.007426	0.029972	0.034401	0.015594	0.006595	0.011578	0.004371	0.001716	0.015226	0.017196	0.019095	0.026510	0.035830	0.002379	0.023952	0.023355	0.016466	0.033671	0.027563	0.027433	0.023036	0.002872	0.018666	0.003480	0.013829	0.033619	0.023883	0.018762	0.039860	0.026785	0.023701	0.039644	0.001942	0.002625	0.019420	0.009554	0.019923	0.019829	
0.003999	0.002756	0.002188	0.010503	0.019158	0.028080	0.010562	0.017077	0.000180	0.000759	0.019992	0.028998	0.037129	0.037223	0.001880	0.007546	0.008861	0.026592	0.023132	0.012660	0.021790	0.013796	0.033368	0.016071	0.015699	0.019606	0.020613	0.018425	0.024918	0.018097	0.035161	0.020245	0.001560	0.029656	0.036230	0.019297	0.029715	0.020763	0.030666	0.029504	0.021111	0.034155	0.031208	0.021025	0.017440	0.033625	0.027415	0.036268	0.014997	0.008297	
0.033134	0.016425	0.026754	0.017517	0.003467	0.002741	0.017454	0.035223	0.032997	0.011336	0.008799	0.031457	0.019384	0.025250	0.020562	0.009984	0.009734	0.011345	0.012906	0.011782	0.001755	0.034166	0.012877	0.037256	0.004368	0.018033	0.020447	0.034785	0.008820	0.035839	0.017289	0.006690	0.030980	0.026791	0.036638	0.029094	0.014714	0.030354	0.019896	0.038309	0.039578	0.034670	0.008201	0.006304	0.021687	0.010193	0.013849	0.010291	0.012315	0.025564	
0.010771	0.026844	0.009522	0.034312	0.013959	0.023468	0.018870	0.027983	0.018836	0.018903	0.018888	0.028157	0.010476	0.020504	0.004234	0.007716	0.016822	0.003231	0.016143	0.044384	0.015761	0.020308	0.023488	0.044576	0.036650	0.008512	0.003190	0.002188	0.024908	0.006754	0.010056	0.007637	0.028213	0.028321	0.019553	0.000558	0.015999	0.008049	0.043136	0.036911	0.002823	0.024148	0.037948	0.024596	0.021617	0.039176	0.013568	0.042992	0.026602	0.007740	
0.014263	0.017355	0.005988	0.001334	0.005523	0.021174	0.014563	0.028608	0.038832	0.029557	0.001345	0.017181	0.019947	0.016824	0.024462	0.028018	0.013616	0.039256	0.032916	0.037596	0.000202	0.025325	0.014418	0.023061	0.006501	0.010984	0.014423	0.038696	0.038500	0.040035	0.025718	0.021993	0.020974	0.008840	0.003898	0.006610	0.025962	0.040380	0.002059	0.014105	0.033679	0.009163	0.031676	0.039092	0.027362	0.018728	0.018502	0.018044	0.007963	0.004750	
0.001825	0.026931	0.006879	0.018937	0.013334	0.015581	0.016107	0.034356	0.034949	0.030284	0.044103	0.010816	0.041877	0.001534	0.035577	0.001317	0.031980	0.004042	0.025083	0.037805	0.032411	0.024999	0.001762	0.009280	0.016149	0.003019	0.021152	0.010449	0.003680	0.014886	0.020138	0.010986	0.021301	0.030395	0.041355	0.000316	0.018621	0.020317	0.038033	0.007603	0.018609	0.009702	0.015765	0.032844	0.023572	0.011959	0.033746	0.014747	0.032257	0.026627	
0.030835	0.026711	0.028320	0.013394	0.027117	0.024648	0.030260	0.009059	0.023391	0.030352	0.015820	0.002852	0.023035	0.008727	0.017559	0.019956	0.025332	0.013740	0.025262	0.008327	0.022279	0.029728	0.030372	0.020779	0.021013	0.007788	0.014781	0.004214	0.021475	0.029528	0.029816	0.028428	0.016978	0.018517	0.021556	0.014906	0.014312	0.020191	0.024762	0.011316	0.031129	0.006145	0.027831	0.025382	0.024893	0.006941	0.016988	0.007446	0.021140	0.024669	
0.020925	0.036382	0.018174	0.010860	0.025392	0.011576	0.020597	0.031009	0.000851	0.034372	0.019362	0.022737	0.025986	0.000356	0.016136	0.028758	0.006460	0.031107	0.037665	0.008978	0.032335	0.007704	0.031481	0.016253	0.024147	0.010712	0.011092	0.021915	0.008439	0.029073	0.028939	0.033408	0.032281	0.006615	0.008990	0.027355	0.035091	0.028940	0.030437	0.020458	0.027808	0.005067	0.035628	0.000461	0.005760	0.005558	0.036367	0.008945	0.008801	0.012255	
0.019273	0.007849	0.004959	0.001852	0.030137	0.037015	0.009767	0.027554	0.037092	0.030793	0.034066	0.026897	0.026421	0.030053	0.036632	0.032281	0.026515	0.014169	0.029111	0.003464	0.033886	0.001513	0.031418	0.022857	0.007057	0.009693	0.004595	0.014978	0.006839	0.000459	0.023831	0.016944	0.022020	0.010909	0.023737	0.011141	0.030821	0.017478	0.007940	0.025616	0.014063	0.002503	0.036831	0.034061	0.020573	0.032472	0.016265	0.025765	0.020811	0.007023	
0.036320	0.025254	0.029324	0.007114	0.019456	0.003920	0.001157	0.022270	0.010740	0.035330	0.008697	0.022171	0.000431	0.030892	0.031349	0.035393	0.039544	0.027157	0.019989	0.008306	0.029434	0.020304	0.010160	0.012369	0.024485	0.035988	0.030188	0.017911	0.009608	0.007919	0.037828	0.018263	0.015242	0.031568	0.019253	0.013458	0.012401	0.013331	0.022168	0.004723	0.015330	0.004895	0.011731	0.039659	0.027571	0.021145	0.005722	0.028450	0.016751	0.027331	
0.006876	0.033563	0.000371	0.034334	0.037373	0.031670	0.016067	0.028376	0.018735	0.026482	0.003961	0.003670	0.036897	0.026749	0.016207	0.035262	0.035649	0.009765	0.022866	0.036934	0.008963	0.016381	0.007017	0.030187	0.017025	0.005158	0.024355	0.019513	0.018634	0.019519	0.032351	0.010310	0.031910	0.005227	0.036300	0.007087	0.017255	0.031512	0.017542	0.017688	0.029453	0.029195	0.011273	0.001167	0.015883	0.020869	0.022168	0.020713	0.010544	0.002993	
0.007111	0.003464	0.031641	0.015652	0.003568	0.019407	0.022336	0.033940	0.019023	0.031770	0.009247	0.031747	0.017841	0.021896	0.025548	0.010921	0.034002	0.029705	0.033979	0.023678	0.011628	0.014078	0.023838	0.032086	0.034139	0.035189	0.016951	0.025284	0.028759	0.020548	0.001852	0.004682	0.010727	0.017316	0.028679	0.010383	0.027043	0.010777	0.015930	0.024270	0.029294	0.003697	0.008276	0.026600	0.031984	0.001542	0.028060	0.013581	0.004927	0.031404	
0.018731	0.010665	0.022486	0.000632	0.028977	0.010568	0.002130	0.023766	0.034626	0.024217	0.030608	0.022091	0.005534	0.024733	0.030042	0.017600	0.029905	0.029627	0.020354	0.005798	0.034028	0.018742	0.023255	0.029800	0.015758	0.033735	0.029890	0.023966	0.022466	0.013593	0.026509	0.015418	0.034490	0.014744	0.000070	0.023764	0.027378	0.015121	0.000725	0.005622	0.004255	0.021568	0.024981	0.017575	0.030902	0.031696	0.020076	0.009823	0.022088	0.014871	
0.026130	0.026681	0.005867	0.027212	0.007340	0.009311	0.017897	0.011751	0.006908	0.032357	0.000437	0.011418	0.034408	0.017932	0.035861	0.028081	0.021656	0.032149	0.000489	0.006288	0.016914	0.025359	0.033050	0.019566	0.007395	0.034794	0.021032	0.026457	0.008714	0.028233	0.035475	0.024574	0.011002	0.028181	0.011825	0.010386	0.014480	0.031033	0.038242	0.017457	0.006208	0.012349	0.018262	0.008731	0.024838	0.005505	0.036815	0.036194	0.011763	0.034992	
0.016985	0.021028	0.037161	0.003083	0.004172	0.022798	0.029491	0.008910	0.004795	0.019043	0.007637	0.038768	0.003034	0.023189	0.015892	0.032214	0.036995	0.003601	0.003446	0.035317	0.029284	0.004193	0.031282	0.010232	0.019646	0.003653	0.037727	0.018581	0.002490	0.031108	0.026355	0.009205	0.042813	0.030260	0.008639	0.001911	0.002287	0.017911	0.042093	0.037362	0.014360	0.029430	0.022820	0.022749	0.037254	0.023260	0.007897	0.000740	0.039262	0.027636	
0.015012	0.031948	0.031310	0.029269	0.020919	0.018962	0.005765	0.004982	0.014002	0.010885	0.030201	0.004206	0.001261	0.030753	0.004512	0.004520	0.003199	0.006291	0.037404	0.026605	0.033609	0.018474	0.018975	0.021930	0.036938	0.013764	0.036478	0.036524	0.001022	0.033362	0.025628	0.025974	0.037939	0.030023	0.006528	0.002789	0.001054	0.007349	0.015655	0.023879	0.025095	0.024767	0.035000	0.022882	0.022701	0.010646	0.010702	0.028583	0.039031	0.020694	
0.014776	0.016459	0.030838	0.009095	0.032942	0.034700	0.024369	0.001341	0.013030	0.029226	0.000305	0.031633	0.005388	0.029126	0.015324	0.018384	0.002406	0.038230	0.019727	0.020977	0.009738	0.033074	0.039764	0.026365	0.021856	0.029194	0.015907	0.003253	0.025610	0.023825	0.009489	0.003098	0.010264	0.029369	0.019225	0.037832	0.018204	0.011487	0.032864	0.020029	0.022078	0.018428	0.012580	0.019438	0.017100	0.009180	0.032464	0.034716	0.022973	0.002320	
0.016444	0.017306	0.007915	0.036017	0.009609	0.009450	0.033514	0.036010	0.028564	0.014560	0.037309	0.007703	0.023267	0.021101	0.034054	0.037241	0.036367	0.007256	0.027594	0.012375	0.000303	0.035218	0.007997	0.032176	0.021064	0.038975	0.034973	0.016219	0.003738	0.019929	0.010085	0.016023	0.021292	0.031359	0.001870	0.004422	0.032706	0.001942	0.001892	0.041100	0.018636	0.039121	0.003412	0.007462	0.033946	0.017221	0.014339	0.013519	0.010966	0.014436	
0.001610	0.012272	0.037457	0.029643	0.026348	0.001920	0.027135	0.007345	0.015388	0.019031	0.005150	0.015491	0.017395	0.019717	0.034063	0.027977	0.011470	0.025768	0.012413	0.007489	0.023886	0.011658	0.024562	0.028954	0.035487	0.017709	0.021019	0.020032	0.036872	0.006626	0.034877	0.035108	0.021085	0.016313	0.029744	0.000062	0.029348	0.014086	0.002205	0.010254	0.017244	0.012670	0.035915	0.000293	0.015368	0.035873	0.036624	0.027860	0.012751	0.030437	
0.002791	0.003249	0.006351	0.009619	0.020622	0.020071	0.039826	0.048858	0.001774	0.010572	0.023861	0.011968	0.046218	0.000578	0.002881	0.001697	0.000102	0.000314	0.032202	0.046380	0.026208	0.019194	0.006168	0.009031	0.005545	0.036800	0.025021	0.013861	0.017219	0.015337	0.008610	0.040539	0.030110	0.026194	0.048513	0.020479	0.019721	0.035864	0.026385	0.030692	0.004842	0.036485	0.001234	0.025425	0.031155	0.007293	0.031995	0.000168	0.037893	0.032084	
0.017235	0.021107	0.005035	0.008107	0.033181	0.010287	0.013029	0.010602	0.004540	0.038582	0.026713	0.005383	0.036662	0.036985	0.020078	0.003343	0.002908	0.010319	0.003355	0.013674	0.033194	0.031275	0.012777	0.030350	0.037221	0.028845	0.022372	0.007111	0.036819	0.021615	0.015521	0.029286	0.028436	0.033866	0.034025	0.020466	0.018459	0.009608	0.014722	0.000894	0.028775	0.012312	0.012881	0.036608	0.022488	0.037595	0.028593	0.009656	0.019277	0.003830	
0.002921	0.022433	0.006362	0.021780	0.037605	0.028153	0.025106	0.039343	0.001362	0.002732	0.013980	0.018530	0.005979	0.023440	0.003893	0.018524	0.008772	0.007399	0.001875	0.014977	0.041108	0.038416	0.010970	0.033091	0.037035	0.010071	0.025165	0.008047	0.033367	0.021941	0.012334	0.042212	0.023522	0.036922	0.012816	0.014158	0.018189	0.008322	0.009848	0.029581	0.024936	0.039095	0.003247	0.025148	0.026181	0.016846	0.020349	0.022373	0.037987	0.011556	
0.019945	0.013965	0.021154	0.022977	0.018279	0.014759	0.011383	0.005518	0.006458	0.020429	0.032322	0.027327	0.030930	0.017950	0.004853	0.023525	0.018822	0.030220	0.009964	0.024855	0.026330	0.020387	0.023132	0.034658	0.009060	0.017101	0.031260	0.002429	0.006525	0.019855	0.033850	0.027728	0.013342	0.030507	0.030469	0.016967	0.026215	0.012802	0.028055	0.007533	0.005848	0.012048	0.004346	0.020225	0.027459	0.030100	0.033222	0.028572	0.015277	0.029058	
0.021688	0.019726	0.005328	0.039523	0.004237	0.027640	0.011169	0.006398	0.005486	0.028232	0.012138	0.017513	0.040390	0.039098	0.004986	0.046004	0.041987	0.047880	0.007041	0.046418	0.034380	0.038444	0.045963	0.010785	0.020955	0.002742	0.001762	0.020699	0.009746	0.021389	0.000765	0.047052	0.003458	0.006162	0.003552	0.041592	0.002967	0.028870	0.003715	0.001774	0.001183	0.005932	0.026035	0.007733	0.011572	0.035409	0.013257	0.027344	0.018192	0.033692	
0.006389	0.018094	0.014489	0.040735	0.039945	0.031240	0.008258	0.021698	0.026431	0.005442	0.028303	0.000467	0.034320	0.002439	0.012345	0.005029	0.025731	0.007289	0.041618	0.040489	0.014340	0.042933	0.035163	0.040124	0.000316	0.018605	0.003441	0.006826	0.016146	0.016018	0.000083	0.035675	0.024750	0.008598	0.015513	0.011290	0.010957	0.026732	0.010380	0.023323	0.031856	0.020722	0.002052	0.031207	0.004617	0.042903	0.021388	0.029747	0.017578	0.025964	
0.021605	0.027795	0.011444	0.005351	0.000065	0.025756	0.025956	0.014609	0.006815	0.037911	0.019763	0.015086	0.027198	0.006324	0.021145	0.016108	0.022413	0.028880	0.002640	0.010963	0.016277	0.000479	0.001858	0.009607	0.036379	0.021249	0.023174	0.017321	0.014428	0.032412	0.016525	0.024025	0.034681	0.035205	0.037142	0.009034	0.012554	0.021942	0.025034	0.007110	0.016902	0.022071	0.033998	0.037284	0.039416	0.039377	0.035311	0.007889	0.011925	0.011563	
0.008559	0.015936	0.032305	0.032058	0.037532	0.010878	0.012584	0.009731	0.038139	0.023098	0.018292	0.023791	0.032543	0.005161	0.007384	0.019352	0.011360	0.018380	0.006760	0.027855	0.034855	0.008749	0.023165	0.024853	0.038187	0.020885	0.013734	0.003012	0.015995	0.035101	0.034339	0.026254	0.004568	0.023707	0.000673	0.002007	0.009935	0.020076	0.021348	0.018580	0.025872	0.027296	0.024068	0.033142	0.020571	0.010564	0.001631	0.017963	0.033644	0.033531	
0.009049	0.032431	0.038219	0.031111	0.022905	0.003087	0.023531	0.037276	0.011588	0.028687	0.037584	0.022287	0.015272	0.034444	0.027077	0.029592	0.001130	0.015943	0.024621	0.027171	0.012997	0.032179	0.029318	0.007388	0.004110	0.020334	0.001941	0.004534	0.018127	0.007837	0.028936	0.012784	0.012858	0.025533	0.028636	0.026579	0.012257	0.027972	0.002037	0.028986	0.034687	0.001503	0.023117	0.006191	0.015175	0.015976	0.030529	0.016659	0.036730	0.001090	
0.017050	0.008823	0.025084	0.022816	0.009208	0.032432	0.007223	0.038905	0.024414	0.021927	0.003766	0.031048	0.004490	0.026893	0.001642	0.027761	0.012296	0.012597	0.017770	0.033919	0.002231	0.027832	0.029346	0.002081	0.025163	0.020733	0.009472	0.035380	0.020496	0.016630	0.038041	0.012757	0.039047	0.027565	0.016029	0.023176	0.007437	0.020583	0.038285	0.019621	0.011568	0.008884	0.013773	0.011155	0.019476	0.029378	0.030182	0.021837	0.006882	0.034900	
0.026832	0.027387	0.035840	0.026177	0.018343	0.009975	0.021901	0.011186	0.002356	0.013015	0.030021	0.036798	0.030757	0.004995	0.039388	0.026803	0.016273	0.024847	0.004387	0.017233	0.028901	0.002761	0.003657	0.014447	0.029042	0.005580	0.024784	0.015871	0.028342	0.026893	0.016831	0.038695	0.019530	0.030011	0.003136	0.004767	0.036765	0.015037	0.020348	0.010708	0.016103	0.023866	0.033652	0.021776	0.016458	0.036490	0.014143	0.024540	0.000654	0.011699	
0.006264	0.027868	0.018229	0.027215	0.025738	0.032143	0.022124	0.002642	0.016903	0.029012	0.027364	0.009671	0.011967	0.034906	0.029267	0.014670	0.023206	0.017339	0.017658	0.016851	0.035933	0.026792	0.005673	0.004500	0.030406	0.035773	0.017957	0.004995	0.020373	0.008573	0.000254	0.035061	0.006138	0.022076	0.009722	0.028413	0.026948	0.031638	0.031759	0.014674	0.017760	0.035131	0.002985	0.011476	0.018384	0.023754	0.034647	0.020784	0.007192	0.019193	
0.003525	0.016150	0.027744	0.018547	0.012976	0.007973	0.005678	0.025668	0.005200	0.009009	0.037555	0.025220	0.031558	0.009246	0.034793	0.036913	0.028047	0.015299	0.025662	0.006162	0.037540	0.029239	0.015856	0.031942	0.029196	0.021250	0.032058	0.004064	0.028185	0.003045	0.036004	0.007911	0.028878	0.021141	0.033389	0.040349	0.002081	0.030067	0.034432	0.007602	0.012979	0.013917	0.020905	0.017450	0.022625	0.006312	0.002541	0.027832	0.004527	0.013757	
0.006287	0.030468	0.028775	0.038367	0.020035	0.003194	0.004025	0.033137	0.004761	0.034311	0.003429	0.029599	0.022622	0.020471	0.002842	0.036253	0.006955	0.020378	0.019474	0.003224	0.024512	0.003917	0.038582	0.016899	0.026957	0.011774	0.012737	0.004615	0.035162	0.004396	0.033333	0.010063	0.035525	0.029925	0.029929	0.024105	0.010921	0.032724	0.013734	0.031070	0.024153	0.031694	0.009970	0.016978	0.022921	0.018887	0.024625	0.006592	0.025758	0.018935	
0.024651	0.015062	0.037608	0.009255	0.004510	0.030112	0.035131	0.017414	0.038811	0.041138	0.003423	0.014346	0.024346	0.029522	0.000457	0.016771	0.043363	0.025488	0.017853	0.000138	0.033832	0.028316	0.010773	0.004010	0.007816	0.008988	0.035179	0.006221	0.000042	0.004256	0.021626	0.030377	0.041664	0.021084	0.000712	0.011291	0.006415	0.003992	0.013750	0.041648	0.044420	0.007946	0.009295	0.033839	0.037166	0.000624	0.044230	0.022988	0.031339	0.006759	
0.003100	0.000510	0.000396	0.010310	0.029010	0.009432	0.017028	0.016112	0.011022	0.004131	0.010739	0.019482	0.029677	0.025961	0.020617	0.018374	0.024759	0.008586	0.028833	0.029623	0.016666	0.005380	0.016831	0.026785	0.022369	0.037696	0.012732	0.033090	0.031744	0.037262	0.034456	0.027007	0.033357	0.007611	0.033426	0.012686	0.003908	0.011297	0.014877	0.031226	0.032301	0.024870	0.034199	0.008738	0.019159	0.022091	0.019103	0.023870	0.033137	0.014423	
0.018515	0.015288	0.042626	0.003360	0.030089	0.003854	0.003822	0.009316	0.011975	0.021889	0.030197	0.043210	0.002747	0.019474	0.000860	0.016301	0.015706	0.001483	0.044874	0.015086	0.035662	0.011415	0.024459	0.014079	0.040571	0.020684	0.003095	0.015897	0.031353	0.010901	0.004367	0.033798	0.027090	0.009885	0.029382	0.013043	0.004983	0.047130	0.034132	0.025950	0.002541	0.024616	0.032392	0.019223	0.041364	0.005977	0.018131	0.027104	0.038746	0.001360	
0.007717	0.034060	0.019491	0.029036	0.022029	0.021775	0.000061	0.016413	0.000228	0.029396	0.011344	0.034172	0.017128	0.004153	0.031366	0.028787	0.025097	0.024721	0.027207	0.024522	0.033586	0.024022	0.026711	0.003520	0.003583	0.010168	0.022431	0.020156	0.034399	0.012597	0.004340	0.027106	0.025550	0.020876	0.018027	0.016772	0.034355	0.004225	0.015192	0.018747	0.024006	0.027755	0.030903	0.016244	0.029097	0.007406	0.024629	0.024157	0.000722	0.030020	
0.018857	0.015491	0.031139	0.013168	0.032883	0.003099	0.032002	0.016270	0.004803	0.028400	0.004226	0.029951	0.036736	0.028480	0.012976	0.007594	0.015717	0.000119	0.028187	0.027402	0.018884	0.036321	0.004697	0.021607	0.029424	0.027326	0.011224	0.020520	0.015794	0.008353	0.036014	0.021552	0.005083	0.038334	0.012039	0.020660	0.002111	0.021546	0.021652	0.038205	0.007027	0.034994	0.015472	0.008319	0.036893	0.041339	0.005995	0.026756	0.018199	0.006159	
0.003882	0.014677	0.011223	0.025826	0.017413	0.032554	0.002066	0.002639	0.018238	0.037561	0.023153	0.008675	0.019395	0.024704	0.029560	0.017447	0.037629	0.002418	0.002542	0.015773	0.037060	0.030745	0.025956	0.001603	0.036722	0.017609	0.003934	0.013562	0.028894	0.018391	0.025366	0.021538	0.012842	0.021943	0.039913	0.031112	0.040599	0.026374	0.026783	0.015169	0.012167	0.017893	0.006723	0.007238	0.024869	0.021010	0.039242	0.008494	0.006005	0.032866	
0.012907	0.007306	0.015591	0.008174	0.027453	0.014327	0.028372	0.011248	0.019603	0.016888	0.036063	0.007169	0.037799	0.020237	0.013837	0.009055	0.017741	0.015631	0.034210	0.032150	0.031364	0.009180	0.003674	0.019858	0.003396	0.014904	0.032667	0.018854	0.031718	0.024312	0.038617	0.004056	0.014415	0.017688	0.027715	0.008753	0.030957	0.019350	0.019584	0.020497	0.007834	0.036297	0.035789	0.000761	0.033660	0.017742	0.034473	0.020964	0.009380	0.025779	
0.025845	0.007158	0.031952	0.027141	0.035652	0.003908	0.022976	0.034782	0.001237	0.001750	0.023471	0.019231	0.020147	0.020283	0.015558	0.021846	0.024009	0.019916	0.036480	0.023131	0.012163	0.036396	0.029259	0.016216	0.036050	0.016097	0.003836	0.006755	0.025402	0.018417	0.030939	0.004150	0.024407	0.036018	0.023612	0.016098	0.022289	0.035361	0.025978	0.006045	0.027869	0.021982	0.012886	0.015065	0.024841	0.005971	0.019428	0.008274	0.007253	0.014470	
0.018660	0.001620	0.019108	0.023016	0.007052	0.016190	0.015120	0.008384	0.025715	0.003769	0.004113	0.020248	0.031425	0.038787	0.028738	0.011457	0.019812	0.008373	0.034707	0.022757	0.023265	0.028268	0.030393	0.010032	0.039005	0.030974	0.038518	0.025175	0.033046	0.029131	0.013151	0.014656	0.031514	0.007818	0.016737	0.002938	0.017043	0.013799	0.012525	0.038186	0.000161	0.005448	0.006692	0.033441	0.041501	0.016914	0.039083	0.014648	0.010716	0.016172	
0.039549	0.030957	0.011223	0.037866	0.008019	0.031432	0.023603	0.004537	0.027540	0.006541	0.017185	0.028418	0.008624	0.002763	0.024044	0.019887	0.006743	0.031684	0.038504	0.038643	0.022804	0.035781	0.004625	0.012048	0.003505	0.004705	0.016296	0.025840	0.006275	0.019947	0.032350	0.000031	0.012376	0.012759	0.032334	0.039032	0.039186	0.003874	0.014797	0.017617	0.019011	0.002175	0.035259	0.030045	0.023971	0.015831	0.030276	0.013069	0.008183	0.028237	
0.045044	0.010659	0.024387	0.015512	0.038517	0.030934	0.002565	0.008637	0.020216	0.023261	0.020249	0.007641	0.037242	0.033401	0.027620	0.036746	0.030124	0.025385	0.017178	0.024646	0.027157	0.042599	0.021664	0.000443	0.006408	0.005292	0.021390	0.007628	0.030913	0.000053	0.020197	0.007523	0.003047	0.029499	0.020814	0.000291	0.004232	0.002072	0.030518	0.000349	0.000076	0.031528	0.025287	0.036723	0.041199	0.035419	0.018392	0.029945	0.011779	0.007600	
0.033335	0.013844	0.021795	0.003975	0.025945	0.031356	0.001186	0.030543	0.022706	0.006237	0.019503	0.002382	0.028529	0.003806	0.028599	0.023731	0.017525	0.037129	0.033631	0.014695	0.029867	0.029564	0.035332	0.015498	0.013076	0.026514	0.008297	0.003552	0.011455	0.029583	0.017760	0.032083	0.028481	0.022559	0.009364	0.004031	0.008771	0.018461	0.023158	0.023338	0.019050	0.029557	0.031675	0.004939	0.032972	0.023649	0.002833	0.023538	0.028562	0.012030	
0.037815	0.029634	0.004318	0.004788	0.040222	0.041791	0.012840	0.010178	0.011946	0.014989	0.024601	0.005122	0.026430	0.042106	0.004327	0.024429	0.035914	0.008732	0.022103	0.036495	0.033308	0.037090	0.030772	0.015730	0.033131	0.009250	0.016726	0.009343	0.009508	0.023747	0.011259	0.000425	0.008009	0.008227	0.032754	0.034699	0.001045	0.013119	0.013984	0.014675	0.036148	0.005191	0.004434	0.015911	0.015645	0.000392	0.028271	0.023899	0.039480	0.035048	
0.003884	0.017819	0.033412	0.033785	0.022920	0.042196	0.017573	0.016823	0.010009	0.006703	0.014301	0.030985	0.031909	0.017436	0.000365	0.001671	0.006856	0.012637	0.009564	0.004282	0.000894	0.020597	0.028295	0.033446	0.019059	0.000577	0.017003	0.029006	0.025458	0.031532	0.016258	0.033610	0.029250	0.033549	0.012732	0.026611	0.000907	0.001064	0.027250	0.004858	0.009052	0.021795	0.027118	0.033334	0.011333	0.034606	0.044038	0.036000	0.028329	0.027314	
0.007550	0.017193	0.035299	0.022873	0.034443	0.003264	0.003303	0.026292	0.022390	0.007836	0.022801	0.004759	0.004799	0.035153	0.013233	0.022726	0.018080	0.038160	0.002265	0.017186	0.025632	0.036340	0.034580	0.032738	0.001088	0.012475	0.001172	0.038260	0.025742	0.031342	0.037909	0.008907	0.011647	0.022958	0.015965	0.013216	0.011970	0.017516	0.020159	0.027701	0.019141	0.013741	0.030019	0.028464	0.031674	0.006068	0.024764	0.026745	0.019056	0.013404	
0.039198	0.012696	0.037243	0.033212	0.029098	0.015169	0.010038	0.011804	0.009751	0.007552	0.001322	0.030840	0.011793	0.038153	0.000335	0.039019	0.009869	0.017186	0.019788	0.036316	0.018820	0.001851	0.012082	0.001294	0.013189	0.039617	0.023412	0.012439	0.023047	0.039438	0.026543	0.011162	0.013507	0.013415	0.001742	0.017097	0.020127	0.032183	0.038660	0.000137	0.033689	0.031021	0.002455	0.035834	0.020648	0.014039	0.013856	0.025240	0.029688	0.023387	
0.033107	0.005758	0.028347	0.014833	0.019824	0.016383	0.020711	0.017528	0.023053	0.028857	0.009529	0.025529	0.020336	0.006058	0.014342	0.023405	0.025558	0.019880	0.024249	0.029256	0.016247	0.017607	0.025378	0.030570	0.016428	0.003229	0.013703	0.019724	0.021815	0.019077	0.008344	0.027741	0.029788	0.028068	0.026875	0.022852	0.031338	0.005122	0.027979	0.024932	0.009269	0.013536	0.031946	0.029436	0.000269	0.003624	0.032459	0.026493	0.004367	0.025243	
0.021918	0.031948	0.008638	0.003009	0.017845	0.027106	0.027011	0.014927	0.018294	0.021644	0.035438	0.000459	0.032869	0.022491	0.019468	0.023307	0.029639	0.020780	0.011669	0.033524	0.028791	0.009728	0.007049	0.027990	0.025600	0.023323	0.001233	0.019502	0.003370	0.022041	0.008211	0.005118	0.038333	0.029522	0.020151	0.004554	0.022021	0.029784	0.000218	0.037576	0.010643	0.022559	0.009808	0.023244	0.036331	0.006263	0.025608	0.035234	0.022646	0.021568	
0.002554	0.024840	0.000794	0.023031	0.035711	0.011400	0.036461	0.017916	0.030390	0.012378	0.038683	0.033592	0.021706	0.034884	0.033919	0.036833	0.019844	0.016811	0.021836	0.023960	0.014911	0.019583	0.019618	0.010473	0.014414	0.007814	0.023625	0.016417	0.014853	0.011053	0.006814	0.030177	0.010383	0.021982	0.007894	0.009561	0.023469	0.019734	0.011419	0.013802	0.036641	0.019745	0.013108	0.018309	0.011548	0.004520	0.036521	0.029042	0.038959	0.006065	
0.022692	0.035122	0.016459	0.023004	0.018611	0.005839	0.027069	0.029068	0.023533	0.004098	0.001037	0.007022	0.033333	0.019586	0.016681	0.000984	0.038638	0.006907	0.011611	0.027009	0.033050	0.007121	0.039351	0.007455	0.013066	0.003653	0.011947	0.039067	0.027637	0.024101	0.009022	0.038577	0.027934	0.016179	0.031842	0.007198	0.022092	0.021054	0.011869	0.030210	0.004890	0.001337	0.022648	0.028913	0.005069	0.038201	0.037456	0.028893	0.020035	0.021830	
0.010568	0.017761	0.000979	0.014657	0.000629	0.013193	0.012666	0.009496	0.011500	0.039017	0.008058	0.013474	0.024439	0.002868	0.026338	0.003438	0.006717	0.013904	0.035367	0.033726	0.026968	0.024417	0.023686	0.002377	0.020417	0.039311	0.026523	0.024035	0.005474	0.027258	0.005214	0.012444	0.033093	0.038564	0.010539	0.033173	0.038528	0.029257	0.030863	0.035238	0.037227	0.037210	0.023176	0.008728	0.039880	0.000817	0.030920	0.006941	0.016813	0.012113	
0.007925	0.019280	0.021130	0.036464	0.031588	0.011799	0.013015	0.034080	0.018918	0.007470	0.030542	0.014130	0.001510	0.012260	0.006612	0.005220	0.027329	0.001167	0.013339	0.012493	0.029119	0.036098	0.013127	0.018227	0.032774	0.021275	0.010743	0.020072	0.036268	0.037282	0.005248	0.007610	0.035203	0.027456	0.028542	0.011745	0.037855	0.008396	0.029765	0.019366	0.012609	0.035915	0.027895	0.000734	0.034012	0.023719	0.004044	0.026116	0.009995	0.032520	
0.026183	0.003399	0.024158	0.016678	0.036184	0.009494	0.000970	0.024000	0.036940	0.000006	0.018802	0.024810	0.037531	0.006803	0.032856	0.021087	0.038105	0.010385	0.038118	0.020906	0.006401	0.002500	0.028784	0.022170	0.003478	0.023408	0.015040	0.029618	0.024983	0.012082	0.006827	0.016581	0.020240	0.033646	0.026901	0.010120	0.014213	0.007616	0.037522	0.043979	0.002281	0.008667	0.028710	0.039728	0.005941	0.042421	0.037532	0.003465	0.000269	0.017463	
0.024991	0.014030	0.006485	0.009177	0.025827	0.012689	0.013715	0.029787	0.010829	0.033635	0.023382	0.009106	0.035307	0.017036	0.040282	0.016929	0.025378	0.020084	0.035003	0.006959	0.040636	0.020897	0.017177	0.039120	0.036307	0.002513	0.009529	0.032280	0.038169	0.002600	0.025957	0.011457	0.036156	0.019039	0.009460	0.032204	0.038528	0.038263	0.000858	0.002802	0.006183	0.003274	0.018699	0.037812	0.007133	0.006951	0.004308	0.015178	0.006115	0.029760	
0.010475	0.021016	0.027093	0.040240	0.040114	0.023378	0.000434	0.006934	0.015149	0.026017	0.004133	0.028435	0.016167	0.011478	0.010830	0.014793	0.006160	0.019783	0.014172	0.009518	0.008803	0.013723	0.023494	0.041993	0.029236	0.002197	0.030216	0.016597	0.031266	0.040798	0.042056	0.027054	0.002704	0.001655	0.030106	0.039185	0.001172	0.031512	0.024360	0.003300	0.043988	0.022984	0.037407	0.019229	0.010581	0.021834	0.005245	0.002030	0.014290	0.034666	
0.03
