50
2
4.892394	-2.990828	18.240931	-6.574671	13.964893	-0.085539	-0.947293	-22.828618	-11.035646	-18.911158	-16.319921	11.090200	14.977016	-19.276024	-5.113241	19.295728	-6.836646	-22.196360	18.576171	0.133706	-6.328114	-5.511309	-11.062543	19.865769	2.680362	-9.811982	-21.477436	-6.098770	12.326577	14.290539	-10.834615	18.874364	9.982574	-16.247741	24.188565	7.306818	-7.751194	8.125221	-0.240360	4.400463	-5.237573	-14.833546	0.883924	23.530278	24.875771	16.950451	24.613123	2.941945	6.841052	16.250306	
2.528823	9.491547	-7.960589	-1.825809	-24.254590	22.712883	-16.997460	6.938686	-6.018979	-20.793541	-24.411575	12.641214	-23.613583	17.968090	19.037350	-15.856102	-9.391340	19.862957	15.650395	-3.129936	-2.675148	-13.486326	9.130728	-13.787015	-4.809276	-15.076024	-12.540726	-17.105266	20.991527	21.763007	7.206362	20.893170	0.752082	-0.944685	18.873810	-11.696632	-12.058604	-22.547318	-14.728537	-12.539262	7.647869	7.082709	16.643308	-13.807870	13.953076	-22.391951	-12.384316	-15.189152	-14.650854	-3.955499	
10.265407	-0.092158	9.154456	22.299105	22.217000	7.051948	20.962684	-21.757569	18.105642	21.110525	-0.408314	10.352218	14.201598	-26.330154	-6.901302	-16.021823	1.862397	-6.245300	-1.017917	22.413739	11.002187	7.806068	-3.647165	-26.681624	19.049071	-25.978209	24.225858	-8.707693	15.647711	-17.894874	5.358530	-22.052711	5.921492	-12.324336	11.368953	-14.816748	2.560731	22.675482	8.300359	-16.977156	-0.721208	-18.037728	24.979236	23.896158	-3.835104	-26.478337	-15.677409	-16.587343	-2.207769	23.482804	
22.179662	-1.076053	18.657415	-19.085044	-20.877317	-15.399721	-7.035641	4.650003	17.524452	-12.376656	9.694072	-14.757651	-6.940146	-17.936413	19.825570	13.883973	3.296293	-3.047013	-8.100336	-10.804464	5.030504	-16.106188	-5.591902	15.662031	-4.287123	-23.910676	2.457707	-23.639994	-12.491122	15.627777	-7.167703	23.576212	18.872085	11.611902	-18.077996	-6.508119	22.159376	20.056231	6.236124	-8.524965	-21.325450	-9.543619	12.088734	-18.813692	-16.952260	-0.697420	-8.363203	-14.287864	-9.864892	5.861729	
-3.684584	8.846236	-15.105396	17.098841	-19.630672	-2.003126	9.479536	-14.202080	18.362849	18.435183	14.719444	-16.081493	8.113723	20.861410	-14.429228	-5.409885	-10.160992	15.629648	-6.241402	19.007904	9.363708	6.391729	-6.192892	-18.745340	-12.089997	-21.830446	-7.818361	5.759241	-5.313421	13.458566	-6.597491	7.104891	-19.752355	-5.492861	-2.995980	-12.035927	-20.503127	-7.195141	17.839780	-19.035824	10.159904	-4.156195	-9.850229	-11.488723	4.818703	-17.373876	15.607961	8.002903	-16.330693	-17.845907	
19.983490	-26.799365	-18.732135	22.914518	-6.171705	-0.684942	-24.912441	11.808567	-5.072177	9.259198	4.840192	-18.148285	-22.038799	-25.793621	2.080321	-23.463920	11.400879	5.572347	3.239052	-20.704211	-0.577338	-21.471931	11.950098	-5.264600	-12.519470	4.547749	-10.712742	16.573759	23.072918	-16.021797	26.414173	23.752856	-1.184411	-21.395245	-24.269033	13.332000	-15.269812	21.894651	25.898139	14.427551	-10.189679	-26.788730	18.899975	25.617223	2.377923	3.677240	2.783771	-23.525196	1.499642	-22.534221	
-9.326159	-11.755893	4.459542	0.037414	7.592344	9.777825	-6.309705	-12.127429	-20.627590	14.349316	11.585890	-0.662580	20.371309	16.005868	6.618823	-12.385092	-21.996839	-9.705411	24.792942	18.009318	-9.752083	-2.070194	-0.105499	-3.094269	11.951485	17.331285	-12.902612	-20.498833	23.223791	-22.641279	-10.567693	-6.760718	-7.999678	-14.294965	-15.112338	3.943243	-17.089611	4.476013	11.762794	-5.933879	14.664919	24.814216	5.964726	15.985651	5.568977	-17.590302	-11.956752	12.063663	-5.388211	-14.953244	
10.808109	19.281405	11.927312	8.349288	-20.086172	17.665334	13.439802	8.172684	8.537324	12.576254	-8.515575	-20.282015	10.646727	18.543147	-22.381901	3.378241	-26.458257	-7.610346	-7.107605	-20.318429	-13.457327	-26.215205	19.428869	-0.379772	10.634022	16.166368	-13.874457	-1.775825	-2.659603	16.894203	-17.983469	-12.509276	-2.746866	-18.200154	14.297542	-26.868011	-25.875907	-2.218074	-23.191496	-18.071500	21.761795	-22.039618	-0.966784	5.112681	17.655713	-22.699170	-19.398949	-20.514563	2.288789	-25.014340	
-20.481286	18.451461	15.389488	12.327706	-18.883324	-22.077418	7.546565	15.684016	-5.109876	-9.760329	-16.884600	-3.896380	0.611011	3.481439	7.928497	-18.326785	20.841803	20.215060	-20.407956	-16.955294	-20.557846	-9.946139	-13.984404	-3.148981	20.977428	22.317438	-11.525157	-11.730400	-14.031031	0.893633	9.043618	-13.690536	19.975593	12.254111	22.309721	-11.355967	-6.862865	0.319940	18.628416	22.418650	4.111316	3.330711	22.562068	1.185038	-1.040375	-16.639598	18.388143	13.523969	1.156778	-17.433798	
-22.510574	5.697587	1.274099	-18.655269	13.640600	3.603697	-5.491197	3.342924	-25.348554	-2.000244	8.263951	-13.403162	23.272447	-7.016401	27.476994	11.614895	14.466946	21.833640	-1.961733	26.792453	-24.857093	27.878939	10.196311	6.507718	-5.567535	-22.958163	-25.773481	14.739075	10.019555	-9.764073	15.263702	21.156030	-12.459375	-14.350869	-18.710726	-22.325504	-11.613829	-14.896016	24.880522	4.175183	-23.666680	9.196287	26.473345	-22.994248	10.896946	-11.792011	25.485824	26.740571	17.991426	-9.243167	
-1.494287	-16.662469	10.300435	-12.039225	23.672029	18.620182	-4.215378	19.557697	-12.183016	-10.773187	1.590879	-15.745584	-24.643338	6.072869	-24.338904	3.758116	8.950092	-8.392179	-24.883580	-19.655611	3.693509	-23.448284	-4.629910	2.270483	-24.338479	7.257590	-21.282489	-0.907970	-1.046692	-12.384522	-7.850325	1.161031	18.822950	15.868112	24.007808	14.741665	12.550734	-1.306186	-18.196620	9.601568	11.698322	-3.725862	4.118988	-1.709228	-6.614288	-25.369218	-22.175282	20.507781	-18.785450	21.671997	
7.015144	-23.192866	9.034232	6.676009	20.272598	-13.453435	-3.876252	23.185225	2.975826	-8.155588	-5.049807	0.597841	-4.284884	9.493040	15.317660	-12.193142	22.380443	-4.152627	8.286814	17.875074	21.281306	9.336915	-17.635382	20.090607	15.177656	-22.264139	-8.812399	2.044443	-6.168568	-15.255903	20.619818	-21.214426	23.993765	18.642182	11.338795	-19.817620	19.710980	6.269754	1.337235	1.994061	-0.092530	-11.484057	-16.151465	8.476287	15.572694	12.633495	8.605816	6.728532	0.118688	7.023543	
18.626658	-1.156582	10.439866	4.564241	-22.482793	15.811146	-7.163540	16.245189	-8.296867	-18.833070	-19.953662	12.663765	5.455707	10.737885	17.570050	-8.009583	-7.464042	17.062837	7.643039	-10.594153	12.666666	-2.643077	-18.670609	19.635330	-6.678189	0.868128	-20.587718	-8.648186	-22.142275	-8.464489	-2.194615	7.781195	0.916619	-5.770720	-8.949895	7.668697	5.145560	-10.206393	4.785422	-21.411180	-3.055187	-1.217118	-12.873498	22.648883	8.794454	-22.897296	-17.345292	-8.341317	-22.433837	3.462500	
7.493807	-25.621359	23.046539	-8.468256	-13.047244	-6.080983	-9.655945	20.727252	-27.560753	-19.019333	12.705543	-2.765095	20.146216	15.619930	17.980574	-16.113399	-9.611349	-9.878249	1.135130	-18.323955	-1.346916	-27.343089	4.302385	-13.863385	27.281297	4.552907	7.215015	-9.975956	-15.120434	-3.618121	-1.174891	13.575541	0.146435	-24.887164	-6.114497	6.558398	27.401043	2.148563	25.800800	-14.244371	-19.176725	15.917686	-25.804489	3.558028	-10.562579	-0.487524	10.341295	4.892308	16.678766	14.901700	
-17.844835	-12.210696	14.072177	4.621483	10.982010	10.930876	4.300330	7.855000	13.931006	-16.749363	-15.741259	-6.790020	-15.958445	-13.544834	-17.340112	-19.926381	-17.034939	-2.801731	-14.273994	-15.471881	-2.185572	12.613221	-7.090978	-1.412143	12.904495	-4.756994	6.853338	15.241725	9.737598	-17.204332	-12.884247	-13.895865	1.348968	10.712091	10.512618	16.181789	-1.875674	-3.646110	0.355473	-15.766438	-12.589083	-17.012008	-12.538740	-20.012724	10.420960	-8.345213	7.126950	-3.476154	16.519845	9.336356	
0.625060	-3.444660	-9.378833	11.961165	-6.616457	4.117373	17.592313	-0.027019	1.445256	-7.850275	22.833069	-9.428541	15.060207	-7.521934	17.735943	-9.007301	14.668171	19.878266	-16.873434	-8.151566	6.434146	-22.087766	-8.800534	-24.129532	21.901758	12.027475	22.705891	25.160551	1.573324	21.141422	6.410170	6.123791	-14.549684	-18.073818	13.695547	-19.087314	11.762405	-22.725809	1.911559	13.320667	-21.510226	1.045735	-19.283947	-1.763093	-11.338951	-14.291641	-3.751776	8.186085	23.961900	-9.064604	
15.686814	9.072661	16.635765	-9.670192	-5.174430	25.426590	3.615073	27.945483	27.693756	-10.781933	3.764982	-11.959227	-10.622948	-21.502286	10.808191	5.858952	-1.771269	6.258983	-4.137781	15.487365	4.484017	-26.122405	-8.330900	-24.839319	-18.638918	13.892611	25.782287	18.622493	5.550575	7.340595	1.994489	-5.409746	-6.850029	27.596933	20.521094	20.749277	13.231268	-3.077491	-4.841519	-19.409744	25.530852	-27.779621	-27.123545	-6.318403	14.789216	-13.000599	-10.393836	-0.383581	-17.362064	-24.728644	
19.772585	3.021656	1.801339	-4.460775	1.321788	-19.128649	-19.107838	-15.836175	2.466946	7.209431	-1.022525	6.073964	0.833324	2.008127	9.470484	10.819546	11.175298	-11.126603	12.554103	10.879234	9.113574	-19.357151	-15.847408	14.759455	-4.895254	16.941913	15.476174	0.664594	-5.986253	-19.511506	-16.447814	18.350429	4.271813	-11.187766	9.603446	-5.713200	8.116994	4.176020	18.421401	12.939076	-0.814678	-3.409935	5.598534	-9.326235	17.209817	9.827099	-12.664099	15.956503	-14.818070	-14.247179	
-13.317845	-25.391082	-23.134214	1.130944	25.770550	19.345956	-1.825245	14.697534	7.376172	-14.818059	-20.517591	14.370488	-21.879260	18.827006	-13.906630	5.976899	-14.802872	20.366716	23.310368	17.467146	-8.838463	-17.933482	1.243591	16.221332	-22.180226	21.171747	-4.669067	-10.390508	-25.546666	-25.864014	18.889225	20.122029	13.701945	-2.338835	-20.018851	-27.462129	16.024244	-15.433473	4.785703	0.316560	-13.844012	-3.146942	-3.095262	14.294143	-25.771792	16.545127	-21.323149	5.407187	-17.401824	-25.696506	
-5.486056	11.643576	7.723675	-15.958013	-15.358066	-26.675597	21.490308	3.176919	-19.315899	-22.884142	24.357876	5.445891	13.120178	25.102190	-16.415961	26.166910	22.734719	13.665186	24.908110	-15.260155	-15.702817	-8.385685	-19.933524	2.702704	10.911983	-16.730682	22.130654	-26.951907	-17.684672	7.339537	-24.664163	-9.079581	21.667783	9.345923	-2.550141	-10.108485	-5.260408	-2.240800	-22.435143	-0.930338	-26.187371	-5.688118	1.941945	-8.261020	0.816990	-4.130104	9.165917	-5.124972	24.256501	-1.862221	
-11.667826	11.509349	-25.312946	17.015530	-19.932468	22.420523	21.069458	26.133348	-27.026672	23.391269	-18.375185	-18.918520	-10.013531	-3.851574	19.652215	-5.151739	20.555672	2.384431	23.654899	-17.394869	16.464063	-18.593665	-3.271839	27.661903	21.618464	-20.444270	-3.447741	-1.664582	-5.300682	-7.951667	19.089293	12.243205	-22.070275	10.901400	-21.134668	-9.747732	13.233137	26.607962	22.649538	-6.425899	17.813316	18.106867	17.350258	-12.889420	-14.640261	14.785636	21.398228	7.034482	-25.377829	-21.440453	
15.424494	-5.562411	-4.972449	3.072878	-14.429147	-17.464349	2.508778	14.362584	1.042392	-17.424079	-11.881965	-11.987135	14.300828	-5.628751	-6.204468	5.637139	-12.326162	7.852799	13.730224	1.579066	-8.212825	3.944005	2.745452	-8.125082	11.189832	1.680400	6.009998	9.653906	-0.829718	-3.765363	-14.123400	-7.765521	8.289943	-3.106828	-11.898910	-11.308349	10.822895	14.194409	9.362585	-5.361528	11.617313	-13.219895	5.306972	-9.322461	1.535450	9.102009	4.076114	-15.174660	4.956421	-9.410719	
6.626450	-20.106089	22.842803	13.399928	26.434543	-25.697490	2.130775	-11.361767	17.698328	19.546459	16.827857	-6.852274	-2.987837	22.487139	26.339414	13.076892	29.619527	10.104475	25.832564	-18.181402	-29.500213	-3.173165	29.442609	6.075014	-2.334136	28.222309	-12.412466	-22.618728	-0.995636	-29.271333	-12.840692	-0.269651	17.153250	1.462128	10.704956	-29.041462	-27.789861	-27.687467	4.466359	-2.688253	-15.194747	20.272817	5.507984	-19.248888	12.391331	14.280909	-23.365212	-4.768509	25.369521	27.245159	
-11.484770	-7.647824	4.416947	3.041576	-3.579577	1.903245	21.242572	-10.424421	5.431614	-8.673523	24.836801	-2.397583	-19.112379	-19.788243	-7.677290	12.067869	-4.337802	24.588927	15.951498	7.375529	-24.202869	-11.456404	18.369157	-1.814603	-20.549775	-11.194479	-22.886645	-20.936091	6.000492	-11.592743	-1.363707	16.194796	-6.991516	-23.254138	-4.141185	24.332525	-2.144767	25.159874	-17.803460	17.293780	-4.833533	25.312934	-17.475858	8.905290	-15.278751	-2.081931	14.727502	22.303081	2.561475	3.827654	
24.617944	-18.180029	-21.001931	-3.021792	-21.637014	-5.992925	15.584564	-11.297309	-21.262896	-15.416621	19.161211	-13.716568	-5.960742	23.939618	-23.898610	9.473770	12.687359	-16.405577	16.851032	-14.754446	-1.137463	3.132547	12.731985	15.128543	14.079815	-4.213086	-2.576748	11.659529	17.521625	8.195687	18.691837	19.820297	-18.708307	17.678182	5.306148	-12.551614	6.416362	14.150752	-11.701372	-13.826929	14.372699	24.069531	21.517499	-12.207290	3.760820	15.312177	-17.765726	-3.550231	1.584416	-0.964145	
9.997998	13.333388	23.799612	10.710520	19.658191	-8.320800	20.935754	15.477494	-13.152910	-17.214420	-18.420096	19.282554	17.229116	2.164381	-13.773830	-21.622738	-15.022898	-19.383776	-6.241530	-18.789283	-15.987122	19.303856	-3.902369	-1.993708	-22.317601	20.206346	-12.550842	21.182885	-23.254482	11.092875	3.712936	19.706869	18.776686	-18.444946	18.212626	2.565234	-7.251974	8.636607	11.262876	-16.054043	-8.705738	-9.785621	-9.206855	-13.971890	-1.622556	-0.597868	21.211048	-12.302004	-10.034732	20.460800	
-16.482693	14.123232	2.913600	-10.251810	14.736851	-15.152890	-10.795940	16.350087	-11.260250	4.162870	-13.133415	14.015511	-9.052905	-16.363352	-13.774253	-3.913748	1.335743	-5.951900	-5.556318	10.867070	-11.844786	-16.018495	11.187449	16.164072	5.598698	0.355961	2.719200	7.395424	13.827323	-1.605019	-1.874043	-3.007943	1.430301	-16.007464	13.383822	-2.547076	12.192434	-11.611195	-5.242145	15.404740	-4.942629	0.881898	-6.056350	5.010842	13.559742	11.899825	-9.187118	2.757878	6.368452	10.306538	
17.150515	13.507049	-2.370570	-2.925756	-19.495075	-7.421938	-11.971579	0.594371	-13.761763	-22.735772	15.865046	13.249509	-7.883176	-7.936780	17.125627	-21.450402	21.959392	11.217938	-0.894730	-17.109578	14.612261	-9.073330	-10.827128	6.015569	8.860383	4.964905	-5.975687	12.807571	-17.939814	-4.610581	12.136715	4.633114	19.849024	19.217651	-17.987431	-4.112100	13.976435	-13.038620	-0.640111	-11.752475	-15.993749	11.474721	-20.611649	-22.685171	7.827690	-17.543245	1.865399	9.183170	-2.388603	2.333210	
-9.158089	-2.937104	21.227141	5.559003	-7.313716	-17.705316	19.492884	0.482649	-16.295205	-3.331242	-10.716833	11.010261	-5.980928	-2.613909	17.650409	-11.522254	5.811795	-12.416635	19.960366	-7.540234	1.216988	18.041884	-17.453200	-3.510050	-4.596180	5.261091	9.987524	-5.719799	11.993901	-1.236456	13.404677	5.713843	-20.087019	-15.217324	-19.397295	13.878772	-11.726367	18.695580	-19.369456	-5.435956	-13.875504	0.213546	-21.657760	20.786164	-1.235728	-14.799991	1.991745	-5.293982	15.389729	10.993015	
-2.328960	3.646038	-22.081686	1.438111	-15.074888	4.609815	-24.305409	-12.619199	1.586298	27.925252	-16.884499	-5.137545	11.562230	24.631338	-13.782620	-3.318796	-3.195575	15.812243	7.548150	-27.617113	20.188159	-18.385038	-0.889203	-3.739842	-6.683183	4.871794	-14.653912	-27.719457	10.086310	-24.293152	1.240009	-18.643847	24.484623	27.281533	-7.333117	-19.423110	4.445587	-10.407457	8.290678	-18.124869	2.388693	21.458541	-28.434096	-28.125665	-20.018717	0.014903	3.927795	-13.457518	-1.524824	-11.333720	
-7.790144	-21.816171	17.331617	-21.797264	-15.278893	3.563038	-9.237593	13.373311	14.852238	11.361482	10.898939	-9.884040	-22.224093	-10.419800	3.479098	-6.581507	6.128027	15.865765	-9.146358	9.854579	13.862250	-0.540330	18.069238	-13.307319	17.012459	-11.244664	-4.107527	5.113875	10.332963	5.866064	11.298710	20.540474	23.079190	-5.263418	5.192800	5.267305	18.046180	1.122883	20.448819	3.354252	-6.521404	-20.379054	21.961295	8.938798	-14.580406	12.799780	-3.568113	-20.818961	-17.802345	-15.769869	
19.600890	-22.441188	-21.126896	-20.800896	3.792349	-0.501693	-8.733575	-14.112744	-5.075915	20.634357	18.834086	-13.005565	-18.072221	-17.999805	5.833915	1.931719	-1.312952	18.395471	22.371683	7.934995	-20.343724	15.452916	19.781021	4.086105	19.525112	3.761869	4.877290	18.745330	-2.102007	-3.732172	-1.471764	-14.843109	19.010286	-17.527900	14.434052	-16.590311	-22.240424	15.081852	-2.641372	-21.087648	-3.395158	-0.858969	8.421288	-10.795532	-20.815085	-15.916051	-14.798991	-14.593741	-20.780481	17.626854	
2.441074	23.958079	12.227749	3.936401	19.559818	-17.539817	-16.066040	-3.514909	14.726436	-12.108560	8.396098	-24.698527	9.075027	1.587279	-12.751416	9.227170	-11.266856	-17.875004	-16.024519	-23.800051	-13.299045	-14.019594	9.259604	-15.085943	-5.909989	4.202360	6.540420	17.251233	-3.084760	19.166358	14.896378	-4.199073	-1.047623	-19.816900	-18.109641	21.854748	-11.817125	16.392455	-0.983533	-24.697643	5.617170	5.756616	-17.347034	7.593104	22.286493	-3.423018	4.910739	-7.828231	-7.280331	-16.926994	
-13.615282	-8.562849	-15.875572	-14.353348	24.526790	3.915538	-6.571205	9.464398	-13.846714	-3.267151	-2.703404	-22.599073	1.173624	20.970400	4.718586	-15.037376	3.272875	16.862373	-19.199751	-11.179949	9.290729	10.918278	-15.788516	19.633717	5.063314	19.711543	-3.988518	-0.939440	-9.755963	-25.083047	10.984956	18.660245	-15.629245	9.308553	0.800522	17.202282	-0.035533	-20.073557	-24.331916	-21.394277	27.350753	13.656516	-6.953734	-15.213011	1.409207	2.076090	-18.384602	-4.905393	16.914963	-9.448292	
-1.337451	5.256857	23.961652	-11.686998	18.361941	-5.870532	-13.248080	8.478198	18.638200	-6.671066	26.090330	22.368203	5.204583	18.277503	-24.479085	-22.181231	23.322687	1.801615	17.603730	-19.949728	-23.383861	13.592207	-16.083086	-8.456473	0.443409	7.797602	-18.079758	-1.643905	-10.169643	-4.416314	10.082189	3.140816	4.904856	-3.206716	-24.915241	-7.528007	14.484009	-28.967355	-28.734365	-27.865968	5.948016	0.711795	1.205329	-2.873942	7.490894	28.009079	16.687247	22.783795	14.555574	14.140735	
8.171996	-22.796997	0.122955	-22.887416	-18.878096	26.813001	-23.379525	-7.309580	24.433839	-1.491446	-1.179380	-7.092807	0.599336	-14.540338	13.249920	10.211609	2.100681	9.673965	11.258757	13.313834	11.850309	5.313962	26.707447	-20.333961	-0.464935	20.673003	23.052961	1.157694	-18.787216	13.836670	-25.959209	16.410289	14.598749	-3.834984	-24.780521	-17.427314	-8.908406	-16.755032	4.188949	-9.674927	21.302050	-17.676664	20.668773	14.312079	22.518337	-23.823950	6.357643	-6.079384	-25.638580	-18.506114	
2.548235	11.016579	-23.770758	-13.155244	-5.352256	12.105267	0.585946	3.286160	-2.726352	-7.234337	14.139717	5.988207	-22.853606	-6.822073	-7.007077	25.799409	6.004622	10.414275	-16.842569	8.996661	21.225082	5.039366	12.465618	18.013080	-17.461138	-8.445590	5.041447	-5.258389	-19.503401	24.526001	9.158282	-12.159807	4.296927	-15.620025	-23.252182	-22.982763	-3.009794	18.164458	-6.709009	-18.827151	-21.258989	24.875755	-13.486741	-20.272873	15.256452	13.048078	-9.365777	1.483557	4.843342	-4.182641	
-23.991768	-11.194130	16.876408	-6.733080	27.658924	11.596305	17.934723	-23.879556	-12.952136	-24.505201	-0.667310	-22.665123	-6.200500	4.478550	-11.800212	-16.984979	-27.295559	-12.848233	25.140645	7.738009	13.201374	0.445975	9.260441	23.699167	-15.485373	21.166318	6.971190	-11.698738	-27.645232	-10.975035	-12.675795	23.082986	17.971406	-17.994266	-13.973033	-25.187952	-10.070192	21.968731	-5.488708	18.486843	27.416993	-15.986816	28.566332	-4.764334	-12.131717	-9.444935	-22.486180	23.376714	-26.244745	-15.562373	
-3.661474	5.500618	-8.888714	17.212012	-2.655016	15.370766	20.032012	7.507343	-2.365339	21.462061	20.253585	0.214832	8.316650	4.672510	2.539904	-16.370500	-10.978849	-12.743328	20.163546	4.036447	-13.736035	-2.986341	13.070658	-17.175474	12.572872	20.877578	-6.868628	-17.806706	-17.710943	18.836851	10.493905	14.607411	0.483314	9.200863	-11.212351	6.050600	-0.783140	19.888933	-17.314596	-15.268012	-2.545381	18.075007	-4.408359	-21.335647	-21.334208	2.469741	-15.804618	-0.625569	1.723537	17.200432	
-11.710623	2.961264	17.750457	15.360458	5.342741	-0.882390	-24.039675	-16.705013	14.491683	-20.373670	1.236306	-8.239749	1.277840	-14.108436	14.991716	-22.007273	0.188158	-23.340957	-7.993882	-23.723102	3.540942	-17.670182	2.077237	-24.229320	-6.619148	23.135159	-14.884963	-14.294516	5.606630	17.832898	-14.878443	3.156521	24.248751	-20.580226	19.832848	-2.573195	-19.249862	12.138958	5.102156	10.404918	-22.394246	20.962497	-10.363853	19.818273	-21.791892	22.428050	14.435148	-4.617433	-21.233369	-24.434507	
12.997635	-2.669246	-23.833149	8.589572	-22.952591	-4.963926	-16.540676	-1.945489	-15.010500	-10.158124	1.941904	7.629276	0.798121	-9.414907	-18.596638	-11.341539	-20.149029	13.873172	-12.432609	-19.654083	-8.825271	24.564840	-10.462392	7.424277	3.875671	19.439749	-14.827012	-14.474389	-16.876834	4.892568	-1.640915	-20.674754	-9.926463	5.974056	-6.263291	22.931381	3.482430	9.752194	-21.933719	-6.509695	-14.832685	24.502811	-25.117918	9.082592	-2.413000	1.124325	0.113643	-7.735211	-3.130323	18.366418	
11.005049	-1.831529	10.082592	-3.473897	-8.811382	11.828189	4.618434	-14.933870	1.721880	8.473412	12.610778	13.106961	3.788259	6.568189	-4.923766	11.365332	-6.472163	1.465856	-11.050961	0.347911	0.297451	-9.341398	-0.722061	-5.347300	4.366894	-0.436448	7.377624	-8.456143	-7.703094	11.393603	9.169093	-0.367227	-6.640810	-11.213234	-0.290660	7.145621	13.080107	14.911013	-7.272993	-0.583918	-2.767905	-1.657199	-3.012774	10.614050	2.292061	5.763131	11.093527	-7.437991	-12.148836	10.898458	
-15.327361	-21.305081	-23.509658	-8.420030	6.185212	20.277740	-8.627540	23.347523	-8.144134	-10.961820	-13.099817	-16.760178	-11.469203	7.698403	2.157492	5.182821	-12.290210	22.068775	23.711734	-19.183668	-24.131813	13.756096	-9.587148	-9.395924	14.743105	-11.767202	3.745525	-24.005146	-12.410848	-23.294334	-21.132280	-5.174075	5.018495	12.078409	-23.657876	1.469299	-6.850182	-4.371126	4.815636	-9.216135	24.964920	15.868166	5.635781	3.691084	15.508119	15.030823	-22.725277	21.043753	-11.082884	22.140973	
-3.232626	10.839434	-0.889194	-13.660284	3.414464	-1.719149	8.429523	3.067847	-7.736095	0.258692	9.408878	-2.949532	-10.315014	13.860434	8.577673	4.081391	11.532417	14.164991	-11.673914	8.239598	7.940614	-16.887217	-10.542296	-13.230078	-12.386303	-2.819112	14.169821	4.294842	20.609514	4.422599	6.372920	7.442288	-16.094499	-0.790952	15.003891	2.633217	17.420504	0.848663	15.678847	-20.099433	-15.279412	12.181661	0.473050	-9.580141	-10.712042	16.933175	20.728770	-3.904503	20.515701	1.822673	
7.574293	9.053307	5.498179	10.503519	-2.079846	-7.844802	-17.600682	-19.992483	-4.468544	-2.541522	2.326924	19.430772	4.812550	-20.374405	-3.191162	1.968058	10.128252	-19.705672	-3.260774	16.023474	-9.107843	10.866015	20.299748	1.422603	-6.166771	18.478932	-20.950242	16.788697	-4.455169	-3.989211	-13.630023	4.505881	-2.000345	15.460885	7.130076	13.615397	-16.113896	-7.940659	-17.257714	-7.829979	-20.647149	-1.125422	21.075432	-5.654088	11.981576	-0.433583	-1.148124	9.999197	20.195417	18.123817	
17.564886	-16.693356	20.034119	2.344463	-13.451627	25.826389	20.590959	-24.310957	17.406409	-20.282524	-7.600511	-22.618580	4.854767	20.513490	-8.301871	10.914441	16.658615	18.633811	6.974368	26.139569	4.672429	3.580585	5.525827	24.887838	-25.177288	3.409253	23.901818	15.958495	25.006523	21.359682	-4.384848	-18.249833	10.654935	13.165167	15.219958	3.152185	-20.297218	-12.496486	7.401990	3.477646	27.661890	9.671856	22.384805	21.581733	16.381654	27.593566	3.250245	6.165114	-17.433803	17.128328	
-9.997089	-19.335270	-15.145039	-6.235248	-23.721364	22.783522	-23.907597	-12.294089	15.930874	17.074309	20.400619	0.302958	23.028194	19.411995	-19.101938	-18.660121	8.150282	-16.145255	-4.700434	17.493810	14.704260	15.533688	6.279018	-6.694848	-4.636346	23.137541	-0.504343	8.619157	-12.795859	8.958112	-17.859142	-23.903526	14.428371	21.597725	-14.538290	18.906446	0.609361	-15.015942	15.108396	-7.731151	-9.178739	-22.285460	-0.725861	21.844477	13.601523	0.766722	23.716411	23.350379	8.165946	1.275633	
-12.797476	0.566260	21.007076	-10.450295	2.689452	-2.435359	23.892298	8.100835	28.142964	25.191916	-0.643735	12.099979	-28.890528	-9.912132	-18.570022	-27.549514	-4.315663	15.658225	-9.285727	-6.135923	-22.344756	16.373984	-18.340442	-20.547859	6.659905	-6.360579	-25.853789	-1.385261	20.826404	-16.917207	-22.115421	-0.888150	-1.191561	-14.298723	-8.414985	20.933797	-24.884157	15.354065	-21.724504	24.456836	-21.543251	-3.294786	-2.416730	-0.066727	-13.086668	-14.529974	-27.874034	-0.067462	23.007369	25.386322	
-13.304572	-4.060177	10.882858	17.728703	-5.812348	15.195603	-14.833808	-18.710244	4.023100	-17.268621	2.558016	-13.161728	23.146537	24.932854	-18.527666	19.465412	-8.555174	25.292715	-17.563885	16.386495	-3.575391	-4.957290	-15.007608	-8.082637	-18.884698	5.065821	-8.608278	0.431560	19.332408	-9.764677	-11.196939	-9.166626	21.383535	10.006622	14.743336	-3.324269	-9.816047	-17.242974	26.947858	5.876090	13.749320	12.786997	-18.099659	19.765803	-20.571211	-14.718584	-18.288517	13.740767	-0.828630	15.435824	
8.033540	21.449001	10.150329	-3.268929	8.362696	-4.847752	1.609199	20.060221	20.929767	5.949489	25.433753	-9.566197	-13.589986	-1.533714	15.745874	-5.873292	-11.453366	1.798340	-22.475970	2.892056	6.072389	-16.600853	15.326522	-16.045514	-24.905510	3.906969	1.004147	16.382909	-7.756337	21.409949	4.064106	-21.546711	3.296610	-12.472847	15.114127	16.817360	-6.740869	-7.047360	-3.987394	19.253706	24.886398	4.852510	11.835932	7.416523	-1.840015	-11.997791	23.481095	-2.123234	21.162282	3.962130	
21.418727	13.138358	-13.811058	1.274058	-16.273005	-17.367718	-0.092939	17.125208	-22.314836	18.184461	-10.540317	23.500919	13.998707	-11.528926	-12.771987	4.141727	10.111076	13.926225	-23.015548	-3.635089	5.660649	15.534434	18.989416	-5.299448	-6.888253	12.618927	22.085734	9.202724	23.917712	19.577538	12.200415	5.732397	-2.829804	-23.513949	21.135533	19.533672	5.503303	-3.856366	3.056625	13.002846	-9.468662	-11.993907	-20.232173	11.670866	12.628729	-7.843594	21.466171	-17.103940	-2.157875	-0.298454	
5.091071	-4.975102	0.421570	-3.419869	12.624435	4.421997	6.191346	-18.190069	-9.023777	-10.956893	5.007822	6.749295	-6.538268	1.024757	0.631390	-10.850406	-13.029198	-1.008869	10.868628	-6.782707	-3.378683	-6.683586	-10.853928	-0.235687	14.010128	6.845976	14.067916	-6.781089	-3.386800	18.242183	11.056619	5.894788	-4.582282	-5.789784	-7.332521	17.184689	18.204304	0.410574	15.464042	17.140541	-10.452894	-1.506577	-6.557254	15.696700	11.806044	-7.030651	-4.104439	0.166556	11.042647	-12.201852	
0.543899	-19.145261	6.782450	8.610057	-8.578925	-2.433474	18.005492	8.391518	19.959234	11.271074	-11.771229	14.252921	-16.251959	-12.997723	5.229337	-13.925863	12.409508	-5.019938	-2.769085	-16.587059	17.703613	-9.010083	3.598996	18.666808	-3.410561	-0.582750	-1.062828	-20.362325	0.309743	12.145314	-19.550857	-17.323703	16.134425	-10.743057	-16.759184	-20.614584	13.667324	-17.988505	-11.334924	20.604731	-20.847701	-15.329932	-5.244120	-0.729992	11.963473	-1.425481	2.168875	-11.392741	15.131799	-13.144098	
15.686214	-6.548179	-13.459108	14.208044	-18.659303	26.749751	2.737471	-3.264326	-2.790565	-4.111159	17.714864	9.040807	-5.370415	-15.708833	14.339602	14.910591	5.884165	-7.635177	9.119880	11.722227	-3.808386	-7.325262	18.402124	-13.815113	11.345626	-11.184200	13.123782	24.875087	7.474416	-0.000214	7.056895	-5.320835	2.540112	-16.684644	7.527047	0.282294	-16.378376	-1.480156	11.965095	-22.245956	-11.140591	12.859320	1.382729	-15.894215	-5.940041	13.804736	-25.409279	-22.620492	-14.850086	-27.649217	
8.553824	-10.969582	-19.769002	3.769983	-13.165434	-17.905262	18.505087	-9.606437	-15.140036	-24.295547	-24.974138	-21.276655	-10.373671	8.447343	-21.098867	11.847718	19.556801	-5.001753	-21.135729	5.159688	9.711137	-24.915079	7.624514	10.376102	-8.942900	-15.323413	-11.768896	-6.521882	-18.952553	-16.532417	3.880934	-10.439061	4.346346	5.142725	-11.932093	-2.142273	-8.700406	-23.924827	23.242633	-17.608864	14.121863	-2.691295	-0.438111	21.120496	15.989904	3.419578	10.482429	12.708438	15.619924	24.622267	
-11.795584	4.086544	4.478931	-14.441404	19.099404	14.972758	17.602370	-1.689115	14.625404	-2.825819	4.806657	-7.695771	14.631793	19.971511	-4.677167	9.612210	17.966934	14.146643	11.370785	12.325156	10.924220	-17.717173	6.154623	8.536837	17.351020	8.077358	9.427492	-11.759832	3.203034	9.081442	-9.443125	11.345159	1.832305	-10.321084	4.465098	18.422278	11.543127	9.398816	-7.976531	15.877853	-9.494546	2.442821	6.462047	10.549856	-15.549042	-19.857952	-5.883110	-3.571021	-15.097988	8.376883	
16.560121	5.850123	16.365449	-7.816190	20.645513	-13.369128	20.496940	-21.365984	6.999789	-25.773427	-21.905988	-21.256222	-19.839767	-4.351453	-1.360664	5.723267	8.665501	-2.986493	-17.335115	6.460223	22.641874	-25.713718	-13.365576	9.687024	8.844860	-27.310376	-3.794362	-18.030600	8.478537	-6.085915	22.491188	17.209618	-11.833817	20.482220	-0.658832	18.614475	23.787910	2.343704	25.717279	6.652979	24.038070	24.868846	25.796274	25.372768	19.879262	-10.541123	14.814823	-18.515307	-15.481953	17.637308	
20.435113	11.198345	-23.809542	-0.481344	5.980131	-10.309772	10.687560	-13.961529	-9.116974	-0.211608	23.465606	18.569796	-20.976387	6.969213	12.924378	-2.599459	-13.748113	-8.972321	-16.144710	21.200008	-5.674812	8.510518	11.195109	-15.245497	-24.447512	-1.877554	-20.866529	17.319793	0.639610	6.657662	-0.688781	20.488826	-21.511967	-2.818883	-5.372269	20.675846	14.632299	17.637189	6.325594	-5.524523	-18.837193	-20.051743	-9.172824	18.034348	21.848877	-21.777956	-14.934014	7.330875	-21.186764	-8.294948	
15.571805	-10.074656	-16.035338	-0.480662	-7.582649	-18.007293	-12.267717	1.819068	-4.720723	7.789379	-3.921200	-10.821898	2.545105	-13.114790	-16.508854	-14.068285	19.195979	-3.447503	1.106900	3.209358	-10.382126	20.620393	15.277394	-5.351115	-3.277151	-10.597565	-9.014756	7.613218	-12.600788	-14.509177	-18.210394	0.213774	9.695466	12.602258	1.614852	-6.030410	-7.973992	7.627952	14.945748	-17.727048	18.774003	-7.584410	10.160921	-14.240890	17.340002	-3.092589	0.730384	-1.060264	9.798665	-17.185424	
-11.096565	5.286363	-7.076806	-11.054559	-7.944724	-14.741420	16.122291	19.543604	14.354401	19.510057	-13.576503	-7.651034	-5.316013	13.179113	-18.431950	-7.818963	18.780925	9.385476	1.152789	16.422004	-18.591027	-8.190155	-1.384050	-20.593835	-9.464121	17.306013	-21.875071	-22.598281	10.282324	-4.048622	1.230849	-21.897119	15.128439	20.572910	-1.587189	-0.131691	-12.353276	14.912787	11.778492	-13.993333	-7.546000	2.467430	13.400899	-9.493199	14.181543	19.376722	-0.742274	-7.393787	-5.293785	-0.610637	
23.954314	16.684441	-8.006633	18.973665	-17.477399	-22.296888	-10.838618	-11.723079	17.287779	-5.194545	6.452593	4.599470	-5.229896	-0.104255	-16.886225	23.078547	-23.633617	-1.109725	-21.545307	-5.955834	11.660055	15.324796	-2.075230	-0.056580	11.853860	-16.400425	18.333553	5.424274	-10.387679	0.066421	-15.947754	-6.125671	-8.367508	4.207551	-15.045368	-21.437233	-16.567667	-4.266854	-20.148326	2.810902	16.166062	11.348045	-0.229571	12.139666	-19.774510	-4.630222	-6.335234	19.599891	11.472002	-11.263360	
8.404223	14.417002	13.854922	6.552041	20.615388	9.422021	16.900856	7.381043	4.269715	-24.302894	-3.294909	-1.462515	24.274959	-22.902873	0.970336	-24.891720	17.074955	-2.862217	-20.139593	-24.295522	-18.203232	-3.635413	-9.907294	-12.576651	-16.156795	-2.724571	-23.560710	-16.857235	-11.785116	-11.062197	7.635140	-17.739562	15.888948	-15.132375	22.782419	-4.654695	-20.824335	-7.831631	-11.799638	7.423330	-7.557010	-18.081877	25.604810	6.180245	-1.084016	20.534908	2.649029	24.591214	-14.437215	-9.611911	
-9.746333	-18.993097	13.251690	-4.751075	15.481631	19.299001	20.225896	-6.002714	-16.522866	11.167007	-25.294021	-11.392229	-2.381445	20.732127	-20.662165	-24.475707	-2.421167	-15.455926	24.647496	22.986881	-1.721515	20.047276	2.840879	1.654042	-25.901027	8.088373	13.491295	23.306153	1.393577	-3.711188	-25.382583	16.125167	15.989102	25.459408	12.652267	-1.397247	-3.162486	23.268002	6.295937	2.101746	-25.311942	8.909606	-2.636485	22.318520	13.928702	3.129364	9.272956	14.341620	11.183154	-5.714624	
21.886130	-12.981012	4.340784	12.013451	-11.682759	9.875178	2.213051	6.142997	-5.937482	-1.300302	-14.143350	-16.405744	-21.669672	20.998363	-8.825302	13.122831	1.606418	-15.743025	-10.628666	22.652391	21.013766	9.518998	-17.994243	14.370041	-16.863458	16.845497	-15.155556	1.448285	-6.259008	10.755528	19.653332	-22.239890	-19.593089	22.948055	-4.334803	-17.663533	21.159692	-15.949423	-1.527680	8.050372	-8.000014	-6.917041	-5.099037	10.960318	-9.625583	-6.239490	16.166935	-16.979273	-6.693790	16.191277	
18.874719	2.490035	5.496838	-17.912625	-25.241047	-13.570486	12.309759	-7.860319	-12.379144	-22.341846	12.980848	9.406074	-2.868259	-11.797534	-22.475680	11.412928	15.732989	8.140213	15.786264	-12.582746	-15.250778	4.594542	20.579294	-7.759220	-9.661019	-9.904569	-22.409463	14.824999	-22.887812	-3.608676	1.352505	-5.356072	0.961159	15.828929	-7.544927	-1.978931	3.352721	-10.377723	-18.947597	14.234641	5.649109	-11.873621	14.649043	20.136586	-24.669838	12.838586	-19.887546	24.465042	-1.662855	-22.780468	
9.830068	18.616713	-9.656006	7.202705	11.311834	8.792063	-20.194228	-17.557128	-16.063488	19.274098	-6.048256	-19.376589	7.105264	24.706791	-7.150635	-18.627847	-18.492375	-11.649372	-3.990916	13.324983	-2.338269	2.681625	19.613077	-2.801399	23.662147	23.592254	-3.592568	-11.460376	-19.652709	-15.643833	23.196193	17.484082	-8.478673	-13.710282	7.360015	12.099356	-22.503916	-18.870961	-10.917833	-16.472650	7.568858	-11.649470	21.560748	1.115177	-15.127959	-10.091979	-5.235958	-16.951865	0.569992	-0.127954	
8.940901	-1.157314	14.170797	9.064397	11.756715	2.815790	19.394560	24.648827	-1.933741	3.985966	24.063033	2.677652	3.867064	-12.847957	-21.832020	-9.474934	9.981707	6.851616	0.020368	-17.757818	-4.596111	7.140727	6.157720	24.126786	0.860318	15.820574	7.692459	-10.252946	-17.210574	-1.423566	19.168949	-21.483115	-20.922688	-0.657064	5.401720	24.288256	-3.295457	-11.523941	-8.502406	20.765431	15.259789	-3.033050	-22.994170	16.629781	18.080980	24.178271	-4.666801	15.405009	5.851294	11.642076	
-9.278744	-16.944557	12.353188	-1.879751	20.990472	-16.967035	23.647581	6.913120	-19.548203	-1.846866	4.228827	4.542610	0.660439	6.830407	6.165369	14.811620	23.823606	19.186393	13.294345	-22.859667	-21.611974	6.676719	1.549208	-23.033787	20.708147	-9.084035	-0.765892	0.664322	17.069022	-14.925171	20.156005	-0.933667	5.711683	-4.625354	-9.516964	4.520638	3.938920	-22.222472	7.180415	-14.463761	13.773145	20.343547	2.475624	23.451852	8.717465	21.452037	-10.336351	-5.683681	-24.173108	2.071923	
28.872092	-15.018893	11.864150	-25.102158	-21.081888	-0.958784	17.663756	-3.873391	-25.326599	-0.645144	-19.736797	28.908775	-11.792661	27.273989	23.797795	-12.387411	13.612532	19.068094	9.965167	-24.261270	18.501210	-27.084748	9.940026	1.021193	10.535423	-10.725369	-25.744681	-19.069509	-21.734170	6.711149	-17.504501	17.028984	-2.472255	-12.216839	14.171274	-12.533523	-14.139417	18.665564	-19.209523	-27.292802	-18.243380	-25.408114	-15.004451	3.252562	8.365029	23.201129	16.396252	-27.822919	2.039616	-9.188336	
12.099010	25.314019	-24.427235	9.529822	11.935765	-7.779900	-2.288122	23.886582	-24.369768	17.711583	-18.312280	-3.796738	21.527389	18.292261	20.168792	17.052215	19.970720	3.354014	23.140484	8.045436	-6.694998	-0.174797	6.889637	-1.603076	18.432346	7.783593	17.851756	7.820981	1.126402	5.652415	-12.465471	12.437101	7.644611	-19.164376	-1.744760	19.544150	-18.935860	-22.485934	-21.493694	-16.291415	-6.569660	-0.871745	-15.999798	-0.034170	-13.096822	9.156358	-9.338035	-24.889970	-16.122265	-3.850030	
-5.844863	-1.902524	-11.066675	18.561146	26.764150	-11.651157	-17.126342	24.706742	-8.402526	17.803000	27.241650	-26.467113	-0.947801	-16.537297	-25.362177	-21.277001	13.055133	14.743820	17.341223	-26.452744	26.387001	-24.039143	2.582329	-6.406505	-8.877929	9.686637	12.888334	-19.111456	19.890044	19.098378	-5.228213	-21.327050	11.511120	-27.692528	10.002192	-14.540523	7.774898	-18.552359	-1.640676	24.756298	-5.782748	-0.016835	9.787413	23.035941	3.515022	-0.424546	21.976036	-2.105640	0.877407	-24.225089	
22.711870	-13.274084	-6.167494	10.383852	-19.407802	-20.323335	-7.490351	23.917417	19.897211	5.925312	22.226668	-19.667691	12.360686	-18.455347	-11.260135	-17.007106	4.790517	8.854744	23.207666	21.507939	-1.723928	13.819892	-21.106083	6.578257	-6.452364	11.488206	14.204423	-16.965885	-21.201151	4.113932	-13.765651	-9.831823	2.473637	-8.240030	12.523373	-16.065308	22.647093	-5.278572	-20.297728	-19.359411	13.099085	-4.982788	4.230470	21.199123	-11.218607	-24.973992	6.679717	-7.127839	4.661152	-19.088654	
0.430126	13.079562	-14.898308	-14.115441	-4.911779	-22.244654	-18.256799	16.972038	0.545156	-4.872612	19.527994	13.055976	3.146643	-5.711736	5.000564	22.731601	11.603817	23.263804	-5.025023	14.785295	-1.077971	16.088966	-10.366337	19.703059	11.076397	21.342118	-22.532607	25.373413	6.366466	26.165049	13.533554	20.267778	-7.181276	17.465301	5.376522	-5.598516	-5.832486	-5.872832	26.031289	-18.425877	24.705154	26.030297	-22.038241	20.442058	19.132802	14.639947	22.047883	17.166429	14.561844	3.853082	
7.069290	15.895137	-8.556870	-9.717752	-19.402734	21.984406	-9.936458	-2.549486	-4.135009	16.390528	18.752075	-10.592489	6.341647	17.579319	8.079527	19.457734	4.407693	-15.093478	-6.185345	-17.268465	14.030778	5.170587	3.557328	-16.077007	-19.050301	-13.680575	14.502901	-0.220184	-23.135949	-12.856512	3.184697	4.561619	4.927661	-17.720262	5.301013	7.117476	3.625934	0.116334	-14.812152	14.181770	-19.808691	3.167657	1.233749	22.082437	1.269679	5.269324	6.347991	19.811432	-4.579755	11.396752	
6.363698	17.607796	18.591160	2.813547	-24.501274	24.527676	9.792134	-14.431862	-0.141260	-7.879938	17.446194	-26.887841	25.111370	-0.888171	-12.445657	25.365736	-12.696325	-13.662000	-15.874682	-14.865305	-4.868131	-2.224365	-24.634956	16.845628	-5.140609	-22.789531	18.407415	-20.199859	2.863099	-20.670505	18.534820	1.835667	15.218226	-5.089517	26.938302	-8.931906	5.705916	-8.357570	-14.753511	21.853058	3.332065	3.184995	19.824928	-12.690295	-3.119548	-3.823624	-15.050665	-12.852978	-8.108657	-1.882052	
-2.550560	-1.957877	-10.998290	-19.738383	21.897346	22.344307	19.429827	3.138828	-20.228600	11.580723	13.023285	-2.581498	20.859464	2.176792	-4.622343	-22.960130	16.009204	-21.373411	-7.412525	11.258876	24.381743	6.585121	-14.325476	-8.437573	7.056981	15.730404	-21.365570	19.525182	-15.047070	21.177015	-16.361252	9.971350	10.211972	-5.736543	-9.765506	-19.062531	5.676652	-10.217639	2.978719	13.553485	11.430875	-20.802758	24.383673	-14.003670	19.019598	11.635231	9.457010	-4.090398	-14.552829	-1.791780	
0.915485	12.381098	-0.699530	11.007993	7.756293	-10.057981	10.263931	-18.498866	6.763713	9.428304	11.905427	-2.326061	14.722894	1.437017	11.594968	-4.265876	4.509310	-2.186061	-1.704302	20.566630	10.080640	10.668655	-8.010520	13.614059	15.710147	-2.469976	2.689930	-4.232658	-9.187843	0.585920	-18.706856	-6.921570	13.773033	12.659637	-18.081403	18.271843	10.466385	7.920945	-14.975695	-15.351160	11.931743	9.931080	-13.046818	5.950759	-11.076890	9.386985	4.908409	11.029625	-8.614206	20.789872	
14.819231	9.315981	-9.386271	-22.874259	-17.084747	-19.880762	-12.392311	-14.680937	22.011045	-10.539651	2.492100	20.871000	19.079743	7.822320	8.970593	9.570065	-22.533843	13.476759	-8.972583	1.814937	1.275460	-0.135138	-1.889108	9.203824	-10.162337	10.412449	6.285344	-16.885829	20.697748	-9.734013	16.116237	-14.127563	8.143433	-13.294635	16.225773	0.188020	2.406413	0.324847	3.748976	-10.121198	-6.066238	-17.420632	-21.462460	-5.948521	-7.300668	4.002556	8.238778	7.709124	14.280394	-4.578550	
-3.498354	-15.279477	14.416159	-21.769568	-7.790006	-9.588615	-22.197263	3.890841	13.607690	-10.243130	-6.932392	10.967462	-4.293697	18.925068	-15.824815	-8.664420	-2.775799	-18.697952	-11.197361	17.402050	-13.024443	-18.822867	23.330072	15.242468	7.750099	-9.564486	-16.888539	1.746218	15.220391	9.931835	0.452238	23.151944	10.103961	5.211761	6.780117	-14.391064	-21.742144	21.322172	-12.104979	9.210767	7.361778	10.332808	-15.938378	-15.392367	-14.798601	-24.350478	-2.383089	17.625713	12.187523	-22.930308	
-2.705665	10.009910	-3.635572	-1.651910	-11.048034	-16.830451	13.590215	-20.354336	-1.169423	2.458019	-14.386352	16.290120	-10.667084	3.125221	8.044534	-16.682922	-13.431468	12.715347	2.294405	-19.017442	-1.265626	-4.027678	9.995784	-0.005747	-2.059156	8.015367	2.235182	4.702633	-11.256939	-5.910722	11.930275	0.690851	-19.869508	-4.948108	16.235492	20.798302	13.929014	-5.073382	-9.609378	-8.660897	-0.885905	-19.078103	8.241378	3.135627	-7.796591	17.383362	12.871867	15.320038	-3.614237	-16.839749	
12.650709	13.581145	-23.913302	-13.841303	-1.619609	6.515936	-3.897351	15.846231	0.036099	-21.998710	-7.944174	22.718208	21.773031	12.386740	-15.801562	18.908778	-13.472536	14.790336	-26.848546	23.933703	26.572527	-24.867260	-25.866740	10.720092	-13.672772	19.107955	3.496040	-1.126049	25.763885	22.649494	-14.056355	-6.553874	-8.886973	24.516371	-5.341647	-14.986129	-5.255378	-9.570777	-15.482543	5.069710	-23.595024	11.058301	8.750770	-6.101450	-24.409677	10.340843	-0.483857	-15.340651	-3.219167	-19.840040	
0.755030	25.187807	-24.154568	-27.554100	4.796988	-25.996705	-21.443908	-8.489059	-28.812433	7.871724	12.780149	6.186714	10.923741	16.321135	-28.298794	-10.195736	-24.563370	19.650852	26.359250	0.294616	0.867920	-4.811420	23.198195	-23.886888	-10.143066	3.582286	19.240517	-28.198368	-12.310649	4.458718	-5.768215	20.151174	-7.748136	-18.916279	-9.197986	16.057582	7.205563	-16.314316	25.770808	-1.796148	-3.317854	5.876580	5.705689	-28.675130	10.451573	-19.107111	26.296042	-25.523819	13.025711	-3.670425	
-5.266532	7.155697	-17.929169	-5.856677	-5.199990	11.119538	7.974097	0.690293	6.770915	-14.718636	-7.602318	-6.015231	19.611256	-11.420328	-11.578794	-3.987312	11.314928	-3.381144	9.038472	-1.313590	15.473841	14.569970	-6.366797	4.461259	15.306041	-7.239851	-3.767248	-12.383829	-5.482596	-13.642013	-4.440938	8.914261	11.178095	18.710847	-9.554129	14.654569	-15.867482	-18.244488	-10.499783	12.233920	-11.694258	-2.562229	-1.898569	-1.929145	-3.127265	-11.344890	-13.699335	-9.917673	16.794817	-4.521168	
-19.838426	24.295945	18.264136	-23.298092	-16.928541	-0.022124	0.379521	-5.069197	5.935441	3.180136	-9.724114	-17.723080	17.273624	-16.597248	13.141967	13.633336	23.699529	17.972521	-1.467979	7.547109	-21.835902	-7.919508	-12.226391	22.947210	8.599544	-11.976492	1.988294	10.381373	-2.671489	-22.886859	14.115746	12.564029	-19.010778	-20.979498	22.640471	17.438231	3.984975	-17.523999	-6.130746	-19.441697	-6.311079	9.204428	14.540751	-23.754070	16.263452	-21.526683	22.332092	-12.579436	-21.455892	-5.314324	
14.797569	1.788465	-3.631541	-2.396299	14.085850	-11.112939	-14.537988	6.183186	-5.301411	5.013643	-3.189110	-8.272130	14.644859	2.502946	14.284310	16.446212	1.253553	-1.425098	-9.398643	15.770613	-10.249612	-8.554032	-2.467255	16.275763	18.288079	15.161155	-7.220489	1.700907	-9.019144	7.789360	-3.775880	12.581353	13.346357	-16.927136	-15.025414	-19.536570	-4.835915	-11.312085	1.518196	3.140783	-2.998441	9.067706	17.856463	12.333181	-1.123569	11.887765	-9.737575	-8.847233	3.359334	-5.430073	
-20.276451	-23.616574	-18.265249	-3.391214	-5.565734	-5.978397	7.035151	-18.561879	15.217173	23.137076	-12.236883	15.804655	10.066680	25.969588	-13.305758	-0.446351	-3.305080	-16.260216	22.111001	-10.345109	12.052206	-12.674544	12.621466	19.818296	20.452139	-5.898349	9.944358	4.508188	16.082896	-17.762918	16.054049	-24.781907	-12.052851	0.397777	13.565358	-22.346300	1.739776	-6.977113	-0.131334	9.964669	2.424860	1.316892	24.615874	-21.875672	-10.372965	5.850549	4.434042	24.920531	15.142354	21.052212	
1.380951	10.499987	18.056016	-22.662128	-24.059588	26.677842	-0.647566	-4.021710	13.399436	-19.801068	-17.880894	-21.931272	2.784153	9.565863	-24.223095	18.414517	26.148739	-14.667094	8.120112	-22.817383	20.357351	20.794438	-7.688683	16.498698	-11.195032	-21.307356	-13.699115	23.428765	15.727752	-8.721497	-17.791977	-23.020815	-12.484759	-10.303126	-1.733915	3.276940	21.808070	-2.441210	-23.330300	4.816563	-4.026931	2.366792	8.705971	-9.921551	-20.804089	-17.179113	-13.920021	18.087289	-9.256510	27.827592	
-5.686889	-4.947365	2.836756	-11.224561	9.193301	7.200537	3.924992	-3.125685	5.562425	-7.711752	9.366456	-12.783182	9.438247	2.672810	-12.073876	-6.066716	4.956016	2.527995	-6.220060	6.279157	-7.302138	2.418290	-8.653298	9.405226	6.737239	8.321607	-1.691694	-13.478350	-7.893291	12.776949	2.507524	10.411610	-3.000239	-1.384995	-10.657268	-8.903108	-9.470866	-11.827809	-13.734372	4.666987	5.834505	-12.843077	-3.042875	-4.497023	-12.028087	-10.583843	-6.471092	-3.745156	12.576282	-6.697882	
15.123874	1.496046	4.822284	14.599129	-0.704331	-9.320175	19.115329	5.302100	6.797911	-15.052125	22.161888	-15.626222	17.216443	10.208678	1.057721	-0.223930	15.469520	0.803460	17.879141	-14.420817	-16.672894	-16.780898	6.555498	2.989397	-9.998410	-22.402829	2.072230	-16.061608	-20.437805	-2.649701	-4.606966	2.242928	-15.521440	-20.858099	20.648392	-20.719953	14.651710	3.504223	21.279496	22.789658	-11.716889	1.468657	13.781832	15.565020	-6.306387	13.680428	3.715498	9.274962	7.191337	4.087697	
-5.606188	5.793800	8.656937	8.692857	12.536976	-9.733449	17.493814	0.402319	8.666900	-20.877240	-19.091932	-18.945324	-10.250594	2.646899	10.719326	13.530566	14.545793	-16.305107	-20.844038	3.159206	-10.880170	13.959449	-2.260920	3.860129	3.579023	18.902920	-1.721214	-2.949741	-16.969926	-14.603432	6.145105	4.074136	-1.500525	-18.922101	-1.408112	-9.922431	8.868924	15.441718	-17.740209	-16.231433	16.400539	-9.061863	-5.412648	6.077777	-10.921857	-2.865906	-8.831677	0.170421	3.389957	-14.061537	
24.166933	18.394910	16.869353	22.554048	26.206445	-6.845257	19.555012	10.637543	12.352591	-6.446305	-16.067036	-6.355986	16.428461	0.818576	-23.360139	-23.555869	-13.287716	-0.528264	-3.803462	-27.574615	24.041824	-22.716192	4.455888	13.002121	8.187085	-21.193621	27.924171	21.676898	24.792413	22.278991	-2.319760	-13.557768	3.672764	-28.577176	-23.506342	-7.312591	-27.347608	27.229030	-5.597067	1.347093	-17.088360	-18.878569	22.547983	0.101221	23.260878	-20.214461	-26.961606	-7.495237	-2.631714	19.438069	
5.357438	-1.491187	-24.413325	18.514945	-0.549068	-0.028267	-20.665991	11.794064	-24.412366	-8.148250	24.361004	-7.139823	-19.514440	-10.530881	-28.588413	-3.686937	-3.293898	-17.191885	-3.809215	-22.400721	20.361563	9.554351	-21.421570	21.057305	-27.995817	13.679481	-28.213741	16.189238	0.546042	19.362557	14.713019	16.192431	0.347891	-23.294091	2.560923	2.239309	-28.421880	12.311377	-19.433203	-23.539778	-11.485402	0.015753	-6.448303	14.794360	-25.703815	13.003914	16.249385	20.358983	-24.484430	10.820789	
-13.945686	14.431768	-17.285551	-14.500267	10.341662	8.843365	-1.633134	16.916004	15.411960	13.722500	8.337253	-2.261025	15.671474	1.694328	18.460303	18.343183	6.962548	-3.230439	-6.650589	5.393344	3.325993	16.523137	-3.221027	-14.328938	-17.297283	17.296174	15.153184	-10.258818	-15.866322	4.225242	14.577162	-5.876259	18.672468	-0.591608	10.146489	4.499290	6.790984	19.476665	2.380721	11.357731	-5.878256	8.044235	-2.195349	6.033978	18.648211	-4.438322	-4.287489	-1.353310	12.530057	-17.042945	
-12.710682	12.995794	14.432181	9.061888	-16.895718	-4.545500	16.561624	-7.582894	-3.470694	15.623544	1.301981	-11.692685	-14.187905	-9.960196	18.161924	-11.453805	18.865931	6.357137	-21.592219	-20.283316	14.424416	-23.886045	9.558923	11.049536	-16.629081	0.625483	-2.236064	-6.420709	10.210777	12.560348	-13.901291	-9.473001	-23.724707	22.670265	20.810317	-16.398414	-6.304804	4.727671	18.133407	19.952297	-2.769827	11.007168	6.374212	-20.011142	-18.879914	-16.572189	17.726596	9.010673	19.864487	0.031022	
-7.995451	12.070291	3.986935	-8.448725	-19.747618	24.262523	-15.178951	-9.139118	-0.018030	23.080760	-1.829560	-11.792599	17.084074	9.840349	4.123257	-24.706974	-16.906184	11.723761	-17.120067	-0.971852	-1.179512	23.693247	-17.826126	12.832810	-8.607870	15.498874	-16.362139	20.328806	11.625226	-4.500834	23.591628	14.913398	6.060465	-6.585673	12.180715	19.827525	-19.988715	-17.036589	11.167789	19.926244	4.128887	-13.551384	19.373503	0.067016	9.908792	-19.250815	-7.539106	16.388205	-17.609136	23.363000	
-17.825522	-5.563142	-16.360666	0.410144	3.885676	-12.096845	13.611619	-9.644924	-1.900920	-1.185428	13.961650	-13.864784	20.580665	-17.541417	-10.629832	-12.708295	-20.370072	7.935701	-21.272401	-13.179433	15.874794	-16.802110	-11.822413	-3.506996	-15.563775	-9.474745	-14.542040	6.765874	4.047857	13.031756	20.826799	7.925749	8.132992	15.242530	13.244921	17.263909	13.594263	2.110976	10.606204	18.035287	8.522102	2.860866	13.606912	1.818333	13.123048	-12.152936	7.338608	13.872565	-1.218114	-19.027025	
-4.966598	-21.198296	-18.820894	-6.610568	8.100763	14.008427	18.691344	-0.035326	6.294653	-2.081476	-5.190246	20.788622	-10.720396	-13.599313	2.617001	12.675128	-17.949711	-20.989339	-10.612654	7.709403	12.139015	21.123442	7.355715	-14.288694	16.634812	10.686711	9.357612	12.310231	5.339137	-8.076697	-8.097792	9.728321	-2.804949	-1.109490	-15.221020	-15.006881	-18.713963	-5.246770	-14.354983	14.638295	-8.956717	9.611215	8.252573	-9.622120	10.421984	3.386688	5.071531	-2.976821	9.831489	-16.327743	
-11.323575	-11.124975	-13.273205	5.604097	16.145860	2.946411	19.373361	10.859825	1.649896	11.523163	18.289304	6.148660	4.571973	-1.017293	16.743919	-14.569963	-11.685455	-15.778057	-20.958170	7.149112	-8.626838	5.051918	17.985983	-3.440997	1.150790	12.998057	-0.683836	-15.769349	4.952181	-11.608119	17.327158	-12.807606	-15.570206	20.400237	14.831719	19.053467	14.554152	-17.964376	-11.615022	13.161945	-3.004067	2.437216	13.636604	14.123010	6.927437	-14.351387	8.864205	-1.470373	-9.751764	8.467295	
3.223337	-17.613048	18.201302	-8.290330	22.603261	8.978832	10.930696	24.601390	6.471473	6.771342	19.034747	-2.852517	8.594819	9.652514	-23.447327	-3.850246	-16.403951	17.935299	-6.883026	4.857654	-2.171667	3.510328	22.308599	16.052759	16.118545	19.038904	22.652969	-20.668198	25.961695	-0.099390	-18.389203	23.454512	2.508657	-17.845618	-12.084791	-3.227067	6.464076	4.894484	-7.611869	-0.513366	-16.031257	4.083395	5.706884	20.890632	-7.671904	22.806556	16.292381	-14.734864	-11.229887	1.831956	
4.999875	-3.207451	3.930521	-11.090996	24.345586	20.639003	14.369769	18.075296	15.428743	21.673156	-1.035490	15.209846	17.592636	11.933421	-12.326208	12.709317	14.196222	1.847536	23.851045	7.121646	13.722670	2.657094	-24.255703	23.559263	17.976140	-9.449874	-8.645731	5.050601	26.200048	15.787592	-25.052677	14.368122	22.667492	-24.368930	25.727837	2.622268	-23.096108	9.725740	-11.081649	22.467440	-8.701625	6.352662	-2.950238	25.792721	-14.350381	21.872916	-20.211755	-4.296095	5.597963	10.939339	
0.024234	0.014548	0.019383	0.011403	0.006101	0.013914	0.008814	0.033914	0.006992	0.038755	0.036232	0.007529	0.009057	0.027208	0.039276	0.000400	0.032647	0.036391	0.007732	0.034753	0.020191	0.012623	0.005943	0.005433	0.031550	0.018400	0.013528	0.034172	0.004773	0.001668	0.037590	0.017225	0.011028	0.028736	0.036823	0.003859	0.016091	0.023347	0.027899	0.003368	0.001626	0.026444	0.031400	0.041092	0.026400	0.012263	0.017383	0.025247	0.026328	0.028287	
0.014906	0.016298	0.029376	0.024666	0.021670	0.016080	0.035336	0.041588	0.037676	0.010688	0.002791	0.031095	0.011238	0.033080	0.027706	0.029991	0.000968	0.018373	0.027266	0.026703	0.016177	0.004779	0.007049	0.041334	0.029600	0.034594	0.006989	0.032651	0.027407	0.031047	0.010198	0.007822	0.010917	0.011039	0.011849	0.040307	0.016155	0.025659	0.017919	0.004109	0.004008	0.040352	0.004132	0.008780	0.031056	0.013185	0.013459	0.000779	0.030005	0.009150	
0.018116	0.020136	0.004859	0.031792	0.005524	0.020159	0.025362	0.021538	0.028378	0.033845	0.014624	0.002604	0.000113	0.001805	0.028693	0.003438	0.018097	0.034843	0.030829	0.029295	0.017549	0.027685	0.035166	0.030801	0.000107	0.004326	0.030690	0.014029	0.013792	0.014912	0.028267	0.031450	0.031794	0.013278	0.009973	0.032866	0.008682	0.032384	0.015538	0.012866	0.021816	0.030726	0.031137	0.007930	0.024718	0.030817	0.015250	0.006882	0.016327	0.034191	
0.041593	0.008202	0.035215	0.033157	0.012079	0.024714	0.003955	0.026277	0.001139	0.002737	0.013931	0.038488	0.030409	0.037896	0.024875	0.009936	0.007083	0.000524	0.023684	0.027930	0.002452	0.025400	0.028749	0.039304	0.026936	0.019310	0.014886	0.014268	0.028647	0.001459	0.015022	0.018672	0.020356	0.028932	0.037953	0.039313	0.002583	0.016730	0.041170	0.007930	0.007228	0.009144	0.009050	0.012128	0.008924	0.006287	0.021911	0.019128	0.037683	0.034622	
0.007583	0.009170	0.015430	0.040986	0.021533	0.018413	0.018341	0.018684	0.006188	0.019381	0.045406	0.026131	0.038930	0.012675	0.015253	0.012490	0.009220	0.044704	0.033746	0.020716	0.033715	0.009250	0.023551	0.000561	0.037397	0.025818	0.028722	0.005979	0.021110	0.022917	0.000884	0.000620	0.011780	0.025251	0.000962	0.021868	0.040051	0.037434	0.010365	0.029957	0.029383	0.011703	0.018573	0.008934	0.020094	0.005441	0.008005	0.027786	0.037440	0.009467	
0.008674	0.012364	0.026813	0.024516	0.030864	0.033663	0.020644	0.019801	0.028891	0.033013	0.026252	0.032017	0.017950	0.004577	0.015287	0.007933	0.001537	0.029355	0.035867	0.013733	0.002883	0.011489	0.029465	0.005236	0.036539	0.021611	0.037449	0.000142	0.018999	0.010783	0.035447	0.031485	0.028133	0.030178	0.018813	0.004525	0.006963	0.010462	0.035465	0.015825	0.013435	0.011141	0.022441	0.006091	0.017085	0.029253	0.036566	0.008711	0.036167	0.003462	
0.007865	0.010968	0.002532	0.037084	0.013209	0.012735	0.022258	0.012186	0.024027	0.033504	0.029503	0.009019	0.017202	0.016939	0.006500	0.034796	0.022964	0.006514	0.022823	0.002404	0.039314	0.028821	0.006331	0.020527	0.014158	0.004414	0.000117	0.007139	0.006026	0.035472	0.037872	0.038764	0.014387	0.016865	0.029304	0.024240	0.022470	0.031446	0.030976	0.013876	0.034491	0.009364	0.025789	0.028642	0.019952	0.036772	0.011029	0.020906	0.035057	0.010447	
0.039374	0.008583	0.035455	0.012662	0.020933	0.024428	0.036635	0.024283	0.012528	0.032227	0.022623	0.016127	0.003817	0.020448	0.017219	0.024493	0.011580	0.033353	0.033616	0.011977	0.011554	0.035311	0.032854	0.032691	0.010768	0.008563	0.010810	0.001988	0.002912	0.024744	0.018336	0.031462	0.005131	0.011983	0.014938	0.035576	0.021920	0.021018	0.020728	0.032809	0.008323	0.038010	0.022752	0.027167	0.005547	0.002622	0.031785	0.013854	0.019538	0.001945	
0.029096	0.030666	0.025697	0.034229	0.018194	0.022357	0.009380	0.023617	0.024504	0.023344	0.019962	0.030199	0.011889	0.029407	0.022103	0.017031	0.007486	0.031119	0.012184	0.013258	0.027102	0.000657	0.007883	0.034591	0.029621	0.033939	0.030934	0.010794	0.007901	0.034000	0.016923	0.020844	0.034773	0.002800	0.011890	0.021821	0.014655	0.031459	0.001866	0.001599	0.016685	0.026770	0.033501	0.010969	0.004227	0.016235	0.019482	0.004428	0.032504	0.023426	
0.023516	0.032063	0.021361	0.033472	0.020003	0.023931	0.013813	0.012494	0.037598	0.022650	0.014031	0.038771	0.007260	0.025121	0.024568	0.021677	0.030955	0.017749	0.006954	0.003990	0.018580	0.023357	0.025031	0.009949	0.009205	0.025018	0.015195	0.006179	0.036617	0.033296	0.022163	0.027668	0.009769	0.026217	0.018499	0.029909	0.021424	0.004509	0.030771	0.002114	0.014139	0.013739	0.001397	0.033206	0.029813	0.019412	0.015828	0.034382	0.005313	0.005322	
0.013538	0.036407	0.018513	0.035986	0.000618	0.014506	0.010470	0.013549	0.033730	0.017439	0.021461	0.034639	0.033450	0.008901	0.025453	0.013231	0.039368	0.017234	0.008592	0.003088	0.008500	0.015736	0.001745	0.015291	0.025594	0.017344	0.006891	0.025711	0.006046	0.015854	0.021441	0.034021	0.032828	0.002294	0.008661	0.024863	0.027515	0.014355	0.022368	0.040159	0.019018	0.029380	0.040059	0.025904	0.030410	0.007711	0.038722	0.003283	0.034291	0.003830	
0.007715	0.013164	0.023778	0.024502	0.034647	0.010405	0.003958	0.003729	0.029944	0.010099	0.021035	0.012756	0.016589	0.020897	0.007048	0.015624	0.038891	0.026571	0.017926	0.034978	0.038856	0.007972	0.026181	0.040613	0.019196	0.036149	0.003774	0.032012	0.007768	0.019054	0.021824	0.017080	0.018462	0.031422	0.004060	0.027978	0.007403	0.024869	0.016650	0.031162	0.037643	0.012733	0.007705	0.041043	0.004263	0.024495	0.020456	0.023391	0.016591	0.004939	
0.020585	0.027977	0.025252	0.022147	0.019621	0.023757	0.021419	0.032435	0.031421	0.023502	0.000053	0.016107	0.017912	0.020475	0.012757	0.007680	0.022686	0.032276	0.028704	0.005971	0.000823	0.030528	0.025423	0.013491	0.021794	0.030364	0.003407	0.029744	0.004235	0.010915	0.030355	0.020632	0.009373	0.013031	0.007232	0.010483	0.028893	0.024270	0.032420	0.027867	0.017269	0.032984	0.012798	0.011674	0.029236	0.007429	0.032766	0.026437	0.008751	0.032641	
0.019450	0.003610	0.013864	0.007585	0.005032	0.009673	0.025070	0.032892	0.008349	0.024930	0.008932	0.004806	0.000494	0.035754	0.023349	0.011310	0.036360	0.040659	0.028159	0.028608	0.011226	0.012886	0.037202	0.042611	0.000740	0.033283	0.043511	0.013098	0.006751	0.025648	0.042364	0.011159	0.010723	0.021970	0.027474	0.006667	0.019468	0.040098	0.022806	0.017118	0.017478	0.009569	0.031677	0.000576	0.020190	0.038710	0.023071	0.028061	0.005864	0.009115	
0.017439	0.032856	0.027652	0.007599	0.030405	0.020662	0.038431	0.012347	0.036565	0.010194	0.036566	0.012323	0.034747	0.013302	0.002148	0.009655	0.014358	0.026009	0.019258	0.000886	0.019714	0.019739	0.024785	0.002681	0.005182	0.028174	0.035145	0.024302	0.007250	0.009779	0.030378	0.034450	0.038398	0.032448	0.033773	0.022315	0.004178	0.037123	0.030395	0.018742	0.029676	0.007286	0.011082	0.008899	0.026924	0.024751	0.005256	0.010619	0.008061	0.005092	
0.031073	0.035028	0.034218	0.016622	0.025464	0.022597	0.024527	0.023085	0.006161	0.027696	0.032121	0.026147	0.004260	0.029065	0.034428	0.034969	0.018170	0.026450	0.003087	0.002305	0.023365	0.011403	0.026907	0.025220	0.034021	0.017196	0.012468	0.007991	0.002074	0.028412	0.016464	0.024332	0.022801	0.006663	0.019507	0.033590	0.024484	0.006509	0.001358	0.003067	0.006719	0.022600	0.031744	0.010100	0.029990	0.031695	0.007350	0.012915	0.010410	0.031172	
0.020820	0.017395	0.037165	0.031774	0.035134	0.031970	0.013936	0.033104	0.030716	0.016718	0.037520	0.005014	0.002463	0.001129	0.017042	0.022088	0.001913	0.005476	0.016881	0.017936	0.027510	0.019115	0.025348	0.011396	0.017477	0.016541	0.034053	0.027254	0.000091	0.025488	0.004068	0.016187	0.026334	0.014278	0.017423	0.005237	0.017804	0.009418	0.021445	0.032214	0.035160	0.024965	0.003269	0.032360	0.011700	0.019366	0.024580	0.029323	0.037255	0.017144	
0.033843	0.011327	0.009000	0.010521	0.014161	0.029914	0.010306	0.037871	0.016552	0.006108	0.018512	0.027647	0.002867	0.038200	0.033961	0.038355	0.032791	0.021633	0.005731	0.015544	0.025807	0.002255	0.037828	0.003240	0.027320	0.012736	0.038648	0.030874	0.018950	0.006572	0.012123	0.003387	0.036973	0.004977	0.001799	0.009304	0.010534	0.036047	0.021600	0.018441	0.015652	0.028784	0.033316	0.023890	0.018731	0.020822	0.038999	0.034657	0.004072	0.006819	
0.022923	0.009946	0.030831	0.030592	0.024021	0.023012	0.007792	0.037150	0.013713	0.014209	0.013533	0.018209	0.004401	0.000816	0.003978	0.024016	0.020212	0.002653	0.032775	0.039878	0.024124	0.036104	0.014529	0.003558	0.026016	0.031109	0.019034	0.003105	0.001903	0.015407	0.010533	0.034742	0.019776	0.021813	0.031842	0.021430	0.020808	0.019997	0.015943	0.008496	0.035181	0.014812	0.024267	0.040839	0.011271	0.036109	0.029071	0.019455	0.004083	0.029981	
0.002098	0.021924	0.003640	0.011228	0.011376	0.011170	0.013703	0.000729	0.016267	0.031603	0.044152	0.029040	0.018066	0.004960	0.018259	0.047678	0.013873	0.003705	0.033690	0.040002	0.035868	0.024131	0.016804	0.006308	0.025640	0.044936	0.038859	0.023970	0.002017	0.003810	0.038583	0.022205	0.000388	0.026159	0.030147	0.020443	0.003269	0.032283	0.022406	0.037372	0.023696	0.028749	0.000075	0.032890	0.032175	0.000953	0.016185	0.013266	0.003268	0.015981	
0.013375	0.001460	0.027157	0.009145	0.017454	0.002584	0.034112	0.030773	0.017188	0.027663	0.014802	0.028669	0.032674	0.015700	0.025455	0.028712	0.011684	0.023554	0.035919	0.029057	0.028085	0.005045	0.010139	0.024331	0.027789	0.014094	0.004440	0.013136	0.014205	0.027306	0.029676	0.013534	0.026696	0.011995	0.030747	0.026401	0.014315	0.021937	0.016780	0.016770	0.008168	0.032817	0.003769	0.028047	0.015992	0.035404	0.016049	0.018034	0.005136	0.032025	
0.009810	0.011770	0.011467	0.029405	0.029613	0.028612	0.031201	0.038766	0.012646	0.002406	0.031527	0.004254	0.009185	0.035680	0.002084	0.005038	0.011331	0.010260	0.033990	0.020627	0.001973	0.015477	0.025013	0.009611	0.022491	0.036008	0.027087	0.007478	0.004091	0.013412	0.007631	0.038886	0.024776	0.036818	0.026936	0.001729	0.009887	0.032267	0.010129	0.003620	0.027475	0.030685	0.016355	0.040442	0.034214	0.005272	0.026951	0.030363	0.034821	0.028431	
0.016033	0.008041	0.024011	0.012303	0.026777	0.008237	0.003281	0.040968	0.041793	0.033035	0.020169	0.000470	0.013286	0.012525	0.015197	0.031604	0.031934	0.033318	0.024630	0.030848	0.005659	0.023250	0.010950	0.019691	0.036712	0.031135	0.025262	0.001828	0.024169	0.022471	0.039113	0.025154	0.003574	0.032170	0.018127	0.000551	0.017873	0.034764	0.006459	0.003916	0.007979	0.013555	0.013276	0.027818	0.008312	0.013817	0.019536	0.041563	0.002114	0.040741	
0.018070	0.001505	0.024211	0.032693	0.006408	0.009034	0.004872	0.027461	0.018761	0.017502	0.017280	0.022858	0.024240	0.016684	0.021135	0.000094	0.036339	0.013394	0.022413	0.015141	0.002142	0.034211	0.011635	0.028928	0.026844	0.005934	0.004705	0.030280	0.037063	0.028448	0.033690	0.030529	0.025974	0.013001	0.022698	0.017780	0.035868	0.025903	0.028345	0.023963	0.016913	0.011448	0.008438	0.033310	0.023257	0.009067	0.015007	0.024263	0.030192	0.010067	
0.016145	0.012242	0.016497	0.006924	0.005811	0.036564	0.013142	0.021389	0.022459	0.037729	0.031718	0.012334	0.015096	0.023239	0.018080	0.028692	0.022753	0.003492	0.014244	0.010802	0.010548	0.036988	0.041764	0.040314	0.009483	0.022075	0.026952	0.039928	0.025809	0.039726	0.027814	0.038624	0.021629	0.006889	0.009491	0.016920	0.035818	0.017083	0.028174	0.012000	0.031973	0.004609	0.017097	0.002082	0.018929	0.006434	0.005054	0.002913	0.031033	0.002493	
0.019938	0.013666	0.020619	0.019626	0.011099	0.011787	0.016422	0.040759	0.039020	0.018555	0.001987	0.027169	0.024407	0.004011	0.009578	0.005056	0.003768	0.031140	0.012819	0.016114	0.002831	0.028804	0.010218	0.020151	0.030962	0.027056	0.036826	0.025161	0.026703	0.007832	0.031552	0.007933	0.001708	0.038743	0.031184	0.022026	0.019408	0.024487	0.009535	0.020613	0.003729	0.038271	0.006653	0.012588	0.012186	0.032483	0.011698	0.036157	0.041021	0.033941	
0.000448	0.032205	0.036993	0.011364	0.007255	0.038896	0.001771	0.031218	0.014396	0.024752	0.023289	0.020990	0.027427	0.025841	0.010607	0.001659	0.005274	0.001172	0.037729	0.031154	0.026162	0.035776	0.022296	0.018432	0.011488	0.013146	0.019165	0.037130	0.007282	0.029351	0.005143	0.037406	0.021048	0.013743	0.030133	0.006755	0.030156	0.001246	0.016012	0.015190	0.029380	0.033338	0.014991	0.008810	0.024309	0.027582	0.004678	0.012416	0.034448	0.028550	
0.025378	0.027687	0.042797	0.016825	0.009932	0.019872	0.005542	0.028544	0.016451	0.032063	0.008726	0.021945	0.012540	0.039445	0.011786	0.030407	0.014355	0.008901	0.035753	0.022532	0.041472	0.012745	0.029272	0.017214	0.021882	0.024372	0.009896	0.031542	0.004594	0.030627	0.037144	0.038669	0.005669	0.032292	0.005708	0.007010	0.003495	0.008092	0.002275	0.016550	0.011817	0.016219	0.003704	0.037739	0.008999	0.007060	0.024625	0.014823	0.029290	0.033724	
0.014734	0.028612	0.021916	0.036045	0.021631	0.032766	0.030371	0.020099	0.013269	0.004153	0.035502	0.034553	0.037062	0.013792	0.031829	0.028535	0.008571	0.002221	0.022027	0.003340	0.015918	0.023458	0.035730	0.014998	0.021301	0.030794	0.004475	0.024619	0.002890	0.002749	0.017275	0.019251	0.010470	0.035888	0.036433	0.027481	0.023240	0.033281	0.000505	0.013703	0.015889	0.002566	0.021251	0.031352	0.009915	0.035251	0.000724	0.015086	0.008145	0.024335	
0.006767	0.012233	0.041519	0.029447	0.024418	0.005902	0.034687	0.025048	0.001243	0.044412	0.008383	0.010038	0.039466	0.015655	0.027273	0.031771	0.025857	0.009794	0.006706	0.028740	0.023495	0.016629	0.008251	0.025370	0.013071	0.021863	0.010668	0.028727	0.015646	0.009465	0.013783	0.030175	0.008098	0.019860	0.013472	0.021349	0.002901	0.026315	0.027358	0.000585	0.022577	0.040611	0.014153	0.036371	0.008584	0.030374	0.027941	0.006720	0.004860	0.041368	
0.003064	0.022574	0.006538	0.006361	0.038961	0.022882	0.029151	0.003519	0.017636	0.020138	0.005493	0.012085	0.028671	0.006655	0.009744	0.033098	0.024689	0.042215	0.036609	0.038530	0.006616	0.004325	0.018698	0.039222	0.025252	0.027487	0.007391	0.004310	0.001309	0.003037	0.035863	0.040869	0.041928	0.010610	0.015132	0.027770	0.039212	0.025392	0.036424	0.018268	0.037531	0.005593	0.024520	0.003109	0.034057	0.016477	0.000438	0.014821	0.023390	0.002336	
0.013852	0.036788	0.022146	0.011892	0.031557	0.007223	0.004244	0.033387	0.034366	0.015176	0.020991	0.014548	0.024389	0.027308	0.032943	0.004267	0.019259	0.038402	0.036613	0.024573	0.000261	0.006845	0.002180	0.033767	0.024661	0.006341	0.025561	0.035588	0.009773	0.013113	0.007383	0.018410	0.003094	0.020256	0.017903	0.016069	0.033924	0.028277	0.019388	0.036139	0.016729	0.027038	0.009784	0.017170	0.002287	0.018968	0.014304	0.016356	0.028219	0.036285	
0.008272	0.004402	0.030425	0.013277	0.016934	0.028300	0.027920	0.030257	0.008644	0.026273	0.032877	0.002749	0.025546	0.002245	0.010462	0.027083	0.029224	0.026711	0.011654	0.032275	0.026279	0.008733	0.024682	0.026620	0.012124	0.020289	0.018057	0.011426	0.000829	0.024740	0.026570	0.014877	0.007870	0.031996	0.020062	0.011390	0.035231	0.020423	0.032156	0.034889	0.031875	0.005297	0.015463	0.031041	0.013028	0.023222	0.026904	0.010889	0.004434	0.033075	
0.029425	0.022620	0.024406	0.020499	0.003715	0.033185	0.025759	0.025904	0.032847	0.025589	0.034989	0.004385	0.011663	0.014684	0.020059	0.038977	0.013773	0.030631	0.025755	0.021886	0.017265	0.021901	0.003697	0.019760	0.037746	0.007868	0.030518	0.015261	0.028801	0.007161	0.005525	0.029148	0.019393	0.036653	0.009632	0.019675	0.009498	0.007623	0.008454	0.017510	0.014637	0.003350	0.027913	0.008079	0.018800	0.021295	0.024205	0.001669	0.035944	0.030269	
0.035492	0.036267	0.023359	0.022722	0.028349	0.010600	0.038038	0.006364	0.027218	0.008702	0.013481	0.004950	0.027912	0.011969	0.038232	0.034316	0.036590	0.011547	0.021922	0.018933	0.027307	0.016549	0.012517	0.025974	0.014447	0.005458	0.005724	0.001606	0.027450	0.022416	0.026604	0.017989	0.006883	0.029666	0.011814	0.017683	0.024589	0.015744	0.019461	0.035499	0.028547	0.022372	0.022075	0.005032	0.028321	0.020787	0.005510	0.021020	0.019282	0.004715	
0.014767	0.006955	0.015103	0.040432	0.038242	0.037870	0.017718	0.007936	0.021527	0.004451	0.039584	0.015433	0.000177	0.003331	0.001813	0.028276	0.035126	0.011758	0.010561	0.018757	0.010321	0.037973	0.020048	0.014293	0.002399	0.020218	0.030241	0.024722	0.003235	0.014416	0.016269	0.022624	0.040768	0.031518	0.035637	0.007189	0.002518	0.032816	0.028567	0.031812	0.001931	0.037821	0.029285	0.039893	0.028306	0.024211	0.011954	0.006663	0.002232	0.020304	
0.034997	0.036192	0.002085	0.022303	0.036107	0.031461	0.027646	0.007119	0.012740	0.005575	0.025649	0.013841	0.015932	0.038826	0.009001	0.014376	0.026205	0.038825	0.015803	0.039597	0.014970	0.018742	0.007846	0.027475	0.040118	0.030705	0.036869	0.001487	0.001022	0.002526	0.025619	0.002221	0.026877	0.030589	0.036661	0.022055	0.029717	0.019487	0.008515	0.013594	0.008515	0.037928	0.019645	0.003410	0.003869	0.019242	0.029597	0.024634	0.000564	0.001219	
0.038370	0.035055	0.023426	0.026664	0.032360	0.005566	0.039336	0.027525	0.006487	0.021541	0.037813	0.022400	0.004389	0.015524	0.029504	0.009339	0.022001	0.039432	0.003600	0.039379	0.031539	0.002147	0.015203	0.001295	0.002030	0.007046	0.010093	0.022827	0.018225	0.006787	0.008781	0.039487	0.000871	0.026595	0.022132	0.031953	0.017364	0.017478	0.038819	0.013518	0.002548	0.019834	0.008498	0.023449	0.017991	0.024742	0.020279	0.014572	0.037827	0.016361	
0.009736	0.007805	0.037656	0.040432	0.016685	0.014678	0.003855	0.024330	0.037808	0.021625	0.003990	0.030963	0.004478	0.027913	0.024043	0.021376	0.021637	0.031763	0.040194	0.030820	0.029270	0.002290	0.005327	0.020083	0.002656	0.017581	0.029831	0.034123	0.004673	0.036367	0.007431	0.012939	0.026074	0.023789	0.027579	0.019758	0.033922	0.009087	0.034848	0.013871	0.021891	0.000565	0.036041	0.004429	0.000774	0.031958	0.034111	0.005409	0.016505	0.005029	
0.013850	0.001113	0.001201	0.035885	0.012858	0.002770	0.013720	0.034209	0.019593	0.035785	0.024842	0.036878	0.003232	0.035694	0.010758	0.022747	0.023119	0.023513	0.034548	0.038135	0.009608	0.035911	0.016525	0.025066	0.010052	0.023680	0.014106	0.003544	0.002026	0.022491	0.023022	0.021498	0.007534	0.035720	0.024928	0.019076	0.008816	0.010836	0.008432	0.018357	0.025968	0.030326	0.027242	0.027891	0.026828	0.020945	0.008024	0.019564	0.018128	0.029402	
0.016364	0.036359	0.024622	0.028774	0.024659	0.037806	0.032851	0.025994	0.000638	0.025471	0.025055	0.004745	0.030854	0.021529	0.006871	0.010808	0.005293	0.035965	0.032711	0.028946	0.035357	0.003578	0.037265	0.013520	0.017258	0.037603	0.004485	0.031575	0.001925	0.008112	0.000418	0.009259	0.030059	0.030558	0.024430	0.030171	0.009286	0.030455	0.004369	0.007028	0.029178	0.004844	0.012048	0.023035	0.002278	0.003092	0.029900	0.025806	0.015850	0.030942	
0.037609	0.015255	0.028760	0.016922	0.012113	0.033848	0.031734	0.034216	0.011189	0.002977	0.019014	0.013115	0.031239	0.026095	0.034737	0.010739	0.014628	0.018454	0.012850	0.025640	0.000867	0.029064	0.035420	0.019775	0.025107	0.012824	0.004850	0.028757	0.014351	0.023493	0.004306	0.027412	0.012784	0.026788	0.012958	0.003886	0.003085	0.036313	0.015831	0.011105	0.013518	0.023648	0.020723	0.022254	0.030082	0.032090	0.019353	0.020762	0.021450	0.016008	
0.011768	0.034884	0.026964	0.014910	0.001433	0.029174	0.002961	0.033010	0.037401	0.008759	0.040172	0.033768	0.029478	0.040266	0.010054	0.006839	0.000665	0.023929	0.022685	0.017205	0.028812	0.004670	0.015739	0.024183	0.040308	0.022328	0.033442	0.013838	0.030163	0.002357	0.014692	0.030854	0.014569	0.006817	0.000256	0.029570	0.000196	0.020680	0.004050	0.005919	0.030955	0.024354	0.006229	0.036175	0.037365	0.011544	0.003533	0.001159	0.037578	0.041340	
0.018530	0.009620	0.003347	0.017060	0.002571	0.022237	0.017296	0.011486	0.006447	0.016056	0.031326	0.026090	0.002214	0.006621	0.027128	0.027410	0.038958	0.000710	0.006017	0.008806	0.024190	0.023828	0.008270	0.034443	0.022141	0.005252	0.003447	0.025322	0.032607	0.014789	0.024959	0.030224	0.033974	0.005296	0.034717	0.021152	0.009219	0.026784	0.020514	0.027825	0.038374	0.036387	0.021295	0.037922	0.028252	0.035757	0.031156	0.001932	0.007534	0.032506	
0.034507	0.023729	0.044455	0.037392	0.011100	0.020195	0.008818	0.028414	0.036829	0.001201	0.025205	0.013904	0.036133	0.013861	0.029998	0.021458	0.012345	0.016956	0.007569	0.008612	0.023515	0.026969	0.000512	0.034489	0.004599	0.016038	0.007710	0.014871	0.019776	0.010744	0.013500	0.020044	0.001247	0.026950	0.008522	0.017895	0.015392	0.002782	0.013061	0.001639	0.015654	0.036324	0.046695	0.022541	0.021889	0.035840	0.004277	0.038859	0.042101	0.022886	
0.026259	0.019557	0.025987	0.028955	0.008366	0.018613	0.035813	0.038113	0.025343	0.024699	0.020056	0.027549	0.003163	0.034033	0.037633	0.010097	0.000621	0.022530	0.033037	0.010529	0.030795	0.017077	0.017755	0.021797	0.000806	0.001471	0.014424	0.014840	0.035855	0.006618	0.003456	0.010891	0.034399	0.038595	0.021578	0.013557	0.010806	0.020034	0.027680	0.039029	0.023133	0.013908	0.006217	0.005815	0.017635	0.025125	0.015482	0.029727	0.003140	0.027402	
0.038544	0.002554	0.026649	0.024253	0.011045	0.021959	0.038768	0.003924	0.028071	0.031429	0.003790	0.039350	0.038887	0.000106	0.030019	0.037960	0.010498	0.012238	0.007234	0.009478	0.029988	0.030674	0.038907	0.009936	0.003852	0.013359	0.040100	0.018684	0.015345	0.037351	0.025701	0.012038	0.031224	0.026554	0.026630	0.003282	0.015112	0.022515	0.006904	0.035527	0.031097	0.008404	0.010720	0.000750	0.019319	0.028384	0.003534	0.013827	0.019615	0.003914	
0.005860	0.010979	0.007301	0.016704	0.015039	0.024345	0.013674	0.034621	0.013995	0.028065	0.002427	0.027104	0.006476	0.000471	0.026827	0.014061	0.009962	0.018962	0.003538	0.023492	0.035395	0.035513	0.022922	0.027698	0.037764	0.039562	0.004880	0.025666	0.029118	0.015091	0.025428	0.012910	0.022531	0.009343	0.025144	0.039060	0.000158	0.010797	0.021079	0.034423	0.027236	0.015819	0.025457	0.033692	0.029851	0.004046	0.030368	0.032169	0.007929	0.015050	
0.013139	0.015936	0.009524	0.005505	0.010752	0.034045	0.025890	0.025510	0.030521	0.009162	0.014471	0.019561	0.035386	0.011692	0.001930	0.020677	0.007176	0.009123	0.040007	0.024503	0.001689	0.004753	0.009874	0.011129	0.032718	0.016548	0.040202	0.028213	0.024986	0.000200	0.035376	0.014351	0.029233	0.014561	0.018684	0.007021	0.035563	0.016196	0.028540	0.031178	0.033811	0.009637	0.027098	0.030522	0.032563	0.006090	0.035782	0.032708	0.016816	0.009448	
0.045187	0.000253	0.017512	0.040334	0.037233	0.022619	0.010499	0.032225	0.004534	0.007617	0.021635	0.021997	0.004390	0.002226	0.034605	0.031399	0.031515	0.020902	0.027821	0.029777	0.010988	0.019619	0.006538	0.025514	0.010235	0.014941	0.024610	0.040292	0.039938	0.006942	0.011862	0.000296	0.037208	0.021907	0.004367	0.006085	0.014544	0.009734	0.001221	0.005048	0.007022	0.015684	0.014525	0.020869	0.032889	0.006238	0.041640	0.043291	0.030814	0.030858	
0.025455	0.018649	0.005117	0.030912	0.005901	0.004128	0.017381	0.028262	0.003137	0.034413	0.032610	0.023992	0.027037	0.034186	0.023897	0.010361	0.008356	0.033772	0.032311	0.030455	0.029949	0.007510	0.027759	0.011724	0.030168	0.003104	0.035392	0.012648	0.014041	0.002410	0.014903	0.023529	0.027424	0.034492	0.010292	0.034725	0.010074	0.004269	0.030753	0.033216	0.028667	0.029828	0.013290	0.029302	0.001614	0.023058	0.005850	0.032764	0.002296	0.004618	
0.030869	0.022400	0.002701	0.021289	0.017847	0.011705	0.024024	0.029979	0.002348	0.014676	0.029375	0.026541	0.038072	0.001915	0.035097	0.036560	0.014526	0.022104	0.007099	0.022049	0.026886	0.035534	0.001403	0.027588	0.029750	0.013722	0.013175	0.010148	0.011240	0.018199	0.029098	0.005325	0.027007	0.009166	0.036541	0.023981	0.020889	0.007497	0.037823	0.012767	0.018934	0.015471	0.017183	0.021289	0.010851	0.017833	0.028358	0.023307	0.021313	0.016542	
0.035292	0.013107	0.035375	0.008913	0.036713	0.008343	0.030833	0.026966	0.036402	0.004478	0.007581	0.025588	0.021808	0.019547	0.010036	0.018358	0.013687	0.036457	0.000491	0.007923	0.028415	0.017976	0.006042	0.017834	0.009486	0.015297	0.014708	0.014701	0.000898	0.033030	0.033053	0.028641	0.007372	0.019886	0.021091	0.020360	0.000637	0.021292	0.010974	0.020039	0.033488	0.030745	0.025501	0.018628	0.019078	0.031952	0.032206	0.024043	0.018579	0.026150	
0.006216	0.015504	0.010235	0.009701	0.009186	0.011740	0.032592	0.021828	0.009124	0.000012	0.001629	0.019984	0.012992	0.029578	0.031540	0.023464	0.027965	0.014950	0.023366	0.000389	0.021071	0.012987	0.016559	0.021274	0.017026	0.023696	0.018578	0.040553	0.015648	0.020349	0.037064	0.022953	0.009150	0.029283	0.040577	0.038988	0.005592	0.021744	0.005596	0.001132	0.043635	0.006187	0.030287	0.037788	0.038117	0.011759	0.020171	0.042569	0.036811	0.000862	
0.000988	0.035674	0.001157	0.006785	0.025085	0.007791	0.015208	0.000602	0.004650	0.034341	0.032765	0.016052	0.035953	0.021005	0.010670	0.030212	0.006818	0.036603	0.011949	0.033182	0.032983	0.006248	0.031990	0.027879	0.016032	0.007880	0.026441	0.002896	0.025607	0.035148	0.004407	0.007507	0.022667	0.025737	0.020375	0.014645	0.027259	0.029696	0.034873	0.010882	0.035486	0.023560	0.005734	0.028408	0.033112	0.026655	0.004084	0.017560	0.020641	0.026123	
0.026041	0.002508	0.030345	0.028594	0.037515	0.040927	0.027350	0.022590	0.016310	0.035659	0.040328	0.024367	0.002067	0.026615	0.009152	0.001887	0.037737	0.022617	0.001012	0.003076	0.026159	0.038080	0.021792	0.000125	0.012768	0.000298	0.008199	0.039484	0.006041	0.003781	0.040319	0.016288	0.032271	0.020566	0.037036	0.008586	0.002893	0.006895	0.000270	0.017325	0.039227	0.016078	0.036486	0.013168	0.015048	0.009899	0.020167	0.024828	0.020383	0.028843	
0.020407	0.023828	0.007311	0.017381	0.035741	0.005344	0.012467	0.013474	0.002132	0.024654	0.011397	0.001723	0.035164	0.009303	0.007297	0.020221	0.008139	0.026059	0.009645	0.009785	0.042840	0.005841	0.039350	0.000457	0.032319	0.024376	0.022521	0.034388	0.026999	0.022208	0.007728	0.021904	0.017715	0.036658	0.002769	0.024639	0.011612	0.012640	0.030626	0.020482	0.040211	0.008907	0.010166	0.010841	0.032326	0.016954	0.031537	0.038095	0.038783	0.032638	
0.027945	0.025960	0.020610	0.029737	0.032761	0.015009	0.039470	0.008778	0.008854	0.028445	0.029328	0.004089	0.023479	0.024600	0.034443	0.003493	0.008106	0.033632	0.012912	0.020828	0.021746	0.023528	0.036724	0.007834	0.025612	0.017495	0.004068	0.043581	0.033475	0.007957	0.010164	0.012979	0.018947	0.003756	0.007855	0.026620	0.019627	0.036763	0.001077	0.020976	0.005233	0.039847	0.011611	0.035432	0.006428	0.017943	0.006930	0.019651	0.019402	0.024258	
0.002365	0.032091	0.008939	0.039653	0.001036	0.023764	0.001944	0.017493	0.035152	0.026507	0.036028	0.034422	0.028680	0.011403	0.018702	0.029820	0.015458	0.004353	0.026449	0.034320	0.017451	0.025596	0.028617	0.010711	0.016839	0.005057	0.022719	0.011249	0.001451	0.034681	0.035910	0.005345	0.008728	0.028361	0.000873	0.024549	0.030264	0.030770	0.007888	0.021145	0.040588	0.004380	0.009265	0.037766	0.026630	0.032912	0.009879	0.024565	0.003386	0.013845	
0.004744	0.028811	0.001995	0.030812	0.038663	0.032840	0.012620	0.002363	0.039535	0.027679	0.039771	0.004098	0.028680	0.003928	0.040157	0.040402	0.009695	0.012080	0.008202	0.019455	0.021384	0.019989	0.029489	0.034349	0.030277	0.019805	0.007333	0.028089	0.044154	0.003265	0.039003	0.013594	0.022235	0.018951	0.018070	0.014810	0.002828	0.008780	0.034949	0.023980	0.003139	0.022868	0.026138	0.002378	0.019363	0.022756	0.002531	0.017810	0.020010	0.001141	
0.005767	0.032865	0.034764	0.007396	0.038655	0.019407	0.025774	0.010332	0.026400	0.008766	0.001222	0.041012	0.040221	0.016104	0.031407	0.018647	0.007808	0.022329	0.001258	0.036807	0.017827	0.019640	0.014348	0.001898	0.003651	0.021682	0.033515	0.008226	0.029682	0.038171	0.037564	0.020266	0.006985	0.002032	0.025252	0.031045	0.014656	0.039246	0.017146	0.010638	0.002923	0.024795	0.001753	0.037742	0.008025	0.017790	0.036069	0.038962	0.005990	0.005541	
0.017811	0.034202	0.003251	0.036285	0.016940	0.012031	0.022050	0.034079	0.034378	0.016960	0.026787	0.003958	0.027345	0.017762	0.011837	0.023965	0.035867	0.014419	0.033335	0.000844	0.016374	0.004924	0.025114	0.032119	0.008075	0.014525	0.030177	0.015134	0.021116	0.006817	0.001534	0.024836	0.017759	0.018547	0.035388	0.027185	0.021213	0.011568	0.007720	0.002725	0.032370	0.020045	0.018352	0.032090	0.026972	0.035995	0.026200	0.008353	0.029541	0.003125	
0.038141	0.007428	0.022301	0.003613	0.037764	0.017175	0.042487	0.014944	0.003644	0.005764	0.029718	0.038767	0.020420	0.036855	0.037702	0.030179	0.035584	0.028117	0.000969	0.003838	0.012665	0.004913	0.013234	0.031376	0.035435	0.011642	0.032283	0.000702	0.003628	0.028109	0.030855	0.031050	0.034526	0.021728	0.031815	0.007427	0.010571	0.008157	0.006113	0.010104	0.025806	0.003667	0.009691	0.020489	0.009007	0.005150	0.041967	0.004120	0.031082	0.027281	
0.005979	0.004629	0.012006	0.004301	0.001346	0.006912	0.044429	0.048464	0.015054	0.015606	0.002024	0.032162	0.031074	0.014959	0.048042	0.030423	0.016576	0.037742	0.013665	0.001423	0.001980	0.034485	0.028209	0.041487	0.012263	0.012988	0.001978	0.013366	0.038183	0.003608	0.045402	0.016770	0.004255	0.007015	0.017787	0.026268	0.015206	0.004135	0.015745	0.002514	0.033239	0.037400	0.017303	0.041837	0.030380	0.016088	0.047948	0.001395	0.012536	0.031413	
0.040055	0.022887	0.002207	0.017040	0.016292	0.027952	0.004143	0.025552	0.041323	0.013031	0.016876	0.035030	0.029066	0.004957	0.002689	0.019284	0.021143	0.009505	0.014409	0.030476	0.002868	0.007644	0.032576	0.018163	0.040842	0.011444	0.008496	0.001268	0.029943	0.024378	0.013576	0.010311	0.025572	0.032378	0.000347	0.009373	0.037892	0.015551	0.018490	0.034373	0.016010	0.036801	0.038191	0.001891	0.015954	0.004504	0.013520	0.038563	0.035388	0.029773	
0.007874	0.025678	0.010729	0.007509	0.024573	0.030439	0.025753	0.015481	0.021619	0.007953	0.025391	0.038668	0.003233	0.003239	0.011510	0.026864	0.027530	0.030556	0.029583	0.006052	0.024724	0.014005	0.028842	0.001650	0.002876	0.026300	0.004224	0.019767	0.030948	0.016035	0.010449	0.001435	0.025249	0.033983	0.023240	0.027232	0.009268	0.021587	0.037609	0.009058	0.025695	0.032536	0.038300	0.007803	0.022390	0.031557	0.006778	0.025947	0.038200	0.022080	
0.035872	0.018930	0.003435	0.003697	0.025532	0.015113	0.002126	0.001664	0.008110	0.007909	0.034257	0.023475	0.000996	0.027249	0.041542	0.043859	0.021870	0.004985	0.036875	0.016959	0.007437	0.023996	0.001099	0.040318	0.003073	0.008129	0.000827	0.018602	0.027866	0.036594	0.022437	0.015220	0.046286	0.007361	0.031318	0.036249	0.019558	0.021309	0.004964	0.002590	0.008836	0.023805	0.036767	0.037575	0.031274	0.018789	0.014660	0.013584	0.035649	0.029379	
0.008305	0.030737	0.029647	0.004624	0.019872	0.027552	0.025275	0.007798	0.020347	0.032788	0.007333	0.025993	0.034680	0.009766	0.026004	0.016940	0.002460	0.032916	0.018329	0.018644	0.029728	0.018940	0.006847	0.022081	0.025117	0.006098	0.024397	0.021923	0.016477	0.007544	0.000587	0.031239	0.004935	0.031929	0.016454	0.006121	0.025462	0.032036	0.019157	0.035240	0.026545	0.005738	0.023238	0.013003	0.025325	0.018417	0.019877	0.024435	0.031368	0.029732	
0.015152	0.034609	0.027821	0.010619	0.021012	0.024000	0.023619	0.007191	0.023447	0.016449	0.036432	0.031467	0.000673	0.020282	0.004369	0.013176	0.030728	0.027489	0.023654	0.035266	0.003929	0.031141	0.033605	0.009942	0.024423	0.017981	0.024068	0.018176	0.036350	0.032691	0.008135	0.000877	0.013424	0.024567	0.018853	0.030735	0.010629	0.010489	0.032749	0.037197	0.032677	0.005998	0.004702	0.035538	0.017707	0.001232	0.014443	0.004207	0.034779	0.001299	
0.013571	0.016384	0.004422	0.011457	0.030403	0.031143	0.028915	0.032457	0.009453	0.014246	0.008676	0.030625	0.010981	0.035723	0.015210	0.037378	0.022560	0.017710	0.035389	0.037279	0.031153	0.014495	0.019415	0.013597	0.018995	0.005697	0.024496	0.012671	0.017155	0.005151	0.003666	0.027175	0.018366	0.003868	0.002997	0.017938	0.035102	0.022917	0.015240	0.028787	0.036303	0.033143	0.004173	0.002951	0.028032	0.017719	0.033484	0.005866	0.026198	0.029269	
0.014319	0.016155	0.037573	0.018538	0.025545	0.007008	0.033370	0.005907	0.012286	0.003337	0.011764	0.032027	0.022985	0.024233	0.007712	0.025575	0.012283	0.009266	0.001112	0.026315	0.025648	0.027378	0.012116	0.020855	0.026629	0.023102	0.007666	0.006867	0.013498	0.002777	0.036613	0.036375	0.028251	0.032564	0.038703	0.024809	0.038694	0.030694	0.022739	0.009693	0.014201	0.034386	0.001406	0.020504	0.037749	0.022796	0.022256	0.011160	0.003274	0.019287	
0.038732	0.031295	0.000960	0.031340	0.029736	0.000140	0.032747	0.030912	0.007139	0.009218	0.013938	0.005492	0.020329	0.037360	0.000174	0.038472	0.001974	0.026714	0.003569	0.018533	0.001864	0.023200	0.017959	0.000827	0.014512	0.011726	0.028453	0.029689	0.007963	0.038029	0.028515	0.001321	0.038951	0.013722	0.013199	0.013855	0.032921	0.027627	0.017113	0.005992	0.029113	0.032397	0.034273	0.025811	0.001256	0.017667	0.019866	0.025506	0.039292	0.028602	
0.023716	0.014451	0.005006	0.030358	0.014219	0.002912	0.032381	0.013578	0.015768	0.001608	0.031470	0.002521	0.031116	0.035852	0.000835	0.011268	0.028877	0.013423	0.015489	0.028206	0.006101	0.035563	0.017195	0.020664	0.036384	0.023978	0.002345	0.024015	0.031104	0.014938	0.033381	0.017834	0.017865	0.001173	0.032228	0.017847	0.036632	0.035150	0.033188	0.025939	0.021603	0.020406	0.021119	0.026904	0.000588	0.013059	0.000706	0.022035	0.034871	0.022130	
0.018219	0.033108	0.025113	0.020773	0.028524	0.027784	0.004465	0.029809	0.024957	0.022872	0.022845	0.003517	0.030548	0.031535	0.010676	0.029891	0.026575	0.031810	0.016855	0.028413	0.016694	0.006931	0.028897	0.004280	0.012761	0.023247	0.022012	0.010159	0.029818	0.008226	0.030723	0.029393	0.031268	0.020495	0.023084	0.004736	0.030532	0.007729	0.019735	0.005356	0.025827	0.027440	0.015707	0.011534	0.023604	0.002336	0.014810	0.020536	0.000982	0.022860	
0.006622	0.012427	0.009008	0.003755	0.011432	0.019886	0.028617	0.034645	0.019324	0.016509	0.038869	0.022807	0.003830	0.015590	0.011367	0.038288	0.011634	0.026807	0.032799	0.014430	0.011068	0.002114	0.017610	0.035828	0.030106	0.004649	0.000560	0.039047	0.035438	0.038835	0.039321	0.028679	0.028637	0.006517	0.005762	0.000691	0.033788	0.008048	0.025318	0.029975	0.031846	0.003207	0.031842	0.011767	0.022808	0.012901	0.025730	0.030850	0.009812	0.018603	
0.001958	0.038672	0.006457	0.037139	0.013542	0.011210	0.025466	0.008153	0.013963	0.015831	0.028159	0.006820	0.035387	0.005959	0.016590	0.006820	0.025194	0.028404	0.034149	0.020445	0.033690	0.010287	0.023978	0.014237	0.025886	0.027315	0.012394	0.037336	0.036714	0.033742	0.006558	0.015333	0.004973	0.019779	0.021006	0.006787	0.024251	0.008712	0.011353	0.010698	0.019557	0.005187	0.003343	0.021249	0.032360	0.029741	0.033928	0.016149	0.034939	0.038197	
0.014618	0.024723	0.020074	0.006160	0.031662	0.018704	0.023936	0.012577	0.015867	0.021906	0.004520	0.010321	0.008309	0.031625	0.035357	0.008408	0.022698	0.033926	0.018067	0.026594	0.036890	0.013766	0.005924	0.005910	0.024124	0.027221	0.024832	0.011362	0.017966	0.012120	0.006137	0.005032	0.034457	0.014768	0.037066	0.005043	0.008876	0.020805	0.011587	0.033391	0.015710	0.029751	0.030724	0.018282	0.038748	0.015745	0.019522	0.030939	0.022352	0.030896	
0.035018	0.030309	0.028561	0.032498	0.023923	0.017011	0.030884	0.001657	0.025760	0.026323	0.018956	0.013268	0.027522	0.009409	0.031170	0.018396	0.005214	0.033181	0.027835	0.021648	0.008398	0.017506	0.023180	0.001637	0.022424	0.023266	0.030043	0.013441	0.027657	0.032717	0.025348	0.022475	0.033193	0.034606	0.016948	0.023437	0.026516	0.018033	0.013507	0.034683	0.003386	0.032105	0.001233	0.006372	0.004627	0.010993	0.001933	0.026702	0.002911	0.002179	
0.024688	0.029232	0.002593	0.019777	0.011483	0.025128	0.028492	0.013439	0.027539	0.011581	0.022877	0.035441	0.009766	0.034279	0.025375	0.035519	0.024688	0.006623	0.003349	0.008623	0.007949	0.033970	0.025464	0.019526	0.027876	0.005522	0.035034	0.011636	0.007256	0.014853	0.001653	0.021930	0.033163	0.022092	0.031071	0.015458	0.004238	0.032413	0.006445	0.022375	0.001900	0.031531	0.027135	0.001472	0.030076	0.035649	0.026156	0.005954	0.027929	0.031782	
0.001127	0.030764	0.027022	0.042853	0.030071	0.007449	0.010331	0.026839	0.001015	0.027582	0.034817	0.008734	0.005533	0.004416	0.000841	0.003968	0.017743	0.013571	0.020283	0.012060	0.042615	0.025182	0.020318	0.027081	0.028743	0.007663	0.009641	0.043184	0.004260	0.036370	0.024235	0.020278	0.041548	0.003880	0.015234	0.040130	0.022203	0.017558	0.042443	0.015313	0.005925	0.011116	0.009985	0.018934	0.031479	0.026601	0.012167	0.026243	0.031676	0.010974	
0.001494	0.024781	0.009153	0.038857	0.003327	0.000624	0.003596	0.013811	0.039236	0.029150	0.029646	0.011219	0.006484	0.038144	0.032541	0.019533	0.035942	0.039990	0.037609	0.008348	0.021577	0.036425	0.022499	0.011159	0.029353	0.018374	0.021099	0.039179	0.040235	0.014595	0.015706	0.000647	0.036582	0.019214	0.018784	0.014261	0.001471	0.014246	0.037994	0.035266	0.006734	0.006247	0.035439	0.004803	0.006280	0.022788	0.017267	0.000494	0.001997	0.025800	
0.017460	0.007243	0.012962	0.003632	0.037021	0.017998	0.000322	0.045802	0.000905	0.037420	0.007932	0.028486	0.029643	0.022610	0.039341	0.018952	0.017432	0.039790	0.003795	0.017598	0.014213	0.030104	0.023156	0.005976	0.021848	0.026983	0.024539	0.032086	0.032261	0.000978	0.018890	0.003550	0.032904	0.000241	0.024524	0.041043	0.014477	0.036215	0.012311	0.005562	0.017762	0.023878	0.020467	0.010535	0.038587	0.032406	0.021344	0.003558	0.018041	0.005217	
0.000979	0.013190	0.034123	0.007099	0.013084	0.028770	0.019105	0.017829	0.003905	0.030969	0.004350	0.003461	0.011064	0.014058	0.030688	0.028929	0.008064	0.011060	0.030950	0.029791	0.032283	0.006781	0.019813	0.025736	0.021091	0.025750	0.026498	0.016306	0.034554	0.035173	0.012987	0.023331	0.010447	0.020102	0.006876	0.023357	0.007048	0.032025	0.012669	0.024351	0.023512	0.022056	0.031805	0.024066	0.034467	0.023470	0.017116	0.016472	0.022418	0.025974	
0.003959	0.013514	0.026798	0.010509	0.021069	0.012524	0.016074	0.032174	0.009967	0.026601	0.012911	0.036939	0.007858	0.035832	0.032052	0.031647	0.019392	0.029688	0.009900	0.006018	0.034047	0.000522	0.032903	0.032083	0.036375	0.008137	0.009383	0.024005	0.008516	0.012807	0.012848	0.023953	0.006126	0.018947	0.003175	0.009786	0.005281	0.022638	0.034846	0.038235	0.035314	0.017753	0.020825	0.030700	0.027590	0.007546	0.013116	0.023973	0.022570	0.030578	
0.034391	0.006305	0.012473	0.028919	0.015844	0.018977	0.028873	0.000304	0.009194	0.005626	0.006678	0.026038	0.032595	0.027232	0.005047	0.029954	0.030184	0.022984	0.019759	0.032142	0.022009	0.002704	0.013692	0.024217	0.015117	0.025631	0.009781	0.016515	0.031753	0.017833	0.020926	0.032904	0.030968	0.015752	0.034990	0.011554	0.021142	0.025985	0.016603	0.034080	0.012837	0.027920	0.020663	0.012064	0.029705	0.002441	0.006726	0.002092	0.030726	0.037150	
0.016384	0.012828	0.039794	0.002738	0.003697	0.014713	0.038081	0.028940	0.017180	0.003486	0.016749	0.015215	0.000263	0.047029	0.006335	0.037186	0.001832	0.005910	0.008131	0.001233	0.016552	0.026953	0.046110	0.021904	0.008418	0.014735	0.040508	0.040726	0.024611	0.008275	0.021051	0.012184	0.022925	0.020707	0.018220	0.031698	0.023699	0.004184	0.017935	0.002272	0.041374	0.042581	0.028422	0.012403	0.008985	0.045022	0.006700	0.025181	0.034026	0.013913	
0.019303	0.017052	0.016377	0.028530	0.035723	0.007146	0.024551	0.013367	0.002535	0.005378	0.007088	0.004391	0.030790	0.030705	0.034634	0.028681	0.023526	0.014467	0.000458	0.003086	0.020270	0.036572	0.004110	0.031015	0.004250	0.004881	0.010463	0.004844	0.014892	0.029655	0.030882	0.024066	0.033195	0.016298	0.011703	0.008723	0.034852	0.017711	0.031509	0.025495	0.011803	0.037107	0.023335	0.036287	0.019703	0.020888	0.017105	0.033197	0.030949	0.026453	
0.021849	0.034980	0.031548	0.010052	0.002614	0.010326	0.026035	0.028085	0.003007	0.007319	0.001088	0.029602	0.028617	0.000405	0.028933	0.001891	0.029337	0.009514	0.009199	0.006498	0.026361	0.024794	0.025347	0.031757	0.016379	0.001829	0.017123	0.038392	0.025667	0.027184	0.011316	0.029456	0.027819	0.027377	0.031686	0.018112	0.023892	0.014331	0.012083	0.000547	0.028783	0.037183	0.034531	0.010899	0.020868	0.031181	0.012045	0.037087	0.005288	0.029783	
0.004575	0.018339	0.028690	0.015700	0.023382	0.025819	0.030233	0.036151	0.032878	0.008890	0.022888	0.022733	0.032714	0.025968	0.005125	0.021854	0.001181	0.008755	0.009841	0.029023	0.001332	0.031282	0.015605	0.017509	0.007775	0.034700	0.034951	0.029230	0.013301	0.002853	0.016537	0.002104	0.028824	0.011317	0.004064	0.002058	0.015041	0.022428	0.018765	0.025499	0.021584	0.035588	0.010910	0.013706	0.036296	0.036850	0.030772	0.038651	0.016787	0.018941	
0.036135	0.000630	0.009091	0.021168	0.023028	0.031564	0.035993	0.021149	0.010834	0.002099	0.007823	0.013385	0.015266	0.030040	0.012744	0.013857	0.007745	0.016569	0.027783	0.019803	0.045507	0.041266	0.039546	0.031551	0.019527	0.001890	0.025987	0.030626	0.019872	0.012790	0.017757	0.022643	0.020439	0.010192	0.041974	0.003763	0.012845	0.004013	0.038191	0.000770	0.019957	0.001285	0.040522	0.001603	0.006617	0.025326	0.039358	0.023409	0.042750	0.001321	
0.037833	0.002399	0.024076	0.038731	0.013199	0.016343	0.025879	0.007520	0.005014	0.026156	0.033977	0.004661	0.005432	0.018395	0.027257	0.040099	0.028732	0.038748	0.036781	0.004290	0.017134	0.032704	0.037373	0.011995	0.018982	0.023678	0.006527	0.018851	0.025304	0.012994	0.013248	0.037563	0.041329	0.034449	0.003412	0.013158	0.025606	0.011311	0.008989	0.008896	0.012933	0.014999	0.004825	0.031018	0.024152	0.001550	0.018289	0.013159	0.005754	0.034300	
0.018762	0.032436	0.028471	0.028946	0.020435	0.036518	0.030954	0.025141	0.010143	0.001030	0.000816	0.035453	0.002828	0.006295	0.018790	0.025309	0.025952	0.021325	0.032084	0.007481	0.013344	0.000143	0.000282	0.028800	0.027238	0.000853	0.022802	0.007123	0.003772	0.018250	0.032623	0.007143	0.030948	0.034499	0.006909	0.024026	0.037108	0.020045	0.008090	0.022514	0.008833	0.030372	0.014851	0.020969	0.036578	0.025313	0.029772	0.021390	0.034826	0.021416	
0.035642	0.018453	0.035340	0.021166	0.041730	0.009890	0.046770	0.001957	0.012264	0.003544	0.002480	0.012865	0.004806	0.042224	0.003246	0.024703	0.028418	0.009266	0.038993	0.009174	0.028217	0.018203	0.038828	0.034140	0.003610	0.040902	0.008156	0.013394	0.017301	0.034129	0.014180	0.035077	0.028074	0.010466	0.044256	0.013078	0.017874	0.008002	0.040465	0.012870	0.024831	0.015392	0.008127	0.026584	0.006045	0.006489	0.005396	0.030283	0.006475	0.006225	
0.025134	0.009442	0.009724	0.022607	0.024841	0.003190	0.028194	0.004204	0.037992	0.007004	0.006452	0.035928	0.003664	0.040896	0.005079	0.041358	0.002828	0.020087	0.039457	0.021916	0.031859	0.015646	0.008587	0.001032	0.038142	0.017708	0.002615	0.002364	0.014809	0.003866	0.017810	0.024754	0.024306	0.022871	0.032551	0.004217	0.023350	0.040445	0.030863	0.026477	0.031357	0.035706	0.012391	0.007989	0.026697	0.017771	0.016910	0.022960	0.022884	0.031067	
0.003167	0.011610	0.025911	0.011028	0.033276	0.034987	0.003709	0.022684	0.029549	0.018790	0.019203	0.009170	0.031647	0.026886	0.037902	0.035841	0.031457	0.009592	0.030783	0.018304	0.014859	0.012116	0.003492	0.004165	0.038302	0.011820	0.027152	0.028567	0.036601	0.010685	0.010041	0.000413	0.006298	0.034534	0.020633	0.003269	0.004685	0.005595	0.031291	0.028747	0.019867	0.029225	0.029728	0.016064	0.016816	0.022036	0.029576	0.021248	0.018034	0.018643	
0.034779	0.025083	0.004740	0.000204	0.005640	0.037696	0.035562	0.011526	0.036024	0.034286	0.025035	0.031171	0.012583	0.003895	0.013946	0.021443	0.014005	0.026115	0.004302	0.033785	0.007285	0.025389	0.032263	0.038273	0.014884	0.033571	0.026270	0.026894	0.013349	0.019078	0.038023	0.030327	0.000443	0.009496	0.002647	0.020746	0.031918	0.008810	0.015820	0.028934	0.018450	0.007069	0.027371	0.000111	0.006578	0.018116	0.037241	0.016285	0.007427	0.025113	
0.008728	0.013946	0.009164	0.021739	0.017886	0.025081	0.024393	0.026960	0.025127	0.010468	0.028729	0.034309	0.009968	0.039239	0.010810	0.017102	0.016042	0.035516	0.002082	0.013945	0.026877	0.007975	0.023650	0.018177	0.014828	0.012618	0.014290	0.026709	0.008619	0.007062	0.039373	0.003827	0.000511	0.007088	0.021863	0.009141	0.017844	0.021580	0.020341	0.009164	0.029687	0.018517	0.015122	0.037858	0.027621	0.030842	0.032804	0.039602	0.027391	0.037784	
0.015951	0.021000	0.008535	0.001666	0.025177	0.023203	0.019952	0.015809	0.020621	0.000198	0.001153	0.015374	0.009596	0.006282	0.008249	0.034063	0.024788	0.018285	0.023656	0.019130	0.002808	0.017817	0.016976	0.016473	0.026567	0.029061	0.013474	0.009117	0.035211	0.025460	0.026585	0.029714	0.005617	0.016005	0.017059	0.033611	0.021844	0.030004	0.028938	0.032417	0.028334	0.030567	0.018437	0.023578	0.015973	0.028089	0.019713	0.029392	0.025827	0.032645	
0.020564	0.027958	0.033359	0.018827	0.026250	0.029451	0.035497	0.035345	0.021181	0.017488	0.027130	0.036469	0.025251	0.015730	0.026749	0.012258	0.023853	0.022587	0.002700	0.035239	0.037904	0.020488	0.003741	0.018553	0.019213	0.010072	0.009556	0.002376	0.010940	0.029561	0.012259	0.028549	0.009584	0.016645	0.023079	0.000917	0.009016	0.032636	0.026150	0.031143	0.014339	0.013738	0.036242	0.002306	0.016960	0.028879	0.008789	0.010561	0.018272	0.003647	
0.017094	0.040761	0.021676	0.027484	0.028875	0.017789	0.022099	0.005467	0.010554	0.006476	0.036020	0.000555	0.016111	0.022029	0.008024	0.036091	0.001324	0.036286	0.032048	0.010475	0.013619	0.006590	0.017078	0.004394	0.029521	0.003694	0.038705	0.038971	0.033604	0.023723	0.026875	0.031865	0.003936	0.018645	0.035398	0.021370	0.016339	0.028582	0.020661	0.013011	0.020648	0.015271	0.000071	0.002735	0.035292	0.034952	0.014363	0.013349	0.024338	0.015163	
0.86
