50
2
-3.079352	-9.612081	9.538305	-20.458772	22.531841	16.705622	10.956563	11.122032	-19.282169	-0.953541	3.377704	-9.566280	14.829946	19.089959	10.192589	22.691296	-4.910932	1.062496	13.882066	-24.424039	3.165256	-0.351359	7.362290	18.519840	4.801275	-7.870785	-8.610919	15.361060	20.271461	7.477068	-11.500260	-23.355523	-22.543871	-1.870192	-16.578089	21.159211	3.135356	-17.042258	-7.038903	-22.662649	-5.061867	22.055414	13.076806	-5.308695	14.300378	-8.285444	-16.539054	8.890525	17.286318	-5.640312	
5.407424	7.836493	-6.543898	-4.364749	-10.826213	5.029065	-0.430895	-12.871253	0.695915	3.950863	2.308752	-2.361700	-11.005541	15.052994	10.644429	-9.345582	-0.922890	-12.710701	-3.564758	10.368486	0.830713	14.976265	-15.994476	14.058059	15.239011	-1.728612	7.325550	-1.233071	-13.189867	-17.162355	-8.272477	9.031855	-11.711514	9.987510	-15.873758	1.876795	-13.882597	-10.521980	-16.920058	4.544908	-9.245515	3.219803	4.349606	-3.197936	14.588563	0.939223	1.036846	4.251521	5.352883	-0.844482	
3.197044	16.271376	2.818667	-19.313258	12.408804	13.824690	-14.092548	5.507135	-6.424804	-7.190175	2.168584	15.580129	-5.343326	-15.730032	21.673482	-12.876087	-4.558195	17.088725	-3.329669	18.248878	-21.530099	-12.549317	-6.003429	-2.447306	2.661023	-8.245708	15.509908	18.908672	-13.650605	17.795004	-17.921379	-8.796641	21.964908	-12.439421	7.381299	5.547743	3.401393	-20.641167	13.284512	3.654464	13.459694	8.867685	-4.013800	21.994772	-15.398041	0.085880	-6.244992	-14.140157	5.121886	14.336336	
14.209791	-25.678407	-15.464053	4.408229	23.752189	6.726026	-3.250092	4.980564	-1.499236	-1.089902	-0.888139	-12.158946	14.084046	-10.928524	-28.830201	1.035489	-13.200407	-17.191418	1.388991	-28.094835	-12.072526	-28.230787	-1.991191	-12.526535	-2.417491	-18.928318	-4.967982	-20.482629	15.426130	26.237738	-5.623424	-13.296190	-7.787843	23.923008	-0.970232	29.398664	3.104409	-23.855395	29.269899	11.624947	22.127409	7.628688	22.938411	-11.079273	28.092645	23.217121	-14.523294	15.248831	17.746493	16.826206	
4.694062	0.507732	18.448557	19.958589	22.456238	-15.349313	-22.766320	14.954642	0.477922	-17.596081	5.947708	15.082830	-7.569930	-18.705999	27.208539	-29.422724	15.122081	15.602495	-2.886633	-4.635819	-21.824453	22.118487	-20.709908	15.810683	7.842130	-10.142230	-3.371055	28.286982	7.380518	-21.693343	12.321287	-13.101941	-26.959325	-22.677024	19.270654	-6.220018	8.336899	12.547965	-10.017634	-15.665347	-13.007639	15.215862	9.738695	16.510386	7.871446	12.728358	-19.854313	-20.603742	-4.483143	-29.831980	
19.608346	16.312945	-3.597902	15.015240	-5.010725	2.832060	23.439975	10.852787	25.894232	-25.092796	-21.891582	17.383373	-13.134951	-2.668565	-3.883170	3.875204	-10.046480	7.230346	16.071247	3.037381	-13.438366	-14.804042	-4.598484	13.863802	15.960080	3.256074	2.266033	22.909912	15.662991	-20.185270	5.075641	-7.325630	-25.634678	16.255211	-2.849627	12.144413	-24.821727	17.466484	-2.333981	22.866214	15.051968	-7.235717	-23.405731	19.795985	8.313781	10.931786	-1.276963	2.461483	3.513946	20.842164	
-0.409840	-7.880368	6.019627	-8.459689	-10.187692	7.842572	14.207518	-11.124960	11.710338	9.521409	-6.246210	-9.644700	7.865827	6.891475	3.643697	1.701372	-3.838254	-10.232912	18.107774	10.728956	-9.183059	-19.958350	9.925174	0.082203	-14.887184	-5.092361	2.996532	-2.849511	13.234771	7.936000	-6.637395	-16.732936	13.865241	18.254977	12.954349	-18.057611	-14.782287	12.819086	-11.505566	-12.093894	3.310024	-3.815975	-6.711287	2.023308	10.507913	18.158904	-17.027174	0.213532	13.451893	19.191901	
12.901242	16.946892	-7.579273	1.443229	1.780469	2.416156	-26.615331	-19.514595	7.863139	9.095538	-23.254431	7.547990	11.682067	22.301367	-22.731237	-4.773156	27.419882	-18.674254	-8.690905	-16.614213	19.722334	-16.154656	24.519199	20.774206	-7.111627	-11.936033	-11.167810	-25.109711	-0.504860	-2.397337	-18.804545	18.839711	-0.565502	15.308908	-10.707541	7.631792	13.182885	-7.447352	-9.802738	19.566675	0.013753	27.085690	-24.361271	-5.368008	-21.061341	20.968631	-10.313780	16.288975	3.048250	-4.393208	
-20.214008	19.944981	-1.326071	5.011768	-11.606892	24.957609	17.815621	9.718176	1.789603	21.504815	-4.767250	-8.696989	24.744563	-13.807118	-12.206557	14.745438	22.497214	18.626102	-24.259603	0.010933	24.094467	19.012953	14.937885	-3.395360	21.850805	-6.141154	14.693483	-0.560029	22.055237	-25.833538	-2.951228	-15.925562	-26.221088	-8.158870	2.057220	13.382886	-10.511003	4.608339	5.073547	-19.194933	-4.690376	-1.632694	0.838977	-10.767624	-27.454683	-27.137414	7.534280	4.958323	-5.228024	26.595420	
12.251644	-18.348643	1.686880	12.517796	-2.779612	24.002163	10.258547	1.152164	12.161520	9.541978	-3.725162	-19.953287	22.695822	-21.830001	-19.366142	-24.779790	-10.664834	-4.806930	-0.974736	-12.229514	11.638342	18.276632	1.593382	19.743121	7.461128	-19.728214	12.784464	23.391038	14.063487	-24.224256	0.673923	-3.704192	16.109555	-13.709707	-5.311891	-19.061781	-20.035016	14.190018	-18.849354	0.834933	9.565533	17.861136	-20.726445	-1.893708	-15.621227	-14.344862	10.911833	21.295238	-13.521627	-16.418626	
16.326627	-15.253670	-5.398428	1.972882	12.679226	5.298193	-11.668105	5.065880	-12.462871	17.485990	7.551299	-13.511577	-17.950373	-17.507641	15.270887	-16.796541	5.851909	18.366624	2.175063	-14.513804	-14.786832	-6.039690	-4.480381	3.773423	20.619390	-6.030928	-16.013513	7.374793	-3.852227	3.384326	4.307061	0.852710	3.869820	1.143678	10.111699	-7.145009	-22.477998	21.615483	-14.094957	-21.314400	-0.711229	18.240726	15.050310	-17.164230	-19.413886	22.842938	-7.368031	-20.305252	-8.322879	-7.817909	
-9.197846	20.959847	-14.309982	-21.949115	-30.518029	-6.252197	-17.223834	-11.275743	15.152456	18.256881	-26.502888	13.138844	-20.332324	-5.366966	-11.308765	0.053322	-20.731636	9.817375	16.067622	-13.549803	27.937113	-13.128453	-24.879675	2.855660	13.832201	-8.032879	23.681106	-3.177785	7.967783	1.673238	28.256165	-15.204233	19.965856	-23.749774	-10.776430	-7.193790	28.565093	-29.673370	30.090607	-20.981068	2.029584	8.071225	9.042265	-11.917434	-33.598558	-25.991352	-24.714594	-4.591661	-23.760158	-4.730026	
1.194792	-7.630723	16.089471	-26.707605	-11.809986	-12.235111	-1.067173	-12.510711	3.338220	-27.411271	-5.489464	16.042609	-12.400400	0.294663	-17.779583	-24.233327	12.163344	5.151085	-4.606787	-20.046448	-26.296857	11.510890	-17.128875	2.770892	8.123735	-15.818876	21.634607	-15.547726	-24.167235	4.281765	-14.057574	-2.329436	-16.984164	5.494395	21.181142	11.398419	25.601629	-15.085197	-19.814389	-9.244172	-9.902799	-17.248202	-6.256637	-1.663063	-10.264248	-2.984623	8.765274	-5.588406	-18.538386	1.807349	
18.654814	26.993109	-19.488549	6.584064	9.897154	-12.251343	26.087910	19.115956	-3.937487	-6.157845	4.001740	24.810908	-9.427808	6.875537	22.284456	23.924916	-6.141904	-21.476584	-23.808955	20.468928	-4.732525	3.875386	15.830292	-2.369127	25.631968	-26.333616	16.353343	18.081037	10.587705	19.206082	10.362974	-21.030968	7.693673	-13.281368	17.823053	-9.066819	-12.141945	-27.966033	-10.308464	-2.724564	1.760812	17.735176	8.205348	23.800783	-24.230584	10.099799	-2.552466	15.675619	27.452767	-14.038391	
-7.574089	-23.409375	19.765634	-5.562519	-12.047820	7.344772	-23.075425	-22.580403	9.639309	-23.353781	-22.782154	-4.671775	3.654917	-0.966326	6.669747	-19.815230	-14.923471	18.163428	6.246635	-5.338167	-12.304154	15.149746	21.970886	-21.267744	-20.469094	2.075618	9.011975	4.769151	-2.886805	0.352329	11.103650	6.880471	-12.789319	-7.149266	-15.066308	-7.757696	-12.343715	-1.224160	1.314989	23.817953	-1.365783	-19.734862	20.005036	-10.757811	-18.265379	-0.068750	-1.292469	3.604912	-18.989523	13.831708	
-19.894725	-3.836639	7.288815	22.180813	-16.076724	0.375326	18.339394	-4.166149	-7.293803	-2.424834	6.048194	-18.703029	-15.591253	24.440586	16.940078	-21.202618	-9.217560	-9.847941	12.680219	-0.351927	-7.641795	-5.644886	22.734562	14.853451	-1.092241	18.860993	21.890697	20.261660	6.992098	13.164318	-22.376029	-5.129239	-5.498651	-3.843697	1.171899	23.990592	0.033236	3.138230	-5.162650	16.492511	4.803972	-5.298267	0.581380	-14.831850	22.560079	-16.011748	7.555238	12.090980	-16.521239	-16.186298	
-13.887276	-10.091227	-9.919969	-11.090370	-12.145831	18.247338	-16.733486	18.788509	-2.364779	-12.276680	-18.176079	-17.996660	2.380461	-0.855029	-8.733808	-2.279386	-1.839377	-9.792310	-0.838467	10.283153	-20.171869	17.038517	21.375420	0.964062	-0.466931	21.902860	7.352790	-1.263575	-10.469078	7.943915	-3.455014	-21.471294	-21.644106	6.002136	-17.627643	-21.428205	-0.939491	-6.358495	-4.574650	-2.343950	2.923134	-10.500175	-19.090963	12.679805	-19.023887	13.698473	15.781102	10.638783	-1.011023	13.451995	
-5.994647	-14.130151	-19.721479	-17.016863	-26.208845	-2.292651	27.232723	-3.018145	-16.704531	-15.469928	-25.133584	4.814410	19.554437	19.145974	-11.797505	2.222629	-10.005417	14.481523	15.195081	17.252894	-0.816839	13.613163	-6.225987	-1.812263	1.587875	9.618655	7.699318	-26.618731	-17.154186	-12.319143	10.426869	17.937272	2.371896	3.973859	-7.878344	5.456377	4.842611	-13.668490	-18.528865	4.551670	7.096939	-23.993396	-18.984994	-27.247828	12.090976	21.303805	-4.120575	24.170154	-13.883585	-24.150811	
-15.887440	-8.464022	-17.131380	14.013701	-23.851417	12.144164	18.340106	-11.720247	7.065139	23.858420	-19.342161	-10.596562	12.377334	-28.265518	2.540770	7.913585	11.170837	-11.816276	-3.982892	-17.243803	20.172523	22.056361	-18.704869	-7.427894	17.583126	-27.276944	28.438580	12.717624	11.805510	16.626954	6.009451	22.883908	3.804450	-29.571494	17.566037	12.655139	-18.653813	-21.203378	2.123687	-26.462350	28.806780	25.328945	3.196237	29.241334	-11.356339	-3.187002	13.694637	22.869666	-8.869432	-24.188966	
7.867247	-8.143070	-12.420733	14.643073	19.948279	-14.984115	19.689742	8.324327	7.721636	10.333215	-15.119252	-22.024888	-6.795049	1.110740	9.435612	20.404251	13.717634	17.245797	18.684707	19.295164	-21.193588	-16.126964	-3.893538	6.744360	-10.721104	18.192688	17.616869	20.165543	4.059575	-20.426442	-1.437893	-9.788940	-8.783833	8.205648	5.167368	1.177862	-11.242490	22.108751	9.613830	-2.709100	-1.972993	-6.255421	11.647144	-16.360771	-9.383546	19.371701	13.652223	-12.675635	-16.232992	-16.692276	
16.767190	-3.635997	-15.107907	4.660529	9.453534	-3.802062	11.959473	11.477487	3.093952	-11.483703	-4.110298	-8.514328	-2.422591	-15.636617	20.543313	15.580059	-6.802727	4.636094	-5.757281	-12.166423	0.378100	16.258539	17.727380	-17.734589	12.799010	18.193730	-12.408872	4.611975	15.755110	17.122067	-4.667719	-9.993917	7.930878	6.152161	5.842014	-13.959075	17.963259	1.315013	1.938541	-16.790435	22.097205	8.340869	-23.318555	4.580243	2.847404	-11.786937	-12.772245	-12.704418	-15.412969	18.042185	
-4.151740	12.600955	13.601175	-7.891292	5.664751	-10.683785	8.693251	-18.581925	-26.973552	6.616516	8.804957	15.514133	20.282351	20.379486	27.289919	-7.722427	-20.028053	-23.944679	27.626040	-22.687145	-7.134011	-24.868340	-7.338747	10.335771	13.532691	26.120770	-7.973596	14.601198	22.943616	26.994985	-18.221612	25.305623	-16.539318	24.276410	9.347330	24.749627	16.666011	-26.680023	7.689738	27.620164	4.518491	24.847373	6.235543	1.600040	7.857842	24.753065	-12.675032	-10.536450	12.950249	6.536419	
11.843588	-6.759446	-18.329483	13.369765	-20.827239	-9.862951	15.386901	21.402601	0.512840	-8.726185	-16.681936	21.047261	-20.055768	-2.863574	-7.162691	-20.716427	24.517380	-20.206599	12.935505	-8.695479	17.935668	5.024309	14.563397	11.300573	-23.117675	-16.937278	-14.403071	-13.609708	9.834848	-0.970253	-24.093025	3.783762	3.726460	-11.301580	-6.968712	0.576920	21.830554	19.619170	-5.383392	-14.212513	11.595227	-7.826061	-4.323063	1.468058	2.774370	0.638591	15.504085	18.658524	-15.373458	16.556926	
-27.073654	-6.821399	16.567048	-16.585569	-24.880513	0.295111	-0.074424	16.526559	-5.827250	-0.168830	-13.645234	10.563865	4.219864	-12.921016	8.660234	-10.111553	-27.770875	20.543220	-24.091907	-4.121894	14.549942	20.327584	4.766104	1.461333	27.106061	-15.751881	26.901132	-24.729762	3.441438	-10.098780	-13.604984	-27.176974	9.738414	4.835798	-8.670873	1.432652	11.041812	-24.250967	-13.434339	25.515440	-20.231902	1.891581	6.306881	-12.924687	-6.086702	18.168344	1.467062	-22.019397	20.681000	-15.968494	
-16.439108	12.215675	15.524839	-15.095995	11.463771	-13.509770	9.221397	6.419252	-3.681872	-16.640413	-11.802745	-20.680509	-16.176289	10.474513	-8.913584	9.524814	5.891589	14.563274	-16.045595	11.208510	2.938139	-21.600177	7.301684	16.041951	-2.026028	6.143161	-1.017232	16.027181	21.040923	14.369717	2.208157	-9.081262	-19.425525	9.072794	-3.428190	-14.784104	-9.667325	8.611466	21.408560	-18.982594	18.801598	15.664582	12.247840	15.342329	-1.793639	20.772005	-12.960678	-2.532014	17.797530	3.969766	
-7.979661	-9.022004	-4.415357	15.930485	1.365628	1.261776	-13.364042	-0.627489	-4.733463	-13.869435	-12.779865	0.188069	4.492463	-8.888134	12.971736	-6.114626	-7.203665	-2.586792	20.843306	-1.515170	17.104907	10.575142	-3.568259	-14.869593	16.058289	15.496687	0.366792	6.076448	-10.028734	13.345820	12.924186	20.858414	7.677653	-18.499740	19.013890	-21.315376	-12.959643	-8.975870	-13.784012	0.101243	17.911617	-7.457532	18.516119	-7.161466	-20.885954	-20.549655	-4.106318	-9.295979	-7.837681	21.784639	
8.694564	9.384042	-11.648167	-11.543662	11.553708	13.834733	-12.663638	6.282579	0.360337	3.031143	24.131177	-7.350382	-12.248514	-22.152695	23.940903	-3.907154	-0.999297	-13.465583	12.026308	1.072600	10.093991	-2.510028	-23.961201	16.593590	-12.759023	-24.411713	-12.326603	-9.586646	13.132094	10.436021	25.559193	19.475083	-0.610076	14.673877	-0.606074	13.174184	-15.086183	0.341582	9.280980	-14.721364	2.407199	19.996090	21.931841	-1.414947	6.723776	-9.431283	6.153227	-19.374904	23.236371	-8.089675	
-19.998262	5.690054	-11.871864	4.976512	3.706344	5.950498	9.280235	17.536387	-3.387214	2.503835	-16.709441	-18.582749	17.315362	-2.282691	18.106060	-13.068568	-16.728382	-11.906854	9.891219	-15.699302	0.746492	2.773206	-14.468385	3.429155	-19.116302	0.443665	-13.603014	8.335521	10.246507	19.318345	-21.480046	-17.158001	16.869608	5.487741	12.330719	4.602465	1.175872	-2.470701	-14.023881	0.229086	6.440491	5.781905	15.311486	-12.097480	20.756017	4.740614	-0.977740	12.356969	4.285603	-15.258807	
-7.895025	8.448539	-6.455899	-18.796679	-26.473828	-6.416849	3.786547	4.827268	-2.220119	23.576684	-13.055601	4.441802	-5.223748	14.202742	20.437007	-24.440656	-4.415272	-18.411100	16.650304	-2.046796	12.511030	-11.837783	2.590309	1.479652	8.214123	0.610537	18.725766	5.595089	-13.402397	18.276237	-16.952851	-0.365851	26.686936	16.961737	4.509298	-11.532430	24.176971	-11.902944	-10.546684	-14.743291	-11.716704	22.236942	7.817461	11.458451	-0.047061	26.660809	-10.099176	12.263008	-15.580125	-24.748162	
-23.356552	29.162405	6.031433	21.339841	-3.198449	23.902502	-6.281041	12.274445	-22.429414	3.906002	6.317621	10.774849	-8.621100	-6.987090	28.879851	-24.580809	-2.320726	-12.348400	9.830301	7.196710	-17.654146	-23.935759	13.870365	19.993135	-5.072776	26.533057	30.924559	3.935947	15.605797	0.443762	-15.277831	30.507258	5.672212	18.354626	17.090200	2.641811	6.263648	24.203454	-24.726474	2.636211	-21.928618	-3.684287	-13.237222	16.296672	14.297927	-4.615287	4.986809	-19.124583	20.691141	-26.598694	
23.307821	4.842044	-16.831733	-16.126768	-14.539835	-1.100415	10.788108	5.412278	-22.070868	9.685946	-1.271901	-6.525394	22.149059	-13.571568	10.933911	23.581187	-8.793778	13.939277	21.475865	-19.665591	-23.943915	20.349365	-14.168384	21.241853	-3.536603	15.833791	9.158804	12.401916	20.739808	-7.182051	-21.022557	23.060789	3.525879	-13.058447	22.697977	16.603609	-16.517719	-19.839257	20.766752	-11.584263	-16.017548	14.602719	-3.489027	24.204979	20.298021	-3.453050	5.167188	19.673337	9.296118	4.644777	
23.998875	22.857524	1.680986	2.021056	-17.426700	22.804161	9.391060	10.089226	18.340127	-13.196667	11.259967	1.074630	-18.924030	-12.887907	20.939571	20.439147	-9.777520	-15.207142	4.954520	-8.609887	9.148245	23.305304	17.554037	-11.469652	-14.476717	-13.867386	19.146036	13.161920	-13.713025	-0.762318	0.855350	21.246792	-9.985645	-13.677459	18.336782	15.564613	0.023305	-16.228601	-6.114770	9.292049	-12.998285	-2.736410	1.562317	-18.048056	4.319408	10.142727	16.404968	-0.761999	0.777058	-8.741633	
15.660307	-11.417153	-16.428006	22.593386	20.233264	-8.425032	8.976753	3.719775	-2.963364	-12.474081	6.939452	-6.915811	14.066813	17.037557	1.307235	-22.956042	22.989701	-7.138913	22.628088	-14.515142	6.590154	0.031825	0.239962	-15.572991	11.103012	-23.298207	10.976940	23.154312	2.932432	14.646440	6.044562	19.626571	12.244354	-16.722947	23.413572	17.359422	18.922239	14.345519	10.812169	4.086337	13.481602	-12.270593	-2.631001	22.129509	-7.629744	2.031600	-23.829974	22.592379	-2.589422	-20.657605	
-27.456796	-0.014770	-27.629337	-17.349700	5.431881	-5.843050	20.858267	-5.288916	-18.143965	1.920936	26.528424	-15.945853	-4.348353	-19.900180	-4.612419	4.342367	-17.492217	-11.783336	-18.685204	25.697677	27.346999	23.231991	6.700476	5.500195	15.601772	27.346929	2.371537	8.133143	28.593666	-6.290592	18.212854	23.492050	-4.817648	-9.852134	-15.099156	25.564752	19.268312	-15.825880	-14.280656	18.290154	13.371014	-11.165150	-11.101637	25.465338	-15.982429	16.720086	-22.510888	-7.624548	23.145526	-22.626775	
-6.899938	-29.553795	28.202879	-6.959414	22.448433	0.003886	-12.242068	8.551451	2.913337	14.415315	19.279388	-26.594266	15.313577	-19.488116	23.187831	-24.080341	1.374223	-3.009512	17.101905	13.027684	19.858650	0.743618	26.229532	29.745272	18.607401	-13.805226	-4.707154	27.330977	25.726532	-7.541032	-8.967907	21.851347	-10.505276	-27.770570	-25.763553	19.105800	-10.116954	-28.734060	24.887272	-7.041408	-15.012965	-4.748509	-10.267621	-28.350448	23.164849	18.699913	29.551708	-15.247402	-4.399818	-13.750251	
7.834211	0.972660	-11.106735	1.122594	-13.345581	-4.820963	10.161592	0.757822	-15.395956	-10.666398	-1.662389	4.219522	5.319029	-13.798595	19.993425	-9.941514	15.856121	17.445062	17.676936	-15.429826	-22.061082	-4.899358	-22.481801	-4.304033	-3.341065	16.399186	22.252078	8.956599	11.752325	22.803231	-9.980978	-22.389350	-18.252494	-12.581536	-19.039374	16.252575	9.008988	-8.353537	15.775464	8.279638	15.987833	14.262474	-5.783740	1.428320	-19.693801	-11.872041	3.846652	8.745194	22.455679	-15.701728	
-11.831804	-12.499079	-7.503558	15.372649	-25.241546	-11.299344	2.929053	25.146237	11.694817	-2.585076	13.591003	9.515286	-25.448472	19.541280	-8.854776	-13.092791	-18.916253	-15.508916	-10.681772	-21.685760	5.838253	7.017927	-21.192497	-14.159833	-1.118121	17.324075	9.266457	26.591622	7.274934	13.133739	-4.989066	-1.762844	22.473181	12.625053	-10.308703	-7.282164	23.604262	0.198214	12.302669	-17.490768	16.736425	-8.788435	23.764097	21.220307	11.839311	27.116986	-21.336247	20.168858	24.842986	21.862933	
-25.509751	22.219702	20.525744	-30.514811	27.620165	0.032744	-25.699729	-24.396334	18.014081	-7.483055	10.589516	16.876957	-18.242456	-2.208422	10.913158	-28.952946	-17.930965	16.860171	25.064780	-29.375436	13.462012	-26.382459	30.228354	18.119187	28.174526	-2.948895	24.894014	-23.444715	26.516609	22.275110	0.653059	-12.579314	-7.107875	2.822537	24.983554	-16.542066	-13.106300	18.312399	-0.761367	-14.416409	27.599353	29.198854	18.861303	-13.687194	24.116756	27.154411	14.919228	9.321359	30.010778	12.247164	
-5.276487	6.376688	-15.827584	6.082814	13.641412	6.485150	-17.335157	14.033440	-23.502374	21.850577	-8.062725	-9.219883	-2.797609	-6.577914	1.308931	-11.129557	-6.836936	14.624509	-2.924000	19.723127	3.923294	-16.670861	-23.690880	-0.996295	14.458167	11.972745	11.966163	14.168585	11.730497	-6.670073	9.944103	23.448207	4.198910	-18.002420	-0.169869	-13.645919	-5.489146	-16.849740	-22.862088	-21.582347	1.483164	-20.742274	-22.581188	-22.027082	19.420652	-5.482949	-4.199646	7.606605	-9.742776	-0.905085	
5.113143	1.048804	-6.133886	-18.521380	6.691622	4.398009	7.006290	4.925303	-7.951416	26.463188	19.748347	11.447867	8.585626	-15.191915	11.141966	-3.982896	18.855397	-18.651483	-17.162530	-15.894233	22.205891	-20.826837	18.116325	-10.584831	22.706289	-13.196756	0.501718	3.786083	-9.362221	1.540692	-21.920349	-25.279907	3.246147	-2.961329	23.955336	-11.365118	-8.780308	-17.632022	-21.734765	8.465906	-19.025711	23.486816	5.277541	22.221323	10.731828	4.440248	0.408473	-2.876733	-27.002269	-13.042690	
24.700566	-29.665555	5.938073	-16.224570	-22.952069	12.758548	6.858173	16.872175	-24.505048	-13.585315	18.677285	0.985662	12.992076	16.674540	-30.258821	-27.110501	13.649108	8.442070	28.896415	-11.690496	-26.249918	23.917895	-4.468579	-16.928793	8.137902	-26.725220	1.782755	-9.707704	13.331464	-14.269099	30.021190	30.830008	5.462347	8.668302	17.593056	-21.531854	-24.975074	17.229281	30.522252	-16.411080	0.095012	-18.848297	-25.688405	-8.385906	-18.383933	-6.532604	-22.368585	12.080962	11.651075	-27.061696	
23.392920	25.656459	-24.707855	-9.735485	-32.766508	17.918393	0.032068	21.271006	-19.098677	25.223902	10.518516	24.146946	-22.615150	24.844923	-24.412018	16.335505	21.490091	-30.022094	24.886299	-20.628397	-23.177693	4.240775	-27.084176	27.619774	19.751168	-4.629428	20.174959	-28.624228	3.323279	-0.577109	-8.753613	19.776539	2.528781	14.505732	-5.313040	-14.753129	-8.415601	8.060024	-15.857165	-13.377494	-17.867750	8.267159	-15.333003	2.748544	9.912448	-14.174446	-15.490575	-28.076417	13.658655	-2.874348	
0.168072	1.146170	-19.832791	6.002457	16.078735	-17.982537	-4.312029	12.368819	3.123606	-13.295554	4.254409	7.495775	6.240398	-12.294171	-20.224357	3.478618	-2.903366	11.343644	-9.356499	8.950270	-8.380749	8.931659	-14.918084	11.619111	7.839813	12.704499	-19.191908	-3.653740	-7.311950	18.369501	-2.734715	-20.187064	-4.076002	18.076509	-20.560740	-15.962033	3.747884	14.378183	-19.163489	3.420683	19.583137	3.957039	-11.375782	16.269621	-14.785259	-12.748370	-20.880335	-14.993681	-16.494770	16.023028	
23.031628	-5.794196	-15.178866	17.311570	1.770868	-19.043443	-19.810440	17.266369	-13.633993	-17.284023	19.920135	23.019927	-21.707314	-10.129867	-14.418518	6.205003	20.859938	-18.254551	2.156781	-16.907844	-14.025686	7.725730	4.100834	10.762289	-6.659894	19.427497	-4.274909	-8.361831	-5.868486	12.936509	-3.698627	-17.234570	10.385820	7.590686	-8.518187	-6.832831	0.488504	-10.029004	-19.284308	22.413999	8.676235	5.314281	-0.763193	4.066545	8.617048	19.598810	21.970925	-21.124275	-4.150871	20.858664	
5.741861	-0.632486	7.211779	-6.297045	-4.835348	11.869520	-16.593894	18.345662	-13.301084	24.319745	21.013479	19.606405	2.571604	-2.831878	-22.019367	-5.392531	21.002315	12.712224	-4.096353	-11.900875	24.942067	-0.712243	2.848387	26.809554	17.259951	24.440740	-19.760755	23.916230	-7.042525	-6.678342	1.375065	-17.630968	4.240207	-3.901794	18.083015	25.278805	-13.451407	19.665552	7.864540	-17.514068	-6.392908	12.697828	2.391704	16.571942	14.757973	25.553832	-16.111615	7.137748	-16.163045	-25.961993	
0.817738	12.597029	6.523886	-16.560204	-5.373962	-0.632307	7.425059	6.713535	15.697713	-18.624575	13.425808	-19.091987	9.401131	-18.925498	20.297186	-12.500457	8.399135	2.306361	-7.687705	4.218602	7.091717	-16.281825	-17.205977	-9.937059	17.049796	-9.633525	-1.560997	-14.118238	5.043191	19.641463	-15.031044	15.255637	11.452505	18.327801	20.801363	14.736044	19.255491	-14.433123	5.424650	-15.788163	16.133600	-8.665444	16.331565	5.213350	-15.589146	-1.130084	20.395309	8.789060	-15.989281	-8.160448	
11.551873	10.785581	10.102624	-15.471255	0.538187	9.336074	10.741849	-17.272732	17.842733	9.824578	18.386875	16.551244	-2.886282	18.742151	16.863753	5.983588	15.541682	2.924372	-18.126802	7.361780	11.173637	-16.779801	5.932624	-7.870450	-8.300570	-17.812173	-17.110224	8.634574	-15.291713	13.809730	1.442659	-1.766103	4.232205	10.946727	-9.254578	-8.853110	-4.375166	10.046841	-13.443668	-3.936049	-17.510111	13.468836	17.731620	-2.495770	7.579630	-4.514032	-2.477624	-1.859824	-6.522101	-2.611450	
-11.516844	18.439651	-7.024878	-4.847790	3.879398	8.733997	0.177689	24.008072	-6.830508	-23.050025	0.044057	15.789873	-25.998686	-23.255256	-22.082540	-18.824650	2.520894	19.214670	-9.014159	8.381705	-10.620863	14.309102	11.294090	18.636128	-13.749914	-18.983260	-14.239465	3.749972	25.049077	1.411194	14.178286	3.006305	24.848159	2.597607	-24.858197	-4.216425	25.769785	-1.439879	-17.133029	-16.011410	25.061369	8.975433	-17.189867	12.439143	-0.380176	-19.169976	-10.163467	-11.075430	5.558651	-17.109581	
-7.971269	5.363864	15.629432	-2.879246	-1.303460	16.529906	21.281903	-11.721732	14.935048	11.026367	-15.612104	-5.718868	-16.493262	4.479103	-19.170746	-18.087363	13.151125	-8.723088	-13.429268	10.737041	2.828221	15.339587	14.328596	-5.044897	-9.831365	-11.840903	-20.371168	12.471295	-15.141926	1.014584	15.437717	-0.940069	-11.350291	20.529853	-10.170176	8.184940	6.412873	1.002209	-4.836366	-18.481852	-5.386230	-4.666949	-21.923172	2.681450	14.695479	-15.088948	20.791000	-9.420677	5.196381	-14.722278	
19.303951	1.199649	21.333604	-13.541328	7.525160	13.944191	-10.327738	2.214955	-19.008419	1.432642	-7.432042	-2.551999	-7.774286	-6.925785	12.794148	23.822801	0.192073	-11.997016	0.490210	-7.691059	13.162647	20.344117	-24.837411	11.366005	9.920694	-9.704573	-25.879640	19.564582	6.344459	-15.192902	-20.544792	-4.217456	25.992112	-2.267325	21.629668	24.751250	-21.749550	-23.216598	12.495965	-10.490108	8.459015	25.358083	-6.642697	14.817724	13.108683	20.584995	-2.245997	-8.329717	13.928047	18.061441	
-22.699453	20.033542	16.404195	-0.776758	4.548127	-5.637139	-25.557837	-8.957883	-15.518803	14.448212	10.817613	-3.905098	-8.943659	14.811726	-2.359195	-4.884695	14.139716	5.653176	22.236659	-15.845338	14.404350	-16.894189	12.630140	15.081819	-0.507341	-3.782090	-22.811079	25.660769	-8.055012	-0.822170	11.837868	23.285422	-2.222651	4.645818	4.310635	-20.944270	-17.099234	-19.821928	9.899057	20.759628	25.701161	10.414007	-20.928168	6.684727	-11.808003	-4.018645	21.265690	-8.434208	-14.963961	-7.994464	
3.118847	-20.454929	11.275863	9.103609	12.213488	-4.424662	8.810574	-16.275336	9.586008	-16.736883	-20.786981	-6.599508	8.703667	-13.053494	4.452295	7.872259	-15.099332	2.739804	20.467287	-9.267439	-5.037303	3.869413	-19.369259	12.907521	5.950648	-22.840285	-22.505966	-16.144720	-9.482914	-12.223100	18.274842	16.039927	2.728904	-0.676437	-11.634584	-18.564073	0.122822	-22.907431	-6.148378	9.521436	2.882650	-15.994037	-1.540826	14.714544	5.165863	-19.078061	-11.759281	1.175463	-22.207736	-16.776294	
-8.128902	23.898542	-14.234254	1.048102	20.362774	-14.073627	23.357346	-6.567030	-5.555352	-10.503543	1.182463	14.759388	24.626057	26.053482	-7.502288	-25.505753	7.034742	-6.565161	19.584071	-19.131090	-3.892342	5.415275	8.426649	25.633118	18.663503	-2.510596	19.976330	4.217712	-11.013102	-25.113442	-17.347485	4.658045	2.733764	-18.715555	5.468896	8.415497	16.278551	21.891069	2.996571	18.507232	-16.568169	17.178827	22.422535	9.572944	16.287880	11.110792	-17.579086	24.225913	-22.739183	-13.829911	
-5.536179	-12.972447	4.433132	-17.326725	-4.791798	-16.510104	22.023949	-15.738812	-2.536904	10.249220	6.646790	-17.608458	-13.616688	-13.063341	-16.997375	3.248248	-6.295031	-5.121948	-16.270715	13.767922	10.752020	-6.129504	11.167657	-4.688628	3.824837	2.236454	-0.109657	-4.793631	7.709450	-14.629180	-11.890396	6.986600	13.093024	-9.194414	19.892963	6.134871	15.395695	19.946079	-1.031218	-9.392433	-18.210451	-11.899008	-20.886331	-5.814819	-15.419022	6.374284	5.579995	9.112302	-10.088219	-17.147211	
-2.279900	5.425527	-0.631836	2.101420	-17.769937	-1.254561	15.016685	1.145999	16.817104	4.845882	10.513216	-1.446341	5.850799	-14.406833	11.025346	12.008919	12.310385	-14.105195	-16.411610	19.974735	2.407148	17.649440	12.190646	2.979751	3.792416	-8.186459	-11.254783	5.207678	11.550683	2.092100	-16.124891	-18.909676	-5.677017	-6.650032	2.605767	-1.422961	8.201100	-6.904997	5.860007	7.601189	-1.795356	-3.498777	9.158435	-10.945934	8.523496	-13.754753	-11.516030	12.902567	8.692058	-2.044780	
19.690570	1.423604	20.084635	23.356320	-13.602368	2.852649	-1.908205	-5.603562	-8.659939	0.990265	-8.149512	-23.352419	24.147167	-1.576889	9.126979	1.468387	-17.975079	-14.592362	-13.654773	4.171105	-23.842854	13.663776	4.671791	1.886543	19.466053	5.393895	17.741016	-5.019187	-10.753041	-9.965785	2.444807	24.746533	8.598679	6.676883	-23.583329	13.716197	-10.388650	-7.722943	26.244885	20.513727	25.704053	14.195362	26.061962	-24.963279	-4.422206	4.957828	7.266280	15.837970	-13.579418	19.854230	
19.854690	-12.541401	19.539068	-15.415043	-21.311675	7.369023	3.939173	-12.715790	15.755382	16.736060	8.204680	21.254024	-15.110852	-7.831411	14.771638	1.580994	15.168442	-14.635822	-21.337595	-20.245170	6.812997	-6.042808	8.343608	18.385564	7.183929	14.063829	-6.795353	-9.997025	3.971696	-18.600263	-16.385115	-13.555855	-16.021289	-0.122013	-14.557353	2.940122	20.687663	11.904243	-19.492021	14.817920	-6.983688	7.470406	-18.474898	-10.419412	-13.001245	-9.628350	16.701340	-15.305474	17.105606	-19.126534	
8.043573	24.094975	-18.800631	-11.179132	23.655463	7.141871	-13.807706	12.964796	15.697101	-16.978679	-15.739977	-12.259694	-2.434429	-4.333376	2.506470	-5.632960	6.066137	24.289112	-9.066397	-14.237019	19.582726	3.789095	6.244923	-4.964693	13.031425	-23.441733	18.073862	-25.453261	-8.125395	-5.261834	11.327501	10.976278	1.096127	-24.705933	-6.296122	4.289876	22.939644	15.810451	19.235244	-7.234919	13.031818	-15.525254	-8.729388	-4.656096	4.380893	18.524795	-14.391024	-24.743714	-4.713163	-17.606500	
-27.465477	28.352400	28.370746	-16.225339	-6.223176	28.116609	1.842693	8.122994	-3.709722	-1.400745	-19.666218	4.741140	27.495538	-6.078006	-17.377921	11.581930	26.253855	19.868405	1.781619	25.493693	-9.809073	6.454247	-17.480264	-1.507064	24.715189	-5.845192	-17.498991	10.783536	2.485261	9.458025	-19.625877	11.126458	-27.232260	-28.542726	18.112736	-13.475390	4.125740	-4.934732	-20.544900	-11.227783	-0.845265	0.291517	-9.043518	9.752039	-2.357273	-14.984666	15.847315	22.758390	-1.514403	9.559854	
-14.779212	13.622826	-19.151941	11.582710	-0.391286	-18.363113	-20.537723	19.040366	-4.865076	22.982615	-20.807592	-15.698574	-2.294481	-20.919448	-12.136888	2.630782	-17.940988	4.318570	4.791482	-10.563149	-5.631773	5.943265	11.134413	14.332377	1.797191	-12.162126	-19.354766	-3.297463	4.200354	4.344372	-18.877069	-2.435059	-20.550181	-4.498477	-20.526818	10.904952	-18.899096	12.897064	4.324326	-6.988895	4.032110	22.778708	2.180257	-15.702552	0.932642	20.102714	16.045337	-8.848728	18.789044	5.890375	
-4.020949	13.529520	-10.106211	-0.079294	-0.917793	2.979878	-13.028411	-3.122316	6.724280	8.782746	-17.809895	4.532853	-10.484587	7.650325	11.861766	-17.625808	-12.829016	8.967899	4.293697	12.546797	7.691394	16.087776	-19.588023	18.754478	9.692196	9.010692	19.605470	4.989501	-9.989627	-11.578303	-9.416925	1.597033	-13.737833	6.381713	-9.141163	5.012614	8.007195	17.645679	-0.294295	18.686317	-0.712215	-5.465809	-5.556899	12.756501	-16.040992	-9.012703	17.652596	-13.604443	15.579761	-13.893726	
1.911167	9.853887	14.506069	-2.766436	-4.026971	6.606970	-3.879361	-13.612894	-9.288366	-15.844480	0.454233	-18.694482	-5.313041	-5.044084	13.749773	-14.321773	-8.740462	17.676185	-3.236575	9.513129	17.421433	-1.827748	21.058574	19.332070	16.880726	13.892595	13.015743	-3.305419	17.146575	9.336192	-18.255479	-20.851243	7.851448	-8.871811	-17.386350	20.589936	-5.902892	4.313824	9.121577	-14.825824	13.230354	-7.601810	-21.613897	-13.438150	-18.091098	-9.622356	-0.125217	-6.463730	-22.197030	10.253015	
-24.186420	-25.424173	-10.250542	23.763999	4.930084	27.063470	4.603694	-26.736266	22.168679	13.494184	-26.584876	13.936422	-19.025366	-3.751101	23.651245	-26.164833	-15.718175	-6.618573	-23.868683	-18.094062	9.890924	-8.309432	17.925585	3.600262	-0.546421	-10.047037	-12.241339	3.116138	-26.779045	20.054171	-6.996436	-10.579050	13.793940	16.602926	15.632541	17.199415	9.502457	27.638551	20.997813	-2.334890	0.463727	-24.854668	-5.546061	20.698807	-9.835748	-9.109005	-20.429831	-3.716104	-10.238703	20.731088	
0.289888	-6.579107	6.612377	20.736553	-12.988581	5.558596	-9.466891	18.318633	2.728706	-20.157752	5.859278	3.372329	-0.406149	3.194503	-16.971027	-8.466551	-0.456798	0.831584	-20.490934	8.898453	8.058773	16.616609	-14.545090	-17.372237	-7.792610	13.790397	-21.412376	-0.084000	14.846036	-19.154733	5.370606	20.244778	17.099348	-8.379211	-16.363225	-13.049761	-21.937561	17.134599	12.587284	6.555576	1.702067	-3.304307	2.351516	15.821997	4.379458	-15.755998	-15.577201	-18.748522	-13.469578	10.767863	
-7.941326	-14.241803	-19.312753	17.262087	-7.827316	-3.861625	21.065317	10.168483	8.644440	-8.443114	19.321005	20.803690	17.352494	6.238560	-8.923513	-16.587661	-13.539617	22.693074	11.935280	4.171562	12.788642	-23.348737	3.710310	12.972119	14.035032	21.692085	-14.435992	24.568188	-13.881076	7.037897	-19.479183	-8.561520	10.457091	-16.161505	-11.083551	20.065149	0.960952	-3.097990	-4.296905	-4.459033	-5.148056	1.953044	14.083659	17.020672	2.812700	9.113098	17.007730	21.902974	-15.105540	-22.780341	
15.597669	-26.293809	7.999289	13.961028	22.346688	19.182094	0.756653	-4.560279	-0.434204	-0.883598	-16.953182	-13.262723	19.811917	-22.789948	2.211977	-25.952008	-0.084103	-26.634250	25.003883	-17.487324	-4.026203	19.493198	25.750761	14.406647	6.173152	18.580525	-11.304577	-2.446580	-7.460993	-16.327826	21.574738	-25.816606	-7.953914	14.986591	-1.940488	-0.761634	6.708654	-21.868436	14.714786	-1.380811	23.681842	-0.727648	-7.710176	-17.183790	-12.231461	12.839718	7.623327	-17.465466	-18.522514	-7.688366	
16.562285	-15.925061	0.173988	-7.703797	8.538253	6.043280	-1.953066	-0.983640	16.905088	-16.266136	15.045849	-0.909813	-5.712923	-7.655257	9.294777	-5.157747	14.784503	-19.964011	18.483072	11.883464	-4.598954	4.641466	-6.564797	6.975618	3.307065	-9.948244	-12.416388	7.369941	-13.718702	15.645411	18.328587	1.322272	12.229339	14.165699	0.821202	4.869522	-11.666921	-7.148508	11.732298	17.882674	6.169474	10.130305	1.484484	10.554616	-1.672076	-1.666299	-8.065727	1.771979	1.914253	4.762235	
-23.623677	7.482794	-20.122080	-5.948661	5.127354	5.186280	-23.225356	22.860896	23.585532	17.523187	-21.132775	4.301154	-13.559631	12.489971	-18.789713	0.888100	1.246906	-13.142070	-15.239768	-18.356105	-23.002897	-20.170647	14.467794	1.827013	-20.343384	-11.335573	15.064747	-13.644332	-19.815804	22.497804	13.771902	-6.490822	16.729775	13.709633	-13.026366	-0.177139	1.443906	-16.838322	14.551350	-2.908400	14.326956	-23.604619	-20.821297	3.179848	-8.668879	-18.746092	15.617860	5.028651	12.501033	23.213727	
21.206203	-3.065082	-5.528436	-14.685372	-17.787655	17.420096	23.812021	-14.716319	12.660741	-5.724933	-16.931668	10.117106	-16.513444	21.271416	-17.939679	-19.005886	-21.118963	-24.136840	12.285233	-13.302270	-26.669070	2.126424	-3.164370	-17.135162	-0.344611	-26.302256	-15.387895	15.742711	-13.708013	21.596837	-9.646898	-7.274364	11.531920	20.142259	-26.172319	-21.447138	-19.070021	18.758442	16.402083	3.799954	18.066294	-7.185199	24.089231	-5.211947	-13.006603	4.004763	-16.491201	26.941648	-1.645535	1.491021	
4.049572	-1.607496	-21.805710	10.680813	-18.702525	6.515549	21.451317	11.658211	-0.030672	-21.090150	-7.381855	2.632899	6.578183	17.610712	11.044209	-18.574805	-14.988298	-17.009698	22.304536	-10.450655	5.715299	0.928340	15.381532	-7.750687	17.230573	-20.231000	0.989374	12.127287	-18.451501	22.392975	-4.848556	-14.275310	-7.634961	1.884338	0.284129	15.978876	-13.894051	1.301483	6.867911	6.105890	-1.049615	20.208905	6.163653	17.799780	6.117325	-15.569948	2.767421	15.772689	19.773772	-6.446622	
-9.514490	-8.219842	-3.873728	-17.342430	-15.470442	8.050492	-3.299837	-3.503655	-0.414089	-7.604127	-18.404550	16.947732	20.314896	25.451995	-18.655921	-24.739107	-5.616467	6.228419	-13.129623	-8.543170	4.162861	-19.405371	7.361821	22.580093	-21.526079	8.155715	-10.018854	-6.475043	-4.582571	-1.510680	7.424731	16.310479	7.038353	-7.411433	-17.273886	-6.045618	9.534669	-24.631943	-20.539482	-25.652288	11.435839	18.665430	-11.163802	-8.763495	-14.499457	17.597287	16.417461	-8.055529	-18.773439	23.349100	
14.779540	20.346881	6.672117	9.615141	-16.685841	13.295034	20.537153	8.220156	6.317098	21.889658	8.858038	-23.956228	-6.260437	-4.548233	10.710756	11.256098	6.941399	-10.123507	13.703244	23.248428	-5.777063	-6.883564	3.547833	-1.285809	-5.522300	-5.734421	-19.697536	18.337413	-24.169543	-13.517118	-0.524662	11.439058	-3.254190	-24.479004	6.806509	-16.657527	10.631467	1.235403	-7.613092	22.071497	-24.207297	0.706734	-19.878111	-18.731629	15.135610	2.907520	-23.946296	-15.238786	14.267136	-11.198087	
-19.085348	15.246743	0.996292	18.472791	14.487269	0.121830	1.044057	-9.714788	7.770887	-17.430596	-11.407996	10.432586	2.925507	-6.577868	16.485116	16.652918	-9.286783	19.213448	-1.538842	-7.633393	-20.227881	-6.549867	11.926382	4.454540	18.101968	5.205119	4.844099	10.502510	-7.713391	-7.585326	13.151296	19.407571	9.375217	13.188621	2.346446	-20.690206	16.680713	-12.248628	6.246853	4.703345	-20.570210	1.973900	3.472215	13.439072	14.815130	12.009330	-8.024474	-20.015929	-18.884005	-2.042230	
14.586729	-2.761416	-13.055220	-17.710632	21.648345	-12.038455	-14.103988	-0.044878	-6.354788	3.425729	-19.836298	3.355187	4.772766	21.037737	7.136687	-16.379319	8.661419	0.459605	-11.420447	9.686295	17.203231	-3.656608	-17.568574	21.528304	-21.234806	3.001871	13.774129	-22.828695	15.913327	-22.239285	4.583559	1.643945	6.286126	22.442748	-4.210192	-21.410356	-3.783539	9.768455	-9.794672	-11.051236	-14.433210	14.776764	19.386197	1.710837	19.362577	-21.832517	-15.915171	-4.994410	10.921015	22.647066	
-1.216480	-14.845913	-21.067315	-15.344874	-8.555424	20.859234	-11.947547	6.119267	23.725608	13.636534	-19.159858	-21.360157	-1.979445	11.327543	22.072242	-23.672652	-12.417487	-1.391203	-13.929485	-2.088218	-18.204516	-7.271083	3.523035	-18.061876	-17.386698	-3.632604	12.869996	3.522039	-1.826350	-24.883854	-11.919637	2.159961	2.586646	-0.113187	-9.461452	7.716878	13.550321	15.626994	-19.101375	-4.109879	-11.018739	-15.630008	13.136400	-6.145644	-7.770868	-24.176035	-11.008340	-14.671076	-13.745171	-17.382834	
7.415927	-11.704744	10.137053	7.378382	23.393990	-21.796767	13.745450	-10.789863	7.906468	24.221090	4.700164	-9.734128	-14.341799	-18.421678	6.676027	-5.729294	-6.860826	7.097675	-1.908431	10.980925	-24.133985	-14.106347	-2.915078	-12.516725	-21.617785	-4.801793	-15.782360	9.817132	-9.159072	-4.754730	2.216557	1.975078	-4.744415	-6.988710	18.636279	7.923611	0.117781	5.067135	-23.464253	8.361238	-3.315109	3.604843	-7.562599	-11.074780	-3.363931	18.143520	-17.217884	-12.545730	15.970725	-20.094469	
2.464724	13.011641	13.010505	-17.807529	0.266990	-12.122271	-14.851509	21.552514	7.653757	-8.631711	9.248013	2.611826	23.169970	2.595219	-24.343712	7.669458	6.787969	0.239619	8.389015	-24.642220	11.727275	11.402601	-11.642195	-1.235354	13.494091	-15.354806	-15.953670	-3.805337	17.027023	-21.958895	-1.928749	-8.776487	9.847679	14.598720	2.927818	24.516304	-21.954991	10.091039	1.811790	-15.303504	9.991531	19.923454	-0.866746	19.998732	0.249283	5.860305	-2.711489	-16.545274	-2.432313	-4.206623	
-10.866833	-4.622599	-6.132559	-5.478239	-12.794298	1.218730	-14.015339	12.488530	-5.899191	-11.399360	-17.147233	6.903590	18.588845	25.383716	23.767689	1.921815	-17.144914	14.490953	-14.675782	20.002544	-21.057628	22.250772	16.042840	-20.812775	-21.761360	-0.585660	-3.306491	12.413247	18.104255	9.096825	3.922906	-22.639780	-10.395208	-25.830931	16.011393	19.151021	0.118276	20.397784	-11.872644	9.257674	-4.128873	19.005964	12.306617	21.710703	10.567839	-22.795417	-0.215158	-7.138294	-8.948225	18.515266	
20.053508	-1.424189	15.887095	12.918542	9.908531	-8.300040	-19.644859	4.579557	-17.203021	-18.183765	-11.969770	-3.820275	0.067325	10.064852	10.877035	0.015312	-15.990811	19.755888	-11.698107	12.051528	15.383483	-22.006958	-0.297729	10.907514	22.716120	6.384273	6.486694	-4.838201	-4.258435	-4.925421	-14.452618	22.235031	17.222240	-16.123821	-21.504529	-15.866272	-12.469736	18.488869	-5.991190	-13.619414	-15.834340	4.073386	-16.008753	-15.858660	-8.982034	9.002707	20.614141	9.361288	17.539433	12.981476	
4.584716	4.670705	-17.256003	4.921438	-5.930754	-21.486181	-6.429050	-11.543313	-14.280583	8.080045	-5.292928	4.167382	-1.971193	20.474547	-20.246772	20.903098	-13.125287	-10.594210	19.056620	-17.395224	4.058282	-19.974141	2.624814	3.383061	-6.499145	-10.516124	-14.215104	6.163963	-0.494643	11.292077	-16.299372	16.816324	-5.709476	-2.961446	-13.242750	-6.320971	19.246690	6.714505	-1.505432	6.881657	17.973573	-3.915473	9.346990	2.617753	6.563931	-6.965399	-10.464910	-7.443927	13.136277	3.788199	
-6.455343	10.280757	-14.808216	-10.210072	5.471643	-8.246337	15.215694	23.302524	-14.985336	-7.557880	19.536389	-22.739008	-23.973735	-1.609923	-22.936293	-5.844750	-3.922076	2.389706	24.612384	4.591316	12.624096	-14.355814	-1.865647	8.565000	21.559328	24.252613	-24.188740	27.106794	-9.773806	16.260919	-21.566271	-25.644507	-19.065127	9.092480	27.203057	11.520999	-13.253997	17.474528	6.575426	-5.116223	-8.587120	11.197065	-22.320389	-26.384799	-26.961216	-3.340084	8.166712	26.108540	13.676959	4.801658	
-16.743948	-11.660913	22.700535	19.299106	16.971832	-2.272956	-15.819820	-22.183109	-17.114716	22.478766	23.491027	4.281464	-26.084747	20.568104	5.109891	2.472044	-14.946452	20.437559	-27.851381	-13.494144	-1.832484	4.069371	19.099140	-11.266882	-2.065446	13.914986	-25.540141	9.270050	14.279303	10.877758	2.808853	15.021527	-9.379582	21.180714	-19.892130	18.955427	13.083936	-11.068943	-3.482788	16.640367	6.149003	-5.159619	-15.906638	-15.339272	-2.120935	-2.525987	1.623501	19.959728	22.537601	17.033853	
22.137179	1.192074	-22.950296	-2.363828	-4.953703	24.210455	-1.065371	-6.389530	-13.235237	20.371523	-16.216837	1.115118	22.776981	-20.335553	-0.197946	1.719049	20.162416	20.228506	-23.458613	9.181835	7.770713	-17.247558	4.336838	21.451250	9.597590	24.649082	0.234728	-10.990280	-24.770491	-21.114630	10.011581	-24.599906	-17.056540	23.413322	16.622328	4.920602	-23.887799	-19.742313	-8.175389	-5.486563	-14.374614	16.472700	18.107461	-19.923558	-20.262918	-24.392905	-11.602664	-20.326172	-5.207135	-21.969385	
-19.272271	-8.547601	-7.103637	2.142146	-20.999129	3.226768	-11.647728	-16.945548	9.339843	6.138556	13.736354	16.333937	-14.093431	17.613301	-8.458496	-14.754289	2.134027	-21.089665	2.421720	2.206103	-1.126347	0.325854	-17.768056	-3.991913	4.672142	6.837376	13.490269	-11.388321	3.756716	-10.014212	-19.019488	7.212774	21.022014	4.131795	7.330596	11.884074	16.631068	14.794249	14.912095	-20.873325	15.119292	1.964146	-14.760530	21.707499	18.382371	6.377126	-5.645489	-2.853312	22.026711	-8.168925	
1.219510	-25.141075	13.364460	3.171905	1.285913	18.758919	-14.653527	22.417886	-13.996124	-16.068632	-11.223695	26.918083	-9.584805	-25.628295	-18.469331	-9.278522	25.790511	10.899204	20.933617	4.489764	1.640768	16.543724	-15.382757	-17.205943	3.476797	8.666095	-15.677464	0.612050	-17.108594	-12.686929	-8.800130	13.091694	15.047498	-6.095661	9.908349	-24.228436	-21.693041	24.022725	7.170796	23.533299	18.701989	0.508830	-3.027992	18.357197	-25.292954	-10.802695	20.776409	-12.598854	17.125038	-16.509302	
-10.309292	-17.266491	19.463423	-12.088264	-5.330270	-0.574915	-20.352120	19.651011	13.278503	-7.422465	9.851154	-7.494329	9.262208	-22.720657	6.698168	19.416440	12.911250	-15.553448	-15.148944	-5.617815	-1.542777	17.943849	-6.066576	12.806798	-9.787256	-17.691133	-4.513817	-8.945399	-15.856967	20.832502	-21.911938	-18.800658	18.147448	-13.241490	20.382862	5.178357	-3.361804	-7.958303	-10.362583	-18.372117	-21.167684	14.742940	-7.590272	10.824571	14.182749	15.102067	15.892876	-4.404652	-21.244978	1.069803	
-6.301299	-1.580534	15.113996	4.662185	1.547688	10.621471	-12.445377	-8.422334	7.264025	5.899477	11.724500	20.629382	10.680692	14.889542	18.986595	-9.378915	11.827908	-9.290338	-17.662998	-11.851342	11.996528	-14.839669	-1.840734	-7.581890	-15.515670	-9.146205	5.360613	-18.239346	15.911726	20.992291	9.804656	-7.914978	-12.058757	-12.724366	-11.252625	-8.595552	14.072625	-10.124884	7.791578	3.876041	-20.599518	6.954783	2.745441	15.462780	-7.581392	2.064054	8.198770	17.756125	-7.695107	-10.638166	
12.723550	22.364693	-25.630750	17.614994	-2.754728	-15.266925	-21.779254	-22.032749	5.570051	31.438425	-17.150963	-20.664213	-20.365440	9.899281	-20.230851	7.620285	8.056801	-30.545643	10.379289	-26.914811	13.571477	8.098782	17.112207	-19.357441	11.315671	-25.241760	-20.117221	-14.403031	-23.045225	-15.880541	18.903653	-22.659596	-16.758362	22.240400	22.518216	14.673552	26.693023	15.307726	-21.775379	23.620795	-11.619453	-29.249058	-13.513111	28.842136	6.432417	-1.296796	20.990734	-23.151485	17.010874	22.293391	
-5.460500	-12.823243	-14.778838	18.186814	20.527959	2.334548	-8.036169	19.485950	-18.869318	17.483841	-10.851335	-7.136754	12.228979	-3.631074	-0.767443	24.289639	-7.716454	11.144525	24.578153	15.382955	8.560911	-16.064258	2.506758	24.703175	22.857572	3.952093	13.269661	-23.215416	10.884952	-18.838329	9.891842	6.854430	19.141731	-14.700344	5.905605	-11.222416	0.448737	-20.714381	-14.916912	-3.391437	0.211142	15.738977	0.857379	-1.625393	17.348188	13.608494	24.464848	11.867044	17.280310	24.585538	
-18.327520	4.637369	-4.990440	2.645383	7.515582	2.377153	12.399102	-16.970346	-11.092496	-12.743641	-1.344751	-5.208403	-10.786425	17.329677	-7.931778	20.068394	-7.549163	2.004124	5.528482	-11.280908	16.124474	4.368561	-8.639787	5.300529	-14.898037	14.075809	-2.626994	7.860351	13.391373	-2.558621	-7.629520	-5.657337	1.375386	-17.382710	11.329507	-4.568414	18.828429	-6.308383	-6.624631	12.647046	4.707707	-20.489746	-14.987346	-15.816976	11.063251	-11.035975	-6.241364	8.898144	-3.713563	14.749422	
-11.392957	-12.454950	21.298208	12.695866	16.270113	10.726318	-2.750345	1.311259	-15.732009	-22.796500	-4.231935	-4.207325	-11.239953	0.493492	13.437003	2.027393	-1.417313	5.273165	-2.236711	16.044650	-9.321705	-13.336698	-2.261678	0.152999	8.466552	-15.319095	-12.085031	19.208792	-22.532821	13.089356	19.248311	-7.219590	-0.696725	10.989072	-1.021702	-10.515137	5.356284	18.369712	12.529358	-15.502323	-5.842509	6.769716	-1.243776	-11.539453	-21.472337	10.089363	4.666471	9.872246	-9.199226	6.777911	
-23.944692	-12.723030	13.563446	-2.241711	-18.802323	22.855663	22.553551	-8.684465	21.673580	18.595313	-17.431516	17.853527	-18.720881	-5.287249	23.930554	11.650900	3.192318	14.656175	18.489850	-21.460864	14.016896	6.683103	6.271529	6.854136	-9.781519	4.722813	8.449881	-13.706414	10.240948	-4.906557	-8.635060	9.463531	-15.202980	-21.577382	10.014466	-17.738276	-19.675908	23.588440	13.162656	-6.235561	-21.984398	13.725426	19.904949	21.862986	15.245821	23.068461	14.749034	-12.926273	14.903827	8.557405	
6.683996	10.132713	-6.239821	7.583932	25.129109	22.453196	-8.403497	19.017829	6.964516	-17.799660	10.891732	-27.516709	-15.378077	-19.081245	-10.078920	15.302471	-18.119538	-22.569339	-8.916423	-1.969865	-14.158555	26.576613	14.119019	-24.024737	-11.623028	17.658367	-20.172522	-16.306497	15.675274	3.134893	-19.883174	-22.923544	-21.305129	-24.472695	10.127929	21.687422	6.705419	-21.807182	-6.239536	27.557529	27.379975	-2.223578	26.802183	-27.107678	-18.709052	13.065934	-12.618270	-23.725569	-12.871315	8.410841	
14.266183	-15.199121	8.867442	11.479383	-15.125669	-3.582137	-14.180271	-13.431966	-9.773984	11.007744	3.857543	0.271383	-10.267627	11.124765	16.354959	-7.656395	-3.567231	9.022176	-11.800224	-0.610769	9.729761	-1.272912	5.528777	-7.646558	10.956430	9.001429	3.642378	-17.774126	12.323176	7.531148	14.965093	-3.583103	15.178645	-14.232386	2.818370	0.878720	7.167787	-3.075320	0.354882	12.509827	-13.486141	16.938790	0.617020	3.408756	9.587496	-7.392344	-4.841480	-10.925724	-19.055962	17.761556	
-2.286473	-9.880090	-2.694925	-18.462670	11.497891	5.702896	14.144397	16.370797	2.649833	-15.737785	17.791718	-18.855774	-16.592212	-1.431132	-18.436449	20.244310	2.870634	-15.293958	11.347329	-2.719099	11.481180	-10.696623	14.145877	17.353016	10.138443	13.156103	16.217473	-12.773585	-4.778560	12.212269	11.744570	13.167015	9.286943	10.664285	-20.993946	19.525549	3.440998	13.284849	-7.465996	1.125703	-2.075004	-1.940473	0.131137	3.805368	-9.644961	10.608499	-19.870513	-8.050320	6.068668	-11.292626	
25.017482	1.838299	-28.943366	5.988489	17.557619	-10.277814	25.662191	-13.487261	26.234616	-15.202812	-17.241932	17.508604	-25.063261	15.502517	20.321217	9.565707	-27.549408	-21.753905	-19.598752	-13.873202	29.199669	25.475733	6.434810	-29.357876	-28.186799	-4.919791	-15.071756	12.711611	3.098162	27.826706	-28.096335	-24.181048	-25.260533	-5.519754	-0.257860	-17.870138	24.155259	4.141744	-3.175380	27.153803	-4.252295	16.565148	-18.262934	12.913416	-18.560573	-8.817512	-29.855156	-5.483450	-15.545350	29.034343	
-15.752568	-6.409781	-16.355107	-15.523495	21.343667	-12.198868	7.061614	-14.917494	9.365035	-7.991671	16.451780	-16.606949	4.035538	18.939664	17.763119	1.596004	17.691183	11.300415	-5.087117	-11.548979	5.502266	12.521755	0.886668	19.092252	-19.690198	12.149039	-3.554696	-0.847505	-19.600673	1.478087	-15.125092	-20.611252	-3.215038	5.924585	-12.145018	-3.330869	11.214758	5.216342	21.909541	-8.847618	19.541080	6.905751	19.114062	6.987589	2.061699	-8.899169	-3.129645	18.787778	18.954710	-20.771713	
4.222687	4.194385	3.251433	19.974049	-1.781321	-24.091781	20.221502	-5.118639	10.314766	20.198009	23.766163	25.191078	-5.820973	19.516874	12.308343	-12.864313	-18.318141	5.983589	21.586368	-24.292977	-0.553778	-14.568151	15.091604	28.556646	27.216826	-10.942566	22.056521	-28.967863	11.099961	7.453196	-0.732183	-7.455850	22.657402	-15.825563	-5.734107	-23.518262	-23.676467	17.865025	-12.199864	-14.532661	25.865601	27.560984	2.876619	7.315660	16.816381	-3.200166	17.062430	3.637659	27.025979	-1.533854	
10.193878	-5.901744	4.910999	25.842344	-11.097120	21.558548	22.584624	-22.998532	-23.434069	-15.641192	18.738291	4.540359	6.621690	2.407598	21.993631	19.595319	-17.565143	22.142879	-6.321558	-22.202256	-8.928345	11.984010	25.886133	-11.265817	-10.704861	-17.601346	7.756284	24.620435	-17.143480	22.921502	3.278282	5.637817	2.413211	-22.956871	21.870779	3.824336	12.241679	-20.275881	6.910782	18.209567	-7.237068	-20.229071	-15.648069	-11.813606	-11.352835	-11.066976	-8.189130	-25.147798	-24.486988	-17.174141	
-1.381391	24.678420	-3.592598	-26.881665	-5.080686	10.577235	-4.066247	2.395964	-10.591095	22.377869	7.720365	12.917269	-3.698009	-7.892420	-10.925061	1.166127	13.606230	9.388167	5.542923	-6.706730	-2.079738	-26.929833	-22.793054	-23.045716	20.987894	-25.527484	19.722925	7.300908	1.913113	-8.544451	-21.365246	20.311068	-20.142838	23.400154	-4.692970	-25.226407	11.473098	-14.074911	-9.815487	-6.048671	10.597756	-19.363008	-1.730087	-24.824721	25.100432	16.638585	5.445291	-5.624246	16.646550	18.317408	
0.033495	0.023903	0.006234	0.020872	0.007443	0.026599	0.021771	0.006206	0.036995	0.021541	0.025889	0.026634	0.032490	0.000538	0.033637	0.017261	0.018942	0.028377	0.033333	0.004493	0.024294	0.008782	0.001576	0.011135	0.011650	0.005296	0.028682	0.008069	0.031376	0.028680	0.013753	0.008697	0.009312	0.004338	0.037288	0.021470	0.035540	0.035173	0.000541	0.034471	0.011960	0.037608	0.000638	0.038733	0.032310	0.012622	0.011840	0.016317	0.013489	0.037709	
0.037848	0.036725	0.009548	0.036300	0.011746	0.028494	0.007741	0.009474	0.027498	0.016500	0.006439	0.010326	0.036365	0.016784	0.015182	0.015202	0.008765	0.021372	0.017673	0.012459	0.032188	0.025956	0.018531	0.021834	0.030551	0.017963	0.025955	0.017400	0.009467	0.028190	0.005188	0.036783	0.009305	0.002402	0.011211	0.023044	0.010122	0.024222	0.022810	0.010500	0.025692	0.030476	0.036201	0.022160	0.008716	0.010703	0.038058	0.033274	0.019605	0.009054	
0.006359	0.012387	0.024611	0.032898	0.034242	0.015143	0.020189	0.026356	0.026327	0.019812	0.036547	0.019432	0.034735	0.028839	0.034823	0.004094	0.001248	0.020458	0.006717	0.033867	0.034760	0.008274	0.029545	0.027980	0.024674	0.020184	0.011725	0.016795	0.003181	0.001975	0.016867	0.017701	0.002814	0.009939	0.012293	0.034135	0.019179	0.026325	0.021797	0.006028	0.032484	0.032241	0.015590	0.009128	0.011698	0.018601	0.005275	0.033836	0.021304	0.034588	
0.013663	0.017680	0.028017	0.027490	0.016313	0.008407	0.009459	0.032887	0.022424	0.030909	0.018163	0.028130	0.018316	0.001184	0.023129	0.016359	0.023142	0.008696	0.008410	0.035435	0.015413	0.020069	0.000020	0.023255	0.007308	0.023706	0.015023	0.031834	0.032735	0.037880	0.023295	0.025269	0.007797	0.024986	0.000502	0.016622	0.037410	0.024265	0.025825	0.018920	0.033953	0.028610	0.016925	0.001309	0.026501	0.014325	0.023475	0.028633	0.011122	0.014801	
0.031980	0.015173	0.020269	0.013591	0.012480	0.016167	0.020838	0.016558	0.034139	0.029278	0.027398	0.035952	0.028883	0.007163	0.031778	0.006918	0.025587	0.022107	0.035996	0.006824	0.016194	0.022268	0.005928	0.014620	0.001402	0.033596	0.034490	0.035514	0.028750	0.031434	0.027885	0.033074	0.012771	0.002836	0.028789	0.003152	0.026985	0.002510	0.020401	0.013382	0.036058	0.017507	0.020192	0.014608	0.001500	0.025700	0.008410	0.021945	0.011184	0.007836	
0.015251	0.037236	0.009799	0.031696	0.012595	0.024339	0.036741	0.035591	0.015100	0.031126	0.036454	0.026836	0.007765	0.009992	0.012103	0.034343	0.013580	0.031303	0.011258	0.025068	0.031427	0.007745	0.028584	0.026551	0.017450	0.011708	0.007008	0.017500	0.018134	0.021982	0.013704	0.030949	0.004301	0.037688	0.012475	0.033657	0.005572	0.012895	0.006442	0.006037	0.009108	0.015238	0.018106	0.015954	0.019314	0.023051	0.008998	0.035363	0.014130	0.030752	
0.045941	0.023353	0.041362	0.005435	0.009049	0.001564	0.029894	0.036783	0.011605	0.003609	0.018736	0.036110	0.040336	0.016463	0.030935	0.041753	0.012610	0.031273	0.029395	0.038434	0.016414	0.037688	0.020885	0.014156	0.033613	0.035761	0.003652	0.009322	0.031525	0.000566	0.004700	0.046450	0.003154	0.024415	0.006012	0.033298	0.005779	0.006288	0.037370	0.011745	0.017101	0.016518	0.009957	0.009801	0.003919	0.005324	0.009406	0.002296	0.008543	0.029702	
0.002683	0.027683	0.037445	0.025874	0.002742	0.036035	0.011565	0.018918	0.014042	0.001128	0.035589	0.021065	0.034686	0.029044	0.005416	0.026912	0.020070	0.013245	0.014301	0.022303	0.023075	0.026435	0.038071	0.003523	0.035894	0.014842	0.017463	0.037265	0.011940	0.032157	0.008564	0.011925	0.020351	0.026220	0.030638	0.011449	0.030293	0.014103	0.006329	0.016258	0.012729	0.026419	0.033418	0.004752	0.007194	0.030556	0.017202	0.024618	0.005336	0.020236	
0.037646	0.041419	0.015775	0.015617	0.024352	0.036885	0.021060	0.002098	0.002585	0.015969	0.001153	0.036264	0.003162	0.028557	0.008131	0.010534	0.003273	0.018537	0.031189	0.014398	0.006468	0.041917	0.017047	0.030967	0.000981	0.002930	0.016644	0.005713	0.006817	0.002537	0.018163	0.027633	0.016479	0.006243	0.013294	0.022467	0.030168	0.041855	0.038825	0.032308	0.041734	0.035185	0.009202	0.021572	0.022998	0.035671	0.001170	0.024682	0.024059	0.035669	
0.042657	0.008156	0.023320	0.042749	0.002039	0.029908	0.038239	0.003080	0.031278	0.005209	0.022797	0.005385	0.044490	0.026148	0.041388	0.019290	0.021532	0.008629	0.019396	0.026767	0.026711	0.003175	0.037454	0.021958	0.036338	0.009802	0.023558	0.016070	0.025010	0.003865	0.039218	0.014840	0.020235	0.035536	0.007216	0.003195	0.008995	0.013851	0.023774	0.015402	0.009427	0.012695	0.030056	0.007344	0.013145	0.010562	0.004457	0.005714	0.032570	0.025369	
0.013202	0.025805	0.039686	0.021828	0.006132	0.006848	0.023279	0.012111	0.013772	0.030921	0.005818	0.015761	0.007559	0.018926	0.017174	0.021389	0.030618	0.022421	0.029929	0.030730	0.003573	0.024712	0.032257	0.026171	0.005559	0.009809	0.019243	0.031496	0.025276	0.007823	0.028173	0.033209	0.026202	0.014448	0.007412	0.000819	0.006621	0.023882	0.012444	0.019322	0.031996	0.024455	0.020717	0.035913	0.011358	0.031219	0.028425	0.000468	0.034319	0.028772	
0.032682	0.022779	0.024426	0.032648	0.029786	0.027462	0.004951	0.033414	0.004392	0.011352	0.018923	0.022732	0.027627	0.028117	0.004413	0.031033	0.026545	0.030686	0.023309	0.003382	0.009383	0.001750	0.029553	0.025758	0.019012	0.031123	0.019942	0.009133	0.004259	0.032271	0.007661	0.000110	0.028596	0.016445	0.028676	0.032909	0.006434	0.030421	0.010347	0.031698	0.010898	0.007814	0.026095	0.018850	0.012386	0.022242	0.026540	0.026284	0.026747	0.006007	
0.038910	0.005331	0.037361	0.041791	0.022731	0.002255	0.015880	0.026528	0.023512	0.006620	0.020548	0.033031	0.007950	0.025740	0.032304	0.005765	0.027698	0.007415	0.036277	0.009638	0.011165	0.019988	0.013510	0.025955	0.024400	0.023362	0.018312	0.023806	0.019153	0.032894	0.001839	0.036577	0.023067	0.020078	0.014099	0.013694	0.020327	0.031630	0.005416	0.021746	0.032758	0.018780	0.006201	0.007301	0.014847	0.038012	0.001215	0.000173	0.037661	0.014748	
0.010475	0.025229	0.003330	0.031497	0.014468	0.006834	0.010784	0.029118	0.028577	0.008342	0.029900	0.015358	0.008218	0.022503	0.005594	0.035112	0.022997	0.003506	0.022127	0.025151	0.002753	0.028217	0.007352	0.036256	0.035659	0.030803	0.033750	0.033347	0.009331	0.022975	0.008331	0.011210	0.002054	0.024427	0.027717	0.030146	0.012334	0.037407	0.025974	0.029497	0.000459	0.033562	0.004337	0.036762	0.007861	0.013130	0.012809	0.034174	0.034357	0.013891	
0.005438	0.031832	0.017540	0.007564	0.016998	0.040301	0.035511	0.012951	0.026039	0.011436	0.026504	0.014424	0.035041	0.002118	0.028879	0.008580	0.027083	0.003763	0.037906	0.018366	0.010863	0.039531	0.027093	0.009980	0.038849	0.014136	0.029135	0.001894	0.004542	0.003496	0.038906	0.018808	0.009731	0.039315	0.036836	0.024188	0.006719	0.021187	0.002231	0.023379	0.008086	0.012825	0.013077	0.027386	0.027832	0.016881	0.040952	0.000070	0.007151	0.036644	
0.026640	0.019457	0.007863	0.014122	0.016930	0.025355	0.034926	0.002309	0.002132	0.032931	0.020795	0.010307	0.023607	0.002925	0.031747	0.007181	0.015710	0.010350	0.039281	0.017136	0.026211	0.029430	0.037338	0.019917	0.034066	0.026565	0.038643	0.021616	0.002880	0.020007	0.005837	0.015119	0.036026	0.004615	0.026034	0.011396	0.020555	0.031875	0.005330	0.003492	0.038767	0.039670	0.003852	0.014944	0.030853	0.004855	0.038415	0.030343	0.001456	0.018188	
0.037130	0.028112	0.027749	0.007543	0.009207	0.007207	0.004923	0.007741	0.012459	0.014986	0.045982	0.009833	0.008798	0.013232	0.033317	0.007875	0.024872	0.011048	0.019143	0.011711	0.041954	0.010692	0.003984	0.039427	0.040276	0.008764	0.011027	0.026396	0.023180	0.000021	0.008872	0.044149	0.021305	0.038053	0.041812	0.035471	0.026126	0.019952	0.044022	0.001777	0.010305	0.032042	0.009384	0.040554	0.016244	0.005413	0.029506	0.007460	0.002003	0.016958	
0.038548	0.017534	0.008368	0.017438	0.010110	0.015710	0.008914	0.033922	0.015527	0.032213	0.037062	0.010064	0.020794	0.035411	0.040086	0.025100	0.006430	0.012889	0.005939	0.026348	0.015129	0.017324	0.003467	0.026102	0.019244	0.039142	0.003796	0.010207	0.031196	0.025835	0.028470	0.023086	0.004485	0.033355	0.014772	0.019986	0.009692	0.009537	0.028663	0.015323	0.001468	0.035423	0.009473	0.003897	0.035138	0.038420	0.030364	0.008502	0.038996	0.001103	
0.025508	0.008631	0.010717	0.011469	0.013377	0.030078	0.009609	0.017664	0.008879	0.016519	0.025418	0.023305	0.000462	0.041160	0.025547	0.007991	0.016701	0.001548	0.007842	0.042224	0.036082	0.018312	0.021158	0.018159	0.006069	0.023481	0.026098	0.013064	0.008103	0.040922	0.037133	0.015808	0.016958	0.008982	0.030191	0.029040	0.035473	0.018854	0.033421	0.032112	0.011871	0.022585	0.038461	0.003911	0.006214	0.037673	0.009953	0.005125	0.013704	0.036435	
0.020854	0.012346	0.033243	0.038374	0.019601	0.000122	0.020366	0.009406	0.033588	0.033367	0.029888	0.001986	0.028725	0.008988	0.005977	0.027030	0.013308	0.037251	0.029083	0.035810	0.012511	0.003633	0.002627	0.035598	0.037267	0.031131	0.013115	0.036849	0.011063	0.007990	0.030946	0.027130	0.037710	0.012602	0.028076	0.013880	0.009562	0.025036	0.036186	0.026653	0.022675	0.000164	0.000782	0.006535	0.024410	0.001070	0.016106	0.000154	0.037220	0.012009	
0.042885	0.025210	0.003898	0.022198	0.026060	0.005083	0.032101	0.008400	0.032909	0.004399	0.014473	0.009948	0.026997	0.034204	0.006382	0.024494	0.032141	0.013933	0.005772	0.043358	0.003971	0.020506	0.030396	0.005164	0.014461	0.026702	0.035412	0.017582	0.020812	0.023814	0.035978	0.001913	0.002073	0.010400	0.022350	0.009867	0.037640	0.034884	0.023430	0.015930	0.009921	0.026312	0.029712	0.019686	0.005714	0.004347	0.036802	0.019050	0.005490	0.034836	
0.013267	0.009304	0.022417	0.018172	0.003740	0.023447	0.036943	0.016111	0.005348	0.020936	0.003062	0.005154	0.005427	0.004708	0.025449	0.000752	0.024438	0.038179	0.024801	0.026473	0.038681	0.013376	0.016635	0.026430	0.028646	0.000466	0.021197	0.019431	0.028624	0.025043	0.037180	0.014592	0.009612	0.038715	0.036028	0.029062	0.004328	0.014358	0.036369	0.027184	0.029689	0.037857	0.009053	0.004407	0.023111	0.033994	0.009324	0.003415	0.030094	0.024970	
0.029515	0.036580	0.034655	0.021652	0.021247	0.019893	0.006259	0.009193	0.005108	0.010756	0.029621	0.016215	0.013355	0.020923	0.012779	0.023767	0.014700	0.028152	0.020333	0.000949	0.005729	0.024440	0.024465	0.010301	0.013356	0.034055	0.026900	0.021170	0.007472	0.037576	0.010391	0.001736	0.030227	0.001887	0.011624	0.020385	0.029062	0.034217	0.033515	0.036026	0.033992	0.036759	0.007698	0.030494	0.024783	0.034606	0.025362	0.008481	0.001585	0.006052	
0.018407	0.020998	0.033263	0.030261	0.017492	0.017162	0.024403	0.018586	0.032580	0.026788	0.005444	0.027239	0.007576	0.015447	0.001717	0.020199	0.029287	0.024721	0.009706	0.032372	0.013636	0.001896	0.015674	0.004730	0.010430	0.031197	0.033174	0.033434	0.031849	0.013614	0.027203	0.008300	0.015778	0.000945	0.028515	0.030516	0.033490	0.014847	0.001779	0.019094	0.027893	0.011456	0.032754	0.032118	0.035031	0.018827	0.008847	0.022481	0.000796	0.026046	
0.027701	0.022512	0.003667	0.007904	0.019560	0.001543	0.030026	0.018921	0.003000	0.034901	0.031266	0.002449	0.027237	0.030910	0.000758	0.033183	0.006779	0.014607	0.028962	0.031747	0.019236	0.032453	0.016692	0.028847	0.006253	0.026177	0.023536	0.006629	0.025091	0.010053	0.001504	0.028261	0.030631	0.037833	0.027903	0.019959	0.012669	0.034799	0.031625	0.035385	0.001807	0.006204	0.011536	0.025502	0.017740	0.032808	0.003893	0.021326	0.011755	0.034258	
0.035506	0.007598	0.012877	0.024919	0.035854	0.017831	0.019055	0.017395	0.009141	0.025628	0.015780	0.022725	0.022587	0.039092	0.036504	0.024873	0.021100	0.000453	0.021227	0.002987	0.002699	0.037766	0.002690	0.019093	0.035703	0.005574	0.002538	0.003115	0.009894	0.038324	0.037143	0.015431	0.003690	0.028714	0.011097	0.007328	0.036475	0.039323	0.030816	0.021045	0.022960	0.020654	0.029851	0.008250	0.014849	0.011321	0.036243	0.014476	0.017541	0.022265	
0.035209	0.016139	0.028310	0.006671	0.005913	0.036411	0.036182	0.007741	0.035581	0.024064	0.034781	0.024844	0.032389	0.005120	0.009028	0.008729	0.036779	0.023016	0.013732	0.023880	0.031058	0.030276	0.023017	0.030046	0.014115	0.000648	0.012359	0.029622	0.003333	0.036821	0.001475	0.030195	0.012058	0.022488	0.003946	0.013920	0.006312	0.035280	0.008454	0.005050	0.006924	0.010966	0.028014	0.024442	0.011139	0.028963	0.000880	0.035450	0.035851	0.022378	
0.024371	0.020738	0.029615	0.039749	0.031451	0.019347	0.013726	0.021591	0.020731	0.019309	0.001199	0.011826	0.012361	0.016522	0.024666	0.003213	0.028569	0.038356	0.023756	0.013136	0.036869	0.033879	0.000921	0.039256	0.009891	0.036583	0.013676	0.012961	0.007281	0.038626	0.000558	0.002515	0.010494	0.013809	0.008235	0.020200	0.018373	0.031287	0.029436	0.018206	0.034495	0.023846	0.001468	0.028229	0.023684	0.027536	0.013721	0.005755	0.033098	0.010882	
0.021002	0.024485	0.015242	0.017636	0.025078	0.014054	0.033602	0.019801	0.022800	0.031728	0.029897	0.031753	0.035957	0.012494	0.012930	0.025986	0.026589	0.001111	0.023804	0.035094	0.034944	0.009768	0.001496	0.015327	0.035649	0.035649	0.025398	0.020205	0.026416	0.004029	0.015534	0.009308	0.017232	0.018121	0.001332	0.020017	0.010803	0.030596	0.004108	0.015387	0.001176	0.007770	0.004775	0.019274	0.030838	0.012090	0.028723	0.025602	0.035717	0.021674	
0.033871	0.017102	0.002967	0.024121	0.007886	0.027637	0.039617	0.004721	0.031776	0.014853	0.005431	0.021165	0.017286	0.017367	0.004366	0.003424	0.040079	0.023059	0.013377	0.037524	0.002969	0.035581	0.030813	0.033832	0.005985	0.020109	0.038803	0.033805	0.013932	0.006759	0.032215	0.011166	0.015024	0.031109	0.028571	0.039758	0.010174	0.040317	0.002555	0.009453	0.005779	0.010759	0.039757	0.016605	0.011972	0.014417	0.002270	0.032966	0.010232	0.024686	
0.014360	0.008018	0.002596	0.037679	0.032365	0.008116	0.002609	0.022513	0.015546	0.037464	0.003253	0.013825	0.002642	0.004327	0.004392	0.009514	0.008681	0.000183	0.027396	0.026667	0.024607	0.030602	0.027752	0.017387	0.013940	0.023773	0.030133	0.021148	0.026970	0.016394	0.001248	0.026168	0.030498	0.019728	0.033036	0.029413	0.021779	0.026001	0.030133	0.014948	0.038755	0.031046	0.019036	0.024301	0.014522	0.029991	0.028236	0.017810	0.026011	0.022485	
0.030556	0.007719	0.011679	0.033292	0.007892	0.018672	0.026982	0.014823	0.034654	0.006200	0.003881	0.003839	0.038151	0.000186	0.014475	0.017768	0.030583	0.030923	0.009876	0.008158	0.031997	0.008963	0.033729	0.035853	0.036449	0.025191	0.024976	0.020517	0.028449	0.025193	0.018151	0.013878	0.008518	0.023246	0.035134	0.010918	0.003234	0.029836	0.006494	0.006223	0.021578	0.002197	0.038532	0.010755	0.018849	0.038706	0.032981	0.014021	0.023284	0.021841	
0.036976	0.002924	0.012196	0.043058	0.019738	0.003526	0.007801	0.004683	0.010473	0.004071	0.007203	0.019613	0.004645	0.013928	0.006692	0.001720	0.008847	0.024239	0.033550	0.008553	0.025306	0.037375	0.014953	0.007863	0.006172	0.032243	0.032201	0.025719	0.014911	0.021261	0.023051	0.028958	0.001087	0.022367	0.045709	0.040936	0.045089	0.019896	0.011173	0.005805	0.037644	0.041687	0.045443	0.036372	0.012789	0.023537	0.029343	0.006643	0.001306	0.028727	
0.011885	0.004136	0.008523	0.023912	0.019555	0.007158	0.038016	0.033474	0.031501	0.033445	0.018452	0.005371	0.010786	0.033019	0.002854	0.009283	0.014289	0.034380	0.011982	0.023887	0.033272	0.002259	0.035550	0.017561	0.031045	0.003896	0.036607	0.029132	0.011166	0.025198	0.018724	0.029420	0.027430	0.009194	0.003324	0.007092	0.002987	0.019392	0.029964	0.015100	0.024282	0.006510	0.010278	0.030271	0.033032	0.017510	0.024774	0.034427	0.019266	0.035427	
0.000073	0.031560	0.024073	0.014307	0.006356	0.009716	0.015916	0.024402	0.028618	0.002862	0.022039	0.018229	0.032503	0.035072	0.007740	0.003046	0.032776	0.011395	0.022582	0.029692	0.018354	0.031472	0.000753	0.022993	0.002365	0.026463	0.021097	0.017277	0.032223	0.021486	0.016109	0.029303	0.019947	0.033366	0.014775	0.035106	0.017766	0.019519	0.029321	0.028420	0.012669	0.017749	0.027634	0.030607	0.010234	0.000376	0.033740	0.027382	0.005272	0.023265	
0.034228	0.032281	0.040893	0.026770	0.011505	0.006090	0.034941	0.008307	0.028921	0.007858	0.024107	0.004932	0.013480	0.004740	0.008857	0.035949	0.027931	0.016156	0.030739	0.013850	0.021066	0.010945	0.004095	0.003594	0.043522	0.028642	0.013580	0.006491	0.020954	0.032454	0.031150	0.044496	0.026423	0.003000	0.042197	0.023387	0.007251	0.010884	0.004504	0.035954	0.020263	0.011737	0.026986	0.008254	0.005087	0.027744	0.005180	0.026407	0.006171	0.035047	
0.024070	0.037149	0.035608	0.011725	0.011658	0.014734	0.003159	0.024956	0.006572	0.022564	0.004433	0.022880	0.004403	0.020710	0.025836	0.031105	0.007170	0.020828	0.006181	0.027698	0.032146	0.035313	0.036847	0.007084	0.011450	0.036994	0.037089	0.001791	0.015273	0.027621	0.016822	0.033805	0.000821	0.028203	0.000478	0.036444	0.018282	0.016876	0.027614	0.035395	0.013627	0.010302	0.036177	0.022352	0.012059	0.023324	0.024634	0.012988	0.008240	0.016510	
0.007908	0.005393	0.026255	0.020850	0.022341	0.022209	0.025052	0.023932	0.018326	0.021958	0.024748	0.012858	0.000859	0.024873	0.017506	0.031086	0.013595	0.028131	0.024868	0.013850	0.008162	0.027570	0.010549	0.018939	0.019081	0.028846	0.025039	0.027711	0.019453	0.024193	0.007403	0.001661	0.021764	0.025780	0.009884	0.013321	0.021073	0.022117	0.018900	0.028018	0.023903	0.031008	0.013900	0.029966	0.024655	0.019804	0.011096	0.025666	0.027655	0.026287	
0.019401	0.017799	0.034695	0.020276	0.007939	0.009089	0.034959	0.033258	0.018664	0.030316	0.035659	0.025610	0.015471	0.008750	0.007459	0.012362	0.033878	0.012459	0.033739	0.024977	0.015688	0.024206	0.021626	0.010333	0.010672	0.026902	0.003932	0.032632	0.019191	0.025637	0.018803	0.010877	0.028695	0.000868	0.016346	0.024304	0.010155	0.026819	0.024860	0.000332	0.030551	0.015769	0.022146	0.003591	0.032017	0.024245	0.022077	0.034145	0.003672	0.022151	
0.014526	0.017105	0.023347	0.028218	0.029884	0.011056	0.012263	0.037811	0.024877	0.005902	0.015644	0.033920	0.022419	0.013386	0.008466	0.029181	0.012932	0.024148	0.026998	0.018250	0.020775	0.008784	0.006971	0.018193	0.025448	0.035580	0.036372	0.034439	0.034930	0.027011	0.020285	0.001204	0.003569	0.006780	0.003147	0.020206	0.026847	0.020921	0.036381	0.036685	0.013622	0.037530	0.002120	0.000917	0.018357	0.036825	0.004569	0.013805	0.021887	0.015507	
0.004069	0.008437	0.001313	0.032567	0.006811	0.026066	0.035436	0.002974	0.010597	0.035012	0.037124	0.041580	0.024409	0.006208	0.013694	0.009144	0.002777	0.004175	0.029698	0.023461	0.040693	0.024960	0.034902	0.019956	0.037154	0.024973	0.029835	0.019811	0.034512	0.041763	0.005185	0.033005	0.024568	0.017684	0.016129	0.035850	0.015180	0.021674	0.014644	0.034591	0.002981	0.007985	0.000885	0.018119	0.020934	0.011891	0.011541	0.005926	0.017475	0.019641	
0.030895	0.014488	0.035191	0.001495	0.002477	0.035507	0.007821	0.000277	0.034082	0.038112	0.002085	0.003382	0.002742	0.030563	0.012082	0.020400	0.037090	0.028308	0.006824	0.021158	0.034215	0.005745	0.013221	0.006012	0.024988	0.006813	0.023107	0.036328	0.010794	0.011643	0.022330	0.025958	0.014683	0.009212	0.038821	0.028622	0.016978	0.016121	0.035028	0.027710	0.031380	0.007040	0.006895	0.022181	0.018098	0.032251	0.035158	0.003610	0.033820	0.036257	
0.031200	0.029976	0.011070	0.017344	0.021265	0.012137	0.008080	0.032761	0.015056	0.000679	0.030707	0.035919	0.014218	0.010764	0.006707	0.003500	0.010996	0.004911	0.029144	0.035413	0.022062	0.013550	0.034710	0.011571	0.009127	0.014648	0.029163	0.015508	0.024050	0.029711	0.029777	0.011337	0.020010	0.009636	0.017546	0.035406	0.033248	0.034583	0.035116	0.029442	0.031137	0.013339	0.010987	0.020600	0.015090	0.025639	0.001243	0.005389	0.035965	0.018562	
0.034382	0.036258	0.041789	0.011082	0.022471	0.012401	0.032200	0.012536	0.037848	0.006105	0.005126	0.033500	0.022183	0.000357	0.037944	0.026725	0.016449	0.022617	0.014724	0.002339	0.011157	0.031437	0.037484	0.013339	0.034004	0.010154	0.003791	0.008775	0.016452	0.038016	0.018733	0.003784	0.012693	0.005493	0.040864	0.034304	0.011531	0.006222	0.035577	0.024425	0.024086	0.000486	0.030333	0.012570	0.005969	0.041719	0.005253	0.031605	0.002796	0.017911	
0.027077	0.024818	0.029215	0.032910	0.018230	0.016860	0.006546	0.028149	0.032213	0.016904	0.030113	0.003504	0.013800	0.016756	0.028448	0.012300	0.011283	0.023854	0.024657	0.024882	0.023001	0.007232	0.003564	0.034348	0.035402	0.007050	0.026680	0.026507	0.033424	0.030768	0.028938	0.000848	0.031267	0.008808	0.015637	0.026237	0.001112	0.030584	0.034710	0.016619	0.013191	0.001705	0.023278	0.001192	0.019391	0.031007	0.022186	0.008086	0.031416	0.003291	
0.031067	0.032566	0.028586	0.028083	0.038084	0.011086	0.025160	0.013639	0.006808	0.030272	0.015283	0.026628	0.016838	0.038582	0.003665	0.009067	0.025262	0.028412	0.037146	0.005641	0.003480	0.003229	0.007854	0.012209	0.023224	0.038186	0.039675	0.003452	0.005568	0.030658	0.025042	0.038905	0.020034	0.013010	0.039965	0.002487	0.000451	0.003082	0.000398	0.031014	0.009543	0.022396	0.021661	0.008559	0.013524	0.023312	0.029365	0.025266	0.034530	0.018044	
0.034728	0.024801	0.005770	0.008231	0.026992	0.014105	0.017248	0.018601	0.030731	0.000166	0.040796	0.028424	0.038645	0.009348	0.002598	0.012117	0.033498	0.017484	0.008155	0.036587	0.007057	0.001844	0.040630	0.023668	0.039160	0.008176	0.004045	0.004498	0.009544	0.012101	0.020046	0.019716	0.037159	0.006488	0.000713	0.039751	0.032756	0.028025	0.016367	0.031151	0.029773	0.021423	0.014872	0.020900	0.024613	0.025824	0.007994	0.005155	0.018419	0.039107	
0.034061	0.009264	0.009025	0.034077	0.022990	0.005984	0.028860	0.012226	0.015248	0.018128	0.015855	0.023316	0.030110	0.002754	0.033603	0.020650	0.022174	0.021331	0.006890	0.037397	0.023544	0.026994	0.026568	0.035627	0.017079	0.029332	0.005628	0.002768	0.037255	0.011483	0.029361	0.004569	0.002132	0.035511	0.008146	0.017279	0.035035	0.030981	0.005982	0.004285	0.011454	0.036135	0.021733	0.033929	0.022954	0.006220	0.031480	0.020416	0.019698	0.002482	
0.002678	0.027743	0.024445	0.015011	0.002657	0.019877	0.028178	0.008473	0.014303	0.036090	0.020593	0.023171	0.016397	0.018834	0.023150	0.019478	0.022078	0.021482	0.028314	0.023130	0.004051	0.018861	0.033107	0.021356	0.027586	0.004653	0.007114	0.028263	0.001873	0.006099	0.008976	0.030245	0.017645	0.025615	0.023913	0.026147	0.035496	0.000240	0.032834	0.019496	0.018526	0.030091	0.023047	0.009833	0.024794	0.032835	0.031704	0.002755	0.027029	0.029739	
0.034506	0.000094	0.035953	0.037437	0.038989	0.035434	0.026713	0.028278	0.009446	0.025525	0.015243	0.023623	0.007359	0.001469	0.021539	0.011499	0.029577	0.012118	0.039094	0.027267	0.025269	0.023873	0.011771	0.001658	0.037804	0.014969	0.035370	0.033241	0.023188	0.002811	0.004387	0.026224	0.025571	0.025152	0.016873	0.016450	0.016573	0.006691	0.007161	0.024481	0.012909	0.007522	0.016972	0.028861	0.009415	0.019678	0.012416	0.025209	0.024351	0.001987	
0.003974	0.013579	0.011526	0.017069	0.036433	0.017706	0.031034	0.032929	0.027399	0.008324	0.004000	0.012738	0.008150	0.020763	0.029504	0.034497	0.041496	0.003787	0.040258	0.006303	0.026472	0.010655	0.035846	0.009188	0.009069	0.023472	0.026214	0.008869	0.034806	0.021088	0.040095	0.013755	0.032310	0.021227	0.005540	0.034700	0.016115	0.007082	0.005476	0.000125	0.035678	0.041478	0.004475	0.028346	0.012483	0.018971	0.019267	0.020877	0.020873	0.013979	
0.043271	0.026911	0.001142	0.022344	0.031742	0.020403	0.014965	0.003086	0.011463	0.004393	0.025414	0.004935	0.022168	0.043133	0.000183	0.038948	0.003429	0.030318	0.034932	0.025575	0.008508	0.018176	0.012467	0.011518	0.034370	0.032530	0.012851	0.022228	0.041269	0.037868	0.031099	0.026332	0.003172	0.024405	0.005580	0.003453	0.040199	0.027665	0.011281	0.009134	0.027715	0.020904	0.000944	0.031288	0.019657	0.015380	0.005503	0.002703	0.045630	0.007418	
0.011108	0.020632	0.030805	0.014916	0.012997	0.034933	0.035878	0.024043	0.032438	0.015638	0.015102	0.029312	0.017283	0.013189	0.031770	0.007250	0.021794	0.032847	0.001259	0.024019	0.026859	0.012369	0.030087	0.032601	0.011352	0.028139	0.013243	0.035863	0.007904	0.014171	0.034370	0.015418	0.012732	0.031470	0.018286	0.016890	0.026201	0.020116	0.008941	0.006139	0.004043	0.027690	0.012638	0.006699	0.026673	0.023033	0.031531	0.010216	0.016392	0.010721	
0.032986	0.011990	0.030621	0.009541	0.010736	0.030922	0.015457	0.009635	0.010362	0.022290	0.006253	0.020564	0.005544	0.016532	0.013351	0.022401	0.000180	0.033144	0.022388	0.024377	0.032949	0.036215	0.005026	0.024758	0.019997	0.014586	0.030090	0.012085	0.014320	0.014961	0.003014	0.036002	0.028316	0.020091	0.026887	0.031496	0.012751	0.031506	0.019156	0.014727	0.018063	0.013598	0.017385	0.032958	0.030350	0.018005	0.030525	0.015603	0.035087	0.010220	
0.030572	0.032498	0.014292	0.020849	0.021374	0.024241	0.007078	0.001487	0.007610	0.036136	0.023621	0.020176	0.031682	0.002012	0.013000	0.017334	0.033090	0.035717	0.028485	0.003640	0.003964	0.018121	0.012134	0.038122	0.001626	0.013536	0.014402	0.012914	0.021449	0.029528	0.033459	0.003779	0.036516	0.025515	0.008687	0.034394	0.001992	0.019676	0.028589	0.019611	0.030457	0.007464	0.025272	0.013990	0.035091	0.034612	0.000083	0.021056	0.026868	0.022197	
0.002259	0.004430	0.019769	0.018481	0.007808	0.017343	0.019604	0.029371	0.008710	0.025014	0.005312	0.030346	0.029987	0.012970	0.015571	0.028992	0.014510	0.001126	0.003047	0.021745	0.040288	0.033640	0.035640	0.029779	0.024045	0.020791	0.015297	0.011949	0.019593	0.011096	0.023304	0.012855	0.020883	0.023034	0.016432	0.039272	0.038145	0.013870	0.016371	0.022743	0.022558	0.037782	0.018203	0.009355	0.014423	0.002552	0.018553	0.037441	0.018901	0.034811	
0.034040	0.005103	0.025181	0.036171	0.020237	0.032433	0.028858	0.028358	0.005905	0.017888	0.032116	0.006604	0.007405	0.014050	0.024782	0.014053	0.006894	0.030347	0.007804	0.033632	0.023634	0.012900	0.020432	0.030644	0.034400	0.014110	0.007376	0.027923	0.030379	0.013036	0.030452	0.023088	0.017749	0.035151	0.018419	0.019503	0.021159	0.003348	0.025529	0.023566	0.008756	0.034573	0.005764	0.005182	0.019228	0.005875	0.006300	0.023407	0.027383	0.018869	
0.035341	0.008929	0.032736	0.037228	0.017859	0.007283	0.023509	0.025392	0.014022	0.003188	0.026071	0.000669	0.017864	0.036445	0.000042	0.010410	0.001270	0.029459	0.023330	0.001694	0.008876	0.026140	0.044135	0.020493	0.011319	0.008300	0.037533	0.002442	0.026515	0.000992	0.033616	0.000091	0.046559	0.015585	0.008517	0.046071	0.045217	0.010896	0.004866	0.021191	0.020488	0.006379	0.007117	0.048098	0.021842	0.038425	0.018035	0.030640	0.003960	0.032921	
0.005026	0.025288	0.035318	0.033255	0.031032	0.001471	0.002327	0.014591	0.032370	0.035457	0.003299	0.034849	0.025290	0.019757	0.016901	0.016399	0.022424	0.016692	0.004346	0.031884	0.009299	0.034529	0.007373	0.022421	0.029385	0.034015	0.018899	0.001478	0.012984	0.034422	0.019252	0.033684	0.033302	0.014765	0.005414	0.018654	0.014847	0.023618	0.010050	0.019082	0.012631	0.023094	0.006753	0.035519	0.026369	0.027778	0.008950	0.003355	0.025383	0.024720	
0.034982	0.008186	0.029865	0.021858	0.031206	0.034284	0.026373	0.041459	0.036051	0.020025	0.028352	0.009019	0.030728	0.002890	0.033508	0.019368	0.014564	0.038317	0.005223	0.005387	0.012241	0.001344	0.016777	0.003202	0.011540	0.010847	0.040926	0.031329	0.006120	0.010435	0.036281	0.007276	0.022549	0.039372	0.008926	0.005525	0.013233	0.024495	0.018192	0.007577	0.038366	0.034045	0.008935	0.032304	0.006748	0.021017	0.014459	0.013454	0.020384	0.010456	
0.038982	0.007777	0.002135	0.029767	0.021353	0.017199	0.021949	0.037320	0.032508	0.031682	0.012466	0.022745	0.018644	0.029561	0.022081	0.021562	0.006393	0.018041	0.009492	0.019187	0.002254	0.020632	0.018957	0.019488	0.022360	0.027927	0.022030	0.022958	0.005306	0.020856	0.007228	0.039400	0.033750	0.031737	0.008254	0.013566	0.013552	0.033872	0.019545	0.015927	0.027312	0.000424	0.010961	0.035206	0.025209	0.009335	0.021851	0.007718	0.024615	0.016927	
0.015997	0.027570	0.003508	0.047226	0.007154	0.022348	0.040859	0.013388	0.033712	0.012591	0.003845	0.039684	0.003370	0.040364	0.037726	0.031030	0.037766	0.024895	0.033557	0.014259	0.002780	0.004357	0.020803	0.012962	0.031038	0.033669	0.023520	0.010424	0.016097	0.005193	0.041469	0.022257	0.005225	0.008142	0.028786	0.001831	0.007425	0.002093	0.014413	0.028143	0.011772	0.002191	0.042134	0.039301	0.020379	0.036344	0.000190	0.011662	0.013277	0.011275	
0.022078	0.035305	0.015979	0.009947	0.037182	0.017641	0.005063	0.001093	0.011300	0.032141	0.035730	0.039245	0.030736	0.026893	0.008840	0.019601	0.004130	0.029098	0.009304	0.026386	0.029042	0.031461	0.012973	0.025899	0.010894	0.019997	0.000109	0.036148	0.039038	0.011021	0.018151	0.014381	0.006742	0.032578	0.010865	0.005301	0.025759	0.001699	0.024746	0.000505	0.029949	0.037023	0.001100	0.024459	0.024303	0.016570	0.021972	0.015390	0.033443	0.020791	
0.034255	0.016221	0.028353	0.032132	0.035218	0.030082	0.027450	0.036402	0.008119	0.005136	0.032417	0.012256	0.011420	0.020992	0.018410	0.032144	0.024671	0.008757	0.015163	0.017075	0.020659	0.009625	0.015110	0.019560	0.027107	0.026527	0.023604	0.021249	0.015491	0.007380	0.027180	0.011598	0.016547	0.002149	0.013736	0.025328	0.006714	0.006634	0.029032	0.008743	0.012557	0.017168	0.008166	0.013881	0.031975	0.025771	0.028555	0.033963	0.028410	0.018907	
0.000500	0.028458	0.019279	0.007694	0.038081	0.010137	0.040673	0.012624	0.039221	0.020178	0.006675	0.022303	0.027377	0.005717	0.035556	0.037703	0.002074	0.027290	0.029800	0.013010	0.011852	0.020419	0.033500	0.022702	0.028843	0.021622	0.016905	0.009240	0.011920	0.022536	0.021600	0.022918	0.031883	0.014658	0.017998	0.004143	0.035875	0.008199	0.010709	0.021063	0.009656	0.023397	0.031132	0.011481	0.025568	0.002197	0.011932	0.021406	0.032800	0.017496	
0.000777	0.042135	0.035174	0.023167	0.038563	0.000478	0.009020	0.009973	0.033321	0.022194	0.032558	0.031255	0.015105	0.006984	0.001270	0.011897	0.038119	0.012369	0.011673	0.027423	0.003184	0.032843	0.000086	0.021430	0.029362	0.036318	0.014235	0.033115	0.035244	0.023668	0.004181	0.007066	0.002355	0.024040	0.005878	0.042201	0.008324	0.019733	0.017507	0.021872	0.014623	0.004174	0.010913	0.018515	0.040314	0.010417	0.025084	0.019726	0.034206	0.035932	
0.029397	0.027865	0.002801	0.007976	0.014035	0.015598	0.029279	0.025841	0.011327	0.032098	0.002395	0.033430	0.033033	0.020192	0.025113	0.028724	0.034421	0.030613	0.034671	0.000070	0.020723	0.034767	0.013759	0.013633	0.025900	0.032560	0.020117	0.014998	0.008343	0.030391	0.000068	0.031456	0.004232	0.022554	0.032232	0.002429	0.003779	0.030140	0.030380	0.005144	0.023276	0.013642	0.020042	0.030389	0.001339	0.032754	0.021132	0.015564	0.006870	0.018508	
0.004547	0.030670	0.027953	0.031611	0.022518	0.041643	0.012033	0.040508	0.014607	0.015961	0.026281	0.013587	0.012707	0.030625	0.024632	0.040302	0.005766	0.028776	0.033180	0.022392	0.004805	0.026742	0.001756	0.029709	0.023084	0.022358	0.029152	0.005505	0.010475	0.010271	0.040669	0.032751	0.009844	0.022251	0.011511	0.019525	0.002786	0.013588	0.017962	0.003610	0.025634	0.025211	0.013605	0.007550	0.037968	0.006626	0.002397	0.033749	0.004452	0.024156	
0.005392	0.012323	0.027916	0.021763	0.015429	0.014398	0.023933	0.025422	0.008894	0.015840	0.021635	0.015854	0.004324	0.015837	0.004880	0.031230	0.016497	0.002862	0.033347	0.000775	0.009071	0.028040	0.027182	0.030825	0.039063	0.025444	0.013400	0.035571	0.017007	0.030467	0.018948	0.020910	0.007602	0.031192	0.016143	0.018330	0.008339	0.018297	0.010499	0.004395	0.034461	0.038841	0.014421	0.037133	0.028874	0.017632	0.015300	0.024445	0.025501	0.034117	
0.011642	0.021707	0.040605	0.020569	0.017350	0.024231	0.012261	0.010126	0.039660	0.035063	0.024738	0.035911	0.025061	0.032395	0.005557	0.008680	0.000278	0.020141	0.005530	0.036382	0.008210	0.005812	0.008486	0.001600	0.029900	0.014981	0.011256	0.041222	0.009752	0.034264	0.039655	0.006762	0.009004	0.042597	0.042511	0.033002	0.001556	0.001437	0.030756	0.031625	0.001762	0.001254	0.007402	0.018799	0.032270	0.033232	0.022115	0.025697	0.012428	0.012767	
0.014044	0.033858	0.014841	0.016713	0.033073	0.008363	0.007981	0.039947	0.035921	0.017207	0.016541	0.031680	0.000862	0.020612	0.002029	0.030890	0.026161	0.018521	0.023630	0.010651	0.011719	0.032346	0.014293	0.015942	0.021389	0.021004	0.011858	0.015354	0.003214	0.014246	0.025871	0.015876	0.038053	0.022188	0.037618	0.026622	0.006033	0.029801	0.020710	0.030191	0.040247	0.011256	0.010245	0.033788	0.003617	0.021448	0.022573	0.023069	0.004123	0.011780	
0.004927	0.036694	0.001790	0.021133	0.010107	0.039640	0.035958	0.041792	0.020274	0.001146	0.043056	0.020843	0.030324	0.034893	0.027337	0.001107	0.039936	0.001964	0.020407	0.019275	0.035507	0.005781	0.002411	0.012691	0.021709	0.012024	0.016282	0.032963	0.003766	0.020351	0.027736	0.002341	0.031038	0.002588	0.003192	0.032989	0.002661	0.025993	0.015682	0.026725	0.040196	0.016457	0.029157	0.022842	0.006886	0.000810	0.000767	0.035863	0.025836	0.034150	
0.036338	0.017653	0.027420	0.004298	0.033528	0.016412	0.001402	0.015675	0.034395	0.001801	0.038252	0.034164	0.011651	0.020080	0.016210	0.030999	0.007834	0.011065	0.006554	0.000672	0.001474	0.023705	0.031769	0.025447	0.023520	0.006092	0.036557	0.005543	0.019188	0.017862	0.006145	0.012676	0.039292	0.004593	0.023994	0.036257	0.032445	0.008221	0.017619	0.034402	0.015314	0.033354	0.000283	0.028882	0.027871	0.028751	0.034664	0.023665	0.024542	0.009472	
0.043025	0.029731	0.011695	0.042315	0.010381	0.022581	0.023500	0.038464	0.017350	0.013683	0.023829	0.003036	0.017424	0.010697	0.043963	0.027923	0.031246	0.015488	0.000315	0.023814	0.037400	0.016141	0.001421	0.005034	0.035238	0.028012	0.037651	0.002632	0.003473	0.005112	0.033907	0.018263	0.019683	0.000681	0.029719	0.014563	0.000058	0.025969	0.037789	0.005491	0.009012	0.002576	0.031889	0.039470	0.030232	0.000305	0.019515	0.031638	0.015289	0.011381	
0.024636	0.023462	0.037437	0.017567	0.021675	0.019102	0.003064	0.012465	0.026163	0.010675	0.017673	0.020351	0.025488	0.034860	0.009855	0.031246	0.038848	0.007821	0.027222	0.026280	0.012325	0.029881	0.034133	0.001979	0.034768	0.036766	0.018666	0.001718	0.004118	0.031877	0.032054	0.004096	0.019184	0.006236	0.037654	0.000534	0.020585	0.023741	0.032673	0.007584	0.025311	0.029237	0.012215	0.031951	0.010477	0.026461	0.026383	0.000943	0.003277	0.007285	
0.029656	0.024538	0.035744	0.027748	0.030624	0.012301	0.017104	0.032426	0.016007	0.002028	0.030525	0.025825	0.026064	0.002117	0.030951	0.017930	0.030912	0.006341	0.015672	0.015304	0.014301	0.037059	0.038039	0.013266	0.021869	0.015624	0.005577	0.026523	0.031868	0.018281	0.021352	0.011516	0.014448	0.009483	0.027481	0.008709	0.027949	0.011828	0.035872	0.016736	0.035563	0.003564	0.030629	0.029152	0.003084	0.024927	0.003159	0.008655	0.003845	0.019825	
0.011230	0.011667	0.027596	0.003193	0.010133	0.016502	0.023952	0.023905	0.036644	0.018421	0.031349	0.009280	0.035958	0.035180	0.036152	0.027827	0.035710	0.009812	0.023393	0.013958	0.004276	0.025857	0.018171	0.019924	0.022976	0.016797	0.019383	0.012512	0.015614	0.002935	0.002660	0.002862	0.024067	0.017275	0.013640	0.003473	0.022140	0.032745	0.036966	0.008460	0.028587	0.025389	0.016021	0.029556	0.010715	0.037253	0.030233	0.000250	0.030655	0.026747	
0.010277	0.021891	0.035262	0.005868	0.029563	0.027246	0.014015	0.036781	0.030366	0.010669	0.006999	0.005063	0.012179	0.027752	0.013120	0.017453	0.024409	0.006710	0.031257	0.031047	0.021689	0.017223	0.022338	0.011936	0.001442	0.021836	0.001189	0.025570	0.031728	0.034988	0.010231	0.020936	0.015562	0.024361	0.014506	0.022217	0.037996	0.017871	0.033519	0.010219	0.002417	0.006915	0.008685	0.032115	0.032340	0.028784	0.032889	0.014373	0.015889	0.030306	
0.018407	0.004462	0.038339	0.009497	0.002327	0.040783	0.010600	0.040863	0.016517	0.007748	0.029733	0.014779	0.000953	0.028578	0.007124	0.034953	0.012933	0.025030	0.025488	0.015463	0.024687	0.020200	0.005395	0.010034	0.018183	0.011053	0.016161	0.008648	0.034268	0.019337	0.035315	0.027131	0.008284	0.026178	0.024574	0.034683	0.016650	0.026247	0.031375	0.019286	0.037528	0.015016	0.029331	0.035679	0.023246	0.010324	0.026726	0.012640	0.001138	0.006102	
0.034588	0.019931	0.036477	0.021824	0.004806	0.030098	0.024268	0.040422	0.007046	0.029896	0.029113	0.034738	0.009355	0.005095	0.038531	0.032719	0.027104	0.025129	0.024911	0.007022	0.003359	0.025055	0.002094	0.027051	0.027798	0.007884	0.036152	0.041298	0.033629	0.041536	0.003854	0.008398	0.030184	0.005633	0.009116	0.000864	0.022990	0.002219	0.028809	0.017963	0.005101	0.007822	0.039183	0.004008	0.035996	0.001513	0.002136	0.031009	0.007227	0.007046	
0.002223	0.009059	0.006198	0.037148	0.002375	0.028304	0.032070	0.010623	0.003340	0.019865	0.029876	0.033795	0.028761	0.014940	0.032124	0.018515	0.018946	0.009778	0.016959	0.030880	0.006049	0.017543	0.038105	0.011002	0.023093	0.036732	0.031351	0.037114	0.022991	0.004438	0.003645	0.029803	0.034530	0.020825	0.036668	0.002031	0.019672	0.027133	0.033216	0.027255	0.001353	0.030174	0.013903	0.005329	0.013262	0.020990	0.025434	0.030237	0.000951	0.009392	
0.047590	0.008953	0.012889	0.016016	0.008233	0.005637	0.010284	0.035971	0.038361	0.004857	0.001102	0.038799	0.026262	0.011052	0.034611	0.000471	0.038550	0.039460	0.027082	0.039102	0.014804	0.007992	0.022068	0.003849	0.005358	0.013926	0.024919	0.000705	0.002301	0.017759	0.006739	0.029252	0.028281	0.007629	0.007109	0.017972	0.030467	0.041612	0.007114	0.034478	0.001810	0.043023	0.003551	0.005234	0.047161	0.030107	0.002368	0.032160	0.033946	0.031024	
0.012290	0.010634	0.020578	0.034000	0.034425	0.030421	0.004084	0.004311	0.038515	0.008319	0.004724	0.012647	0.041583	0.016836	0.005048	0.014748	0.020676	0.016541	0.016823	0.019111	0.003912	0.027172	0.019812	0.028676	0.023728	0.007713	0.004963	0.021642	0.037067	0.043145	0.003513	0.032379	0.007935	0.037680	0.010427	0.007352	0.031458	0.005641	0.038354	0.022571	0.029840	0.043284	0.036982	0.005792	0.021294	0.011790	0.008379	0.023246	0.029085	0.008854	
0.032355	0.016248	0.031618	0.000603	0.008534	0.004669	0.019834	0.025657	0.018699	0.025853	0.030455	0.018377	0.026771	0.026819	0.008896	0.022560	0.031430	0.030781	0.004094	0.020584	0.003695	0.015967	0.034761	0.023404	0.009317	0.027027	0.007781	0.015610	0.022662	0.035613	0.016472	0.015622	0.019851	0.025532	0.011692	0.016512	0.026575	0.021590	0.021249	0.029346	0.015611	0.031106	0.022218	0.011832	0.004697	0.018272	0.011328	0.013830	0.030222	0.035768	
0.039212	0.031079	0.027736	0.003236	0.019658	0.027806	0.016036	0.016566	0.003259	0.034460	0.023056	0.025373	0.002156	0.020719	0.014117	0.024121	0.001162	0.026688	0.000378	0.011144	0.029255	0.006851	0.027765	0.012697	0.011893	0.015781	0.008166	0.016265	0.002990	0.002573	0.021464	0.038758	0.005459	0.028953	0.004511	0.000129	0.038199	0.023287	0.020102	0.021936	0.038094	0.012646	0.036639	0.013635	0.039158	0.034364	0.026678	0.032081	0.021925	0.039780	
0.001810	0.036909	0.013308	0.006972	0.008334	0.039549	0.017082	0.000940	0.007098	0.014200	0.037233	0.028108	0.030572	0.039989	0.005476	0.026083	0.036347	0.013439	0.036233	0.040037	0.036851	0.012306	0.023098	0.027431	0.004882	0.018599	0.025319	0.012410	0.026578	0.022296	0.035808	0.015444	0.022199	0.006302	0.023482	0.015727	0.005495	0.011316	0.038925	0.031245	0.007737	0.020385	0.004994	0.000268	0.022089	0.001970	0.004932	0.014251	0.038180	0.029761	
0.005659	0.007060	0.019218	0.018069	0.032181	0.013699	0.031127	0.000847	0.006071	0.014602	0.011093	0.036683	0.027894	0.035832	0.010685	0.010967	0.034446	0.027699	0.027206	0.003889	0.013986	0.020056	0.018795	0.030742	0.026542	0.018325	0.031559	0.027157	0.025345	0.036446	0.003064	0.014492	0.022447	0.000927	0.035265	0.035370	0.021582	0.014983	0.031199	0.010592	0.025520	0.036184	0.032841	0.028480	0.021019	0.011722	0.021648	0.002785	0.000948	0.005053	
0.000223	0.007122	0.010430	0.033674	0.007857	0.015238	0.030687	0.026842	0.007632	0.041842	0.010857	0.011530	0.022619	0.040833	0.004074	0.005402	0.037074	0.038281	0.028347	0.003796	0.040311	0.027500	0.026254	0.000866	0.010056	0.031741	0.011173	0.009546	0.037368	0.035985	0.018392	0.010467	0.026083	0.014268	0.003193	0.032736	0.029913	0.014371	0.001650	0.006354	0.031984	0.016571	0.022864	0.037835	0.007537	0.022263	0.018449	0.001972	0.040553	0.027386	
0.022511	0.014499	0.000437	0.010646	0.036624	0.031414	0.018748	0.003862	0.026930	0.032085	0.034013	0.009998	0.031144	0.011700	0.035489	0.001748	0.011883	0.027257	0.022258	0.022009	0.023091	0.015825	0.034238	0.013902	0.036386	0.016760	0.028347	0.019090	0.014140	0.028950	0.008353	0.005237	0.007175	0.020138	0.021191	0.029687	0.021003	0.015910	0.011231	0.022450	0.017156	0.004016	0.015291	0.016168	0.033134	0.027673	0.011986	0.032951	0.023806	0.019460	
0.013665	0.007605	0.026580	0.016583	0.016171	0.030424	0.009200	0.000018	0.005230	0.031149	0.030309	0.025006	0.005567	0.024163	0.032301	0.032816	0.033719	0.015368	0.002976	0.012647	0.027210	0.020802	0.017345	0.029633	0.020609	0.030611	0.020866	0.023245	0.024002	0.021125	0.025435	0.014208	0.017742	0.004924	0.011500	0.036680	0.002400	0.015733	0.020216	0.026594	0.036754	0.031175	0.029670	0.025557	0.015188	0.025392	0.002782	0.014665	0.017794	0.018647	
0.018623	0.020624	0.011524	0.000137	0.013046	0.020478	0.014667	0.029046	0.024443	0.012400	0.010477	0.012768	0.040584	0.007672	0.035688	0.000671	0.016116	0.006742	0.039392	0.033959	0.032902	0.031685	0.014116	0.014796	0.013275	0.009549	0.032744	0.029830	0.024858	0.008302	0.010852	0.025894	0.031018	0.031980	0.002043	0.031650	0.001529	0.002284	0.012450	0.034054	0.014374	0.022207	0.036826	0.024903	0.021717	0.008184	0.033552	0.010114	0.032618	0.030636	
0.001037	0.034794	0.003310	0.032092	0.039695	0.031740	0.029036	0.012623	0.032791	0.003758	0.032295	0.013671	0.031549	0.039404	0.023608	0.005448	0.008324	0.013805	0.035724	0.033137	0.011220	0.032256	0.003139	0.003970	0.003405	0.035508	0.014877	0.022195	0.032681	0.025640	0.032497	0.010377	0.017657	0.008045	0.022097	0.026537	0.022593	0.003975	0.024249	0.026116	0.032296	0.003564	0.015265	0.003809	0.002346	0.033039	0.017766	0.008414	0.039572	0.007053	
0.026467	0.013813	0.003567	0.016921	0.034755	0.009925	0.013933	0.013416	0.011924	0.009211	0.032496	0.030816	0.025086	0.025987	0.037370	0.032166	0.034389	0.009184	0.000559	0.024923	0.038100	0.003076	0.031104	0.010073	0.007105	0.021429	0.002658	0.030654	0.002989	0.012802	0.029901	0.035980	0.019289	0.016286	0.019629	0.001061	0.028712	0.029751	0.018515	0.013406	0.026919	0.026591	0.022574	0.022476	0.029260	0.031767	0.004834	0.001496	0.027838	0.026815	
0.022872	0.013859	0.030422	0.036054	0.011415	0.000217	0.033962	0.028517	0.014151	0.026138	0.027266	0.033345	0.032438	0.002172	0.012966	0.004778	0.018047	0.021054	0.014006	0.014446	0.030865	0.021369	0.040615	0.022675	0.014911	0.000494	0.011026	0.010206	0.015812	0.023431	0.022834	0.014399	0.013310	0.022514	0.026304	0.008561	0.040596	0.028711	0.002863	0.000055	0.022934	0.017462	0.016978	0.040049	0.031003	0.032399	0.017682	0.022174	0.006001	0.023638	
0.017530	0.014237	0.036728	0.038005	0.019981	0.011470	0.002406	0.033905	0.000646	0.040233	0.025643	0.041809	0.030813	0.007622	0.028691	0.033698	0.018063	0.002270	0.026178	0.006579	0.000338	0.029793	0.021756	0.026331	0.004948	0.014721	0.038107	0.001300	0.017166	0.011843	0.026856	0.010904	0.036438	0.036623	0.003543	0.021132	0.011898	0.039771	0.042678	0.003835	0.007160	0.014205	0.022680	0.005542	0.000204	0.011407	0.013313	0.035456	0.041957	0.011587	
0.010490	0.027181	0.000754	0.021809	0.018074	0.029350	0.034525	0.024272	0.033038	0.024810	0.041862	0.020257	0.009063	0.012149	0.030810	0.017907	0.026429	0.023412	0.030178	0.030965	0.010251	0.022458	0.029776	0.036154	0.004000	0.009190	0.013445	0.026732	0.014464	0.029387	0.002700	0.017635	0.014569	0.015067	0.031459	0.015656	0.039510	0.018622	0.019443	0.013460	0.008850	0.001270	0.026868	0.012359	0.008462	0.025638	0.030703	0.000769	0.033135	0.000633	
0.004421	0.034116	0.004999	0.031121	0.026223	0.026081	0.023591	0.034300	0.001162	0.009900	0.035329	0.032536	0.020375	0.023455	0.019598	0.001452	0.024906	0.035417	0.020674	0.003156	0.010620	0.013894	0.024954	0.026005	0.031620	0.020555	0.026431	0.034722	0.018903	0.005505	0.012526	0.021087	0.017264	0.008076	0.018226	0.028614	0.020170	0.002383	0.013531	0.031873	0.032823	0.014801	0.012204	0.011366	0.031446	0.018754	0.001413	0.014511	0.030281	0.032628	
0.006970	0.021422	0.004179	0.034608	0.031516	0.004200	0.030584	0.032891	0.014019	0.009863	0.023346	0.007929	0.032259	0.012843	0.015765	0.021005	0.009403	0.011414	0.018777	0.031668	0.022661	0.034850	0.011211	0.026120	0.024413	0.034362	0.021660	0.021238	0.003362	0.032867	0.029911	0.003473	0.000556	0.016694	0.031770	0.017122	0.014905	0.028138	0.031990	0.031018	0.007522	0.006424	0.035931	0.023996	0.012019	0.021222	0.010781	0.033337	0.020111	0.015674	
0.001804	0.020353	0.013958	0.030889	0.030209	0.027879	0.022569	0.031337	0.017988	0.015864	0.003882	0.033379	0.002124	0.021895	0.025264	0.032307	0.003760	0.034235	0.030963	0.009812	0.030364	0.023946	0.030025	0.030651	0.001952	0.028804	0.007384	0.029248	0.025565	0.034354	0.011776	0.012632	0.005228	0.025275	0.017612	0.017129	0.034782	0.028389	0.010212	0.009423	0.001760	0.027801	0.034342	0.008778	0.015491	0.022229	0.005723	0.034623	0.007851	0.016179	
0.031831	0.007688	0.006177	0.007637	0.023575	0.003698	0.039780	0.022244	0.004662	0.028998	0.025938	0.001468	0.015313	0.035598	0.017653	0.000561	0.012996	0.030241	0.019844	0.035691	0.004532	0.006072	0.010746	0.035564	0.032062	0.003679	0.006199	0.018988	0.018398	0.039248	0.043179	0.010255	0.009911	0.041741	0.008697	0.014933	0.023070	0.006936	0.038836	0.028178	0.029224	0.002504	0.034597	0.015599	0.013405	0.042805	0.000735	0.039426	0.006550	0.042339	
0.97
