50
2
-9.543818	1.915606	12.383581	-7.996692	-21.398395	4.557805	1.052009	18.800946	0.545849	11.780160	-16.925738	-0.727346	0.836827	5.219516	-11.517552	-6.605763	-5.125448	16.320372	-9.274937	-2.148491	-6.487060	16.346901	11.044100	-18.745770	11.590594	18.304293	-19.669124	11.581885	-13.075732	-18.174652	-15.034470	15.110175	1.451243	-9.789217	4.815059	-20.665246	3.641416	2.522050	-3.978232	-1.467333	-12.597200	9.292766	18.390400	9.639852	0.280310	8.241868	9.863669	-20.075332	20.929548	-21.249091	
15.289711	23.524082	-27.299571	3.402407	-11.966198	22.504401	-27.317501	15.398428	-4.807937	5.669860	-5.954033	-14.645064	17.779096	-24.981613	3.099924	19.393772	-17.417897	-26.414231	-4.446568	20.648823	5.259318	10.323680	-20.005932	27.634222	-21.868581	11.104332	7.641697	18.459975	-6.089858	15.570079	-21.305789	14.965024	-11.245040	-4.179708	5.689159	6.445387	-18.319646	-20.300555	11.178096	-19.509361	22.332171	-12.833597	5.106679	3.186489	-11.766533	0.520455	-18.880006	-25.658876	18.088209	0.138158	
-24.771484	-9.659087	23.480411	24.443552	-19.352269	-7.954150	17.545780	9.333757	-12.021398	4.889330	2.990542	-2.074887	-12.679835	26.429145	-27.570493	21.645723	8.025486	-8.921498	-6.874811	-17.366391	-16.570632	-13.519093	0.133506	19.461695	18.560774	-11.972367	11.141961	2.984145	22.285565	3.343181	8.390108	-6.479957	-10.745668	-11.306763	-14.792407	21.977206	-6.398047	-25.765634	9.821348	27.161326	-19.289159	-22.823100	-10.047902	-26.767646	26.230235	8.930148	-7.565103	-6.570048	19.378092	-7.500040	
8.867394	-6.290148	-12.160116	-14.613951	-21.908632	-3.524198	-11.962712	7.490862	-9.784896	-10.392294	-4.773481	-23.833269	-10.951450	2.914191	-6.690680	-12.505387	-2.733259	-8.849738	11.247220	-9.466502	4.098787	-13.343686	25.795443	21.717153	5.383553	10.565616	-17.048462	10.579205	19.446609	-7.398926	12.656008	-16.754360	14.923613	-2.925657	-18.454625	-18.583977	5.694577	2.575731	-13.752832	4.401694	-12.050085	23.151119	19.501928	-0.137221	23.802913	2.871261	-24.618845	-13.027082	-23.420159	3.112420	
8.905297	-11.357219	8.515302	12.818168	23.452002	-24.206825	9.984831	3.636725	5.146974	24.225723	21.240652	16.044897	-19.681240	-0.338837	-8.058383	1.958923	10.053032	13.070314	6.634675	-23.168398	-11.403532	-19.071258	-17.102931	-5.905523	16.706217	17.313577	-19.868864	-15.327290	-21.197417	9.409270	17.941294	4.350545	15.896628	-16.421241	-12.823765	16.879972	5.849147	-24.567432	-10.251804	-11.434028	14.174470	24.093958	15.124539	9.572356	-19.814266	-13.163755	13.852476	15.073060	15.566459	0.147471	
17.144161	15.457698	-27.984582	-18.359983	-8.015381	21.212440	1.088999	-6.479404	-21.857320	22.637938	25.381985	21.557982	-3.732243	-7.991161	-14.909468	-17.643234	28.675805	-11.735660	-26.588643	-9.657912	-18.568796	-11.131361	-17.114281	1.864472	25.451534	-14.702181	7.520426	-26.302975	-18.773117	0.923099	20.348640	29.884960	27.541154	10.530468	-29.929752	-17.728657	-0.370168	-19.986454	25.543027	18.782690	-25.745540	-12.790080	29.196013	-3.561223	-20.685044	23.416092	10.033498	12.352610	24.057608	-6.596886	
-31.498089	-2.248062	26.034470	-20.668425	-11.422516	-12.829639	-10.327636	4.315026	-26.662418	9.464154	27.389247	-28.295037	-6.832613	-28.282490	-7.865043	-14.192478	-29.284270	-4.656573	1.504204	-28.305364	-14.972872	8.449576	-27.743507	31.262373	31.686983	14.365356	-13.684357	-19.810404	-24.642339	-18.172228	-0.382233	-21.017044	3.170267	17.646839	28.572462	19.447137	-9.003695	-18.008537	19.772660	-20.870271	5.172839	-4.609516	-26.639163	-30.636907	-23.492441	19.708837	29.210738	-19.492432	-11.990354	25.148150	
-4.691727	11.105116	6.734354	-4.312729	-10.782041	-18.194835	13.770806	7.198268	5.965019	-14.038588	0.236297	10.991376	14.836821	19.453336	-3.862067	-9.147613	-3.268781	-14.048428	12.132759	13.473097	9.120824	-16.578338	10.713710	-11.170350	-8.416008	19.581119	-21.010713	-11.126317	22.787125	-0.117111	12.838340	12.701655	-8.065509	16.674838	18.060463	-19.355128	-2.170678	-6.966900	19.548265	9.393378	-8.245755	19.838350	-14.106469	-7.106926	-19.040672	18.760775	-20.799951	-9.267426	21.388658	-14.565715	
-4.541920	-7.264194	8.790665	20.153826	-17.910865	6.092119	13.716319	-16.907336	-8.878797	12.991837	4.032372	-15.982366	-18.409339	-11.151878	-11.381116	-8.904583	7.451452	-22.377340	-13.524350	17.882363	-4.782381	-21.150487	-3.279997	15.455050	8.383340	-19.030812	-19.461071	-16.816472	7.723355	7.711582	18.913567	19.659386	13.755998	5.018864	3.774303	6.047639	-16.417722	13.607119	22.221768	-16.658533	-12.937774	-9.856613	-2.918642	-21.679666	-11.752508	11.717968	-2.064056	14.836453	-2.688179	5.561383	
6.616492	11.514645	20.438136	6.421064	22.858868	-22.202963	-20.076618	-2.335305	-19.009817	-17.007995	2.520004	-4.142429	-22.831550	-9.678823	7.051301	-11.672531	2.569161	-16.648910	6.154067	-2.693994	-23.664328	-15.095160	19.407046	8.469993	-10.808590	-4.712563	-7.427573	-13.155224	-23.453262	16.924132	18.788751	20.954517	22.057779	20.397666	-4.101243	-21.986043	17.458460	13.038640	-19.026370	-16.241185	8.543171	5.414608	-5.453587	-21.944032	18.869261	14.969279	10.715796	21.731781	-5.592807	15.705085	
-4.935586	-10.461108	-7.002765	15.039101	16.589755	-21.308802	19.019410	20.712780	-13.381842	17.291256	-19.867820	-9.661753	-13.264747	-0.303722	-10.400099	-9.721345	-4.201259	-19.481031	-4.300940	4.524899	-16.115970	13.922310	-17.251028	9.120331	-10.487634	-10.847451	12.462998	-0.762315	1.151409	-13.931087	-4.467247	-20.386790	9.225995	-12.645265	3.542099	6.537435	-3.313515	-6.743738	-21.948282	-0.462655	5.704394	21.506296	-17.814954	21.628880	21.968480	-14.544543	4.586436	13.083571	-8.005086	-19.369169	
-25.092257	16.762716	12.448554	14.730881	17.345061	-14.897844	2.877538	-12.639107	-24.682030	-5.827787	5.024168	12.538767	13.986800	-16.567630	5.510846	6.207286	-16.843706	23.000268	-15.079854	19.741587	5.930708	25.000159	9.816379	-24.092750	-12.430630	20.123208	-13.926852	-4.250022	-24.744893	28.032809	-12.631900	0.473905	0.196989	7.897595	-14.380657	-17.898698	-11.675053	26.747421	3.051213	-13.743193	0.668814	23.318352	-21.700113	-9.934453	23.939143	5.696619	22.767095	-10.132189	-4.181778	-14.065751	
6.390448	3.745790	9.169627	19.049351	16.160546	16.093246	-5.297295	4.404615	21.609074	-21.095201	11.081567	10.570142	-10.064034	-2.720936	15.067404	-3.616252	11.366413	-0.045999	7.890415	18.005639	-1.408149	15.472491	19.907005	-10.485602	2.235289	-17.310068	12.497938	1.344505	-7.611217	-11.677404	5.947797	2.619704	-1.471053	22.515627	21.307428	21.289587	11.712509	-15.774728	-12.720370	19.886813	11.782685	22.871956	6.203203	20.101980	-7.029399	3.071131	-20.797327	-4.441070	-2.978997	6.167056	
10.923241	-4.386170	15.110594	17.889186	17.403606	17.316357	13.885484	-8.128773	6.958755	-16.408328	-19.376602	9.675388	-13.607326	-15.153595	-1.183456	-17.114070	6.986868	5.358326	-8.202193	-12.042259	-20.783017	-3.005785	-10.373856	-15.347900	11.284157	9.839232	9.209466	-7.962999	-13.427401	-16.900028	-18.273669	-13.150221	-12.016465	-19.085309	-11.881738	7.806627	15.527617	4.794272	-5.742546	20.836764	14.378256	-20.314295	-20.371623	20.826587	-14.417777	11.131414	-3.684314	-7.943434	-12.479988	4.375620	
-16.373992	20.024843	20.032064	-4.688825	-28.265500	-31.524526	-2.205500	10.337967	-12.833477	-11.489858	8.037922	-15.737282	-29.043659	-0.129568	-9.903826	8.595444	17.884411	24.350461	8.281382	-25.684446	-20.222043	-17.060423	2.680409	-27.215674	-8.240708	3.764376	4.828130	-31.482737	-30.254609	6.208264	30.504011	28.317516	-24.253928	-15.003753	-8.400815	31.796528	23.919417	30.794713	8.871649	22.562211	20.491876	-7.836362	-1.439972	-12.125944	-2.925479	27.679539	-16.324954	30.294522	-32.176041	-26.234916	
-8.956657	3.767183	-28.844207	-22.006353	-4.931062	2.206586	-18.256201	-18.582041	-27.144091	-11.992369	-11.366452	-1.378278	-30.745962	30.036289	-5.061686	-6.993199	16.538353	-9.188632	13.084175	10.354445	-22.705138	-15.948593	26.045811	16.277882	-7.461905	-6.821182	5.334624	-21.843668	0.636679	-4.912122	10.456162	-17.815728	-0.409174	14.973301	-23.756422	14.579322	-27.930761	-4.627776	8.012830	17.102989	9.397784	15.219763	-9.499530	26.020025	5.232384	-5.824252	-23.297749	23.086926	30.431585	3.915618	
21.752782	-10.034355	-0.008465	22.452446	23.894380	-17.952192	-9.958801	-4.910987	-9.328440	6.336820	-6.645228	3.860288	12.198974	2.825514	3.745207	25.012737	4.708962	-24.821400	-22.633617	-6.590439	-20.241614	-11.709151	24.032162	14.827236	-8.742297	18.510958	1.119424	15.701952	-16.170617	-10.911639	-22.590953	-1.590867	-12.084029	-19.823562	6.517240	-4.047623	-2.104167	-4.945065	0.616716	-8.143936	8.153857	23.372805	-2.369748	18.187479	20.491014	-14.789653	18.166186	-22.511339	-10.761034	12.008083	
-17.326073	1.979090	17.271088	22.573950	-0.024421	-8.331000	-4.884939	-11.556138	-21.701931	-0.690649	4.588224	6.923268	3.108540	22.508135	18.148018	-5.771357	10.701341	-5.497931	16.216608	2.719144	-4.194309	13.633014	-2.949169	-8.307899	11.951826	3.977874	-20.271530	12.624129	2.694210	0.139336	18.953624	21.445684	7.363581	5.869234	8.534247	-9.757069	7.253320	-1.510413	1.055680	11.013909	-2.174106	3.080246	19.861213	3.362102	6.980939	20.864276	16.381858	3.479076	16.736157	12.753895	
-5.068692	-3.300935	-14.217539	-4.345963	15.334593	-7.887385	-7.295942	-7.304139	-1.732120	11.710902	3.109822	0.881654	-5.260875	-18.231680	-9.008661	1.281107	7.850162	-9.108594	-10.924711	3.366551	-20.974919	-13.111727	-16.462253	2.952375	3.108635	17.833375	4.000137	-4.111335	13.504248	-13.382565	19.012685	-2.932866	12.755035	5.203921	12.941832	19.303546	-6.053000	13.658356	-18.899331	7.003456	15.221066	8.803158	-9.097514	-6.280662	2.317847	-17.550975	-19.527904	-18.130308	-1.386432	13.008706	
3.672793	-24.399720	27.523695	-24.873444	5.341647	7.178538	23.675553	13.148969	-10.126018	19.925105	4.349787	-12.779536	2.159420	-18.014295	-10.372942	2.813856	-5.680226	3.411113	9.826623	-20.665725	-15.842994	-2.871994	-11.083180	11.346462	-3.682065	23.079085	-2.796682	-18.036466	-18.262075	-11.839317	-20.536670	17.380113	9.485572	11.297824	-25.123912	-17.685828	25.749694	11.589330	-25.167001	-6.354387	24.000087	-5.543630	-19.444935	-27.802950	0.512644	26.230638	-22.728261	12.533163	4.615803	21.514155	
-10.031607	13.967189	-2.116185	-19.404712	-20.557526	-11.405696	7.365272	13.947677	-11.192791	-13.917159	11.422043	-17.171432	6.400437	9.506735	8.711009	-13.865195	-21.038792	7.640150	17.385964	-3.462000	-10.658034	15.549953	-20.390779	19.295104	4.789958	-14.713778	-11.146567	2.352481	12.127031	-2.757849	17.493034	11.518038	12.296513	16.121991	-13.928472	11.105373	10.478169	-7.223418	15.121418	-2.388769	-14.539530	20.737114	-15.540046	-4.199702	10.521803	12.718483	-1.370470	3.599194	4.178024	-5.183956	
5.783480	13.340853	4.847300	-23.332250	-9.903936	18.961968	14.096269	-0.467995	-5.048360	-17.621817	16.310228	-6.176995	-4.673358	-20.245211	9.271879	-22.610670	4.599895	0.249209	21.697567	13.925698	-22.143845	-15.017580	-11.474756	23.824276	7.137107	-8.556191	-12.591640	-15.482735	20.598087	-14.543538	2.403266	17.774286	0.097885	-21.663439	-7.072796	-5.317422	15.653473	-15.732758	11.098839	6.837203	2.865339	-11.897111	8.751356	14.567498	3.275889	-5.310320	13.406459	-0.436213	8.605966	-18.119227	
14.132237	-17.229430	-9.428247	-11.062091	-14.797460	15.190622	6.912281	-4.315070	16.808474	17.233923	-6.901103	-11.264209	-7.975375	1.828061	7.805885	-10.891001	-15.925255	-3.503695	17.961395	8.830284	1.004334	-1.045638	-13.945727	-13.220722	9.647835	-9.607712	-12.750192	-4.848959	3.453806	1.468152	17.428261	-1.421485	-7.496558	-12.384672	10.399169	17.128882	-12.201824	-17.402655	-17.275067	0.516047	-1.703913	-17.595249	9.496560	3.114651	3.530332	8.573409	15.446757	-3.808903	3.947783	-6.414301	
4.029685	-10.447840	-8.071930	22.343622	4.256369	18.025351	-6.480981	-23.548528	-6.792356	-19.112350	7.997274	20.712657	16.409726	8.203511	12.880960	20.753326	-12.343112	13.909852	-13.519305	10.923278	-3.272535	3.923401	23.135705	-6.770786	10.686720	-22.751638	0.006487	-19.098354	19.962516	11.722589	5.901405	18.747180	-20.811266	12.432976	-23.047726	20.741422	19.045752	22.413313	9.577119	6.173571	13.933730	22.939159	-3.229867	-24.768698	9.587687	-21.579187	-13.974455	8.782631	-4.405004	25.626621	
-5.693431	9.240590	11.818100	-24.838700	6.962264	2.733103	10.268012	23.497191	5.765745	17.940422	25.467293	2.109662	16.174026	19.799846	-26.119134	7.753357	-13.866272	-24.541007	0.441823	7.248999	-14.533664	24.178230	-13.962964	13.325867	-14.207088	-5.732931	-6.793870	12.930865	-6.677487	-1.733314	2.484546	-22.862293	-11.719381	-14.795393	-22.631780	8.102546	26.265540	-22.699273	8.664110	9.622501	-21.300704	16.328445	19.915448	6.501747	26.726230	-5.762291	12.421245	-25.299555	-16.913605	-14.362662	
-7.880626	12.582747	-22.323032	-19.661079	-3.503709	11.080801	-18.538331	11.758911	-11.642130	-25.670795	-2.775332	-16.016027	25.650127	6.504245	-16.477422	10.412120	15.670447	-19.655369	8.653763	22.366146	6.644106	14.892007	4.053846	-27.099407	-9.517676	27.968452	-22.711773	13.738985	-7.439185	8.990784	11.271847	14.984528	-17.796466	3.029324	-19.422631	19.777945	-14.095762	-18.114657	-22.744936	-21.498962	-23.830579	9.878471	-14.310081	27.398778	-24.339452	-25.755743	-20.160147	-3.189345	13.747947	26.831227	
-28.439249	-2.780774	23.773380	-11.616530	19.848387	-5.768257	-0.555609	5.519446	17.621643	7.480006	-18.736010	-12.369935	-27.672871	-8.041723	-14.374143	-24.061731	14.863947	-1.883216	-1.415245	-3.511086	-6.168235	20.743951	22.990707	13.116430	21.576552	-11.060380	20.775081	8.822360	20.859542	-6.407128	-17.629606	-21.250112	-18.997153	3.425761	-20.981699	0.325087	15.370268	-13.132615	9.336373	-18.294530	1.219446	23.554844	8.364494	-13.302774	-9.350753	14.628488	24.532451	9.193192	-23.022969	-4.592195	
4.909016	-15.050874	22.095990	-8.967815	-9.331002	-17.666960	-6.505716	9.625999	-8.327404	-21.731592	14.555535	-4.769729	4.774056	21.123945	-19.248621	-21.437680	-2.893508	3.073011	-9.086490	-11.032984	-0.333108	-9.711385	14.974131	5.182348	-9.653713	-2.392415	-7.930635	1.671049	-4.512816	-13.749897	-6.635420	-16.479231	-14.212830	-19.432933	9.000623	-14.059963	21.447846	-14.719189	-4.963997	-12.915775	-15.989792	4.216653	-8.464994	4.008808	19.291175	12.946547	18.606818	-21.408299	9.689983	-9.993536	
16.691719	-13.308388	-11.382491	-7.366567	18.902120	0.928130	10.790124	-5.285177	7.427997	5.653185	-16.543879	21.613433	15.670277	2.992370	8.156356	3.029833	19.754138	-11.615381	11.478353	1.249877	-9.151785	11.896379	-21.690905	-21.919348	-5.017398	-3.375431	11.940071	-7.814737	17.482553	9.898375	-0.430676	-14.989554	2.197639	-2.520949	-14.401752	-18.974964	-6.542040	-10.705600	21.826878	12.187423	11.959751	-11.180192	-3.817329	7.216243	-11.904720	13.126776	0.971424	3.545833	-5.527762	9.232251	
-20.018956	20.599633	6.956341	-3.280950	-10.796918	-8.201547	-14.998860	-13.913687	-14.604186	13.971035	6.736229	15.688862	-18.225762	5.621416	15.553765	-20.964712	-2.581640	-0.690840	-4.511312	20.022082	13.861731	-15.569103	-6.242710	-2.571983	3.283304	20.286925	-7.258417	-4.014639	-1.038656	-15.104441	14.537338	-3.371782	12.932624	-16.300902	0.458843	13.398962	6.567743	13.285872	0.488003	-14.295809	10.555804	-20.347802	-15.796068	-15.004970	19.641771	-14.613268	5.553277	-3.229844	3.045570	7.450539	
19.833018	21.582469	24.985536	-5.242787	8.327559	15.966321	15.167466	23.510308	-2.129360	23.351617	-12.338123	-22.984560	-0.504448	7.730171	-5.575138	0.969254	21.854715	9.278160	-26.761927	-2.988765	-22.691268	-2.597305	4.377184	-26.221545	17.878113	-8.425064	-21.060835	-15.252444	-18.742799	-9.810255	16.220122	25.120473	26.523148	-12.839471	-23.014880	-4.976935	1.420991	14.545177	-23.854586	-2.155979	5.989197	-1.247224	19.913044	-20.201237	-26.411944	-15.941102	3.419568	0.485787	23.139054	14.413681	
-23.533992	-23.463666	18.290015	26.157442	-17.401417	25.640650	-20.362027	-5.757868	-23.726894	-5.163011	16.973863	22.478600	-24.183980	-13.803724	-2.721213	-3.153260	-24.600000	9.460373	-24.681629	3.436100	-15.852884	-12.328766	-4.731937	-21.277342	-10.583380	2.024584	5.168804	-23.024376	3.849365	-23.796414	-25.423318	7.348400	7.148768	10.214932	25.280332	7.851806	-26.655306	21.021898	11.703942	-14.532761	-11.721226	0.125426	16.740388	15.199302	-8.064442	-23.063401	-20.934654	-21.830252	-14.774269	18.209294	
19.443755	19.175612	-15.767133	0.285819	-1.399728	20.224297	14.687848	13.069193	12.022967	13.840840	-8.396758	4.559657	17.056280	-1.909923	8.962725	0.318312	13.337255	1.037406	14.692167	9.250968	-10.902247	-15.188600	-16.574056	-18.145225	-0.107874	11.207436	2.089370	-5.894102	-20.661209	-3.781727	18.248599	10.844481	17.165649	-9.745722	-1.145478	3.313726	-1.914673	16.034368	-6.451976	-4.833700	10.841325	3.011615	-3.220982	-13.669084	10.953366	-4.478575	11.566497	12.049380	-10.648261	-6.979262	
1.105481	-16.726429	22.648914	-7.522639	-15.185034	-0.521115	-13.244332	17.720060	-11.744410	-24.445472	22.442458	-10.036306	-25.808534	7.461618	7.001533	9.342705	-22.014514	0.953007	-20.929256	3.681766	24.139797	-27.819775	-17.992038	-9.560524	-20.007642	26.140045	-17.123480	-18.465817	-13.659292	3.551927	13.455951	-13.342192	-19.099813	24.974092	19.402915	-23.635471	-15.122586	-15.965201	24.439280	-23.644055	24.447633	-28.768320	-2.683606	2.706191	-28.800733	-17.116331	-3.586257	-24.626976	1.091364	-20.399816	
10.385033	8.588278	15.995748	10.957123	-7.861647	7.958234	11.352726	5.315138	5.357070	10.465587	-11.876505	13.465146	-1.259644	-12.288271	14.841208	-0.826025	-7.191938	-14.941306	15.858403	-2.443061	2.252110	-10.991226	-17.273905	-18.553278	10.628425	-10.714238	6.967977	-6.625261	-10.028048	16.966263	0.887509	-18.337397	-2.643802	-9.211165	5.187828	1.923975	-13.070422	1.243539	-10.703318	15.950608	10.190952	-0.891322	19.303036	-11.372542	-8.535240	13.361776	5.122826	10.805489	8.225485	-9.087045	
6.974026	15.822429	-21.764073	20.529801	-4.354654	20.552568	11.811466	5.804704	5.030095	13.584618	-12.548752	6.417297	10.228603	3.577193	-0.571428	-3.358207	-3.099310	-21.926880	-4.752293	-14.780740	5.460955	-22.291309	17.056281	-12.623362	-14.809721	10.475909	-0.249439	-0.034219	15.972255	-0.545716	-21.852050	-22.776617	-8.754150	2.493090	-16.283245	-14.817646	12.573736	21.489570	-6.599326	7.491250	-3.820600	1.241135	-12.200366	18.520533	-9.644954	-19.739917	-23.409620	0.238587	-0.778312	19.305688	
-11.622295	-18.242042	18.268687	2.769975	-1.392573	-11.491990	-2.343368	-17.329784	-1.089345	-15.270537	-15.882700	-1.035901	10.264670	-12.533326	-16.430533	-8.930828	-1.586679	-5.462044	-16.154522	12.012787	-5.238382	-13.901019	4.430270	12.237083	-1.709577	-12.724212	15.798665	-16.488253	12.581588	-6.078170	-15.863667	5.933809	2.768506	-0.456218	-9.419566	-13.056016	-0.705436	4.154027	-12.992618	15.616678	-9.389385	-16.961003	5.377291	17.151358	17.674729	-17.040964	-5.866990	19.627012	-10.002599	11.061035	
-17.884106	16.325982	-18.870027	-16.334075	-16.724900	13.609280	-14.429587	-2.320146	18.119654	4.955817	-21.763762	9.682877	-19.798165	20.307747	-17.030536	-5.581686	-19.462161	-12.795861	-22.545522	9.131191	-3.941531	-11.867437	9.014830	6.958015	11.479398	-11.166972	-16.157602	5.555688	-7.199441	8.797976	-6.175854	-8.975911	-10.872666	4.869194	-18.303523	-6.358402	-15.866276	-7.482017	-9.603165	14.776129	-11.291588	2.382170	-20.782497	-1.469355	-16.400542	22.777783	-10.195912	-19.769308	5.448057	22.491014	
26.979188	-18.001995	3.407900	-26.739996	-24.951297	-0.715704	-22.234389	-16.265210	16.330863	-25.569358	-23.895847	7.821539	2.112208	-17.965150	-8.046904	-0.370987	-10.582330	19.349517	-18.129839	17.386996	-7.963763	-8.346367	16.553303	-18.142669	0.725813	-27.008624	-5.049677	0.149189	-7.614298	26.507374	11.631495	-14.272850	-1.491821	-20.415672	-2.795485	26.727805	-4.134739	-24.485303	12.791153	16.315849	23.128171	-22.373365	0.424549	0.904303	-15.615586	0.910737	9.537291	-20.777157	12.856046	13.257101	
-30.864096	-27.198910	3.323307	-6.898972	-30.353488	14.667336	-15.308035	-14.755735	4.763977	-5.770162	12.209010	-26.954175	-30.680081	20.263420	2.168192	28.350835	-3.935537	29.905111	-7.604657	-0.269638	26.094130	-30.507886	20.086788	10.354735	18.362257	-18.112082	-2.110671	-28.989585	-27.905993	12.446612	-3.408705	-25.359422	29.358633	-16.805131	28.759999	-18.845741	-5.291573	24.784128	5.347195	7.776016	-30.290460	-12.495370	5.578213	-26.291207	-27.592940	-16.999790	16.985647	1.142566	-11.496150	8.884285	
2.356096	16.601402	6.632568	15.874642	-19.196073	-22.477934	-18.418765	-25.345242	-6.391616	-2.735798	-20.507403	-2.863131	3.187357	-6.613749	-19.361431	-26.413121	-24.054385	-18.147291	25.626127	-11.097684	6.710092	-23.290145	-3.874897	-3.197052	9.729747	-19.937713	-6.147909	-11.070467	7.618082	-10.867981	-19.660561	24.463615	16.079932	-8.248779	13.597392	-0.460875	11.868000	7.534240	-25.995093	13.401609	6.732208	22.597828	-21.529761	-14.241346	18.844063	-10.066719	1.559301	11.359760	-17.011210	3.484800	
-4.071364	0.492137	22.473295	-19.020902	18.379036	-19.466886	-17.564223	16.492712	-5.209619	-19.297754	-18.800015	18.596435	-7.911422	-1.376170	5.003895	-15.990928	-18.274269	-10.510215	-12.598548	8.295748	-12.188554	-24.726006	15.614511	-6.710067	10.339437	-23.243657	-23.522621	-16.731606	7.118599	7.146192	9.694357	-13.984775	18.450317	-20.528459	8.230017	14.972962	5.215117	-12.165409	25.576490	-12.233369	-12.830900	17.405622	25.563442	-25.906293	-7.837350	-2.323920	-4.787342	-21.789311	18.926695	-4.114347	
-10.995603	10.177435	10.670870	-15.421317	-19.120013	-18.172324	12.469488	-17.895393	-15.406966	-0.953684	-18.121965	-10.223079	-13.612821	-12.775807	8.927190	16.643751	18.965200	-2.837491	-0.575313	-2.503259	-9.220557	-10.951366	18.710747	14.135846	-4.952096	-16.305136	-8.861173	14.312741	-17.980489	-15.721357	-6.011896	16.791419	10.674511	-5.775495	-15.949583	-2.227655	11.300007	-2.183935	18.844463	-2.013570	-16.642301	-3.763292	18.274827	2.545197	8.990509	13.726162	19.975072	-7.929099	-16.182326	16.040028	
-11.918239	-1.177518	-22.151038	-13.022034	-2.023885	-12.322166	-23.195451	19.511946	-19.357954	-8.301401	23.378448	-21.851930	16.244674	12.406724	8.377705	13.577345	-18.882735	19.004991	-6.440155	18.714194	-18.982167	23.501203	4.915858	19.761889	-22.036367	8.723747	-19.609191	-10.470243	-20.058614	-11.364364	16.966016	19.198544	-22.456702	-7.257760	0.968342	-5.827150	16.279277	3.515960	13.462006	-12.197318	-21.614203	0.024385	16.341726	19.459536	19.117157	18.464742	-18.357873	13.073850	1.234650	22.142081	
-6.340485	-16.172951	-6.796531	2.063719	10.040708	16.973503	-1.876907	11.671268	6.277337	5.564892	4.457719	-9.256879	1.028437	5.416343	-3.292009	7.171600	-12.543891	-4.422912	14.595538	11.822711	-10.747562	3.432806	-8.856951	-13.406654	15.825558	-4.861268	-3.613113	9.025201	-0.714010	-16.900320	2.653869	1.387130	8.798836	-6.751929	12.563482	11.888800	-5.049845	0.838604	11.703155	-3.793484	-15.170479	12.630691	5.753837	7.237802	13.855546	10.757228	14.458884	-5.400448	6.000120	-5.104177	
-12.624501	-17.155128	-2.286661	-6.501508	0.118014	-16.292721	8.709017	-3.428458	9.078234	-3.212112	3.754069	-25.789494	4.384867	-17.795457	-21.125282	-2.533444	8.490612	-18.696870	-7.713062	-6.766102	4.126815	-7.019574	7.315340	-27.453076	3.529669	-7.052715	6.085480	23.536230	-22.716688	11.728943	-20.953515	19.569408	-9.749707	-11.956925	27.552308	25.710657	-7.700321	10.591392	15.396221	26.291878	-15.764806	-18.844406	-1.792653	-19.760887	25.919898	10.782499	3.612591	-21.710103	11.184856	22.077807	
18.017230	-3.296330	-4.460445	-0.753512	-15.918469	-1.276579	9.257868	8.819070	-9.618734	-20.744648	20.118677	7.263316	-12.842553	-5.327601	-20.645128	13.679241	-11.000922	-6.100651	2.811901	-8.985163	1.099444	5.873692	-19.409305	12.567172	-13.279651	-8.267618	-18.428371	1.024103	-16.466555	-7.695976	13.455394	-17.569859	-19.433224	-2.680093	15.291219	-12.860857	-15.538154	4.427220	19.679262	-3.647823	-18.785157	11.805221	-13.624608	19.578987	0.552833	-0.068040	8.319753	-0.008363	14.707148	18.524482	
-5.360614	10.715995	-5.616604	17.225302	4.099797	-11.574810	8.647398	14.596501	-1.454200	-7.187623	-6.359268	-16.749581	14.771609	-11.027155	1.518196	15.046096	8.744579	0.491359	9.031870	-3.022745	2.225075	24.231953	1.108775	22.208762	-22.906136	-0.048176	19.868640	-19.524866	-8.449774	-25.345205	15.099194	23.683243	16.882657	-21.392619	-8.658050	-8.486139	19.179356	19.238872	-20.121122	25.054442	24.293548	-7.544379	25.867600	-7.679649	23.537037	20.431611	-4.825957	21.421423	-0.969088	-3.166848	
17.469563	-16.938171	16.622391	6.533466	-10.665906	-12.696819	18.138599	9.477914	-7.119551	-4.102561	15.221506	-0.194684	-5.240870	-14.938556	13.744161	20.458949	-3.179329	18.586538	-14.193937	-21.055650	-15.258513	18.320315	0.369222	1.457787	-18.794434	20.319953	-4.781587	-3.513517	19.752698	-20.392621	3.668474	21.447260	-13.746508	19.856791	2.423482	4.118473	-14.524088	7.602899	21.967101	21.012335	-16.299695	17.884794	-8.302829	16.028513	5.706824	3.508098	0.577651	-3.105776	5.431206	-2.773590	
-3.051272	12.466179	22.721102	24.022037	21.870860	9.826220	9.969443	-0.511087	-3.130072	19.757285	-6.478550	15.932671	-7.286299	-20.028405	5.675446	-5.458244	-2.476333	0.925961	-6.268760	16.724278	-2.346040	19.131080	-10.551863	5.369203	-8.089596	-3.523269	3.245062	19.957577	12.617105	16.228517	0.013312	22.652828	9.059973	-10.896866	1.352566	14.448917	13.762515	15.540026	-3.418657	6.898527	-8.293927	0.142097	-23.474332	1.292984	6.389556	14.799827	-8.278053	-1.273362	16.883073	-12.485220	
-4.946098	-7.326039	22.750991	22.609143	1.911128	9.389502	-22.195893	-10.699908	2.767577	-1.052465	23.481596	-18.035482	18.543103	5.561407	16.303359	-5.466222	3.879662	26.664858	-20.273500	-10.773213	-12.041595	-15.140259	-6.283893	26.432951	-12.666750	25.170196	-26.815037	3.940266	27.273717	-3.693104	7.612085	1.515974	-3.473921	15.647208	-9.219269	12.682380	22.188273	9.404824	7.686002	25.930076	5.767845	-24.453790	-7.486371	14.879953	-12.228886	22.723853	-0.008438	21.467746	7.623980	9.873397	
-21.820560	-4.321275	-3.187409	-20.319281	-13.987797	5.230469	-14.294396	22.454218	4.749175	-4.734123	1.187663	-2.943854	-16.508358	13.402265	12.594990	16.988517	20.683209	18.170722	-3.772583	-24.943752	-6.804416	-23.888020	10.743805	-13.575177	19.991508	25.979407	18.156330	-10.756548	-7.141882	-21.175240	19.948413	-3.080838	22.826840	-22.257893	-12.166151	-14.752811	-17.194816	-21.344149	-18.988612	-7.174198	-2.587639	6.934415	24.411550	7.014641	3.483165	11.562988	12.734366	-12.535890	-17.166322	23.106890	
7.249507	-24.959917	-6.252709	-6.991162	13.299493	19.328275	0.684702	-22.180710	-8.065117	4.915455	4.302377	-23.704862	-17.913142	22.616229	-18.715849	21.378356	0.634733	22.557814	-13.703500	-5.224172	7.085176	5.645015	-8.272089	0.934264	5.566514	0.322167	-8.159175	-4.635330	23.124719	-18.358060	-18.403528	-10.478161	-8.592268	-17.221933	-16.636411	15.587424	12.082707	17.423963	-14.243480	-11.142673	19.301623	-15.331892	17.177236	-21.431096	-6.947097	1.485143	23.158784	-1.372080	15.386866	17.083965	
7.764554	6.168669	-11.609461	0.385862	-7.854996	-4.516426	-15.299342	16.326463	11.692460	-6.713940	8.871654	3.415921	10.534745	-7.300780	-14.293306	12.550302	4.824225	-20.829897	6.712630	-14.472441	-0.318774	19.178370	-12.553572	22.465365	-11.434565	3.856894	18.656251	10.256558	19.683608	-12.097866	19.248960	0.722648	-4.537877	8.889796	-15.759905	21.700961	22.461584	-5.672379	-13.948388	-12.628145	-12.328273	20.366515	4.695821	-20.189995	4.507747	4.004726	0.693229	-1.784611	16.288214	17.981682	
16.484356	-9.942720	12.746811	-13.339115	-4.479559	3.420107	18.180680	-6.337587	-15.138423	0.654750	22.219358	23.024507	-1.827679	1.812173	21.587214	-6.852619	4.268011	18.734438	-2.547333	-23.694993	-5.861348	-8.380366	-22.545503	-7.125867	-16.069776	-7.473394	10.241946	8.088570	16.376275	-8.678872	1.375550	3.104652	-9.242447	-15.353281	19.621506	-15.870964	-12.005571	3.870709	6.089474	7.925792	14.363817	-1.772804	8.949627	-6.995995	0.597343	7.151521	-22.212090	19.846064	-2.617196	4.981816	
20.942367	20.198224	19.213696	19.987897	-15.001097	-19.651583	-17.588917	-21.531880	8.508365	-5.614975	18.445113	9.653389	-15.787086	13.411766	-9.499815	13.844308	2.603243	-1.405373	-23.813190	20.999592	-5.647027	8.976914	-20.172575	19.938688	-10.358030	-11.845062	-7.586391	5.833981	23.366409	-19.988486	15.809358	-23.717504	4.211574	-16.490806	-15.112776	-10.527651	10.699285	-6.912582	-0.447589	-7.717904	19.362620	4.015484	17.476383	-13.679704	3.194660	-22.040849	-9.613940	-18.844591	5.859498	-19.667330	
6.152288	-23.410934	23.165473	1.792536	-12.029260	-3.945315	-11.978602	11.143269	-8.111485	-17.844148	3.607984	-6.368177	14.979861	-23.966149	-14.008656	-23.256022	-2.653739	4.443014	-14.894820	4.126873	-13.724639	-21.419083	-17.154901	-1.804367	8.374353	-16.924734	6.626844	16.979002	-19.991584	-7.721402	3.339890	-0.716577	-12.754552	-19.680041	-17.104481	-2.791316	-22.931328	13.245318	14.572554	-16.802135	10.916719	18.836814	-22.393641	7.273661	-22.335964	12.228026	18.307138	-10.435738	20.494018	20.528822	
7.224016	8.812681	5.892395	19.029937	-8.054301	-20.363216	-2.282397	-13.750636	18.521345	-18.155676	10.557192	-7.519588	-26.677631	12.376190	15.122418	13.236898	-0.170203	-25.527416	-15.104912	20.937236	-4.114015	-8.926799	10.683216	0.640552	-13.200551	17.336383	7.316831	25.199061	-6.665998	-12.487933	-19.965267	-19.813496	20.593760	6.469777	-5.529119	-0.102814	6.827666	26.911719	-24.483123	-0.060277	-25.349046	-15.943832	11.311083	-22.373926	-14.356271	25.575662	-25.522361	-13.364308	20.770968	6.560293	
-8.258292	24.963154	18.437733	22.835569	-15.881596	-0.010647	0.288254	4.305941	-8.467047	-8.504418	-3.606873	19.515756	-18.810764	-0.016421	15.569301	-6.501410	28.368549	-26.765421	-4.166094	15.614843	-8.493161	-11.682386	-15.603140	15.621620	-28.780361	-4.871942	-16.050457	-18.771499	-21.300368	-11.398156	29.699469	-24.631768	0.105583	-21.293984	7.106241	4.075376	24.025084	0.306356	27.480130	-9.448833	19.352190	-20.200403	-1.721139	24.603530	-16.777463	17.182990	-16.011808	-4.443000	5.015008	10.967432	
-18.904518	-7.074157	3.415722	19.894933	-19.164416	-1.438913	-19.223669	-5.055036	1.385649	-3.670852	-8.944489	-13.283549	8.151969	-16.309882	-11.236460	-2.882844	-13.833256	-16.472076	-11.488162	-10.836195	-3.935801	-11.080346	13.397033	-3.113344	4.789806	-7.126294	8.524097	-17.343736	11.021727	-8.939090	-3.924092	7.809679	3.594977	-17.283330	-17.736381	10.664030	13.869525	3.673881	-15.771128	7.744489	17.487217	3.426181	-13.028020	-15.057923	15.103393	-1.112418	-14.161718	-16.305836	14.589486	13.030858	
-12.872237	-5.532203	13.346558	-5.909454	15.890460	-0.625286	-8.120835	-7.879957	-8.164780	17.038172	-9.257082	-24.372379	-16.309775	8.392637	20.355731	13.800709	-19.899795	14.567471	-17.572302	-8.258060	-0.059736	17.988896	-10.714586	-11.542066	3.741610	-4.802455	14.251223	1.547813	-7.869883	-26.664765	-9.602336	5.666695	21.416786	-19.553825	2.700393	11.486383	-8.114616	-16.912290	25.692133	-14.192469	-0.406674	-26.302872	-25.436846	10.974898	22.506790	-6.789515	-20.832610	26.307173	16.869344	10.652685	
-1.365562	-12.637013	-4.236000	5.353839	14.079226	-23.981433	14.621438	19.617309	-7.460020	-10.157454	-5.920909	14.086623	-13.916432	-8.936409	3.587106	14.446182	-10.818809	-15.529922	-2.256761	22.759984	-17.741421	20.807425	6.792755	7.547800	-15.338369	15.084871	16.260881	13.105927	18.288000	-0.223946	2.069248	-2.315463	-1.215944	7.877933	19.849017	-22.240337	-7.582495	-13.681817	18.485714	-2.273880	-8.814487	5.202828	-20.658863	12.886880	-20.785497	-10.185125	11.592531	1.090750	-5.212402	-20.516204	
15.419120	-16.108884	11.440786	-17.068320	4.726404	-20.589188	-25.138037	-1.894193	-25.140396	11.471410	13.006371	-19.738465	-9.919947	-16.244876	24.349059	-25.190212	2.953819	-9.844466	-0.456612	-24.184328	20.766856	-9.687901	-25.720657	-4.975502	0.735963	-1.440255	5.665757	-7.834823	14.011223	-22.208792	17.682134	9.355449	-20.738260	6.757898	0.723656	12.208672	22.710859	18.168589	-4.434356	14.338624	19.633854	16.263603	15.723137	-12.174150	-15.782439	-12.239968	-0.446249	17.279656	16.401062	19.269664	
21.358392	-11.873414	-29.933855	22.197697	-21.804515	-31.907877	27.144272	13.545670	-2.637604	23.793517	10.442541	-15.886237	3.814206	20.469673	-2.349704	-26.100685	25.571626	27.479189	24.555853	-28.673862	20.045475	-10.913419	-0.098913	-16.392275	18.799182	-15.675302	15.425280	-22.745129	-18.601650	17.983106	-20.222772	-9.782623	17.719993	-6.278694	3.865287	12.430211	10.794867	10.587622	-13.962262	14.413604	24.453924	18.057417	-7.218212	-10.649592	-22.942999	0.043673	-9.094866	7.649316	3.835467	8.508413	
17.732410	-1.731415	4.858608	14.795604	2.164780	-25.537618	13.036241	6.158168	-17.064613	26.566473	20.564466	-12.692341	-13.845468	26.383189	4.646706	1.816391	-10.532215	21.674690	17.950157	-17.378022	5.209650	-3.346184	-19.533357	18.753677	24.379183	-23.059087	-26.648050	19.354377	-1.253723	26.615815	-26.772271	-20.282860	18.318903	-4.361687	1.964936	15.942977	-24.343948	-20.316531	-24.516256	19.728486	21.108965	13.798650	-17.886995	-25.334222	21.629763	-13.496246	27.689198	7.491114	-2.118918	-0.646621	
11.616016	14.317596	21.884391	-4.515973	2.974152	-19.938769	19.296143	18.526513	1.752817	-6.333519	23.338022	-12.046959	24.893635	23.314352	12.690486	-17.635882	6.696039	6.160520	-18.457180	21.084256	-16.098940	-23.388238	-6.309896	-20.280534	-9.746398	-9.148484	-24.868688	-10.892903	8.043297	5.674536	14.700041	-10.425152	14.312249	5.255208	-4.816246	-15.031293	-23.823705	-21.252753	-8.696736	-23.438010	-16.175162	13.475936	14.671787	24.370964	-0.766773	-23.228273	20.516570	-18.279619	5.814294	-12.479334	
-19.956484	-22.819646	-11.092029	2.425075	17.060857	-4.876420	26.798466	-14.728876	-1.366060	18.227772	-2.296183	-17.865897	-3.770225	-5.105314	-11.117435	9.596995	17.811177	21.478413	6.270688	16.693230	-3.725667	4.011034	1.255080	2.014263	25.255266	26.316628	-7.517545	17.300993	-4.776484	25.031964	-1.083266	-26.020111	24.039147	9.728485	-8.950268	26.756927	14.047437	-3.075151	10.371706	20.911299	9.986457	24.486232	-3.821459	-9.917782	27.525010	-1.705165	17.036478	1.730681	-19.695273	-15.463451	
26.546964	-12.693111	-20.657359	12.224641	3.982108	15.788923	-19.276836	-26.356905	-13.931924	-24.062149	-4.079430	-21.231227	1.883082	9.985810	5.709413	19.364483	-22.622455	-9.887772	-14.190379	-4.467392	-5.334070	-8.784862	21.837535	-14.031927	10.557662	-10.782830	-18.726371	-1.708447	3.019059	25.834446	23.379198	-13.377433	3.485228	25.812337	-16.133741	-20.864606	-8.424589	-3.253719	-22.411588	-6.712143	-4.435699	-20.059142	-25.804380	-18.834662	13.944020	-4.070771	6.453136	0.455963	26.579066	-16.118814	
-2.398977	16.660598	14.173662	-7.635283	19.924441	11.826281	8.494742	-0.384117	7.198934	18.102222	-14.799017	-7.939542	1.942916	-0.819362	16.079466	-5.099767	-12.231406	18.000454	10.916950	-11.064475	-0.152196	-19.298240	-8.069939	1.367960	11.032183	-19.331009	13.536992	-0.443704	4.496482	4.933805	11.931588	13.498001	-5.198392	-14.869222	-7.661296	-15.101027	-5.929221	-15.697565	-3.027610	-13.031925	10.837207	-12.914084	10.631315	16.084764	12.662861	6.651037	9.435532	5.568634	-11.566815	-6.432364	
-16.679271	-13.925236	-21.012250	-1.467585	12.976131	6.714317	4.629532	16.011051	18.786174	3.963153	13.874072	5.205049	-23.545305	8.034297	2.034811	16.168983	-22.217441	1.027647	-12.707336	-17.233826	-19.924581	0.105199	8.991834	16.369013	-4.008533	3.166940	4.167392	-19.615167	-22.462341	-3.560821	-11.186743	-2.433035	-8.868937	1.835420	-4.454096	-26.284120	22.649718	-17.412571	8.209470	-4.310538	4.218756	-2.153986	11.682006	12.351168	-5.277721	2.190535	-4.010170	-15.357180	2.697604	-23.227886	
0.175556	6.837098	-24.899074	-23.388785	10.453990	-14.186361	24.036116	-13.169320	-17.604883	14.223095	24.849381	-2.761556	23.053888	-21.253375	-17.619713	-13.925961	-7.048749	18.234467	22.948493	-21.570183	6.591421	7.035944	-8.052914	-13.175844	11.371604	-12.385221	-6.250712	-4.597674	3.816766	15.892619	-20.717024	-21.198441	4.682680	-6.518864	0.993874	-4.253791	14.249882	-5.049231	-22.637310	16.180900	-10.516265	24.697510	15.716341	-19.470214	-21.551122	16.217297	-14.573446	6.265709	16.848868	24.017729	
-12.697022	20.783625	9.237907	8.384496	8.190708	26.511382	-18.137978	4.272925	-2.706105	-6.886362	-15.175729	-15.521259	10.714705	10.995540	22.561221	15.243433	-21.789337	-7.122204	14.575322	-10.204230	26.500120	-15.266721	14.750590	-21.268598	-23.441010	24.484959	18.626771	9.475574	-5.899648	15.959894	-18.222143	-19.728568	-25.358110	-13.821855	-2.068396	-24.131823	-9.228838	-9.744396	11.071791	4.864232	26.914601	-14.409979	-21.776614	8.057723	-9.112956	-24.952518	19.242840	16.746816	-1.092683	-24.957622	
-16.390149	3.882723	7.743864	-21.520377	19.229691	2.806639	-5.938583	10.464702	6.986576	25.569082	4.274303	10.519841	-16.762025	-22.160923	-20.985244	-9.459455	-2.562387	25.639160	24.293144	-4.816785	6.697993	5.669403	-18.161921	-9.862490	-20.959802	-20.096891	-25.411523	20.026863	15.298781	-19.061937	12.907132	5.620513	-21.482005	17.345461	25.171908	-10.939881	-18.974314	-22.034849	11.749056	-10.032337	-22.720174	2.950409	-9.098589	15.728083	22.296193	2.654322	-24.141298	-15.965601	-12.734119	4.376379	
6.272218	-23.769443	-10.866192	-4.402279	13.848185	-11.698667	-7.519848	9.694938	0.691181	4.846030	0.779729	14.413629	15.250772	-2.539869	1.277528	-14.687411	-5.200178	10.237955	-10.362151	-9.322820	20.039678	8.991405	0.894884	-13.658329	13.720770	13.073574	19.852172	18.268831	-15.802190	19.573733	19.942438	-18.715250	-6.131262	7.997901	-12.391031	-10.174443	-0.438588	6.560428	-19.252160	16.627598	-23.574624	-5.167656	-6.186265	4.820918	1.210272	-19.213642	21.925561	-3.868982	-5.171651	-1.239980	
2.882746	-14.589441	22.740882	-16.198553	11.036153	23.465408	20.525055	-24.012614	-6.178217	7.452311	-3.758112	11.028778	10.685251	-23.072255	-8.755517	-11.827569	-10.725419	-6.795248	-7.998511	-23.429533	11.056323	5.972254	18.061344	-14.701934	-21.495710	-13.547838	-14.714932	1.680762	-17.466879	3.485263	14.724071	8.527732	-11.689447	14.041002	-3.857938	-10.677165	-7.803425	24.140409	-22.789987	-4.061379	7.343512	-8.609956	-13.522181	-22.623514	2.470312	-3.941641	-4.854721	20.825020	-4.631702	-16.940533	
-7.294051	-20.511560	-4.379137	-18.855610	-16.050699	20.351722	17.549582	-19.258837	20.711081	-9.719187	10.688477	-12.759720	-14.670483	-15.318835	0.305515	-2.061568	-12.529152	0.826104	17.158433	12.053323	-7.727184	-10.269075	10.107779	-19.952922	-18.569773	-13.651308	18.536255	-20.382942	19.819017	9.275259	1.500260	-4.886662	11.557299	-7.822541	14.557012	15.487948	-1.017305	13.642907	-2.624512	11.175137	-4.776731	9.091235	5.901127	-19.213726	4.417978	-15.782587	2.604299	11.940960	0.862532	15.455749	
7.474335	-10.112178	-8.695480	0.070163	13.288613	-5.930646	19.031332	14.779328	1.918561	15.550626	9.466474	16.717399	-13.936121	-17.637842	14.928537	10.577539	16.128455	2.102179	-11.197349	9.605711	6.586411	19.160567	1.871933	12.371681	-8.879839	-0.878288	1.706904	2.326832	2.086274	-2.529765	-19.033897	-0.552024	-19.653773	-15.725853	17.630374	4.561816	-7.814050	9.119925	18.082179	10.306022	-0.138773	-12.922204	11.526463	-1.960650	12.081195	-17.626688	0.514869	6.160638	18.081021	3.038820	
1.935171	-3.905253	-17.470331	-15.448162	2.633724	6.832009	2.473732	10.298508	-0.911244	-1.949688	-16.217714	-3.768694	-8.771846	12.403509	3.546646	16.028100	0.589646	-16.069531	17.404405	10.113083	-8.516199	-9.810611	-6.978622	-8.403030	-11.627355	-15.444572	8.693402	-6.257444	14.534093	3.904072	18.847605	10.053153	-14.112183	-2.826401	-10.749827	-0.378354	3.164366	3.750979	-13.659792	14.320772	13.936526	16.006068	1.150907	1.636318	-2.922269	-19.916439	-3.594964	-3.258325	-16.396054	-16.254471	
-8.717344	-8.843454	-21.036721	24.707900	-17.416748	16.023505	23.252241	20.475276	-2.988163	11.066848	-8.676166	-15.604022	-6.860831	-18.240948	-24.432410	20.825157	-18.713982	-18.734585	-0.721342	-18.958067	12.530010	22.505537	-3.198905	16.145800	19.223195	-1.843504	-23.243470	-17.964816	-15.692192	2.510052	-5.909805	8.795820	-14.372407	22.317497	3.695667	19.434655	11.000950	-5.388068	-22.497365	-10.580301	-7.035369	-3.202348	2.533643	-25.106374	-20.655849	0.800782	0.770484	-6.211286	9.086310	13.723128	
-20.035884	3.138373	-14.177239	13.741073	-6.730338	-3.810685	-8.202517	5.374387	28.770948	20.036059	-19.663723	-5.881913	16.480778	-14.588822	9.527727	12.327339	21.914505	-11.841870	-28.678748	-27.981835	24.690729	-25.286124	27.797666	9.856394	0.152916	-2.463904	16.644014	-18.957844	25.995855	-10.201159	-22.503519	20.440605	-11.524157	10.523180	-1.093917	0.273777	28.464767	-25.079831	6.355616	4.192421	20.483386	-23.474849	23.193634	-6.073387	7.066120	10.848136	-12.194937	-8.497285	-8.420601	0.775339	
-6.883435	0.402971	15.788526	-17.672527	16.901605	-8.701060	-1.176582	-5.001256	-14.173775	2.388868	11.962565	18.840003	7.443191	-16.205988	-11.308957	12.876247	-1.062526	-20.132782	18.048906	-6.683432	-20.824157	-12.770163	11.551661	-7.421311	-0.900385	18.665339	12.792633	-14.153522	-8.549868	10.276869	2.580340	-19.778156	3.006987	-14.323493	13.100270	-16.645479	3.510020	-13.607782	14.762019	-20.163911	-12.470763	-14.552385	-0.143081	17.773712	19.012575	-2.839034	-12.969069	19.980053	17.265037	21.270297	
16.958503	26.374697	10.851676	25.284035	-4.203556	12.646270	-9.114059	-19.115656	11.506935	-25.167712	4.685529	-4.428725	-19.605172	-30.345832	-7.316770	-7.384163	-24.832515	-10.987969	-4.877097	-11.687350	8.965787	-13.847736	-0.428451	6.797074	-24.099774	-22.989440	-29.822283	-4.709846	-28.378881	17.207911	-6.229786	6.797248	24.805439	0.982245	20.569305	27.786101	25.509384	-4.873568	31.162340	27.342521	20.632882	-3.116636	-20.125498	7.076912	-19.413296	23.421003	8.900315	-17.229086	5.327732	29.662934	
5.147535	17.761194	-1.862641	17.615389	1.065893	1.436934	-0.847174	12.891505	-20.103130	20.606877	-12.432505	3.776625	-18.138549	1.147213	16.277046	-0.378217	-14.921353	2.327297	-5.889470	-13.279475	11.946843	-2.893046	-14.166338	-16.434918	0.067546	-20.862703	-19.516943	-7.951075	-2.412249	-16.941128	17.773494	20.218018	4.157263	6.145556	-19.127513	-11.606140	8.619704	-10.112294	20.359160	-14.989663	-0.296358	-2.972470	3.122761	17.321198	-3.553942	-4.480079	-7.408818	-8.821826	-2.665151	-3.759143	
-15.477906	-7.177554	1.509487	-20.593590	-4.087666	11.163688	15.080164	-3.620694	-0.903844	17.838671	-15.181758	-7.730178	-5.453191	-1.361657	-6.574731	15.565747	14.361599	3.219072	12.836741	23.279723	-23.654043	-2.570734	1.507628	-9.384784	22.175845	6.904349	-12.781414	-6.172956	0.661011	24.006980	-0.368025	13.435284	14.008849	17.383082	-2.355271	-7.875769	17.520012	-4.474294	-15.963121	-13.177904	21.819718	17.791748	24.774736	-24.785032	2.649966	-15.153830	-9.589111	-22.081015	-15.008168	19.466521	
13.113562	-6.574011	-18.798645	-17.840834	17.367171	26.065193	12.641009	-7.586358	6.430983	-11.474433	-12.854297	17.669708	-1.700310	-27.352969	24.912693	23.229797	-7.803159	-16.068694	-23.123224	27.807483	-18.203209	5.826672	4.229998	-13.415943	11.496809	15.826569	-6.540736	-14.523772	10.123659	-19.437770	24.618059	-27.416338	15.788149	12.831591	-24.949999	-24.360958	-4.642785	19.921894	-10.072454	22.230388	8.383329	-1.419531	17.208761	-26.595186	14.708156	-7.703704	1.517939	-7.867359	21.065214	19.259383	
28.346680	18.471434	14.097984	5.721901	-16.190046	-18.434975	-0.142316	-19.204904	16.241496	21.537996	-13.666416	4.936137	-14.217716	-17.443881	-6.917724	9.715389	0.740805	12.670537	-27.076227	26.413106	13.097286	-11.161320	14.549820	1.258038	-14.375752	7.613728	28.883327	7.379200	-4.413853	-0.137649	24.561198	-15.986460	-8.625392	-7.633714	25.490407	-11.111571	20.688175	-13.680450	-11.299017	0.664607	-20.918749	6.735969	-26.976405	-22.716198	-21.094324	-5.886630	-7.094005	23.451318	9.932061	-16.492128	
13.500174	12.938334	15.699825	6.951418	9.959480	16.251305	-20.232873	-5.569239	10.308057	3.505865	12.605310	-3.959445	21.106068	-5.142741	16.640176	-4.126593	14.429298	-2.985640	-12.803022	-7.485342	4.085906	-7.574726	-18.938870	-15.343659	18.805166	8.688223	-6.525564	9.896960	-17.829038	-12.205894	14.157849	13.322092	-10.050253	-1.475237	22.227983	12.226482	-11.852909	-14.731325	-4.571889	16.403031	14.651701	0.356774	6.928851	-3.879812	-22.485110	0.794068	14.324199	-2.172024	18.227675	3.231409	
14.904733	4.151523	7.995773	-24.474695	-21.808527	-5.673535	20.997533	-25.098908	24.013717	-11.962514	-19.845682	-1.525523	6.078730	5.488380	-2.303943	-4.408489	10.133422	-6.970810	14.001240	-7.087654	-0.523460	2.589398	3.759346	25.599435	-19.740420	6.160215	18.066118	11.880391	24.098566	22.106871	24.581654	-22.742976	6.394985	-12.723006	-18.428081	2.763192	-8.585418	-16.638589	3.727024	-18.080092	18.472229	25.225531	19.837639	9.273494	-2.676728	21.897649	-23.384036	16.175958	21.551059	-22.381183	
5.307539	24.497531	-16.420754	17.010067	16.458825	-17.177078	21.356802	-22.230843	-23.141508	-26.654919	26.555384	-13.850660	-6.902077	5.760343	0.326788	21.088250	-16.457425	28.636616	7.612698	14.417728	-5.867691	15.932124	8.551875	-28.076857	21.644386	15.873113	4.008066	5.375874	19.280956	-12.180946	20.053443	-26.535236	-16.016539	-7.356745	-25.186437	0.627925	-20.393600	-8.776205	-8.919956	-0.696349	-17.934334	-24.142585	0.389437	-8.014050	27.154677	10.114381	-22.252953	-14.454425	26.481682	-0.822092	
9.996485	1.439021	13.307331	19.310878	27.599243	-27.767778	-4.001754	17.626687	-24.914905	-22.900423	10.160671	12.143280	15.495860	-12.460728	-11.003440	-20.561765	22.001425	-13.102375	19.440478	26.948119	4.782528	23.024032	5.619690	-18.635601	-12.632161	21.131283	5.198618	-12.187234	5.041671	-10.974076	16.205452	-14.719945	11.014337	-8.630692	1.713031	1.031068	-9.290492	-15.107693	14.943577	-8.377954	21.473574	-25.463051	-14.899588	-25.581348	-2.597267	-8.350133	-10.077779	11.968937	22.305280	-25.701212	
4.892121	-2.713666	-12.529767	0.885163	-12.737758	-10.820121	-1.417157	-4.736371	-1.008165	17.864500	-12.089757	0.797651	-17.659893	14.618078	-17.984805	-7.302724	19.587969	-2.247772	10.290627	-10.623375	-15.708284	-9.671635	-13.131398	10.222658	-5.240373	-7.717088	-0.234559	17.720989	2.636423	18.409885	18.252309	-12.173302	-18.138024	-3.594385	-8.666967	8.649471	8.284814	-12.230976	-1.716427	2.637838	-16.958752	10.733761	-0.358948	17.596073	10.441383	-0.765596	5.677178	-21.070046	-13.856768	-6.468009	
-20.759339	-7.753930	9.959856	-15.520264	16.478901	-14.005144	10.222113	0.493272	1.987640	2.170030	-4.463978	11.971408	-14.331406	5.006452	20.188739	9.530397	-10.620293	12.400095	-15.793969	4.473304	3.888227	-19.837079	17.726884	-15.551269	-13.344080	-12.301188	-16.765791	18.961631	19.662153	4.366311	-13.013559	0.225226	-9.527843	-2.062284	-4.020422	-12.273358	-19.868281	0.937714	5.191063	-6.809473	8.390718	15.925923	-19.273058	-14.169261	-17.700834	13.271555	16.256205	-12.036942	-7.040066	-12.147833	
0.251752	10.277438	4.981339	-1.116940	7.816628	-2.970998	-0.603220	-3.106538	-11.879884	-11.535863	-15.416713	-14.387277	18.962047	-13.601963	9.360768	6.793600	-16.772478	-0.417360	-19.070714	8.974237	4.426378	0.702467	-19.181914	-19.977459	-0.711253	-9.150997	-9.401631	-12.109963	-1.679757	0.244057	12.287832	-9.527621	18.300418	16.746592	4.762187	14.797310	-8.718920	9.897268	14.839353	2.924592	0.162790	-12.004635	17.638632	-13.020409	-12.313475	-17.923153	9.903176	10.348227	0.357562	17.213572	
-9.274349	-2.861097	16.266505	-11.690368	10.933023	-1.931245	-7.771052	-5.712287	-20.354528	-21.844587	-10.370757	-24.278702	-15.310166	-3.023915	16.266186	18.299332	-8.321104	-2.425762	-3.790061	19.528084	-10.572570	-17.264757	-13.729477	-5.570169	0.423301	0.770358	-1.094582	-24.099250	9.081747	21.495967	12.638801	-19.402400	2.054926	-23.804615	-2.705518	-2.852006	22.974127	12.880043	-23.767049	-14.768869	-24.488110	18.472590	19.579901	-0.815839	2.165498	-11.573531	-1.930614	-22.127198	19.938144	-23.157070	
15.315891	16.856628	-23.594958	8.720025	-20.170615	6.491112	-8.875937	8.355991	-11.329038	-14.354663	20.230203	-0.466401	-8.685771	13.202250	21.945833	19.217159	14.087161	5.618941	18.922891	-20.679184	-12.789020	2.703770	-3.799367	22.955065	-8.594097	-20.270409	15.235998	19.766302	-17.477409	-20.222535	11.362080	11.399906	-24.450761	-12.038190	-7.556099	16.854713	-8.963264	-6.835816	24.348417	17.057687	-11.882926	-9.394087	8.928672	6.817530	3.605982	11.227825	-24.001407	20.274771	-10.959495	-12.168493	
1.143715	-12.967489	17.021439	-6.023386	23.345367	-15.463423	11.497577	-0.976664	-24.644722	18.088946	22.048149	3.302606	-1.872496	1.457432	6.509303	16.791053	16.317285	5.064982	17.865601	-17.519315	21.087394	-8.379770	-20.577916	10.458620	19.349562	19.782580	-0.546559	-12.551020	0.465138	-16.507620	7.815042	22.806800	8.084782	-21.333295	-22.424515	-19.688534	-17.048507	-16.677520	-16.803327	10.813021	8.344001	-19.370719	-5.441586	14.911089	2.573883	-15.238409	20.311802	-20.423971	-11.641121	-2.418558	
-9.886657	3.093055	-14.213962	20.817255	5.335880	20.893136	-22.153522	5.719044	-2.837601	-10.622731	16.415840	-21.426039	11.158465	17.822082	-5.490525	9.067581	-24.881573	15.053937	-13.938207	-14.276323	14.559702	17.357352	1.858145	12.273492	7.188774	-18.410934	-20.478036	-12.888458	-7.288522	-2.926735	16.195661	-13.530605	11.601928	11.571810	-5.069489	-12.372623	-8.956928	0.078162	20.172000	1.330912	7.563201	3.752541	3.646588	-16.811238	-22.306954	17.684601	10.495790	-10.189654	-2.136128	15.670951	
23.095237	13.471646	-19.351341	-6.171931	26.180202	30.689832	-24.933466	26.742557	21.132659	-21.499954	27.030134	24.469667	0.735056	-26.788274	10.637922	10.213935	-14.234137	-2.097748	-8.381205	21.562451	-0.427535	7.479857	-4.409312	-26.347505	1.598364	-15.121011	0.569946	20.735142	-5.219932	-30.109892	8.343745	0.083499	31.832745	-30.697953	13.938092	28.458219	13.789789	6.648615	19.241411	-12.720189	28.171020	-2.174909	9.138241	-22.736232	19.938852	3.087566	-9.213141	23.564720	-18.596022	25.612347	
-11.113202	27.573059	-12.358508	27.422283	-11.546649	26.463132	-7.907160	11.792537	-26.480512	-9.521511	-22.536204	22.417219	-11.958502	9.565416	27.805159	20.540633	-7.569861	-13.384538	13.339335	-10.340934	-18.611174	16.148015	-21.270503	-1.409341	-13.175688	17.508521	-19.287760	1.581025	10.444026	-28.927348	22.258227	-7.945950	6.980219	12.032194	-13.945694	15.800783	-4.680922	-4.152985	-11.084865	-25.185602	-9.125275	-15.935288	-13.621648	-15.063284	-1.442683	28.394386	20.012482	-6.843771	2.476087	-23.198910	
-18.323178	14.482407	20.242595	7.894167	-21.765412	11.650556	20.447462	16.529294	-9.441695	9.679643	4.874826	6.649006	20.268020	7.005274	-0.185119	-19.376453	-7.749409	-17.507428	10.968143	-20.133247	-22.731085	-4.896150	-12.136659	19.923102	10.136451	-10.465777	-20.848349	-0.090861	-1.837786	-9.970243	-6.578259	-22.846356	17.411353	-2.022975	7.927842	-5.233629	15.711924	16.384113	11.447052	-4.487618	16.196076	-2.060589	-18.860368	21.794876	8.723122	-7.831482	10.797443	18.882267	-11.516746	14.916700	
0.025947	0.001948	0.008829	0.002966	0.030865	0.013577	0.020293	0.030432	0.015980	0.012649	0.028064	0.030941	0.033019	0.025760	0.031617	0.021122	0.032288	0.024884	0.012959	0.006287	0.028935	0.000602	0.020911	0.031845	0.015790	0.033414	0.032311	0.032368	0.003534	0.030611	0.014282	0.003771	0.025094	0.020013	0.021021	0.007898	0.007393	0.027866	0.022027	0.024251	0.024336	0.020154	0.004444	0.034645	0.032856	0.013562	0.008941	0.013784	0.015171	0.017741	
0.011569	0.030427	0.004796	0.000042	0.034491	0.041958	0.033791	0.012805	0.013462	0.039132	0.000688	0.015816	0.028477	0.042482	0.034868	0.003362	0.021815	0.002846	0.003644	0.036177	0.002250	0.034133	0.021236	0.031777	0.032756	0.010977	0.000522	0.024679	0.005447	0.015599	0.024190	0.029597	0.016639	0.010312	0.031050	0.025689	0.031074	0.010767	0.029460	0.001139	0.007856	0.003545	0.037764	0.002703	0.025928	0.025286	0.027237	0.034903	0.019184	0.013651	
0.014884	0.016112	0.032899	0.026664	0.011246	0.003119	0.028086	0.031535	0.013110	0.034989	0.024916	0.012519	0.014193	0.038304	0.023271	0.009302	0.027063	0.004615	0.012723	0.020656	0.035924	0.020552	0.029694	0.006766	0.015776	0.001426	0.013584	0.003482	0.027940	0.012725	0.005271	0.018509	0.030690	0.002680	0.037625	0.006654	0.005502	0.027885	0.026371	0.011522	0.038465	0.038989	0.011617	0.038147	0.035477	0.019126	0.025950	0.018089	0.007046	0.026310	
0.036653	0.036829	0.034849	0.026029	0.025708	0.011558	0.005002	0.004969	0.029680	0.005821	0.030725	0.018367	0.026822	0.005549	0.016353	0.039196	0.010682	0.000879	0.036473	0.003397	0.010222	0.035973	0.030616	0.007669	0.020796	0.024249	0.027758	0.017613	0.032724	0.004115	0.012437	0.027464	0.009781	0.009210	0.028922	0.023460	0.022643	0.008642	0.008676	0.038655	0.031820	0.035388	0.029082	0.013178	0.020430	0.019235	0.024868	0.018132	0.000395	0.000305	
0.001221	0.022557	0.036868	0.011789	0.009177	0.006727	0.040073	0.027677	0.031279	0.006090	0.028259	0.015458	0.037009	0.015305	0.035493	0.044203	0.023074	0.029340	0.019581	0.005556	0.033216	0.035972	0.003973	0.003497	0.017898	0.009169	0.040664	0.034170	0.006256	0.002003	0.024413	0.019842	0.011560	0.039642	0.015895	0.004595	0.006807	0.014978	0.012682	0.005976	0.000488	0.007892	0.006476	0.018122	0.021631	0.004733	0.039223	0.033491	0.042921	0.035079	
0.014493	0.006221	0.024267	0.011907	0.034935	0.023788	0.040178	0.031092	0.009770	0.016240	0.032541	0.004887	0.017321	0.030040	0.036805	0.020742	0.020920	0.020947	0.023625	0.037471	0.001641	0.021434	0.014184	0.029917	0.001067	0.004174	0.002635	0.011068	0.004764	0.029695	0.030301	0.036935	0.028435	0.031872	0.030414	0.022330	0.015484	0.013860	0.011010	0.034745	0.003076	0.020374	0.017302	0.012149	0.006673	0.006029	0.017268	0.029047	0.027433	0.026495	
0.008682	0.032788	0.032899	0.007221	0.005137	0.025666	0.028220	0.011669	0.013587	0.041271	0.018135	0.016163	0.018278	0.014775	0.002527	0.029508	0.020233	0.019610	0.028960	0.019285	0.001279	0.012529	0.015014	0.039397	0.034331	0.001526	0.035143	0.013262	0.014621	0.021639	0.011305	0.031302	0.002636	0.036628	0.036728	0.023386	0.041046	0.017525	0.021187	0.003285	0.032650	0.013273	0.005916	0.001077	0.041093	0.002644	0.009263	0.034532	0.028888	0.022284	
0.011143	0.035335	0.026831	0.005441	0.003471	0.004315	0.028701	0.032482	0.008376	0.002375	0.022207	0.031837	0.005885	0.004083	0.016729	0.009571	0.036423	0.020435	0.022438	0.023202	0.007236	0.002191	0.030647	0.018872	0.033398	0.028558	0.034258	0.012307	0.037611	0.026277	0.031679	0.013685	0.013962	0.032248	0.021449	0.013939	0.030696	0.018405	0.032418	0.032477	0.009432	0.000524	0.001248	0.007172	0.037779	0.035561	0.036905	0.002817	0.013364	0.031604	
0.027879	0.000793	0.007564	0.005080	0.003133	0.026256	0.016339	0.025161	0.033432	0.017758	0.014180	0.023547	0.026180	0.029993	0.030726	0.037068	0.017139	0.003273	0.022253	0.008502	0.021865	0.012405	0.023799	0.008277	0.030838	0.000695	0.039680	0.029279	0.036946	0.010737	0.001572	0.031617	0.010879	0.003252	0.014994	0.022795	0.036386	0.027803	0.001357	0.012962	0.029373	0.032721	0.027732	0.029624	0.016566	0.024529	0.018448	0.022196	0.035423	0.008994	
0.014922	0.015654	0.017488	0.001386	0.024805	0.036301	0.008220	0.008453	0.000188	0.035919	0.017942	0.038913	0.037165	0.011206	0.012581	0.021775	0.034754	0.011779	0.006746	0.017262	0.032253	0.000784	0.009525	0.021541	0.034889	0.031144	0.017106	0.004481	0.017680	0.026773	0.024339	0.019767	0.038343	0.021663	0.020726	0.015540	0.036641	0.024689	0.024620	0.037474	0.006256	0.023688	0.015861	0.023753	0.015906	0.012531	0.001164	0.024530	0.013830	0.029042	
0.000440	0.019432	0.042977	0.040260	0.016226	0.011853	0.034874	0.014366	0.003289	0.009084	0.004806	0.001986	0.041887	0.012855	0.009198	0.038606	0.008924	0.020665	0.008994	0.039344	0.012134	0.032946	0.003750	0.020074	0.023063	0.042393	0.029373	0.010325	0.028278	0.012608	0.010762	0.011843	0.036978	0.014950	0.039815	0.039334	0.020355	0.031198	0.011955	0.005513	0.029459	0.015267	0.012134	0.011703	0.005737	0.020936	0.016684	0.023685	0.028377	0.018308	
0.034307	0.036361	0.024630	0.000154	0.024543	0.008315	0.025275	0.028069	0.015689	0.018995	0.001118	0.021702	0.007779	0.015858	0.003111	0.013476	0.033858	0.006645	0.022802	0.031003	0.032763	0.004189	0.036129	0.029661	0.016027	0.013115	0.019317	0.005189	0.011895	0.023437	0.011106	0.021901	0.036108	0.000291	0.038118	0.036398	0.009318	0.035286	0.034828	0.012699	0.023613	0.002193	0.027291	0.036386	0.010221	0.014037	0.016899	0.027097	0.015383	0.025413	
0.008144	0.007539	0.002163	0.033366	0.018349	0.018682	0.035782	0.021758	0.006834	0.019768	0.036298	0.024355	0.003941	0.011072	0.012747	0.033420	0.021483	0.005407	0.001106	0.021080	0.022378	0.037702	0.027089	0.003564	0.011813	0.034444	0.002699	0.030566	0.024796	0.003731	0.020725	0.019040	0.036649	0.010889	0.031909	0.028474	0.031470	0.025855	0.028133	0.008161	0.021961	0.039651	0.001175	0.012034	0.035145	0.029798	0.002957	0.003546	0.037843	0.032510	
0.015501	0.006732	0.037085	0.026793	0.039316	0.010289	0.014178	0.042011	0.005121	0.038082	0.015923	0.030547	0.019124	0.006928	0.003119	0.025092	0.020653	0.008673	0.005672	0.025078	0.024675	0.025609	0.019343	0.033825	0.024958	0.008298	0.001423	0.019340	0.010270	0.010246	0.024620	0.025941	0.004351	0.010523	0.039118	0.019835	0.030990	0.031723	0.022527	0.041694	0.004660	0.007914	0.024394	0.014320	0.028830	0.015608	0.020826	0.030708	0.022415	0.005099	
0.024998	0.003774	0.001394	0.033568	0.017815	0.030002	0.020304	0.032540	0.025211	0.016818	0.017700	0.032626	0.012571	0.013409	0.022076	0.029196	0.026886	0.025219	0.005237	0.017257	0.019403	0.035222	0.021626	0.029144	0.028668	0.006621	0.021449	0.008575	0.004143	0.003661	0.028609	0.025226	0.024370	0.024568	0.008727	0.011367	0.034428	0.031557	0.030175	0.031433	0.018700	0.004424	0.027819	0.008221	0.013330	0.027743	0.021246	0.003138	0.013639	0.024170	
0.008396	0.031725	0.026804	0.010670	0.032592	0.011743	0.021416	0.027443	0.037461	0.011626	0.022776	0.016963	0.001751	0.031296	0.005208	0.031000	0.001288	0.019720	0.014915	0.001432	0.007833	0.028264	0.001351	0.043121	0.012057	0.025620	0.035184	0.030923	0.011031	0.006118	0.023973	0.035395	0.024694	0.005128	0.028757	0.009212	0.029880	0.031699	0.001745	0.018880	0.035371	0.026209	0.001384	0.010418	0.025748	0.042400	0.029613	0.036229	0.001297	0.014240	
0.011617	0.017332	0.001286	0.007185	0.008733	0.031259	0.023620	0.009776	0.023729	0.019606	0.012668	0.034352	0.018436	0.042249	0.040702	0.001291	0.011221	0.013146	0.011588	0.033983	0.019237	0.002619	0.014760	0.019433	0.004713	0.022611	0.026105	0.015367	0.006149	0.024686	0.020091	0.011136	0.040148	0.020200	0.021964	0.029415	0.018498	0.032152	0.016863	0.034681	0.031286	0.024448	0.021926	0.007399	0.022457	0.030250	0.042399	0.008096	0.034029	0.003103	
0.000437	0.006049	0.015000	0.039568	0.001740	0.018183	0.013727	0.033363	0.002434	0.026175	0.004143	0.030726	0.010535	0.004863	0.005246	0.035217	0.036481	0.034810	0.007062	0.019475	0.033002	0.033068	0.011192	0.026984	0.016919	0.023521	0.006398	0.007797	0.033941	0.002537	0.010419	0.026708	0.034833	0.040178	0.037404	0.025272	0.001261	0.027299	0.023343	0.009550	0.004808	0.004109	0.039088	0.039177	0.017101	0.040153	0.002840	0.021174	0.032618	0.022074	
0.025867	0.019527	0.011371	0.005382	0.012696	0.018562	0.016522	0.004224	0.031393	0.034889	0.031911	0.016367	0.030875	0.035356	0.034504	0.032228	0.019232	0.006599	0.010006	0.031411	0.019222	0.013061	0.031735	0.005210	0.028765	0.005862	0.022082	0.024988	0.036823	0.013510	0.015136	0.012673	0.000261	0.014647	0.026766	0.004460	0.037708	0.027807	0.026331	0.031558	0.023659	0.009619	0.027111	0.005432	0.019341	0.028508	0.028763	0.016613	0.002223	0.011202	
0.026946	0.033013	0.029590	0.004466	0.023091	0.016966	0.029210	0.006684	0.012875	0.002246	0.018946	0.036107	0.013019	0.023967	0.031030	0.033351	0.022863	0.021957	0.008075	0.028825	0.036148	0.037717	0.013145	0.018732	0.024892	0.036123	0.010194	0.010809	0.029166	0.018721	0.025439	0.022111	0.014284	0.000311	0.036934	0.009237	0.001237	0.023978	0.029194	0.012051	0.006127	0.000547	0.013913	0.007136	0.036158	0.033378	0.019235	0.030104	0.014232	0.005521	
0.003774	0.025289	0.006719	0.020252	0.001783	0.002666	0.004808	0.023542	0.015371	0.019024	0.018070	0.032840	0.033641	0.035198	0.032056	0.022226	0.011276	0.034275	0.036052	0.007992	0.026219	0.010313	0.033130	0.007975	0.027399	0.016339	0.026763	0.025805	0.008027	0.033787	0.022404	0.035906	0.000098	0.029995	0.023243	0.014563	0.020398	0.026099	0.019304	0.012109	0.013404	0.002642	0.018955	0.010599	0.026997	0.019608	0.034025	0.029054	0.016118	0.021866	
0.015104	0.036804	0.021815	0.026006	0.026861	0.038809	0.026858	0.013208	0.010850	0.011237	0.009415	0.020823	0.006582	0.008662	0.021924	0.024293	0.022299	0.013671	0.011775	0.017755	0.010890	0.035989	0.031307	0.034700	0.004828	0.033360	0.040869	0.021306	0.000065	0.011066	0.004955	0.006537	0.028495	0.003188	0.024285	0.030302	0.003955	0.004581	0.025226	0.019201	0.031553	0.036696	0.010399	0.000594	0.016528	0.035211	0.019316	0.034565	0.041269	0.014010	
0.011353	0.012999	0.014555	0.010156	0.036549	0.011268	0.004675	0.028296	0.005503	0.016469	0.009455	0.025289	0.018491	0.012314	0.029419	0.027355	0.036585	0.020695	0.016536	0.008203	0.038275	0.039743	0.020449	0.007340	0.009639	0.027080	0.018969	0.033158	0.035126	0.000317	0.006311	0.033618	0.016626	0.038514	0.038476	0.001854	0.026709	0.017913	0.040322	0.004628	0.010690	0.014458	0.008611	0.000087	0.032853	0.014625	0.006480	0.038563	0.028670	0.033729	
0.019706	0.041524	0.019680	0.005384	0.039279	0.010337	0.004451	0.041531	0.030648	0.028904	0.000685	0.008782	0.022333	0.037761	0.014489	0.002804	0.005506	0.034506	0.030371	0.012444	0.009736	0.036331	0.011822	0.014500	0.022073	0.007860	0.035494	0.014240	0.023706	0.029032	0.006338	0.014798	0.029717	0.014850	0.037709	0.008509	0.030404	0.017173	0.005953	0.036606	0.038684	0.040069	0.002224	0.023325	0.022280	0.008536	0.029820	0.013159	0.002017	0.001906	
0.034108	0.010255	0.033157	0.004103	0.007672	0.029480	0.026126	0.031004	0.012780	0.026064	0.032197	0.011547	0.005672	0.011039	0.012147	0.026715	0.033385	0.024014	0.031893	0.005868	0.013627	0.019755	0.008923	0.003781	0.004341	0.015484	0.033862	0.015609	0.022876	0.035235	0.017989	0.040404	0.013305	0.041418	0.012914	0.037603	0.005963	0.010909	0.038274	0.017077	0.013217	0.004064	0.023409	0.007922	0.018596	0.020228	0.041484	0.007346	0.006733	0.038428	
0.029504	0.034330	0.007111	0.019577	0.035475	0.014074	0.003202	0.006762	0.008047	0.029071	0.022966	0.028560	0.011847	0.009686	0.005458	0.019031	0.015024	0.010105	0.010338	0.007734	0.030955	0.014779	0.029625	0.015648	0.008626	0.034220	0.037147	0.018467	0.004330	0.020152	0.026435	0.027826	0.022458	0.016446	0.018670	0.030963	0.023757	0.032504	0.029549	0.009671	0.036878	0.024136	0.015604	0.032075	0.023855	0.018123	0.013382	0.027989	0.012077	0.015752	
0.013236	0.022382	0.015773	0.010225	0.011569	0.038390	0.005778	0.002021	0.032899	0.042273	0.004085	0.034455	0.031743	0.036832	0.028376	0.002973	0.012850	0.020674	0.000178	0.004038	0.003719	0.006794	0.020307	0.017599	0.033540	0.018417	0.009565	0.038061	0.004952	0.002052	0.031332	0.030393	0.031234	0.000345	0.030009	0.032215	0.018423	0.037261	0.022422	0.034765	0.031657	0.032264	0.030281	0.014392	0.028451	0.013579	0.000645	0.006912	0.041587	0.006078	
0.008289	0.028782	0.009469	0.013617	0.027812	0.027305	0.027547	0.001411	0.002971	0.004043	0.016715	0.031678	0.011896	0.028517	0.024172	0.005929	0.000869	0.030574	0.036784	0.035340	0.031792	0.027111	0.019008	0.020862	0.022733	0.029648	0.037768	0.035280	0.026318	0.031957	0.025568	0.029787	0.008787	0.021183	0.005760	0.011767	0.018418	0.037250	0.009018	0.009491	0.017513	0.015036	0.011283	0.033692	0.001106	0.025620	0.008506	0.006912	0.036179	0.010925	
0.010938	0.028860	0.015581	0.024844	0.021752	0.011856	0.022168	0.019056	0.016682	0.031269	0.010782	0.006960	0.011353	0.011937	0.015067	0.026276	0.028013	0.023861	0.027405	0.014998	0.014334	0.031939	0.011903	0.010705	0.016370	0.038984	0.024291	0.038878	0.004358	0.021335	0.018758	0.004110	0.013817	0.004046	0.028192	0.030620	0.038607	0.030047	0.008454	0.028829	0.035704	0.012242	0.000001	0.005287	0.035969	0.025615	0.027081	0.006633	0.023027	0.030205	
0.035551	0.023002	0.001416	0.028401	0.018404	0.033633	0.022459	0.009368	0.025002	0.006862	0.024156	0.013837	0.012190	0.024736	0.016629	0.001868	0.023065	0.000000	0.035095	0.032218	0.008064	0.025333	0.008062	0.003316	0.019014	0.013074	0.020832	0.034142	0.034322	0.036765	0.023529	0.023049	0.038055	0.032341	0.003094	0.009837	0.014683	0.027828	0.002862	0.034645	0.012849	0.039006	0.029116	0.023241	0.019197	0.005322	0.006992	0.031818	0.003720	0.028000	
0.019712	0.021718	0.022186	0.030267	0.000020	0.016285	0.032431	0.010814	0.039060	0.018202	0.028581	0.009719	0.000968	0.001035	0.034307	0.022838	0.002155	0.023861	0.036392	0.037194	0.000927	0.027940	0.029984	0.006192	0.033582	0.007575	0.000355	0.032021	0.003397	0.015882	0.001320	0.037238	0.017560	0.007737	0.004062	0.029815	0.012977	0.024525	0.027153	0.025877	0.026819	0.005238	0.039115	0.028390	0.030472	0.003893	0.033083	0.029384	0.013461	0.036283	
0.007835	0.009372	0.020855	0.034975	0.003239	0.022442	0.004999	0.010656	0.025201	0.027188	0.009532	0.030382	0.011432	0.035803	0.002456	0.038990	0.036910	0.042155	0.022992	0.044551	0.016479	0.014867	0.037953	0.035970	0.003321	0.040444	0.018683	0.008650	0.012231	0.014794	0.023853	0.018354	0.014244	0.019329	0.030691	0.004247	0.033116	0.013233	0.008682	0.019702	0.015258	0.042426	0.005538	0.002053	0.009765	0.021232	0.027833	0.002096	0.031316	0.011672	
0.006463	0.023928	0.020852	0.036408	0.036145	0.038418	0.008925	0.028802	0.001021	0.028069	0.004228	0.020288	0.002257	0.013739	0.018716	0.020160	0.020170	0.028491	0.015076	0.007840	0.032682	0.029657	0.018499	0.014249	0.001861	0.038959	0.016235	0.036906	0.031017	0.009508	0.026915	0.037811	0.003455	0.016004	0.021026	0.006856	0.034690	0.032614	0.030334	0.020305	0.014457	0.031232	0.012187	0.001999	0.023141	0.032756	0.013845	0.006379	0.002288	0.022143	
0.013420	0.017648	0.000121	0.025871	0.023441	0.037070	0.009102	0.037098	0.031741	0.015307	0.023684	0.006974	0.023184	0.016064	0.022179	0.018482	0.015713	0.032453	0.015616	0.003975	0.004788	0.032682	0.019638	0.029776	0.039485	0.013816	0.009122	0.019116	0.017949	0.018048	0.024113	0.029155	0.035187	0.018113	0.025548	0.004895	0.020704	0.020558	0.022106	0.033863	0.004489	0.015029	0.025590	0.039661	0.005939	0.038883	0.002480	0.001727	0.019492	0.018903	
0.026997	0.021989	0.034759	0.029474	0.002584	0.017601	0.002721	0.025444	0.018541	0.029607	0.034627	0.007318	0.035398	0.031342	0.017712	0.000856	0.000625	0.029771	0.015102	0.009992	0.019016	0.015900	0.027644	0.010640	0.027367	0.003500	0.015971	0.030501	0.008863	0.035066	0.034277	0.005011	0.033102	0.034344	0.016038	0.028636	0.027562	0.001205	0.020542	0.026283	0.026318	0.028971	0.006544	0.008222	0.021312	0.023536	0.007020	0.007198	0.026210	0.030738	
0.012489	0.017711	0.008923	0.002720	0.027093	0.036338	0.034338	0.004409	0.024303	0.013912	0.026529	0.017552	0.017657	0.020372	0.025919	0.022087	0.034169	0.005528	0.027250	0.018821	0.023307	0.012253	0.000986	0.028334	0.029385	0.013382	0.022677	0.000714	0.017255	0.005218	0.036112	0.025351	0.010246	0.032835	0.001054	0.014460	0.021108	0.033157	0.017415	0.035990	0.007325	0.029375	0.038889	0.027737	0.005553	0.038981	0.016553	0.032523	0.014217	0.009490	
0.011290	0.028074	0.011592	0.012073	0.030063	0.018304	0.021497	0.037560	0.033909	0.031003	0.033070	0.012542	0.002810	0.026770	0.029855	0.004356	0.021589	0.000550	0.008370	0.009516	0.006312	0.005668	0.026320	0.022962	0.039440	0.000696	0.029779	0.040542	0.023267	0.020718	0.020447	0.010625	0.030455	0.022790	0.009406	0.022903	0.012868	0.007469	0.036823	0.022111	0.023449	0.001893	0.021289	0.013449	0.019195	0.003219	0.011980	0.027788	0.041356	0.039988	
0.009183	0.035630	0.012461	0.019817	0.017260	0.020405	0.039736	0.013232	0.036853	0.010992	0.029313	0.008808	0.033519	0.007253	0.010541	0.028456	0.020349	0.010344	0.010772	0.028657	0.003125	0.006697	0.001966	0.012336	0.024265	0.033594	0.004674	0.042356	0.040140	0.030468	0.027655	0.031243	0.003443	0.036745	0.003325	0.002066	0.036993	0.028503	0.034692	0.028096	0.016845	0.005489	0.013751	0.013601	0.028703	0.013272	0.016124	0.014191	0.026034	0.016024	
0.000312	0.026141	0.004809	0.023312	0.014759	0.022768	0.028683	0.020822	0.002247	0.007857	0.029481	0.035073	0.040349	0.026929	0.031691	0.030722	0.028414	0.003723	0.018475	0.040396	0.030541	0.000203	0.017458	0.040415	0.041121	0.015104	0.019889	0.018172	0.010699	0.033181	0.012648	0.006953	0.037873	0.003619	0.031165	0.012374	0.010905	0.007321	0.001315	0.010734	0.024620	0.006722	0.019003	0.022787	0.030346	0.001064	0.038913	0.012110	0.033006	0.012777	
0.000371	0.028692	0.015411	0.034561	0.001421	0.006516	0.030907	0.038142	0.003186	0.004952	0.039689	0.000762	0.025987	0.017725	0.021747	0.011066	0.020031	0.034140	0.030142	0.029258	0.000270	0.023490	0.016153	0.012174	0.021121	0.000480	0.010640	0.036479	0.017345	0.009532	0.021512	0.041012	0.007466	0.013389	0.026212	0.013520	0.020968	0.013695	0.030572	0.039229	0.018909	0.011274	0.030903	0.037526	0.018959	0.008604	0.017744	0.027597	0.029322	0.029195	
0.016192	0.014586	0.016060	0.029009	0.009712	0.024317	0.029783	0.025296	0.011230	0.038793	0.013076	0.031213	0.033476	0.010275	0.031929	0.002056	0.007353	0.028997	0.010302	0.022696	0.028817	0.006159	0.038078	0.022904	0.036353	0.008753	0.008008	0.026593	0.025420	0.038464	0.027956	0.002035	0.000312	0.002007	0.013222	0.010395	0.001704	0.004556	0.013489	0.032533	0.021454	0.011928	0.025545	0.030511	0.029192	0.022551	0.038828	0.008416	0.031743	0.025723	
0.026758	0.019622	0.007796	0.007352	0.014178	0.040189	0.022076	0.013550	0.004420	0.031172	0.025738	0.002348	0.023683	0.006484	0.024296	0.036847	0.036098	0.001166	0.028256	0.017657	0.008066	0.021786	0.011945	0.030003	0.036516	0.004372	0.015728	0.005821	0.038411	0.022777	0.037764	0.000166	0.017153	0.012665	0.012767	0.008593	0.030074	0.042714	0.030356	0.013254	0.009237	0.038021	0.002146	0.024363	0.029574	0.034365	0.017604	0.014234	0.023940	0.015898	
0.005742	0.028367	0.029247	0.025228	0.021243	0.025404	0.039140	0.028787	0.038391	0.000905	0.024181	0.025066	0.015971	0.029320	0.003768	0.023752	0.024481	0.024405	0.024467	0.023016	0.018591	0.007973	0.035971	0.002841	0.020804	0.011515	0.014526	0.001890	0.024697	0.009003	0.028593	0.028347	0.028142	0.028206	0.031301	0.025777	0.013239	0.020339	0.009920	0.014744	0.040605	0.001956	0.002257	0.038332	0.030456	0.021621	0.009476	0.002344	0.014529	0.001125	
0.024650	0.019396	0.019517	0.021470	0.013232	0.026839	0.004732	0.027503	0.013208	0.007563	0.028258	0.008317	0.018326	0.022242	0.037797	0.024298	0.016079	0.022133	0.008619	0.025358	0.007161	0.036540	0.038107	0.000438	0.016678	0.008454	0.003030	0.022228	0.029160	0.029531	0.002981	0.037842	0.028181	0.033854	0.011205	0.024466	0.023366	0.005198	0.024202	0.032002	0.027196	0.021040	0.001037	0.026368	0.020622	0.000609	0.038040	0.028397	0.014367	0.018166	
0.019369	0.008626	0.006579	0.028875	0.042154	0.013385	0.043052	0.009748	0.029325	0.034132	0.004443	0.005663	0.023380	0.025115	0.036307	0.021230	0.026726	0.005018	0.042453	0.029242	0.014482	0.011184	0.000917	0.007648	0.004281	0.025795	0.026479	0.002337	0.044140	0.022897	0.042950	0.006106	0.000832	0.040786	0.014377	0.014881	0.015162	0.021290	0.005248	0.021566	0.016315	0.011733	0.031055	0.020626	0.017552	0.046309	0.009163	0.000438	0.022786	0.025843	
0.013109	0.032086	0.016435	0.008433	0.034813	0.024684	0.037745	0.019026	0.020023	0.022699	0.020626	0.033383	0.013945	0.004877	0.018181	0.023403	0.032329	0.035509	0.028119	0.037958	0.030798	0.015771	0.013337	0.001606	0.012478	0.001076	0.016963	0.007129	0.022013	0.011758	0.013267	0.013760	0.010078	0.029655	0.030211	0.036637	0.010118	0.028898	0.023461	0.034891	0.023977	0.019863	0.033172	0.000598	0.011776	0.015550	0.003931	0.015078	0.027986	0.006785	
0.030858	0.010886	0.023232	0.009871	0.023072	0.014472	0.023616	0.018829	0.007523	0.009941	0.023964	0.037391	0.038481	0.028175	0.019277	0.034668	0.000387	0.040311	0.016683	0.006275	0.003727	0.022402	0.035302	0.009130	0.038984	0.002321	0.024750	0.011954	0.032066	0.010730	0.032986	0.024359	0.014307	0.009579	0.011679	0.036915	0.015781	0.020333	0.004623	0.024481	0.011084	0.026796	0.037717	0.015002	0.039137	0.028895	0.023024	0.006930	0.000115	0.006979	
0.013008	0.020396	0.003144	0.018237	0.034766	0.029240	0.006781	0.015407	0.032213	0.003132	0.010350	0.007893	0.041117	0.029911	0.020977	0.009747	0.029939	0.006307	0.038971	0.002598	0.031096	0.027646	0.025277	0.033748	0.003420	0.002911	0.024563	0.009394	0.013268	0.016460	0.029054	0.002292	0.036289	0.022327	0.015936	0.031597	0.041297	0.023178	0.032770	0.034132	0.010816	0.018434	0.043384	0.005227	0.013357	0.029899	0.003009	0.026156	0.003775	0.015155	
0.013694	0.013668	0.018358	0.031815	0.008111	0.037528	0.033870	0.040524	0.014900	0.030504	0.000980	0.027832	0.015578	0.028046	0.004463	0.001474	0.013250	0.030216	0.038100	0.025552	0.007676	0.011530	0.040529	0.007090	0.028935	0.024192	0.004979	0.037754	0.013499	0.035662	0.032870	0.006239	0.019272	0.020851	0.039833	0.008479	0.012410	0.032523	0.019374	0.003831	0.027702	0.015440	0.009113	0.030840	0.021625	0.004434	0.006055	0.012182	0.021964	0.014654	
0.018582	0.022775	0.007340	0.003654	0.018848	0.027079	0.045646	0.028636	0.009500	0.018790	0.024067	0.024833	0.009596	0.020893	0.036167	0.026899	0.029324	0.013614	0.022839	0.042001	0.000906	0.003273	0.001347	0.023405	0.001448	0.003417	0.002753	0.045987	0.038774	0.029987	0.007442	0.011030	0.043640	0.037391	0.021048	0.000057	0.011404	0.002834	0.043717	0.006038	0.014366	0.002352	0.040419	0.034053	0.006074	0.013202	0.028607	0.009924	0.020587	0.043436	
0.027818	0.035508	0.031526	0.028767	0.024214	0.010494	0.000004	0.030715	0.023750	0.021606	0.010469	0.029498	0.002296	0.011647	0.030217	0.026835	0.032587	0.009686	0.025269	0.004691	0.012018	0.004220	0.034262	0.034898	0.011059	0.035192	0.028431	0.011089	0.003877	0.039165	0.027491	0.037728	0.032193	0.002020	0.035114	0.018600	0.009511	0.001081	0.029707	0.010181	0.011483	0.021223	0.010037	0.024649	0.032578	0.000144	0.032249	0.026066	0.000183	0.005953	
0.011560	0.018901	0.011105	0.012087	0.015904	0.032918	0.011333	0.026580	0.000283	0.031081	0.024058	0.002933	0.010282	0.033660	0.019236	0.017578	0.021807	0.031965	0.008241	0.026770	0.013331	0.018496	0.027702	0.000783	0.029212	0.020795	0.027417	0.001942	0.029543	0.033246	0.008949	0.004349	0.029629	0.025046	0.035790	0.028094	0.017315	0.028842	0.025633	0.021988	0.006721	0.019697	0.025169	0.033586	0.006511	0.032972	0.022400	0.017596	0.026430	0.012536	
0.037536	0.009568	0.039134	0.011509	0.038211	0.000864	0.015181	0.012159	0.017958	0.012285	0.028888	0.014625	0.012686	0.030812	0.016760	0.020320	0.018192	0.034818	0.025800	0.003215	0.012575	0.022762	0.002793	0.034687	0.037866	0.036834	0.036698	0.015850	0.028971	0.027821	0.013188	0.007562	0.006437	0.002140	0.036047	0.013483	0.026981	0.019578	0.005866	0.008607	0.029107	0.026762	0.014651	0.033308	0.022322	0.028276	0.018552	0.009599	0.012229	0.007930	
0.014198	0.031859	0.016820	0.035011	0.022963	0.018120	0.018182	0.000798	0.029988	0.003384	0.005886	0.013953	0.015657	0.001608	0.023145	0.003436	0.012197	0.003491	0.042313	0.031774	0.034809	0.028833	0.016310	0.006689	0.012315	0.003339	0.020681	0.005679	0.008359	0.011902	0.035118	0.021162	0.024249	0.000458	0.026893	0.039002	0.041997	0.034957	0.037148	0.042169	0.011236	0.008527	0.010083	0.031876	0.013027	0.042014	0.014978	0.030015	0.005424	0.035968	
0.002936	0.006118	0.011577	0.005663	0.004503	0.024483	0.015694	0.011624	0.007099	0.018113	0.021954	0.023961	0.028456	0.011400	0.007933	0.026752	0.038865	0.034582	0.022986	0.011601	0.014048	0.019817	0.007264	0.007695	0.024052	0.033920	0.005560	0.022356	0.020127	0.035531	0.005065	0.033329	0.034967	0.034188	0.004719	0.004979	0.039809	0.017295	0.034626	0.023901	0.033165	0.003040	0.029371	0.004605	0.039675	0.034139	0.020244	0.032116	0.037133	0.006967	
0.024606	0.013203	0.001989	0.035265	0.024594	0.002387	0.025731	0.005521	0.002375	0.011809	0.036679	0.009895	0.002645	0.032752	0.010788	0.029107	0.008308	0.031508	0.006314	0.021800	0.015592	0.008374	0.000901	0.015312	0.040913	0.023851	0.001174	0.017047	0.030131	0.034624	0.001652	0.033830	0.021128	0.032707	0.031245	0.030786	0.033075	0.039501	0.002389	0.009733	0.028562	0.002986	0.035564	0.029726	0.039717	0.010483	0.032847	0.031260	0.000081	0.027533	
0.006038	0.027688	0.033708	0.028509	0.008895	0.021713	0.031169	0.002671	0.013828	0.030553	0.010863	0.021608	0.023818	0.020152	0.015392	0.000561	0.030026	0.007054	0.028958	0.013002	0.036122	0.006759	0.025188	0.014120	0.026955	0.033508	0.011778	0.019863	0.009514	0.037512	0.024901	0.025080	0.018440	0.005539	0.037517	0.037813	0.007300	0.007995	0.014258	0.021010	0.029664	0.007196	0.033311	0.012139	0.002987	0.039303	0.027249	0.017333	0.009575	0.023868	
0.018412	0.001834	0.040761	0.026995	0.017398	0.014975	0.018678	0.004090	0.019660	0.007444	0.022159	0.029621	0.007336	0.023527	0.029837	0.029305	0.028888	0.030785	0.036231	0.021050	0.016043	0.027834	0.028396	0.032102	0.035652	0.019106	0.005787	0.031032	0.013643	0.019892	0.035547	0.033539	0.000309	0.015656	0.018344	0.032050	0.005298	0.002750	0.011674	0.013527	0.027070	0.013325	0.034808	0.015819	0.017832	0.030231	0.023541	0.006039	0.002961	0.001207	
0.027096	0.000562	0.024992	0.039760	0.024000	0.003421	0.011803	0.008232	0.021015	0.021822	0.014843	0.015997	0.009782	0.029323	0.010144	0.040320	0.041413	0.038975	0.007062	0.017753	0.032958	0.028775	0.035268	0.010634	0.010432	0.005499	0.015732	0.011400	0.011417	0.025499	0.035926	0.014056	0.007274	0.023050	0.022519	0.027333	0.022082	0.009955	0.020963	0.022884	0.026803	0.021585	0.027313	0.035786	0.028466	0.000814	0.000603	0.025215	0.027739	0.003707	
0.016054	0.013758	0.018315	0.005163	0.018451	0.013313	0.030814	0.019083	0.029410	0.028715	0.014709	0.007174	0.016875	0.011199	0.018510	0.036633	0.011391	0.019243	0.006787	0.014454	0.033294	0.035979	0.024645	0.005073	0.029622	0.013482	0.023940	0.016051	0.034741	0.030161	0.005415	0.010833	0.015561	0.029992	0.026906	0.035451	0.020103	0.019775	0.025675	0.033263	0.002066	0.032819	0.011812	0.027501	0.019618	0.010361	0.009683	0.012457	0.018882	0.034789	
0.005184	0.032902	0.016856	0.039823	0.005067	0.012501	0.041771	0.037369	0.002514	0.024470	0.008407	0.021526	0.012634	0.005783	0.043309	0.023976	0.009344	0.012542	0.035179	0.029840	0.023562	0.041765	0.031556	0.005614	0.020186	0.019293	0.003786	0.009111	0.011431	0.026224	0.016706	0.035047	0.018514	0.027630	0.026114	0.037193	0.017115	0.008089	0.045215	0.014686	0.022279	0.024658	0.007767	0.000051	0.000734	0.020257	0.018514	0.008026	0.001207	0.036677	
0.017643	0.027859	0.029264	0.023990	0.018461	0.014442	0.028237	0.030808	0.031607	0.032242	0.016788	0.035429	0.021224	0.012958	0.024386	0.009160	0.032301	0.006342	0.018460	0.000774	0.022809	0.027230	0.001371	0.030210	0.012155	0.021773	0.027042	0.007085	0.010598	0.019973	0.020869	0.012720	0.028578	0.028012	0.006038	0.011143	0.001119	0.015063	0.031083	0.021683	0.035418	0.017480	0.029089	0.018216	0.005897	0.022897	0.011547	0.016149	0.020989	0.033388	
0.016415	0.030689	0.011123	0.003416	0.041192	0.013158	0.001935	0.022221	0.026730	0.001176	0.029815	0.024033	0.024306	0.003872	0.023009	0.027268	0.019688	0.029963	0.033042	0.012668	0.003415	0.011793	0.000503	0.008697	0.006590	0.010880	0.021454	0.001816	0.023162	0.028144	0.030119	0.036963	0.026584	0.002638	0.028316	0.015122	0.022227	0.000740	0.012088	0.030420	0.023833	0.022642	0.018632	0.036741	0.037632	0.008986	0.038076	0.022533	0.033475	0.040060	
0.018913	0.029321	0.020706	0.035435	0.031237	0.033321	0.030809	0.028843	0.033491	0.019578	0.012559	0.005978	0.008943	0.022287	0.013183	0.023702	0.013700	0.010383	0.034455	0.033671	0.029042	0.009985	0.029071	0.019413	0.033974	0.019032	0.015242	0.010599	0.033955	0.028384	0.005115	0.007726	0.022348	0.021097	0.007165	0.013258	0.001435	0.016486	0.025879	0.003803	0.032483	0.035104	0.007476	0.025218	0.018469	0.016817	0.010477	0.022380	0.008157	0.009897	
0.020727	0.024277	0.005345	0.001962	0.013375	0.032686	0.025040	0.036442	0.018664	0.005661	0.035746	0.029954	0.010641	0.034006	0.016353	0.009846	0.016603	0.004407	0.019685	0.019115	0.021122	0.016465	0.003751	0.023276	0.000894	0.026320	0.033637	0.007414	0.034394	0.000087	0.008037	0.023341	0.028087	0.001141	0.003366	0.035694	0.029265	0.017153	0.027361	0.019929	0.031497	0.034421	0.018081	0.030015	0.005207	0.019481	0.039366	0.035793	0.031560	0.013311	
0.024824	0.029847	0.011790	0.037557	0.033176	0.021509	0.023027	0.027902	0.016101	0.029287	0.003101	0.036686	0.039037	0.013237	0.014035	0.012160	0.008670	0.028278	0.011427	0.033293	0.020036	0.029985	0.030185	0.032107	0.010226	0.002764	0.028240	0.018342	0.019583	0.033605	0.030684	0.008169	0.029507	0.038014	0.036061	0.026829	0.031663	0.003710	0.004169	0.001781	0.002951	0.012744	0.001279	0.005652	0.028122	0.005438	0.016563	0.015052	0.011949	0.009645	
0.002693	0.007750	0.021597	0.041092	0.040079	0.005814	0.015642	0.040046	0.041159	0.018108	0.024446	0.036483	0.026167	0.000650	0.020846	0.027515	0.024404	0.038147	0.029917	0.027594	0.001643	0.014405	0.025497	0.019542	0.019954	0.040717	0.021388	0.025507	0.010617	0.016024	0.011129	0.001478	0.015228	0.035538	0.025924	0.005754	0.006933	0.018605	0.013984	0.025277	0.020639	0.024933	0.027052	0.013620	0.001104	0.023503	0.018580	0.009719	0.011433	0.004124	
0.008764	0.004938	0.027969	0.026149	0.001158	0.006183	0.032190	0.041206	0.007984	0.041383	0.039978	0.021970	0.034197	0.035528	0.040348	0.035065	0.024859	0.011976	0.002933	0.038885	0.016344	0.027541	0.014237	0.021264	0.000256	0.026867	0.022154	0.001065	0.005851	0.001351	0.017952	0.032202	0.002201	0.029439	0.030685	0.007562	0.010310	0.005264	0.035651	0.032953	0.006437	0.006982	0.012811	0.033656	0.037641	0.007182	0.039837	0.001354	0.020258	0.009031	
0.007500	0.003997	0.031261	0.030145	0.032995	0.025087	0.034441	0.013868	0.004999	0.021302	0.035463	0.013202	0.033504	0.031449	0.021506	0.033785	0.027069	0.036362	0.012517	0.021043	0.025594	0.005956	0.019584	0.000565	0.032374	0.017268	0.019059	0.004389	0.008789	0.027660	0.032193	0.006636	0.030578	0.020527	0.023315	0.004879	0.024412	0.015871	0.021144	0.024603	0.004405	0.011647	0.002893	0.025309	0.029789	0.001919	0.028946	0.034163	0.011453	0.012588	
0.019616	0.001538	0.028347	0.020666	0.016494	0.011052	0.005410	0.007138	0.033507	0.002436	0.015125	0.032147	0.010308	0.020499	0.003587	0.015131	0.005163	0.005819	0.022868	0.029038	0.031465	0.018662	0.026383	0.016123	0.024919	0.018432	0.013173	0.011180	0.012496	0.032329	0.009965	0.032495	0.009423	0.009816	0.029812	0.030747	0.009146	0.035486	0.031315	0.030716	0.009613	0.032782	0.027160	0.020649	0.035163	0.017578	0.035045	0.032399	0.024646	0.024988	
0.019364	0.009368	0.001233	0.043718	0.000785	0.028937	0.026482	0.005740	0.027859	0.017506	0.003497	0.007509	0.004331	0.000111	0.011925	0.004245	0.026770	0.010076	0.026583	0.035143	0.013380	0.032147	0.033477	0.013025	0.009574	0.027734	0.010542	0.007630	0.035483	0.039864	0.042427	0.013498	0.030153	0.013587	0.019740	0.027692	0.004575	0.043109	0.027938	0.003878	0.024111	0.039243	0.027239	0.032967	0.032619	0.007759	0.002678	0.028773	0.030793	0.013180	
0.026515	0.018362	0.013187	0.030982	0.028408	0.026447	0.020427	0.016944	0.000042	0.014361	0.035780	0.013561	0.013834	0.039707	0.021915	0.003706	0.031868	0.024820	0.007566	0.013708	0.005511	0.033367	0.002493	0.000779	0.038427	0.021625	0.024162	0.026469	0.039660	0.017815	0.038474	0.001961	0.022156	0.029830	0.032458	0.007757	0.000140	0.031907	0.015188	0.002250	0.011586	0.022560	0.030741	0.036601	0.035555	0.003297	0.017737	0.024190	0.015257	0.007907	
0.026837	0.025765	0.027637	0.028582	0.001924	0.000649	0.021874	0.030735	0.012258	0.028106	0.028745	0.019021	0.021321	0.021827	0.013906	0.001912	0.018085	0.032078	0.030780	0.002268	0.011602	0.023582	0.022818	0.009925	0.000664	0.035096	0.023532	0.014381	0.006678	0.025139	0.011415	0.019385	0.011868	0.006025	0.019578	0.017552	0.027338	0.029812	0.030077	0.028036	0.031046	0.035396	0.031038	0.001695	0.025897	0.022581	0.021288	0.029584	0.001556	0.031106	
0.018904	0.003475	0.027818	0.017753	0.017468	0.002265	0.025972	0.006922	0.000778	0.030575	0.023503	0.004853	0.006646	0.027770	0.001679	0.023368	0.002083	0.028682	0.000395	0.007732	0.035132	0.012619	0.020500	0.026238	0.001190	0.009079	0.017131	0.038171	0.016720	0.030937	0.019642	0.010395	0.025124	0.036963	0.029868	0.004461	0.035369	0.036052	0.004184	0.036067	0.038339	0.027866	0.034682	0.021089	0.033288	0.011257	0.028305	0.031349	0.016708	0.032636	
0.000277	0.033613	0.037513	0.006161	0.020114	0.004103	0.009054	0.014625	0.041705	0.034547	0.010395	0.026979	0.018489	0.027117	0.036646	0.015093	0.005330	0.041931	0.025934	0.015544	0.011907	0.006335	0.028008	0.006432	0.028396	0.044468	0.010746	0.001041	0.024874	0.025515	0.033609	0.007073	0.032298	0.030203	0.002556	0.007932	0.005672	0.041020	0.011652	0.017622	0.027663	0.009505	0.021123	0.010414	0.035153	0.009905	0.027427	0.033349	0.003286	0.019646	
0.033330	0.008408	0.007825	0.021088	0.004137	0.029681	0.026465	0.001947	0.001999	0.009925	0.028133	0.025730	0.028286	0.019545	0.006676	0.014742	0.028923	0.022767	0.019309	0.027271	0.022912	0.024932	0.032146	0.035586	0.035949	0.028000	0.017742	0.016780	0.028240	0.033810	0.001751	0.006035	0.002619	0.022040	0.009304	0.003214	0.020683	0.021541	0.008061	0.031642	0.032586	0.034013	0.027414	0.032658	0.035617	0.013967	0.017196	0.014355	0.009188	0.013835	
0.012620	0.007253	0.006236	0.040366	0.012889	0.031683	0.012174	0.021044	0.026657	0.035268	0.032208	0.034552	0.028595	0.024878	0.015790	0.026174	0.001840	0.021416	0.032206	0.021270	0.012437	0.018321	0.028149	0.006710	0.012225	0.038037	0.004711	0.024699	0.007131	0.036281	0.019447	0.028360	0.027713	0.011114	0.037654	0.034940	0.003157	0.029586	0.015440	0.000438	0.003008	0.030155	0.004472	0.032536	0.000287	0.009264	0.008688	0.003718	0.038193	0.028010	
0.021172	0.005594	0.004082	0.007163	0.038513	0.018476	0.027629	0.030406	0.036565	0.027516	0.001864	0.004803	0.023103	0.025296	0.028658	0.000726	0.009447	0.026628	0.037760	0.040544	0.041976	0.001195	0.006342	0.000466	0.012680	0.026084	0.038025	0.003224	0.028743	0.002655	0.015380	0.019813	0.032970	0.020188	0.039617	0.027276	0.021963	0.014507	0.041934	0.034778	0.035490	0.000468	0.008763	0.000705	0.008649	0.031234	0.028076	0.003067	0.032643	0.005143	
0.018082	0.009174	0.020686	0.029680	0.012845	0.024782	0.018382	0.000652	0.007202	0.023789	0.020526	0.000558	0.013079	0.026091	0.018609	0.032229	0.013691	0.006064	0.024964	0.006647	0.029743	0.032041	0.031906	0.030925	0.008906	0.034927	0.014006	0.029630	0.010012	0.009232	0.033668	0.023524	0.022804	0.012275	0.028166	0.028681	0.002792	0.021012	0.029993	0.029170	0.014860	0.008237	0.015680	0.006518	0.019549	0.033026	0.030065	0.014783	0.032472	0.033665	
0.016655	0.020868	0.003647	0.023804	0.021631	0.006660	0.035595	0.015638	0.002174	0.001063	0.030657	0.033955	0.019419	0.029618	0.014560	0.014028	0.002524	0.037562	0.022788	0.012601	0.011770	0.027224	0.013200	0.030421	0.010596	0.015967	0.011030	0.037002	0.022059	0.037603	0.033917	0.014040	0.007288	0.027421	0.036850	0.020630	0.012375	0.001152	0.003040	0.032972	0.028328	0.033953	0.032777	0.030031	0.026638	0.014235	0.037202	0.005475	0.018596	0.000759	
0.000576	0.003265	0.025032	0.036355	0.014437	0.026679	0.012856	0.017989	0.015247	0.014411	0.001320	0.034513	0.009886	0.029890	0.014968	0.029070	0.017090	0.020411	0.017910	0.033699	0.001542	0.014894	0.012446	0.007148	0.005672	0.009403	0.031533	0.027134	0.015670	0.038388	0.037036	0.017501	0.003939	0.027620	0.000123	0.034541	0.026800	0.026908	0.023661	0.028165	0.020216	0.010331	0.005668	0.034788	0.035377	0.027145	0.011084	0.034714	0.023096	0.031852	
0.001914	0.039970	0.010340	0.032580	0.021127	0.034272	0.024797	0.020031	0.021640	0.021634	0.003749	0.003819	0.020466	0.027969	0.023916	0.014286	0.004340	0.032737	0.023451	0.005455	0.022568	0.012617	0.019100	0.009271	0.024405	0.037104	0.023045	0.008988	0.025723	0.011978	0.026930	0.033457	0.024790	0.009851	0.003621	0.038447	0.036141	0.039208	0.008582	0.000509	0.027005	0.035709	0.003816	0.005874	0.011386	0.003101	0.034019	0.033907	0.026453	0.013904	
0.044187	0.022423	0.011575	0.025457	0.019412	0.023418	0.023811	0.003829	0.015561	0.012233	0.046987	0.007657	0.007147	0.037771	0.017642	0.010457	0.036364	0.004268	0.030891	0.007143	0.003955	0.017737	0.010442	0.021262	0.021274	0.007534	0.025620	0.028666	0.008963	0.006306	0.024584	0.001314	0.013995	0.027647	0.017610	0.037115	0.006838	0.025660	0.007588	0.043302	0.042069	0.028635	0.043730	0.000223	0.031629	0.012787	0.040179	0.015007	0.004007	0.016085	
0.015758	0.016646	0.018146	0.022282	0.032198	0.004566	0.029170	0.020456	0.013547	0.012337	0.029200	0.003124	0.015978	0.018213	0.022729	0.026267	0.025396	0.011880	0.019299	0.029630	0.032872	0.002407	0.001282	0.020402	0.029585	0.019439	0.031215	0.023372	0.008786	0.007396	0.003489	0.028902	0.025212	0.030994	0.030414	0.026455	0.012067	0.007846	0.030409	0.033410	0.005631	0.022946	0.031842	0.010106	0.033259	0.023599	0.011672	0.015504	0.029405	0.023261	
0.030245	0.001403	0.042230	0.000300	0.015885	0.009873	0.021358	0.011472	0.017118	0.008419	0.012243	0.005404	0.030353	0.032107	0.016024	0.005025	0.003002	0.028125	0.014022	0.021933	0.004632	0.036345	0.037271	0.004034	0.035854	0.009617	0.023636	0.019344	0.002541	0.005766	0.010220	0.024447	0.012673	0.033813	0.030857	0.002252	0.035648	0.036373	0.038258	0.040461	0.038167	0.009010	0.038980	0.035116	0.021778	0.016978	0.018879	0.017524	0.029971	0.003018	
0.004145	0.022202	0.019299	0.036404	0.027161	0.037275	0.010966	0.027531	0.002497	0.038431	0.027083	0.040735	0.017109	0.003942	0.003782	0.034417	0.019300	0.036168	0.026898	0.010141	0.012753	0.004195	0.029126	0.030188	0.021985	0.002038	0.004610	0.038430	0.022420	0.003868	0.036475	0.000214	0.018910	0.016075	0.036066	0.001076	0.011346	0.001496	0.008288	0.007268	0.031123	0.027695	0.044367	0.030349	0.004970	0.030352	0.005399	0.003218	0.034490	0.035720	
0.014922	0.004062	0.030341	0.032664	0.012026	0.001723	0.030378	0.003704	0.035525	0.005642	0.031676	0.002500	0.019875	0.027375	0.035328	0.029633	0.037458	0.024039	0.032398	0.006422	0.021189	0.006098	0.018044	0.022559	0.011614	0.010845	0.028618	0.035581	0.009503	0.033919	0.021189	0.009685	0.019701	0.026692	0.000601	0.036927	0.004728	0.028879	0.034649	0.003900	0.010710	0.026264	0.033519	0.006455	0.029812	0.009201	0.026632	0.033837	0.015625	0.005331	
0.021818	0.000152	0.025191	0.022420	0.039199	0.004605	0.035118	0.002023	0.025522	0.013039	0.021517	0.030424	0.012480	0.029763	0.012643	0.003380	0.033553	0.015305	0.031626	0.020020	0.014615	0.005294	0.000428	0.033549	0.034042	0.016690	0.022511	0.020990	0.004993	0.028575	0.041306	0.000504	0.002034	0.005394	0.005127	0.002616	0.030588	0.035589	0.029776	0.039276	0.034343	0.011689	0.025884	0.029274	0.020664	0.026303	0.004102	0.038351	0.000822	0.034871	
0.014953	0.008151	0.027750	0.020357	0.034719	0.008995	0.007368	0.007850	0.020442	0.023088	0.033713	0.017062	0.021479	0.035439	0.014966	0.016754	0.030949	0.016169	0.028066	0.012504	0.008441	0.024190	0.004702	0.034894	0.013048	0.001977	0.033806	0.020573	0.010879	0.022865	0.034911	0.008755	0.032592	0.019933	0.025831	0.001759	0.016536	0.022914	0.012969	0.001912	0.012507	0.023834	0.025403	0.014828	0.031896	0.018457	0.035926	0.014321	0.035423	0.033146	
0.031326	0.016073	0.007675	0.004873	0.000765	0.018204	0.018718	0.020714	0.013016	0.035795	0.037560	0.008420	0.002385	0.011629	0.027836	0.029894	0.033480	0.017422	0.015522	0.032962	0.035598	0.023197	0.012899	0.017732	0.016113	0.017860	0.001780	0.004222	0.003464	0.033573	0.012134	0.028269	0.035726	0.016680	0.010218	0.033724	0.020624	0.022436	0.035261	0.034122	0.017507	0.036600	0.013696	0.011764	0.020225	0.031227	0.008469	0.004833	0.030271	0.025506	
0.017835	0.027740	0.041602	0.033128	0.029424	0.028536	0.019770	0.012702	0.008639	0.008726	0.002084	0.027680	0.033602	0.007277	0.012906	0.024384	0.006485	0.030428	0.005297	0.016162	0.015136	0.031344	0.013436	0.018009	0.023381	0.025208	0.028326	0.028100	0.033344	0.006638	0.001041	0.031555	0.015215	0.002200	0.004306	0.017503	0.031076	0.003750	0.043630	0.009693	0.017261	0.003638	0.041037	0.028504	0.008981	0.013176	0.020559	0.041002	0.020303	0.028244	
0.002525	0.020799	0.005000	0.026962	0.014501	0.015143	0.038956	0.010363	0.039536	0.018741	0.009887	0.011773	0.014498	0.016493	0.028024	0.014481	0.036104	0.028376	0.032415	0.032431	0.004561	0.037554	0.000485	0.018167	0.034721	0.008390	0.012961	0.019846	0.011692	0.034771	0.030468	0.037211	0.011184	0.026387	0.011785	0.022056	0.006952	0.029084	0.038835	0.005634	0.025145	0.003345	0.025731	0.000518	0.024850	0.032768	0.007710	0.017516	0.014922	0.027743	
0.028685	0.030633	0.026025	0.025324	0.002929	0.018398	0.012661	0.022711	0.014127	0.007087	0.019960	0.009975	0.013571	0.026472	0.030652	0.000297	0.014784	0.019072	0.013355	0.029125	0.035285	0.017445	0.005993	0.023815	0.034896	0.001153	0.025571	0.028458	0.025532	0.023340	0.032347	0.021730	0.024429	0.003031	0.010894	0.033764	0.028278	0.016058	0.034679	0.033919	0.026183	0.027795	0.025217	0.012028	0.003555	0.006297	0.013296	0.007109	0.018544	0.033518	
0.008128	0.021539	0.019241	0.020411	0.015631	0.001340	0.031860	0.029887	0.033630	0.012802	0.028725	0.034779	0.031262	0.000378	0.014095	0.003321	0.013015	0.027212	0.025735	0.019154	0.023634	0.023395	0.012060	0.033189	0.020544	0.021337	0.017066	0.023659	0.005261	0.023478	0.005555	0.028930	0.032440	0.007768	0.003581	0.000642	0.030984	0.024566	0.034244	0.028569	0.013262	0.019662	0.033478	0.034645	0.020767	0.026193	0.002199	0.026319	0.017012	0.013416	
0.008253	0.014184	0.019058	0.034768	0.009343	0.011409	0.021655	0.029239	0.021958	0.030820	0.029402	0.008701	0.005866	0.000000	0.016439	0.013235	0.017008	0.016490	0.003568	0.023775	0.037108	0.001985	0.032370	0.006886	0.032893	0.002083	0.032148	0.018872	0.012626	0.028638	0.035162	0.022741	0.034974	0.000094	0.038690	0.033555	0.034474	0.030344	0.021689	0.037731	0.007748	0.008401	0.024392	0.020778	0.031116	0.009116	0.003211	0.022573	0.033300	0.009132	
0.027440	0.013531	0.005730	0.034731	0.032474	0.025177	0.036397	0.021054	0.038919	0.013032	0.002092	0.028614	0.017728	0.019978	0.014903	0.031165	0.026849	0.015142	0.032499	0.006495	0.013394	0.035380	0.025878	0.016190	0.011662	0.011256	0.000412	0.024448	0.015719	0.016001	0.021049	0.006686	0.022507	0.011317	0.019833	0.028308	0.000811	0.030949	0.038812	0.036287	0.000439	0.016689	0.024847	0.009276	0.010612	0.034675	0.014815	0.011252	0.015324	0.031220	
0.007280	0.023436	0.017265	0.004070	0.014129	0.011464	0.001443	0.020264	0.020205	0.038622	0.000570	0.033380	0.030251	0.009746	0.034658	0.034386	0.029800	0.037944	0.039131	0.029253	0.038608	0.028916	0.024845	0.030800	0.026492	0.029063	0.014827	0.008928	0.001670	0.018200	0.025201	0.016908	0.038031	0.008635	0.028595	0.012382	0.019457	0.034488	0.019332	0.000216	0.000999	0.030237	0.000124	0.037521	0.025541	0.004170	0.004623	0.009289	0.016547	0.008059	
0.026035	0.020633	0.021512	0.015921	0.022175	0.015755	0.025121	0.009138	0.003254	0.000488	0.004327	0.040439	0.014403	0.022636	0.025318	0.016322	0.005373	0.025849	0.016469	0.001606	0.035472	0.016706	0.018632	0.022459	0.025015	0.030173	0.002472	0.019799	0.020694	0.019664	0.008422	0.028813	0.021216	0.033941	0.003757	0.022064	0.034437	0.036812	0.024543	0.027985	0.012631	0.041065	0.009771	0.005962	0.039275	0.005798	0.027240	0.031125	0.019715	0.021565	
0.040998	0.003587	0.004433	0.001318	0.009984	0.027349	0.009930	0.015527	0.003990	0.019401	0.011127	0.006647	0.011523	0.034269	0.017005	0.031583	0.024645	0.025312	0.041787	0.036986	0.029720	0.016691	0.041413	0.013152	0.035063	0.004782	0.023368	0.025539	0.001665	0.023503	0.022434	0.009209	0.010320	0.024511	0.005913	0.030102	0.006436	0.041361	0.028483	0.027381	0.010912	0.000247	0.028613	0.014919	0.004877	0.031452	0.018730	0.033413	0.037830	0.020562	
0.017330	0.011638	0.034655	0.017821	0.019993	0.023341	0.008459	0.018952	0.032242	0.030449	0.028602	0.008103	0.025222	0.022573	0.005398	0.034162	0.020981	0.013926	0.033518	0.030175	0.015300	0.030720	0.030298	0.021635	0.004880	0.001632	0.032359	0.022656	0.003064	0.009043	0.008217	0.008682	0.026204	0.001159	0.030479	0.024071	0.019068	0.023697	0.021311	0.031410	0.004381	0.013946	0.028930	0.034078	0.019081	0.030736	0.011457	0.020789	0.014583	0.018596	
0.97
