50
2
-13.647433	-9.857532	-14.400637	23.993306	-23.922165	-21.872391	0.257506	10.334719	-21.849708	20.795154	18.781697	-2.076969	13.263623	12.217274	-16.937597	-6.708489	-15.218879	-2.783069	-27.737034	-15.401584	23.164047	25.767211	28.665332	-11.477088	-28.254771	-17.958021	-9.498621	1.307277	-15.051823	-13.528704	-8.011287	25.491534	-2.058312	-1.584585	4.178619	5.309752	-21.983239	-19.461068	9.626816	-14.572543	20.446894	-11.169760	8.487159	-14.770816	24.384233	17.120399	1.518450	-23.255469	8.199780	-9.352809	
-16.256479	16.791987	-14.923485	19.676137	-18.387712	-13.738799	-3.025110	5.867162	22.438460	9.019892	-9.432551	9.674193	-13.016448	-9.470658	-21.932653	-25.222127	24.996284	16.295341	-18.615746	11.469315	-12.258065	-11.392936	20.108888	-1.907553	-9.395486	-11.660095	24.285046	-7.245333	-0.885206	-26.101478	-10.099614	17.454948	20.627905	-26.394192	6.199357	-20.253293	-0.780775	5.693729	-20.992416	-19.817535	-22.513489	-0.350274	12.422848	-5.656565	17.651735	14.698282	11.826817	5.757937	-12.585965	3.414179	
-13.654391	9.377264	15.402558	-21.310781	-20.845573	15.486758	-24.945142	-19.709199	-20.581257	10.736558	15.091285	-6.079743	-7.869200	21.728569	6.871451	-12.824804	6.706930	-9.834984	21.084136	13.509107	25.113555	-6.647808	8.779477	-1.101513	26.755057	2.300383	-24.754664	-14.107274	-14.980098	-7.368158	7.432939	26.329282	15.945865	-0.063552	-13.002686	-9.049267	-25.987736	-19.997689	-21.327999	-26.371447	3.739194	-10.344198	24.220147	22.550178	11.656464	-20.260002	-3.443911	12.704346	6.003650	26.697828	
-17.813695	18.876517	0.228764	-17.827888	4.892465	0.060883	-18.308183	7.714287	9.623908	4.598409	20.931100	-19.821811	10.711700	9.341994	22.457938	-5.193744	-21.286199	-18.174602	-21.961422	11.625610	20.002900	17.251280	-15.667188	-7.179840	-20.210368	4.634195	8.958291	2.871376	12.935029	10.397542	4.835947	-10.465637	-8.074312	16.803421	21.744159	21.537507	-17.636648	-4.592895	-9.052433	6.932144	-15.743788	7.120951	-1.840542	11.617389	-15.481610	21.325313	1.303920	-16.739520	6.992272	16.116306	
13.770398	-5.206509	21.717936	-19.220006	28.353576	-18.176430	2.540924	-6.022134	-2.892306	3.314916	-30.354933	10.749777	26.823857	-1.381425	-7.037705	17.009235	4.994636	-16.780635	-16.274997	-2.883213	10.793869	3.368768	-29.163164	29.164779	15.992557	9.264961	13.372515	15.504857	10.254006	23.521507	7.023625	-9.375169	29.511882	29.984343	12.846906	-6.699658	-15.195631	24.016268	21.881741	26.654067	23.452771	-14.284320	8.830428	10.270193	-27.340408	1.372073	-12.074443	21.801292	-17.647625	30.130462	
13.422598	7.832391	24.637971	14.440279	4.801127	2.983607	15.606558	22.355726	-7.112778	-12.278500	-10.193643	-7.139035	3.889931	18.265695	-1.580783	-5.469207	14.160770	-17.319244	7.251285	-13.599795	-22.174217	-18.146524	-24.877739	-6.776342	-6.649354	9.051829	-15.902312	0.907673	-14.371955	-6.453942	-23.672090	-24.232998	6.550624	18.651039	-21.741196	14.261241	-5.646599	20.100408	15.083728	-13.970901	-7.482684	-1.144471	15.044592	-8.610795	15.163282	-5.048708	-8.358944	6.858604	-2.735367	-19.729870	
2.022222	-17.779754	-13.644954	14.795136	16.109835	11.294129	4.151483	4.654807	-2.836151	18.595663	-0.201266	9.785922	6.521063	8.918845	-10.037645	0.858209	-13.799447	6.262760	-4.791166	2.059891	-3.937829	18.666935	8.187592	-4.516306	-5.015929	-4.991733	-4.320881	4.729950	-9.819570	-5.747584	9.453479	-14.450110	-3.820757	7.330799	12.212508	15.366594	3.040357	10.426278	-18.339630	-10.076639	-10.693868	-4.753381	-10.361338	-15.137971	18.983456	12.951797	-10.437880	11.060229	9.690962	8.845853	
-8.198453	17.544061	5.217839	2.516966	-9.718512	-3.916544	-13.829638	5.962292	-14.314369	7.519015	11.035479	-0.224110	-15.468962	9.260516	15.324490	15.458411	13.546050	-7.697675	-7.602252	-10.093363	-15.110668	17.822592	-9.192027	12.374665	-18.014805	17.069023	9.867660	16.290877	8.390545	-18.045470	-15.597261	8.143148	-17.068009	12.130802	-5.505532	-13.211962	12.405448	-17.739008	0.036427	5.543306	-16.457643	1.190023	18.145657	-14.645453	-16.544364	-2.995093	3.534466	-17.784141	17.607175	9.064721	
1.814943	-10.810653	17.356540	26.735501	15.350051	8.000993	17.380455	5.919872	-16.034715	14.384132	19.568270	2.421183	-28.210191	-26.711059	17.934809	4.945174	-20.587599	9.318081	-20.032073	7.356046	28.591251	14.086780	20.068533	11.746645	22.779699	-3.527099	28.768215	-0.462419	10.074272	9.524229	-21.857948	-6.906889	-10.460088	5.523298	11.699312	4.301212	25.298655	-25.801416	2.945145	21.209904	-14.013734	-25.165486	10.237500	-8.729257	17.765311	-10.756965	-18.367681	7.477768	1.471259	8.653767	
-9.040132	13.620425	-0.280506	12.198625	21.839649	-21.351906	-15.407472	15.732111	14.513105	-21.580275	-23.054338	2.123380	8.167453	16.814425	20.676511	14.206384	2.873670	-7.612477	5.635676	-11.322897	24.581852	2.273669	1.522681	-6.975469	13.515134	20.165921	16.937179	-12.049324	11.818413	0.537234	-1.331052	0.148334	-19.376986	-18.971548	10.147238	-1.134613	-22.934804	-0.237218	22.576695	20.920989	-22.504286	1.351846	2.092780	-23.062557	5.838949	-16.565523	19.386683	-0.762779	-9.438523	-17.295452	
14.296173	-13.188676	-8.491555	0.518893	-14.938603	-2.453037	-21.640217	-8.418778	5.154066	-3.776771	-11.857702	-9.461175	-10.885018	21.374752	-0.566972	-4.881164	9.912740	-8.262770	20.157864	-11.240894	2.145414	3.642396	-2.747845	-2.551426	12.283239	-17.249150	0.906264	-16.928695	3.007451	16.528351	16.190694	-4.269581	4.806192	-7.324696	-8.952903	-6.956870	5.976301	10.250468	-18.224949	10.062994	8.763145	-17.709374	-20.253616	-7.755800	-21.247675	3.048353	-4.234566	-15.944349	-2.607286	13.027112	
2.095940	-8.376488	8.920298	9.171435	-0.938120	-3.283957	-11.760319	-13.491063	0.048929	-12.062810	-3.976360	1.530322	-1.286124	13.842800	0.275328	-2.747430	6.383388	0.407764	9.130166	-1.576322	-9.037716	3.751626	5.341868	10.969673	-6.264847	-2.540653	-6.072458	-5.130333	-6.951426	5.063769	8.374854	-11.122426	-3.522410	8.357850	12.486191	9.313496	1.423407	-6.128177	7.440082	-9.973748	-13.509720	-7.089368	11.562429	-11.333663	4.796533	-7.543455	7.846591	-13.838302	-2.309741	2.635589	
12.320853	18.394910	-25.895878	1.622085	21.976120	-17.556453	2.171915	-6.001261	11.822185	-17.693908	-17.222319	12.615430	-7.436619	0.427060	-11.453749	-25.121421	14.588037	-10.057990	5.577374	21.671910	3.312048	-1.921224	-2.669139	-17.199599	9.145955	17.400934	3.117998	20.072880	1.134663	-8.884272	13.657615	19.914500	23.627264	-5.797070	-23.736470	-1.659669	-2.489839	15.403902	-10.292365	-0.397060	9.334978	-19.625704	25.256079	-8.841709	-4.223849	1.374621	-11.532885	3.655707	-19.198909	-18.157345	
10.290785	-23.121111	11.703339	-19.667277	-14.442398	4.779465	-22.028145	13.217130	-25.898128	-30.708491	29.057454	23.113816	25.537736	-14.420251	20.107203	1.326994	-0.356992	17.028448	-7.677303	-2.101864	25.435753	-6.576449	-28.768681	13.241698	28.760325	-29.511269	-11.743767	-14.769806	18.072831	8.163134	-15.771665	-25.857045	12.934303	-8.811461	-29.214903	20.174168	2.203941	1.234581	-1.534459	-30.241272	21.723648	-28.704666	4.440958	-1.944635	-3.622891	26.396537	-4.174255	-6.310459	-10.286289	26.676661	
-19.179612	-3.200232	12.914235	-21.184955	-21.457729	24.614341	2.603625	19.450422	11.219554	11.478502	23.422460	-10.690136	2.777466	7.201655	-22.980778	7.086440	15.063544	8.514278	-9.826290	16.603598	-17.006472	-22.197219	-2.219103	-22.219690	1.073214	-1.288366	-10.743848	21.739437	12.632976	-9.293934	-23.794714	-8.409003	-3.360007	18.648103	24.921675	-10.125929	-19.994905	-6.462517	20.419488	3.199909	-19.147327	-0.998907	-15.095599	-2.284878	13.648639	18.504503	17.584382	-6.509838	-22.867020	-18.131195	
12.970163	15.759130	2.987249	13.772214	15.262531	14.186772	25.247245	-14.582344	4.588450	11.961962	-8.584506	-5.842742	-2.426200	-16.434668	-25.779565	-11.674775	-10.225675	-3.355232	-6.745105	-2.241523	22.277870	-19.735401	-15.285081	6.514830	12.296902	16.422617	-7.825382	-21.132197	15.739292	11.555104	-7.485363	-3.931036	-2.284555	-2.065914	-18.440279	6.189052	24.283039	26.869200	20.191909	-22.660105	-2.538879	-26.430211	-19.173676	12.901531	13.060371	2.472348	12.267101	-1.854034	14.692113	-13.769756	
11.465394	17.237647	16.295035	-0.818321	2.297825	-11.737670	-14.254035	-17.041561	11.186447	3.416419	18.732309	-10.760205	0.625669	-13.801912	4.781856	19.545282	21.138389	-6.606854	4.304247	17.260661	18.967660	-11.290759	2.659613	9.773232	-8.771279	8.984639	17.527972	18.731048	-21.313194	13.235331	3.227785	12.527169	-22.709829	24.353173	17.905797	23.102418	-12.038449	4.159524	-0.350638	-20.060811	8.557044	19.983304	-20.128536	-20.265669	-8.003898	5.694438	21.239571	1.392736	2.269737	14.362467	
-21.766382	-20.998286	-3.719568	7.735435	-24.513911	17.372137	-5.520466	-14.928140	-14.192825	3.103049	-12.203250	31.422767	-20.974632	-2.543490	-19.478817	24.826028	9.142515	-19.431972	-15.952047	11.280574	21.658127	22.217413	31.066046	-0.674321	-1.745517	17.490798	-23.187380	-15.355765	19.629883	-4.049877	-15.984272	-19.712067	14.253201	0.328123	0.744024	-4.617802	-30.181302	23.907169	-9.365877	28.510558	-18.364984	-10.091956	-3.637810	-7.494291	12.255137	28.941740	16.560271	24.363616	-7.028197	-26.394276	
19.577132	17.103980	5.163503	20.243492	-19.708208	-13.526425	-19.383126	-21.407955	-16.832325	1.227108	2.625168	-14.748375	-5.717767	23.185863	-14.697005	-16.655943	-13.061232	8.661965	-8.483685	-5.232099	18.568493	8.117201	5.947420	-3.657041	-5.192606	13.895528	11.518617	-2.291801	20.156673	-0.424378	-11.749161	10.184142	2.201956	0.840478	23.546164	11.894194	-3.613275	7.266927	-1.958032	18.399351	0.644410	16.699941	0.872641	-3.112888	8.302936	-19.913303	19.549846	16.631261	7.781047	0.234128	
-13.017535	-2.795200	16.367221	7.883313	6.781691	0.095167	-18.495379	-9.401513	-12.724985	4.834812	12.603844	5.536086	-5.134641	-0.868681	-7.339082	9.947391	15.198487	-12.227854	-11.319935	-13.624782	-3.319513	0.360257	-7.913251	-7.277905	-12.524413	-6.762324	5.666541	-0.015242	-16.474625	1.672749	-9.511082	13.485993	17.400758	-2.285115	-14.683841	-17.797949	-10.466891	18.143413	-3.483703	-15.581269	-12.440529	17.819700	12.245283	18.873517	-9.556949	7.491597	9.788786	-18.294610	5.916743	-15.508410	
9.215189	-16.925336	10.104333	6.688308	8.889075	-6.120138	-17.912119	-10.839407	15.128871	11.280064	22.167935	16.985595	20.865588	7.251212	12.155146	-17.740924	5.266599	-17.689543	10.579957	12.391658	-10.017939	8.637206	10.133026	21.676371	-7.763422	20.152357	12.436709	19.115845	4.172795	-10.562688	2.608269	-22.535256	-3.189419	-8.092869	-21.004605	3.395854	-22.578706	20.710988	-6.672628	2.771443	15.224307	16.064484	-17.890270	21.113088	-17.283161	21.661005	-14.249439	6.490123	13.932604	-7.514076	
5.194173	2.507219	-7.909936	14.269756	21.526838	-21.383962	-21.802938	-12.263665	11.930310	-0.919463	11.623043	-17.480123	-9.809306	13.394577	-17.052581	4.555902	-1.234532	-14.851836	-7.346432	9.299332	-21.724801	17.182328	20.736773	-2.399041	-13.972009	-21.359806	12.953937	4.612143	6.392065	8.997984	12.815775	21.626410	14.929001	-4.875084	0.010239	-0.001838	13.416932	-0.694776	-7.629162	15.124569	-7.119844	-17.543343	-12.003949	-8.807671	8.794559	-12.861564	-0.697733	18.919198	20.985863	21.133355	
19.658772	-10.599568	13.748228	-22.595858	5.905579	16.965696	-12.660594	24.243771	4.633419	7.359024	-17.861896	20.324299	-15.244071	-9.570417	-13.006201	10.635766	-21.655597	-19.586759	-3.268089	4.138216	-23.963771	15.843706	-20.244026	11.142723	-15.502299	20.608558	13.313267	3.161664	13.090870	14.294297	16.394610	-21.492170	-0.879970	13.732971	9.631550	-14.474527	20.618000	-19.920094	21.727982	-17.388517	-9.570137	22.909857	-24.136538	-5.954028	-8.859932	-18.096689	-10.012109	-8.737941	7.174298	-18.025334	
16.894249	-2.721718	11.268936	-4.842254	6.502917	6.945047	12.686077	-10.193822	-3.281770	-15.963901	22.065814	15.397124	13.679446	-6.056439	-17.722118	7.291368	-21.304485	22.737654	0.314828	10.793748	5.789428	-18.332359	-19.973467	8.218195	-22.064645	-11.937262	-17.364233	-4.219983	-20.360537	5.308587	-15.982821	-7.230616	-11.288304	16.115948	25.551256	12.173183	-2.466903	7.815389	-21.628360	12.412570	5.083590	-5.839298	-3.873394	14.505492	-17.092896	-5.238551	19.053690	18.728121	21.861995	17.018321	
-11.416430	6.825888	12.083435	13.805757	23.669067	23.195302	10.382364	-13.965712	9.509332	-5.547544	-14.991350	14.133365	18.282250	18.058834	-3.348570	20.763456	-16.556544	12.273600	-18.710661	2.343129	21.579734	5.463888	9.245598	-10.451341	-4.214140	-21.677263	17.032235	-17.555334	-8.682054	-13.814034	23.979722	-12.688633	-13.882576	-20.749221	-21.152171	-23.565151	-14.831714	-2.941920	-7.161304	7.020157	19.045069	11.638166	12.686132	8.252830	15.249269	18.547435	-4.607410	-23.503196	3.843871	0.147806	
-11.248117	-4.573826	0.605960	-20.207553	-17.149735	5.183281	-14.133660	17.004858	-13.380883	-8.502757	-7.891336	4.870262	-1.679261	14.411766	2.688438	-1.995103	17.634459	-20.487654	8.638408	-15.501074	-6.287861	19.481481	-11.298016	14.167033	13.417562	-10.345441	-8.967507	3.226109	-9.316963	8.984336	17.349585	1.548457	0.200200	-15.606330	-4.697092	-5.729819	-16.382029	-19.181621	-8.058566	-11.760533	-1.910409	13.756558	-19.347145	-11.480043	1.683445	-12.146204	0.495663	9.876629	-2.258664	11.751252	
19.551627	-7.457003	-16.086294	26.957566	-10.197925	-14.284693	-12.107387	7.738160	13.478678	15.295997	-13.490720	-15.742789	-3.688225	16.634488	10.359280	26.320641	-8.552256	3.710676	26.147075	25.029593	10.870902	-20.690341	12.083369	-25.607813	14.536651	15.894083	-12.113279	0.538313	9.047452	19.893684	23.977160	21.462646	25.435202	-9.570117	-22.626644	12.961304	10.600946	16.482105	-2.527959	-22.769050	4.880045	-25.440468	4.340519	-23.833529	16.374293	26.876280	24.244867	12.537996	-16.221413	-2.477043	
-21.626409	-9.723866	-3.740476	10.056246	-12.679111	-14.374560	22.646064	-9.740947	-25.691954	-22.116797	24.354720	-21.269712	-21.479633	18.064379	22.037945	24.008648	25.701681	2.915354	-25.181031	16.083040	6.730648	20.780341	-22.089871	7.453220	-11.591389	-3.627823	-17.540271	0.144198	19.006192	9.404389	-9.316464	24.542691	23.993547	15.522361	13.721191	5.316452	-23.758782	-13.920713	-11.181384	-12.647952	18.141877	25.159684	-1.882066	-21.754556	-0.158890	-6.635918	-7.920341	21.975697	-17.573368	23.780121	
-22.062696	-3.529508	-12.898062	25.212306	0.939418	6.357363	2.968771	-4.838594	12.602503	-3.488071	19.713012	13.722327	18.917931	23.647477	3.416680	-12.343163	-1.944185	22.843295	1.585180	-3.078151	-5.969765	-8.750029	16.543723	-11.302109	10.798475	11.079285	3.938329	-8.368629	26.191794	25.793891	-13.613766	-26.838239	26.147481	-10.201927	-10.898446	-13.971275	17.065384	25.035302	-22.745543	-10.953365	-22.902469	1.784848	14.216283	9.077361	-16.272132	-18.506365	-16.389145	16.807320	-4.227000	11.454088	
-11.842264	26.251345	-17.800419	-16.473373	16.899203	15.143365	4.869195	-10.234614	3.105827	-9.587066	16.635619	29.879325	2.860983	2.300223	21.041256	-13.060578	23.853762	12.574084	19.644047	-6.429358	-10.119065	-10.532551	-3.636584	22.693898	13.768523	21.221864	23.055361	12.227058	-6.467770	-21.657907	-27.774633	25.029729	-22.281223	21.380280	-17.394561	3.328602	-26.424676	4.665056	9.281686	25.553477	21.162711	-5.222169	0.903552	-22.421048	27.302991	-8.775521	-28.674759	18.299126	5.823804	-28.215739	
-15.247978	-13.823574	-16.149057	-16.364191	-20.363660	-7.268948	20.117491	-9.910496	-8.175396	2.102795	-8.263271	-10.957307	-10.492158	9.490653	-11.540328	-5.719903	-3.201896	-14.595157	-9.601762	12.927317	14.364841	9.408325	-11.604706	-17.083070	7.708185	7.923629	-14.983518	-4.339170	-0.954928	-2.272936	5.439596	-11.237711	11.772760	-14.849152	-1.776751	19.686931	1.010080	17.889282	-18.823233	18.859290	-0.316500	-9.851392	0.924831	21.190045	9.321203	20.711386	-18.719796	-2.242302	-1.967630	13.061629	
4.043657	3.424442	-3.569494	25.919765	2.581090	19.879281	13.742407	2.018665	15.873028	-4.462427	-25.528966	-5.962400	6.182192	-1.792358	-25.963963	-4.879762	-3.763200	18.763460	7.529140	-17.085747	24.250397	5.335211	-7.945833	-20.957814	-10.719372	-14.071869	-7.646767	16.225101	19.899095	23.146697	22.437915	14.351936	14.243889	-2.372572	4.377209	-22.642132	-14.965976	-10.890567	-9.233014	-11.203243	-16.541415	11.880242	-7.970271	-17.746290	-3.635130	-6.525233	10.747146	-0.027653	-11.858870	21.029877	
-11.901146	20.093011	-22.950595	-13.231104	19.328642	-18.614634	4.946122	9.116407	-3.868275	-5.474621	-5.473667	7.022155	11.178577	-2.972094	0.420995	-18.541636	7.543296	-11.185255	20.875536	11.583687	-5.702064	-6.087915	8.718461	-5.133713	-4.563602	19.110137	-20.540471	-4.896227	-4.314027	-12.840954	-10.053896	19.209282	22.686351	19.548310	21.710074	-7.012335	-0.488043	19.045370	12.688269	-17.613164	-3.134714	-2.007379	14.498663	19.866153	-0.456782	-18.667888	14.890748	-1.779384	14.591021	-6.534137	
-3.837784	11.924275	18.373363	10.849031	17.645939	-10.374416	4.423766	7.260961	14.180359	-14.018878	5.134299	15.848185	-6.623028	6.204005	-5.476667	4.661991	17.696598	-1.312048	11.820119	9.291028	11.070308	13.129303	-14.961781	-16.158856	2.184675	-10.988775	4.146824	-8.068017	-18.035347	12.676202	15.301956	-9.949203	14.932487	-11.740691	-2.523696	-9.037346	18.283687	-17.620317	-9.496195	-14.278495	11.075721	-13.399734	5.892619	-13.765785	-10.474072	20.433239	5.736684	18.239978	-17.052938	-5.448698	
11.456064	-17.506920	22.389515	12.767702	-14.351926	-22.222590	-22.284180	-17.873789	8.114625	5.401955	-10.724830	-7.850448	16.318619	5.598639	-17.851810	-1.402532	-13.969899	-6.724608	19.117184	-15.717995	-8.782246	14.884706	-21.609299	-10.069484	7.106874	16.754887	6.628708	4.186632	-9.190194	0.856186	-12.709475	-4.387381	-21.709212	15.949529	1.909104	10.764901	-9.617126	-10.485485	-16.082836	4.670974	19.557069	-13.246437	-5.290602	-14.267848	8.493293	18.452192	-14.762857	12.675984	0.676712	-17.100428	
-8.081158	23.105243	5.025027	-3.968468	8.061502	-20.396580	-23.961627	25.281688	-13.452854	-0.572082	-13.844638	0.080029	-22.516606	22.229567	-4.511581	9.566958	16.470587	10.265559	-21.712853	-9.760730	20.234510	24.676360	7.225492	-5.135849	-6.037334	11.188402	20.330660	-1.589806	3.440161	9.390154	5.898884	-24.294963	1.749117	25.129499	-0.539642	16.989051	10.264609	-2.653451	-26.083329	-8.385010	-15.667221	1.269706	-8.091663	-6.857614	-15.965605	21.940628	19.909248	-13.696635	9.551418	-15.139394	
-1.029867	-9.206272	15.995596	-2.169264	7.737385	26.838009	-6.911453	6.738093	-22.993489	20.374755	-8.427524	-25.201644	17.714567	16.463901	-18.563335	16.996805	21.800290	20.606155	-3.173182	-6.754298	-9.204766	15.670522	9.740295	0.284367	-17.888384	-8.804112	-22.373865	24.240872	-0.060369	-17.117809	-21.985614	7.681618	-15.090951	-22.907652	20.785793	11.690121	-22.035122	0.504154	-13.232608	16.308685	19.129487	-26.356550	4.053403	-9.450892	-2.650638	-2.252498	19.490925	26.967305	16.268532	18.626951	
24.925359	14.804858	-11.560721	-20.745409	8.859429	-4.840745	-10.342566	-6.770994	-1.469982	23.106747	-7.462978	8.073246	19.983105	25.561492	6.332284	16.826324	-0.446323	3.621103	-13.800586	-1.807460	-4.693382	-8.846880	11.575446	8.834688	9.103283	-6.886010	25.244570	20.248977	19.270774	2.657584	23.362516	-21.555392	-21.143407	-0.742961	-24.378592	15.251714	24.573341	-11.622739	20.104712	22.955455	23.672423	-25.947556	-13.131468	13.475925	4.020043	-7.946403	-9.805346	18.398306	21.815346	-16.098952	
-21.674472	14.652935	-16.200233	14.371426	16.409124	0.150554	13.176740	-5.170496	-13.071531	6.594647	-1.420369	-13.342673	-15.755737	-21.580329	-6.782168	12.864529	9.240400	12.568940	-1.309686	-22.237360	-5.613549	11.570142	-7.687813	-2.401988	0.660467	-19.260671	9.205317	9.643397	-11.234852	-14.514729	19.760218	16.110288	6.798529	-19.281904	11.720979	-0.062470	-13.322399	-21.350935	-0.578221	-8.507766	-16.899844	16.492420	-4.920408	8.836252	0.403568	-0.577008	9.799761	5.035122	0.609303	-16.113416	
4.878459	-3.337391	6.369777	12.036463	-3.267563	7.178172	-14.114977	9.308679	-10.086657	2.131776	20.811781	-10.395136	15.239850	-9.580883	6.179612	-19.216951	7.077515	-0.232837	9.174927	15.682983	18.603058	19.842702	-5.903318	-15.338525	-8.795575	1.026222	-20.303520	-14.496463	-20.008468	5.370637	18.205847	13.168660	-9.159907	-21.932495	-2.787192	6.112293	-21.173003	22.478900	8.457490	-16.977472	-11.155236	8.799786	-23.935730	21.647092	4.396018	5.804353	-10.558756	6.400345	12.558079	-14.885571	
11.587579	16.969000	-12.743082	19.165977	21.130012	0.973066	-21.715377	-11.184238	1.039283	-3.409038	-18.158568	-18.644295	-16.848591	8.295985	-8.392363	7.926645	8.989922	9.210200	20.144111	17.669650	17.034569	-8.831475	-19.809386	11.402571	15.959858	10.615764	16.100810	20.575428	20.567393	6.305768	-14.522198	-4.264373	10.466167	-21.561055	-13.493434	18.726964	-20.476697	-15.072624	-2.669379	-20.784893	-4.935427	-9.523911	-16.287502	-3.225523	-1.278279	3.646802	-9.945643	-0.515100	16.413578	0.794336	
-15.313818	-13.769813	-2.230411	25.598496	-6.481615	1.865742	-16.387117	22.722962	-7.772373	-3.578483	14.127274	-12.125790	-2.677837	-6.751070	21.056189	11.699683	19.082479	-4.747718	12.978479	15.931623	25.886311	-13.089054	-20.232462	-19.875269	-24.580260	1.400106	-9.802998	-15.248057	-23.800005	-12.334883	-22.947685	13.999512	-9.075508	16.733495	18.907226	17.772214	-17.731155	-1.541439	13.525149	18.416025	-25.437259	-2.592272	-9.746745	6.544830	6.570039	4.208978	5.521167	-4.588347	-25.849417	12.532995	
8.865720	1.893773	-4.601926	6.334236	11.139970	18.805665	21.931023	-12.768961	-16.347948	8.251087	9.184151	-11.399666	-23.605380	2.774314	21.594549	-24.855061	-24.305498	21.938347	-21.349358	-13.642265	15.563519	13.886379	0.540636	-19.542811	-6.773655	-0.747268	-13.887954	19.624601	15.615824	9.320694	22.602025	5.032087	20.978395	-4.944266	-22.492158	16.912145	-24.535550	16.129367	-14.486533	-14.142470	9.384356	22.777181	-8.147393	-3.607142	-14.487298	2.623038	-12.092971	-7.794355	-23.463304	-17.948650	
0.646638	-10.389043	9.774972	10.428173	-19.260479	-3.560657	-13.325841	6.808226	-20.244824	-4.279888	-9.335809	5.990656	24.949077	-8.772300	20.767311	10.907925	8.551553	-25.542896	-20.117785	14.299929	-3.278114	-8.584922	-22.574945	-22.675950	21.845332	-25.864741	7.083916	21.150302	-8.177278	11.606666	19.281558	-1.320307	12.516707	0.570888	24.407088	4.312366	-18.007424	-16.931988	19.355116	13.111892	-11.784077	14.448065	-2.545697	-17.553486	25.539404	-15.614132	19.566089	-19.229639	23.012924	1.232305	
20.884569	-3.140899	-4.307826	0.732229	-8.754588	6.737146	-8.055164	-11.311921	-1.545816	4.689015	-10.411586	8.574144	-9.394068	-5.020749	-2.675145	-0.933404	-13.816239	16.196047	16.346297	-2.352090	3.125907	16.091119	-6.720957	19.398165	6.684212	0.911423	8.421241	-1.782478	-0.307717	12.166349	6.541458	18.365937	3.219109	2.617194	12.629494	21.877006	15.763386	-9.501622	5.394114	-3.813600	-0.626995	19.272249	18.394462	-9.733199	20.810949	-6.595370	-19.982288	1.498431	20.781998	-15.515413	
-8.886134	-1.200936	19.492757	5.167711	-16.969805	0.698750	17.472405	-19.646400	17.318378	-8.013849	-14.305370	8.072774	4.807826	13.088546	3.474079	13.380683	-16.462464	-16.908887	3.999089	1.200539	-14.226291	3.072093	-11.763967	-9.588015	-15.175444	-14.321422	-18.173139	17.223752	13.438702	-15.146623	0.163804	-5.363429	14.883066	-18.131554	18.633798	-8.692839	15.420001	-18.826891	6.635950	-4.871707	-13.444747	1.630721	-8.809793	-7.596915	-13.457475	-11.283824	1.383756	12.491040	9.980798	16.754542	
-23.236045	11.294698	-15.517183	-26.036595	-0.046791	-26.222310	-7.313062	24.218474	16.141626	7.363163	15.016478	4.303277	-19.778370	-20.821506	14.127985	-6.594733	18.614034	-23.831341	9.528059	-25.885229	23.254928	27.232399	-21.532576	15.348609	1.649164	-13.208836	17.621709	-5.848679	2.313679	17.251449	-25.138989	-24.403116	15.760827	-4.090084	15.634925	22.937421	20.396015	-12.537699	-2.838414	17.489452	10.972005	-21.042376	20.290525	9.935303	-10.390695	-12.170825	-4.185937	-17.641688	-5.288399	-24.764750	
14.451775	19.811775	-14.100738	20.057497	-21.860101	-14.664758	11.778608	5.250134	0.632528	-16.900905	-19.200850	-11.924373	15.432389	12.128271	-10.673993	-10.875871	2.847009	8.548250	-20.651927	-3.753000	21.099795	-16.451209	17.665560	-21.816420	-9.041839	3.138789	-17.346996	10.521483	18.700337	-5.406643	13.540450	-11.548774	18.189327	-21.284602	-21.510866	-13.806351	-7.501508	-12.289164	-7.927094	10.282972	-9.378474	6.453260	20.890928	-5.186504	-0.321339	1.357223	2.633969	7.859187	13.708334	-17.560376	
-22.382909	-26.946083	16.543262	-1.671875	13.492553	0.442063	2.535537	26.585417	2.203184	0.024126	-20.599640	21.939415	-20.593876	-13.358910	-7.622294	-11.602786	10.986418	-26.237552	-8.976972	14.504474	17.420497	-19.446080	7.916132	10.117045	4.230444	-19.869489	7.771256	0.021614	-1.966236	-7.030955	-13.076282	-12.582828	7.698017	19.399056	-16.564556	-2.530073	11.701301	-24.922200	-2.736288	2.128446	-15.547237	-2.270606	19.725451	-19.680649	-16.229852	4.582518	1.678896	-7.745030	-27.929009	19.475926	
26.645871	-2.010732	17.541897	-7.512171	-20.285505	-6.866689	4.218567	-8.270791	-0.184255	1.964220	10.732338	-26.602670	-13.880601	22.986030	3.533202	-24.768927	26.920381	-2.682595	8.799836	-13.709818	3.325414	-12.070174	-21.112061	-5.583302	-6.707738	-11.585812	-21.767208	-8.062548	-11.220998	12.972096	-23.188447	-23.896860	-1.007040	-11.654860	-20.385621	17.198411	13.836773	-18.585464	16.549923	14.777113	-3.347518	-14.819488	12.070223	21.860123	-16.745242	4.845975	11.427303	-25.546672	19.668612	6.817685	
12.114655	20.113734	-8.494562	25.031521	15.963698	22.186123	5.692831	23.576360	-6.604804	-24.902387	25.041281	-23.239028	-11.957805	-25.782178	-11.125570	21.543722	-14.792548	4.011322	24.234128	2.697724	-9.890112	19.462615	-17.818463	-19.674533	17.096572	3.068437	13.067301	-16.283651	18.572659	2.639159	19.008041	19.447903	-1.948291	-16.068591	10.327220	19.059837	2.035612	-17.423231	5.455132	12.043828	-14.076138	23.160229	-20.684550	-8.569831	-15.139411	-12.265058	-17.268408	22.259991	-23.701616	-19.883138	
24.927055	22.480349	19.988496	-0.580242	21.014871	-11.541567	21.601156	24.317931	-24.788566	-20.970360	7.196695	7.757666	-0.820342	-10.678598	2.097105	-10.069880	-16.301704	20.246102	13.816868	-5.334232	0.189219	-19.903341	7.942535	18.015851	10.701793	8.447529	7.810115	-18.249384	23.151334	-24.472767	9.110471	-19.319598	-2.912395	-15.170210	-23.560220	14.365271	-20.505544	-23.167826	-7.590668	-11.477879	1.662415	20.179732	5.425853	-1.336122	-10.254730	-12.353439	1.951056	14.576832	12.140433	-4.206532	
16.341296	-15.135032	6.767172	-2.033539	21.410437	12.617556	22.656577	17.866168	-12.359497	-22.289067	-15.591178	16.643963	11.570189	5.306651	17.239741	-21.239014	5.570540	-3.812747	0.110382	10.003549	-7.935215	22.149486	-0.597548	22.141232	-11.817198	22.312202	-22.625940	6.153036	-10.658973	14.913992	20.481854	-12.400761	-15.194753	-0.347037	-18.631137	-13.586396	-18.843032	-5.228422	17.725930	-16.840165	18.761310	-3.043326	-1.421380	18.866163	-16.983246	-0.804701	10.102871	-22.312763	2.882423	-15.973007	
-4.111074	-6.507912	-0.953123	18.792551	-14.479081	12.735968	11.281730	9.089531	15.457843	-2.161869	7.471565	19.332916	2.152424	12.175798	16.066073	-24.805646	-17.775798	15.887038	-7.664880	12.845755	22.178696	13.447867	4.623444	-13.538421	24.988571	-21.176116	-21.684951	1.720723	7.651330	17.282697	-4.379083	-5.344107	-0.749133	15.323626	13.302791	12.288276	23.455722	-9.991569	7.741095	-15.799113	-19.697684	-23.874864	9.413829	4.655436	-7.715640	-2.751537	2.096304	-14.150805	11.683531	5.982912	
-16.475785	12.135474	-10.221512	-20.079141	7.183885	-14.661711	18.794928	12.024205	-18.928230	19.652817	-5.514501	-2.215046	19.080657	-15.753514	-16.134668	-12.574367	19.030906	15.371882	16.394010	20.484265	0.000131	1.469843	10.274018	3.467139	-12.824118	-2.308905	9.561791	-15.226466	12.084649	-7.513917	-3.165943	7.708095	4.418204	17.402202	-4.571950	-8.738926	-8.493939	4.982708	-9.230225	17.449058	16.534139	20.617456	-2.447744	7.446480	-2.509017	7.145897	-9.893628	7.278419	-9.316941	-18.632783	
30.645779	14.389109	2.220033	4.453199	-25.343478	10.416929	-5.642361	13.743696	3.615181	30.771323	-25.076328	2.850506	-4.531509	15.148821	-9.688694	12.239969	29.024360	12.097811	22.538823	-12.772183	15.493541	-19.414340	-20.324688	23.374630	0.282236	-20.125361	-11.738955	15.165509	-2.419222	24.172268	-18.277327	-10.924819	-7.228605	-21.580023	13.597590	-18.401268	10.024998	-20.402819	-2.569011	-11.968884	16.649669	26.655789	-3.976563	8.205540	12.688333	21.015909	26.598175	-11.745487	-11.183604	-10.539735	
-9.153399	-7.016898	-11.631491	-2.440790	13.998522	-9.813035	-7.063402	2.243800	3.574334	6.962184	16.883641	1.262563	3.773520	16.699944	16.239565	2.304667	7.156433	-12.173325	-16.605036	-2.967519	-14.261557	-17.315350	0.212876	-12.236884	10.993738	-17.155404	-8.695457	11.270376	-2.677869	7.198455	5.195559	0.479322	15.325145	-10.648435	-10.279925	-17.307572	2.614976	-4.838786	17.325792	-17.958642	16.162941	0.728260	-16.889528	1.458856	-5.439242	-11.753324	5.901363	9.991780	17.641140	-9.663377	
1.925952	-32.397443	-17.375630	4.304148	-19.789918	-1.022555	3.620971	26.561262	-20.120181	22.247578	-6.925390	-22.478141	-23.456351	-32.173205	-25.033166	32.525640	-2.988958	29.274540	-16.488142	31.335668	17.917458	-2.839570	-3.907600	11.316034	11.165191	-4.999346	-20.439808	-6.502195	-7.208590	-17.689168	-18.168054	28.722963	6.408456	-25.024298	-26.266478	-31.633491	3.311956	6.550212	13.406887	-18.706420	-6.136450	1.356731	25.444121	10.711788	-1.022492	30.510057	30.172095	-29.867039	3.210257	17.324990	
-10.836432	14.507366	-18.415139	-7.030976	18.906301	-10.680150	-12.346519	-10.182745	17.246451	5.578820	15.477404	-2.865206	-16.285172	15.422699	1.546084	15.393669	4.353744	-0.162278	7.512426	6.503564	-3.388394	-19.437546	0.512415	13.555007	-9.919875	-17.222861	19.097498	-9.237509	19.386658	-1.869527	-9.646149	14.437521	-9.021332	15.912584	-9.730132	14.887180	-0.612632	17.030589	19.116106	-0.718863	11.828326	-16.709882	18.196083	12.426727	-12.747018	15.626993	-3.942493	7.254425	9.364447	-8.281154	
12.435271	-5.096198	-9.832029	-16.946955	7.303620	-9.903583	-14.732414	-2.991093	-8.171738	-0.497579	-8.855656	10.023912	6.515816	3.427541	7.951586	-7.406785	-12.433015	12.909687	0.021625	-6.838461	-15.113362	-12.057179	0.986159	16.707372	8.569653	-1.494538	1.844864	-5.096745	11.271860	2.059835	14.931168	11.911834	13.853481	0.551080	9.396039	-2.134655	13.455152	6.413845	-6.790205	13.131320	-5.776999	-11.555569	-2.928658	-5.237566	12.856041	-3.365661	5.215537	-5.920110	11.080578	-6.705874	
-17.274604	-16.725967	26.437317	-6.021196	21.125269	12.214485	-8.076889	14.819712	17.800217	-16.862368	-3.808193	-20.944210	-18.581227	-13.891036	-5.138804	-17.421079	-11.696718	26.734931	-8.716390	-25.709938	12.176421	14.422562	-25.685683	10.419536	-1.415105	18.822245	-7.823873	-9.513417	6.812735	-1.249534	-11.553528	-24.630352	1.322503	-20.411124	-11.044280	-8.655094	0.593481	-22.489148	11.052165	-5.876823	-16.559400	23.846200	25.487559	12.060012	-13.801582	-13.960663	-6.965588	16.228294	20.397910	-14.751680	
-24.044313	10.741386	-13.631391	4.704264	20.275645	1.862252	23.664715	23.950648	-4.941256	13.709979	-21.158778	0.610680	14.176993	21.772615	12.387445	-15.071500	20.260483	-16.698834	-9.869766	13.163622	-16.995222	11.721548	-0.667187	-15.599578	19.046753	-13.633861	14.745565	-11.991514	-24.030291	12.581608	-17.375203	-14.152004	-4.324208	5.462412	14.946069	-2.708388	7.325624	22.139430	10.013341	0.686829	4.373340	4.826238	14.138518	-17.788529	-12.497097	3.289036	-4.922024	-7.883163	24.030262	-9.134383	
-12.183528	0.753694	14.734443	-5.159084	-20.925266	-19.681461	-11.643015	11.369400	-17.966871	-23.839835	17.528562	-20.225451	-0.148040	-1.644181	-7.127994	-25.676730	20.314210	-12.021010	25.342512	10.756079	-2.850542	-3.982044	0.114318	-25.424427	12.515075	11.705885	13.622769	-11.775905	-20.219370	-8.439746	-12.353808	13.238488	-21.362812	-13.950707	24.452913	10.744792	21.588052	-16.395768	-19.187442	-4.899913	-10.272123	24.210283	5.983636	-25.576644	-20.902567	-16.871449	-6.312480	3.672159	9.365688	-16.952696	
-18.973537	24.689913	-18.939201	-17.707192	-25.597822	-16.071641	11.870217	1.493666	21.452011	-13.652572	12.992823	-11.768198	-12.276324	-14.102529	10.804800	10.882607	-22.708021	-0.573400	15.302702	21.029100	3.374352	8.045330	26.431704	-22.826282	15.564314	-20.044326	12.304434	26.881511	-19.809765	22.049946	26.663693	18.576838	5.449289	24.240721	-6.939693	23.516349	21.451954	12.375930	11.817225	23.281655	-20.683612	-15.808926	8.775802	-3.564628	20.387390	-15.115740	-0.620267	3.591441	-13.055378	24.863995	
19.217282	-5.483034	-12.750872	20.212424	-10.993593	7.651670	13.508110	20.570569	18.158727	-8.135967	4.787546	7.063731	1.811151	14.950879	-8.845296	4.437522	-10.728515	19.150221	17.129990	-7.737135	-0.756888	2.343828	2.688273	1.311953	11.855620	9.941714	14.252927	2.247493	-13.345004	10.078063	19.100723	-13.042402	19.348539	4.458187	-16.227982	-14.946054	-13.033989	-16.109910	0.372516	-9.873460	-7.995219	15.734216	-12.568378	-11.757668	4.029340	-6.650586	16.076338	-17.387778	0.921468	-6.414451	
4.492846	-9.924160	-17.663561	12.578461	10.479757	-17.885181	-10.945928	-11.478258	16.971286	-5.879283	15.279904	-6.618413	-4.447768	-12.203421	21.807011	-0.718419	7.062184	14.051231	-5.293575	17.708918	13.460247	-1.982308	10.379657	11.938935	-2.781103	11.167041	14.436228	8.187796	-11.567986	-13.376546	-0.733266	-2.983832	17.531015	-3.893509	-9.753048	16.946967	-0.216557	17.520593	0.807775	-16.169409	21.552532	-6.105519	-12.548400	19.684831	-8.853200	3.014393	-13.853091	-3.391866	14.128911	-16.459469	
12.673742	4.898655	25.820379	10.104837	24.593796	-1.143657	11.401416	-16.392856	-25.545445	20.729599	1.525562	10.228194	-10.826437	4.739472	-0.982487	-15.983808	4.850978	6.232470	25.087621	-22.395654	-6.818397	22.375679	-18.414627	-6.779758	9.954859	-2.745963	4.034134	3.119791	-2.755711	7.606735	3.429339	-5.399509	-20.227892	16.864318	-17.351529	21.269622	0.319545	24.040470	14.158481	-19.619346	-6.774713	-18.293446	-6.373035	2.932741	-10.103069	2.250868	10.238324	-12.340547	11.591844	-26.630313	
15.484649	2.502257	7.909706	3.232553	-8.257608	17.867790	-10.595200	19.364659	7.241255	9.808261	17.584603	-10.663958	6.062826	3.488936	-13.077390	-3.416977	-4.452129	-18.209905	-19.499877	-12.277679	1.899010	11.182930	2.236743	-18.229710	19.620652	-13.093271	-2.263181	6.380605	13.880991	-3.745106	18.407457	-2.610187	8.119036	20.636752	3.046776	12.995602	-18.238776	-6.789708	-9.920681	0.319976	-9.009186	-10.009435	1.196870	-5.733240	-8.951385	18.972048	-6.756309	8.948174	1.735671	-20.163056	
19.455362	-22.066531	-20.632435	-21.414823	15.745875	-11.972916	4.153463	14.333640	-0.195682	-12.567305	-11.597087	-19.882138	3.152889	15.557050	12.662539	20.580117	-3.294152	-1.544050	-5.665514	-22.312217	-5.269733	19.348656	12.442263	16.221157	17.274470	7.470294	10.226990	-3.088783	9.475695	-14.525073	21.277553	7.839929	-19.908529	19.028031	19.451891	14.975582	19.587594	-16.454958	-15.195983	16.654672	-19.873448	-18.592751	-21.802972	3.110409	-17.694935	-18.489389	11.562696	4.991980	21.114090	21.572775	
-6.370939	8.226309	1.475996	-17.528281	-0.709891	17.379153	17.279896	-17.293247	13.000938	15.686508	-3.002739	16.168658	15.820412	10.407496	2.339202	-2.792155	-16.233832	-6.884933	-7.499978	-16.298846	-2.922292	-19.212071	4.173785	-6.595922	13.883963	19.609191	16.709232	16.387844	-4.477881	-18.246296	-16.407511	-11.404458	-17.020573	-11.331623	18.593077	0.118467	7.022211	-19.239603	-18.636114	-13.850165	-0.479696	11.904425	16.317390	-6.828457	8.983392	-3.234288	-4.080068	17.245959	-19.081748	-17.005166	
19.476318	-11.208876	-23.374081	9.434049	-14.126275	-23.011889	-22.052450	14.108362	5.922021	-29.889740	11.132021	-23.966818	-19.613635	14.199777	-25.529182	-27.356245	14.882663	-27.770459	-19.589322	10.818647	-10.235751	-14.479406	17.557018	27.729699	-3.167313	-12.352896	8.973891	9.308099	2.672746	28.313379	10.193097	17.889296	-7.053007	-0.382626	-10.930459	-17.654776	23.855633	15.067670	25.369196	15.198741	14.562209	18.134950	-24.418952	-21.150726	-4.058961	24.548213	29.049815	25.381403	-17.717313	-11.713490	
3.071750	-9.926055	-18.848089	-14.294382	2.597295	-18.288998	-1.258494	-8.926346	-20.916061	11.593391	5.686854	-5.033792	-20.865978	0.260803	15.970029	-1.676585	13.177806	21.148026	12.288775	7.814878	-16.174616	17.924087	-11.453068	16.761325	14.757850	20.777619	3.636677	-11.856621	-18.486461	10.322833	12.858097	20.424548	-13.216665	20.918881	22.699649	22.443567	-3.723071	-6.363924	1.464309	-12.885833	-9.129590	-13.176053	7.945440	-4.834927	18.915104	-2.557533	18.727740	-14.354561	-7.132016	-5.302046	
-0.145901	4.061573	12.574546	-13.814327	-4.403188	-4.770964	-4.462273	20.448652	-8.890991	-3.500773	-3.273191	-17.603867	-2.383059	5.578045	-5.964272	19.767508	-11.132022	7.905017	12.105822	14.298054	-10.898561	6.648597	-16.669536	11.399981	-0.932874	12.985177	-3.851282	-14.302169	-15.336186	-16.243762	-16.668991	18.291503	-0.247931	12.613031	-13.713104	18.390713	20.018733	-15.564493	1.212097	-5.289628	-18.933995	17.014661	2.776735	-0.575197	3.045681	6.380626	-13.318699	19.846509	14.212983	-12.640828	
-13.424295	19.164782	-3.216418	-9.162964	-19.411876	-21.259597	1.385412	20.144903	-12.900108	-17.031302	2.205114	21.923118	26.505645	6.658057	17.314834	18.092180	-4.490449	16.365014	-24.282192	-25.768149	-21.848382	-0.129797	3.473312	3.712736	-25.160473	-5.292916	15.423942	-9.119153	26.088523	-23.460853	-16.136726	15.229249	-4.019573	-4.452425	-11.143098	-7.526038	-1.587162	2.580303	13.078784	14.882828	-14.442355	19.473006	24.912482	-8.787867	18.207477	8.219118	7.603523	4.192885	21.176289	-10.459525	
10.179399	-14.761201	5.580678	-19.102820	17.880505	11.295126	11.344795	15.376156	-23.904150	21.318427	15.546920	-1.933294	19.866716	-17.095764	2.824440	16.481127	-18.890078	19.947680	13.731096	18.872552	13.651323	21.364370	16.749540	-14.367298	1.689789	-12.785989	-12.749542	17.763628	18.266498	-4.685508	20.884729	-22.074572	13.537081	18.270187	14.416877	-21.501838	6.860767	-24.146399	5.221099	24.189540	11.324427	-16.821567	-1.132793	-3.635237	22.985983	7.052474	-14.457738	-1.082788	22.182041	7.334551	
20.508468	-14.184036	6.910172	25.744176	22.445458	7.291318	22.755408	-10.986304	-24.379516	23.185209	-23.768758	-6.039162	-13.694508	-13.900060	-12.721603	-14.215052	-17.382245	16.863157	24.447934	-17.304871	-20.457389	-20.571664	1.867987	-22.434235	-1.612501	4.984164	-3.604599	-18.587191	-0.555636	-16.273858	7.150257	2.418748	-14.035614	21.920157	-16.410225	-8.991455	14.097706	-20.346372	23.394472	17.033970	-21.004604	-19.327062	8.620645	-3.232668	-22.215142	-7.590373	-15.108689	21.183053	21.571612	-14.971797	
-2.530574	23.729044	27.364739	-13.053665	-9.667105	-6.009658	4.493263	-17.596262	-18.442060	0.195850	-20.991399	-0.318467	21.811845	7.382090	-17.758823	19.252728	23.066239	-16.712562	-3.698523	25.963982	-26.331230	21.883079	0.275084	-14.784653	-9.198484	8.527577	-10.789209	-17.753512	-8.545837	1.527592	9.807108	-24.778384	-26.909203	-21.375842	21.653744	11.926672	-10.666480	-9.102540	-14.940540	-20.041597	-12.811949	26.948579	-7.811560	6.438394	-21.434130	-8.676623	24.859927	-28.393217	-27.343650	-18.024182	
-9.866601	-8.024953	11.713484	-21.556806	7.908839	9.365034	-7.543928	5.974097	-19.565713	-3.316023	17.380944	15.168652	9.062430	23.535552	-10.466268	13.124114	-21.938489	17.965958	-10.235483	-2.204818	-10.738857	-13.926992	-19.341566	19.992958	8.118678	3.560473	-17.465116	-2.333372	19.070725	-9.770302	-19.476805	-19.663394	15.514659	13.300305	-22.774724	19.019808	20.546107	-0.261584	-8.247927	-21.375792	2.672053	-1.690301	1.696842	18.315073	-3.348364	4.616597	18.532741	-4.638243	-5.603127	-1.276446	
14.843800	8.806071	-21.320372	21.014968	-22.163268	-20.697380	-12.135960	-6.140940	20.866960	11.925964	11.094591	24.234317	8.226717	12.572372	22.483986	6.155953	16.928453	-12.638015	-8.409767	12.230125	-20.125709	22.964162	-16.158615	-24.863445	5.371799	-8.531297	1.010963	-15.912807	-26.225571	19.211484	26.173409	-5.537239	11.980834	-24.009330	26.464224	-15.415696	20.581997	-9.297180	-20.533405	11.881519	-25.848938	11.975487	-24.288886	11.221369	-5.502361	-7.858729	-21.974059	-5.245879	-0.040012	-2.785774	
11.229496	9.053956	-0.206016	-13.253573	-2.519447	19.556003	-7.282300	6.626170	-16.403702	1.292574	1.519598	-21.818102	-21.499749	-16.495784	-20.057063	-2.242449	18.899083	-14.782846	-3.501824	-13.042129	-11.485649	-16.011917	21.677717	-4.489496	21.132747	20.722798	-19.817901	-4.388736	-9.359391	15.737872	-8.135024	18.947152	-3.359750	10.248346	21.990711	6.169058	15.982701	8.282477	-13.066639	-7.336762	-21.481411	2.109699	-9.148697	-9.679981	5.036076	16.403586	-13.269041	5.755320	0.915855	-6.169798	
-28.381516	28.925270	-12.740067	-8.463544	28.020469	-7.057159	-11.672295	-9.710291	8.182275	-21.170364	-14.652372	-30.666924	16.031356	-7.463254	16.328935	19.129185	-3.261441	-21.700405	-13.434408	12.727436	16.836920	31.803607	8.653275	-19.815311	-22.890003	-9.546495	-24.330415	15.053482	-17.660137	2.051772	14.147241	-2.949628	10.315081	-12.914259	-11.259507	10.352292	4.876763	26.115997	30.247149	19.591077	27.487765	23.120349	29.461365	-27.678533	19.309900	19.867130	-30.214157	24.441764	12.114691	23.628489	
18.482576	-13.801808	-4.544832	12.829062	15.926705	-0.795100	-11.750948	8.800336	11.066448	25.063062	-17.162767	18.373867	7.621154	-24.992490	0.039810	-6.060919	-19.974749	18.641737	13.352906	-11.054174	8.267318	-17.810885	16.704601	-1.417027	11.402290	-1.563263	3.214625	-23.283618	1.784449	-2.498117	2.571216	-12.607643	-4.134954	-8.074667	-2.834375	-26.546924	27.294933	24.041295	26.555023	4.058955	-14.390692	4.734904	-2.922256	10.643685	17.985105	11.400873	-16.367152	2.228833	17.113544	16.922114	
-7.783857	3.333397	19.126352	12.042355	-13.180579	-2.237029	18.258623	14.515314	6.382344	-14.232954	14.392881	-19.346763	-0.964129	-18.118475	-20.521483	-10.761209	-19.053809	16.970357	11.481198	-9.268273	6.001971	-26.084185	17.657700	-19.632173	5.033143	-17.622791	11.181777	21.052046	6.511117	3.075339	-24.610741	-25.453713	-2.723077	16.816486	-11.458121	6.080084	2.940519	25.322551	24.702391	-26.458526	-22.442389	-4.409671	-11.001995	-16.434657	17.099410	-14.127513	-20.677247	-14.214665	5.556253	17.712369	
4.049032	-17.818824	-24.266041	24.601245	-22.467180	5.435249	-11.546472	-12.625264	10.603244	19.060419	3.107752	19.812079	-3.653290	-3.406755	15.293537	-16.714817	-21.845874	-0.484540	-0.700253	6.420288	-2.791721	-3.897289	18.920365	-20.551074	19.507550	6.491300	22.512699	4.275143	14.679907	-15.712023	-16.147470	3.548080	21.347023	22.684229	19.336705	-14.268488	24.452320	15.792555	-3.788439	-10.647692	-13.226417	18.076274	-5.001800	5.861100	-24.284030	11.046473	2.052684	-20.185497	-6.389834	16.575785	
-25.371120	18.246555	20.829542	4.847809	-25.161819	-17.635744	-11.537147	-23.380710	-23.905768	21.382048	5.852637	26.251579	12.855340	1.552808	12.988907	-19.193442	-3.677085	-10.629612	20.882447	-13.478568	-22.902525	-9.849599	-17.250823	17.552490	-18.310450	-13.630360	-4.055944	10.056057	14.093550	-12.802282	-3.649614	-2.971097	-8.298814	22.539069	-22.279475	-15.685157	-22.413045	4.748059	9.964564	10.161671	-22.858428	-10.231990	-26.487451	3.399669	20.537093	-14.347293	8.361224	19.249088	14.596814	-1.897276	
16.842301	25.030344	-17.474223	5.951389	1.397008	22.347171	0.059815	-23.016753	7.871811	-15.145023	-14.351184	-21.645286	-8.072844	18.399833	-3.784654	-1.617368	7.517197	-6.504382	-4.795648	0.093068	-13.568617	-16.753545	10.800686	1.157007	-0.930106	-3.760715	-5.962965	24.651540	24.795684	2.927853	22.802094	8.939038	-17.362526	24.404420	-7.667843	18.820168	-20.766671	14.987845	-7.196963	-4.086907	-4.695853	10.298509	4.948780	13.462611	3.869865	-20.371622	-24.368554	-2.815293	25.413058	-9.223737	
-15.958601	-11.762635	-3.519055	18.935288	7.813977	9.636707	11.724927	-11.333902	-18.132847	10.117566	2.368614	-3.864700	14.136786	6.053853	19.186410	-10.394941	-19.277135	19.136013	-8.379045	17.194314	-10.278199	0.205909	6.919277	14.570221	-1.731011	-3.008458	9.877950	16.778283	-4.131743	18.151078	-8.809264	-3.938623	9.630872	15.694937	9.054145	11.178195	2.450990	13.952951	12.478088	-5.735307	-18.373642	-8.972447	17.425770	7.390191	4.958946	16.566787	-19.031580	-19.380773	-6.234696	18.379818	
20.825503	-12.386763	-12.887125	1.426850	19.708936	-13.185807	-21.532272	1.742348	-0.834051	-17.644189	-8.578394	-12.629077	-7.506808	17.546412	-18.148684	-12.521429	9.708707	-0.232364	-3.925821	-4.552960	-5.976679	10.794238	-4.023625	-18.210311	-13.937568	4.340713	3.643390	17.537688	3.257883	20.007190	18.205666	-21.231035	0.430738	-21.930235	1.599466	21.422223	9.584686	10.334600	12.502169	1.691176	-5.656992	-7.567120	-7.338030	21.491132	12.978981	-3.348929	-9.504264	-4.568383	-12.802508	-7.663155	
21.860015	-0.251480	23.999732	13.405486	-17.446686	-3.423291	-23.620770	-17.715594	7.391253	-22.842673	-4.706906	17.370117	10.477263	-22.840559	6.578629	8.002765	24.093830	-3.707288	20.968086	24.342325	6.474523	1.542132	-24.699850	-1.687276	-13.373454	6.794278	11.350311	-0.334350	-22.845430	16.344697	-13.339154	-10.660309	14.679538	3.663069	-11.981466	-4.520301	3.199905	21.217388	6.849804	-19.651828	15.467240	-1.794397	-20.705397	-1.718858	9.023390	17.237388	-8.579456	-17.492737	3.764459	-20.064727	
6.331787	11.587282	8.687827	-10.569068	11.982619	18.451172	-1.279457	-8.504595	14.283671	7.554745	-14.129589	18.912306	-3.600181	15.010624	-15.985191	-19.253249	-9.848481	-10.826584	6.507323	3.171973	-15.801777	-1.150857	-14.994493	-6.825454	15.401674	1.958227	-17.871399	0.797936	2.938425	-8.415171	-7.390950	-8.469128	17.280299	-5.086886	0.247221	0.471380	17.172996	-10.625661	-17.722661	-1.509676	-9.580175	-6.688202	-5.309361	15.761349	4.689700	-17.509355	-16.505265	-10.357812	1.447703	3.760394	
21.540812	-13.697304	6.172580	8.864486	0.362792	-8.741096	-18.440445	-23.996966	28.103578	-2.061985	21.851228	-8.961496	-19.352768	22.802312	-10.318216	-17.906191	27.641418	11.201099	20.655138	5.783779	19.835423	-29.333526	18.393755	-15.726453	-5.717632	25.503486	6.107785	-2.701986	-3.818645	-18.516143	7.134582	-2.303635	28.577902	-10.333187	8.021591	24.592088	-4.366957	5.887666	22.070410	30.592949	13.465399	-22.438448	15.234856	28.171942	-25.348294	-19.971962	21.480882	-24.160447	-10.732812	-4.151578	
-1.819989	3.019038	23.775032	18.485509	-7.706310	5.202815	20.318089	-11.735565	0.504045	14.606269	14.184338	15.423076	9.902667	17.978542	-16.437179	1.881283	13.718189	-3.360781	22.850567	22.452799	-1.423500	21.566393	-22.865408	-21.553868	-15.463170	-7.136351	14.066292	23.113326	-22.052661	-21.360030	7.885085	13.804182	1.948194	2.959858	16.418273	17.505073	-14.441630	9.872830	-7.806002	-0.169403	-14.703215	0.373242	-2.259504	-24.191454	-6.073031	14.676419	20.107575	1.569359	6.125004	20.469129	
-8.473490	13.151674	-14.588835	-19.353229	15.173325	18.242587	20.904937	-11.516385	12.434752	12.874565	-17.654186	-18.211653	2.145939	-13.348376	22.057367	21.453699	17.293260	-8.194328	-7.519521	2.189472	-1.853408	6.896979	23.180369	17.381630	7.012883	3.340550	11.816042	-23.250987	-12.051417	0.897413	-18.858587	-16.287492	-6.262689	-13.513890	0.062299	-3.334008	-13.951311	-7.683587	22.315527	-4.990034	15.533464	-8.714442	-21.092996	10.393383	-13.006264	-15.198319	-12.395339	15.078529	8.898571	-20.347899	
-3.085446	-0.598342	-10.342630	4.194179	-13.748293	-10.929870	17.733765	-14.352426	16.589207	-10.278230	-13.171379	-5.706403	9.249476	-15.365127	16.427374	3.838230	19.545203	11.401641	-0.329108	-13.541429	6.989249	-7.227520	-16.946550	-17.782845	10.785968	16.357330	-14.931527	-7.667752	-14.638823	-18.454440	1.709123	5.386074	7.682288	-5.839589	-9.364828	14.216738	13.607533	-15.567753	6.408239	9.042450	3.595339	16.057596	-18.525574	14.338612	-13.320689	4.872492	6.853974	-19.395244	16.369484	-10.633794	
-10.235410	-5.189110	15.597662	-11.890337	21.630951	0.525970	-2.659490	-9.327894	15.951979	8.054513	14.481613	5.452649	-23.116935	-19.678356	-6.743999	-3.786460	12.681145	13.493915	1.430570	-3.839545	12.892151	-16.808244	21.129740	17.238896	-7.362740	4.164743	2.766894	-8.068863	13.731207	-22.875775	-18.925527	-21.823055	-3.054842	7.077991	4.985971	-3.789487	0.622613	-16.923082	18.969620	6.028546	4.527964	3.049091	-6.189882	18.757936	-2.094639	15.225042	-12.521294	3.344440	-2.489534	22.917582	
-14.397495	-21.065549	6.731470	-20.792365	21.458208	-4.708697	3.060714	-0.240873	12.262133	6.408491	9.907275	16.136707	21.120644	-9.164555	-13.572741	-9.816985	4.134850	6.187962	-9.759209	7.044812	-4.563490	3.990258	18.379386	16.784132	12.638069	3.508207	7.370720	-9.927084	-1.276473	8.064168	14.748330	13.038394	-7.205005	13.144226	-14.314205	-2.570106	-0.957216	-16.635182	-11.579545	-22.089773	21.756289	18.155759	21.163959	6.854982	1.488490	-22.764219	-22.531739	9.473381	19.233235	-20.691429	
-14.238932	-21.057097	-21.317249	13.602399	20.614377	-0.248503	-0.899099	7.330734	12.269237	-7.438041	-0.934112	24.104718	23.075042	-20.344544	-1.757727	15.741601	6.712730	26.673947	-11.560274	8.859772	19.430059	24.815760	25.953757	-25.083310	17.952801	-16.892474	18.762664	27.853995	-1.763022	-23.074878	-11.183585	5.557486	-5.376992	17.522488	0.529823	-19.052288	25.408488	-11.217970	-4.354986	4.132264	-19.488222	-0.562182	5.841090	20.803530	-17.590742	7.944607	-8.442939	-27.544380	7.023300	-2.755170	
-7.521258	23.702035	7.466683	-16.304110	20.863193	-20.934816	1.560928	-13.731786	18.632733	22.475369	-16.587209	-20.839953	9.164501	24.052331	-26.910555	-0.391514	2.537000	17.414216	20.882248	-5.515451	-10.616484	24.720425	-8.038652	-25.369125	-24.426157	-5.439145	1.273291	13.721443	20.329088	0.998635	4.833318	4.713873	-4.571368	-17.668355	22.742376	16.191089	-2.052481	5.228818	-19.771757	-11.584912	-1.060634	-6.617491	-20.306669	17.889781	-24.198745	-25.243531	5.435340	19.118450	-15.135382	24.126736	
15.568382	-13.114613	18.550040	-19.708660	-5.529121	4.976201	3.937412	10.203525	-20.422292	-18.354159	0.786516	-16.981254	10.754998	-14.094652	12.844966	18.774461	18.884708	0.259486	11.992348	-4.055240	3.597193	20.420523	-4.725981	-12.487085	18.101379	-7.841847	-17.055717	-3.988259	-16.544105	-18.330217	-3.567672	13.230583	6.680475	1.706399	-1.616941	-0.457308	12.622229	3.623001	7.223438	-2.075444	1.568418	11.541479	6.768633	-15.404564	2.055311	-0.604609	5.377783	10.891285	10.144420	18.964237	
-13.210489	-7.606686	1.120464	-17.775442	14.367400	23.233135	-13.752394	-2.146141	-20.455489	-25.335605	-7.469482	15.447936	24.173331	-1.344709	-23.580066	-22.593491	21.123085	-22.573290	4.115292	10.277647	-10.431384	4.268762	24.629246	24.413456	-22.547461	7.734567	-20.336761	24.902119	19.101312	-22.500202	9.010439	-5.125648	19.759582	-2.638082	1.028904	5.080516	3.291901	-26.139489	5.089396	-10.572289	-0.559814	-17.356462	7.969107	-10.451774	-9.242339	25.299938	24.442627	-19.627745	-5.311712	7.520805	
0.032438	0.016717	0.028956	0.024076	0.010966	0.010088	0.003172	0.012578	0.035665	0.036427	0.038634	0.033214	0.019513	0.015848	0.033355	0.026788	0.018943	0.000404	0.002959	0.027830	0.016856	0.019335	0.017334	0.033198	0.007569	0.026844	0.005721	0.013594	0.019654	0.007004	0.017448	0.027465	0.039879	0.010911	0.012299	0.019162	0.012860	0.019358	0.015360	0.000911	0.034589	0.009188	0.033849	0.014410	0.038840	0.012473	0.005459	0.028041	0.022058	0.029759	
0.009270	0.013634	0.017076	0.008381	0.017258	0.036784	0.027770	0.034507	0.037451	0.013575	0.031230	0.027728	0.001656	0.016268	0.035048	0.018658	0.006424	0.008821	0.011654	0.009988	0.009576	0.015943	0.010870	0.010328	0.023199	0.030309	0.015270	0.003731	0.027567	0.035847	0.033812	0.008364	0.012943	0.031752	0.038576	0.012077	0.004126	0.031060	0.038381	0.019600	0.015943	0.030834	0.010171	0.005753	0.037691	0.025210	0.036816	0.007961	0.025519	0.007593	
0.011579	0.020120	0.007959	0.028742	0.008220	0.023308	0.031645	0.006702	0.037396	0.041283	0.016441	0.025713	0.009949	0.033675	0.009072	0.037235	0.035957	0.002193	0.019621	0.029099	0.002464	0.022144	0.020008	0.020896	0.029416	0.001245	0.020459	0.018699	0.029318	0.035907	0.006690	0.035155	0.007956	0.008629	0.026788	0.007647	0.009858	0.025212	0.025522	0.018332	0.024237	0.003904	0.028582	0.010929	0.004130	0.005055	0.035152	0.024414	0.041001	0.014343	
0.013266	0.036883	0.035970	0.007641	0.008932	0.028173	0.034807	0.005353	0.038227	0.035337	0.007649	0.031602	0.009849	0.028843	0.004680	0.022223	0.000658	0.021347	0.015011	0.008807	0.019590	0.001961	0.023267	0.013153	0.017370	0.012269	0.008062	0.036237	0.036479	0.013033	0.025321	0.000924	0.019962	0.028061	0.024383	0.013750	0.021312	0.018009	0.018386	0.002038	0.038174	0.023142	0.037754	0.015597	0.009206	0.025090	0.012841	0.034677	0.030016	0.024677	
0.004636	0.017336	0.012977	0.000495	0.030457	0.035586	0.000506	0.029429	0.026476	0.034339	0.018205	0.038629	0.021746	0.033230	0.001548	0.005217	0.009160	0.014982	0.029968	0.035784	0.005260	0.029281	0.011394	0.027733	0.034620	0.021882	0.017730	0.017744	0.011225	0.018290	0.031620	0.013807	0.036266	0.001526	0.024586	0.029605	0.008175	0.009580	0.031880	0.002231	0.015449	0.035976	0.019774	0.019896	0.013021	0.002764	0.035689	0.027489	0.039248	0.005552	
0.015206	0.010303	0.022951	0.036388	0.013738	0.044909	0.014932	0.023164	0.034329	0.036139	0.008259	0.043020	0.000411	0.014456	0.013308	0.021526	0.011703	0.036317	0.017179	0.023598	0.012848	0.007417	0.020335	0.039343	0.035850	0.001377	0.030787	0.028511	0.026454	0.003782	0.036056	0.007522	0.013849	0.008659	0.017916	0.004246	0.005547	0.012991	0.011076	0.036761	0.005472	0.022766	0.007985	0.038796	0.019468	0.014300	0.018472	0.006426	0.021674	0.041476	
0.039715	0.017063	0.007154	0.037156	0.028779	0.020473	0.002679	0.016180	0.024847	0.023298	0.029026	0.016138	0.036667	0.038196	0.017013	0.002399	0.004788	0.010585	0.010869	0.027375	0.037572	0.005458	0.040043	0.018341	0.009703	0.036908	0.010008	0.042294	0.033247	0.031658	0.026566	0.010469	0.029327	0.017010	0.026227	0.000623	0.024931	0.005240	0.026715	0.024249	0.002143	0.015000	0.002024	0.017742	0.014561	0.018650	0.017312	0.017217	0.026053	0.002311	
0.020073	0.034596	0.029887	0.003808	0.019895	0.035006	0.007740	0.036085	0.028654	0.021085	0.033984	0.023931	0.022263	0.005818	0.015783	0.024718	0.005844	0.018173	0.021851	0.028585	0.027562	0.007090	0.024842	0.016930	0.011926	0.027770	0.009663	0.006261	0.001142	0.032457	0.030624	0.034507	0.008262	0.013392	0.034976	0.025298	0.006786	0.035516	0.018900	0.029687	0.006220	0.028837	0.003012	0.024546	0.022048	0.015829	0.007152	0.008453	0.010518	0.032014	
0.019894	0.034231	0.033584	0.011390	0.032420	0.024452	0.001011	0.012920	0.019559	0.015558	0.013240	0.000442	0.018683	0.013934	0.029153	0.022596	0.028963	0.010752	0.010483	0.021773	0.019054	0.023166	0.025886	0.011585	0.001514	0.016268	0.000285	0.026083	0.013282	0.026162	0.031409	0.029138	0.035178	0.013272	0.016405	0.014044	0.026289	0.018988	0.017577	0.011256	0.024710	0.035154	0.032374	0.005816	0.036234	0.024335	0.019029	0.036848	0.033551	0.000073	
0.033693	0.010517	0.007829	0.020964	0.032152	0.030865	0.021228	0.000951	0.009885	0.001705	0.009420	0.000140	0.030330	0.001848	0.029993	0.006070	0.019523	0.035203	0.011099	0.037478	0.032377	0.033676	0.020338	0.000122	0.027379	0.004172	0.005527	0.024140	0.014910	0.035430	0.012121	0.002756	0.010531	0.007695	0.037847	0.029622	0.014138	0.038972	0.030797	0.017985	0.036855	0.014885	0.031386	0.029703	0.027521	0.036359	0.034717	0.008953	0.003719	0.024478	
0.028073	0.005431	0.014339	0.034828	0.033577	0.030893	0.032816	0.021614	0.005486	0.030002	0.016460	0.004176	0.007028	0.021665	0.024874	0.012493	0.012161	0.034823	0.003435	0.032553	0.031313	0.043558	0.022671	0.011986	0.035067	0.007426	0.002460	0.009658	0.002498	0.017559	0.010611	0.042754	0.004634	0.004086	0.035061	0.015983	0.000752	0.021426	0.006854	0.029318	0.038192	0.004706	0.031836	0.026299	0.032159	0.024630	0.016662	0.036563	0.001208	0.025347	
0.007417	0.011614	0.025612	0.013178	0.010110	0.002807	0.011618	0.001824	0.014205	0.034212	0.012206	0.036187	0.003251	0.007009	0.036913	0.005018	0.025267	0.022581	0.016522	0.003888	0.042010	0.013334	0.018078	0.038465	0.038999	0.015716	0.012857	0.025867	0.028466	0.010054	0.001485	0.034446	0.001491	0.031269	0.040743	0.019161	0.017576	0.018233	0.020369	0.033374	0.026249	0.014610	0.028580	0.020008	0.018942	0.004500	0.035615	0.041396	0.015833	0.030831	
0.023577	0.037075	0.022175	0.032525	0.009556	0.024542	0.027982	0.007352	0.037414	0.014541	0.004702	0.033803	0.013097	0.017874	0.028933	0.039457	0.012348	0.011925	0.006928	0.018823	0.036716	0.015646	0.015642	0.001987	0.039159	0.014193	0.010645	0.041140	0.006504	0.015886	0.027370	0.042032	0.002859	0.025232	0.006129	0.033512	0.023153	0.003346	0.006976	0.005614	0.006272	0.012157	0.036868	0.022138	0.002175	0.001572	0.035508	0.013208	0.029919	0.041813	
0.021532	0.031289	0.004057	0.006038	0.025304	0.033017	0.032384	0.032837	0.027319	0.012950	0.029614	0.030586	0.018348	0.013693	0.030583	0.003907	0.005667	0.015509	0.029032	0.027293	0.017824	0.030751	0.026197	0.021104	0.013678	0.032093	0.009498	0.010516	0.032808	0.007556	0.002653	0.021762	0.007987	0.003680	0.029948	0.005595	0.014197	0.033152	0.020492	0.031939	0.008725	0.019951	0.011647	0.029404	0.018381	0.018309	0.018472	0.031336	0.020732	0.018652	
0.011992	0.038339	0.031291	0.014987	0.039320	0.015567	0.024765	0.022107	0.003523	0.022913	0.021211	0.037573	0.023948	0.029723	0.043342	0.006927	0.017581	0.043422	0.001255	0.000099	0.030003	0.000924	0.020239	0.005860	0.041669	0.004039	0.001259	0.004397	0.024763	0.013426	0.011504	0.021030	0.027296	0.013675	0.027815	0.003246	0.015722	0.020199	0.007490	0.003349	0.017365	0.027441	0.031055	0.010068	0.042329	0.014667	0.005818	0.037801	0.024772	0.040896	
0.014157	0.040434	0.007369	0.006275	0.038621	0.011176	0.029011	0.012229	0.038947	0.025258	0.039600	0.030024	0.015642	0.004727	0.001275	0.030074	0.034721	0.027027	0.022203	0.009797	0.040797	0.006121	0.006702	0.004653	0.016450	0.016649	0.041472	0.022899	0.037150	0.002155	0.002575	0.012994	0.004354	0.008196	0.003954	0.009150	0.033571	0.025444	0.004444	0.021250	0.023242	0.008153	0.028387	0.030256	0.038043	0.014256	0.007598	0.035388	0.020814	0.034316	
0.031710	0.027924	0.028892	0.037794	0.013011	0.032799	0.039130	0.046147	0.001446	0.042601	0.015683	0.021488	0.016862	0.003743	0.014662	0.009012	0.026734	0.005589	0.031276	0.003453	0.018982	0.039898	0.017554	0.016365	0.001764	0.028192	0.033937	0.000278	0.002789	0.012847	0.008715	0.012145	0.010085	0.000468	0.037709	0.003421	0.017272	0.030016	0.021801	0.036290	0.011146	0.002547	0.034148	0.004734	0.006565	0.042372	0.033007	0.042973	0.019724	0.002302	
0.007244	0.030151	0.000345	0.025295	0.024619	0.009055	0.034086	0.009310	0.012762	0.009951	0.023272	0.024065	0.021429	0.036926	0.020911	0.012927	0.041197	0.006329	0.031633	0.038445	0.009065	0.009916	0.031239	0.017201	0.030666	0.024507	0.018191	0.037189	0.037465	0.025104	0.012385	0.004639	0.039813	0.004287	0.001630	0.000891	0.005561	0.015512	0.005259	0.020828	0.022805	0.025843	0.020532	0.011476	0.029992	0.019361	0.009236	0.035447	0.031872	0.022137	
0.005548	0.025497	0.022099	0.041163	0.039505	0.041248	0.029231	0.014362	0.033523	0.032153	0.035727	0.029009	0.018020	0.019433	0.012805	0.010814	0.015128	0.004784	0.005214	0.028539	0.018553	0.010957	0.002442	0.001325	0.008555	0.038375	0.023814	0.004230	0.034320	0.025784	0.007604	0.015622	0.002475	0.004836	0.014027	0.004217	0.001186	0.000983	0.003657	0.038171	0.037493	0.021239	0.025928	0.003327	0.033115	0.037792	0.038412	0.000705	0.039361	0.037694	
0.005545	0.000343	0.034779	0.036749	0.028057	0.027669	0.030661	0.018879	0.031807	0.004538	0.009191	0.030635	0.034503	0.011477	0.018122	0.023404	0.020670	0.010044	0.003748	0.002586	0.014072	0.025478	0.024216	0.013124	0.006962	0.022354	0.029829	0.028737	0.018131	0.036423	0.022878	0.023926	0.035342	0.009491	0.021216	0.018887	0.004440	0.020428	0.002606	0.030591	0.028419	0.007107	0.022610	0.030461	0.034122	0.012202	0.036691	0.028711	0.004181	0.002953	
0.013879	0.019384	0.004704	0.028427	0.024228	0.037604	0.002074	0.031329	0.001583	0.033841	0.024351	0.008889	0.002659	0.027122	0.026858	0.019242	0.004550	0.012159	0.003785	0.004005	0.024972	0.011488	0.027830	0.017884	0.035745	0.029583	0.007593	0.033157	0.006970	0.012702	0.008319	0.012834	0.005497	0.022865	0.001622	0.027452	0.025039	0.028518	0.022121	0.018944	0.036887	0.036532	0.038436	0.031879	0.019397	0.032124	0.018492	0.034689	0.008920	0.030834	
0.001371	0.000441	0.036430	0.032444	0.035880	0.022973	0.000118	0.010697	0.004654	0.005975	0.036110	0.005327	0.027911	0.016094	0.005763	0.007629	0.013361	0.005793	0.026013	0.002712	0.027029	0.037860	0.004506	0.031163	0.032628	0.030903	0.029688	0.011062	0.034054	0.022537	0.018911	0.038631	0.031333	0.021628	0.032132	0.022727	0.011818	0.020954	0.012027	0.025452	0.005360	0.026819	0.039019	0.002126	0.029655	0.029454	0.019198	0.008882	0.010012	0.034738	
0.009915	0.028080	0.027218	0.000364	0.033422	0.035435	0.032793	0.014098	0.018094	0.003014	0.005814	0.032923	0.020955	0.026736	0.005608	0.019528	0.023254	0.036740	0.020225	0.028656	0.016720	0.034101	0.002743	0.015918	0.003709	0.032245	0.037316	0.025701	0.019292	0.007760	0.038493	0.030474	0.010971	0.000446	0.023164	0.026220	0.029082	0.017834	0.024657	0.020304	0.027074	0.018140	0.014474	0.011756	0.036721	0.010904	0.001154	0.027982	0.006396	0.005376	
0.017946	0.025917	0.017654	0.020589	0.032073	0.011581	0.006662	0.007462	0.028906	0.028755	0.039283	0.032385	0.032996	0.027718	0.008482	0.015447	0.022830	0.018290	0.011718	0.015863	0.040104	0.028475	0.001551	0.004518	0.006346	0.018331	0.017945	0.005552	0.016937	0.023342	0.009005	0.014849	0.037895	0.019244	0.021613	0.025846	0.012807	0.018882	0.037407	0.021064	0.025317	0.020694	0.032151	0.016080	0.027398	0.002471	0.030320	0.018781	0.010098	0.012419	
0.003931	0.025437	0.025321	0.006202	0.002119	0.002831	0.032798	0.004982	0.026245	0.017162	0.029607	0.027591	0.001168	0.011547	0.025062	0.034720	0.003055	0.027000	0.021075	0.038022	0.034435	0.015599	0.007438	0.008813	0.004089	0.015827	0.001236	0.030517	0.036418	0.028425	0.036867	0.032835	0.035413	0.001800	0.033449	0.006333	0.034241	0.027487	0.018099	0.018866	0.009047	0.024432	0.033601	0.037087	0.006428	0.015397	0.015499	0.029600	0.005816	0.029030	
0.006148	0.035119	0.034883	0.004999	0.015737	0.011686	0.014089	0.008623	0.020981	0.014029	0.025389	0.019552	0.035950	0.010336	0.037179	0.030896	0.008785	0.014916	0.014001	0.037232	0.032117	0.000309	0.011094	0.024779	0.030476	0.025104	0.030444	0.014852	0.009840	0.026997	0.006816	0.006121	0.000018	0.012984	0.034499	0.032374	0.005426	0.029235	0.014007	0.006054	0.037415	0.030176	0.016934	0.000188	0.023835	0.030332	0.011397	0.030793	0.026593	0.038259	
0.037362	0.012859	0.012881	0.028450	0.022097	0.017144	0.031979	0.016387	0.013233	0.021085	0.001941	0.012526	0.017032	0.023765	0.025225	0.033926	0.036971	0.011734	0.031289	0.017551	0.010306	0.018786	0.027694	0.012517	0.014839	0.031866	0.032170	0.028148	0.004332	0.038861	0.011843	0.038668	0.023755	0.025985	0.007955	0.005046	0.024772	0.005250	0.025735	0.000436	0.026879	0.025649	0.001474	0.026374	0.004440	0.008395	0.039160	0.004943	0.038312	0.009971	
0.015738	0.014139	0.013921	0.030759	0.012853	0.028141	0.006626	0.032813	0.026938	0.005507	0.003582	0.028917	0.004016	0.000885	0.023252	0.022109	0.027528	0.012069	0.031973	0.009863	0.012372	0.032424	0.009636	0.032923	0.012942	0.027744	0.017621	0.035970	0.018883	0.011538	0.034835	0.019400	0.028775	0.033356	0.029315	0.014756	0.031796	0.011227	0.021116	0.006958	0.033051	0.013766	0.027430	0.000109	0.035889	0.018453	0.034554	0.016355	0.014788	0.010388	
0.005671	0.011857	0.034680	0.026620	0.027691	0.005552	0.011572	0.007418	0.030956	0.026588	0.025478	0.019913	0.019655	0.003986	0.006325	0.005710	0.029530	0.026207	0.010649	0.029251	0.016071	0.025210	0.007806	0.041035	0.002309	0.032202	0.021791	0.017799	0.034682	0.007334	0.001709	0.034455	0.001201	0.028534	0.025172	0.038359	0.035827	0.009028	0.032384	0.021301	0.005569	0.024475	0.041455	0.007131	0.036052	0.000133	0.034608	0.015460	0.001553	0.034047	
0.038020	0.028076	0.014801	0.018016	0.017023	0.006851	0.037582	0.004833	0.031374	0.032200	0.012201	0.011061	0.027179	0.008562	0.021756	0.037038	0.019781	0.023611	0.005033	0.030091	0.009514	0.005963	0.015805	0.026523	0.005062	0.030320	0.037887	0.021200	0.007254	0.006484	0.033837	0.027058	0.029533	0.013860	0.007852	0.033768	0.004892	0.002405	0.001925	0.026471	0.024421	0.017844	0.025798	0.031188	0.030626	0.003935	0.016267	0.025762	0.022666	0.028787	
0.019328	0.026841	0.017412	0.015237	0.004192	0.001801	0.001504	0.024982	0.019343	0.002711	0.017413	0.037187	0.029047	0.023523	0.017158	0.013167	0.035066	0.002975	0.013032	0.023841	0.008018	0.027261	0.023944	0.028036	0.006779	0.011760	0.009356	0.024297	0.006671	0.037542	0.023080	0.029967	0.019181	0.006066	0.035431	0.024983	0.020337	0.037311	0.011543	0.027320	0.036530	0.014791	0.028732	0.031650	0.025324	0.014031	0.011212	0.021812	0.024000	0.027277	
0.000381	0.011804	0.024346	0.012793	0.013963	0.003259	0.028272	0.029285	0.014272	0.025240	0.010778	0.043099	0.002957	0.012528	0.039548	0.024676	0.029490	0.035326	0.036607	0.034014	0.000055	0.013766	0.004143	0.015102	0.035320	0.008408	0.008596	0.025032	0.018622	0.001174	0.004148	0.029668	0.005910	0.013419	0.024060	0.015604	0.034024	0.019862	0.031834	0.018629	0.025815	0.029271	0.007053	0.035063	0.021416	0.033187	0.025769	0.002223	0.030299	0.029887	
0.014164	0.015709	0.029325	0.003130	0.023732	0.002943	0.037172	0.026629	0.018405	0.034318	0.013532	0.009662	0.015248	0.000665	0.009488	0.022417	0.036528	0.006409	0.019200	0.003378	0.035767	0.037380	0.019959	0.034831	0.006685	0.001723	0.038664	0.008641	0.031343	0.030717	0.014856	0.028089	0.005814	0.029611	0.030508	0.037278	0.026871	0.003057	0.022010	0.024192	0.016347	0.014282	0.028830	0.004150	0.018455	0.035831	0.015380	0.029488	0.007403	0.019782	
0.035580	0.037082	0.024871	0.027544	0.009677	0.008250	0.026632	0.019606	0.012979	0.033403	0.032877	0.032579	0.017077	0.018410	0.018807	0.023411	0.027851	0.005056	0.003604	0.012872	0.031941	0.010514	0.017255	0.008154	0.036610	0.030496	0.020436	0.028122	0.002608	0.012567	0.018214	0.016807	0.015571	0.019404	0.015027	0.021332	0.032780	0.008920	0.023839	0.035372	0.002534	0.026750	0.012920	0.004294	0.002359	0.027321	0.032765	0.036891	0.017856	0.002169	
0.024999	0.019310	0.041862	0.034209	0.001232	0.044521	0.004639	0.011144	0.008549	0.015686	0.015463	0.008768	0.021011	0.027878	0.019411	0.041065	0.021823	0.019867	0.021556	0.038411	0.007575	0.003576	0.030485	0.025010	0.002362	0.037470	0.020306	0.018652	0.020498	0.025742	0.007971	0.002696	0.040186	0.001799	0.025909	0.000641	0.023685	0.007838	0.006483	0.033887	0.004102	0.021547	0.022565	0.006637	0.022647	0.030207	0.026829	0.027745	0.022415	0.031135	
0.027738	0.004073	0.001031	0.000845	0.023157	0.015196	0.022972	0.033948	0.019242	0.015671	0.015725	0.004842	0.009632	0.033281	0.011762	0.041337	0.006163	0.019384	0.016526	0.025063	0.041091	0.002745	0.036773	0.022520	0.028042	0.009708	0.011594	0.025310	0.023212	0.019239	0.017515	0.040530	0.032252	0.014809	0.018730	0.002712	0.031819	0.033598	0.028470	0.002750	0.030244	0.017695	0.039155	0.009628	0.000595	0.034000	0.006470	0.013605	0.026139	0.031459	
0.027533	0.019306	0.001303	0.021709	0.027684	0.007577	0.041159	0.014265	0.026713	0.005893	0.004821	0.008825	0.008857	0.033946	0.025957	0.015903	0.012106	0.012008	0.012965	0.002473	0.029645	0.024816	0.007678	0.034586	0.018188	0.017653	0.034139	0.035316	0.014568	0.035706	0.020744	0.009957	0.015758	0.026434	0.003915	0.006174	0.014344	0.032178	0.018886	0.018153	0.026121	0.030752	0.028924	0.031725	0.041614	0.013282	0.028696	0.001286	0.019784	0.027974	
0.029599	0.031693	0.017035	0.006435	0.018201	0.000256	0.001148	0.005131	0.005225	0.017873	0.039024	0.018203	0.028739	0.026927	0.028086	0.011310	0.018327	0.024916	0.019701	0.013319	0.042484	0.039367	0.004291	0.006359	0.032843	0.025697	0.010591	0.032187	0.010047	0.007220	0.025649	0.040254	0.027530	0.008052	0.019658	0.024934	0.042855	0.008746	0.013491	0.022123	0.019760	0.032042	0.005366	0.008772	0.012360	0.012813	0.029082	0.039789	0.021109	0.013382	
0.023485	0.036097	0.007401	0.005536	0.029931	0.030195	0.015769	0.026966	0.021114	0.019157	0.033811	0.028540	0.039415	0.039726	0.000018	0.037150	0.010546	0.002038	0.039366	0.035738	0.020128	0.019511	0.015270	0.024779	0.002567	0.015391	0.034944	0.027801	0.025500	0.023407	0.028642	0.008710	0.027498	0.026687	0.007394	0.027662	0.012274	0.005346	0.012084	0.004763	0.011068	0.023367	0.012643	0.033078	0.002217	0.005759	0.012917	0.024850	0.001268	0.020479	
0.031987	0.033260	0.035543	0.000479	0.016197	0.000777	0.033145	0.036428	0.006283	0.017477	0.033601	0.018481	0.028423	0.016198	0.029878	0.016067	0.030383	0.034826	0.004792	0.028760	0.019829	0.018737	0.031280	0.031980	0.029474	0.030948	0.004606	0.025702	0.002233	0.001442	0.026432	0.009354	0.004670	0.027982	0.005313	0.022928	0.007993	0.011543	0.004328	0.001516	0.008214	0.018296	0.034555	0.029409	0.006531	0.017832	0.028394	0.028446	0.023891	0.033158	
0.015973	0.020568	0.012951	0.016834	0.028091	0.032982	0.024421	0.028105	0.033700	0.028894	0.029986	0.021204	0.031641	0.017310	0.025432	0.012068	0.002697	0.008126	0.028394	0.034833	0.026257	0.006197	0.000712	0.004836	0.029808	0.028939	0.030394	0.014352	0.010986	0.007351	0.017556	0.012493	0.037047	0.004853	0.027690	0.029068	0.005235	0.035245	0.005962	0.024674	0.019977	0.020116	0.026016	0.014220	0.017389	0.033919	0.012753	0.008942	0.023163	0.009641	
0.018651	0.029330	0.005008	0.010877	0.010740	0.026446	0.024931	0.024435	0.015029	0.006679	0.035543	0.027491	0.039349	0.038202	0.012438	0.020293	0.002267	0.018146	0.013616	0.005710	0.036924	0.037475	0.007539	0.015195	0.039290	0.013681	0.016315	0.002249	0.007370	0.015084	0.001386	0.013258	0.014513	0.034067	0.021742	0.009883	0.031222	0.012345	0.038405	0.033635	0.033990	0.032865	0.004514	0.005434	0.021394	0.033587	0.013278	0.022993	0.017080	0.028103	
0.024578	0.027494	0.013991	0.007381	0.020773	0.031693	0.041835	0.021022	0.015962	0.026511	0.036295	0.016808	0.040475	0.001461	0.026281	0.006547	0.014631	0.026925	0.000936	0.033483	0.032194	0.029248	0.022227	0.005000	0.026694	0.032685	0.038601	0.032985	0.023590	0.013051	0.037583	0.021470	0.016477	0.026087	0.022043	0.031880	0.031026	0.010921	0.003215	0.006158	0.009685	0.002228	0.001435	0.036409	0.002518	0.004879	0.012242	0.003482	0.012353	0.016552	
0.033809	0.017711	0.000935	0.007773	0.019576	0.030255	0.025493	0.035419	0.025840	0.003148	0.014094	0.030296	0.021683	0.014152	0.015574	0.002716	0.031166	0.029176	0.014131	0.033204	0.031463	0.030203	0.026197	0.001851	0.013542	0.013497	0.024802	0.010482	0.035901	0.023903	0.004111	0.023135	0.024008	0.000584	0.025143	0.000214	0.023633	0.016836	0.026886	0.018987	0.017190	0.012816	0.028141	0.033261	0.020489	0.024402	0.033423	0.012713	0.003844	0.032188	
0.006017	0.027758	0.005638	0.002811	0.023549	0.011541	0.027051	0.023460	0.032429	0.011203	0.031109	0.032283	0.015817	0.021294	0.009906	0.028410	0.015043	0.015009	0.024358	0.031561	0.027543	0.030391	0.031553	0.016958	0.030434	0.022326	0.003749	0.029920	0.023853	0.000236	0.002482	0.010802	0.011923	0.026476	0.026156	0.011698	0.028268	0.013645	0.020633	0.024364	0.024393	0.012782	0.011514	0.017876	0.030253	0.020395	0.011409	0.021033	0.029669	0.031017	
0.005521	0.009124	0.000327	0.048545	0.015817	0.022025	0.001545	0.040216	0.020405	0.006896	0.038065	0.038443	0.015771	0.003679	0.014527	0.021346	0.005680	0.001369	0.043530	0.028984	0.033784	0.015386	0.042901	0.027322	0.002565	0.000075	0.020829	0.046742	0.004187	0.006532	0.014524	0.003041	0.003400	0.004957	0.024157	0.042290	0.021651	0.043179	0.013437	0.011726	0.042270	0.004434	0.014346	0.001193	0.030024	0.047697	0.033032	0.019154	0.037180	0.006173	
0.018644	0.008714	0.027565	0.028829	0.000333	0.018208	0.029059	0.001986	0.032281	0.014048	0.035562	0.019101	0.032911	0.033601	0.024496	0.036105	0.008443	0.025971	0.033436	0.025877	0.010886	0.030883	0.014277	0.010978	0.032456	0.019326	0.012306	0.001911	0.018660	0.006514	0.010248	0.012032	0.002766	0.029771	0.026832	0.023703	0.001127	0.033620	0.025073	0.025743	0.010598	0.029080	0.033076	0.005792	0.017735	0.008630	0.010493	0.030358	0.024868	0.025088	
0.012136	0.040529	0.006876	0.034979	0.029362	0.006415	0.005560	0.030547	0.021270	0.036174	0.033035	0.012705	0.005144	0.034240	0.007480	0.000216	0.031429	0.037987	0.014316	0.004451	0.011007	0.020507	0.028406	0.011255	0.040346	0.031870	0.012480	0.015749	0.033769	0.032583	0.036005	0.022235	0.038446	0.012430	0.028986	0.008077	0.000993	0.012655	0.027884	0.003051	0.041180	0.008988	0.000743	0.025011	0.018097	0.000547	0.001327	0.019561	0.031061	0.019900	
0.003382	0.034846	0.011312	0.026654	0.000643	0.035248	0.034868	0.030990	0.010878	0.023192	0.030377	0.011847	0.014069	0.021494	0.022369	0.007903	0.013673	0.028160	0.010443	0.031456	0.029429	0.029011	0.033726	0.023326	0.025898	0.029447	0.019871	0.025991	0.024398	0.027518	0.007047	0.015377	0.032378	0.020354	0.008597	0.001563	0.021248	0.030986	0.014105	0.015834	0.009632	0.016806	0.016728	0.006452	0.032749	0.034863	0.023915	0.001003	0.003613	0.014334	
0.026801	0.007591	0.021687	0.001975	0.029224	0.014527	0.008486	0.006106	0.013690	0.017223	0.017141	0.020467	0.016907	0.007362	0.022574	0.021721	0.014645	0.030634	0.013778	0.023173	0.041587	0.021101	0.032998	0.007097	0.031411	0.040424	0.003322	0.033764	0.042068	0.023250	0.007712	0.002619	0.040593	0.026096	0.035737	0.015306	0.038936	0.023065	0.041732	0.008034	0.024807	0.027163	0.002768	0.010923	0.018072	0.010937	0.015795	0.012652	0.006468	0.017854	
0.029302	0.024329	0.019476	0.018255	0.032127	0.024995	0.027127	0.015087	0.033511	0.004138	0.027188	0.011789	0.021398	0.013095	0.027928	0.003589	0.004313	0.030704	0.028713	0.015744	0.015117	0.008383	0.012886	0.001401	0.027697	0.003125	0.012887	0.017027	0.010259	0.020889	0.025283	0.010856	0.035508	0.036262	0.009143	0.033162	0.030487	0.025160	0.017577	0.022317	0.032206	0.007582	0.029961	0.019834	0.035618	0.020411	0.005246	0.029375	0.025861	0.005675	
0.015492	0.003840	0.028271	0.020574	0.029572	0.021375	0.021113	0.027098	0.030201	0.013261	0.036747	0.017365	0.029192	0.019123	0.027353	0.036721	0.018606	0.020760	0.002464	0.018913	0.023267	0.003848	0.014925	0.027711	0.007852	0.023711	0.003502	0.022145	0.035502	0.004626	0.026564	0.010067	0.011910	0.004808	0.014314	0.037351	0.036026	0.032956	0.027459	0.026458	0.007823	0.006425	0.023398	0.016380	0.016215	0.018178	0.032869	0.002462	0.029616	0.013591	
0.003534	0.009404	0.033160	0.031218	0.032802	0.009003	0.030540	0.003122	0.013274	0.016034	0.002937	0.027655	0.021668	0.015772	0.033537	0.030034	0.029759	0.008606	0.031409	0.031180	0.002714	0.023174	0.010347	0.001835	0.024470	0.028892	0.027624	0.028685	0.031730	0.004199	0.035238	0.013137	0.025241	0.032313	0.012434	0.005006	0.017265	0.021057	0.026963	0.019374	0.031140	0.033456	0.016199	0.034658	0.002957	0.026084	0.016133	0.028135	0.002271	0.002619	
0.010995	0.021630	0.034957	0.004483	0.040908	0.035475	0.030063	0.020993	0.024896	0.006474	0.012158	0.028089	0.003771	0.033087	0.000604	0.028101	0.013224	0.008042	0.020170	0.009134	0.036683	0.036441	0.010138	0.002026	0.014135	0.039423	0.035471	0.012763	0.018045	0.032640	0.024951	0.027592	0.025024	0.003602	0.001979	0.001667	0.011791	0.023552	0.021976	0.022271	0.019920	0.019102	0.041844	0.014484	0.021007	0.024822	0.015773	0.041642	0.000814	0.011166	
0.023918	0.006848	0.034231	0.018721	0.005102	0.026586	0.001960	0.008828	0.029678	0.018246	0.000417	0.015875	0.011931	0.012701	0.007701	0.025364	0.001958	0.021751	0.031294	0.039894	0.019226	0.026724	0.003339	0.020291	0.011354	0.013017	0.034961	0.038318	0.012245	0.029175	0.022381	0.027054	0.016049	0.016474	0.030495	0.037186	0.009975	0.018493	0.034544	0.007116	0.027347	0.028932	0.016732	0.032111	0.030818	0.032769	0.010556	0.028156	0.002612	0.018546	
0.031533	0.007914	0.019905	0.031583	0.000296	0.028335	0.005880	0.007152	0.018956	0.026909	0.029723	0.016563	0.030287	0.016058	0.005188	0.024905	0.029098	0.001542	0.014210	0.018289	0.012943	0.013100	0.032484	0.011554	0.007565	0.009343	0.004105	0.015459	0.023656	0.027254	0.021747	0.029221	0.021466	0.020596	0.020716	0.026116	0.032552	0.030897	0.018884	0.032798	0.014862	0.027940	0.027061	0.026677	0.020049	0.012233	0.028596	0.020364	0.015586	0.029849	
0.018751	0.001182	0.020133	0.027011	0.032373	0.032123	0.027251	0.028399	0.030007	0.027002	0.014465	0.012013	0.015791	0.030651	0.027098	0.010632	0.032384	0.003157	0.000101	0.024246	0.005882	0.011428	0.013699	0.032819	0.002944	0.027199	0.001096	0.024395	0.029505	0.028586	0.029134	0.015354	0.017966	0.032111	0.027311	0.017737	0.031090	0.005329	0.019928	0.028140	0.015103	0.027742	0.030124	0.024214	0.003548	0.013175	0.007280	0.025393	0.017362	0.019634	
0.003656	0.014799	0.028572	0.021172	0.030549	0.034725	0.030313	0.001787	0.013215	0.030838	0.001452	0.010571	0.000366	0.004796	0.004417	0.033658	0.008750	0.035223	0.031907	0.033453	0.026077	0.019124	0.013983	0.017516	0.021385	0.022446	0.034000	0.002305	0.030268	0.029313	0.000552	0.021781	0.026188	0.005536	0.035541	0.019671	0.036636	0.028225	0.020490	0.008662	0.001001	0.036427	0.035863	0.028861	0.033922	0.008174	0.005135	0.020811	0.029577	0.006315	
0.034619	0.015375	0.000589	0.006450	0.020429	0.022320	0.038729	0.000213	0.016889	0.024384	0.008790	0.013619	0.039232	0.008219	0.018971	0.003661	0.027417	0.026304	0.003441	0.034745	0.027467	0.015892	0.029080	0.017768	0.018830	0.028624	0.023416	0.009332	0.033320	0.014459	0.022321	0.008196	0.000158	0.035749	0.036123	0.034507	0.024148	0.004817	0.023330	0.013080	0.038411	0.015728	0.026055	0.010153	0.021488	0.022645	0.033461	0.009686	0.007289	0.030071	
0.024644	0.025564	0.014707	0.018548	0.024439	0.027127	0.024670	0.006050	0.016020	0.034092	0.032196	0.008691	0.011982	0.019065	0.007622	0.026760	0.028479	0.033204	0.022955	0.009734	0.010265	0.030758	0.011507	0.033328	0.032316	0.001421	0.025327	0.013757	0.034607	0.000250	0.027661	0.031503	0.016393	0.022525	0.028125	0.000930	0.009504	0.033331	0.011055	0.010469	0.030607	0.020468	0.012135	0.014958	0.022622	0.021769	0.012246	0.009164	0.034143	0.020306	
0.005545	0.007396	0.007629	0.000620	0.013075	0.020461	0.025035	0.024049	0.034600	0.015809	0.000044	0.028735	0.007168	0.031926	0.018973	0.041343	0.022373	0.006066	0.028793	0.029974	0.035617	0.008171	0.010989	0.022215	0.008672	0.006583	0.015345	0.001246	0.009956	0.001459	0.032904	0.007499	0.032075	0.036962	0.003460	0.029995	0.035660	0.011176	0.023163	0.035388	0.037609	0.039626	0.033792	0.022735	0.035202	0.022515	0.036733	0.002621	0.027564	0.003451	
0.035198	0.002577	0.025921	0.018946	0.037348	0.025852	0.000458	0.027859	0.000357	0.033262	0.002503	0.032787	0.021009	0.027700	0.030432	0.029348	0.017705	0.006972	0.027549	0.020057	0.023344	0.024710	0.025034	0.023208	0.033754	0.003571	0.011074	0.029241	0.013180	0.007227	0.021250	0.031574	0.020724	0.002901	0.015270	0.011516	0.035033	0.031908	0.008958	0.019391	0.021552	0.002523	0.002322	0.006351	0.031953	0.009713	0.022879	0.031373	0.035846	0.018781	
0.033734	0.000563	0.037551	0.025234	0.023503	0.034567	0.034074	0.004268	0.010911	0.013038	0.028932	0.013954	0.018066	0.022486	0.010963	0.034063	0.008491	0.032336	0.022785	0.018623	0.005999	0.034234	0.007655	0.012830	0.037237	0.018003	0.038068	0.030625	0.012892	0.032655	0.014127	0.005239	0.039952	0.014844	0.023227	0.005435	0.008973	0.006995	0.025443	0.015698	0.012220	0.024677	0.019534	0.025926	0.018363	0.016527	0.028295	0.015207	0.017898	0.003085	
0.007301	0.003293	0.003239	0.032725	0.035783	0.039486	0.032562	0.023654	0.035700	0.038405	0.034162	0.003151	0.026599	0.003022	0.001224	0.025467	0.007557	0.011674	0.012068	0.038292	0.009996	0.033912	0.026444	0.014281	0.006490	0.022013	0.007464	0.012420	0.039901	0.022307	0.001443	0.022267	0.036495	0.021770	0.039397	0.030044	0.019831	0.012665	0.020408	0.015936	0.036251	0.011516	0.000966	0.007702	0.022707	0.014243	0.007164	0.032187	0.023710	0.012707	
0.018431	0.035731	0.036517	0.007832	0.036385	0.033361	0.028250	0.031436	0.014920	0.027035	0.022822	0.027049	0.014421	0.024603	0.013727	0.019359	0.024490	0.013048	0.030272	0.012337	0.017491	0.018894	0.023007	0.002789	0.019184	0.002274	0.010199	0.015672	0.026995	0.029265	0.002435	0.037571	0.009722	0.027388	0.020777	0.017484	0.036182	0.031922	0.035062	0.004551	0.029510	0.000081	0.013621	0.005885	0.005152	0.001044	0.034351	0.026538	0.003586	0.019341	
0.002869	0.034864	0.036809	0.013014	0.002431	0.013889	0.006623	0.001931	0.021725	0.004945	0.022934	0.035504	0.016663	0.004281	0.035418	0.035905	0.024722	0.016987	0.014739	0.029689	0.033559	0.022584	0.005400	0.011486	0.010966	0.032298	0.038076	0.016895	0.005722	0.000983	0.003689	0.027905	0.025634	0.035739	0.011216	0.027687	0.023426	0.008701	0.009683	0.026653	0.010458	0.027158	0.032238	0.032427	0.032981	0.011611	0.022354	0.018622	0.025869	0.032038	
0.002828	0.041435	0.000091	0.045858	0.047560	0.029406	0.030181	0.019271	0.004461	0.020540	0.017630	0.020965	0.018714	0.042055	0.003077	0.020197	0.007518	0.013407	0.018594	0.048004	0.011157	0.005359	0.039121	0.034311	0.025147	0.005039	0.000753	0.007208	0.026783	0.011356	0.011833	0.045789	0.044213	0.019328	0.043395	0.005383	0.041802	0.002599	0.001741	0.019431	0.005668	0.003021	0.020226	0.019715	0.013991	0.012278	0.016319	0.016645	0.007690	0.030906	
0.001690	0.005096	0.035298	0.006675	0.008421	0.016264	0.035279	0.031342	0.023206	0.008146	0.010582	0.010971	0.035930	0.011525	0.038378	0.039679	0.003903	0.003374	0.006896	0.000895	0.015502	0.023055	0.025657	0.020907	0.013955	0.017465	0.036973	0.025409	0.012439	0.038137	0.022514	0.015541	0.016478	0.016686	0.025679	0.037568	0.014813	0.016441	0.008892	0.038735	0.034981	0.030867	0.014830	0.008863	0.020691	0.019626	0.015076	0.029440	0.038064	0.011166	
0.027319	0.002768	0.018712	0.010792	0.008296	0.016425	0.030131	0.024788	0.021625	0.024865	0.028380	0.029624	0.011761	0.021321	0.026271	0.020409	0.031251	0.002269	0.007916	0.026521	0.016305	0.010445	0.036933	0.023106	0.024253	0.005256	0.034407	0.005841	0.037535	0.025569	0.016690	0.002547	0.010392	0.028381	0.010052	0.033109	0.006216	0.005085	0.024977	0.037650	0.027844	0.037570	0.032551	0.027101	0.006860	0.036784	0.001928	0.029860	0.001557	0.011748	
0.020018	0.024745	0.023733	0.017381	0.017041	0.023688	0.024732	0.014339	0.029242	0.022365	0.035160	0.020238	0.001622	0.033112	0.003841	0.018530	0.001488	0.018430	0.000794	0.008173	0.014445	0.029868	0.014099	0.009689	0.037219	0.002457	0.016174	0.015536	0.024880	0.016544	0.015745	0.003152	0.008853	0.023950	0.027354	0.013564	0.030776	0.027497	0.029497	0.023990	0.036488	0.009034	0.036758	0.031931	0.024805	0.028656	0.031276	0.021644	0.030396	0.005051	
0.023450	0.033281	0.023260	0.013709	0.000599	0.034058	0.004591	0.014317	0.017444	0.009864	0.024877	0.010929	0.008299	0.037593	0.012647	0.008220	0.036789	0.029681	0.037448	0.016846	0.034743	0.028970	0.027117	0.011026	0.032486	0.016769	0.020701	0.018105	0.013405	0.029631	0.000786	0.006920	0.014161	0.035970	0.037258	0.013735	0.013741	0.021011	0.008183	0.022123	0.013849	0.032060	0.025237	0.034079	0.014886	0.007119	0.000944	0.025931	0.022784	0.018367	
0.036667	0.026326	0.010436	0.022762	0.035863	0.020739	0.002408	0.027764	0.010650	0.027150	0.021905	0.027895	0.033151	0.032002	0.006404	0.032363	0.001272	0.028323	0.026453	0.038910	0.016369	0.026321	0.015782	0.015314	0.020745	0.025028	0.001445	0.036413	0.004320	0.028196	0.009549	0.001034	0.017449	0.038485	0.011609	0.000647	0.030296	0.013678	0.018868	0.000598	0.012651	0.025708	0.013287	0.036743	0.027975	0.011626	0.020291	0.018946	0.028497	0.002687	
0.029774	0.026787	0.010429	0.033078	0.001316	0.012495	0.024068	0.025491	0.013878	0.018490	0.021387	0.005954	0.011770	0.003429	0.030794	0.015432	0.028143	0.032806	0.002100	0.001007	0.019930	0.040091	0.040033	0.031984	0.025582	0.016514	0.017238	0.002880	0.040536	0.041583	0.013063	0.018403	0.001356	0.003976	0.026959	0.033793	0.009202	0.001386	0.024913	0.028301	0.018366	0.020844	0.039695	0.011232	0.039585	0.003818	0.023591	0.015165	0.003977	0.037378	
0.026971	0.042844	0.003915	0.012179	0.035917	0.007929	0.046048	0.025673	0.022041	0.028580	0.005363	0.000149	0.005485	0.020862	0.044036	0.022762	0.043281	0.004944	0.003657	0.002199	0.027072	0.015064	0.003485	0.000590	0.044935	0.031872	0.021864	0.032104	0.010380	0.021141	0.000086	0.014142	0.031166	0.028910	0.013334	0.030837	0.012707	0.046177	0.025883	0.012456	0.000398	0.045790	0.025666	0.031634	0.010728	0.015336	0.005168	0.006458	0.003873	0.025909	
0.014929	0.000199	0.024007	0.032463	0.024008	0.026115	0.036972	0.031570	0.002281	0.012724	0.014605	0.011885	0.011296	0.005514	0.030677	0.018934	0.007593	0.005458	0.007794	0.019623	0.038126	0.017497	0.002800	0.035992	0.033768	0.034461	0.011833	0.002717	0.038946	0.037360	0.000450	0.001727	0.017248	0.011543	0.014233	0.036606	0.029527	0.026080	0.018490	0.028105	0.020145	0.039456	0.027609	0.035330	0.017346	0.010538	0.019592	0.016726	0.031750	0.005353	
0.024305	0.008079	0.012599	0.013238	0.017052	0.023966	0.028304	0.032694	0.026323	0.009873	0.005920	0.030023	0.032844	0.029886	0.026948	0.024207	0.011787	0.020716	0.013632	0.025054	0.031102	0.010115	0.025961	0.010143	0.033761	0.016379	0.024456	0.030655	0.033334	0.017650	0.010459	0.003256	0.014615	0.031532	0.028095	0.007312	0.016445	0.028353	0.006405	0.004511	0.032578	0.016080	0.016028	0.030539	0.032351	0.028851	0.003884	0.013457	0.010910	0.013330	
0.013010	0.006792	0.006389	0.025406	0.028488	0.021763	0.021000	0.025852	0.016654	0.011005	0.006184	0.013957	0.017927	0.011373	0.036052	0.017157	0.007049	0.028886	0.025244	0.019996	0.015601	0.005169	0.012647	0.022175	0.031320	0.020146	0.014959	0.035205	0.017343	0.002461	0.032835	0.024736	0.025535	0.011363	0.026622	0.022102	0.025976	0.035942	0.017103	0.020705	0.008310	0.020158	0.004539	0.015284	0.031990	0.019035	0.027126	0.031703	0.033548	0.028178	
0.001407	0.012446	0.033544	0.007806	0.009824	0.025947	0.004711	0.032871	0.007518	0.006104	0.019844	0.025518	0.033681	0.018757	0.009260	0.039304	0.038519	0.020033	0.011294	0.014016	0.015924	0.003364	0.011182	0.022364	0.033872	0.022037	0.010927	0.029996	0.038881	0.006627	0.004606	0.033379	0.027876	0.029439	0.007747	0.035792	0.034462	0.036428	0.005646	0.013298	0.021688	0.022247	0.017270	0.029139	0.014712	0.001985	0.027917	0.007788	0.031122	0.029880	
0.025192	0.007462	0.019487	0.022370	0.006845	0.018958	0.030526	0.013897	0.010670	0.013668	0.011636	0.035927	0.035184	0.003180	0.037539	0.021104	0.032523	0.008289	0.008720	0.010819	0.010605	0.034108	0.000426	0.028296	0.036656	0.005008	0.025157	0.015393	0.031953	0.004460	0.018660	0.024804	0.012706	0.021174	0.036069	0.022446	0.006131	0.027806	0.013130	0.025611	0.005607	0.029518	0.032187	0.024219	0.035180	0.004499	0.034778	0.002904	0.027303	0.029211	
0.017845	0.000249	0.002936	0.040056	0.030012	0.040164	0.031132	0.026666	0.025844	0.025805	0.003404	0.015634	0.013867	0.019236	0.039789	0.001621	0.035126	0.035804	0.008956	0.000039	0.038161	0.022652	0.011370	0.010603	0.014520	0.022636	0.018774	0.034434	0.024568	0.011369	0.001851	0.004704	0.019530	0.004879	0.010806	0.016447	0.012080	0.026020	0.016391	0.024085	0.017181	0.024610	0.016881	0.024053	0.018232	0.017977	0.019478	0.039989	0.035821	0.025710	
0.018125	0.025208	0.011784	0.039323	0.021076	0.022004	0.026624	0.029979	0.032296	0.037975	0.032203	0.009180	0.028411	0.023877	0.000019	0.026097	0.015962	0.009006	0.000660	0.000130	0.013693	0.002801	0.011327	0.012611	0.015132	0.023119	0.011012	0.020738	0.006328	0.007396	0.005778	0.018615	0.031549	0.031150	0.020550	0.037355	0.026905	0.002064	0.029783	0.020486	0.021325	0.013090	0.040082	0.019475	0.001167	0.036482	0.023598	0.040139	0.030516	0.015796	
0.026495	0.014487	0.032451	0.001772	0.005875	0.035833	0.011690	0.024928	0.007293	0.013978	0.029499	0.034888	0.023724	0.015117	0.029201	0.026469	0.000052	0.013999	0.029191	0.002825	0.001411	0.034644	0.027617	0.011493	0.020572	0.022061	0.038364	0.037128	0.025977	0.036772	0.029248	0.039849	0.015943	0.020054	0.022320	0.035365	0.020226	0.024092	0.000909	0.021066	0.017657	0.011155	0.022491	0.012722	0.002566	0.001370	0.016186	0.009375	0.030331	0.011267	
0.019268	0.019922	0.029990	0.021442	0.007898	0.010146	0.004082	0.034850	0.035169	0.016704	0.000669	0.015582	0.036627	0.028452	0.015346	0.033816	0.020054	0.023870	0.006083	0.035950	0.009864	0.010919	0.037237	0.019166	0.014671	0.022301	0.018658	0.029442	0.009451	0.033145	0.012977	0.038379	0.014923	0.011864	0.014780	0.017069	0.005240	0.018210	0.033150	0.032090	0.032177	0.012698	0.013043	0.007797	0.030661	0.007662	0.016865	0.007764	0.020270	0.031609	
0.033811	0.012373	0.023127	0.001960	0.019229	0.028134	0.029070	0.007556	0.013297	0.027693	0.025609	0.029872	0.004495	0.026918	0.025987	0.037648	0.038878	0.025406	0.012905	0.011781	0.014019	0.034837	0.035286	0.020498	0.031771	0.026037	0.016517	0.002288	0.003949	0.026804	0.004584	0.029930	0.038747	0.007841	0.035338	0.033206	0.008692	0.004656	0.009451	0.033882	0.010967	0.018807	0.011786	0.001692	0.015732	0.036905	0.021062	0.019319	0.008921	0.000728	
0.019267	0.000203	0.032540	0.018705	0.037019	0.032581	0.006240	0.017802	0.033832	0.033819	0.041326	0.028812	0.017473	0.016199	0.041659	0.006246	0.016878	0.000241	0.016612	0.009462	0.015812	0.036583	0.034210	0.041524	0.007433	0.016193	0.005456	0.000312	0.010478	0.009343	0.020969	0.028415	0.022646	0.017841	0.028406	0.039841	0.021530	0.021317	0.000194	0.017004	0.007401	0.029034	0.031474	0.011101	0.009053	0.016797	0.026779	0.004672	0.037526	0.003740	
0.038126	0.033687	0.001056	0.027244	0.001416	0.026601	0.032654	0.034326	0.011974	0.036920	0.030397	0.023764	0.007177	0.020325	0.037546	0.012130	0.011203	0.003858	0.011122	0.013809	0.032592	0.016443	0.014607	0.014181	0.035497	0.033429	0.025101	0.018991	0.021457	0.010422	0.010085	0.009442	0.017793	0.028776	0.036609	0.036582	0.006444	0.012027	0.015858	0.008428	0.010436	0.023460	0.028551	0.011590	0.018704	0.032152	0.033934	0.001413	0.014628	0.005030	
0.001150	0.041588	0.017655	0.026250	0.029491	0.022357	0.020611	0.033287	0.029582	0.020385	0.023198	0.039923	0.026784	0.001961	0.015411	0.038875	0.012035	0.010258	0.002553	0.027257	0.015860	0.011528	0.007136	0.020852	0.026095	0.032358	0.007100	0.023641	0.006793	0.025559	0.026059	0.020107	0.027653	0.022718	0.035437	0.014220	0.036036	0.038699	0.002815	0.012451	0.001305	0.036669	0.021430	0.007620	0.003985	0.010563	0.039304	0.010131	0.010823	0.004441	
0.012142	0.036161	0.033005	0.004199	0.038065	0.015571	0.026642	0.022158	0.033756	0.009900	0.025645	0.006535	0.020414	0.005072	0.003254	0.031952	0.025446	0.008196	0.016836	0.038142	0.005175	0.039429	0.015073	0.001121	0.042342	0.017397	0.000034	0.043790	0.031369	0.003675	0.034087	0.013735	0.041213	0.004208	0.007578	0.041855	0.016188	0.001274	0.041028	0.007738	0.009101	0.007223	0.021114	0.039013	0.002837	0.022846	0.015973	0.018992	0.037046	0.004454	
0.023237	0.022224	0.035706	0.023258	0.004735	0.015251	0.026901	0.031389	0.020145	0.018877	0.038958	0.013310	0.006921	0.030647	0.026226	0.012369	0.038272	0.016172	0.030050	0.039363	0.020964	0.017111	0.003233	0.017445	0.014973	0.029752	0.040503	0.009803	0.020082	0.006271	0.040137	0.031446	0.010215	0.013893	0.001377	0.015359	0.012049	0.026965	0.006608	0.015910	0.020692	0.010684	0.000566	0.007808	0.038217	0.023013	0.027899	0.009267	0.030710	0.003038	
0.010173	0.035078	0.031665	0.004172	0.013817	0.005852	0.038623	0.024606	0.005641	0.020578	0.018802	0.033848	0.030265	0.033343	0.021131	0.000525	0.012584	0.023701	0.015124	0.023850	0.020795	0.002080	0.014104	0.037950	0.008815	0.039935	0.017937	0.020029	0.028922	0.014892	0.020698	0.017602	0.024753	0.026329	0.001191	0.020320	0.002138	0.033123	0.005830	0.025523	0.029518	0.005746	0.029851	0.012525	0.017892	0.027355	0.030568	0.008345	0.019117	0.032737	
0.014197	0.014859	0.003949	0.025910	0.023670	0.023899	0.012227	0.031632	0.032299	0.028911	0.019360	0.013949	0.027537	0.027800	0.006199	0.026643	0.019463	0.021937	0.030478	0.018274	0.011167	0.007194	0.008055	0.024100	0.012946	0.004554	0.029295	0.001285	0.018825	0.029888	0.013904	0.012589	0.021547	0.029440	0.013652	0.027366	0.030513	0.022943	0.010306	0.029282	0.029795	0.025902	0.022150	0.030481	0.019849	0.015212	0.021054	0.024936	0.001594	0.026978	
0.030996	0.000635	0.006762	0.026012	0.008873	0.011590	0.021119	0.002058	0.026401	0.017443	0.007525	0.024710	0.002754	0.030584	0.020058	0.024162	0.009144	0.038440	0.011401	0.020804	0.011662	0.019681	0.006048	0.016155	0.023089	0.038563	0.008499	0.025391	0.021335	0.034604	0.024576	0.002231	0.001076	0.033863	0.034475	0.032000	0.021768	0.003898	0.034900	0.026087	0.028653	0.026419	0.037760	0.018428	0.001668	0.024798	0.030075	0.036240	0.001439	0.033149	
0.008434	0.032761	0.018297	0.034380	0.031664	0.002532	0.004729	0.002659	0.023235	0.020806	0.002671	0.019072	0.022449	0.020709	0.006648	0.024954	0.024978	0.034271	0.024352	0.023277	0.025494	0.031391	0.002095	0.024296	0.030113	0.003649	0.014209	0.008093	0.031354	0.026481	0.011192	0.004744	0.033745	0.028921	0.021074	0.009980	0.015707	0.020033	0.025136	0.033802	0.022151	0.022283	0.000644	0.029110	0.028246	0.002961	0.022708	0.033202	0.025310	0.029000	
0.041662	0.024364	0.011330	0.007492	0.022957	0.001297	0.029919	0.031454	0.009267	0.022513	0.007977	0.028270	0.020436	0.025816	0.042466	0.010974	0.002189	0.033432	0.025517	0.018537	0.022563	0.017638	0.017867	0.019278	0.001592	0.037509	0.032303	0.011478	0.035633	0.029280	0.011182	0.008371	0.028557	0.000670	0.014683	0.022138	0.039048	0.038945	0.012085	0.004044	0.023268	0.019791	0.013060	0.004164	0.014236	0.011771	0.031566	0.021290	0.029584	0.008536	
0.001898	0.008362	0.004520	0.032602	0.033812	0.016458	0.030262	0.000451	0.012038	0.032883	0.039594	0.000421	0.025217	0.033490	0.022512	0.000927	0.037652	0.020413	0.038408	0.012557	0.009344	0.009337	0.021937	0.008574	0.020148	0.029621	0.020838	0.011447	0.009565	0.020305	0.002922	0.029411	0.006881	0.038215	0.034561	0.017636	0.019112	0.028551	0.010879	0.036442	0.035378	0.009305	0.019634	0.021737	0.020894	0.009478	0.011016	0.030637	0.012626	0.039089	
0.012714	0.010158	0.040810	0.041447	0.010637	0.041994	0.040935	0.033706	0.012152	0.007901	0.001683	0.018918	0.013973	0.039386	0.030576	0.001020	0.016408	0.034945	0.015259	0.037146	0.030249	0.006097	0.018975	0.004561	0.008954	0.012388	0.030044	0.009451	0.035747	0.040074	0.009564	0.017223	0.003315	0.018927	0.009363	0.001723	0.010656	0.032478	0.016152	0.033995	0.023726	0.021445	0.011295	0.038803	0.029664	0.000531	0.003834	0.008130	0.018932	0.031935	
0.027657	0.008432	0.001397	0.000294	0.019810	0.016257	0.018647	0.019577	0.033815	0.027672	0.028699	0.005989	0.034784	0.022552	0.013014	0.001281	0.022264	0.024982	0.008785	0.009345	0.002946	0.021119	0.002324	0.028083	0.011212	0.004423	0.014584	0.008326	0.036174	0.008245	0.034393	0.001562	0.035375	0.014890	0.034908	0.024734	0.035743	0.030772	0.022416	0.013258	0.036915	0.027034	0.037206	0.007457	0.035469	0.036690	0.010373	0.029692	0.030982	0.017437	
0.035539	0.006327	0.027618	0.019868	0.001270	0.004276	0.007172	0.034629	0.027988	0.010150	0.007094	0.034200	0.027200	0.030183	0.029276	0.035980	0.011404	0.000401	0.017339	0.008414	0.012055	0.021388	0.000042	0.038185	0.015653	0.041733	0.022829	0.017594	0.033720	0.010848	0.014596	0.035191	0.039431	0.024853	0.010040	0.038154	0.019631	0.037980	0.002587	0.000494	0.014722	0.012035	0.014020	0.011005	0.037574	0.007572	0.015788	0.011422	0.031513	0.031017	
0.029143	0.004240	0.021238	0.028847	0.021363	0.023597	0.013786	0.039012	0.021808	0.035680	0.036179	0.008404	0.037118	0.010512	0.025164	0.015628	0.017222	0.022739	0.009619	0.002388	0.024150	0.011663	0.023852	0.018015	0.013109	0.024898	0.012703	0.038173	0.005608	0.021869	0.025296	0.004671	0.004261	0.018559	0.031392	0.026152	0.021848	0.035180	0.013238	0.013392	0.014456	0.006666	0.017476	0.041117	0.004329	0.032835	0.018215	0.017296	0.015449	0.020446	
0.004649	0.007157	0.038169	0.036783	0.013461	0.025095	0.008204	0.008557	0.033060	0.018668	0.041489	0.018868	0.028000	0.036261	0.039151	0.001629	0.020606	0.024249	0.004464	0.022831	0.001908	0.019712	0.006402	0.038890	0.004907	0.025542	0.010764	0.034419	0.003553	0.035564	0.022751	0.029487	0.010245	0.026712	0.026560	0.010055	0.031256	0.016172	0.015832	0.015721	0.030022	0.021731	0.008891	0.032363	0.003440	0.019794	0.026609	0.001414	0.036399	0.001538	
0.14
