50
2
-2.858335	-21.527381	-3.794678	18.748485	10.144612	6.423966	-11.189332	8.568356	-21.173935	14.597237	5.667939	-22.866122	24.629419	-23.038820	-9.899227	-10.278087	1.922495	17.423738	-16.763319	-22.042212	8.370045	7.332035	5.486093	-15.226546	-6.201645	-9.085751	-12.748663	8.349112	-17.213651	6.736961	-2.924277	24.424939	2.748285	22.134410	9.293466	3.499282	11.516036	6.227876	20.347218	8.006882	1.311343	-10.335927	12.537947	-22.920720	9.096906	-10.456757	-2.454427	7.618518	25.371850	17.550877	
-8.405922	19.168261	-2.991097	-4.247924	-12.385426	-20.021304	-0.528518	7.813527	17.271090	24.192087	17.039523	20.873074	2.784851	-7.390734	5.170772	22.380226	14.145226	-8.787748	25.047147	-15.716089	11.989173	19.798356	-10.494286	-24.793974	-15.333976	1.157800	16.333539	1.519522	-22.979857	-25.477601	20.168956	17.684492	-12.025732	16.972371	-13.462078	2.641813	-10.401891	18.979851	-19.097792	3.182558	11.617745	-23.270654	16.292744	0.562567	-17.948449	-11.710289	14.317476	-12.523713	3.322590	-19.698569	
7.027245	-14.490174	-20.473503	1.475018	12.621319	-5.748922	-7.553897	4.677319	5.549304	-16.390960	3.492812	-19.512658	22.965843	-14.482712	0.569221	-21.124862	10.988619	11.840930	-21.535698	8.960195	18.406185	4.883672	-4.286651	17.878389	12.698577	9.498074	-20.672242	15.377603	9.416811	-9.986551	-10.076834	-18.182335	4.893439	-14.482355	-8.322006	-16.269793	-6.404033	-2.792978	12.948580	12.500811	3.357865	3.970624	15.499386	-9.285889	-9.759592	3.876174	-1.284332	-11.889754	-2.998917	22.489186	
-8.320614	5.873023	12.703560	4.873754	7.712679	-18.214872	-13.717350	3.691844	-0.775477	-16.075112	-12.899797	-7.964118	14.269519	-11.976373	9.201347	-3.903407	8.467018	10.543897	-6.400088	-11.207765	-9.298066	-8.228680	-6.034705	-2.356383	-11.823382	-9.139589	5.242659	19.577976	12.532308	3.492296	-20.036202	-7.900198	10.520522	-12.600413	-15.220798	-1.519106	-16.173936	5.893887	-15.611348	-17.739079	14.094175	17.359336	15.087783	-1.708292	-15.613337	-12.102489	-20.266948	-1.052592	-16.697822	12.449045	
-3.190366	-5.329273	1.147233	15.759939	7.360671	8.475910	0.642932	7.735763	5.601704	19.345312	16.411405	-18.158622	4.898473	-10.873304	17.431754	19.604345	11.388538	1.639542	2.729211	8.483731	-8.268819	2.596475	10.682170	14.981783	18.941556	-18.682728	-13.494005	5.284597	6.166717	-14.368338	19.380239	9.124068	-14.127165	16.021920	16.607838	-14.090175	-18.618976	10.401157	-6.440467	8.549734	-17.890632	-9.826878	19.905897	-11.613631	0.417254	19.851586	8.905807	-11.646876	-2.714923	-16.879332	
7.895854	-0.283898	4.789491	8.120307	-6.665851	-2.290971	-7.634787	-15.890161	0.250593	0.146199	5.900515	15.815857	-2.128135	16.927928	-17.622339	-11.634116	-9.820165	-16.979883	-17.753445	-0.696473	-0.414780	-16.829392	11.798181	-14.078395	0.745704	-0.702452	-17.507678	-14.834085	6.237901	4.878015	9.935397	-4.412110	1.906727	-13.357840	13.492319	-0.430378	14.040283	6.144785	-7.522116	-5.197221	-0.326270	-14.966248	-6.015543	-0.412854	15.439412	3.574782	-8.595704	-13.376975	12.895962	10.183582	
-8.893666	3.106656	-18.200768	-20.752096	-14.719360	-4.271424	19.639607	0.870893	22.247098	-12.200016	22.631614	-5.880237	-14.601680	-19.219204	-20.235082	0.405670	-12.713825	18.789883	-16.928845	-6.779374	11.251417	20.562598	-4.513772	5.985812	-1.686901	14.190836	7.230101	-8.685408	-9.881035	0.440103	10.546954	-4.076999	-2.473377	-14.850108	13.881371	-2.984384	-2.242190	18.409031	21.890977	-4.527198	2.774846	-20.750846	8.485084	-15.360628	-2.179553	-21.513554	-9.962389	-2.980148	-19.130333	6.844892	
-4.314401	18.829814	-20.023242	13.099296	-2.098106	15.865471	-7.964846	24.868700	5.342835	12.682459	13.151541	11.916659	9.777655	-2.093902	22.375039	-24.911571	10.501489	10.113020	-1.276062	-12.904198	23.050252	-19.989461	12.086423	-20.675422	11.940983	17.423686	21.627595	-1.513162	-14.301675	-21.915117	-14.652739	4.549044	25.012702	20.788921	24.381239	13.458452	24.927057	-15.584115	0.545136	-3.169249	9.847021	-8.731011	10.156151	-24.393991	-14.127972	2.645457	19.936196	-9.222761	1.440123	25.325408	
24.231324	23.904414	-2.744225	19.172541	-4.903579	5.015199	-16.854070	-1.727315	24.991142	-10.811374	7.431466	5.464702	6.990193	-5.030240	-6.522663	10.600607	7.016309	16.519355	-23.985815	22.152098	6.564964	-22.123815	23.006650	-6.970391	20.256331	11.071343	6.180686	-16.077591	12.242969	11.588885	9.807776	-19.989652	-2.702398	-5.773890	0.694930	-19.213195	-24.439782	-12.725276	-19.574461	9.442341	10.730660	12.249606	18.444508	23.632252	-23.290691	-16.823364	15.336555	-7.281287	-13.643453	-18.256128	
18.784465	-11.791001	-22.184728	10.237757	5.155844	17.142745	19.437737	-27.218815	27.614976	21.068872	-2.376428	10.340367	-17.002810	-15.115591	2.752181	-18.905522	-2.217724	12.102792	28.939461	6.095756	-6.294891	5.457252	-21.643350	-12.747377	-12.364890	-6.255613	21.000833	-3.700153	3.142813	-7.403517	-27.074838	-25.078435	23.858238	-17.380689	-22.427794	-26.903512	-22.341402	-14.276971	-23.523420	-13.624901	-28.282160	8.034465	27.379640	-11.218977	18.701202	12.869841	-14.513381	5.123385	-16.728713	24.483593	
3.038192	16.391974	10.875616	-18.466288	0.637125	9.259387	12.861278	-8.541881	-8.663181	-11.773430	-17.194942	3.520327	-15.902731	18.731599	1.370449	-11.833142	14.624451	10.183220	-2.347784	4.176727	5.614394	4.601551	7.385495	-7.905014	-19.573692	19.210207	10.516272	21.193939	-6.348759	3.088663	18.266550	12.498873	-18.328488	3.331094	21.746484	-0.783090	19.459315	1.245266	-12.176706	6.175738	-14.021142	-6.915257	-21.070209	14.132230	-3.354617	-3.408444	2.010901	16.554957	19.781479	-8.311957	
16.175340	-0.950172	-3.079505	4.892334	1.827945	11.690549	-11.604578	-8.029884	5.129969	-9.745774	0.323908	-16.946202	-15.566805	-18.626252	1.575691	-3.311690	-4.560792	-3.152062	7.711210	-6.839290	16.571113	-13.728877	-17.027227	15.480304	-15.843954	-12.029288	-12.496545	11.887964	-9.236680	-1.472625	-15.540722	7.020656	15.265894	6.504648	12.713172	18.659366	-2.428835	0.683020	0.439313	-3.468182	-18.935288	-4.179020	13.443673	-8.751507	6.450825	9.170061	10.646630	8.546490	-1.293294	8.250234	
6.846247	-9.010674	13.388002	11.200762	-6.514409	-2.000086	0.104932	-19.575773	-24.235736	1.919909	-18.234709	-14.641715	-4.809130	25.186879	-12.347760	-28.107992	18.971126	-20.002760	16.770903	19.802824	-12.878361	-14.097219	-10.107179	0.145509	-25.491704	-0.488288	-22.628011	-11.629586	16.618296	13.549855	24.802508	16.779998	1.199900	-14.009184	27.915330	18.524366	19.758091	4.450977	-26.495002	-24.637533	7.185758	16.527917	10.612008	26.994668	8.372251	19.883429	5.666379	-25.312424	-2.129064	-0.991785	
12.144832	-14.578598	14.359984	-18.813438	11.768486	14.626897	-4.648430	8.075004	10.524385	-7.987326	-3.167852	-26.766797	-26.942869	-3.155001	-4.572996	9.678173	21.327404	8.067115	4.829055	19.920873	20.696508	8.313009	5.378015	-25.598864	25.245845	-17.021970	7.553258	8.749367	-8.257593	-26.654913	17.405591	-1.705153	-25.024072	-19.374127	-14.116797	-7.754723	-11.567176	14.859584	-19.379544	3.151620	-2.457862	-13.713816	-4.580637	10.527523	-13.998139	7.233086	2.972219	-6.695709	-25.208408	-23.656779	
3.055852	-18.465445	12.625040	-0.428519	0.589769	-7.143787	2.329088	15.882749	-2.283085	10.089179	14.315900	2.927210	-10.995429	-1.116229	0.457042	0.949362	3.804615	-4.186331	17.585902	-11.686688	9.315890	-7.074741	-6.974039	-10.154228	-16.940855	-11.425294	16.726184	8.987262	-12.918196	-8.408274	12.877942	17.762558	7.113087	-3.992910	14.514832	-16.058058	-10.110862	-12.815634	-5.227258	-2.847774	-9.144372	-7.510737	14.519040	8.944446	-18.845889	17.693214	5.836834	18.476711	-8.597106	-16.912203	
13.031999	14.164162	18.570949	-4.319547	3.245239	-17.904270	-11.998893	-1.440972	-3.303525	-2.598260	-3.988138	12.410486	-19.173948	6.366881	-7.376847	-15.880975	4.540542	3.117652	-10.409031	10.535974	-1.849213	17.990632	18.699703	14.885145	14.413899	0.356162	-5.165073	18.772734	6.986135	-22.896445	21.575845	-15.691974	18.673641	21.637878	-17.152961	15.688270	-10.838321	17.937265	15.170860	9.787638	-16.689764	-0.519480	-8.091320	-17.323313	21.226697	-9.022736	-15.961134	20.096091	-4.128397	-14.945889	
-16.805345	2.072506	12.215388	20.080566	-7.130850	-3.315648	-23.172304	-18.346920	19.106489	-4.909370	12.691895	20.030313	-19.955016	1.480176	-21.874447	-21.141836	21.011895	16.385398	-2.308864	-22.308332	-2.181927	-4.785344	1.997751	-20.477648	6.200565	-12.129356	14.594255	20.930048	10.448122	-8.517713	-12.631704	7.041761	-3.497603	-11.633960	-1.235964	13.879082	-2.743146	15.963131	19.407626	-4.804360	0.204122	18.056911	-1.503375	-8.429537	12.248452	-16.526691	4.645666	11.726808	-10.201747	-13.440030	
-21.622584	12.465968	-7.300504	-13.034596	-5.093411	-22.725483	14.603614	-7.034700	-6.257856	-7.314792	-20.715497	-12.453951	-12.872029	-0.489566	-14.405207	-7.171291	-22.116146	10.996227	-24.095773	8.454641	19.152308	-24.506391	-17.972286	24.782075	-19.191858	-16.397268	-2.850887	6.842938	0.025748	19.224328	-13.441987	-8.227548	-7.943725	2.724453	-23.822682	-12.812441	-10.656699	10.089407	-14.823384	12.358052	11.639118	-24.221301	1.804877	20.770108	3.417009	6.159376	9.776239	-10.165790	-5.306223	15.304692	
-19.663497	-4.152514	-4.019309	-25.985458	-10.115550	2.157538	-7.066923	12.716391	-22.654366	15.396782	-3.584424	-26.908738	9.269748	12.648421	-10.967184	19.366434	5.076688	2.690575	16.174216	-13.232159	12.678091	2.175072	1.374332	-11.264020	-9.087170	-17.021081	13.151682	-7.814932	22.258024	26.707576	16.455392	6.943982	2.597219	18.868544	-7.700451	-0.619433	24.997306	-15.531102	-11.660825	-26.391391	-12.734234	-19.945151	10.903493	-15.387644	11.092860	-7.356954	10.726848	-5.882338	-19.177303	-18.814344	
15.388011	-2.941045	-13.513292	-4.228556	-10.333267	15.462506	6.764574	19.794001	-4.021098	-17.903572	-4.813900	18.855544	-18.889321	-6.595434	-15.883207	-12.024596	-17.938771	-11.150049	-14.072285	0.926862	-15.336505	19.619637	3.589106	0.251207	16.183860	12.799378	-0.478577	-10.867281	19.902089	-6.765324	-0.254924	-10.495444	2.814363	0.605188	-3.179072	5.857191	16.416798	-3.859186	-14.363206	-9.813715	-14.551631	-9.033359	14.783996	1.192682	-0.893344	1.677786	17.193462	-14.080094	-19.069920	-19.570063	
4.027935	13.937339	-8.964009	-3.595339	17.346150	2.566461	0.887621	10.907312	10.185929	-15.948351	6.136726	9.171689	-5.349700	-2.722462	17.251220	-8.699842	6.227719	10.159582	2.201826	-16.797983	-8.464670	-12.856928	-9.251401	11.527817	-15.070162	-5.760321	-12.849932	12.192683	11.533914	4.400906	-5.161804	0.980487	-9.935025	2.003743	-12.520017	-16.590370	-15.684022	11.941329	10.244750	3.552305	-7.909039	14.326326	-15.523156	-0.838306	-9.315523	10.142922	-15.356209	-12.712488	14.391185	13.723925	
15.438360	-1.406237	24.282963	24.927686	15.384271	15.485940	16.994849	-18.307553	3.834450	1.336398	-7.021828	-10.325243	-23.322857	21.059376	18.434182	-21.238539	14.925226	12.298416	24.839883	5.341759	-7.345025	-1.131211	15.192401	-11.727187	0.997030	-24.177575	-16.654104	-5.133644	-16.805261	-2.536046	-19.745580	23.007749	2.461486	-25.547765	-8.751439	12.099541	4.756545	-13.244410	-11.027044	-1.700956	-19.307946	-3.175005	23.464622	-20.229608	23.473963	-20.949391	-0.914547	-9.896436	-20.925894	-18.882163	
9.370593	1.444516	-9.999290	4.791096	3.620106	-12.964299	18.062161	-10.710120	2.558256	-5.197475	-18.061841	-12.309919	11.945056	-23.142487	21.819402	11.276249	21.495592	5.495743	-22.097653	13.364561	7.353373	1.033086	10.554495	21.165108	2.468488	-9.287840	9.969202	22.855047	20.996936	11.450386	-9.889737	-13.732841	14.041095	-2.992657	7.895745	10.149812	2.669219	-6.879892	-9.775726	-10.932962	-11.127590	20.454526	-17.735467	3.773673	6.947425	8.519119	-10.375689	4.011118	-22.920564	-21.843194	
26.817598	8.056705	-15.161968	22.760487	-7.294381	5.993466	3.331183	23.047774	-6.523535	-4.822642	-25.974674	-10.897805	8.304068	-12.875635	28.610239	2.431956	-3.739715	-19.792324	1.224672	-3.394337	-20.623057	-6.486335	2.649738	-10.981341	-15.897449	-13.013583	27.068147	-15.062108	26.024190	7.838752	-3.710198	-21.039591	-10.543777	-10.512252	14.805824	26.635416	-17.431247	10.587907	13.958449	3.504610	1.222256	-6.257342	-5.095292	-6.348880	-4.637586	-3.429705	-26.863433	-20.800145	17.836527	28.473027	
-0.043729	-12.530828	5.848792	0.627138	-21.246262	25.802293	-17.391303	-11.685805	6.520713	3.090457	19.165166	25.844364	5.071390	-22.097377	10.150364	-24.188066	-15.813860	-14.077423	10.234674	-14.753450	9.113659	-12.356505	7.829871	-23.728696	1.734246	4.104915	-14.524676	11.544604	6.937567	18.283707	17.384980	10.665935	9.958316	-3.471289	0.614618	23.696149	-9.272049	8.978029	14.214251	-21.120776	5.312643	-3.576046	-15.506978	-20.910725	-18.946812	7.813014	0.525260	10.322661	-11.009337	-6.177905	
-9.446206	-8.982176	22.214805	-21.148477	-18.273403	-3.120031	13.365839	17.182557	-12.666688	13.490861	-3.050800	-17.105723	4.224842	14.690466	-5.854720	4.099057	17.901482	-10.171457	-18.533751	13.472795	-8.453719	-19.166463	-6.886308	-1.136337	8.724192	20.334865	-3.029703	-22.968220	16.711005	14.563649	-2.972333	-14.389910	4.277542	-20.894729	8.393940	2.678619	2.063323	-15.951860	8.316117	14.696009	17.138062	-21.775781	-11.433760	-13.743874	14.888227	-5.593100	-5.406867	-0.134998	18.862831	-20.626150	
3.781656	0.207485	13.186016	-20.150272	2.729094	-15.740570	-22.737253	-17.878348	18.042316	-8.080175	17.495406	-6.955590	22.700665	-19.520573	-2.803955	12.902730	-21.809411	-18.417304	13.480342	-15.225579	-1.339364	-1.896382	7.528077	15.949950	-20.918175	-19.823976	-0.450295	5.175739	22.417463	8.903780	21.529699	-18.750148	-13.543400	-18.953214	19.931684	-10.046554	14.696909	-9.465232	-13.935627	1.567503	-1.490252	-3.078586	-10.394646	-13.869591	19.661496	16.018126	17.202069	11.764431	6.928837	-0.649659	
-3.137834	13.524638	-17.041510	5.770200	-17.286099	17.784163	11.516063	7.151187	-5.291482	-17.431232	-8.791575	-6.599515	-19.918859	6.289646	7.912246	16.230378	11.886165	-7.094750	-9.931755	11.369362	-4.727517	-8.847496	4.807414	-6.385796	-7.536076	-0.425493	-11.708417	0.043420	1.327658	6.081735	-9.403533	-9.696203	-18.957441	8.291398	3.513258	-9.116231	-6.879003	-12.952264	1.099513	-19.654543	19.927380	-7.705672	4.654461	-3.730856	9.254566	19.814910	-6.546160	5.183938	10.339944	-2.244477	
-18.457758	-9.489268	5.972758	14.530087	12.282963	-12.972113	-0.665834	-2.014145	4.188019	-12.433513	-14.091862	-0.795124	5.427942	-2.730229	-12.831589	-16.415854	1.662964	-4.599247	-8.304117	-2.179028	13.434316	5.394653	-12.507759	1.204497	3.473322	17.644831	13.075344	-3.592160	13.766543	-10.839086	-1.180072	14.330230	-4.453198	1.802369	14.579016	-14.703502	-15.227801	12.884016	-10.959887	-12.591864	-1.111317	6.991605	16.921116	2.554178	2.468120	0.638167	10.371468	-4.030221	-8.040447	3.315761	
-19.311976	31.804795	30.642212	-25.226574	-23.755090	21.525393	-32.747925	-7.179954	14.303120	-29.778000	13.644171	26.129263	4.159154	-2.020074	9.716110	12.599447	-8.609412	2.971754	3.351092	8.149349	-22.436458	-29.008727	-20.353286	-23.307247	-16.645258	13.101349	-3.528715	-0.878060	8.912688	-22.398913	-9.750592	13.927984	-19.595185	27.808812	11.443672	10.568674	19.761369	30.157441	-13.545808	32.148450	8.223723	18.943342	-2.173651	19.314624	4.760073	6.093503	25.189325	31.329916	-12.788853	-0.155569	
-15.912440	9.007987	-7.114973	12.033986	21.080083	-16.761316	-1.969727	3.296720	-22.681079	-22.723878	9.203384	17.638774	17.066098	6.621650	-23.050398	23.563721	11.008325	-10.141465	-25.546864	-8.270516	25.613923	22.314917	-0.968851	15.310091	18.272706	-13.844672	-13.035381	-18.632781	-0.510518	17.333921	12.212990	-0.259620	-0.662283	-14.528874	15.207491	-1.891838	-6.662003	-5.387786	20.485365	8.419840	3.098808	-11.285296	-0.386841	0.923512	10.808844	16.415402	-5.470956	-24.264659	-22.267256	-10.587685	
-11.663131	-16.281715	16.421359	16.739391	-7.622153	-8.746127	-8.677667	16.485422	1.000717	20.312497	8.508841	-17.832879	3.523653	-1.561351	0.597574	-10.984868	20.004117	16.768002	-20.584253	15.598055	5.618514	6.317188	-19.937788	-11.263110	-6.804534	-13.947716	-19.117888	-4.994621	19.551030	13.845746	-13.893522	-20.838669	14.101873	-3.016305	-18.103222	18.459042	-19.080858	6.170766	-2.891769	-19.386283	-14.801805	-3.521888	-9.450949	10.060161	18.157920	1.241126	9.980520	7.170419	20.475934	-17.542035	
-19.242747	-14.330293	-11.313355	19.435393	6.214390	-23.190251	-18.268732	8.445145	-8.862583	22.464132	8.380089	21.511514	-17.284586	-13.503553	8.888709	0.886445	-1.961787	2.598003	9.043190	21.107472	6.362818	7.028505	-5.343468	6.806430	-18.374386	-3.330818	10.946657	-5.317888	-4.519948	10.389081	-13.227786	7.695347	-4.153892	18.441253	14.694993	-14.746978	9.514961	8.423421	14.781234	-23.080336	-22.958651	-7.333594	-14.745354	-6.784307	7.677144	5.920396	-11.178622	3.859856	5.275016	-16.280111	
21.059041	16.139447	-20.241390	4.789026	-19.816181	10.922461	15.190502	-4.189538	15.472953	-16.774022	9.415295	-15.654381	-0.387555	-0.895640	20.516411	-14.208234	10.015780	-16.044106	-22.022215	0.201587	9.505596	-8.703642	-13.168681	16.550918	-14.359706	-5.473934	-20.189645	21.354142	-14.351935	-0.520330	-12.992866	9.305719	7.685563	16.734700	-17.492648	21.631228	4.931512	-14.504625	23.882536	9.395318	21.459843	13.013580	-9.887067	-4.229636	5.775338	2.333300	-17.019546	10.548907	18.304691	3.809360	
15.279757	-13.141392	6.064752	24.733911	-9.950915	-34.038647	8.064661	9.894066	34.192530	-12.521353	32.371973	26.719583	-33.169192	11.795347	-23.870760	-9.738893	30.186213	32.394274	33.414613	0.932806	-7.351779	14.787454	16.834015	2.672858	-23.178634	-24.545387	27.185311	32.229738	-16.945788	32.164303	-0.209511	-19.125032	-18.473050	-30.354983	34.931042	27.431589	12.415826	19.738122	31.496280	2.168806	7.868804	-2.845580	-30.129803	18.234777	32.014538	31.232421	-30.404445	-13.967504	15.461587	-34.965720	
10.620089	-7.484706	1.751056	15.121070	-10.196979	5.205534	3.569875	-1.064719	14.656594	-17.569178	-8.091509	21.143395	19.332525	-23.942484	19.432747	-14.641823	6.879606	1.692572	17.294139	-19.716596	-16.137774	18.449793	9.796630	-11.771454	24.572707	22.685780	2.312916	2.697940	12.372063	0.668175	-2.454106	24.799663	-3.444000	-23.306644	-22.169808	15.515276	-25.721779	2.934689	-0.384974	21.009903	-3.487566	5.945716	6.090860	1.714319	20.519254	-6.101117	14.390240	13.262549	-14.566969	12.130536	
-0.615206	12.019894	-25.794662	18.577103	-24.140561	17.678468	-17.157896	8.193144	-16.678897	22.513541	-1.658003	22.847983	-0.388836	17.074577	-11.362511	-19.569031	-12.045615	-20.725080	-22.731161	-22.746871	14.105594	-0.080347	-3.033756	-3.959800	20.755595	-15.919265	0.598270	18.627431	13.080552	7.509246	-24.248864	25.829494	-4.790948	-16.278267	8.274061	8.312838	-11.624843	-21.988677	-19.561721	20.863251	-24.436237	6.238244	20.079392	4.298458	2.220436	-16.069859	-3.309145	-6.568858	1.771116	10.411916	
24.919227	26.870631	-22.876892	-0.608988	-11.443695	-1.066988	7.076000	-30.261989	-17.201830	-5.991206	-25.741513	13.872512	-15.968168	4.942810	-13.641864	-4.933577	-24.445114	-11.831923	19.773704	-26.845230	22.116703	25.198222	-7.630365	2.113647	30.033364	23.943194	3.074886	-9.369256	-20.737266	15.113554	-21.764899	-11.035605	4.530273	-21.811443	-17.568149	30.706070	7.396701	14.507256	-23.994170	-19.350692	-1.248089	9.791524	11.563782	28.701618	19.578427	-10.904633	26.380644	22.731091	4.161980	-22.155892	
12.394760	-12.424288	-8.169565	2.248296	17.928592	-6.273364	21.510357	11.419291	-18.901807	4.513107	20.214341	15.416452	1.274471	6.601616	-12.987028	-6.466461	0.233882	4.787962	-10.377369	10.650571	-5.602449	10.045780	15.280508	-8.275852	-4.837680	18.908992	18.510138	14.886479	-22.337523	23.504663	-9.347999	-13.582060	-19.721529	-18.700418	7.098939	-15.567354	10.450863	9.007721	16.647546	8.073963	-16.382620	20.576164	23.791939	3.144283	17.802140	-18.774895	-23.466043	22.515001	-8.483912	22.035200	
16.972653	5.473665	7.224454	-15.872658	-14.813938	-19.118883	-21.626655	15.304055	3.142787	2.671071	4.863452	-15.083743	1.028140	5.644996	8.757750	8.420493	3.891695	12.371511	-20.970830	0.682411	-11.013598	13.960962	10.767446	-15.403123	4.442878	18.242168	3.158262	3.046790	-5.620834	4.010952	6.635781	1.739658	2.717057	10.868834	10.389128	18.894111	-6.342425	-7.429044	20.527644	-22.563895	18.258245	22.415436	-3.094109	7.570974	-0.592970	11.466485	19.168019	-16.305263	-13.409791	12.340154	
23.152328	-10.316821	-26.576782	13.823157	16.285449	-26.257636	30.810410	-3.250695	17.082574	-24.131346	1.706629	-12.791989	-27.578873	8.024378	15.404337	-17.424633	6.183485	-30.006384	-29.638076	3.130927	31.847544	6.106319	-0.894761	16.336229	18.779771	13.438576	-14.638803	21.250901	-11.601796	-10.615777	7.121921	-23.796245	-11.165675	-6.786759	0.801988	30.200899	-1.585612	5.732567	9.510664	3.832900	-6.560642	15.292392	5.806873	25.041090	32.161518	-14.100468	-9.028816	0.531216	21.569201	-7.419042	
20.895594	2.462634	10.324655	-18.171363	23.524766	24.082012	-13.033795	8.233856	2.370124	23.596257	-16.462437	23.445370	-2.781567	12.665533	19.455301	1.789664	-26.859782	17.008945	15.419136	-26.768023	12.377550	15.904255	-18.571016	23.645397	3.496894	20.864035	-5.941893	-2.697383	20.387210	4.414079	-25.529505	-17.166770	-16.999811	17.019015	-17.978767	-26.443051	-9.818807	26.636546	10.000929	21.340827	20.420365	-21.498912	-22.930303	20.163992	1.436085	24.117405	23.213698	-3.806214	18.603703	26.259774	
17.371557	-10.541626	-16.182994	9.961814	-24.481919	-15.105444	-15.042042	9.294032	12.868789	-17.437654	18.182953	23.079663	24.373887	2.640345	-4.765362	15.168760	7.755977	4.569065	-20.109845	-21.830831	14.786519	-14.249314	-8.094817	-16.697002	-24.600992	25.406488	-2.627178	-26.320425	-20.448133	-17.178838	24.336645	-11.217654	-21.379596	-11.081384	-0.521321	1.410764	-23.801925	25.537549	2.498140	-23.915557	4.409941	-22.013675	-5.665718	-25.824247	18.123275	12.295424	-22.016352	19.692161	-8.479646	7.758941	
-8.809528	6.480753	-8.152338	23.823195	-15.851812	-14.020129	9.285246	-14.725861	7.297033	20.600547	-16.917031	10.940558	1.175361	-13.220007	-26.781040	-26.606929	17.731793	27.164011	6.188756	-23.079457	15.538938	-4.460029	-21.283001	14.145741	19.998269	13.166317	-12.123981	24.400933	-4.217067	-15.353279	-18.695634	5.992437	25.170528	23.552926	-24.525708	-7.375571	-14.386352	-1.975104	10.264106	25.329371	-8.989550	15.578111	10.683738	-9.778127	-8.357387	-16.711766	10.243770	15.061824	-21.559976	6.277523	
-2.037927	17.970799	11.139530	15.150298	17.089569	-5.445691	10.468587	13.516805	15.560463	-22.504042	17.659238	-18.025763	24.117341	17.195015	-29.429641	-29.278681	-23.995453	1.412749	24.919233	-5.138827	29.898891	2.410149	-6.888256	-22.234634	23.619254	-25.248604	24.475994	22.932886	12.666703	20.960214	4.956082	-23.378943	-7.672321	-19.811346	-2.518168	8.372782	-17.600760	-6.970789	-28.957670	8.431868	-7.434524	8.871414	26.301403	27.158505	16.542575	2.405008	-12.052850	28.877456	5.736558	7.018882	
-13.185956	13.990084	-14.243653	-4.379387	8.927304	-11.896053	9.918690	-11.766015	-8.401612	14.830463	-24.229030	9.690473	17.743003	24.226202	5.920379	-11.629756	-19.093211	20.920277	19.562637	-24.909303	6.434293	8.418158	2.905949	17.468069	24.348812	6.969946	1.320519	-5.093695	-5.628146	13.955892	11.712632	-6.534663	13.783213	-18.005255	0.297491	-20.437466	22.906575	24.625774	13.729749	-17.130046	20.617518	22.970453	20.891984	-0.882659	16.938668	3.898935	-22.937060	-9.731912	-20.201230	-2.364952	
5.686114	-17.158761	6.784464	11.989221	-20.883738	-9.100876	1.679739	-13.042427	1.400477	21.355216	12.916550	12.921896	1.916272	-15.954069	2.248614	-15.556271	-21.211504	-15.812178	13.989750	-8.678910	-9.384788	-5.026177	9.913921	-21.987909	16.208171	-2.979794	-5.144575	19.423265	-16.263823	11.670609	1.985243	0.070274	-12.529648	-18.363331	17.949417	14.407414	-5.562355	-12.844358	-4.825145	1.528419	12.443651	-21.255291	-17.333058	-10.506781	-9.951822	-19.281920	1.494604	-19.810914	-1.884248	19.342480	
9.595001	-12.783017	11.761579	1.835231	-3.718922	-18.410963	-15.966529	-15.555169	-19.187299	17.409619	-11.921400	8.998845	-18.874434	18.386417	-16.091759	-7.517282	-0.591592	9.440925	4.833693	22.019640	-13.567834	18.126562	-23.864519	9.127530	12.757679	-11.615337	-16.611265	20.092354	1.435882	15.793826	12.508516	-21.699801	-12.571143	-23.402030	-3.188738	13.718632	-10.188406	-23.708304	-16.740266	7.182395	-22.467924	22.110246	-20.920590	-3.917980	19.267780	-5.112341	19.716164	-8.487841	-7.348241	-18.044350	
1.714295	8.104871	7.248277	-14.203978	22.787718	-13.789883	-24.268692	0.900686	15.879545	-9.595640	-0.294382	9.306132	-7.318445	-15.536340	7.176533	13.804897	2.693049	-12.215831	-20.591714	16.852890	-29.807282	16.797256	-4.858065	-19.847578	29.761845	16.873302	8.207044	-18.697163	18.278140	-22.336054	11.298886	-26.265948	9.676911	-24.713144	-30.666150	26.750506	31.250680	-29.284209	8.547817	-27.988827	-21.645198	0.114209	14.145350	16.648604	14.043454	16.010155	1.101535	-17.380326	7.610366	-28.312060	
-20.424669	-6.365396	13.970751	19.190254	14.596788	-13.151805	-20.531174	14.579595	21.764559	19.023259	-10.904150	8.487231	-21.253880	-10.425122	2.484662	-13.474620	0.209665	-5.738793	18.271715	-5.897273	-3.254909	-9.693022	-6.237836	-20.510758	21.045543	-9.306523	-1.077941	-15.176594	19.573709	0.529253	-11.173532	13.150940	-3.431175	-17.819447	-10.448432	-0.249041	-5.251754	0.919140	8.511485	-12.956068	16.337515	17.592782	18.835090	-3.893486	8.008939	-17.444489	-17.702583	-18.611459	-15.558312	19.008401	
-0.752117	0.060841	-6.125124	-3.644635	11.653494	-12.615754	4.735917	-2.209814	7.589341	-6.455552	0.417858	14.876031	-10.624850	-3.456213	14.658744	-8.814758	11.363929	8.592295	-3.120863	8.109217	-15.627248	0.978043	-10.664402	4.947764	4.788840	-15.506092	-1.807630	-0.289044	6.620604	-3.021479	1.667122	13.839237	-11.626258	0.648373	0.966127	-14.957144	6.039028	-10.523753	14.530110	9.700510	9.094312	8.951195	5.702905	-14.507589	-5.141802	3.947779	3.267008	6.937145	-0.452611	-13.594175	
5.241252	-15.874143	6.103512	17.785701	17.206525	-7.348657	-5.282006	-11.632181	13.761677	23.917044	-16.521081	6.775399	-5.673321	-19.453580	-16.951006	-13.077910	-6.959466	11.064434	17.251185	23.588146	8.728982	7.676088	17.722862	21.104212	19.201269	22.726795	-1.405581	-18.138912	-1.948743	12.213742	-1.539810	-13.518243	21.378190	9.882439	10.327949	8.796278	-4.233723	-0.849157	14.485419	13.409627	19.868976	5.492158	1.432395	-18.459290	16.508432	-3.398561	6.578341	17.325971	-12.368935	-18.691824	
12.945945	21.005594	-6.871507	-3.704716	10.718574	-15.942623	-15.299276	3.548513	-17.083977	9.289916	21.314296	16.751062	-12.679486	-22.080847	7.205149	23.737045	-0.475218	-21.573949	5.386472	11.398081	21.710363	-18.520299	-11.806712	4.446985	22.292412	4.125964	-21.863959	12.645950	-9.264750	-18.168155	16.248814	16.034014	-15.007168	11.486166	-16.275943	-1.293159	-5.771705	-19.428488	-15.276170	14.700427	-18.641577	-10.465352	-16.690501	6.572082	18.186047	-3.181730	-1.711417	4.373177	16.806954	-5.241208	
1.452402	-24.439744	-17.153118	-5.866323	19.104747	7.496181	23.525322	4.371081	-1.545725	14.369742	14.121590	10.714550	-26.929418	-16.893259	-25.603145	-1.579144	2.447070	-28.279454	13.282447	-7.427344	-16.870328	27.407510	-8.709500	1.573750	7.136614	-18.978576	9.548116	11.117952	7.390453	-28.177439	-25.693034	14.572341	-5.077896	13.940248	-26.598843	7.994337	-14.101780	20.902625	-19.447128	15.810956	-10.496680	15.494025	-27.702182	-19.651902	14.168347	26.811179	28.432772	-18.341173	-24.139995	-5.657912	
1.278463	-10.046787	-9.432594	-23.095974	6.266251	23.950811	-8.864316	-19.563838	2.234857	24.657931	8.171215	-10.131132	-26.268492	1.071575	-8.384999	4.997345	17.493174	24.728789	-16.512001	20.349699	14.307285	17.958659	13.502764	-2.390984	9.778899	9.255935	21.288381	-3.676712	-2.574278	-26.158087	-19.254484	13.133612	-20.322760	18.577239	13.863086	-26.169464	19.075821	20.827437	-23.592884	27.039366	11.356074	-17.582793	-11.892528	-3.927390	21.358105	8.513485	24.311344	-2.706270	-10.561418	20.555849	
-17.367082	-23.556114	-6.399281	-24.079634	-15.386565	-27.805158	-11.580914	-17.473256	25.040962	-13.202729	10.077711	27.179875	16.487135	-1.217369	5.728893	26.072279	-23.762591	21.069799	-27.466251	-7.975070	-13.159033	-12.546823	12.182371	-22.099993	-21.292130	-18.465292	-21.637522	-9.862006	-10.555461	12.336260	-0.810186	-19.471356	10.272225	19.695444	-15.923726	6.931051	17.104316	22.605493	-15.093848	21.234512	18.355716	27.060708	28.558407	8.824590	22.633206	5.082129	-25.109651	10.625943	-18.827396	14.830330	
-4.780625	19.549510	-24.288231	-0.989286	-4.481978	-7.271243	-13.946617	20.166611	10.600688	-22.488881	4.507949	27.431583	-23.841407	27.524362	-8.093318	-5.891468	-12.950278	28.272362	6.599134	-13.096551	19.979130	-7.761695	20.319145	27.343232	-9.876658	19.197888	11.677699	-11.421585	17.985849	-23.315409	-22.810018	26.372072	15.030230	2.360642	-7.420941	1.746994	-25.988976	0.830166	-8.396078	-7.329813	-12.450374	-15.249533	11.882630	17.559053	-17.390630	18.842792	-20.670472	-14.422792	27.204895	3.983630	
-23.972434	21.768688	11.152114	-1.818055	4.035158	-26.911494	22.267466	14.356611	-11.858111	4.066120	-9.309596	-20.682731	-5.279073	3.095114	-25.151105	17.872068	-0.694004	16.145898	-23.017376	6.417225	18.505073	-20.081548	-4.076848	0.633217	-20.585384	2.849942	-20.923659	11.225231	23.811254	2.079075	2.360909	12.206491	15.790078	14.075601	9.999275	-18.819288	0.724195	14.594250	19.688009	-8.404628	10.427786	-14.874074	-21.818947	26.345683	5.683947	-14.339994	-4.895088	-20.308235	-9.626630	-21.571530	
18.197807	-7.946127	0.607394	-14.380364	-9.765716	-20.770368	21.048913	-4.552943	-12.487475	-20.595942	-10.073831	11.886974	-16.094435	7.471191	-11.160188	-6.178992	-18.990537	1.202507	20.524245	5.043765	-11.040674	-21.239119	-3.246141	-11.526541	-10.504170	-12.297677	-9.816186	5.615267	-12.954873	-10.372722	9.847744	-17.321792	2.610194	-2.162493	-16.295939	-17.688921	-20.005070	-12.065143	-19.888643	-10.194594	21.430337	-15.583133	-4.208101	-3.188817	-20.973645	-2.356360	8.407935	-21.966482	-19.638837	3.204659	
-13.736893	-13.477719	23.477406	22.487772	3.107255	-12.265597	1.245256	13.827151	-12.706911	20.672127	25.730282	-3.029936	-19.042091	7.318188	7.225498	9.074635	-14.695222	1.255534	1.225645	13.806478	15.584287	-1.389229	-25.108703	-4.730806	-5.639471	8.341192	-11.065015	0.418991	7.846351	-20.333769	4.119795	-17.811322	3.109340	-12.949536	4.255552	25.808043	1.103006	1.700377	10.776883	2.939133	3.399025	0.273875	-25.208927	8.200873	-9.253106	19.316900	-17.816790	15.372029	-14.172349	-9.501331	
6.642093	4.466068	11.183019	-7.574150	-21.480627	-17.310837	3.603032	9.654189	19.043429	-13.802400	6.929036	9.430352	10.781703	16.579445	-12.199472	-18.119542	-0.388347	4.555807	-17.901219	6.277297	1.149950	17.251235	-11.850932	6.883550	-17.407263	-16.587017	-1.803280	-16.757731	-18.548561	-14.101975	-6.868695	-19.864127	-9.935451	0.706918	7.579177	17.586652	9.641658	-18.574690	7.177572	-18.905024	11.829945	0.124447	-1.919217	-1.819193	18.495859	13.575417	9.261641	13.532462	-3.570174	7.412926	
-12.724463	-27.708149	-24.641858	-28.125601	4.380174	-14.338352	13.681196	13.345359	-12.911440	-7.378066	21.536267	-0.829419	29.097646	-4.021270	6.501573	1.291686	-0.978360	9.820771	-26.856590	-16.450394	-27.164165	5.756936	30.815749	-5.411292	-10.107022	-21.758991	8.648583	-27.100570	-7.388389	-0.698567	15.782618	-7.575351	-12.613303	2.574858	-8.789096	27.560467	-4.150285	0.936641	-22.041270	-22.720311	-29.677674	-21.992354	30.341663	1.228997	-19.449654	-9.577119	-3.750531	3.501677	14.879675	17.678961	
3.378579	20.833941	-22.513003	-6.264842	6.703268	-6.998382	0.416903	8.736880	10.739491	17.287734	-22.979902	-18.962275	3.447321	16.071360	-19.221363	-5.206974	1.599979	21.407435	-0.120226	13.361027	16.852330	-7.340375	-4.427525	11.702099	-24.523571	-15.518853	20.823618	-1.465918	25.821368	-18.769002	1.911769	10.390439	-24.638523	-17.509224	6.064994	10.300922	6.207500	-24.311261	-11.452683	-21.651266	-22.178357	-10.466585	-9.534936	21.350821	-23.144886	0.286009	17.320033	6.285343	-7.705429	-24.933129	
4.658664	15.484464	0.554444	-7.649812	-13.582078	-16.901088	-13.616842	-20.686274	5.094239	-16.014149	-16.636734	9.060662	-0.097270	11.630215	4.888712	-11.499005	20.514670	-8.337724	-20.191478	4.578273	-19.943913	14.938524	-14.319385	-16.444971	17.941542	9.788237	5.009798	-13.502266	8.446921	5.875671	8.511973	8.730057	-7.922387	7.403437	2.251412	16.183270	-13.500827	18.105318	-15.410851	6.969070	4.569488	11.880348	17.781406	-7.901522	-15.826036	-6.206357	5.934849	4.200131	-13.379457	-3.880479	
12.304781	8.560621	-8.364271	19.242792	15.973432	-9.823763	17.514257	0.764157	22.940975	-9.188642	-8.528740	14.309373	-12.825407	-3.616684	9.672174	-11.648554	20.046877	-1.030806	-10.937345	-6.954081	12.805423	-4.847378	-5.352078	4.763189	16.570757	-11.095305	0.438002	-2.961581	21.880573	-18.540957	-10.227717	-11.715616	-17.159781	-6.434877	-18.156790	10.173574	20.578751	10.208819	-1.329797	9.544719	-15.639391	2.428918	-18.844517	2.392015	9.066042	-12.680256	2.079613	11.766404	12.802594	-5.674287	
-3.218020	-23.238676	-18.436999	-6.703417	-0.496305	-8.059283	-9.237718	6.359336	28.282877	5.811915	19.988600	-8.777434	-29.822917	-25.731830	5.477893	21.800407	-19.123927	-29.880642	-14.414821	-29.900826	29.020727	7.314412	-9.843528	12.902861	10.728625	11.156479	16.107568	8.522294	-5.032823	11.741994	23.086825	21.293338	30.423488	-10.551708	-0.345746	21.046838	-4.271859	20.054690	-14.788606	1.702068	28.489543	25.242220	30.467156	-22.271967	-15.677444	-18.854965	29.528719	-14.613155	29.673228	13.453535	
-21.282015	-28.237476	-28.232368	-19.910364	1.298327	-2.973985	-0.941988	0.040245	-19.034544	-12.532612	-26.143474	-22.732019	29.342122	-6.351851	5.096798	-0.672213	1.013401	-22.584248	-14.531770	20.538708	19.075185	17.567168	15.820031	-2.433955	25.920083	-28.220113	-25.851502	-1.233554	-22.217679	-1.342681	-27.874347	12.756039	-2.535876	8.728243	-14.728534	-29.229817	9.990664	-6.243502	-23.090724	-19.594348	-25.498473	13.871476	1.134975	6.790409	13.914107	-6.726431	-28.969649	20.818970	-22.304849	3.176234	
-19.418726	-12.988334	25.173085	11.329443	-6.591735	-2.649410	-11.028386	24.470584	-20.547544	21.742623	-4.399160	6.510176	-19.804016	-9.406065	-5.015772	-19.698944	19.896056	23.520856	-20.922105	23.501505	-9.169997	-4.375330	14.403423	22.434465	-13.402735	-20.542616	-20.989644	4.966886	-13.499682	-3.283536	-21.164120	4.917222	8.543573	-2.434108	9.245421	4.076174	-2.015387	-11.867237	7.879996	-5.937825	-2.642729	24.104354	-25.317572	19.018408	-20.667731	-5.034744	22.386343	-14.967248	-1.492083	12.644350	
25.264545	6.035355	18.913104	-24.317897	-15.698727	17.845287	-4.213793	15.504595	-6.634463	-12.753675	14.348361	-15.280247	18.675697	1.529948	9.902484	-0.952035	3.292194	4.051430	-12.568856	4.716168	6.945640	-22.467341	-17.691882	-19.849199	-9.858194	-15.634506	-24.646651	-11.317519	17.116457	18.322627	-23.689397	5.176004	-13.305884	8.625109	14.912755	-20.481857	-21.622591	-7.817904	3.767276	-15.687931	-16.833435	-4.370185	4.994778	-17.588190	-15.573534	-22.984211	-16.874152	-2.362496	23.639017	-7.710227	
14.719043	-13.279571	13.005584	-20.686372	21.619335	6.298377	-16.829333	-9.647780	-11.546700	5.409718	22.927367	-21.859600	1.725576	-4.199586	17.554575	-21.021398	-18.148791	16.930789	4.349791	11.947694	10.239510	6.894694	3.876500	6.808890	-20.638218	7.649351	17.906817	8.514242	21.257653	-4.456706	9.805075	4.733632	-21.515305	20.925970	-23.594147	17.686378	-15.400840	-22.273241	11.223029	-0.927870	-22.528846	7.670639	8.726715	-20.934862	-24.732691	7.569524	2.995873	-22.539692	-7.485038	-15.453003	
-2.922073	-9.156468	-18.819258	7.598904	10.269189	3.668478	-11.942541	15.861675	-6.450799	8.710650	8.658877	-2.983335	17.655877	-7.457910	-9.457317	-11.156837	-24.018895	21.000769	11.474716	1.679821	-11.257377	-3.027202	-5.379006	17.170645	-11.967573	-19.202026	13.943911	-7.339220	-16.544552	3.691111	-23.065661	-24.546184	-14.802915	-6.734411	2.287460	0.284429	-12.779934	10.930946	0.210270	10.050002	-14.394443	17.742531	3.490139	-5.846229	-20.714331	7.556448	-18.122308	-4.366039	-9.981517	-0.350784	
-14.220595	27.095251	-3.058228	-22.939598	-17.804921	-19.050121	6.447807	7.523306	16.569329	-3.452444	25.373699	12.559024	26.210542	7.326349	18.090948	6.093396	-14.791189	-23.684957	-0.532177	-3.407137	4.776546	-10.334666	26.747373	21.914652	-7.850138	-13.029340	-11.747183	22.726547	-11.319587	-20.172638	17.002013	16.742667	-12.937236	6.484607	-10.458902	-18.574322	15.398223	-7.692434	-27.035207	19.733607	-15.528723	-5.563245	-7.273275	13.806527	18.452720	-2.576686	26.378142	22.741373	-12.062019	-26.440478	
-15.736397	-14.657839	18.418359	27.973864	-14.207516	11.437390	-16.534559	11.183893	3.132366	-8.647909	-11.454274	6.911481	-12.153125	4.249082	12.352484	-7.578054	20.326892	-27.209413	17.106980	-24.137427	-17.907535	13.170263	-2.427755	26.989493	6.629668	-24.605762	6.708628	4.989264	-1.286445	12.628879	17.729435	9.949072	27.300873	-13.237463	6.632584	-24.181918	-10.412191	12.072355	7.132515	26.385679	22.253255	-19.953870	12.387920	-7.596081	-12.766168	25.771108	15.779051	-20.342957	15.231947	-25.582229	
12.411044	16.587195	-16.790838	3.007082	-3.989110	-10.124375	15.590503	-11.609714	4.801735	16.067341	6.441143	-4.259934	2.998998	7.698990	3.033055	9.282223	0.503301	16.459516	-5.995232	5.488306	-14.455239	10.833559	16.750268	-9.470104	-13.132173	-13.678544	-11.386983	-11.838657	-8.190946	-5.732223	-11.958998	-3.922571	10.397439	20.459981	12.260008	8.983670	-17.780526	9.825281	-2.311775	-5.668626	-17.982120	11.694904	-9.062687	8.789985	-9.155742	5.833252	-12.332162	20.590199	17.880873	-14.420392	
-23.877910	-12.803053	-8.930566	-15.436309	-9.444614	16.612726	24.352830	-19.232603	15.362854	2.384067	12.443897	25.636265	16.610266	11.030450	19.543257	-0.267940	-4.488282	-20.196626	17.516051	-26.039930	-4.973044	26.887745	-8.263605	-5.839612	-13.605097	17.314623	-10.413983	12.466963	-13.411836	3.385152	-3.963873	-22.268454	22.296455	22.640552	25.589161	5.115351	-25.058283	-19.645173	5.201064	-23.545023	17.321003	-15.351282	-24.595041	-17.578963	-18.562913	-22.839811	-5.766239	22.117813	-13.283787	22.883356	
9.547284	-11.358352	-6.828892	-18.178855	24.248501	-15.141828	-4.873682	11.877961	23.239528	-2.957776	-25.843695	11.018600	-1.599859	-17.259242	6.079643	11.510886	-1.504499	-14.792611	18.610695	19.863580	-21.715291	22.642064	23.510912	-25.994498	-12.687579	-0.202699	-4.331065	-9.357130	19.702085	3.108905	-1.220002	22.147408	-15.608540	3.516455	14.995542	18.111672	-1.731771	-11.117069	-8.885517	-19.557932	-13.181550	12.247476	14.369602	-4.375037	14.454003	-2.534645	-25.869554	8.892427	18.528388	2.811034	
5.058070	-19.386953	-9.137870	-23.459717	18.066455	0.768599	-20.874013	-16.741095	21.820987	24.508929	-11.946576	-13.011601	22.689965	-25.815745	6.842521	-3.921306	1.527511	-19.398224	-20.060822	-10.465215	0.390529	21.213983	-14.832516	-3.793208	12.926403	-22.330816	7.749036	-16.138060	-4.338614	-8.710008	6.604555	24.540536	21.402020	-2.294794	-0.542681	21.444366	18.450341	-20.869907	-23.316897	-25.109285	-2.872053	8.039479	19.497920	19.245241	-1.163351	23.678688	-7.878736	3.790217	20.397918	-9.514480	
14.774296	21.090485	-16.610617	20.773839	-3.782210	24.720903	-12.780088	18.910877	11.487291	-6.239231	-20.415287	11.903481	21.925148	-5.189561	-8.043577	22.620975	9.239462	-13.467990	-11.872783	-10.751116	7.454592	-24.068320	-0.138126	-9.468592	-17.486121	-7.477152	12.655141	12.705689	5.778425	18.769419	6.897820	-16.917291	20.382815	-1.989976	-2.479624	16.812513	14.658652	-22.904504	18.357623	-17.705521	19.558706	-16.564855	17.976424	-8.853100	3.406251	-17.808913	25.226114	2.250494	-7.063157	-21.282599	
-22.374491	-19.860771	6.930925	-28.930859	-26.014690	12.252556	6.861188	24.753482	-22.213317	-14.946122	14.039199	-1.452254	23.916657	16.603120	-25.176205	28.639830	-0.795116	11.795490	-17.015327	-19.041946	2.881650	13.333340	-22.684240	29.152842	13.721359	-4.476551	26.240863	25.739589	-7.954080	2.557530	20.100793	21.738780	-10.571371	-19.341143	14.585242	22.965710	-11.125438	25.830803	26.697323	21.250278	3.976427	-23.774080	16.993561	-4.326156	-11.194704	23.165639	24.624479	29.384110	26.428058	19.352168	
20.005547	-2.406711	-11.829616	-18.433879	-9.128676	7.813534	-12.889778	9.691928	-15.138647	-9.751432	-4.829472	12.350979	-13.710155	18.499066	-9.816072	-0.782238	7.252710	-3.872942	16.716847	-16.004546	18.894634	0.183867	6.267081	-8.383420	17.577868	9.957589	-5.700290	-3.458879	20.749386	22.955692	-16.273790	-23.203399	16.803362	-14.422143	10.935476	22.168200	10.606323	11.572544	12.731704	12.706781	13.608703	-22.064799	-3.748794	13.435334	18.579935	20.724248	19.349231	18.021744	13.897128	8.477515	
8.021690	14.954975	18.799985	-11.011961	17.109542	7.424971	8.347423	2.363565	-7.215242	-18.585477	-18.178480	11.880581	-11.663927	-12.726418	1.899330	2.595184	-7.589398	9.815273	4.680880	3.069269	15.374696	-2.557451	15.969939	-18.312907	-12.348892	-7.896201	-0.100866	9.904678	-4.408885	1.673781	1.699276	2.804853	-12.684613	10.797836	3.639505	18.838207	19.396341	-16.967489	-10.235630	-16.455040	7.625255	-3.633086	13.165518	13.966199	-9.282006	-10.493935	9.888769	10.370082	8.741443	-2.382011	
-23.507046	-8.808591	-21.587746	-24.375905	16.402284	-17.965193	-1.778215	18.584071	23.235699	12.161179	-7.427616	0.854773	-21.423357	11.825592	21.692954	-21.561863	4.948927	10.132872	-2.138723	-21.352265	-7.440881	-24.750981	-18.852669	-4.918664	0.816308	14.337346	-24.423157	-0.102599	-14.814708	-7.262760	-19.767081	5.596987	21.842534	6.266943	-14.482539	9.429701	12.993750	-5.402550	2.746025	-3.897293	-15.757753	18.408095	10.559557	-14.448536	15.788055	8.073015	-13.518448	-2.558438	-6.756695	11.811812	
-6.967534	17.624436	4.193054	-18.655539	15.046315	-23.371052	3.435125	14.791424	17.751480	-2.441710	7.057864	-21.444706	-16.147027	8.005476	5.138385	-16.201427	-22.873498	-20.265165	-18.044612	11.666186	-14.541255	20.309297	1.114158	-15.464266	23.253091	7.933172	-13.656444	9.015555	1.840386	15.933907	-14.970648	23.894701	22.891263	-7.036493	23.560411	5.289749	18.296510	16.999598	13.055895	17.369281	13.508625	7.879769	-14.013423	-0.338869	-17.245574	24.262863	-21.088950	17.133088	20.060800	24.163921	
-8.874488	-16.833154	-22.938725	1.204607	-21.594921	10.614546	20.981406	-2.492824	-0.787072	-20.041750	-17.250938	-4.065199	9.694316	-24.719002	21.816099	-2.699441	1.208223	18.659811	-21.235783	-22.978366	16.970278	17.716235	12.588459	-2.241095	18.588947	0.835525	-4.255277	-15.230459	16.847132	-13.373821	-11.966252	-5.398622	-2.787485	1.378592	14.519813	0.260970	-3.454177	-11.452738	21.700859	17.455825	-21.929520	10.440984	-11.827367	-9.505256	-15.040484	-15.022472	-14.014876	6.400204	-18.904316	7.229224	
-4.680199	-15.923186	-17.134855	5.211432	-4.587892	7.135948	-2.735469	18.453556	17.867635	-9.361657	-9.442324	-16.292523	5.567392	-0.332730	8.015190	-9.044648	5.196328	17.393851	-17.293045	-4.603791	17.732280	-9.269811	-15.412371	-3.662365	15.127167	-6.264255	16.439174	-15.528347	-12.102592	15.321239	-4.638270	9.390357	-12.856212	-9.904570	-3.907452	-17.103815	8.096890	-19.097939	-6.219929	-19.977891	9.072864	-17.717858	-10.902497	6.710081	-9.210361	-2.865083	8.478635	14.606284	9.126588	-18.459449	
-0.870186	7.955465	18.820344	-6.229370	15.368307	-5.882908	5.916153	-22.918954	8.186028	-24.811987	6.542656	-19.254287	-10.201071	0.029270	-15.315732	12.191336	6.261386	-3.348757	4.062680	-2.990818	-21.691067	12.563394	-7.183005	14.768362	-6.515904	-13.370811	-1.982827	-19.900588	-4.786725	-8.625648	2.637029	-23.962969	8.283112	-22.587568	-24.105891	15.793657	1.722233	-5.171065	-20.534815	-6.304837	20.754999	6.642191	-20.343618	6.714324	11.805206	21.378386	19.249909	-14.310263	-5.495594	8.703209	
-8.976238	-3.637535	-14.177420	15.508527	1.073227	-26.256043	23.592233	-14.118171	9.895948	26.086847	-25.924250	-8.729999	27.254833	-18.917755	-23.699084	-20.876297	6.552657	8.698146	11.029852	15.526216	-21.978676	21.805290	-8.025604	-5.301254	2.360816	7.396486	-6.405570	25.710062	12.732640	0.407434	-11.358735	12.811046	7.905797	19.110653	18.554949	-24.544387	12.540785	12.852640	-8.812094	3.068924	20.392127	26.407671	-23.395125	18.178285	26.665220	20.060900	15.894343	-13.369892	-5.304926	16.261486	
16.382927	12.664386	12.708762	-24.756970	-22.207551	11.478439	2.647786	-30.322215	5.689993	25.027077	-8.919377	16.147450	-30.520727	-30.275345	-11.753739	5.915792	19.392828	-1.153652	3.433674	-17.820358	-18.154000	-3.672051	25.259198	-3.210546	-2.689304	15.665573	-26.863632	-26.135856	22.266536	-8.730784	16.459622	10.260570	-13.513065	-15.898521	30.619162	17.970177	-2.581209	30.309006	-17.669369	-30.184774	17.463920	-29.153127	-8.804038	25.534994	22.104869	2.845575	-9.968346	6.872830	-13.744113	29.684149	
21.628246	2.175069	-11.062638	16.261806	-12.222692	7.611320	-10.159964	15.653946	20.340272	-21.101450	-8.727714	2.770375	-2.037909	-6.286497	19.718574	-6.527123	-15.427622	-2.702754	6.472729	0.709780	11.037362	0.307886	11.375877	-9.508285	-11.274579	21.196555	-19.511429	-19.126301	12.042631	13.666813	9.110377	-21.858741	-6.941511	21.675345	19.408761	3.549542	3.472154	9.937828	-11.200558	-9.564558	8.058187	-3.746325	11.994797	-17.594334	-4.229673	-7.167523	19.123315	-11.617330	3.897199	7.084188	
3.510818	18.690514	23.258812	15.083933	16.051957	6.016251	-13.986691	-8.866785	17.860664	-1.322693	16.521615	-18.591702	-8.261065	12.986979	21.364648	4.392135	5.010263	7.920034	-17.412054	-8.155112	-13.845384	24.283857	-18.206442	19.653149	-2.924552	-11.945160	-12.432946	23.203117	-3.742660	-20.503951	3.677479	-9.391909	-6.959152	-1.687039	-13.874999	16.973861	21.729897	18.689002	-3.370709	23.221182	-3.415519	8.496451	-1.647379	16.259845	15.513368	-22.876847	6.538203	-3.086548	-10.923319	23.361622	
-7.907229	-14.104236	15.750395	11.666513	-9.132249	4.011431	-4.821034	9.483244	12.461199	17.673859	15.752556	-3.743404	-4.271693	4.282654	12.211469	-2.349766	-15.008228	-15.042470	-10.960778	3.596921	-1.442737	5.863887	11.018682	-1.945348	6.256686	-8.025977	11.842564	-16.502492	-11.599987	-11.873945	16.879092	9.217641	10.531282	16.471426	-16.332147	13.745803	16.608622	1.983256	7.239465	11.636957	16.736846	-10.924192	-2.417907	3.012449	-12.013761	17.492993	-11.052968	-6.809389	10.995463	12.313612	
-9.937970	-19.950709	2.116569	-24.756497	-25.953126	24.145898	10.048332	20.444651	26.554827	-4.941136	-16.991187	-2.883784	-19.424922	-2.816510	5.392181	-10.983793	0.181200	5.673139	-3.527467	-21.623368	15.888000	13.671308	25.027238	25.160989	-24.372055	-18.133363	20.159280	24.447046	8.500554	19.171911	20.707719	12.198385	23.702031	-22.786924	-11.446448	25.337934	24.058785	16.020296	15.223163	-5.307908	23.477015	-4.185747	-11.838453	-4.089557	7.028360	17.510483	-10.783018	3.757135	-18.274879	21.016845	
-4.188355	15.995717	15.554804	-0.760025	-2.051906	3.138515	-15.896340	-8.274647	-9.742969	-20.284318	-1.324268	4.153810	-1.166186	-8.302510	8.709797	8.997665	10.842954	-5.518861	22.637770	7.700796	-16.643550	10.202559	-3.937531	2.001650	-14.180658	17.796359	-21.168876	6.229732	-15.341682	23.644798	-16.822960	16.857361	6.233467	19.845841	-13.320235	-8.941994	11.168805	-13.840153	10.464075	-9.083868	-21.282470	10.150246	-5.574776	13.924918	10.675504	2.993859	-14.319932	9.601887	-21.529391	-22.266695	
5.384396	-19.961977	0.564626	-9.944063	-8.883456	-3.519768	-10.926870	13.921419	-8.450924	-13.522272	-11.595981	-15.227667	25.902163	-9.610896	-6.981427	9.778783	13.439772	-17.279644	-8.917110	-5.531454	19.361006	25.271914	-18.281567	24.308983	19.184591	-14.027248	-15.679002	-16.641795	15.420386	19.119802	2.310800	-13.363259	7.153130	12.312977	-12.309510	0.328207	-22.801552	5.791007	1.570902	-8.086635	19.154733	7.583211	-3.640176	11.113442	-23.159714	20.181401	22.410098	-0.117418	16.211522	13.734384	
-7.304410	-4.778282	1.435681	-20.421827	22.272715	-15.749987	-22.403814	1.764559	-17.502535	2.478701	17.728178	6.602630	20.179609	-10.666837	6.270671	-16.958567	16.102525	-8.547639	-3.808268	0.377920	-4.741494	1.475828	19.809795	-18.902265	-19.130033	23.331941	-11.793397	-18.203410	14.441468	-11.038659	-2.873994	-17.936073	6.030964	20.843566	18.996749	21.380709	-2.113745	10.958667	-8.415816	9.087659	4.324285	10.571576	-2.079220	-19.967872	-12.572237	4.952200	4.807164	13.002447	-10.749185	-9.962313	
-16.851791	3.103455	-1.754417	-23.462090	-15.100526	3.550536	10.686682	-7.932863	-6.790928	4.826131	-25.957830	-15.988456	14.606670	-7.124376	12.586874	16.552077	-6.026651	-21.250281	20.981659	-12.258881	-22.651564	10.697320	19.597499	-22.364290	15.848454	1.452903	17.361547	-13.780220	-2.895141	10.992626	-30.305795	22.387404	-13.785634	20.835745	6.084479	13.785266	6.225961	7.180617	-13.746644	23.411455	18.131947	-8.570155	17.793065	-1.297281	-10.480500	-5.761020	11.489811	-12.476626	25.222148	-26.804614	
-16.231697	-23.145385	-3.361052	-16.554883	15.234694	9.697933	-7.035779	14.041143	8.935388	17.051332	21.392577	13.068130	-21.594773	1.474394	6.271075	1.847466	-24.003509	-21.900866	-11.302626	-22.770104	17.793652	-5.733676	0.699910	-16.520766	16.194614	11.573362	0.736250	6.135349	17.038587	-11.214896	13.245016	-17.660480	19.144670	11.611038	12.144912	24.982236	5.967052	17.876757	13.532434	-14.377573	3.417212	-13.981215	-17.170230	25.652698	10.502353	-5.887101	-17.501311	-15.950786	-23.045614	5.666057	
-21.300439	-5.863836	-0.995119	0.519270	13.027166	-21.159687	14.065777	19.902054	-14.310706	2.091580	15.760917	-11.469499	-5.044174	8.580255	0.032962	-12.782169	3.364597	18.431421	-17.938779	2.792475	6.502359	-7.220500	22.488854	-5.089343	11.421968	17.032837	-15.212757	10.109917	15.298081	17.597583	-1.156285	15.215694	-11.429628	21.965376	-4.761456	-16.846699	4.626748	-19.007670	4.391589	2.245389	-13.178099	0.608033	-2.464049	7.930751	-6.714960	-9.574146	-18.479891	-0.391495	3.836448	12.379801	
-20.847529	5.905847	21.440754	13.431313	19.672190	-8.345495	-3.620406	-21.158656	15.176973	6.859392	13.796180	17.795901	-1.458317	1.132355	20.946075	-8.586583	-15.553133	-17.953179	15.899525	10.066543	-7.504561	8.515865	14.950451	-20.783114	7.093618	-16.346716	18.418481	9.127136	12.787285	-7.043361	14.495108	7.819792	9.492018	-0.148484	-16.539360	-15.695203	-7.380477	-4.320596	4.207133	8.208245	-18.287662	3.196465	-0.177754	-1.569628	3.740717	11.193790	-17.563894	-8.020934	-21.946074	-3.915415	
-15.640322	-8.559141	-8.432663	4.228632	15.872149	-0.417926	7.720796	-15.902740	-2.576458	-6.625855	-3.291724	13.420255	18.691478	-2.929638	-8.010193	16.598721	-18.362914	-7.847695	-14.368830	13.134130	14.661349	-12.352488	-0.537347	-7.623669	20.321169	-0.799674	1.740231	13.023610	0.503768	9.328942	-5.838481	-9.944113	18.791749	11.160205	-9.665735	3.547198	-6.886349	-0.646230	-5.814332	-13.154512	-7.316412	10.914904	19.086410	12.555701	-9.995248	-5.678960	0.034175	5.346392	18.302530	-8.294794	
0.032206	0.023289	0.020143	0.025225	0.021609	0.017995	0.008338	0.004497	0.028918	0.029929	0.030839	0.033441	0.023934	0.015406	0.002828	0.025596	0.028419	0.031537	0.004629	0.006192	0.025143	0.009039	0.022876	0.015735	0.026769	0.026304	0.020764	0.035825	0.004547	0.018707	0.029142	0.031667	0.011048	0.024426	0.023199	0.007691	0.004000	0.000189	0.024315	0.018421	0.018622	0.033495	0.014242	0.023703	0.026526	0.031651	0.030627	0.012077	0.004784	0.009495	
0.025549	0.003385	0.025052	0.018332	0.020350	0.034588	0.022741	0.015208	0.017359	0.033083	0.003921	0.020199	0.013630	0.031945	0.034507	0.025745	0.011130	0.032413	0.012641	0.030600	0.033627	0.029206	0.000162	0.001987	0.001223	0.003532	0.041408	0.021062	0.035279	0.005012	0.034101	0.006864	0.033069	0.026066	0.006839	0.007342	0.038633	0.007401	0.023726	0.026651	0.006248	0.029509	0.039195	0.001336	0.017839	0.007964	0.008687	0.020208	0.011261	0.042186	
0.013269	0.016573	0.010339	0.001970	0.023700	0.023583	0.024909	0.013476	0.017235	0.036267	0.006436	0.019236	0.025400	0.035165	0.031274	0.029969	0.012290	0.011296	0.005060	0.018976	0.008659	0.032381	0.032127	0.024287	0.003654	0.029184	0.025920	0.009998	0.028180	0.032951	0.008551	0.010063	0.015089	0.035106	0.016730	0.031930	0.035290	0.031301	0.025677	0.033078	0.025551	0.009344	0.017106	0.001027	0.014334	0.035062	0.014884	0.002443	0.016988	0.016681	
0.034041	0.033969	0.022796	0.001473	0.005404	0.017593	0.019981	0.018351	0.023740	0.011834	0.008703	0.023875	0.003337	0.033106	0.030880	0.028621	0.023743	0.029859	0.027377	0.006234	0.022060	0.028448	0.012901	0.026630	0.028566	0.001863	0.010820	0.024360	0.025242	0.032158	0.020333	0.023042	0.014991	0.017676	0.011292	0.007748	0.010074	0.016558	0.029697	0.026673	0.026446	0.009961	0.012418	0.030965	0.014396	0.031142	0.013475	0.033214	0.000092	0.031842	
0.034060	0.022872	0.023838	0.022986	0.028419	0.038574	0.007293	0.023246	0.029429	0.026534	0.029867	0.033603	0.005728	0.027159	0.001490	0.034585	0.005381	0.014378	0.027956	0.024441	0.027271	0.010687	0.030642	0.035766	0.010617	0.004580	0.008402	0.026154	0.006348	0.022320	0.006336	0.027256	0.028023	0.000622	0.030244	0.017042	0.035901	0.017341	0.017711	0.017112	0.022050	0.018409	0.001866	0.009254	0.014653	0.018360	0.020177	0.007055	0.021126	0.024836	
0.022097	0.016562	0.028138	0.010591	0.036893	0.010309	0.031869	0.008704	0.024793	0.033271	0.005377	0.001269	0.029405	0.029134	0.009886	0.023341	0.023258	0.029769	0.016076	0.021674	0.005425	0.019005	0.007195	0.032774	0.007810	0.026268	0.007913	0.034213	0.032643	0.009435	0.036929	0.005506	0.023211	0.023475	0.003403	0.026655	0.019799	0.015395	0.032590	0.025804	0.037212	0.025933	0.017799	0.008490	0.031031	0.012029	0.024453	0.011259	0.003527	0.020403	
0.029900	0.029907	0.008242	0.002092	0.013194	0.022021	0.019010	0.008461	0.005960	0.034253	0.013727	0.031726	0.032617	0.028268	0.000628	0.008020	0.029189	0.025898	0.007951	0.002857	0.029264	0.034096	0.032266	0.019779	0.031168	0.021599	0.008006	0.018027	0.010588	0.026180	0.014794	0.019932	0.021340	0.028079	0.033653	0.012138	0.020713	0.031838	0.020694	0.020987	0.024163	0.024181	0.021077	0.009091	0.014072	0.004664	0.030823	0.014735	0.023426	0.024706	
0.021663	0.015011	0.014107	0.028711	0.004028	0.019974	0.030617	0.007559	0.019644	0.021286	0.016449	0.036868	0.032402	0.036094	0.019033	0.024556	0.007633	0.018622	0.028378	0.023989	0.029210	0.013636	0.031097	0.008170	0.018443	0.010407	0.018952	0.015378	0.011433	0.012714	0.018131	0.013402	0.003851	0.014334	0.029992	0.024057	0.025897	0.009248	0.015877	0.031395	0.022692	0.021512	0.011862	0.024387	0.033560	0.027998	0.013989	0.011843	0.015754	0.034153	
0.027945	0.032393	0.023983	0.031635	0.018166	0.034376	0.025364	0.038321	0.018767	0.013191	0.007700	0.016697	0.007737	0.003128	0.006927	0.015382	0.036037	0.034374	0.033857	0.022217	0.000848	0.011588	0.031254	0.021166	0.026399	0.000702	0.013699	0.010213	0.014136	0.036044	0.014576	0.013073	0.012141	0.038174	0.023771	0.025485	0.008453	0.017259	0.008614	0.014079	0.009170	0.031698	0.019186	0.002970	0.019782	0.020886	0.005954	0.038191	0.030501	0.031793	
0.029058	0.030395	0.021135	0.030548	0.027417	0.027736	0.006329	0.021752	0.001461	0.015779	0.029365	0.007537	0.019885	0.014726	0.032264	0.030582	0.034210	0.010675	0.016249	0.005735	0.025363	0.001393	0.021311	0.031893	0.019226	0.027155	0.002832	0.004261	0.002693	0.001746	0.027444	0.008894	0.030025	0.025053	0.008704	0.029097	0.026530	0.034188	0.032571	0.000368	0.012569	0.033611	0.008513	0.033830	0.026321	0.024151	0.029916	0.026184	0.012531	0.018789	
0.023965	0.037620	0.038533	0.035676	0.030994	0.011213	0.018830	0.001173	0.018382	0.027777	0.039207	0.008350	0.017945	0.017069	0.027234	0.018719	0.001870	0.038985	0.016115	0.034082	0.035947	0.019071	0.011155	0.000008	0.021065	0.033013	0.024138	0.014058	0.041619	0.023478	0.008777	0.002170	0.012671	0.003763	0.031587	0.037866	0.004110	0.002431	0.011271	0.004051	0.025943	0.023651	0.030314	0.014332	0.000836	0.012753	0.013560	0.011063	0.035943	0.025622	
0.021796	0.002034	0.031513	0.012119	0.035139	0.035752	0.012823	0.020715	0.003464	0.007535	0.022933	0.034924	0.033006	0.007448	0.007643	0.029983	0.007320	0.033226	0.002929	0.009572	0.035194	0.030450	0.025995	0.012719	0.035102	0.014191	0.007672	0.006861	0.016770	0.019358	0.035159	0.010185	0.023374	0.005037	0.015323	0.018386	0.023087	0.014622	0.017180	0.039447	0.024832	0.031743	0.026455	0.037405	0.010468	0.029920	0.023813	0.008004	0.001710	0.027662	
0.008195	0.030089	0.025314	0.007945	0.031903	0.025244	0.036097	0.014341	0.016691	0.020687	0.006844	0.015384	0.013947	0.007531	0.021525	0.001758	0.035914	0.031432	0.018346	0.020580	0.011808	0.020078	0.025824	0.024639	0.023531	0.004105	0.014543	0.030042	0.031587	0.027902	0.017543	0.034851	0.013266	0.024749	0.017121	0.022864	0.030434	0.019732	0.032982	0.020692	0.014231	0.033727	0.009227	0.016382	0.025703	0.029118	0.017002	0.000193	0.003148	0.013207	
0.020617	0.012404	0.020366	0.029249	0.000546	0.027762	0.038725	0.006930	0.009927	0.006519	0.034326	0.035628	0.033458	0.031102	0.027558	0.021532	0.011106	0.008648	0.012571	0.014085	0.016372	0.007414	0.001858	0.008107	0.000729	0.025246	0.008658	0.017404	0.007449	0.023810	0.034171	0.003571	0.029451	0.016916	0.035188	0.032255	0.006627	0.031514	0.011551	0.017661	0.031677	0.005670	0.039781	0.028957	0.032028	0.039165	0.014647	0.035766	0.032797	0.000499	
0.016747	0.039977	0.022685	0.012946	0.029127	0.035125	0.019433	0.013212	0.004471	0.013872	0.010078	0.006345	0.003035	0.018007	0.035007	0.029612	0.010540	0.014986	0.040223	0.040622	0.012639	0.013439	0.006717	0.004013	0.019046	0.019086	0.000596	0.010424	0.013404	0.001004	0.019151	0.016859	0.023867	0.031391	0.033210	0.027013	0.036375	0.038391	0.006701	0.026225	0.017699	0.024149	0.028571	0.022858	0.031052	0.000874	0.021531	0.027844	0.033040	0.016781	
0.022088	0.013442	0.023513	0.036960	0.034491	0.002713	0.008310	0.034423	0.028030	0.017058	0.035138	0.033247	0.013141	0.022161	0.007472	0.033204	0.005320	0.038083	0.025472	0.013324	0.026384	0.032165	0.001482	0.038753	0.012107	0.011550	0.031839	0.001065	0.035755	0.000186	0.033987	0.016290	0.023732	0.019714	0.015147	0.013273	0.028958	0.033667	0.001657	0.024209	0.001598	0.036522	0.018150	0.033173	0.014087	0.006459	0.008237	0.029638	0.002546	0.000082	
0.034244	0.000783	0.027038	0.017648	0.007926	0.005002	0.012767	0.019504	0.032462	0.028920	0.032107	0.032444	0.029627	0.000897	0.000537	0.015174	0.031773	0.025255	0.034367	0.018304	0.020350	0.025756	0.035019	0.014774	0.016859	0.019985	0.011833	0.009293	0.013254	0.029952	0.013288	0.028649	0.002522	0.008908	0.030890	0.025744	0.009398	0.034679	0.025166	0.016790	0.028048	0.019658	0.002891	0.032701	0.020423	0.018327	0.033929	0.006291	0.003433	0.034413	
0.032810	0.009211	0.031149	0.027794	0.020859	0.004530	0.008479	0.032357	0.026659	0.016522	0.002539	0.014832	0.024721	0.019659	0.040005	0.011192	0.033087	0.007782	0.006329	0.034801	0.024547	0.027754	0.034931	0.023620	0.014880	0.015894	0.032660	0.029149	0.021077	0.026945	0.025707	0.013053	0.013813	0.018082	0.023649	0.038967	0.012382	0.031386	0.034334	0.031953	0.000728	0.001804	0.004135	0.013968	0.005414	0.014202	0.000155	0.033509	0.005424	0.020561	
0.031793	0.028283	0.025302	0.001715	0.014916	0.027703	0.020618	0.016936	0.007408	0.004130	0.016415	0.002459	0.011717	0.039719	0.004679	0.036866	0.030549	0.033423	0.003368	0.009568	0.011608	0.003816	0.032279	0.021513	0.001642	0.034502	0.035807	0.007074	0.022568	0.024632	0.034932	0.020419	0.015932	0.001087	0.018262	0.013040	0.021119	0.029612	0.000236	0.019850	0.037529	0.020345	0.037225	0.035123	0.014658	0.011748	0.035322	0.016958	0.030003	0.023591	
0.005968	0.007843	0.032636	0.018453	0.012454	0.010857	0.002925	0.009930	0.021992	0.024009	0.034076	0.001405	0.015387	0.001887	0.033707	0.023579	0.018725	0.027912	0.022649	0.004722	0.035132	0.001917	0.028420	0.018525	0.016880	0.003098	0.023407	0.034838	0.024383	0.026428	0.019243	0.022475	0.016720	0.023370	0.021270	0.007184	0.025884	0.019693	0.023596	0.032693	0.027444	0.016961	0.024016	0.019198	0.034918	0.030297	0.001875	0.023301	0.031244	0.034475	
0.013345	0.013665	0.023244	0.020744	0.004319	0.009398	0.001924	0.030490	0.026437	0.007393	0.031490	0.010235	0.002386	0.026059	0.004911	0.038501	0.021236	0.005010	0.003299	0.024641	0.020707	0.026323	0.023523	0.010184	0.002244	0.006853	0.018806	0.037412	0.023081	0.039507	0.030567	0.034368	0.005339	0.015439	0.011097	0.039226	0.031334	0.029336	0.040687	0.019171	0.036080	0.013542	0.009520	0.009595	0.028721	0.017984	0.023045	0.024095	0.030405	0.023084	
0.017683	0.011285	0.006436	0.013824	0.031464	0.014376	0.011773	0.019241	0.035237	0.026140	0.004441	0.023109	0.031189	0.025715	0.001430	0.019496	0.020460	0.021217	0.035362	0.027000	0.024307	0.022845	0.004074	0.009185	0.015915	0.028630	0.020779	0.010594	0.011566	0.028510	0.009670	0.032499	0.029182	0.030185	0.018469	0.012456	0.001179	0.027655	0.017276	0.020702	0.035899	0.021600	0.030952	0.015735	0.023545	0.013204	0.030824	0.007796	0.028291	0.019599	
0.043153	0.023304	0.016722	0.002061	0.015262	0.026022	0.033689	0.009025	0.021258	0.008995	0.015230	0.012773	0.011352	0.040252	0.017957	0.015013	0.000929	0.009421	0.022782	0.010329	0.044649	0.011734	0.004244	0.002020	0.002625	0.039983	0.024159	0.022666	0.016230	0.003242	0.025828	0.026067	0.036189	0.039940	0.015700	0.009942	0.038734	0.004619	0.044405	0.001897	0.036603	0.026814	0.005095	0.029924	0.019049	0.005194	0.040876	0.016534	0.015585	0.033921	
0.040079	0.008619	0.024871	0.016065	0.008451	0.001418	0.016033	0.011516	0.003222	0.033417	0.003012	0.034659	0.026914	0.015128	0.039195	0.031718	0.017913	0.007376	0.037376	0.017340	0.006640	0.028370	0.026088	0.021633	0.024130	0.028519	0.002250	0.009936	0.007487	0.021224	0.003587	0.008404	0.003207	0.012619	0.019138	0.021902	0.033881	0.030201	0.000486	0.031695	0.015213	0.018189	0.027509	0.027492	0.030739	0.031829	0.035577	0.000021	0.037630	0.040079	
0.035377	0.010843	0.026430	0.012958	0.035600	0.004809	0.007018	0.021042	0.029350	0.003436	0.009736	0.028939	0.011591	0.012474	0.033881	0.003421	0.029101	0.018214	0.032594	0.004878	0.034607	0.011477	0.006846	0.008233	0.028464	0.007881	0.023941	0.034348	0.020529	0.024009	0.017241	0.023828	0.009674	0.007190	0.034553	0.014794	0.038398	0.015791	0.025704	0.014718	0.031810	0.020916	0.006341	0.035704	0.042594	0.017645	0.008734	0.005186	0.038996	0.018152	
0.005160	0.027652	0.006123	0.005028	0.000084	0.002330	0.041946	0.018815	0.038244	0.012282	0.015296	0.024951	0.005121	0.043681	0.029871	0.015819	0.000013	0.007225	0.006065	0.033422	0.040797	0.031486	0.028705	0.030093	0.011820	0.038990	0.002476	0.028252	0.037274	0.012820	0.011389	0.024791	0.010825	0.011713	0.010201	0.015276	0.022734	0.004606	0.045537	0.037810	0.013561	0.020102	0.042479	0.005329	0.000864	0.036854	0.011318	0.036548	0.001270	0.034954	
0.012165	0.033997	0.009838	0.001168	0.003790	0.031921	0.028280	0.031887	0.015945	0.014299	0.027728	0.027497	0.010940	0.013799	0.009676	0.002084	0.029374	0.023479	0.035443	0.022517	0.030879	0.001264	0.024476	0.025328	0.020665	0.013515	0.037501	0.003444	0.019343	0.037728	0.006693	0.016613	0.035525	0.020174	0.028840	0.008233	0.034196	0.021635	0.028600	0.003098	0.005903	0.013503	0.037368	0.008016	0.029114	0.033106	0.030472	0.031898	0.006383	0.000655	
0.030374	0.035803	0.032956	0.030269	0.022450	0.022842	0.002220	0.015235	0.021119	0.003571	0.022354	0.031303	0.011460	0.017997	0.034280	0.001616	0.013320	0.037111	0.008731	0.033139	0.038207	0.024392	0.027680	0.007940	0.007218	0.007465	0.011092	0.025201	0.026318	0.038448	0.014778	0.016837	0.026225	0.030308	0.011574	0.020407	0.021378	0.016237	0.017615	0.006619	0.038711	0.016728	0.022874	0.000766	0.010059	0.006520	0.022727	0.021159	0.016762	0.019608	
0.008353	0.003608	0.015091	0.016819	0.048057	0.010681	0.006741	0.040675	0.014743	0.037312	0.016309	0.016277	0.012550	0.043788	0.004212	0.013650	0.031859	0.012367	0.033477	0.001843	0.047379	0.027427	0.014069	0.005203	0.006496	0.002017	0.020312	0.036553	0.022156	0.033413	0.041519	0.008652	0.007419	0.024648	0.035750	0.011900	0.029937	0.025552	0.025644	0.009999	0.002160	0.023771	0.007139	0.023096	0.026336	0.014404	0.001086	0.018504	0.028135	0.030911	
0.004851	0.009361	0.042377	0.000213	0.020278	0.030164	0.007881	0.018778	0.002966	0.002865	0.017540	0.000485	0.036960	0.034701	0.021259	0.014337	0.020741	0.008429	0.030859	0.033038	0.000808	0.034889	0.028611	0.033554	0.028390	0.039350	0.027550	0.011618	0.042202	0.042305	0.033512	0.004905	0.012820	0.006443	0.027316	0.038058	0.011103	0.005979	0.015648	0.016350	0.013928	0.033771	0.016711	0.003881	0.010241	0.038851	0.020800	0.004683	0.036911	0.000728	
0.038994	0.020521	0.001190	0.027084	0.006222	0.010531	0.023216	0.021112	0.019568	0.020217	0.032382	0.000679	0.035217	0.031470	0.023365	0.023751	0.024366	0.023426	0.017533	0.013455	0.034641	0.022308	0.014052	0.007100	0.038278	0.032389	0.030362	0.005053	0.016136	0.000427	0.012648	0.013246	0.026168	0.020858	0.038762	0.022410	0.030455	0.017856	0.000821	0.005576	0.018334	0.020534	0.003906	0.017442	0.001392	0.035211	0.014845	0.032226	0.032323	0.019943	
0.001254	0.009783	0.011919	0.022150	0.009883	0.029174	0.013456	0.022041	0.026027	0.026510	0.018693	0.022414	0.002529	0.007102	0.009563	0.037160	0.018638	0.036029	0.030348	0.014916	0.020827	0.034605	0.034147	0.031419	0.018863	0.023767	0.002896	0.005319	0.023582	0.001968	0.004756	0.005178	0.036435	0.036388	0.013225	0.027146	0.022552	0.028252	0.034956	0.011775	0.023843	0.018576	0.018447	0.016850	0.016417	0.035803	0.037869	0.037835	0.001146	0.005569	
0.015964	0.036975	0.004721	0.029200	0.018608	0.017305	0.011798	0.012948	0.038600	0.003809	0.015063	0.008963	0.006609	0.030877	0.009469	0.006388	0.023261	0.032818	0.026936	0.001072	0.021537	0.027241	0.026793	0.005224	0.036346	0.032249	0.013073	0.019995	0.036358	0.015879	0.007808	0.033347	0.029514	0.031272	0.003130	0.015310	0.023591	0.009768	0.009464	0.034086	0.015391	0.031808	0.026696	0.002082	0.026245	0.023370	0.020028	0.030805	0.029072	0.011134	
0.005527	0.005949	0.019278	0.034150	0.000407	0.041959	0.015542	0.027371	0.008451	0.044417	0.035298	0.025858	0.000962	0.044012	0.014053	0.030982	0.003720	0.031642	0.003192	0.030301	0.006410	0.012300	0.009575	0.005101	0.002394	0.004565	0.011297	0.003003	0.026370	0.032137	0.034090	0.003405	0.031662	0.042394	0.004510	0.018629	0.007346	0.027037	0.001477	0.020519	0.021824	0.028813	0.043347	0.008452	0.045663	0.040549	0.034872	0.013314	0.031185	0.004691	
0.020791	0.006652	0.022681	0.015692	0.034710	0.037735	0.017293	0.006491	0.034615	0.023626	0.038278	0.019240	0.017136	0.005620	0.023920	0.024362	0.012139	0.032496	0.003872	0.005235	0.014142	0.010752	0.007099	0.029013	0.028622	0.017162	0.035786	0.019797	0.031060	0.010693	0.024642	0.008859	0.032097	0.035564	0.029460	0.017730	0.034812	0.007887	0.023849	0.022801	0.003767	0.010150	0.024774	0.003857	0.034278	0.018656	0.003560	0.026381	0.000156	0.030010	
0.001631	0.016007	0.021480	0.016596	0.015709	0.034693	0.024496	0.034558	0.040598	0.005943	0.040971	0.029409	0.035750	0.029723	0.022740	0.037543	0.027704	0.025542	0.001338	0.020892	0.019935	0.029688	0.029536	0.003637	0.024916	0.012882	0.039822	0.036546	0.002541	0.006369	0.007446	0.014159	0.031534	0.004341	0.036063	0.017878	0.009271	0.041559	0.014435	0.004445	0.002678	0.005842	0.021885	0.004615	0.001232	0.031023	0.034796	0.011883	0.008623	0.007099	
0.033068	0.016458	0.024318	0.033822	0.011076	0.011583	0.032911	0.031832	0.006330	0.003616	0.032953	0.024555	0.014356	0.030407	0.008267	0.013059	0.024367	0.014503	0.026892	0.010025	0.024371	0.030873	0.031216	0.036667	0.020367	0.022628	0.017712	0.034435	0.040109	0.038716	0.016730	0.016252	0.017496	0.020263	0.004283	0.020093	0.001143	0.027248	0.039734	0.016773	0.000940	0.009222	0.005898	0.012093	0.007720	0.000561	0.032031	0.024977	0.019558	0.005491	
0.007826	0.040732	0.002021	0.016277	0.000182	0.010845	0.016600	0.025826	0.031500	0.040480	0.007175	0.036705	0.013699	0.036833	0.000773	0.004652	0.001359	0.025971	0.023832	0.007476	0.020686	0.029552	0.036948	0.034194	0.003491	0.028246	0.038434	0.020020	0.000300	0.028942	0.009373	0.005075	0.002836	0.001912	0.035149	0.020473	0.039990	0.009821	0.009790	0.028047	0.018394	0.024891	0.041825	0.012105	0.034581	0.041927	0.011174	0.017210	0.006815	0.037035	
0.025984	0.021411	0.013589	0.016597	0.039959	0.041104	0.027749	0.032279	0.002140	0.011680	0.028535	0.002559	0.026484	0.019896	0.035436	0.019941	0.014303	0.019466	0.006136	0.014493	0.019855	0.031380	0.003831	0.000743	0.003662	0.000172	0.042193	0.024114	0.014869	0.003711	0.021850	0.004808	0.022841	0.026214	0.013703	0.029039	0.039844	0.025286	0.022136	0.003833	0.034307	0.037476	0.024717	0.039122	0.028254	0.004887	0.011077	0.015506	0.001252	0.029576	
0.022946	0.009338	0.010226	0.008307	0.016588	0.028313	0.005798	0.009394	0.034805	0.022992	0.029156	0.026310	0.022950	0.023362	0.037113	0.028109	0.008745	0.027179	0.026739	0.008529	0.021768	0.031693	0.002569	0.006100	0.008870	0.021987	0.026523	0.017357	0.022923	0.027164	0.019626	0.033085	0.016224	0.015343	0.015437	0.010992	0.037660	0.006776	0.025063	0.039290	0.009194	0.004101	0.004456	0.020681	0.030258	0.026464	0.038199	0.010946	0.038143	0.004210	
0.017932	0.023875	0.030732	0.028708	0.006977	0.005565	0.021353	0.032081	0.009262	0.026729	0.020982	0.028708	0.007785	0.019336	0.026428	0.025155	0.006300	0.017412	0.009016	0.012458	0.017157	0.017015	0.004306	0.035547	0.037475	0.026898	0.011899	0.002479	0.022361	0.037021	0.022862	0.038023	0.001185	0.023774	0.002236	0.018312	0.003478	0.011464	0.019126	0.036650	0.009258	0.021109	0.022933	0.018418	0.018463	0.023217	0.029550	0.028691	0.025214	0.037082	
0.006573	0.036073	0.006039	0.010109	0.037547	0.016617	0.039779	0.031918	0.026270	0.015184	0.026611	0.038747	0.020096	0.018147	0.032506	0.007211	0.003239	0.028486	0.006392	0.029932	0.010309	0.030294	0.030252	0.015168	0.017713	0.035225	0.007004	0.024842	0.037628	0.035104	0.034346	0.022986	0.026165	0.008613	0.036909	0.018367	0.020321	0.000124	0.025166	0.004323	0.017598	0.000973	0.004102	0.028520	0.016752	0.032056	0.009897	0.002276	0.008247	0.001243	
0.024393	0.008862	0.026338	0.010176	0.013012	0.033238	0.034768	0.030435	0.033488	0.000056	0.002388	0.006284	0.020239	0.042567	0.006679	0.007873	0.038388	0.011684	0.038594	0.028904	0.006689	0.002019	0.011952	0.038668	0.009138	0.004742	0.029246	0.002382	0.039936	0.026968	0.006516	0.025812	0.000490	0.019630	0.005762	0.019562	0.043417	0.015556	0.031824	0.000050	0.016010	0.036035	0.022237	0.025402	0.031391	0.017241	0.037905	0.003978	0.038986	0.012090	
0.009099	0.024658	0.021263	0.031857	0.032671	0.031614	0.032603	0.014695	0.010899	0.006485	0.002923	0.001343	0.001549	0.029998	0.020835	0.035479	0.033465	0.014552	0.022785	0.001367	0.036021	0.035667	0.035597	0.027481	0.003058	0.031368	0.016335	0.015059	0.028347	0.024976	0.034225	0.006217	0.031978	0.000694	0.005404	0.024177	0.022577	0.005575	0.021390	0.005219	0.032111	0.026683	0.025841	0.008198	0.034939	0.008196	0.014695	0.032597	0.007672	0.017562	
0.025546	0.036786	0.027862	0.008676	0.018654	0.016871	0.000570	0.013369	0.021268	0.008842	0.034300	0.031443	0.018244	0.031636	0.036183	0.021845	0.005973	0.020957	0.033716	0.027688	0.029287	0.000838	0.029186	0.020849	0.008211	0.025002	0.005270	0.005327	0.023073	0.006565	0.035980	0.037439	0.034803	0.018464	0.017019	0.014731	0.037397	0.003891	0.004178	0.024720	0.001310	0.036813	0.015037	0.030205	0.021878	0.011283	0.001883	0.024862	0.019928	0.014143	
0.004771	0.010568	0.015039	0.018574	0.016500	0.019255	0.009016	0.035475	0.028992	0.011709	0.037175	0.010663	0.030417	0.007417	0.037547	0.019037	0.005550	0.033704	0.025679	0.031501	0.033286	0.007455	0.013901	0.026602	0.027593	0.027787	0.025566	0.017703	0.037675	0.001995	0.022708	0.000595	0.005442	0.024170	0.018178	0.034467	0.028391	0.034209	0.003926	0.030531	0.003325	0.014508	0.020169	0.009980	0.006318	0.028962	0.028428	0.023748	0.010256	0.023540	
0.010374	0.031542	0.022267	0.002237	0.035999	0.034309	0.033645	0.026414	0.016319	0.016315	0.008675	0.022710	0.002103	0.033799	0.005457	0.027265	0.017890	0.023281	0.022252	0.033256	0.012428	0.031394	0.016561	0.028019	0.035830	0.001401	0.030188	0.023411	0.026786	0.034668	0.016138	0.007702	0.031047	0.000958	0.024003	0.030228	0.006661	0.013414	0.015919	0.031328	0.014263	0.019455	0.009411	0.022099	0.003504	0.033919	0.024021	0.014872	0.012690	0.001573	
0.006651	0.013203	0.023864	0.037271	0.033502	0.036765	0.021010	0.031805	0.022989	0.014249	0.004318	0.001034	0.013907	0.033285	0.036117	0.011409	0.012876	0.008332	0.012971	0.006216	0.023553	0.022217	0.036772	0.017247	0.025416	0.009959	0.032207	0.027675	0.010881	0.014664	0.006160	0.018830	0.018859	0.023109	0.004619	0.035577	0.038747	0.003817	0.018645	0.009772	0.020598	0.003423	0.019227	0.015363	0.035270	0.029157	0.019935	0.035941	0.038459	0.002128	
0.023130	0.030896	0.015638	0.037999	0.006521	0.014485	0.005639	0.001478	0.033111	0.009041	0.005085	0.023156	0.024922	0.024372	0.008185	0.035968	0.025735	0.024168	0.026965	0.014338	0.017363	0.027165	0.016914	0.013265	0.036670	0.030559	0.012345	0.010472	0.014646	0.001857	0.032429	0.024301	0.013834	0.020238	0.036516	0.000046	0.015938	0.036366	0.037162	0.018604	0.010850	0.005965	0.033009	0.021878	0.025841	0.030799	0.024402	0.006270	0.025457	0.008007	
0.007368	0.006748	0.005904	0.004900	0.028437	0.034005	0.004278	0.017874	0.018570	0.005914	0.030572	0.003130	0.028819	0.026025	0.019264	0.020435	0.020716	0.017140	0.030542	0.026919	0.007849	0.035729	0.026377	0.026978	0.022461	0.016714	0.016767	0.000835	0.025177	0.036277	0.022257	0.002262	0.009516	0.025360	0.017667	0.030902	0.030837	0.034647	0.031697	0.036862	0.016661	0.027228	0.013857	0.013204	0.024590	0.023965	0.018115	0.029048	0.013051	0.005548	
0.006308	0.036893	0.024350	0.039213	0.025987	0.029975	0.005935	0.023349	0.004206	0.038210	0.033844	0.004054	0.041076	0.000956	0.007357	0.003303	0.023599	0.020020	0.025643	0.015603	0.022828	0.010877	0.041001	0.022563	0.031350	0.028414	0.032289	0.005572	0.024409	0.011736	0.003823	0.010148	0.030248	0.038635	0.027037	0.020945	0.024022	0.003426	0.027359	0.027332	0.004727	0.002626	0.016124	0.002895	0.033403	0.007597	0.011670	0.017281	0.018207	0.031573	
0.029039	0.003539	0.032623	0.018455	0.026900	0.026090	0.033703	0.004718	0.000778	0.029272	0.006393	0.010797	0.028129	0.027963	0.031684	0.010136	0.016155	0.021064	0.025274	0.024274	0.017209	0.024492	0.030837	0.027152	0.018565	0.021064	0.027150	0.032293	0.024938	0.022136	0.011041	0.002479	0.019138	0.030572	0.005720	0.015558	0.022715	0.032124	0.005898	0.031678	0.009292	0.030546	0.004739	0.007257	0.014365	0.005753	0.028846	0.005661	0.034264	0.029535	
0.026980	0.022364	0.001588	0.027516	0.028964	0.001714	0.029986	0.028173	0.005349	0.004115	0.028047	0.031315	0.032122	0.035231	0.010294	0.028748	0.008680	0.002102	0.033017	0.023670	0.014536	0.011671	0.029322	0.017010	0.026188	0.022842	0.005914	0.028014	0.008234	0.014839	0.024052	0.031528	0.004595	0.011417	0.035185	0.029351	0.012316	0.025838	0.015533	0.003158	0.010801	0.013578	0.034135	0.022642	0.029143	0.032848	0.025167	0.026886	0.005294	0.017987	
0.012115	0.033807	0.006015	0.025558	0.026771	0.001132	0.020079	0.019054	0.036645	0.029228	0.033556	0.006318	0.025905	0.002463	0.035736	0.026119	0.008948	0.027354	0.001988	0.004223	0.026699	0.028790	0.016616	0.017786	0.039015	0.024130	0.033742	0.000336	0.029056	0.034798	0.043830	0.004793	0.012040	0.015685	0.009121	0.030932	0.004965	0.016257	0.041790	0.011361	0.025023	0.003700	0.038142	0.001838	0.007942	0.030672	0.005881	0.033945	0.025365	0.002738	
0.025435	0.020023	0.008319	0.027561	0.017817	0.000785	0.030056	0.008100	0.024719	0.036691	0.009859	0.025713	0.033843	0.008044	0.038413	0.033696	0.036647	0.005931	0.007886	0.017348	0.015206	0.002261	0.029727	0.018914	0.016230	0.027079	0.007687	0.036437	0.037124	0.021450	0.006386	0.002716	0.023196	0.004248	0.030857	0.008772	0.000830	0.028455	0.015959	0.029137	0.030969	0.009424	0.014912	0.033798	0.009014	0.032209	0.022716	0.014390	0.019423	0.033588	
0.022188	0.004715	0.008734	0.025973	0.011102	0.032585	0.021645	0.010439	0.022123	0.015119	0.028776	0.036550	0.005683	0.005456	0.028102	0.004817	0.024564	0.025442	0.035960	0.015789	0.029512	0.029572	0.022642	0.036039	0.023046	0.028718	0.000560	0.018962	0.023848	0.009122	0.029908	0.021965	0.036567	0.000200	0.006905	0.024516	0.010409	0.033596	0.005664	0.026112	0.012018	0.027627	0.010675	0.036852	0.013512	0.017185	0.031986	0.016534	0.007415	0.022571	
0.033961	0.036210	0.035945	0.013527	0.008645	0.029370	0.036683	0.020666	0.029670	0.000588	0.000333	0.037832	0.005632	0.023414	0.017477	0.029200	0.033947	0.037438	0.005979	0.005108	0.033163	0.022692	0.015367	0.015668	0.019832	0.009697	0.038320	0.032622	0.031186	0.016393	0.035240	0.040009	0.004579	0.002809	0.008156	0.017789	0.012432	0.016083	0.013755	0.003197	0.005917	0.016903	0.005605	0.024786	0.010878	0.022338	0.022731	0.014242	0.014134	0.031855	
0.034006	0.033934	0.014976	0.021386	0.032861	0.027680	0.016397	0.036496	0.022601	0.013743	0.025052	0.033552	0.001676	0.005691	0.011245	0.028193	0.033921	0.018096	0.016659	0.036521	0.016522	0.008732	0.014409	0.026536	0.031327	0.017950	0.019349	0.014488	0.001198	0.010035	0.003472	0.010379	0.022046	0.023359	0.007675	0.004877	0.035899	0.033465	0.030718	0.020134	0.015000	0.017952	0.025623	0.010317	0.012034	0.009573	0.016344	0.030971	0.013985	0.030947	
0.034170	0.025476	0.027613	0.014034	0.017026	0.015610	0.011666	0.030850	0.034377	0.012829	0.018514	0.032639	0.034288	0.025829	0.010765	0.027709	0.018795	0.015835	0.014737	0.033859	0.005204	0.019171	0.003954	0.025010	0.007795	0.020043	0.034302	0.005888	0.020559	0.023042	0.015635	0.003507	0.006442	0.019638	0.036725	0.005071	0.020486	0.033972	0.015265	0.023172	0.026909	0.008211	0.022491	0.006046	0.017372	0.034884	0.035208	0.006578	0.032953	0.007848	
0.008245	0.036751	0.020309	0.002648	0.028892	0.016811	0.018889	0.032448	0.039121	0.003922	0.024690	0.028327	0.011195	0.004304	0.026974	0.003279	0.036893	0.005298	0.028330	0.035829	0.034586	0.040595	0.015527	0.022059	0.000636	0.019145	0.012926	0.005983	0.013888	0.003927	0.022008	0.003261	0.028070	0.028725	0.035592	0.034315	0.017507	0.030582	0.007911	0.003791	0.012109	0.035121	0.016740	0.022462	0.039379	0.014261	0.010232	0.004683	0.032470	0.018355	
0.019739	0.018310	0.005043	0.015368	0.019969	0.021624	0.016791	0.004839	0.030972	0.025633	0.028907	0.027259	0.020493	0.002582	0.004819	0.033370	0.001606	0.008700	0.035174	0.009057	0.030928	0.020340	0.038121	0.027781	0.022753	0.038650	0.016513	0.034138	0.016245	0.025544	0.019655	0.001157	0.037288	0.027314	0.005772	0.038070	0.004937	0.037623	0.001195	0.027736	0.015892	0.025936	0.008704	0.018716	0.037189	0.001082	0.029025	0.010063	0.005885	0.025494	
0.030642	0.010822	0.009712	0.041377	0.002787	0.030282	0.013708	0.010274	0.033486	0.001164	0.027642	0.018805	0.030943	0.013501	0.024199	0.018282	0.038134	0.013928	0.033997	0.025854	0.012833	0.025951	0.017917	0.016857	0.037630	0.013624	0.016300	0.013993	0.043470	0.032266	0.036705	0.020941	0.037057	0.039933	0.009020	0.009542	0.005749	0.021068	0.015784	0.025550	0.005821	0.010020	0.001794	0.004464	0.017211	0.023738	0.024690	0.008622	0.021226	0.000686	
0.022051	0.022159	0.025657	0.023773	0.026972	0.014977	0.015123	0.003698	0.006524	0.030417	0.007052	0.015676	0.004951	0.030398	0.019572	0.010211	0.020562	0.025583	0.031482	0.025831	0.026002	0.017017	0.023927	0.018619	0.001524	0.028389	0.030551	0.022499	0.024102	0.032186	0.033755	0.030457	0.032590	0.030282	0.024459	0.023920	0.007079	0.029745	0.033523	0.002485	0.023087	0.020260	0.001174	0.018969	0.026067	0.005508	0.013168	0.015910	0.019516	0.000563	
0.032376	0.020385	0.024470	0.008734	0.012945	0.000388	0.023600	0.023036	0.005245	0.018733	0.026722	0.030403	0.023250	0.039540	0.022865	0.018923	0.022193	0.038469	0.031050	0.036352	0.011585	0.036133	0.015794	0.014171	0.014462	0.001746	0.026898	0.000205	0.019528	0.003679	0.012021	0.038797	0.017276	0.015195	0.028253	0.021324	0.002270	0.006054	0.008176	0.034515	0.014641	0.009541	0.023684	0.029277	0.031379	0.017229	0.014121	0.008787	0.035600	0.027981	
0.033659	0.000412	0.030807	0.034005	0.013997	0.001741	0.039635	0.010914	0.037095	0.017339	0.038679	0.025474	0.014449	0.006476	0.009143	0.017743	0.014023	0.028860	0.038003	0.026144	0.014790	0.031197	0.002742	0.005039	0.008228	0.016365	0.024834	0.005055	0.010277	0.018011	0.019228	0.023145	0.000411	0.014674	0.016559	0.022827	0.018043	0.036065	0.016446	0.034047	0.008253	0.028357	0.014577	0.020603	0.032789	0.013519	0.017673	0.037857	0.013833	0.035956	
0.010593	0.020224	0.021811	0.000818	0.026091	0.000300	0.003881	0.026004	0.030161	0.040480	0.003425	0.003711	0.006121	0.033773	0.032331	0.040414	0.027203	0.014573	0.028231	0.001234	0.040416	0.005818	0.032607	0.024846	0.044099	0.040296	0.005129	0.001347	0.034286	0.000247	0.034329	0.010686	0.031308	0.013777	0.013091	0.017474	0.031790	0.005521	0.023448	0.013533	0.010603	0.001516	0.043143	0.025482	0.016281	0.006746	0.016061	0.033214	0.011219	0.040309	
0.039209	0.024216	0.039078	0.002820	0.033006	0.007611	0.029355	0.010907	0.026730	0.007768	0.034739	0.006849	0.018111	0.007480	0.033715	0.019584	0.004751	0.025775	0.003635	0.009639	0.038532	0.023498	0.016207	0.015111	0.014465	0.029839	0.020490	0.038233	0.004751	0.017219	0.014692	0.027281	0.025331	0.038133	0.027079	0.022028	0.012103	0.019046	0.027091	0.002147	0.026707	0.005979	0.012204	0.034026	0.019452	0.006958	0.014363	0.024979	0.008579	0.028497	
0.019857	0.028912	0.022654	0.010433	0.036368	0.009115	0.012116	0.006175	0.026596	0.017245	0.023711	0.031800	0.030847	0.008251	0.000481	0.004806	0.038129	0.027238	0.007662	0.031362	0.036905	0.003710	0.017504	0.001525	0.000692	0.020404	0.026768	0.030863	0.043846	0.026514	0.016353	0.012881	0.041731	0.004074	0.010652	0.027594	0.021099	0.020324	0.011209	0.020470	0.022940	0.017085	0.002152	0.031911	0.029410	0.039379	0.027212	0.035360	0.002979	0.002697	
0.017553	0.012774	0.004353	0.020345	0.012385	0.022840	0.038019	0.021647	0.028824	0.010883	0.010268	0.001740	0.023802	0.008438	0.037386	0.001352	0.022040	0.021124	0.037310	0.020055	0.029366	0.007891	0.011991	0.004663	0.027526	0.040272	0.006933	0.023390	0.038123	0.002646	0.028226	0.022940	0.003842	0.030026	0.019340	0.040909	0.023197	0.009449	0.034255	0.006086	0.000168	0.023479	0.034194	0.021599	0.002900	0.031336	0.034380	0.020788	0.018090	0.028861	
0.036503	0.004673	0.007465	0.028990	0.019289	0.008899	0.014539	0.021244	0.017879	0.035908	0.023792	0.006233	0.003718	0.025090	0.023486	0.033340	0.031992	0.035991	0.031077	0.026802	0.017060	0.005177	0.034174	0.002156	0.028762	0.024436	0.029543	0.002900	0.025192	0.000707	0.008740	0.014096	0.006504	0.030077	0.020724	0.028192	0.022730	0.025810	0.026520	0.012829	0.007726	0.031805	0.012203	0.030271	0.001594	0.031256	0.027667	0.009864	0.009316	0.035060	
0.010451	0.019244	0.013895	0.010372	0.042481	0.000724	0.040639	0.013282	0.034271	0.007623	0.043156	0.004801	0.014291	0.005370	0.026296	0.032061	0.000306	0.039531	0.018700	0.002229	0.036818	0.024312	0.026551	0.024976	0.011548	0.010939	0.001811	0.041493	0.035633	0.016314	0.032713	0.031888	0.024773	0.014954	0.003378	0.001462	0.014881	0.032200	0.020346	0.009026	0.027406	0.034179	0.038001	0.006658	0.038299	0.001738	0.035171	0.000156	0.020769	0.001886	
0.014437	0.040076	0.009006	0.011373	0.004450	0.042636	0.028245	0.029827	0.018276	0.030839	0.000077	0.034331	0.016832	0.014322	0.037003	0.004000	0.041652	0.008028	0.005181	0.032487	0.031207	0.011850	0.037414	0.003671	0.010830	0.034449	0.031012	0.014023	0.012356	0.005104	0.041664	0.039185	0.014504	0.011010	0.033770	0.007086	0.014666	0.025871	0.037922	0.018593	0.009283	0.009067	0.000564	0.039109	0.004093	0.029924	0.002872	0.015228	0.019026	0.011569	
0.024898	0.011546	0.014816	0.026293	0.039599	0.028027	0.034609	0.039399	0.028042	0.017733	0.006311	0.015819	0.026698	0.034940	0.013700	0.003034	0.036547	0.002204	0.034514	0.005749	0.009615	0.020140	0.035365	0.022817	0.017949	0.014309	0.023923	0.005792	0.010769	0.008246	0.028456	0.016375	0.013222	0.021074	0.001972	0.024125	0.013160	0.008678	0.035003	0.022121	0.028076	0.010873	0.009462	0.002903	0.025581	0.039119	0.037855	0.006817	0.032025	0.009699	
0.033485	0.011467	0.008623	0.020302	0.031782	0.003994	0.024688	0.012571	0.000143	0.020064	0.010318	0.038325	0.008416	0.009188	0.039442	0.012593	0.008640	0.006213	0.003388	0.004117	0.037841	0.023224	0.002888	0.012602	0.036575	0.029846	0.009491	0.012063	0.007531	0.026484	0.009189	0.021569	0.035561	0.007805	0.025647	0.027763	0.017949	0.001271	0.022468	0.037762	0.034625	0.022750	0.032040	0.036131	0.019680	0.039085	0.013680	0.021443	0.037623	0.029654	
0.016102	0.010098	0.031136	0.007274	0.016714	0.001669	0.005695	0.035799	0.019667	0.003080	0.023348	0.007341	0.010626	0.001888	0.023414	0.028421	0.022530	0.027750	0.024181	0.036468	0.033074	0.023097	0.038621	0.024506	0.007991	0.004302	0.025321	0.038820	0.033185	0.026088	0.000950	0.003918	0.005915	0.006073	0.031642	0.030691	0.029500	0.036048	0.029077	0.001464	0.029184	0.022244	0.020613	0.016506	0.031276	0.023531	0.011259	0.022840	0.007749	0.031319	
0.034959	0.011402	0.023111	0.023343	0.014279	0.036924	0.022516	0.031471	0.026747	0.011753	0.012529	0.018085	0.028201	0.000972	0.013967	0.022090	0.022978	0.020722	0.020888	0.009379	0.012112	0.009138	0.017827	0.025620	0.034398	0.036068	0.017853	0.007130	0.035868	0.017468	0.020850	0.002446	0.015808	0.030658	0.020616	0.017216	0.024148	0.028537	0.014787	0.027276	0.011370	0.000291	0.025692	0.032089	0.010782	0.010088	0.007715	0.033118	0.009703	0.037012	
0.032827	0.040349	0.030726	0.000469	0.027418	0.010848	0.020070	0.021349	0.012004	0.000009	0.010100	0.012705	0.027813	0.018937	0.022546	0.021155	0.012514	0.005697	0.016226	0.039192	0.016814	0.019038	0.042696	0.018536	0.033242	0.002783	0.035479	0.013441	0.007921	0.016225	0.029534	0.033568	0.012563	0.007589	0.001118	0.015929	0.004011	0.015760	0.032951	0.037450	0.003678	0.042594	0.009663	0.002403	0.007602	0.043253	0.008078	0.039105	0.030565	0.033457	
0.036506	0.031327	0.006478	0.026526	0.029763	0.028769	0.033964	0.025746	0.022158	0.032493	0.007532	0.024607	0.012319	0.017103	0.010352	0.004488	0.018265	0.002353	0.000190	0.003380	0.019355	0.018771	0.022005	0.026012	0.030250	0.006986	0.015612	0.021291	0.030560	0.022633	0.026450	0.028102	0.005557	0.007536	0.026471	0.026944	0.026019	0.030805	0.018201	0.017854	0.001375	0.026298	0.010603	0.029601	0.033872	0.030135	0.021174	0.010725	0.004670	0.029815	
0.041392	0.005664	0.024450	0.018303	0.000394	0.023985	0.043660	0.025110	0.008557	0.012944	0.000973	0.002472	0.036831	0.030757	0.036273	0.013894	0.035935	0.027237	0.029567	0.036639	0.039503	0.014779	0.025469	0.009054	0.003000	0.010136	0.018329	0.000226	0.041647	0.013533	0.025245	0.002162	0.025421	0.002606	0.020333	0.001200	0.025270	0.040099	0.009443	0.021277	0.042510	0.033618	0.008193	0.013719	0.029660	0.007830	0.004674	0.004453	0.023177	0.028394	
0.037775	0.025654	0.002707	0.027459	0.019906	0.036227	0.020877	0.004200	0.022602	0.016176	0.009100	0.026256	0.018889	0.026553	0.030917	0.017846	0.014524	0.023491	0.007888	0.026276	0.001720	0.010257	0.003925	0.010717	0.036404	0.033807	0.037113	0.001223	0.012750	0.026812	0.008557	0.033489	0.036805	0.009710	0.003430	0.033319	0.028641	0.006945	0.037804	0.026015	0.005837	0.025393	0.020814	0.026761	0.004170	0.034371	0.035835	0.010699	0.019666	0.001688	
0.012663	0.009239	0.001832	0.023322	0.005783	0.026175	0.026480	0.030713	0.037786	0.000932	0.024328	0.033495	0.018036	0.021332	0.028516	0.027027	0.028679	0.020367	0.023166	0.025858	0.024180	0.015869	0.002741	0.035226	0.013341	0.008767	0.023767	0.007265	0.006960	0.013393	0.035002	0.020329	0.027041	0.001303	0.021064	0.027722	0.031039	0.014309	0.012152	0.032990	0.023974	0.007849	0.019771	0.020470	0.022891	0.037936	0.032499	0.016880	0.010168	0.007375	
0.012762	0.014398	0.022036	0.014902	0.023835	0.018010	0.010983	0.011130	0.019923	0.037949	0.007724	0.007683	0.025156	0.012980	0.032507	0.030253	0.010393	0.022359	0.014294	0.004010	0.022073	0.026604	0.015703	0.017486	0.031421	0.033836	0.025474	0.019758	0.011595	0.005619	0.028967	0.037888	0.035506	0.030731	0.034224	0.017481	0.003775	0.028562	0.010616	0.019085	0.000442	0.005220	0.036021	0.018003	0.033318	0.016510	0.013928	0.022253	0.017763	0.026849	
0.002504	0.010862	0.017432	0.034979	0.033977	0.023017	0.011818	0.025279	0.014075	0.018195	0.004066	0.014742	0.018050	0.032683	0.029559	0.009827	0.005341	0.018151	0.032412	0.006809	0.004700	0.022428	0.035654	0.036392	0.037115	0.009475	0.016865	0.031703	0.003305	0.011214	0.015110	0.009087	0.033795	0.021946	0.013597	0.034906	0.016977	0.002586	0.006290	0.029667	0.006733	0.030074	0.017813	0.029250	0.028212	0.023505	0.020643	0.030237	0.020124	0.036818	
0.007329	0.035349	0.004253	0.035533	0.039444	0.011285	0.032819	0.027774	0.006948	0.004671	0.020047	0.018308	0.011573	0.015198	0.003891	0.005696	0.008361	0.016314	0.017102	0.001577	0.007542	0.001997	0.018520	0.000270	0.003607	0.033182	0.014029	0.037385	0.036211	0.039480	0.016072	0.023792	0.033181	0.037424	0.038143	0.028602	0.028271	0.022882	0.021980	0.011512	0.007222	0.028921	0.013146	0.016389	0.024979	0.029866	0.031829	0.026726	0.027652	0.015713	
0.006223	0.033434	0.026440	0.030902	0.008051	0.028168	0.035018	0.019550	0.032746	0.009230	0.011990	0.039165	0.005197	0.005241	0.003792	0.032574	0.011202	0.015572	0.019435	0.003208	0.013295	0.022680	0.039394	0.015841	0.014491	0.035770	0.006887	0.022401	0.013277	0.039183	0.000160	0.024334	0.009470	0.031818	0.022726	0.032066	0.021482	0.020300	0.016705	0.026734	0.033159	0.001902	0.023940	0.013363	0.028258	0.023019	0.025394	0.026413	0.012036	0.006365	
0.000625	0.026638	0.002464	0.038126	0.006734	0.011971	0.010738	0.010358	0.001238	0.007909	0.024517	0.003925	0.026087	0.033815	0.038794	0.035340	0.005292	0.001654	0.020603	0.012713	0.004168	0.003905	0.034601	0.024273	0.019096	0.019325	0.004776	0.021895	0.033330	0.031651	0.004462	0.029770	0.018037	0.030406	0.000676	0.001809	0.015312	0.018067	0.026910	0.031004	0.038593	0.011651	0.014802	0.022742	0.039916	0.032113	0.035267	0.032302	0.039407	0.040194	
0.012944	0.025450	0.039538	0.034854	0.019919	0.037294	0.036746	0.000782	0.019558	0.031458	0.015221	0.010798	0.005179	0.036994	0.035972	0.018067	0.002923	0.028575	0.023405	0.015966	0.036624	0.031622	0.012228	0.014563	0.034094	0.002395	0.012489	0.016642	0.029280	0.022088	0.020747	0.004714	0.025284	0.016475	0.007049	0.016221	0.004729	0.028714	0.026783	0.016554	0.002773	0.022992	0.001653	0.031214	0.022878	0.006255	0.015448	0.002530	0.026132	0.037188	
0.027380	0.024162	0.012928	0.027076	0.002388	0.013760	0.033923	0.031903	0.031771	0.003893	0.032412	0.002304	0.000714	0.024125	0.022067	0.003709	0.001182	0.012415	0.014726	0.032276	0.006666	0.026325	0.033538	0.011517	0.009318	0.024699	0.013139	0.004992	0.028155	0.012785	0.021974	0.026710	0.032653	0.028857	0.016887	0.029987	0.018808	0.032230	0.013685	0.010586	0.032117	0.027511	0.030050	0.015613	0.030492	0.003472	0.024422	0.029911	0.016674	0.031115	
0.007842	0.029141	0.025954	0.009792	0.027414	0.024098	0.024402	0.001663	0.028300	0.011211	0.003174	0.026357	0.023384	0.009841	0.004504	0.007650	0.018890	0.027834	0.032547	0.011404	0.029070	0.015798	0.023525	0.023795	0.034966	0.008988	0.029679	0.027906	0.016657	0.024465	0.027906	0.003765	0.024339	0.027666	0.009502	0.023115	0.011840	0.014896	0.024347	0.025766	0.003852	0.015031	0.034928	0.016442	0.032647	0.007403	0.035331	0.027172	0.020580	0.023219	
0.008761	0.009669	0.027984	0.033993	0.016495	0.021995	0.036048	0.014583	0.012491	0.008679	0.022818	0.032509	0.010955	0.022485	0.011655	0.030534	0.003083	0.005648	0.027399	0.033921	0.001036	0.031485	0.038780	0.019123	0.002920	0.028640	0.036665	0.008094	0.021632	0.026120	0.006477	0.038097	0.037074	0.014447	0.022661	0.018202	0.029166	0.000796	0.036626	0.010993	0.011490	0.028690	0.031358	0.023389	0.015976	0.013481	0.004184	0.034979	0.015428	0.000286	
0.032598	0.029328	0.039573	0.014333	0.030450	0.011587	0.003196	0.027545	0.029460	0.007792	0.032854	0.011990	0.000014	0.032524	0.011526	0.025408	0.007632	0.017755	0.000451	0.020316	0.028596	0.005879	0.023717	0.005122	0.012550	0.021818	0.018143	0.024190	0.024297	0.025594	0.014853	0.020781	0.035873	0.018889	0.036648	0.012453	0.023277	0.036463	0.002644	0.016655	0.027068	0.027523	0.004061	0.011901	0.026764	0.011312	0.026229	0.013256	0.034344	0.022767	
0.025040	0.034866	0.030267	0.000671	0.008427	0.005397	0.006083	0.036460	0.008104	0.001981	0.031023	0.017134	0.010110	0.017544	0.030287	0.002266	0.008879	0.002471	0.025340	0.017820	0.009718	0.023760	0.009174	0.006216	0.037167	0.018327	0.030612	0.029629	0.031659	0.034021	0.016289	0.029135	0.034253	0.037029	0.027792	0.035915	0.017092	0.038203	0.011046	0.003160	0.027162	0.011354	0.030714	0.002335	0.024544	0.007038	0.035606	0.025412	0.029276	0.006188	
0.026701	0.038902	0.028056	0.034057	0.003694	0.017750	0.021220	0.038873	0.014318	0.000855	0.040727	0.005137	0.017372	0.000202	0.011316	0.030749	0.022905	0.009679	0.027329	0.018764	0.035661	0.038045	0.016643	0.001183	0.004280	0.041503	0.032432	0.001697	0.013366	0.025144	0.004904	0.027062	0.017730	0.042828	0.014573	0.041755	0.002570	0.012036	0.036532	0.034125	0.005009	0.033097	0.011075	0.018659	0.000457	0.015404	0.009196	0.024375	0.015863	0.014191	
0.006155	0.017047	0.001998	0.007384	0.031966	0.012888	0.027304	0.014525	0.014741	0.035342	0.015836	0.009298	0.006928	0.018912	0.029061	0.009466	0.010496	0.027487	0.000382	0.040899	0.004677	0.012425	0.022951	0.027867	0.032215	0.013302	0.025670	0.039109	0.010857	0.036217	0.022081	0.010106	0.026007	0.039999	0.024238	0.029867	0.026401	0.037198	0.020663	0.025236	0.000403	0.037365	0.001521	0.021490	0.022885	0.020806	0.009069	0.015518	0.023368	0.022375	
0.003806	0.033694	0.009223	0.038764	0.004953	0.025636	0.034873	0.001226	0.015729	0.020738	0.030532	0.002124	0.019785	0.023444	0.013570	0.005349	0.005147	0.039307	0.038048	0.026907	0.020322	0.024425	0.035796	0.031263	0.021870	0.004847	0.008059	0.025136	0.032096	0.023939	0.025835	0.031839	0.017121	0.036498	0.032520	0.002964	0.012071	0.021238	0.000526	0.000756	0.039626	0.003759	0.037877	0.010238	0.003669	0.023228	0.022689	0.026879	0.007920	0.022140	
0.027818	0.023267	0.004422	0.005739	0.019146	0.007216	0.022838	0.008087	0.023830	0.023515	0.034784	0.011860	0.028930	0.030723	0.026422	0.034826	0.029894	0.015595	0.019556	0.005015	0.019780	0.017007	0.019270	0.025272	0.030709	0.011798	0.024133	0.017312	0.020222	0.003847	0.019313	0.031576	0.033496	0.029969	0.013904	0.029653	0.012363	0.012568	0.028583	0.015687	0.016523	0.009606	0.009885	0.024169	0.022963	0.022660	0.017004	0.020323	0.023551	0.013371	
0.021550	0.034044	0.013941	0.024847	0.015916	0.001826	0.017785	0.020827	0.033753	0.030724	0.016309	0.032299	0.029273	0.026236	0.016643	0.032997	0.033630	0.002746	0.023474	0.021450	0.000835	0.032861	0.014074	0.022301	0.031551	0.006501	0.032445	0.009769	0.003100	0.017525	0.028905	0.032420	0.015642	0.024681	0.020612	0.033429	0.004899	0.004730	0.035633	0.011528	0.016738	0.005868	0.000732	0.006712	0.030215	0.036569	0.023995	0.015356	0.009920	0.020183	
0.030517	0.036145	0.037012	0.006965	0.009829	0.015294	0.022114	0.027197	0.029617	0.005564	0.020969	0.022360	0.029119	0.029463	0.008261	0.009204	0.017217	0.005641	0.020144	0.024714	0.000971	0.023416	0.003711	0.019877	0.030118	0.026680	0.028172	0.010425	0.000206	0.035697	0.031726	0.010462	0.022123	0.012349	0.033262	0.012327	0.004857	0.024490	0.005955	0.009292	0.015146	0.006380	0.037254	0.034687	0.015554	0.022825	0.028489	0.036700	0.018996	0.030507	
0.019685	0.034839	0.027746	0.023674	0.010487	0.009467	0.011720	0.005164	0.029453	0.024226	0.001956	0.018384	0.014399	0.005102	0.027667	0.014484	0.030716	0.034054	0.034389	0.000557	0.030468	0.031275	0.021994	0.003051	0.031612	0.002221	0.021949	0.016131	0.010499	0.033355	0.007884	0.031050	0.003230	0.032186	0.029652	0.034393	0.002465	0.020676	0.024401	0.027675	0.017067	0.013645	0.034695	0.023302	0.027285	0.018577	0.029729	0.006033	0.027418	0.007912	
0.021693	0.031706	0.035420	0.022609	0.027795	0.038962	0.008490	0.002063	0.015523	0.039092	0.011564	0.039100	0.038035	0.013984	0.006506	0.004718	0.028506	0.030830	0.014511	0.008846	0.018288	0.025401	0.013952	0.015743	0.001410	0.014957	0.029918	0.026811	0.031843	0.005450	0.016721	0.016049	0.022784	0.017655	0.030749	0.025952	0.009177	0.023576	0.010173	0.005489	0.023936	0.033650	0.022763	0.005575	0.009076	0.014014	0.036620	0.018954	0.023770	0.009591	
0.53
