50
2
-6.287867	13.392155	17.451060	7.030742	-19.554838	-4.219558	-3.791971	12.497369	-19.256355	-13.444592	-7.254895	-18.246269	-15.787380	10.172842	-20.715039	-9.751763	18.477202	1.620012	-5.690034	-1.642372	2.989636	16.756166	13.699654	13.303999	-18.353732	-21.987285	-14.005813	7.209411	21.794314	-12.305036	22.338251	11.476212	16.336853	-4.617859	1.211611	17.347805	-17.883427	-2.091775	-11.771507	6.636416	17.079923	-12.092988	11.577985	15.901344	4.116371	11.455684	-15.486676	5.007752	5.705419	22.841093	
-4.582813	0.869050	-7.886983	-11.224798	-12.639627	-6.211373	15.017063	6.927716	3.195352	-10.661635	6.299763	-3.997377	19.398915	17.012178	-12.536702	17.411190	1.950103	14.061209	17.864048	-20.960911	4.235364	-16.642431	8.072463	-10.838617	8.491865	-14.263244	0.284166	-13.965165	-9.831014	-6.775262	0.429464	8.681024	-15.648756	13.956002	-12.853153	-2.541919	-21.122401	7.495205	-3.463312	-9.926652	-18.576411	-3.065219	6.513588	-19.123738	19.148656	10.779631	0.455212	-17.036042	-6.405489	-2.766794	
11.515821	-12.158924	-16.357937	-21.169193	13.179349	17.968473	-8.134491	22.836342	-16.425354	-20.906870	4.715871	22.945479	-10.500523	8.927284	22.450817	-7.487685	8.481868	14.627334	16.498517	-14.083762	10.288991	-18.378787	13.969769	-14.628780	-20.625134	-6.403834	-13.879940	19.675661	-22.771923	-7.568284	1.275038	-0.075112	-16.704945	13.843176	7.879336	-0.577527	8.268636	-0.496604	-22.165416	-11.086370	2.454545	18.544225	-13.568899	-10.861405	-13.368114	-18.977891	-5.031052	4.366776	-0.781001	14.186500	
-0.920315	6.614489	2.607586	23.194332	4.216034	20.772489	-1.067652	22.612674	5.150172	26.181662	27.164649	13.426969	20.577685	-24.613392	-13.535503	11.925450	20.176225	1.551064	-15.024191	13.426864	-0.579227	19.499951	25.709238	-13.587337	-9.287987	-0.840923	19.760947	-8.948932	18.061796	26.885164	-7.093683	18.157883	13.179200	16.036303	-8.456980	-25.280639	7.928998	4.827872	-1.106639	-3.232214	-24.218807	-6.050522	12.843135	15.667593	-7.139616	-23.909151	6.508104	-24.937666	6.659568	24.287694	
-1.469950	6.303287	21.493695	18.833277	11.462151	22.487179	23.644395	-8.988104	-3.677639	-9.894298	14.340729	-6.894268	4.623861	-3.853807	-21.319868	-3.190029	-22.593490	-23.243057	-1.009306	-7.356521	-10.531456	13.907166	15.306177	-21.234484	17.917084	23.201550	13.877066	24.839349	3.477714	-0.525449	15.289835	-11.322046	18.896248	1.716947	-20.492246	-7.727297	-11.718957	-13.619232	-1.399298	-14.910677	-12.927219	-5.021136	3.909813	8.628816	-17.087908	-19.318622	-4.180010	-11.729584	10.140305	21.990369	
-15.401583	-11.828106	22.422602	7.036624	11.865925	-8.528447	-14.511255	20.585218	18.537689	-22.461382	22.021197	16.566171	18.881356	22.134106	-8.208008	-10.526577	14.806770	-4.490640	-9.602000	-20.340673	14.385116	22.932686	-18.872851	10.191705	-4.125937	-22.697317	-10.670445	0.132052	-4.469220	6.015888	-8.447832	-3.369203	-20.572856	1.015880	-20.930767	2.822989	-16.837120	1.393244	-4.410995	14.631962	-12.689894	-16.936885	10.437491	9.009866	6.317526	14.783051	-15.708793	-3.368295	16.652740	19.398514	
-16.711959	-11.445816	5.760820	-17.148063	-4.769096	-6.628261	12.331627	15.584293	-1.467896	15.156824	7.621804	11.769553	9.562089	-17.303683	-9.493660	15.176225	0.231189	-14.541832	16.377414	13.328858	-5.945290	18.703438	-8.723064	14.395074	-15.266511	-4.983513	-18.644391	-7.470840	-13.746483	-19.357752	-19.274287	-2.758122	-7.502060	16.754507	0.597859	-7.369369	-13.547818	5.601862	8.352593	0.975834	-16.399143	3.122797	-17.929223	7.999531	-10.252316	19.669585	-16.942917	-4.154191	-13.734984	-4.992735	
-21.730705	-1.166907	7.565941	-13.496574	-1.999456	13.887350	-4.298798	4.543451	2.946921	-21.276688	13.406699	-11.334364	-6.889567	16.842758	-0.845022	4.382580	-20.648458	0.006502	-15.791982	13.089647	1.080209	9.647149	18.338158	11.748742	-4.732308	13.174876	-17.245453	-3.497870	-8.391019	20.454967	18.176959	-7.352972	-8.460739	-4.396553	-18.674059	6.664833	14.422895	22.776404	-4.398618	10.213934	-8.873196	-17.476637	-1.420030	16.664884	-2.740252	-10.327776	21.915711	-2.935001	-0.068564	12.852100	
-7.761814	-18.706675	14.429532	-13.856536	-15.767539	-20.974087	3.980736	-12.046209	12.064319	14.727864	15.744462	-13.819977	14.897970	-8.882318	0.072895	14.630245	-13.458385	16.090159	13.478951	13.283483	-7.925487	-8.242056	-0.693672	-19.546958	1.131174	-16.436199	8.802648	10.454887	-8.230793	10.155401	-20.942832	6.747956	-18.784914	-5.266803	-18.335629	-11.548903	-18.428482	0.759408	-7.022547	9.987810	4.014296	-19.845503	-18.301763	19.325609	-17.885987	17.618655	-2.759324	19.122848	3.164900	-1.760149	
14.464939	18.458903	-10.281635	-6.280156	21.549119	19.586592	5.170317	-13.874608	13.375922	1.589423	0.263595	16.785608	15.626015	-14.556930	-1.994706	-9.070923	23.113137	11.170500	17.852231	-13.702401	-3.098116	19.976580	-1.517380	2.231404	-17.742779	-3.879025	14.896788	-10.921367	-11.085998	-8.749416	-15.482038	9.279226	8.017463	-16.233403	16.439776	12.576776	3.126848	-13.395865	18.442697	-14.174601	-7.604908	17.390181	7.106950	-22.033937	-0.110061	18.110519	14.441044	-14.998502	-15.073496	1.792464	
-5.757862	-10.854303	-11.612662	11.240340	-3.823028	-13.219911	6.403305	18.218359	-23.380342	15.148340	-20.473893	-16.083582	-22.748460	19.933624	-8.937969	3.375508	-26.534726	-6.482975	-8.053141	25.022811	23.967887	-23.353440	25.356695	-17.820944	-19.925229	-19.159167	18.557073	-3.363768	23.518853	-11.951945	17.057968	-1.316412	11.038896	18.855947	-20.128463	-9.528379	-7.894501	-8.175182	-2.881013	14.175773	-22.135465	24.904318	14.882230	14.566580	-8.357067	-20.091577	5.880804	24.370001	-25.878821	-20.837991	
2.336376	-0.879235	-11.332503	4.966076	-19.129057	16.520519	-2.946084	1.750744	15.101489	-17.185776	-20.614522	-22.967402	3.504175	-11.489179	-16.996863	-13.032408	-20.655130	11.190607	-20.941939	-22.094021	-17.782079	-14.156533	-6.715360	-12.567711	-10.250164	-3.970935	-23.617593	-3.880578	-5.496977	-21.260323	-13.559554	3.290042	2.898579	-4.729741	1.756021	-6.650362	-12.591550	19.742053	-7.746381	-5.506573	-18.557626	-4.264301	20.826134	10.746360	-11.167441	10.854342	-3.786603	-8.921829	16.100107	3.134091	
8.880488	-23.039325	-22.359953	17.008965	-8.873666	-22.803653	-12.645271	13.981463	6.555732	-24.737203	21.442517	-12.963581	21.604114	19.458301	4.948802	-11.169002	19.543390	-24.997468	5.934290	23.311825	21.759195	-24.327419	11.481532	-5.502530	12.387612	7.384837	24.042020	-16.501328	-0.677233	-3.120840	22.118818	-15.882583	13.453208	-3.392223	-5.806018	13.688182	-12.624130	12.703321	-12.507198	14.027699	-11.542993	12.593798	-18.396664	-8.597991	-4.806443	18.411815	-4.653740	20.084399	-0.980794	-4.691658	
-7.068930	2.487394	-5.439408	12.772668	-7.895412	13.344923	13.809654	-20.274098	4.009442	-20.758227	13.989717	-13.887170	19.132212	7.111456	-12.834749	-0.795878	-14.903791	-15.285096	17.523068	-1.272655	20.103723	3.541617	6.474100	11.861307	-14.938537	18.444851	-0.284684	-7.494308	-18.767046	16.685252	16.358216	-20.743849	-20.659647	-18.311264	-9.309752	-8.864684	-1.539815	-17.767172	-2.986053	-8.362716	-8.661460	18.991770	-20.008894	-10.275855	13.008911	-16.908439	-8.692197	-7.121245	-18.410875	-10.220176	
9.727616	13.297297	-17.283103	3.749492	18.344020	-21.393278	12.055320	11.988417	-13.524860	-1.399726	15.006625	-5.791944	2.739361	8.679948	-9.225900	-5.696970	-7.048843	-0.328553	-22.569080	25.851088	6.259250	-1.179277	23.370828	-19.085916	15.268584	4.139593	7.382138	-10.736948	19.078956	-15.723243	-10.467413	-14.368411	-17.419786	11.875963	22.388265	-5.815773	-19.019224	-17.415494	12.318424	-3.679826	-12.344538	-11.898644	6.721367	12.170075	17.809061	25.632323	-19.610790	25.011453	-22.107176	2.230680	
24.151359	-14.381579	1.290082	-5.990714	-20.353993	20.006667	12.984953	-9.523577	2.866202	-17.757475	-25.294565	-22.346877	-23.870078	21.242541	-16.674331	6.967501	-7.670427	4.715947	11.274031	-11.664481	-6.423527	16.659690	-4.919812	7.391314	20.153240	19.290095	-7.237401	26.503951	-12.238211	-9.679348	22.571621	20.476447	-3.982699	-25.650976	10.181036	22.667192	16.381266	-19.019346	21.024320	-10.449369	6.607041	-3.767531	0.471287	-25.693430	-6.336775	22.085319	12.227248	-0.629452	2.836812	3.800921	
0.328980	-18.367341	20.107900	20.914704	23.660462	-18.181177	22.357094	-7.833886	-15.937217	14.686439	-6.285854	-8.521818	13.462889	6.940324	1.558483	-9.474234	13.160444	-8.067006	15.435076	9.427199	10.900870	2.770985	-4.910549	16.740198	22.876640	-11.822495	3.972984	-7.607786	-14.739471	-2.065180	13.315595	13.141848	-4.529624	14.305374	-16.685259	11.126874	-10.240127	-2.624080	21.451161	10.726958	-8.198871	-5.575646	4.360935	-23.709912	14.887101	21.354282	-12.234186	-13.813746	4.408157	11.041658	
11.717810	18.755218	-24.238086	-18.635545	18.952454	-26.186773	-23.483745	21.401766	12.464347	-25.690181	19.938285	9.792339	-2.204601	-7.379306	15.287615	6.579202	4.704828	15.639267	20.385260	13.970332	23.281843	-22.507995	24.644110	-18.806818	-18.659451	4.497765	25.285281	2.207643	-7.149324	1.756521	-17.521300	0.864267	14.800457	-21.361444	2.254813	-3.291122	20.069260	-5.198423	10.690506	24.555084	3.515356	-18.114870	-16.290496	-16.242520	-3.919359	23.677007	3.958330	-1.958860	6.226404	20.293211	
-3.224943	3.210928	-10.923308	5.485242	-5.954211	-1.804847	4.054997	2.922107	7.266558	5.838731	-3.600814	11.551590	-5.750277	-7.427478	11.842830	3.358568	2.985792	-9.732878	14.956219	-1.723547	0.904899	-14.743921	-9.521451	7.323644	-0.634727	8.345146	-12.827067	13.076580	-11.540276	4.578839	15.452811	-0.193098	0.862187	-15.110609	9.324426	-15.974052	3.679396	-11.393648	-2.116490	-14.070404	-5.749866	-8.450324	11.786477	9.409370	3.303722	14.339401	0.292143	-1.955587	-8.554473	5.452555	
-5.759276	12.413352	-21.709298	17.250019	16.685826	-4.882274	-9.423513	-16.195615	3.607612	12.200272	5.909038	-1.241574	0.130329	-13.996697	19.127414	4.093553	-3.059033	-19.591777	-8.636904	6.075423	-14.318645	7.019366	-0.212042	-6.283167	14.209541	-21.573172	3.133145	8.691151	-13.474526	8.386824	15.244789	-21.747175	14.121728	10.268205	11.220785	-10.930042	9.925790	-3.365929	15.662307	0.640654	9.199151	2.567735	-18.322341	14.526235	-11.843638	-9.465076	-11.066171	13.840276	21.985530	-15.731167	
17.664725	-16.109293	-9.802040	18.436814	11.631053	-5.527703	-16.629008	16.377244	-17.465088	8.593526	8.464247	7.703658	-18.864289	13.650572	9.112532	10.149722	0.522472	-1.220986	-2.721964	5.728563	9.448560	-13.034384	0.437452	11.589819	0.451046	-11.185643	13.000624	5.398718	3.641108	3.776174	-3.333852	-14.975663	9.693415	-10.941165	-11.866418	-17.524033	-0.713548	-4.164363	-8.454775	19.719578	-8.000529	3.578965	-18.117661	9.991433	7.502766	12.295091	-7.603628	-7.973561	12.159832	9.448503	
-4.891236	5.525253	6.262695	14.910285	-12.025735	-0.147524	-19.687686	10.692506	-11.128736	-15.451990	-18.995873	5.915221	18.422680	-13.276471	12.462558	15.739876	-7.787590	13.332015	-18.002489	7.222309	13.685447	5.242707	12.506104	7.382553	3.203424	3.214602	7.043733	-10.876370	11.834316	14.314592	-12.332207	-1.883160	-4.195109	-18.181930	-10.571154	-9.082535	14.872158	-1.436197	-15.489623	7.225972	-12.361583	-18.180288	-1.135381	-6.504578	17.138671	4.276998	7.403372	-4.291145	16.219493	-12.815786	
-0.631626	-0.360228	-1.186373	-13.709643	-16.219741	1.964877	-6.243869	-21.247710	20.449907	18.281518	13.297862	-21.932375	-14.548540	-12.142323	-2.011162	-18.002543	-15.642360	1.864381	5.764687	22.701131	5.740757	-22.796265	-15.720411	15.999332	14.361463	12.278847	8.389034	-12.282961	-18.255930	-5.192418	13.389302	-6.412369	14.215843	-7.805654	2.744709	24.782118	-3.573563	9.870499	10.147203	-5.450966	-5.966533	-17.032284	4.370125	15.093041	-11.155268	16.200665	-21.881315	-0.145715	-7.535889	8.653010	
6.265503	21.299060	7.761811	24.444124	22.771305	-0.174579	-12.597263	-11.854938	-4.426206	18.204569	17.944758	-11.830925	-11.161821	-14.381980	-23.582281	-1.787799	-12.593418	21.243534	-14.894326	6.196223	0.328294	16.043724	7.557126	22.120944	23.548960	-5.182515	18.437592	-4.339673	24.472008	14.219452	3.533418	-24.509457	7.101672	-11.223141	-18.826904	17.077504	-24.275624	-11.545247	-15.352752	-12.274587	-22.069955	-12.122542	21.570589	-8.758776	-9.233388	-15.959004	-16.446632	6.687064	-15.191096	2.024363	
-21.715914	8.357593	-0.251845	-15.242821	-10.190832	13.631591	-12.714296	6.816268	-13.207237	-2.685404	1.634559	10.048134	-13.212386	-0.151851	0.335043	21.572852	-12.986355	-21.003281	-8.256277	14.750093	-2.138112	-21.603784	18.500786	-10.095734	3.598866	17.367922	-7.132239	-20.071665	20.940185	-5.915263	7.570641	3.141545	-20.602934	13.403003	15.410786	1.781926	-6.774915	14.156059	13.426755	21.696521	9.397325	6.179002	15.804864	-3.348432	-18.653410	11.312594	-19.909491	18.732484	8.062686	-18.579443	
-13.472413	-12.457878	26.612823	14.444308	20.961387	14.924148	19.248621	-23.329369	16.696930	22.668495	-13.507661	16.787952	8.013303	-25.044754	8.365277	24.696006	-13.919464	-0.666495	3.115786	-18.553255	20.141389	-13.403848	18.615802	-8.182449	-10.991663	-2.346147	-9.640606	-26.324460	0.988322	-16.849708	14.299364	-1.561637	-15.260780	20.719659	4.910416	-16.975659	8.468441	20.346655	20.169672	-4.012536	10.861414	17.658052	-26.288631	7.357727	14.954741	0.907603	-21.786102	21.938057	-13.026280	-26.211593	
15.320897	-5.496875	-8.820000	-11.219051	19.420852	-12.769341	-7.840070	13.297075	6.165272	25.694296	-3.235529	25.212700	10.640015	-25.520343	15.779063	-5.683221	16.659478	-19.744182	-20.861868	-6.640262	-18.750603	17.893542	21.633437	-24.528463	-4.591855	13.691596	11.751610	-14.366360	-16.163814	0.227110	-24.757614	-9.094216	-13.999182	-16.746370	20.402475	-18.102516	25.814675	-8.538369	-3.228863	3.659940	6.896093	14.917318	14.975949	12.196520	-16.355958	6.652673	-0.331692	-0.626383	7.519910	-25.252885	
-23.669113	3.176835	-19.422179	-20.112409	19.448777	21.107172	0.550462	1.274641	11.006867	-5.245651	6.687607	30.877322	-8.843271	-4.217426	9.277694	19.094453	14.133683	6.258857	26.102939	-12.400191	26.581387	26.638397	-24.128699	-16.767102	-2.231722	-11.335068	-0.909639	-16.506814	28.526524	-28.597750	-10.190813	18.841418	-25.950691	-19.225237	-7.207546	11.281483	-2.028493	-27.413193	3.934899	-26.798604	2.770226	-29.894695	29.770951	15.262788	-17.707432	-5.096996	-26.008195	-6.219242	-6.860502	16.755124	
-7.230215	-14.743102	2.387119	3.520350	-4.027308	-21.392588	1.745376	6.802258	-10.296233	-21.944333	8.513890	-16.304856	21.647030	3.186134	12.899248	-15.013226	14.838666	-19.481370	-3.958843	12.297157	-8.215162	-19.122707	13.325276	-9.427182	17.375324	-15.971217	16.985054	-9.438744	5.516572	13.456736	-12.946372	-11.271330	-1.272477	17.373343	20.059056	17.505357	-11.341524	22.249697	-14.633864	-9.567612	-8.534226	6.102129	-3.562191	5.557767	4.453908	-21.564992	-12.144178	20.207032	-9.539466	20.934899	
18.147716	13.830205	-6.399060	-10.633036	11.042808	20.884843	-13.778186	1.621755	1.700326	-6.999322	9.415889	-6.022614	8.813388	20.638490	11.499497	16.858851	17.049104	5.940161	20.220636	-8.228734	13.842341	10.526298	-20.415168	10.819994	-11.381519	17.023371	-16.374204	-9.491915	-3.593027	16.701038	-16.710468	21.118593	-6.289750	15.413222	-4.420688	5.477320	5.037622	-11.569335	-11.117127	-18.654432	-10.219205	8.920398	-1.820855	6.145913	7.168400	0.400287	-16.061580	18.313397	2.630925	14.654902	
-20.289996	19.085176	11.541025	16.751621	-17.978701	-8.873725	-12.529335	19.163201	-21.275767	-14.045907	-14.020016	-18.865963	-3.175883	0.872821	-14.862643	-20.238698	6.035213	-4.795971	11.640767	-15.075413	-9.280431	-0.097923	18.549130	14.791481	-6.966090	-4.240306	-6.540560	-8.617999	-11.897821	-8.760454	0.315585	-19.482691	5.916823	1.341179	-13.831502	19.277615	19.285266	-21.501412	-11.722488	19.738699	13.165527	-3.684522	-16.682813	-13.762318	4.865541	14.903530	9.746134	1.274861	-1.213189	4.335751	
20.096394	-3.259850	-6.682365	-11.622935	0.528579	-20.415810	-9.309782	-10.260030	7.802962	9.261380	-17.996498	-8.273889	12.341732	-2.486207	-18.389951	14.361419	-4.514239	-4.331815	-8.629067	-10.242909	-0.987898	-20.132838	-19.154513	11.215864	-5.608120	-2.314137	-14.135657	11.414385	2.013233	9.368023	8.750727	13.716823	-15.017902	0.821336	-13.582691	-6.872129	-8.419334	-9.234919	-19.680252	-21.339981	-10.221734	-10.065816	-12.593934	-5.277093	19.262239	1.467810	-0.059207	-18.199071	6.878549	19.195755	
-1.808826	-15.300833	9.607452	-12.617113	15.553542	0.606463	1.379406	-6.580624	-1.990994	14.057880	12.159767	-5.202657	1.488597	-5.844286	-7.716014	8.359242	-10.843283	22.156947	6.075878	22.982075	23.026365	-2.989326	23.008880	-10.361941	-12.834773	-2.673832	-13.353657	17.495205	-13.603144	-19.056428	-17.241929	-7.829365	-11.736229	-2.659341	-13.325108	7.414461	11.699044	-11.280745	-22.867606	25.976229	-11.965281	18.213729	2.045221	1.604533	23.289115	-5.482702	-18.010124	10.031798	22.834095	-0.784381	
-19.790598	7.744949	-12.641404	20.378083	23.808992	-23.492436	-7.147570	10.468411	0.443847	19.691634	17.953182	8.898259	-18.401588	8.422324	12.915658	-13.634435	15.210617	24.406803	19.006455	20.673347	1.178899	14.374445	-18.105250	20.149871	13.133792	24.601847	-13.650075	25.238448	23.057353	7.455719	20.816747	10.402362	14.465040	18.333281	10.203075	-13.411679	-15.252637	-0.252599	-4.498674	-20.798182	-20.457622	-18.547394	6.654300	-8.402353	-25.951155	15.978081	16.235329	-3.366624	13.867406	23.695380	
4.793687	12.705114	-5.841501	1.553461	-13.473897	-18.373375	13.409116	-13.149645	-4.550731	4.971461	-0.143557	-8.753026	6.509159	-7.000712	1.894208	-17.523508	16.629438	-12.053738	-3.190566	-5.100823	-15.309123	16.972238	-9.319580	-9.501739	-7.598807	-11.185679	13.243741	-13.697178	-12.950472	9.527017	17.618117	-10.384899	8.885810	-3.315091	-6.887663	12.095276	10.104258	-12.117574	13.892194	17.182852	-0.656503	-2.814051	-4.009463	18.039153	-11.310027	-12.668117	2.548174	1.087316	10.696077	-8.584016	
24.743770	-2.167078	-0.553747	-14.288565	0.430287	-18.499389	-12.484656	20.596571	-22.545708	-22.201449	9.683234	16.501280	-19.777748	7.489349	-9.567547	-8.300086	-5.068648	-24.624815	3.498465	15.623072	16.762844	-10.039207	6.178440	12.097129	-0.575441	-16.234185	-9.164380	-16.163474	-14.157777	21.818409	-9.580216	10.645963	-22.735921	3.643082	-12.045912	14.199469	23.307231	20.361241	6.307170	2.687133	-3.159592	-18.002756	-12.471991	-5.665395	15.153314	22.281463	16.100497	6.409995	10.646370	-16.642685	
-20.947759	17.621638	21.751150	8.343333	-15.768321	-16.982179	10.297581	9.958545	-1.237402	-6.162581	17.618525	9.103358	10.093489	-1.340081	-13.448172	25.954619	23.689513	4.114488	-14.255304	23.180913	-0.625190	-17.599293	-1.595592	-25.449885	-1.478108	15.601183	10.744506	-11.074556	12.479279	-24.505181	17.590206	22.660379	-6.372270	-3.220577	22.140793	-15.180385	-21.305454	15.144479	4.627010	13.727575	12.415259	11.326144	-16.405601	-13.003094	-2.548004	18.869818	19.348048	7.303944	16.934832	19.540575	
14.756637	16.625814	-20.021655	-8.092232	14.016300	7.441718	-5.732199	-6.296947	12.270058	3.665234	-19.081595	-5.887526	15.663483	8.293171	-14.780829	-15.341798	11.172123	1.461058	11.866217	-12.801625	-20.712706	0.082447	8.849190	-15.328888	-6.640682	-6.542782	10.349308	-1.161180	12.554516	10.306350	-7.830736	-18.974815	8.462026	-12.669240	7.526869	11.540785	15.453521	-6.718677	-5.223956	-20.385994	-11.842539	7.194902	19.193311	-10.324937	11.981027	10.010157	-6.441566	-4.313035	-13.186679	11.762342	
16.855375	-17.860522	19.967128	18.533778	-7.015232	-2.943037	-20.797314	-2.815503	-8.296525	11.193374	22.898460	-9.482039	-17.428058	-9.472402	-6.996777	16.205066	-11.144168	-0.322103	-22.190736	-10.799910	17.670986	-6.839739	-6.716245	10.546428	4.704567	-19.668450	-20.982813	3.069767	19.354090	-21.567868	-10.855638	-1.494113	9.402136	-13.289494	-10.564622	-12.604712	16.856058	-14.259002	0.081385	3.806082	9.907032	14.257103	-12.193219	-12.381077	11.811880	-17.079772	10.511609	-10.931019	-15.721101	-6.687725	
-4.402346	29.862343	8.241790	13.088661	-23.515480	23.418945	-24.108627	-34.350674	-0.580946	-24.549217	-5.153907	24.888280	-10.040464	-33.547892	-30.997354	-16.249966	-30.737581	3.428045	7.956193	-24.190481	16.103013	17.910613	31.814370	-24.052341	-6.001504	-34.218117	-27.794946	23.012028	16.255534	0.139936	-17.073963	-6.106122	2.411097	2.569482	-4.434650	10.445926	-24.838218	-8.038984	17.300693	-5.901621	-22.419693	-4.555243	-34.328918	-29.345538	-10.191006	-19.542389	-33.821762	-34.900775	31.942645	-5.524693	
22.672736	-12.343353	10.749162	15.434288	-18.608523	-7.355553	-27.234753	18.613566	-9.648007	15.572546	-25.594108	25.574606	-0.858339	5.230069	10.581869	16.698404	-13.320434	25.334278	-7.620421	7.753968	-6.736914	1.185968	-7.541697	-11.302146	-10.006933	-19.025608	-7.050155	4.042406	-9.668822	-26.271487	9.240239	-12.571196	-15.507713	-22.126535	-14.744046	-21.820219	-19.569266	11.358802	0.201994	22.742378	-19.360065	3.430333	-12.577585	14.006503	-11.973465	-24.905974	-23.877249	15.820545	-26.216749	3.285649	
0.476476	-7.048619	8.293735	-11.216744	18.672741	-18.656867	-6.457895	-1.543483	-13.696656	-19.661391	-18.684665	15.833484	15.984256	-19.334083	-17.715255	14.482109	-2.520498	-6.758578	-0.942370	-11.262313	13.182021	-20.234399	16.064106	1.367421	-16.001121	-7.836220	-16.780106	7.040044	-15.058641	-2.560031	-11.688725	-16.949992	-5.326148	-3.695366	2.636238	19.763926	-12.316547	12.733164	-14.491020	9.216957	8.949262	-19.231897	0.184199	16.911802	14.265035	9.136207	-16.001951	11.963974	-0.919499	8.024968	
-7.174123	21.180223	7.541076	15.593738	8.231349	0.847799	-19.332233	-7.124118	-6.726597	26.858520	1.176466	-15.015077	18.340920	-26.367948	10.921593	-22.331274	24.936093	-9.933066	-2.352613	19.147100	13.523219	19.918616	-3.872030	6.219967	-12.032484	9.605895	-5.376136	28.893021	-8.429721	-13.164129	7.666542	-17.613194	25.579277	5.927901	2.417723	17.657757	-19.045259	-21.945366	-27.729638	28.566969	-22.131942	-24.722481	28.289062	-16.799952	-23.521247	10.856920	-19.243351	-2.560382	-24.483043	15.843064	
-17.760602	21.562912	-19.642063	-18.099666	10.225800	-18.873251	-21.410482	10.239065	1.855005	24.643634	8.152178	9.156750	-21.137373	-24.703685	-2.946430	18.490679	8.896321	22.464418	-8.930927	10.196260	-6.065601	21.334808	3.073959	-13.360537	-24.572098	19.860865	19.870922	18.069686	1.709814	11.766362	-9.519609	23.239886	17.511791	-20.093144	-10.609591	7.893637	-20.775810	21.082590	3.929717	10.507877	-0.426485	17.777748	6.977942	-23.651301	-4.046003	12.697471	-23.604840	-22.414284	-12.460002	12.135647	
21.696820	24.874516	-12.345437	-23.470821	24.136540	-5.400980	-14.848566	-22.513768	-10.302585	9.653295	-10.393100	8.179072	-4.953075	-4.354141	4.359644	-7.939198	20.452772	-12.207424	14.576065	-9.843799	-19.782581	-14.563196	23.578708	23.170420	19.457435	22.080118	20.532947	-23.221357	18.518634	-17.822616	14.377004	14.662352	-23.289971	11.381945	6.064996	16.953578	-19.034181	20.391148	-14.552761	-21.985081	20.373503	0.856718	22.241699	-23.784321	11.639836	-10.832110	21.873350	10.823837	17.924367	6.543586	
-9.677043	-16.638256	25.271069	0.926194	-5.787238	20.172083	8.280584	26.612771	17.814659	16.520288	15.904342	-5.888598	14.349983	19.035675	7.918389	3.621986	11.742014	-4.078472	8.231687	0.865549	6.372597	23.862023	9.245138	-5.757027	16.701383	15.746589	-20.801627	-1.742117	-10.334591	-18.477958	21.194444	-11.407148	25.293604	-6.960576	3.743613	-12.441553	20.792951	9.496103	-10.637105	2.893825	21.630822	-7.894613	-20.615073	3.791808	-19.772302	-19.805455	-15.901171	15.783641	20.454068	3.762990	
-20.736321	-5.155532	-10.808000	-0.596892	-14.374434	16.764163	-14.042185	18.129817	1.583935	-14.493572	19.218413	-14.536226	13.683290	15.416069	-6.434804	-18.384842	-3.877720	-3.662697	23.214805	12.636566	17.109714	18.007442	-7.368620	-24.280618	-13.271238	-21.165451	-24.790844	-24.106915	-16.608868	11.256700	-11.843645	-18.308441	29.499197	-26.428454	-5.661577	-28.927255	-12.553110	26.665716	18.674932	-12.962910	5.790128	-28.509701	-13.868212	-22.048786	13.629121	-23.581984	30.177409	-7.097914	-20.624698	24.300495	
6.330310	9.215353	4.901667	14.365610	0.743670	4.030641	17.573457	20.922201	14.804877	-10.146477	11.092282	11.748957	-13.914575	-15.192511	-13.650408	10.777111	7.314871	-9.506172	-9.928276	1.333013	19.238439	-5.539736	-20.997556	8.734899	-17.321323	-5.098116	2.444869	14.404595	5.551036	-15.318782	23.772926	22.968602	10.798053	-5.250726	15.959496	8.041767	11.201809	-18.634219	8.705062	17.135045	-23.006751	4.451977	16.458064	-15.111327	-8.935609	6.380493	15.695371	20.205256	-2.091023	11.520147	
0.413106	0.051513	13.569151	19.253298	-3.672321	-15.070343	11.079967	-0.182915	10.697610	12.665922	-16.492182	-17.711479	19.509885	14.386773	-7.651644	-2.724614	-4.528339	6.433901	-14.883922	0.458609	-10.847068	2.694851	-5.071583	20.426033	-2.576127	-7.603355	-14.328966	-10.377500	-7.427151	10.995853	-14.116325	-6.578153	20.809724	-17.708712	10.681559	14.506712	19.209424	5.955452	7.337291	4.770564	4.760126	20.716972	5.144460	6.430907	5.940328	-9.259137	-9.729593	8.549228	6.893240	-5.649479	
-6.936250	-15.531897	-16.820312	19.445715	6.194569	0.699593	-19.472096	-3.607843	19.524854	-20.982151	13.918701	-11.344599	6.783186	-13.550446	8.810045	4.618221	-18.860611	24.777862	10.185564	-2.101929	18.269827	24.844874	12.306637	-11.814337	-20.739836	-8.830987	-19.784947	-11.891873	-9.947380	-16.676362	8.695173	12.664635	-12.668575	-9.908023	2.551351	9.660972	-8.593396	-5.287708	-3.651623	-24.315297	10.994411	-17.725560	24.269583	-6.954426	-24.692446	-11.656209	10.914292	-0.239562	1.964656	12.188767	
-11.612114	22.196998	1.692753	4.161886	-22.429820	-4.378293	-3.757289	-17.113312	20.516418	-9.256801	-11.500988	21.010364	-5.392335	14.891261	-16.300502	-1.185468	-2.780013	14.968421	25.925702	5.175537	-26.969884	14.267494	-1.307453	-18.400783	-17.847228	-14.796850	-19.695247	-24.900177	26.641660	26.259440	19.285255	6.142532	15.662555	4.542420	19.270006	10.696453	-23.341211	17.907702	-24.554207	17.685730	19.821949	-5.711149	-7.674700	-16.725515	5.686650	-10.954995	15.120228	3.412928	4.626866	-25.440447	
-14.206607	-15.196164	-16.084067	-16.855380	-16.728218	7.686734	17.781196	13.459857	-8.466755	-3.657605	10.318637	11.752404	16.526788	11.252247	-9.355185	-18.665186	17.922217	-4.997924	18.376996	-7.677080	16.455875	9.485215	3.789791	-9.333794	-13.680438	-8.799732	-18.164458	2.320094	-16.388843	11.077271	12.384031	11.974290	10.373147	12.026226	0.937626	9.183336	-14.259347	-9.077060	-4.665359	-10.626797	8.718061	5.337590	-0.910683	-14.068959	-5.253156	-7.332491	16.588826	1.930240	-4.962216	-6.040839	
22.349889	-6.530857	18.516606	-19.852088	19.496088	19.600370	-17.504564	21.729616	-10.672956	22.497726	1.864563	-15.948165	21.916871	14.029450	-6.441660	9.127669	16.603549	-8.718609	-9.403521	-6.820775	-11.671647	-15.183057	-10.275318	-0.550607	6.272135	0.257120	-20.598176	-7.229079	8.651515	6.518264	15.305345	8.369655	-4.171635	21.341002	14.614177	10.130757	-7.177158	6.675507	10.946594	1.328303	-13.510565	-12.767829	-14.417446	-6.030516	8.804845	3.997465	-17.940091	2.105134	-18.179880	1.730197	
33.584208	11.839131	-26.874813	21.944682	-19.404081	12.377624	21.703337	-32.531409	18.861764	-14.969442	-16.313085	-9.918862	-27.442360	25.101556	-29.044793	-27.746940	15.997496	-19.647539	30.980800	16.500105	1.303073	-14.065221	-3.389678	21.813301	15.623535	12.104013	33.790961	2.402918	-10.724149	3.001984	15.620530	1.787668	-29.734858	-28.719112	7.130757	28.830697	22.070547	6.074480	-15.641664	8.423798	3.733066	-4.473387	10.977170	-24.182132	-1.714395	-2.433881	-12.669703	-14.389650	2.724507	24.870553	
10.190931	20.203893	4.829070	12.532705	23.697640	-20.224287	-0.678201	-0.009086	22.104016	-2.091800	-3.833243	-8.975995	-21.932625	10.993217	-17.945285	5.787180	-7.919482	3.931072	-2.529677	18.581267	-1.536422	2.735140	17.819272	-20.055394	-11.650247	-6.006350	-2.821437	19.920457	2.023237	-20.501978	-8.391599	-8.477799	-13.626254	3.149084	8.812093	-13.112068	-15.103922	6.011395	19.207162	-2.605183	15.465041	-14.924830	22.597878	-12.889168	25.561494	11.483699	-9.780392	-19.942913	2.699910	5.228231	
26.495762	15.839553	27.028706	19.591049	-27.913734	-7.806179	4.763994	-26.251730	-9.686566	17.050179	-9.261457	8.651262	-14.849901	-17.551117	13.441091	13.226198	6.032539	-4.416260	1.928551	-21.482715	-2.426423	-26.226185	16.610741	-16.463449	8.345366	9.159460	-25.145835	-2.729110	0.407561	-19.601245	-16.163426	-10.486466	4.313192	13.766173	-10.657091	-4.540688	14.009332	7.168627	23.320069	-11.581473	-6.800698	-16.840868	23.268236	-27.920999	-16.978943	21.785253	-7.833315	-13.769674	15.510553	22.458802	
22.527126	12.667470	8.342222	-19.636672	-8.758827	-4.366107	-9.379014	-20.332655	6.845092	3.507552	-18.260727	7.504770	8.412439	-21.802043	-22.718977	18.255576	-20.516738	21.769129	-14.675148	-21.311092	-23.480323	8.150302	-21.870227	-2.453428	2.636819	-16.121619	8.880191	-5.840141	23.466463	-8.045382	-20.453691	20.094588	10.525814	-11.554074	16.609907	16.710754	-0.555150	12.693091	11.444914	19.785794	-14.798088	-12.223206	2.442275	-1.445097	14.042698	3.315943	4.219385	12.439819	-15.423512	-7.702767	
-22.298410	1.563904	20.264533	8.498300	-22.429424	2.321472	-20.985610	10.729841	5.699664	22.966355	-6.937185	4.578392	-11.278796	-23.192113	12.334272	17.619447	22.449666	1.566125	-18.124856	-11.074766	9.073223	-4.958706	14.195007	19.084783	-15.490505	15.739943	-20.591827	15.574049	-20.098900	-2.437331	1.465258	-8.436000	-11.278970	14.195006	4.348780	-8.057369	3.463564	-16.252529	22.805256	21.380777	-17.944865	-12.973468	-11.611229	-3.681381	-23.225676	24.382378	-10.961508	-16.924744	-22.881524	-4.840381	
-25.386014	1.352234	-14.419478	18.885537	27.814846	7.790898	-12.054860	-18.129666	7.327485	2.357186	10.115844	12.113640	7.413604	-25.723180	2.401022	-12.270974	-9.642893	27.890239	-9.717624	9.243714	-2.952501	-22.439245	-8.747011	7.571024	19.520741	-3.386440	-0.903236	-4.851932	24.923286	-9.799009	-24.021699	-11.722251	13.184221	-11.958596	-20.532804	18.939695	22.629791	-9.743402	6.386184	1.894544	-6.708195	22.229484	12.925302	20.648549	-10.095386	-15.157761	3.141093	-11.891347	3.639742	-26.969486	
27.792724	-26.334087	-10.853231	1.185888	3.367086	21.971676	17.588240	19.019627	-15.384241	17.384013	13.688215	13.036058	-23.126508	-10.968044	-9.685199	-14.194338	-26.481542	15.340020	-22.221171	10.252131	0.510013	-29.392444	-13.311531	-10.775498	21.806644	-4.532769	31.236474	-31.448443	16.160938	22.725609	4.558694	22.928196	10.637312	-7.854050	8.784995	4.137619	-0.300951	-7.858890	-21.269173	-8.523914	-4.592177	-10.107013	28.749692	17.071685	0.334109	12.868355	12.258455	28.613622	19.950370	-16.259242	
-10.364316	25.256467	13.813747	-21.110262	-2.688309	21.597373	2.423050	-17.923371	-4.341737	2.655392	11.242185	-19.615812	11.202977	-4.698789	-21.455307	9.014925	9.396614	-24.669437	21.697962	-16.507572	3.000920	-17.270106	-21.131973	16.596952	15.975416	-4.415801	-23.552120	-15.996057	7.339960	21.513786	-0.125117	-21.383158	-24.630851	8.079294	6.222785	-3.964140	-17.946904	11.917718	20.588859	-23.681343	5.339372	-17.102010	20.346499	-14.411235	-16.699523	-22.374601	-16.485211	-13.786747	-21.156340	-15.754261	
-2.592561	26.503588	2.882180	-16.394498	15.096309	7.973110	-17.722585	13.124363	27.836464	-12.439622	12.251271	-11.967448	-17.646838	-5.308262	10.831144	0.722802	17.484679	-2.368007	-26.496380	-0.219794	10.661354	13.848831	-22.670049	5.903024	-25.587752	5.538642	-16.251864	-7.089680	1.147068	13.161669	-2.419746	2.783737	4.464704	-20.836002	10.114381	-2.085872	-22.914289	-0.240465	19.636017	25.741856	-2.785382	-10.413990	-20.766703	-1.103460	-14.980951	25.420804	-0.358990	14.439895	-16.480895	4.711875	
-12.323383	14.105497	24.293013	-24.327712	6.992788	-20.663931	-20.614526	-19.217605	2.076578	9.305971	21.452975	19.895110	-23.444320	15.970086	17.077566	23.257399	-15.567809	-14.677058	-10.891393	-5.572992	-21.345309	-19.904241	6.353155	-19.386947	-20.396140	-17.132679	-11.752770	16.859434	4.717211	-4.355390	-17.885589	-11.564603	-3.365045	12.868965	4.013232	-19.583586	0.050491	1.247610	0.817024	7.949656	-7.886679	-16.379132	7.265226	-10.526828	11.333951	-19.069081	-3.352911	-2.822712	-3.085706	12.845189	
5.798930	17.028304	-2.834619	-7.323428	15.290153	-16.930348	-11.238294	10.251194	0.321800	-9.953263	-5.569351	5.634502	-7.398442	-10.557933	1.943790	4.781394	-19.449181	-10.448648	-13.215707	15.735822	2.923284	10.110553	8.390089	4.771475	9.451054	11.079163	1.490396	0.095090	-1.422707	-16.088780	21.263510	3.058644	2.707777	-9.447552	-0.190962	-9.054065	7.679217	19.960721	4.065074	17.805875	17.634693	-19.568220	18.932757	12.233752	8.559097	16.767253	-12.703197	-2.777213	-0.421319	-14.049463	
17.889597	2.058240	-18.983441	-3.415160	3.533769	-11.460762	16.994685	0.101729	21.274766	-21.451480	-0.672563	10.653457	-24.599589	22.243813	-24.746851	-11.527924	-22.873715	-18.745789	17.247322	21.994369	-23.992255	-2.397131	21.112423	-15.437263	15.366278	24.223164	-18.042137	-3.280648	0.251805	-12.168290	21.515775	-12.110612	-18.341302	-9.857890	13.973063	-12.556147	23.897376	-0.600618	2.839435	-1.931617	-4.138167	-20.718100	21.943731	22.434897	-11.026076	-2.619839	-15.759605	-15.799388	19.971936	23.347358	
-2.729387	-15.374125	16.406633	4.410056	-17.713629	17.336471	-13.927930	13.016346	3.511676	-2.743666	-2.684604	18.025619	3.383921	-21.309615	22.928067	-22.916040	13.630943	8.357339	22.646452	-19.634164	-18.757020	21.633336	12.681304	-22.392276	7.755688	23.927016	-0.988524	5.828496	-7.046782	1.385600	4.856822	-13.624809	17.475627	-7.703391	-14.471194	20.846846	-3.191387	12.384414	-5.613371	-17.143715	6.115535	19.596133	-5.361345	-22.767591	-20.068818	-1.998833	-23.712315	-10.375374	-2.242983	21.084512	
14.673732	-11.778327	-8.784743	-7.930681	-8.819271	10.893638	-8.379062	16.532483	10.655224	13.397762	-17.352094	3.072233	5.960376	-13.667267	-12.942594	4.332979	-9.696785	-12.390372	16.112592	-13.281569	14.781355	-16.884819	1.972241	18.540525	10.273928	-18.182765	-15.161096	1.958003	-5.142847	-13.510677	12.717541	14.143311	4.433183	12.399674	-7.917586	5.497658	4.795644	13.540851	-6.047904	14.557145	-11.061082	5.164654	-12.263058	-17.709574	18.587429	13.486785	-2.986196	0.405597	-13.126319	2.291190	
20.650765	2.224009	19.665524	20.124903	-5.975187	7.473757	-20.060072	-10.364580	-7.966950	14.696158	-14.503600	-4.667932	23.846983	-0.511873	-16.148024	13.533548	-7.073498	5.031536	10.901565	-18.541471	-14.219626	-2.632256	-3.583237	-13.090620	16.531513	-1.639715	14.487711	-23.237333	-18.579480	-18.950130	1.695894	-15.668547	-23.822505	1.829501	-11.561765	13.810227	-14.807401	-12.114485	12.395579	-20.598021	-8.405672	-15.046336	3.575892	-20.267872	23.400554	-19.124875	7.000222	-7.356146	18.989268	-23.103230	
-12.391463	-13.100340	27.064377	1.123486	13.403135	0.450697	30.550050	-18.221537	-22.078552	12.888054	8.387889	-14.259450	-24.319490	19.367279	15.774498	23.263161	-2.477010	-16.102372	-20.137281	-21.083903	19.662700	-2.535252	15.179861	26.186659	-2.248658	-21.982910	30.476426	2.843019	-29.841648	17.250487	-16.605304	0.453486	-6.526166	2.771594	8.009352	13.902998	-16.623458	-24.193445	12.980708	10.936977	-1.514903	-28.723319	-15.153750	-16.760054	-7.006851	-2.212677	7.358906	-14.331635	-12.793425	-27.828819	
6.465599	18.085034	8.009891	-13.554339	-12.939192	13.904011	10.707295	16.669281	5.382596	-12.646214	-12.992471	-19.738713	-18.686741	12.784188	-14.110670	-14.055414	10.594536	-22.873347	6.597475	14.512768	-18.455681	-18.972003	17.491965	-19.355541	19.921922	-0.875168	-15.438434	20.947904	16.669643	17.205334	-22.922632	0.199092	7.702540	16.284659	-15.788475	-6.341879	-18.588682	12.340469	-7.237002	14.193724	-17.896033	-21.389959	-3.871853	-21.881685	15.952985	1.372586	-22.489256	-12.385449	15.661419	-1.941546	
-24.843683	-22.826866	12.838400	-10.853280	12.194307	-11.777283	-11.510901	-25.569183	11.529449	29.763490	30.088847	-3.300465	-23.980083	12.203691	27.219963	28.124253	-28.892979	24.922062	24.174240	22.221614	-6.609459	27.656390	8.546431	26.992901	21.671589	12.496721	-16.903505	-14.035421	18.151682	-0.488973	-4.396920	-23.555099	-8.471535	-6.338552	29.357552	16.860261	13.005316	6.635872	27.511547	2.668896	5.156973	-29.505743	-20.776450	-14.657311	-24.051225	-12.113322	-25.252919	-7.785418	10.145229	-28.280259	
12.253871	-21.986286	23.747981	15.921216	8.786029	-25.329113	-4.059607	-18.224268	15.639764	-22.987520	3.856118	-23.783698	11.149843	24.199744	15.328895	24.655385	20.073389	13.743277	-10.051032	-22.780522	-25.870270	-3.538378	16.159316	-5.281344	-16.029624	-14.956141	-13.161193	1.423875	4.174697	19.913972	7.622537	24.537569	-26.102513	-17.180202	-11.822181	-26.057607	-24.810102	-10.196814	20.450232	21.270835	8.314367	-6.360987	6.058398	-1.136341	4.462061	12.853148	12.023585	4.444820	-26.033067	-22.371589	
2.934627	-9.330026	20.422770	7.148618	23.993784	-17.020820	-11.733068	3.888827	-12.112390	-8.639162	-16.489672	-20.879708	-16.431559	16.744978	-14.054350	-19.812763	-13.216430	-1.994632	8.796312	15.785205	13.652558	-7.682087	-13.575270	19.850142	-5.922946	15.414832	5.267166	-19.154874	17.315047	6.376532	-13.272577	23.623268	-21.830596	-13.204413	19.446895	-23.865541	-23.072792	-6.982950	13.388296	-0.080950	9.115966	-0.751271	-13.763064	-17.352306	-0.567461	19.554579	22.773882	6.024888	-4.765875	6.334443	
-5.428443	18.517952	-2.892046	4.192527	-8.842601	-20.390225	4.570923	1.715385	9.389942	8.106664	-17.982810	-3.833684	-6.060460	13.825522	-12.672086	-18.976910	21.318887	-22.403675	-19.947166	11.581244	-21.243796	13.903560	-16.730213	19.157548	12.088693	22.914405	-17.667831	19.178323	6.296797	-8.921810	-10.729242	12.106993	-5.529355	-22.993493	-17.169983	11.077822	-0.639906	16.925777	-4.330488	22.732400	-18.137818	-8.014548	-22.427833	0.995395	-4.848437	21.195040	-17.351412	7.410259	20.869825	-16.517625	
-4.537660	21.954705	-5.358323	16.634253	1.566716	-0.710350	10.479527	1.839065	5.063370	-1.709525	-13.685943	22.353251	0.865902	-22.282392	-11.285811	-22.482010	-17.824531	-8.404186	8.501063	0.034498	12.100263	19.607715	5.742908	-21.501051	-3.943856	-4.093454	-9.306819	-16.470079	-2.864424	-11.270768	12.017144	-17.605532	-0.406259	-3.002994	-15.095262	13.257681	-18.593704	-11.090831	18.382162	18.645208	22.668992	19.487042	-19.985488	-22.702737	17.405153	-1.762907	19.721484	-9.468246	-4.333083	-2.349070	
-20.895962	22.112666	21.500041	13.709403	-3.405884	-19.031370	-5.231761	-7.360734	-13.477981	-23.748131	0.585083	-19.395061	0.889751	-10.585046	16.584482	25.655182	25.378658	6.477702	-9.840037	19.651087	-14.562780	21.685063	14.136452	-16.557195	12.350572	9.307186	-10.398634	7.180073	3.298092	7.721701	12.147395	-12.684912	-8.259685	17.025760	14.608856	-24.899792	18.306849	24.344755	23.371799	-8.048101	-18.505710	5.054367	-1.996216	-20.545676	-11.877733	15.841084	8.659922	-10.081179	-14.273566	20.347396	
-14.801340	5.716391	-20.303972	-19.313630	4.430980	-19.139591	16.097084	12.533865	2.078381	-24.705768	-19.730142	-8.206246	20.304327	8.778481	-3.076096	24.461528	11.568288	-24.133006	-5.238604	12.110972	-11.130466	-5.725885	8.247725	-19.928141	10.253202	20.124330	11.316695	-24.306076	-21.635752	16.797001	-16.281170	-23.883648	17.415606	15.791242	-1.074220	6.036496	8.643531	-8.490167	-1.994025	-18.978880	9.435161	24.154536	-15.600303	8.064369	-4.771634	22.921583	-14.776646	-2.378709	18.335028	-4.094339	
-27.102233	15.724914	27.760069	3.252320	-7.130801	-27.519164	-18.186353	27.921597	-13.848806	-17.072134	0.713555	-1.068821	-16.800824	27.602554	-16.867733	-20.672583	-25.879146	-15.532408	-16.551859	13.413766	16.137080	6.565212	6.000719	15.414465	11.250754	21.305933	14.143748	-26.466332	23.998429	-1.650811	12.883472	13.356533	3.731877	-17.946239	-25.111359	-21.378725	17.835780	-12.029836	-19.797871	-16.480475	-14.882874	-13.426534	13.687999	-12.075079	-13.962349	16.911243	1.163740	-25.982863	-24.332600	12.908091	
-5.917622	11.039630	15.182339	-19.950765	19.319352	20.945994	-5.536048	-10.141873	-26.836336	-10.993792	6.543125	19.043465	6.689996	17.173807	-5.250265	18.852189	20.642568	-22.561778	-14.955389	21.525034	-1.377719	13.632917	22.224468	-18.928781	5.449936	13.670053	8.353131	21.930876	1.744604	-8.681090	9.020813	-14.453923	17.423980	-2.596443	17.468980	11.103307	-27.313668	3.894246	13.059206	5.056131	-9.471761	19.629345	10.371310	1.401048	-1.104733	14.555354	-11.262760	2.234796	-15.699155	-17.596644	
-13.981697	23.439760	-22.146394	-6.304924	-26.215732	-11.958175	8.910262	-18.042030	10.889856	-7.587336	2.448101	-8.151557	3.632690	5.111534	-6.977910	-6.925755	19.384055	12.803287	-25.952446	-13.572174	-25.196658	-12.280756	-2.651675	9.854269	26.124685	7.512386	2.898450	-0.798087	20.298920	-1.633241	-14.291457	-12.969015	-23.641874	7.774479	-21.049334	-23.425491	5.749350	26.219272	-3.401976	-10.819401	-26.650383	-2.302838	26.449077	-25.712048	10.542004	10.249145	0.179661	-1.230994	7.186608	-4.697214	
3.780225	16.141284	7.741370	-6.356824	-13.513808	0.406820	-19.435073	-11.322588	-21.171835	0.352025	8.895395	-4.701734	-18.320119	7.735261	20.953366	8.070489	-7.369453	-14.848029	-2.193075	-8.157534	10.989760	0.035845	-16.835592	2.096407	-13.487268	13.985301	0.420072	-4.468920	19.794011	-18.805142	-3.896901	8.628356	4.560604	-11.010957	-14.952476	11.989588	-0.611848	-9.433572	0.753061	-10.760539	-10.306302	20.089070	-12.668916	-15.851155	-1.857602	4.443423	-11.608399	-20.552387	8.274171	-18.354476	
-10.088195	-5.146627	15.447608	10.308636	-1.392118	-9.602319	13.065694	-19.923743	-10.431297	-17.829193	10.061707	6.790854	-13.934274	16.005244	15.129190	-6.260459	7.614653	-19.166471	3.871497	-2.307462	6.862695	-0.281177	20.237005	12.692095	-9.322241	7.932724	15.028127	-2.657839	-20.421865	18.711039	-16.496115	12.241169	2.232665	20.782170	-8.982625	11.509951	19.323914	15.549072	-13.312840	-15.133563	-15.978080	-9.646969	1.051848	18.505860	13.346506	-5.380627	-6.222947	6.623151	-12.625737	5.555641	
20.570731	-11.951470	9.904825	-9.337821	-6.720144	-13.551167	1.665698	-19.702236	18.848314	-12.108797	-12.759126	-4.580900	-1.047300	10.899180	-7.365047	2.564067	3.611800	12.254347	2.879383	9.915165	19.400263	-8.758552	-9.994052	3.006029	-8.522051	5.254385	-12.517038	-7.284176	0.624941	18.187802	9.917451	-2.901738	5.307326	-7.933296	-13.736470	18.063000	-19.563744	0.268059	15.895419	18.119188	-17.197356	-11.897852	-21.396809	17.467843	-21.384778	2.720029	-13.760944	-9.575387	6.853819	-0.992713	
6.080478	-1.448229	-25.536039	14.318554	-5.577244	1.459581	6.891707	-19.030011	2.240160	-10.067405	20.929862	20.341299	-26.063423	21.731461	-1.877287	-10.653804	-20.825908	-17.265473	10.981749	-9.335665	-0.939012	22.036654	-13.281348	11.406749	-6.953822	-11.411182	7.294469	-17.517456	-3.108277	16.721039	-2.395842	-7.363159	-25.864977	26.933269	14.513996	-13.111730	-20.337130	-23.384836	24.542706	5.981546	-19.092882	-11.359353	18.884612	23.053532	26.303543	8.223095	-22.276377	21.463143	-2.675795	3.038560	
-12.589608	-6.983061	16.540361	-18.700316	-7.456260	-0.348982	-9.594766	-23.217001	12.723742	-4.075504	-3.053464	0.420142	-18.738639	23.933032	-20.208530	7.438008	-8.847284	4.697135	-14.359253	-11.623433	-19.483324	-11.456152	11.131737	-14.121744	15.773357	-11.534929	-9.609628	10.446787	22.564040	19.914190	-10.269773	-21.744873	21.752018	8.409228	1.968394	22.511260	-5.241530	-2.514774	13.744196	-18.301563	-12.602932	2.800424	24.946055	23.600326	10.221885	8.671364	-14.669829	-13.672687	9.966612	9.068831	
17.263990	-23.611411	5.201890	-23.419111	-21.383165	-5.860053	2.465006	2.389480	-21.365590	-5.002246	17.109400	13.210145	-12.334622	12.485657	-9.754181	14.131993	-0.463141	17.211049	6.727811	23.514203	-17.836105	-9.285985	22.654995	4.383452	-20.661056	0.029022	-12.714062	-2.951417	9.752668	-19.610210	-10.932443	-11.361908	2.789481	21.278248	17.375443	-7.765256	18.816573	12.950459	18.408257	1.510599	-3.065546	-19.259737	-21.329391	-23.465751	-18.609097	-1.160690	23.734319	12.017369	10.303763	13.794532	
-4.508566	24.511422	0.793962	12.624643	8.203988	4.682359	6.949677	22.528026	-14.680918	-22.377706	-16.666948	4.239912	18.483561	-14.766937	10.642660	20.661425	-14.175810	16.705808	23.737488	-22.048460	7.893501	13.963617	-7.153484	-16.974293	-18.610333	-14.468377	-18.368527	-25.999183	6.668078	5.719228	-6.838066	0.611956	-20.886909	5.982653	-6.427775	-3.619513	10.712211	1.151318	-19.114581	3.160032	-2.823940	20.250610	2.280710	-1.580754	-13.157879	-0.261134	22.558267	0.593198	1.540966	-1.636721	
7.921831	0.227053	-3.944927	-14.539255	-4.023100	-18.688785	-23.275435	-0.750298	-27.737338	-13.254370	5.947566	11.656347	-19.240728	10.150290	9.033483	-6.997266	6.107230	-13.533208	-10.895837	9.368257	-22.925722	24.763580	23.665166	7.939889	-17.856662	-11.859815	15.993695	-24.753359	23.967393	-23.445735	-3.339089	-19.384103	-15.831639	4.136742	-6.665687	-21.350945	16.444936	-15.654741	15.042682	-21.284032	-9.578766	-13.213439	26.576890	-7.931137	-27.258753	-6.563789	-24.465786	18.499004	17.604987	-1.732372	
15.434543	-9.582073	-3.188377	0.648950	13.689809	4.403704	16.112164	11.625287	7.134133	-17.275342	7.593809	11.744294	-1.822934	5.513859	0.985753	15.368980	-5.940980	-11.494951	-1.387826	13.652661	13.609707	-11.645801	1.927786	2.064922	-12.301771	-17.729082	-1.314901	-12.385938	-6.538266	-5.849704	11.095923	-15.013431	-2.287564	8.362056	-12.371981	-6.600007	2.562588	-3.840928	10.831447	11.987358	6.297593	-5.831755	-0.768135	1.782234	-13.786963	12.845176	10.479758	7.514256	13.746315	-0.171225	
-7.412085	21.894417	-25.538626	2.408431	-1.588243	-26.792721	2.543393	-15.205435	14.705027	16.448275	-16.226837	-13.027306	20.728906	-4.869356	-26.445869	27.831482	20.072575	14.234812	-22.869435	15.676122	-4.563686	4.045262	4.828760	19.710021	-21.101318	-11.685309	9.654970	6.119669	3.282061	8.007259	-10.815029	-1.705267	-25.200923	12.794218	-9.406173	24.921606	23.951605	26.338071	-10.794584	25.899333	-13.092474	12.320396	-1.642204	10.542727	4.624629	-11.417006	-9.842349	25.716188	7.878476	-3.351847	
3.153734	-2.183878	9.037033	-2.469775	-27.354647	-1.945034	19.918427	-10.335379	24.299528	-5.421115	-1.321058	12.279791	8.089388	-2.268671	-12.092606	-28.439469	-6.791268	7.934146	16.520733	21.157837	18.381021	-21.434788	-9.734742	5.675116	27.532317	23.534072	27.834698	22.454274	-24.493089	-6.014273	15.784046	-3.893724	-19.752916	21.973813	2.088075	-22.301817	-24.890270	7.915939	7.198793	10.073527	5.435773	4.304814	19.413279	3.437486	4.016280	22.147496	-15.177293	-25.075258	22.670353	-0.157497	
4.448640	15.487043	24.730491	-2.059438	-4.912250	12.441127	25.973553	10.710656	-9.251986	-16.123997	5.608364	22.679717	24.007209	4.075830	0.768674	-12.873783	3.928005	14.280156	23.655047	8.854074	-5.053368	23.789220	16.536006	3.730535	-9.992411	12.229006	-19.538983	-13.818022	25.947182	15.401084	15.605930	-10.149367	-14.083725	12.870736	-10.625901	-24.656561	-21.581702	-13.823160	1.811811	24.188082	-10.324843	19.700413	1.982573	8.328238	-20.386625	-20.629411	-7.919459	-0.659304	19.576532	-19.033876	
15.951368	25.584886	-16.288239	-14.777605	9.920981	15.109744	21.386252	-20.039339	-27.891926	28.580646	13.815261	-10.340527	10.341696	-20.233393	-18.320783	-8.550644	-19.549015	-6.675094	-7.544638	-13.861444	2.542519	25.553473	-18.933499	-11.119456	24.956392	-13.046294	8.556307	-2.146188	13.941469	27.589087	1.101344	12.786648	-22.213141	22.170395	27.717596	0.638528	-2.576695	-26.227673	7.536836	20.403881	16.881702	-4.203943	-23.491916	23.560635	5.696139	-16.228160	-14.188774	-22.489821	-7.549312	-21.484411	
14.965513	-14.827349	13.304744	2.119861	1.004539	19.570837	18.918939	-18.324379	8.148218	-15.994901	5.921541	4.514292	-12.371138	-19.335392	20.989805	-3.923176	4.070980	-3.209353	0.253896	-5.587992	4.863958	-5.270112	-7.839587	3.804343	13.802357	-17.374280	-8.431927	-19.087441	10.820542	-10.567984	19.717251	14.716089	-14.929256	17.280577	9.353387	19.948671	17.525219	20.473841	-11.352224	3.530586	-10.072371	-11.872537	-20.278052	20.587573	-3.615773	7.962448	2.281931	-13.976690	4.749067	-19.210923	
-12.741315	3.942868	10.707099	-21.611261	-6.235169	-7.020681	2.282390	0.678187	11.509408	16.657307	0.488431	14.822166	5.458385	20.105089	-1.084524	6.089469	-7.010946	-14.738014	-20.297667	-2.305988	-9.602766	-2.983748	8.253786	21.683594	19.569216	-18.522274	1.120390	3.096414	-13.833747	-14.134679	-9.282674	-8.553922	-19.303226	-20.283262	-5.371112	13.071067	5.248045	-10.602750	3.750851	3.565040	19.937566	19.828013	-11.440419	7.344444	-19.733466	9.389768	20.531100	13.067023	9.058897	16.187060	
13.949571	-14.195523	-2.137913	-13.708779	6.390118	-8.134304	7.047694	1.231852	-10.324935	0.478029	13.257381	-10.799531	1.200376	-0.569515	-5.874942	-3.605863	8.364514	-4.669314	-10.970645	1.658910	12.645233	11.436475	-4.935933	5.477208	-7.138510	-0.760720	-8.323301	2.596467	14.048755	-6.358533	7.412056	-15.035310	13.377744	-8.345767	0.543409	8.851648	-4.861406	2.834960	3.707073	-7.991280	4.262239	-7.684111	8.013751	-13.928374	-14.305381	-13.387606	11.606430	11.856624	13.025222	-13.396986	
24.666026	-7.372558	-10.332718	-2.080878	-3.709582	22.377476	-5.639343	-0.129557	-11.849809	28.076294	12.004888	-11.127825	-18.944730	21.248351	-23.958344	-17.622695	11.701244	-9.999190	1.343865	17.681633	22.693537	-24.108318	-26.198900	-1.202861	-4.527745	2.007003	-13.446371	25.624759	-13.509528	-3.605557	-11.851020	23.828301	0.047071	-8.557755	22.164609	-27.263383	-18.353221	15.176063	-16.708352	10.276567	24.429117	-5.199035	21.897739	3.057974	8.498999	0.227294	22.006313	0.300907	-23.160541	-26.802059	
-18.838577	5.845207	-7.620219	-24.050089	-21.305390	-6.710379	17.834333	-8.591255	21.654766	-11.356868	-7.446088	-24.460848	3.350126	5.753876	5.348855	5.899727	11.901397	-21.632184	16.580389	-11.614067	-7.114421	-21.123203	0.085886	-3.814720	-24.441548	-13.490298	-3.571124	19.444005	-23.830982	-2.796984	5.315740	23.523738	3.261910	23.108187	1.978941	15.202498	-24.353992	16.677258	10.957138	-15.784087	18.122180	-9.453449	-7.460723	-23.648365	-23.952888	6.865852	1.350053	15.730339	2.347468	-21.900349	
-15.471947	14.928394	-24.823573	13.497225	14.865169	16.037930	6.962292	-16.756793	-0.567813	-19.407588	14.239303	8.352021	-20.996276	-2.231448	-20.802219	10.299557	-9.508019	-2.221111	16.039193	-17.374119	-18.665511	3.043767	-12.679014	7.495249	3.110265	11.234758	-2.829142	-15.811906	15.709186	9.303002	20.625797	6.429454	13.190313	-17.290172	-11.265078	3.353998	2.622397	-13.170485	19.626186	-22.525858	-10.152418	11.717674	-15.948172	-24.789405	6.002903	19.332124	13.858966	11.104768	-16.153353	-16.874227	
2.065607	-10.810590	23.132970	17.547303	-4.392934	17.165932	-20.577348	3.184738	-17.106639	6.787059	-20.166528	8.878403	21.087037	-8.260902	3.617982	-21.155432	-6.064402	11.410298	11.523612	-6.642186	-21.977130	-13.561090	-2.119970	6.312173	22.840377	-19.506767	-22.837384	-0.349580	-22.299746	-4.624216	21.169429	4.895739	20.046377	11.826689	-17.143503	9.621298	5.294191	-15.668581	-3.297936	23.350601	3.493128	-3.817281	21.580683	-22.706680	16.098742	-4.241980	-4.154089	9.648195	-4.353025	23.562542	
0.009070	0.024879	0.009863	0.030062	0.007941	0.016519	0.011480	0.037773	0.031304	0.005939	0.004203	0.026115	0.018227	0.027545	0.034875	0.034595	0.012686	0.012963	0.032697	0.001125	0.021977	0.029124	0.034622	0.003982	0.037724	0.037682	0.012907	0.006369	0.025771	0.038947	0.028731	0.001922	0.006509	0.016955	0.019469	0.027850	0.002708	0.014864	0.010452	0.013123	0.039486	0.000431	0.010140	0.018918	0.026191	0.021595	0.036714	0.002270	0.023544	0.039162	
0.015088	0.014086	0.004112	0.013077	0.003929	0.024171	0.002450	0.001340	0.037682	0.011052	0.041935	0.022031	0.017907	0.031965	0.022823	0.033963	0.001605	0.018423	0.031916	0.005192	0.023432	0.027747	0.028143	0.028657	0.026724	0.008424	0.021830	0.043414	0.027561	0.010249	0.027464	0.045110	0.036143	0.041834	0.005683	0.014577	0.035586	0.018966	0.024939	0.012710	0.009305	0.017218	0.005497	0.008078	0.025389	0.013579	0.014955	0.028441	0.011851	0.001749	
0.036962	0.006022	0.030083	0.015473	0.014095	0.032517	0.019594	0.029658	0.004379	0.000245	0.003699	0.012332	0.026023	0.030838	0.019597	0.037735	0.018424	0.009569	0.006758	0.030584	0.018553	0.007026	0.007068	0.033980	0.037886	0.015070	0.035330	0.021253	0.023056	0.031929	0.013213	0.015388	0.009314	0.007794	0.037144	0.000502	0.023636	0.008683	0.037945	0.004982	0.028487	0.019194	0.006370	0.036766	0.017115	0.028798	0.029412	0.015086	0.013010	0.031423	
0.025243	0.025178	0.008937	0.031694	0.029191	0.038954	0.033109	0.009605	0.003776	0.004309	0.035141	0.014846	0.017470	0.021627	0.004859	0.034029	0.023553	0.023352	0.038195	0.012108	0.011826	0.030681	0.025255	0.023854	0.018321	0.012494	0.010445	0.001322	0.034417	0.035797	0.016697	0.011597	0.028826	0.006344	0.021469	0.014314	0.030192	0.030563	0.023630	0.007572	0.013292	0.009783	0.025834	0.014677	0.037913	0.011497	0.034198	0.016904	0.000081	0.005028	
0.040946	0.015114	0.018826	0.006040	0.006723	0.026344	0.024756	0.041861	0.008856	0.026467	0.003500	0.020480	0.039082	0.031411	0.011988	0.028094	0.041076	0.012300	0.023093	0.004433	0.017457	0.035949	0.009570	0.009706	0.012848	0.037843	0.020241	0.009244	0.011949	0.017373	0.012120	0.004221	0.023624	0.011656	0.009156	0.006525	0.037826	0.008375	0.020676	0.030538	0.017128	0.032225	0.003645	0.039962	0.033093	0.016320	0.028394	0.013521	0.023482	0.013944	
0.033166	0.037544	0.036597	0.013255	0.008889	0.020194	0.006741	0.037860	0.019073	0.026262	0.027115	0.022015	0.028680	0.027023	0.021110	0.026240	0.005811	0.032510	0.030637	0.027453	0.004162	0.020813	0.037141	0.014592	0.012506	0.026219	0.031287	0.002817	0.015871	0.012061	0.031783	0.003949	0.004919	0.025341	0.026209	0.016949	0.023799	0.019294	0.018978	0.012611	0.001368	0.009740	0.011201	0.007959	0.014679	0.032300	0.028057	0.015576	0.014838	0.014806	
0.024021	0.003543	0.007351	0.006312	0.034017	0.014401	0.000830	0.011721	0.017378	0.015504	0.011586	0.041199	0.008127	0.007794	0.041230	0.025109	0.023671	0.032315	0.028849	0.038358	0.017754	0.043843	0.003496	0.018565	0.016424	0.004650	0.035363	0.042262	0.013179	0.030930	0.035031	0.007669	0.015040	0.003684	0.017285	0.001787	0.020323	0.019505	0.043806	0.040738	0.009264	0.021374	0.009198	0.006796	0.004812	0.041596	0.034660	0.010434	0.018118	0.019098	
0.001811	0.027386	0.014375	0.025918	0.012866	0.003674	0.012637	0.029832	0.000858	0.003613	0.035197	0.019741	0.019972	0.029821	0.004334	0.035035	0.007776	0.023593	0.020810	0.019311	0.036174	0.030660	0.031043	0.019158	0.010780	0.020097	0.027536	0.010216	0.012417	0.002062	0.004828	0.003218	0.034899	0.001263	0.034346	0.016590	0.007187	0.035930	0.035724	0.012452	0.023406	0.023623	0.035460	0.015177	0.033911	0.020909	0.014295	0.030864	0.033019	0.034196	
0.033686	0.031361	0.026037	0.008033	0.014987	0.003714	0.021073	0.012136	0.018945	0.012127	0.020270	0.035173	0.033398	0.010894	0.030782	0.015007	0.016260	0.031167	0.035766	0.032332	0.019059	0.029200	0.014414	0.027777	0.013021	0.018157	0.020661	0.034520	0.017940	0.012976	0.025430	0.004470	0.035162	0.017895	0.001727	0.016151	0.012297	0.017984	0.034506	0.012153	0.036217	0.020962	0.027071	0.003583	0.007500	0.013379	0.014887	0.005246	0.009877	0.032628	
0.034557	0.007243	0.011569	0.001738	0.019151	0.031077	0.030069	0.011765	0.033136	0.015028	0.000136	0.008693	0.009078	0.032220	0.015740	0.020888	0.018218	0.005123	0.019929	0.030037	0.007701	0.019229	0.000137	0.003174	0.021042	0.025915	0.014411	0.018093	0.024178	0.032543	0.033132	0.024072	0.031236	0.035362	0.023420	0.034273	0.026377	0.005659	0.027903	0.033846	0.010697	0.001099	0.031174	0.032843	0.033159	0.017812	0.024837	0.022306	0.018898	0.010076	
0.014076	0.026902	0.013490	0.018120	0.035353	0.005662	0.019831	0.010211	0.012228	0.009675	0.036602	0.008696	0.021924	0.016699	0.025154	0.017452	0.019071	0.017520	0.019472	0.025586	0.019205	0.034762	0.019044	0.003640	0.012921	0.018207	0.022511	0.029687	0.001814	0.032420	0.033572	0.027030	0.018367	0.005425	0.028324	0.004944	0.037644	0.035874	0.038346	0.025403	0.023762	0.022989	0.013170	0.005499	0.028186	0.002884	0.003442	0.012111	0.034520	0.030573	
0.028791	0.004093	0.026376	0.029968	0.005501	0.032797	0.026921	0.002834	0.032187	0.012365	0.038451	0.008399	0.022026	0.031702	0.023641	0.030773	0.015571	0.032044	0.023343	0.000625	0.030544	0.035700	0.009643	0.001131	0.003057	0.007224	0.013958	0.027203	0.010224	0.029935	0.003355	0.010060	0.015581	0.037813	0.027493	0.021985	0.039312	0.026674	0.016689	0.003320	0.014265	0.036366	0.000681	0.023586	0.034076	0.004623	0.038800	0.010414	0.029062	0.008820	
0.012232	0.019753	0.033202	0.018666	0.005816	0.028155	0.012546	0.033831	0.017187	0.036494	0.016191	0.025863	0.009330	0.027004	0.011097	0.001530	0.035124	0.009835	0.014947	0.021244	0.005968	0.010962	0.033537	0.030418	0.017354	0.016127	0.029584	0.011499	0.026769	0.001700	0.016598	0.003551	0.027214	0.033900	0.013508	0.032087	0.012035	0.005821	0.011573	0.020195	0.011449	0.031843	0.010398	0.026989	0.028547	0.013284	0.028156	0.023879	0.037783	0.037225	
0.025398	0.002595	0.026535	0.003693	0.034542	0.032142	0.034026	0.014990	0.025019	0.001362	0.035144	0.028575	0.032388	0.001306	0.015353	0.025520	0.019805	0.000236	0.013463	0.014872	0.027684	0.032778	0.033520	0.001899	0.019466	0.006076	0.025044	0.017674	0.037401	0.025370	0.017118	0.030924	0.037478	0.026734	0.016535	0.006158	0.006684	0.006185	0.018094	0.013712	0.019752	0.016179	0.038482	0.007993	0.036259	0.008014	0.014006	0.035289	0.012343	0.018184	
0.034454	0.033844	0.035226	0.002585	0.015334	0.004485	0.000863	0.027373	0.003459	0.026743	0.010182	0.022943	0.021847	0.009554	0.008457	0.013890	0.037714	0.016238	0.016696	0.039374	0.039678	0.033163	0.019122	0.041970	0.029030	0.013041	0.000960	0.001340	0.007379	0.008223	0.000304	0.005970	0.037853	0.043418	0.007402	0.037940	0.013791	0.030212	0.013546	0.040822	0.019496	0.003937	0.018237	0.023348	0.014235	0.003895	0.012667	0.032795	0.035016	0.029944	
0.000924	0.021673	0.034559	0.008500	0.001119	0.013570	0.005667	0.024692	0.030831	0.027378	0.033873	0.021415	0.009692	0.018160	0.038012	0.010984	0.034429	0.009416	0.003539	0.028083	0.035553	0.019290	0.028755	0.035908	0.005091	0.010130	0.002967	0.019389	0.010713	0.037458	0.034697	0.010820	0.023339	0.033631	0.001068	0.016919	0.033150	0.017872	0.034024	0.030311	0.033793	0.026388	0.003251	0.004606	0.006170	0.004129	0.018765	0.034908	0.033201	0.017187	
0.021132	0.017327	0.017638	0.033244	0.014979	0.018171	0.028230	0.001744	0.014455	0.008290	0.029034	0.007013	0.022549	0.027950	0.017118	0.011329	0.024429	0.011002	0.010969	0.013063	0.036326	0.000328	0.023761	0.037511	0.026556	0.005785	0.009736	0.038600	0.016382	0.009729	0.008332	0.039246	0.034768	0.039681	0.034506	0.012688	0.022517	0.010362	0.011023	0.011100	0.027134	0.025278	0.005232	0.021572	0.009987	0.030875	0.037914	0.002540	0.024019	0.036848	
0.031460	0.008527	0.030380	0.030882	0.001876	0.005335	0.023935	0.038099	0.007426	0.032095	0.010355	0.025612	0.038852	0.001011	0.028426	0.028433	0.029209	0.002282	0.005746	0.009556	0.039404	0.016239	0.031201	0.033665	0.014910	0.002081	0.033781	0.037027	0.012077	0.015822	0.008294	0.035822	0.027794	0.035487	0.028476	0.018554	0.011981	0.036152	0.022254	0.000670	0.024590	0.009538	0.014029	0.021246	0.011022	0.011732	0.010442	0.023562	0.011211	0.011441	
0.005768	0.011697	0.009996	0.031652	0.007038	0.017223	0.043509	0.042806	0.013395	0.018896	0.005847	0.044785	0.005273	0.006340	0.038601	0.022707	0.011696	0.006388	0.042084	0.034546	0.032572	0.035383	0.004131	0.034703	0.016139	0.027078	0.004502	0.001415	0.012692	0.021844	0.029568	0.035779	0.007050	0.013387	0.038749	0.017797	0.012934	0.010455	0.010540	0.016548	0.012800	0.038070	0.036224	0.023211	0.034726	0.003710	0.001753	0.009136	0.019592	0.017262	
0.008226	0.001943	0.036601	0.017620	0.005900	0.030625	0.037509	0.017114	0.020800	0.010357	0.002173	0.002657	0.018091	0.013449	0.020995	0.014425	0.025592	0.023517	0.022413	0.034933	0.040143	0.014838	0.026998	0.011073	0.003575	0.031184	0.033925	0.004385	0.016130	0.037991	0.006509	0.014450	0.008830	0.010779	0.036588	0.022571	0.039954	0.031702	0.022462	0.003379	0.031835	0.004113	0.012945	0.037875	0.030375	0.013005	0.002315	0.014278	0.033759	0.037097	
0.017553	0.005237	0.033134	0.008914	0.021515	0.028854	0.002893	0.009982	0.003378	0.015791	0.032341	0.018185	0.034071	0.030673	0.030981	0.034704	0.008776	0.025108	0.031739	0.017163	0.002189	0.025142	0.028858	0.014560	0.010087	0.016282	0.033266	0.029044	0.016947	0.007058	0.028108	0.002682	0.031509	0.008606	0.032547	0.002106	0.002230	0.011755	0.028548	0.025035	0.012342	0.027994	0.031508	0.036100	0.035814	0.024668	0.003282	0.004056	0.027122	0.029565	
0.000537	0.027528	0.031167	0.032622	0.006450	0.007167	0.011900	0.030170	0.008312	0.027818	0.015146	0.032890	0.032314	0.019497	0.003357	0.006523	0.001997	0.019270	0.034165	0.035855	0.016631	0.027973	0.032582	0.009680	0.022298	0.033320	0.010981	0.031172	0.022686	0.025432	0.030391	0.008958	0.031015	0.010600	0.024792	0.003541	0.034103	0.012985	0.032516	0.009036	0.030887	0.035217	0.007486	0.011567	0.006432	0.034833	0.023533	0.008758	0.024070	0.001842	
0.031969	0.022927	0.030539	0.004499	0.027598	0.007720	0.034278	0.016084	0.011601	0.022207	0.015357	0.002397	0.003248	0.021335	0.018739	0.003392	0.032658	0.026717	0.034294	0.032386	0.031711	0.028406	0.034931	0.035983	0.004592	0.023169	0.022921	0.013873	0.019040	0.000718	0.002760	0.009860	0.027533	0.017250	0.010041	0.013733	0.024019	0.005207	0.014568	0.001479	0.017889	0.032953	0.026394	0.020024	0.019561	0.031401	0.023918	0.028934	0.032569	0.024622	
0.036102	0.021265	0.004658	0.019167	0.025571	0.030384	0.012413	0.026515	0.020904	0.025202	0.030085	0.020817	0.003290	0.026462	0.020332	0.024135	0.023107	0.036447	0.020127	0.020443	0.005058	0.009458	0.024091	0.033380	0.023583	0.036003	0.037174	0.023030	0.035757	0.012006	0.023328	0.006376	0.035118	0.015939	0.018962	0.024176	0.017804	0.014476	0.010920	0.009225	0.006090	0.034327	0.003703	0.009792	0.036518	0.007872	0.004215	0.012104	0.014091	0.008001	
0.032770	0.023399	0.027269	0.033052	0.029478	0.003538	0.028341	0.003676	0.030683	0.017664	0.036337	0.020717	0.006487	0.022520	0.001626	0.012506	0.004937	0.015306	0.003144	0.004933	0.026009	0.000342	0.012796	0.001679	0.015105	0.017762	0.020615	0.011399	0.001204	0.022573	0.029411	0.018007	0.033076	0.023745	0.004299	0.016821	0.029067	0.037356	0.030476	0.021840	0.017347	0.035985	0.037183	0.037285	0.031571	0.025461	0.002997	0.029864	0.036866	0.013475	
0.020256	0.017879	0.020826	0.036404	0.022488	0.022191	0.014866	0.005500	0.037125	0.033691	0.011933	0.032388	0.027197	0.035536	0.010555	0.020572	0.039143	0.025525	0.012767	0.012504	0.005149	0.019229	0.005848	0.019145	0.014009	0.029272	0.012658	0.000960	0.031735	0.024804	0.021192	0.017845	0.015615	0.022224	0.035764	0.010073	0.012995	0.005670	0.040026	0.034905	0.007875	0.007945	0.034174	0.013545	0.037020	0.003440	0.034058	0.009963	0.003020	0.010498	
0.010320	0.011310	0.042201	0.007215	0.017471	0.006813	0.000226	0.018814	0.011832	0.024391	0.013447	0.012229	0.046914	0.014715	0.041898	0.000771	0.030477	0.008411	0.017550	0.007396	0.007439	0.035437	0.014574	0.012530	0.036024	0.008640	0.017480	0.043347	0.008460	0.038408	0.010164	0.039924	0.006692	0.018239	0.002942	0.011454	0.024949	0.011288	0.008720	0.031744	0.039609	0.042829	0.037035	0.012295	0.031566	0.029789	0.011775	0.014025	0.000142	0.048080	
0.021937	0.000273	0.032729	0.010638	0.002727	0.013538	0.032593	0.009882	0.006833	0.037406	0.023555	0.021059	0.035548	0.005661	0.035252	0.015739	0.007498	0.035060	0.028268	0.009403	0.018268	0.005369	0.022063	0.037135	0.018351	0.025852	0.018597	0.013323	0.010859	0.001975	0.014231	0.007165	0.028333	0.023296	0.025373	0.035277	0.011469	0.031084	0.006388	0.029962	0.011941	0.037893	0.022588	0.030294	0.018058	0.017347	0.028838	0.027001	0.006363	0.029708	
0.023592	0.009196	0.018185	0.023619	0.007914	0.011814	0.000446	0.027490	0.027594	0.005394	0.023071	0.024045	0.013411	0.010659	0.020165	0.028401	0.033392	0.037239	0.025265	0.023173	0.036476	0.021583	0.024194	0.028836	0.006192	0.028817	0.015139	0.029621	0.029491	0.024779	0.011672	0.030568	0.036962	0.008768	0.038126	0.007910	0.011688	0.010505	0.021684	0.015370	0.001920	0.000675	0.005957	0.028608	0.035094	0.004912	0.011999	0.035817	0.021303	0.021269	
0.002695	0.037768	0.001872	0.001401	0.015862	0.041169	0.011255	0.003653	0.001315	0.035927	0.007388	0.014611	0.029211	0.002310	0.007630	0.034677	0.016620	0.006481	0.013865	0.022116	0.015829	0.041579	0.037971	0.028244	0.021667	0.003789	0.000885	0.009451	0.042004	0.025629	0.038209	0.032143	0.003480	0.020958	0.022874	0.033300	0.028279	0.025718	0.009091	0.036609	0.039742	0.025555	0.032764	0.036197	0.026269	0.002083	0.010389	0.015789	0.016808	0.008869	
0.029385	0.000161	0.034030	0.039737	0.036804	0.003324	0.020967	0.000850	0.018646	0.015608	0.039268	0.028590	0.019847	0.033048	0.032336	0.002746	0.032876	0.015845	0.036962	0.024274	0.004632	0.010552	0.014234	0.004254	0.039953	0.022373	0.012078	0.010770	0.006170	0.013986	0.017042	0.029982	0.004370	0.022236	0.016769	0.021782	0.025052	0.013604	0.014634	0.023846	0.024831	0.025917	0.029121	0.013344	0.024870	0.022814	0.019153	0.006189	0.029042	0.011099	
0.038970	0.006112	0.018683	0.029676	0.013681	0.016708	0.005367	0.030345	0.027906	0.033242	0.026655	0.015683	0.037017	0.009603	0.034586	0.020811	0.032019	0.019087	0.011549	0.027133	0.003309	0.033235	0.030308	0.000786	0.000460	0.027772	0.025564	0.013138	0.032748	0.038874	0.020130	0.004201	0.002577	0.010785	0.039322	0.034736	0.004203	0.019579	0.017941	0.020037	0.005420	0.018182	0.004564	0.002540	0.016746	0.034474	0.028173	0.004760	0.018968	0.031636	
0.022089	0.024197	0.021028	0.022913	0.023237	0.032395	0.002127	0.023158	0.002309	0.030005	0.030587	0.025738	0.013691	0.001346	0.020186	0.033402	0.021129	0.005497	0.037472	0.001148	0.029477	0.011861	0.035259	0.023781	0.026777	0.016263	0.017450	0.004005	0.035557	0.022754	0.027369	0.016216	0.026011	0.012230	0.007786	0.003031	0.024765	0.024829	0.022372	0.016063	0.030989	0.036841	0.015388	0.004067	0.030809	0.033290	0.019088	0.027391	0.004531	0.000091	
0.034436	0.026325	0.035043	0.019225	0.028249	0.033901	0.020194	0.017918	0.027006	0.035233	0.027603	0.029638	0.019810	0.027935	0.024712	0.000230	0.001003	0.010405	0.000709	0.026259	0.024398	0.001188	0.032124	0.002215	0.016604	0.034741	0.029891	0.004498	0.009664	0.015711	0.010285	0.006676	0.032481	0.025204	0.006102	0.010972	0.004900	0.031390	0.025698	0.000574	0.003323	0.007959	0.031429	0.029099	0.031592	0.033255	0.034507	0.037940	0.013394	0.006351	
0.036415	0.031451	0.009279	0.018203	0.012496	0.018784	0.022393	0.020259	0.022093	0.009954	0.032093	0.032581	0.017847	0.013199	0.015315	0.018896	0.019110	0.035260	0.030433	0.022346	0.016368	0.023980	0.033167	0.023434	0.009777	0.030044	0.036485	0.003219	0.029436	0.008849	0.002041	0.007256	0.008217	0.000690	0.021296	0.022073	0.010562	0.036709	0.027324	0.026051	0.000134	0.014495	0.005672	0.009803	0.019664	0.020708	0.028209	0.014090	0.033628	0.038211	
0.025440	0.003757	0.017045	0.024063	0.017395	0.003556	0.031946	0.032162	0.016060	0.021897	0.031263	0.019962	0.008851	0.005971	0.016757	0.022866	0.032009	0.017446	0.014350	0.031439	0.031011	0.000041	0.031674	0.016172	0.011326	0.024003	0.023590	0.028503	0.006730	0.017982	0.024822	0.004733	0.031726	0.027483	0.006135	0.009564	0.027978	0.031472	0.030352	0.032646	0.004571	0.014616	0.029076	0.031114	0.021497	0.016506	0.027336	0.000766	0.033627	0.008717	
0.017978	0.015352	0.025702	0.009577	0.023062	0.001529	0.025510	0.032605	0.002572	0.030098	0.014349	0.029893	0.003785	0.014417	0.036017	0.011968	0.026760	0.017844	0.017023	0.037849	0.031318	0.017337	0.023577	0.026897	0.026307	0.024195	0.015137	0.000590	0.003682	0.030644	0.013551	0.036784	0.036626	0.032152	0.019523	0.001959	0.002532	0.010396	0.034582	0.007926	0.021723	0.024999	0.017582	0.024779	0.024517	0.020490	0.010476	0.024317	0.027758	0.013754	
0.020799	0.036656	0.007459	0.000276	0.011383	0.017839	0.023833	0.006326	0.019322	0.002533	0.027240	0.029199	0.017693	0.014940	0.023014	0.017693	0.016374	0.021208	0.032450	0.022336	0.001230	0.010208	0.030008	0.030797	0.006387	0.037411	0.013616	0.038099	0.022615	0.000462	0.015399	0.024431	0.015758	0.030626	0.019256	0.005900	0.035885	0.033555	0.029657	0.029192	0.000593	0.023519	0.033440	0.034874	0.012305	0.026099	0.017401	0.029981	0.009462	0.013262	
0.016700	0.010721	0.018848	0.000975	0.034021	0.014796	0.026142	0.037384	0.029583	0.010425	0.006004	0.009783	0.016864	0.022866	0.005012	0.018816	0.030313	0.034498	0.017152	0.033619	0.031912	0.018667	0.019568	0.006378	0.024566	0.019534	0.014994	0.026894	0.036865	0.022060	0.018151	0.012926	0.037597	0.003230	0.003686	0.017376	0.032454	0.006964	0.003348	0.031002	0.019638	0.030382	0.022343	0.012337	0.015182	0.033861	0.012585	0.002750	0.038683	0.029545	
0.017271	0.011652	0.035009	0.006798	0.003041	0.008248	0.019001	0.030536	0.024284	0.020445	0.024189	0.028983	0.014593	0.028704	0.020831	0.011006	0.013811	0.017208	0.035164	0.014422	0.025391	0.034644	0.010419	0.034008	0.017102	0.020789	0.035900	0.018017	0.035619	0.005763	0.023763	0.012296	0.004097	0.012834	0.012584	0.020412	0.003255	0.017996	0.022748	0.030170	0.034526	0.000695	0.015884	0.013460	0.018061	0.032680	0.015898	0.015663	0.035830	0.034302	
0.030978	0.030086	0.013799	0.031314	0.026415	0.022020	0.009683	0.010872	0.020183	0.018015	0.019729	0.021791	0.005838	0.020763	0.004702	0.012988	0.012141	0.012364	0.024889	0.023709	0.027658	0.030687	0.027481	0.014137	0.011574	0.031475	0.019437	0.026767	0.021155	0.021545	0.030907	0.016530	0.031862	0.022322	0.028307	0.012844	0.013218	0.015339	0.031684	0.028314	0.023520	0.009189	0.028303	0.002725	0.019198	0.025900	0.004565	0.016259	0.016852	0.017965	
0.023378	0.012333	0.016304	0.003500	0.012263	0.044877	0.005719	0.039054	0.004476	0.026249	0.022808	0.020360	0.023271	0.012847	0.022402	0.009941	0.019777	0.027340	0.031427	0.006349	0.020697	0.032251	0.018176	0.002901	0.041021	0.027241	0.036166	0.011919	0.010099	0.004951	0.008663	0.025352	0.014951	0.042366	0.008889	0.034392	0.023841	0.006088	0.000847	0.028140	0.010963	0.016609	0.022287	0.039525	0.010651	0.039219	0.011474	0.031983	0.020012	0.013649	
0.009245	0.023890	0.006154	0.001319	0.034353	0.036171	0.020238	0.031933	0.030860	0.027028	0.011127	0.025881	0.002720	0.018406	0.011540	0.032809	0.037811	0.008265	0.024318	0.007183	0.009968	0.032286	0.031693	0.002865	0.032391	0.037443	0.022800	0.024776	0.004230	0.033515	0.011026	0.026701	0.012426	0.004631	0.015577	0.002501	0.027184	0.030356	0.035285	0.022908	0.029017	0.018977	0.026776	0.024741	0.009630	0.010987	0.012980	0.015026	0.023241	0.006813	
0.004089	0.025588	0.029297	0.024453	0.017690	0.014903	0.032634	0.027485	0.016488	0.005849	0.005336	0.027289	0.025899	0.016199	0.014054	0.037800	0.034867	0.011759	0.025679	0.019046	0.027832	0.033068	0.007979	0.006189	0.016875	0.003395	0.007339	0.028975	0.029748	0.004302	0.022108	0.030354	0.030950	0.008631	0.026873	0.025681	0.035908	0.011094	0.020595	0.017236	0.022365	0.025211	0.037614	0.030939	0.012412	0.013885	0.025874	0.001417	0.016129	0.002617	
0.009610	0.027877	0.027109	0.039612	0.018748	0.032420	0.020158	0.004872	0.025375	0.003620	0.001923	0.010729	0.013859	0.038275	0.008891	0.009096	0.038193	0.014618	0.011607	0.020430	0.017042	0.022819	0.020727	0.016017	0.015122	0.022733	0.031076	0.029771	0.032862	0.025750	0.015371	0.009973	0.035477	0.009293	0.034115	0.021524	0.022283	0.017616	0.000575	0.021664	0.004255	0.000590	0.001397	0.035752	0.039282	0.038767	0.023942	0.021047	0.017718	0.018420	
0.020577	0.011934	0.007080	0.008361	0.023725	0.011459	0.039152	0.001399	0.001590	0.017167	0.017515	0.008308	0.038101	0.032410	0.009708	0.039980	0.031818	0.008712	0.028598	0.013012	0.019209	0.019773	0.033303	0.033450	0.032448	0.020300	0.026934	0.027441	0.022991	0.029126	0.006277	0.015649	0.002407	0.004389	0.025338	0.024164	0.030854	0.033391	0.030795	0.011697	0.010003	0.021482	0.038028	0.032235	0.004311	0.024913	0.007447	0.020807	0.001311	0.018920	
0.037009	0.007205	0.019543	0.018823	0.037498	0.001827	0.002684	0.009408	0.017766	0.036444	0.015056	0.016726	0.006925	0.018038	0.033668	0.001095	0.004743	0.036624	0.001475	0.023366	0.016896	0.037032	0.019577	0.038275	0.031246	0.001786	0.002148	0.029638	0.029299	0.020795	0.009831	0.033818	0.036738	0.029110	0.022666	0.006376	0.007236	0.030392	0.010208	0.016384	0.024074	0.020267	0.036272	0.020865	0.016005	0.018781	0.009288	0.033897	0.019754	0.025423	
0.003557	0.036128	0.037004	0.009068	0.026198	0.036131	0.028819	0.011860	0.018686	0.025454	0.001010	0.020875	0.012153	0.037031	0.014249	0.022480	0.013572	0.030905	0.016495	0.012635	0.008166	0.017709	0.022839	0.030790	0.007672	0.003049	0.035663	0.032479	0.034229	0.019227	0.032064	0.015753	0.001483	0.003181	0.009858	0.026833	0.032362	0.035365	0.008710	0.013628	0.032931	0.029679	0.003965	0.023105	0.019709	0.004785	0.005421	0.022495	0.026673	0.025867	
0.017893	0.007420	0.020221	0.013218	0.027421	0.013574	0.003487	0.010804	0.036518	0.026910	0.026719	0.030832	0.003536	0.012850	0.023088	0.025929	0.019420	0.004029	0.035219	0.025518	0.021891	0.021147	0.010672	0.017599	0.023762	0.010927	0.003728	0.022514	0.011198	0.016091	0.020001	0.026262	0.014368	0.033973	0.021525	0.035480	0.020332	0.023651	0.029006	0.013543	0.020876	0.005910	0.023596	0.004647	0.034767	0.033366	0.025273	0.022867	0.020793	0.025629	
0.032408	0.035421	0.001518	0.013307	0.002195	0.025811	0.010374	0.037368	0.013396	0.001743	0.021270	0.019755	0.013880	0.019281	0.019370	0.017349	0.037824	0.035484	0.019587	0.020931	0.004473	0.038157	0.030366	0.014908	0.017565	0.005756	0.036755	0.011898	0.029167	0.038898	0.037015	0.038803	0.037691	0.039061	0.038292	0.016501	0.012384	0.027735	0.012683	0.008848	0.024080	0.007093	0.005945	0.007070	0.001056	0.020261	0.009751	0.000751	0.002470	0.026293	
0.017529	0.020364	0.018118	0.012045	0.029693	0.009463	0.025205	0.032011	0.015862	0.002696	0.025623	0.001245	0.027360	0.016114	0.010356	0.013475	0.010342	0.025076	0.027701	0.014654	0.028712	0.003864	0.032577	0.009097	0.033459	0.035267	0.034048	0.013125	0.028598	0.015539	0.020228	0.032980	0.019030	0.032061	0.011524	0.029239	0.019973	0.021768	0.006761	0.018466	0.025759	0.009487	0.033561	0.003175	0.025111	0.035149	0.004414	0.027673	0.002380	0.032044	
0.020521	0.031763	0.019268	0.024262	0.018237	0.043025	0.041976	0.005083	0.015033	0.029687	0.002880	0.003766	0.000022	0.010675	0.009832	0.034153	0.035856	0.018302	0.014544	0.016606	0.034190	0.014350	0.030839	0.012330	0.002441	0.042882	0.015640	0.015361	0.004139	0.015018	0.041442	0.024618	0.019275	0.023837	0.026418	0.004337	0.008766	0.027825	0.030379	0.002314	0.019037	0.011385	0.040790	0.011489	0.042479	0.000590	0.007056	0.040816	0.018587	0.015881	
0.021338	0.006508	0.032657	0.028251	0.037307	0.006701	0.010966	0.003345	0.030845	0.003493	0.009249	0.008253	0.023455	0.016076	0.033644	0.012638	0.039332	0.014445	0.035013	0.014332	0.039092	0.021794	0.027554	0.014872	0.006228	0.010943	0.029827	0.021605	0.022829	0.014600	0.026997	0.013132	0.039599	0.014044	0.032471	0.025462	0.006457	0.003401	0.015580	0.006054	0.022059	0.011954	0.022838	0.035421	0.014484	0.035040	0.008975	0.003193	0.033474	0.032171	
0.037727	0.025023	0.013231	0.030535	0.037707	0.024191	0.022058	0.007945	0.026853	0.003948	0.008003	0.000241	0.019213	0.029585	0.038654	0.035605	0.017040	0.000651	0.021978	0.015638	0.000352	0.037988	0.030423	0.012353	0.005739	0.006289	0.000449	0.015740	0.017918	0.035205	0.021215	0.027189	0.000302	0.021326	0.016506	0.027819	0.021827	0.039180	0.035303	0.011886	0.035796	0.022312	0.008580	0.014553	0.022977	0.025649	0.037164	0.008093	0.008089	0.015952	
0.008119	0.007201	0.008414	0.006095	0.009808	0.014188	0.040494	0.039515	0.036597	0.032657	0.026631	0.018995	0.026210	0.009088	0.011144	0.035466	0.037274	0.014956	0.021392	0.012448	0.027506	0.030798	0.006879	0.031553	0.000540	0.034733	0.035739	0.018985	0.034591	0.029403	0.021156	0.010389	0.003485	0.020055	0.024893	0.038483	0.003578	0.017769	0.008168	0.018241	0.027103	0.001460	0.022892	0.000332	0.028536	0.019305	0.004014	0.015931	0.035740	0.011052	
0.018628	0.034910	0.035264	0.004399	0.027254	0.027836	0.039161	0.026029	0.027118	0.002713	0.025559	0.027216	0.009223	0.034734	0.014995	0.005542	0.011595	0.024767	0.023771	0.022049	0.009104	0.030403	0.004962	0.028902	0.003556	0.002838	0.034956	0.020548	0.026979	0.001054	0.006793	0.022646	0.029193	0.030743	0.019994	0.005137	0.019450	0.001202	0.033863	0.003556	0.016018	0.029624	0.035849	0.035694	0.000824	0.033555	0.006990	0.030754	0.004731	0.027318	
0.026810	0.010217	0.039989	0.002226	0.001678	0.000006	0.018587	0.039339	0.030622	0.028032	0.003424	0.028175	0.037771	0.022426	0.023984	0.032995	0.026538	0.019700	0.014433	0.041633	0.024326	0.020599	0.009314	0.003569	0.031764	0.018978	0.000088	0.021262	0.023110	0.030226	0.010637	0.021000	0.001507	0.030457	0.012763	0.003316	0.011004	0.013822	0.021478	0.014174	0.028951	0.027320	0.013664	0.015313	0.034741	0.026091	0.034896	0.002622	0.015143	0.029281	
0.025997	0.010986	0.019177	0.003064	0.018063	0.017289	0.014748	0.033821	0.020803	0.017056	0.029422	0.019102	0.014267	0.009694	0.031470	0.004442	0.028376	0.034024	0.013584	0.012573	0.022803	0.028144	0.008068	0.028770	0.003589	0.033290	0.017255	0.018133	0.033605	0.025774	0.010271	0.027610	0.030707	0.023513	0.008842	0.002507	0.023509	0.006550	0.017823	0.003103	0.023072	0.007554	0.031101	0.030374	0.024221	0.030452	0.029112	0.034215	0.017754	0.020322	
0.012598	0.013006	0.006805	0.001789	0.022255	0.033985	0.019737	0.023787	0.039004	0.034368	0.015667	0.029789	0.005489	0.026279	0.037329	0.002928	0.034516	0.018363	0.022438	0.016993	0.008235	0.012963	0.010628	0.008037	0.035684	0.040972	0.025542	0.000274	0.024267	0.034452	0.024163	0.004356	0.036595	0.031201	0.002241	0.008970	0.005731	0.031402	0.001149	0.023071	0.027126	0.027852	0.037469	0.006002	0.017749	0.010989	0.012647	0.000482	0.037425	0.035201	
0.037718	0.008168	0.005958	0.015005	0.022279	0.024503	0.034428	0.009703	0.017213	0.012176	0.034810	0.005643	0.033664	0.019500	0.022743	0.016458	0.017199	0.034891	0.000595	0.013723	0.028737	0.039929	0.030950	0.029718	0.003177	0.025608	0.037293	0.027227	0.013886	0.017122	0.022727	0.036487	0.026141	0.008699	0.007453	0.011195	0.003425	0.034392	0.013901	0.013224	0.031463	0.011858	0.012385	0.033635	0.001242	0.011114	0.017321	0.036260	0.006021	0.021031	
0.024966	0.029536	0.004725	0.020399	0.023843	0.022911	0.025190	0.005642	0.022818	0.018261	0.009053	0.019572	0.025610	0.030447	0.026349	0.035949	0.028896	0.025587	0.018649	0.001188	0.028181	0.021686	0.006837	0.017298	0.023106	0.028902	0.019596	0.022424	0.027152	0.014104	0.027591	0.020414	0.008000	0.012125	0.022601	0.001711	0.036264	0.035714	0.000890	0.034930	0.003978	0.032875	0.030440	0.011851	0.007620	0.002564	0.029553	0.009636	0.030086	0.012279	
0.021278	0.028349	0.010142	0.042244	0.008998	0.005598	0.030232	0.002846	0.025510	0.004316	0.011584	0.006750	0.012952	0.030958	0.000680	0.034692	0.045905	0.013424	0.037520	0.024080	0.033731	0.006220	0.018572	0.015728	0.035255	0.003219	0.001625	0.002916	0.010248	0.005594	0.024230	0.022047	0.007208	0.009735	0.001868	0.044175	0.043599	0.035080	0.040316	0.021809	0.035674	0.022323	0.007731	0.028688	0.009421	0.016606	0.003736	0.039149	0.030593	0.024847	
0.019196	0.008113	0.017629	0.016126	0.000077	0.018248	0.019060	0.004844	0.035118	0.003680	0.017943	0.006624	0.008996	0.025809	0.021950	0.025747	0.018643	0.027653	0.012567	0.015875	0.039821	0.010407	0.033287	0.038282	0.010554	0.002393	0.028718	0.041189	0.012332	0.001159	0.033868	0.032398	0.025143	0.037508	0.009964	0.039140	0.024770	0.001668	0.030958	0.021957	0.009484	0.015515	0.005127	0.014988	0.034868	0.032182	0.038626	0.012015	0.006921	0.030860	
0.014876	0.007182	0.034647	0.003008	0.007546	0.033220	0.022477	0.001788	0.010361	0.019437	0.027265	0.025578	0.028346	0.021967	0.033734	0.025344	0.030328	0.008319	0.012416	0.011393	0.026242	0.008054	0.010362	0.023767	0.026724	0.032509	0.011741	0.029320	0.001824	0.025820	0.030166	0.029019	0.028794	0.028088	0.025977	0.030479	0.020294	0.031085	0.007964	0.020902	0.010624	0.008139	0.037410	0.000674	0.014256	0.026918	0.026865	0.027013	0.002498	0.017241	
0.025742	0.036417	0.031807	0.003070	0.030109	0.009812	0.013781	0.013978	0.035290	0.004252	0.025071	0.038479	0.018226	0.025127	0.018731	0.011291	0.033377	0.030180	0.017675	0.005166	0.031326	0.024746	0.003327	0.030041	0.002992	0.025565	0.016001	0.012571	0.033890	0.004034	0.003729	0.027191	0.038179	0.004175	0.028098	0.009458	0.017543	0.038466	0.024103	0.015667	0.011672	0.015141	0.016440	0.028917	0.004092	0.033800	0.025436	0.018154	0.020339	0.007326	
0.016739	0.006981	0.012396	0.030698	0.004819	0.023779	0.027852	0.008103	0.006749	0.035757	0.010196	0.032839	0.011305	0.007281	0.038669	0.021838	0.029647	0.035711	0.007461	0.004133	0.005205	0.026089	0.025529	0.028709	0.026883	0.014910	0.012056	0.023305	0.025357	0.018519	0.029579	0.010433	0.040061	0.034092	0.025183	0.029773	0.012018	0.021063	0.016798	0.004440	0.015745	0.024474	0.037697	0.002980	0.002990	0.038415	0.026314	0.024449	0.006728	0.017250	
0.032665	0.030633	0.037071	0.015201	0.001149	0.004405	0.029622	0.017399	0.019693	0.015079	0.025079	0.016274	0.034380	0.000819	0.022797	0.017449	0.036129	0.012985	0.022507	0.015703	0.014442	0.030437	0.030477	0.000851	0.008239	0.036852	0.029674	0.012557	0.037224	0.008188	0.020733	0.016789	0.023253	0.008602	0.022093	0.000203	0.035485	0.019573	0.024765	0.037011	0.015300	0.022986	0.014209	0.017588	0.013237	0.010635	0.032841	0.028993	0.008249	0.011472	
0.011397	0.014919	0.037733	0.031488	0.040079	0.004389	0.038931	0.012487	0.038571	0.018881	0.039295	0.025474	0.001424	0.002440	0.041999	0.043016	0.022050	0.028390	0.002017	0.015128	0.008602	0.039520	0.001572	0.032663	0.037862	0.000482	0.036832	0.035211	0.009904	0.000823	0.020881	0.023632	0.014286	0.002408	0.022672	0.035459	0.007077	0.014995	0.034502	0.000946	0.003729	0.001683	0.021860	0.005045	0.007006	0.040199	0.000768	0.019029	0.034512	0.015732	
0.004726	0.019888	0.025319	0.027510	0.033431	0.036453	0.012328	0.037528	0.004430	0.006108	0.013889	0.031171	0.014755	0.019443	0.010511	0.034229	0.024107	0.028755	0.027631	0.009339	0.005971	0.018686	0.009201	0.010582	0.013489	0.035756	0.036419	0.031048	0.004768	0.020421	0.009787	0.023049	0.021094	0.001876	0.023211	0.026775	0.033412	0.024504	0.017844	0.004714	0.009629	0.032579	0.029845	0.030005	0.000842	0.004929	0.030637	0.037814	0.015607	0.013953	
0.022262	0.027631	0.025767	0.011744	0.031510	0.003615	0.001786	0.015771	0.015796	0.019514	0.032800	0.028872	0.004446	0.003402	0.034536	0.036400	0.034973	0.012138	0.003657	0.034419	0.012865	0.018410	0.024531	0.021896	0.002100	0.009060	0.027551	0.013160	0.017010	0.028341	0.008357	0.021588	0.015111	0.027707	0.022282	0.025004	0.010525	0.030091	0.027920	0.028071	0.023533	0.034895	0.019644	0.027721	0.008604	0.021775	0.008029	0.034617	0.012555	0.016008	
0.009153	0.013301	0.007974	0.039180	0.001412	0.021749	0.013176	0.016491	0.005609	0.026823	0.022726	0.004388	0.022600	0.008354	0.002635	0.021693	0.005336	0.033344	0.004407	0.038537	0.014113	0.039121	0.016095	0.036733	0.029763	0.039487	0.032262	0.020310	0.008188	0.012781	0.011487	0.016053	0.011392	0.032230	0.035324	0.030172	0.010094	0.006327	0.032567	0.028144	0.038428	0.000325	0.005137	0.003940	0.036276	0.027119	0.022324	0.040631	0.035721	0.008567	
0.029380	0.028029	0.028472	0.008128	0.028598	0.013353	0.024770	0.013651	0.008262	0.034671	0.008238	0.009846	0.032736	0.023384	0.015442	0.008288	0.028915	0.017030	0.032587	0.030319	0.018813	0.021070	0.029272	0.005811	0.017524	0.022932	0.018854	0.030957	0.022452	0.004667	0.034859	0.015662	0.023672	0.021942	0.009333	0.023085	0.011666	0.015934	0.004212	0.031637	0.011246	0.032133	0.006531	0.004641	0.009833	0.023818	0.025583	0.029251	0.015187	0.033319	
0.018825	0.005552	0.005817	0.028216	0.005086	0.027558	0.001767	0.025158	0.011707	0.028900	0.013482	0.030769	0.030987	0.012649	0.013161	0.004943	0.023483	0.020027	0.006809	0.025560	0.015156	0.001623	0.011611	0.001791	0.002559	0.038514	0.041390	0.019731	0.027668	0.024908	0.033799	0.020838	0.028873	0.024892	0.003930	0.040918	0.032792	0.002959	0.030973	0.025697	0.033018	0.029627	0.005915	0.012204	0.013763	0.026540	0.032726	0.018608	0.044554	0.011967	
0.023130	0.001085	0.012707	0.027528	0.032245	0.021338	0.024086	0.005253	0.026155	0.029835	0.021587	0.006602	0.027978	0.004769	0.021821	0.008682	0.031963	0.009710	0.012114	0.029628	0.000114	0.025388	0.033465	0.028435	0.027074	0.015040	0.015960	0.031608	0.019324	0.030052	0.009215	0.019994	0.033851	0.008603	0.002465	0.026921	0.030219	0.028648	0.028556	0.004850	0.024480	0.012717	0.002952	0.006463	0.008634	0.033646	0.031208	0.015276	0.032763	0.033863	
0.033791	0.022911	0.007177	0.000213	0.032729	0.003923	0.020811	0.031289	0.018815	0.028509	0.016411	0.034094	0.032662	0.031788	0.021341	0.034718	0.031753	0.007644	0.014949	0.021372	0.022456	0.017188	0.035619	0.022275	0.020352	0.000679	0.025917	0.021596	0.014003	0.030972	0.027413	0.011911	0.033652	0.016726	0.020480	0.032726	0.005614	0.033425	0.031077	0.012379	0.001535	0.017014	0.009352	0.003701	0.011321	0.013964	0.021898	0.002904	0.009710	0.025245	
0.004355	0.018011	0.029048	0.002730	0.032004	0.028684	0.009851	0.027559	0.007596	0.036712	0.027952	0.033373	0.025383	0.010792	0.014234	0.017718	0.010077	0.024758	0.032492	0.004478	0.017689	0.032138	0.024391	0.034051	0.017993	0.014125	0.032294	0.034585	0.030016	0.006049	0.001462	0.006130	0.033959	0.025662	0.017701	0.027092	0.016631	0.024349	0.003022	0.007740	0.035947	0.018985	0.023701	0.029157	0.006887	0.007984	0.031047	0.008985	0.028890	0.003531	
0.003859	0.039307	0.034090	0.027538	0.024849	0.013918	0.005549	0.009765	0.015042	0.037827	0.030655	0.035380	0.002738	0.009931	0.038409	0.010907	0.018271	0.010245	0.024642	0.017354	0.004999	0.036596	0.024959	0.034954	0.038719	0.041465	0.004492	0.018916	0.008162	0.011564	0.031514	0.042357	0.030625	0.031763	0.004703	0.010620	0.031728	0.003604	0.018946	0.011465	0.001358	0.000234	0.003436	0.008777	0.006187	0.040930	0.009349	0.015388	0.033685	0.028233	
0.024433	0.012069	0.007424	0.042441	0.017526	0.043923	0.017647	0.004743	0.024362	0.008619	0.019632	0.000322	0.042797	0.036642	0.007510	0.052480	0.013089	0.010926	0.032196	0.030628	0.021995	0.005867	0.020603	0.013890	0.011237	0.039678	0.026543	0.036959	0.001900	0.000019	0.008594	0.014517	0.000426	0.016870	0.008729	0.023044	0.015198	0.035178	0.013539	0.012923	0.029399	0.003621	0.034133	0.022944	0.030990	0.028052	0.007376	0.030629	0.032373	0.003361	
0.001372	0.028411	0.018188	0.037794	0.019640	0.000161	0.039811	0.013396	0.024666	0.005035	0.011197	0.035993	0.016326	0.015403	0.030275	0.003377	0.006445	0.034818	0.003292	0.004222	0.010857	0.007005	0.030722	0.009202	0.019168	0.038929	0.000959	0.017438	0.019722	0.007566	0.019384	0.007847	0.001747	0.026411	0.015381	0.029562	0.034756	0.019138	0.037206	0.036573	0.018160	0.023882	0.034024	0.032586	0.030129	0.000805	0.029206	0.031480	0.027564	0.032772	
0.013683	0.002792	0.040706	0.007255	0.036983	0.038385	0.032882	0.039735	0.027772	0.017552	0.018802	0.008687	0.025346	0.017698	0.036943	0.038836	0.032578	0.025378	0.003502	0.000617	0.021501	0.034130	0.006453	0.027758	0.013021	0.013770	0.045042	0.016854	0.006316	0.017824	0.008776	0.039350	0.029347	0.011972	0.000121	0.002934	0.027992	0.008593	0.010926	0.009915	0.018569	0.001736	0.017976	0.018253	0.017921	0.010920	0.026404	0.001279	0.022721	0.045496	
0.015282	0.011263	0.015065	0.006489	0.023355	0.010006	0.004828	0.023138	0.041246	0.008032	0.029128	0.007786	0.030782	0.013544	0.029674	0.030112	0.010824	0.011619	0.020785	0.032833	0.024856	0.030792	0.005830	0.039990	0.039276	0.005671	0.020013	0.032707	0.018506	0.010840	0.007881	0.009939	0.016007	0.024545	0.030031	0.037749	0.025828	0.024282	0.036160	0.024221	0.007584	0.024069	0.000093	0.005696	0.014658	0.016817	0.016109	0.030746	0.019861	0.023452	
0.022113	0.031398	0.006226	0.007385	0.013960	0.012159	0.022320	0.016719	0.024640	0.015703	0.026462	0.030540	0.011670	0.014079	0.032160	0.033752	0.016374	0.010617	0.010781	0.007503	0.034815	0.018835	0.030780	0.020853	0.010190	0.002893	0.036507	0.027361	0.010165	0.026778	0.007762	0.027938	0.020444	0.001239	0.021090	0.016755	0.008103	0.033745	0.027750	0.004875	0.029192	0.024185	0.030307	0.035766	0.010310	0.036943	0.027629	0.005497	0.011865	0.032866	
0.014021	0.001260	0.030479	0.037282	0.007689	0.031793	0.026202	0.044523	0.029414	0.005876	0.004058	0.000713	0.002514	0.005741	0.028677	0.016574	0.024437	0.019219	0.021007	0.024067	0.043420	0.045695	0.027972	0.004383	0.006664	0.032906	0.020303	0.013619	0.010589	0.030705	0.042634	0.016360	0.008239	0.038806	0.024191	0.013342	0.026186	0.041988	0.034133	0.003040	0.009136	0.004802	0.038473	0.001488	0.020225	0.001917	0.002183	0.000344	0.020269	0.040445	
0.023389	0.035465	0.017461	0.006750	0.005038	0.008873	0.046724	0.008517	0.005424	0.016166	0.003965	0.004770	0.019422	0.014879	0.035192	0.030374	0.009788	0.024315	0.015246	0.027396	0.044233	0.006570	0.006978	0.016934	0.025618	0.045679	0.001195	0.028586	0.019443	0.011021	0.038665	0.018055	0.023305	0.028237	0.002890	0.000393	0.030938	0.004747	0.037160	0.013960	0.012568	0.018967	0.048422	0.010505	0.026813	0.014477	0.038136	0.017268	0.034161	0.014921	
0.019836	0.016524	0.024345	0.015005	0.025979	0.034571	0.036847	0.031650	0.010859	0.011299	0.027596	0.029638	0.001653	0.003121	0.006969	0.031131	0.001164	0.004314	0.029439	0.010761	0.014787	0.023396	0.030733	0.035911	0.036921	0.005436	0.032687	0.024599	0.024390	0.007172	0.005776	0.013980	0.030486	0.003246	0.036629	0.027340	0.005896	0.021603	0.036345	0.023794	0.023971	0.000787	0.020387	0.025511	0.017118	0.011959	0.028720	0.030689	0.000794	0.026237	
0.029627	0.027885	0.007902	0.009857	0.017928	0.003950	0.017666	0.025542	0.001898	0.017452	0.037550	0.024425	0.028621	0.008792	0.030491	0.021274	0.002595	0.034307	0.014727	0.028186	0.004219	0.028076	0.012402	0.020935	0.025247	0.005939	0.017234	0.017000	0.027153	0.023419	0.033979	0.013123	0.020302	0.000035	0.014256	0.020368	0.020311	0.034942	0.026438	0.011616	0.034011	0.024447	0.036046	0.023917	0.027546	0.027499	0.022906	0.018613	0.016626	0.000716	
0.021102	0.001051	0.022323	0.006901	0.012273	0.027237	0.016030	0.029335	0.007233	0.009789	0.032570	0.027909	0.034539	0.011456	0.035292	0.013146	0.037740	0.002108	0.006166	0.022347	0.011944	0.007520	0.015081	0.025966	0.005834	0.029840	0.023723	0.019829	0.019242	0.007050	0.012687	0.030344	0.027272	0.029034	0.012063	0.038253	0.004385	0.033781	0.035706	0.027800	0.027825	0.001536	0.019425	0.033860	0.017373	0.033690	0.026914	0.004134	0.007056	0.034286	
0.025315	0.030387	0.034307	0.011128	0.033278	0.018717	0.028503	0.006240	0.031668	0.033181	0.001292	0.034620	0.001822	0.012866	0.010136	0.009786	0.023626	0.012581	0.014683	0.015392	0.035481	0.012903	0.009884	0.007010	0.021975	0.027327	0.005696	0.012388	0.030689	0.010606	0.032817	0.013288	0.013480	0.017568	0.023551	0.006905	0.035803	0.034723	0.015023	0.023164	0.036750	0.006048	0.036053	0.037003	0.028809	0.033629	0.021831	0.006141	0.001239	0.012689	
0.007527	0.026789	0.020962	0.032392	0.016389	0.030710	0.026604	0.018339	0.020195	0.011983	0.035417	0.021895	0.001471	0.034142	0.006252	0.037902	0.001505	0.026426	0.022666	0.036461	0.011783	0.011865	0.023315	0.027131	0.010122	0.004211	0.019514	0.021881	0.031572	0.018277	0.000771	0.013043	0.003814	0.032428	0.030664	0.026927	0.020042	0.002247	0.019875	0.010848	0.019184	0.033026	0.005008	0.021783	0.024121	0.010794	0.026284	0.036741	0.019886	0.026815	
0.011448	0.032746	0.026941	0.033171	0.024783	0.022321	0.023950	0.026282	0.022676	0.032859	0.029957	0.016823	0.017314	0.016097	0.014805	0.018250	0.034291	0.031023	0.019980	0.025501	0.011324	0.005373	0.014584	0.035781	0.014037	0.034717	0.015847	0.009259	0.006166	0.008614	0.002879	0.001406	0.002124	0.002029	0.032448	0.006096	0.035602	0.035031	0.009413	0.028554	0.019363	0.024589	0.023028	0.025576	0.035243	0.023128	0.012265	0.019289	0.003455	0.021558	
0.018238	0.034003	0.023147	0.015073	0.036120	0.003788	0.018499	0.001267	0.040965	0.016964	0.007195	0.034708	0.012381	0.024245	0.030332	0.013229	0.041314	0.027649	0.026890	0.006441	0.007911	0.024537	0.017514	0.012136	0.024540	0.004277	0.037625	0.002597	0.023464	0.013004	0.032599	0.003488	0.040274	0.006027	0.041631	0.016703	0.002460	0.036841	0.042900	0.021597	0.013563	0.031751	0.021108	0.015810	0.015885	0.001546	0.010609	0.022626	0.014023	0.008508	
0.003275	0.026370	0.008557	0.005478	0.012728	0.037523	0.022945	0.005422	0.014743	0.010557	0.026218	0.037129	0.036827	0.021271	0.025080	0.021771	0.006657	0.000191	0.015476	0.031731	0.018829	0.001269	0.005416	0.022168	0.025623	0.031133	0.036520	0.032544	0.001872	0.023185	0.038470	0.017536	0.019544	0.020626	0.005038	0.027111	0.028927	0.017329	0.019291	0.022555	0.031403	0.024816	0.027805	0.031775	0.014296	0.002578	0.018555	0.034781	0.020233	0.008822	
0.034697	0.005749	0.024887	0.038072	0.033403	0.009390	0.034260	0.024437	0.021161	0.012566	0.037586	0.028846	0.001353	0.036844	0.025030	0.022444	0.015189	0.002974	0.005810	0.032184	0.017001	0.002247	0.035664	0.003515	0.001181	0.015500	0.003713	0.038944	0.027146	0.015378	0.001672	0.038489	0.003766	0.023255	0.022764	0.026328	0.007808	0.029455	0.021961	0.002369	0.019786	0.011424	0.030967	0.010566	0.026264	0.038516	0.028732	0.009336	0.006790	0.032581	
0.028051	0.037237	0.007505	0.034235	0.013969	0.010611	0.026907	0.016245	0.025429	0.033232	0.008768	0.035543	0.018888	0.036819	0.013152	0.015094	0.010887	0.022875	0.011180	0.002827	0.008265	0.017229	0.026117	0.020817	0.029606	0.018247	0.017073	0.036131	0.029895	0.024722	0.040099	0.022832	0.012010	0.017970	0.000533	0.024193	0.003306	0.036634	0.018577	0.000152	0.029937	0.011893	0.033476	0.004369	0.032776	0.020940	0.015404	0.016838	0.003117	0.017388	
0.014223	0.002835	0.027056	0.033190	0.012999	0.017207	0.018024	0.019552	0.023270	0.023826	0.017171	0.006543	0.026428	0.014857	0.013505	0.031352	0.011468	0.012542	0.025079	0.033567	0.027809	0.017995	0.031309	0.026368	0.011309	0.033857	0.018029	0.029115	0.035829	0.010646	0.000914	0.029136	0.029230	0.025262	0.006925	0.030953	0.024641	0.028124	0.002900	0.035882	0.011209	0.030660	0.023980	0.007886	0.023802	0.009238	0.006706	0.011051	0.015308	0.019233	
0.007751	0.016654	0.021289	0.021329	0.013432	0.015017	0.037698	0.032591	0.030427	0.028755	0.009507	0.011483	0.005692	0.001668	0.025063	0.005090	0.007866	0.015395	0.008019	0.009006	0.011761	0.026946	0.023662	0.035785	0.012784	0.023777	0.001298	0.007122	0.023309	0.000195	0.036803	0.040045	0.008372	0.039969	0.010889	0.028337	0.013202	0.019159	0.007481	0.042445	0.028775	0.040511	0.044698	0.011062	0.033161	0.012868	0.015905	0.045321	0.002307	0.028320	
0.021362	0.019691	0.027371	0.020255	0.003435	0.031470	0.034662	0.029067	0.024044	0.013034	0.016217	0.021321	0.003766	0.005710	0.029198	0.029063	0.028972	0.032428	0.027631	0.035420	0.029536	0.022294	0.024264	0.002037	0.031731	0.022295	0.010540	0.027509	0.020826	0.030007	0.010271	0.006815	0.032346	0.018678	0.007559	0.011468	0.002003	0.013851	0.001015	0.031638	0.031274	0.019098	0.009311	0.013055	0.003780	0.029254	0.002955	0.036540	0.011702	0.032231	
0.009814	0.001503	0.019533	0.031700	0.012491	0.037645	0.030464	0.039303	0.030522	0.015305	0.001484	0.025099	0.003434	0.031175	0.005274	0.009888	0.007208	0.021905	0.007611	0.016644	0.024396	0.011813	0.020845	0.006936	0.003757	0.004223	0.041333	0.030776	0.003124	0.039772	0.019935	0.028911	0.000190	0.003260	0.005635	0.019928	0.005300	0.015896	0.032278	0.043559	0.018974	0.026708	0.016672	0.019191	0.041514	0.036160	0.027449	0.037855	0.018409	0.037192	
0.021649	0.001976	0.028640	0.030436	0.009801	0.003039	0.008202	0.008674	0.017896	0.034172	0.017014	0.002415	0.003342	0.021938	0.029348	0.002682	0.026926	0.026751	0.025850	0.002945	0.035038	0.003010	0.011221	0.026488	0.023690	0.037204	0.001976	0.026805	0.018589	0.029730	0.025471	0.013231	0.030982	0.027075	0.031582	0.031200	0.000658	0.031691	0.022729	0.020685	0.034102	0.033828	0.029447	0.007145	0.036648	0.002810	0.030486	0.038385	0.001693	0.012706	
0.004234	0.022108	0.020737	0.011335	0.019936	0.003847	0.030246	0.022759	0.017867	0.022073	0.036422	0.004625	0.023790	0.036878	0.035395	0.014615	0.014922	0.017920	0.032469	0.026920	0.014233	0.014431	0.037164	0.041471	0.033566	0.011233	0.020259	0.022124	0.019191	0.002979	0.004548	0.009842	0.002937	0.007214	0.039685	0.039349	0.012372	0.002649	0.019660	0.000225	0.002413	0.028075	0.038009	0.006271	0.025910	0.031129	0.013004	0.036306	0.012505	0.032149	
0.52
