50
2
2.670888	24.832856	3.518066	10.708642	0.768999	15.982647	14.673580	-8.729925	8.774560	8.315693	-6.039892	13.894407	11.028498	24.268936	-24.048841	11.186607	-8.751922	-18.590591	-28.424372	14.333065	-25.216454	2.722207	0.919408	-28.741698	-25.994914	11.474617	16.947238	25.145439	9.803743	21.707113	-9.495546	4.926613	-25.885430	-19.682026	-5.642003	-5.625684	-23.487872	-19.526180	-9.837051	28.450005	-14.039952	-6.094879	26.557925	25.460483	22.667385	-0.617098	-23.400163	19.903035	-17.274408	4.796880	
13.800902	-21.029555	-18.584052	-20.634315	-23.501268	-5.079004	18.347948	-1.517716	-11.745850	3.082581	-4.401515	22.571063	7.041042	7.289626	16.999095	4.846337	19.735451	-7.084238	15.555383	10.833243	-5.034626	-9.832319	5.958739	6.760156	-7.884132	20.715169	-17.416105	-19.160148	0.851852	-20.116111	-9.592624	3.137560	-20.085071	-23.034031	-13.465743	-7.654164	-17.880474	11.516140	-21.151370	19.372371	19.682957	-23.615588	0.648306	6.666990	-21.199243	16.144551	-15.409575	8.180069	9.538094	1.343279	
-22.140153	-2.998501	-15.464867	20.802566	9.997648	3.822647	-20.330794	18.241246	-15.292865	-24.137694	-20.318366	21.159055	11.735439	-4.024628	16.693915	14.650374	-2.734472	-17.615679	-6.350332	20.063808	6.242816	8.723195	5.941275	21.710375	-4.896026	-18.854029	-11.068446	-7.047329	18.778674	-7.089929	15.406486	11.847464	19.263426	-12.002723	22.168420	22.476420	-6.575254	12.132055	-17.389379	-3.288455	-16.546433	10.110761	0.271350	-13.547353	-18.023326	-24.068382	3.258583	-9.082248	-11.537496	10.530545	
-10.988166	-11.780524	14.274502	17.945796	2.468952	6.204231	14.806510	9.856611	-13.125337	-2.194659	-16.948044	-1.329200	-17.400481	-3.852231	-14.303974	8.440297	7.279381	-0.805083	20.843288	-5.937197	20.466615	-9.200810	-10.114786	-20.847092	-6.761074	2.923445	13.558162	2.747721	4.760166	10.051832	2.373294	-17.588847	-15.631004	4.921049	16.897008	5.864926	-19.344280	-0.021249	21.470727	-14.882008	21.599745	16.941983	-1.610690	1.161616	-8.224405	20.307679	-21.508030	11.730391	-18.431460	-10.977404	
-4.186777	4.365430	-18.125311	-10.128236	19.221805	-22.588678	28.944278	-13.446405	-15.127410	-10.569323	-7.371490	-6.159080	11.612522	-23.450470	25.137596	9.658245	3.078347	-1.576851	29.388547	-22.776557	13.547885	-13.554156	21.719611	-28.454153	-21.546993	-3.150066	-20.766712	7.940433	-28.972458	1.316406	-7.543789	14.573491	5.006594	23.812957	10.852517	15.698464	-12.564283	19.338264	-4.291101	7.646121	17.338732	9.948436	-6.931521	-15.447232	13.940460	12.526598	5.849635	-27.676089	-14.099808	-17.773870	
-4.556595	17.229997	-14.672102	-9.836659	-21.568592	14.883422	-23.320393	-3.295607	-2.052395	-25.040407	18.062925	-7.531794	17.239439	17.111603	22.820661	4.989382	-4.898743	12.411409	-19.074851	17.562190	-26.494744	16.604823	19.605210	10.293990	-7.722810	-17.873143	-12.815028	12.656670	-16.453810	-16.517393	2.726004	16.274601	-15.986789	6.162195	-22.543644	-19.430865	-9.058980	-6.087092	-22.724920	-11.427696	-3.580125	23.285261	-8.707158	-8.772907	-8.255074	-15.932010	-22.175015	-1.832433	-21.666509	4.612749	
-9.172528	21.042403	-7.711187	24.120840	10.173798	-24.233260	-26.808689	-21.876235	-6.579977	-12.359017	-13.824442	0.826075	-19.156419	15.058188	-7.435826	23.484627	6.399738	-14.459928	-3.907408	6.914676	-12.094923	10.522085	5.809102	3.738880	9.399338	-23.116839	11.986884	19.491528	-27.766994	-17.045890	24.784985	-14.203116	3.839664	14.831578	1.929915	14.090127	-16.435239	10.770765	24.205099	9.928113	8.389981	-14.150092	18.784021	9.638435	-14.187940	7.151093	-13.801068	-6.872283	8.445062	23.504648	
20.906705	-8.526192	15.484981	-10.604114	9.836900	-7.373006	-2.041617	-19.609986	13.277601	3.355902	19.969458	-8.181757	-7.448611	1.303794	-3.270204	18.896690	-13.856942	19.943338	7.818214	-9.885444	15.161718	-13.185699	-6.880400	15.359735	-3.503865	-10.880896	-22.658708	-20.376363	-17.426872	-0.917709	-15.344947	20.560684	8.990778	-3.875397	11.870981	-19.416389	10.152900	-22.670821	-13.262704	-8.211337	6.473798	-6.469142	-21.814056	2.604029	0.350117	8.282403	-13.444277	8.049345	-8.856114	-12.567268	
-5.747563	-21.060888	5.493413	5.162463	-19.439089	-2.554637	-0.398652	0.182095	16.867020	5.859421	-5.809621	-22.495873	8.204842	1.015317	15.924583	0.797148	-16.109781	2.391064	-10.881894	16.308892	-4.285347	15.184484	21.630953	-2.506317	4.378118	17.603598	-4.732483	-18.349787	17.402827	-18.713450	11.598999	-17.623845	18.466565	-5.786010	-14.498902	16.546374	-9.327066	-0.063886	21.489790	-17.884450	15.164667	-11.815571	11.594024	17.193205	18.022246	-20.361734	-3.059107	-17.093782	22.169723	-10.491870	
-11.448129	15.065882	5.311392	-2.866827	3.290418	19.099341	8.875440	-19.728662	5.876668	-1.563109	-14.375623	-21.383441	4.852437	19.084834	4.764749	23.666006	-6.423931	-19.993144	17.485386	-5.669844	-6.017415	8.871123	0.909356	15.015618	9.534664	-6.773389	-8.384162	-12.956322	-2.301223	0.347905	-20.292942	-24.209901	25.802802	-11.033242	-20.957672	-4.803402	14.313604	-11.571657	19.151123	-19.658433	23.590432	-4.620143	16.759048	-17.204374	5.115071	-8.396146	20.471088	5.751394	15.545244	16.171039	
19.709318	-23.278370	23.493117	19.901758	-0.084171	-17.883407	24.256675	20.422486	10.770369	-0.224163	-24.778337	-1.561521	13.390414	3.108266	18.513643	-0.243398	2.625273	20.072687	29.127460	-4.261288	3.627016	-23.803270	-27.015166	3.071200	21.889503	-8.027949	4.750596	0.463957	-7.885467	-29.020982	-1.009961	19.435321	17.643683	25.357328	-20.031068	13.398551	24.325113	27.199035	29.167660	-11.627986	-26.275244	26.310649	27.747375	-24.091961	19.207930	21.676844	6.406057	-2.096770	-11.739435	23.255979	
-15.187086	20.201625	-12.151580	-16.173266	-18.394789	4.493623	24.763162	-11.161039	-7.711732	0.388754	5.894889	-18.841511	-16.868935	-14.740453	9.953724	20.211434	-22.265369	-24.982459	-10.798898	-7.113692	-26.716244	21.040594	-23.856757	-16.389253	24.828039	16.038810	-24.766049	-4.993118	13.861700	-2.982029	-1.512678	-1.669141	2.185215	6.278068	-8.851630	-2.961532	1.001876	-9.594764	2.957129	22.391749	16.526806	17.729035	4.006502	13.992318	21.089804	-21.121860	-1.356404	-2.679198	-22.189655	21.540486	
14.147991	11.574662	-18.338590	-2.049306	8.781325	22.838529	6.430681	3.613957	-21.972487	20.260328	-22.370778	15.819656	18.929632	24.373850	7.731140	18.346839	-13.683644	5.640849	-4.748964	4.217016	23.365347	-24.499383	-22.458834	23.987077	0.611468	2.050958	21.853801	12.021169	-19.887469	6.166725	11.672916	-0.515313	-18.096494	1.466664	-19.002369	14.953284	3.296469	2.509083	20.136076	-5.971900	-17.549117	0.025081	22.773242	1.256710	15.932016	-10.927552	16.452542	-23.388703	10.053814	-21.361981	
10.433167	17.035732	-15.694817	-12.288545	13.927105	-15.584279	-2.674005	6.634866	-7.530687	18.368472	14.482966	-15.726045	-3.965148	-10.759704	12.920267	4.905783	1.509825	-12.774626	6.205994	-6.843288	19.267705	-11.616033	17.952199	14.489486	8.259080	-13.053636	9.785369	-8.013613	-6.643317	6.935895	6.159536	11.135981	-9.871273	-5.748960	13.975469	6.072900	4.689728	-3.898906	-15.490574	2.639387	-1.615024	19.061376	-4.253176	-14.541153	1.025215	-5.184242	-14.937143	0.429473	6.482716	11.015344	
-8.948995	-1.038409	-13.984697	-11.257339	-14.515778	20.114736	12.072755	19.005575	-23.712894	-24.957027	4.673221	24.234884	21.150988	13.248766	-6.733900	-13.712884	16.556795	19.791138	-15.692779	24.552245	-24.922662	1.715612	-2.943461	3.662035	15.053025	5.427850	18.439442	10.302129	-14.817664	7.550206	-0.777931	6.090935	20.943747	-8.320291	3.651782	-0.999671	-17.447561	-22.774317	-14.272190	-6.770264	-21.264682	-15.383673	-22.325878	-0.245154	-14.715812	20.275306	24.714166	12.440008	-20.490686	-23.331548	
13.633437	9.588952	5.184865	-15.788805	2.775110	-5.146192	-17.114115	11.234935	-8.998160	17.574831	15.592037	14.344963	13.603101	1.245787	-9.060542	4.804313	3.376908	11.756306	-3.222607	-10.542462	-12.999538	-0.672231	-0.288552	-17.606165	-1.049609	-17.803725	14.906464	-0.407454	3.439763	-17.300103	7.607523	3.433899	-13.466566	-6.662105	-11.180994	-1.272479	-9.013513	16.100458	15.074805	-13.349139	-11.874688	11.191066	-6.063094	16.218054	-3.798745	-8.981364	-14.361915	-9.552440	-0.064649	6.583551	
18.005500	-1.393288	13.509612	2.794373	5.782024	6.338508	-6.088252	15.211607	-3.200249	15.844102	-7.844800	10.801758	-16.308734	2.332005	21.614213	-21.493893	-17.855136	-11.043525	19.572143	-6.001664	-23.868305	-17.569647	-9.151500	10.094423	-8.703431	-12.339112	12.732013	0.601542	16.354859	24.476769	-5.661151	24.104484	-12.535721	-25.464258	-12.183166	13.371593	-21.282785	16.552161	21.431313	-21.790294	4.192302	-4.307233	11.389302	17.848676	-1.912114	18.273073	15.813267	17.507204	22.403291	10.102122	
0.263488	-15.618802	-1.954756	21.853466	23.336011	-19.267769	27.245383	-17.918636	25.202086	4.264930	-13.215696	3.586424	24.614483	9.052416	-15.258929	-21.526756	-2.639190	4.417834	23.251520	8.149721	-4.893369	15.698852	14.286135	16.949121	11.663513	13.669930	-23.785343	2.450047	25.335696	-7.581849	-5.177854	-7.071840	-4.506597	-8.470272	-16.103320	26.689626	10.345182	15.765280	-10.822104	-20.641397	-1.154645	17.381902	-13.223710	14.014783	-19.317283	-27.071298	-6.467943	-10.758327	17.013582	19.521051	
8.330088	25.020117	13.355528	-22.272905	12.005301	-11.118771	16.263056	-16.231091	-21.422522	-2.071406	-12.935116	16.855689	1.959431	-14.469410	-3.703983	-2.508397	-10.588773	-21.911836	-20.043818	1.512992	17.606412	25.832729	20.513477	-16.901784	-0.817020	-9.576281	-18.385976	-18.949719	-16.695501	-4.270522	5.064358	-6.272906	24.455333	22.943443	-17.025030	-1.566909	-12.435863	-19.408637	-3.048720	23.885083	9.049197	-7.262740	2.791594	11.178083	-11.559400	15.556750	10.737946	2.354283	5.241788	-7.071334	
-4.644964	11.728793	-9.341562	21.298763	14.599829	-4.766669	-11.645693	10.818093	9.314205	21.011230	-1.341391	-13.038442	5.140846	-1.014804	11.631901	6.278530	-8.824755	11.423312	-15.204123	-12.803833	-1.931843	-0.489782	18.628062	-19.280409	-20.639536	1.992876	-20.581654	21.382135	-18.893860	-9.994962	-3.369060	-18.798797	-16.848622	-11.733640	-18.990238	15.478459	-9.429980	3.211294	-9.026758	-20.430907	-2.355181	6.463888	7.395423	-14.220673	-19.105242	-4.110048	-19.365333	-13.816036	7.289313	8.398423	
4.428891	-13.434322	-17.091779	10.099852	-11.663897	-9.750040	5.666831	20.116880	-9.986554	-11.994125	2.535246	-1.400275	9.444628	-2.215791	-3.396361	0.711135	14.215476	-3.493449	-3.914757	-1.520470	16.687997	-14.483171	12.983590	-7.002986	-9.722484	10.025757	-15.281164	-5.994714	13.638128	20.529201	-19.403518	18.999866	10.244520	-10.619050	12.229036	-14.189219	-17.469268	7.772878	-0.433864	20.519938	-17.546574	-5.904034	8.203338	1.960894	-17.417177	-19.803378	-17.755941	19.108875	10.653030	-15.604996	
-24.432444	-3.571724	20.194119	-22.672425	18.495561	-10.535693	-14.253729	17.905657	-23.599754	-16.083143	7.817135	-0.348111	12.471049	-24.370787	1.564598	-3.332210	-23.004626	-14.387079	1.116773	-10.084198	19.721503	16.511866	-6.194688	9.347441	12.837884	3.482310	18.910411	8.203838	-3.842699	-7.171885	12.282433	4.799759	-16.966992	-4.491128	-9.559685	-3.037924	-11.859773	-6.561203	21.038973	24.365127	5.281453	-11.862960	-19.737333	-4.720746	-7.014993	14.088835	-3.689959	-11.946728	6.202325	-21.238034	
-0.912022	12.214144	13.882405	-18.417387	16.326125	-22.080551	-14.296804	-3.073415	-26.407697	5.327604	-22.270133	-1.138658	-21.369207	-15.986611	-17.073359	-15.189846	-9.605701	-10.594202	-12.405021	-8.893334	-13.185204	27.619750	-7.139547	17.077944	-9.895320	-0.891291	-1.405351	21.940435	6.685329	15.174506	-6.571358	14.532339	-16.936452	-10.531909	-3.422432	-9.919838	-20.083464	-9.455958	24.769487	-9.852294	14.471272	18.441564	-27.105764	-5.062200	-26.519642	0.065244	14.135880	-21.010215	-17.141381	25.706814	
2.302908	19.128908	-18.307196	-11.287309	25.747683	-23.847513	21.092151	18.526932	4.907313	-8.866396	-15.914397	4.725165	-15.217659	-10.535801	-22.690749	15.834910	-25.108588	-17.118398	4.232731	15.882179	-17.597668	16.114617	17.943467	-3.404526	31.842131	-6.709842	-30.293180	25.611020	22.352024	-24.833175	28.990904	-17.225001	-30.435545	14.829093	-20.909774	-14.850103	10.528715	1.261633	25.465690	24.117968	19.644505	13.013167	16.401623	12.824168	-16.506859	-5.487836	-31.506448	-8.190391	19.524611	5.769732	
11.091962	21.171893	-2.482907	-15.385195	-15.848989	-10.613075	-16.271644	-8.942830	7.619788	-20.501743	-5.124779	-19.721608	6.864073	-18.728646	22.249839	23.459251	9.910877	15.771308	22.973545	-5.719424	2.570503	8.660881	-21.222282	-7.442211	-12.849544	-17.569306	18.186319	-21.574491	-6.397070	5.642582	22.221763	-16.957750	16.598266	8.811699	-5.034119	20.011826	21.129658	-14.537378	-6.549601	4.124417	-18.161501	11.969755	0.570560	-19.436390	21.759751	-0.797330	20.119187	-17.778437	-16.663162	2.764751	
-18.399503	-1.001998	18.131541	20.189905	2.068528	16.723500	-9.197685	-11.730838	-14.356657	13.977478	-10.239782	-5.425521	-4.567381	9.793477	-0.953498	11.410782	14.418119	7.144701	15.802250	-19.611994	1.796306	8.188854	-9.853278	16.904047	-12.925553	12.345407	-19.625506	-10.625366	-11.493407	15.741062	4.315810	-18.266765	-15.550183	-14.220827	-15.542358	-2.685444	-15.034463	-17.905999	5.864467	4.309525	-17.659920	-14.979285	-18.127229	-10.464405	-14.067479	15.985295	-17.660188	17.797247	-6.449155	-2.771935	
4.904117	-15.497219	2.211800	-4.197717	11.809049	13.175579	-15.953650	-0.313155	0.015967	0.635601	-11.461788	20.696564	-18.324995	-2.852916	-5.159780	-11.773944	8.204088	6.591627	17.184738	18.745119	9.334671	-24.174602	12.422562	0.289138	-8.943363	-12.281742	-22.967930	12.416315	23.370817	-3.339323	-24.570620	6.711241	-5.005643	6.652457	19.314287	11.269920	9.244380	-13.192521	-5.745569	12.948144	-3.588759	-9.831945	-21.966109	-4.356095	5.362775	-23.106576	21.153846	3.502182	8.023367	1.124574	
-20.825430	-9.748597	-25.131669	-8.737355	-17.461223	-25.069084	0.555664	15.588294	-25.969265	8.290730	-19.992819	4.288569	-8.423288	-11.453883	-0.412532	-3.679254	-23.445472	-26.980134	-0.234476	3.014037	5.794248	-2.674274	-2.891761	-5.924537	-25.718712	-12.952985	-7.604414	-16.388856	-0.021968	19.631648	-15.586827	-11.941225	21.685114	17.133354	8.306949	-12.588440	22.158313	-23.552157	13.206461	-17.903472	21.177428	21.527277	22.079107	-6.342149	23.505255	11.294549	20.389043	-5.186269	-26.920598	-10.743472	
-3.061820	-15.495607	13.498080	-9.071150	-21.748199	1.241902	-7.069992	-25.645952	-16.791991	-20.099872	26.812304	4.159987	18.834097	9.324851	-24.467377	-11.300625	12.013430	4.492981	4.332130	18.755015	-13.233152	24.291219	26.469826	-18.793290	-25.703832	-14.809046	-17.028197	1.312219	-22.799475	27.894772	-19.247940	-26.111204	19.348983	3.083501	11.683972	-4.039266	17.331255	-23.361818	-14.942670	27.577953	15.463454	-25.777527	-5.092003	-6.062938	2.207765	25.755450	-14.470819	27.277430	23.066986	-14.177311	
-11.457786	20.864289	-8.806635	-24.922780	10.319430	5.016702	-11.329223	24.737659	21.486704	-12.373918	-16.262805	22.146884	-9.427573	-24.429199	-22.194406	-23.919106	7.616262	-4.602145	4.379334	-17.354364	20.149938	-20.688148	15.382128	1.739612	21.856820	-7.901856	-19.242217	-20.553767	-8.861627	4.952759	19.573343	-2.834348	19.634169	-18.943344	13.076441	-24.035527	17.092184	13.888045	-15.850894	4.329629	-19.586400	-10.547669	16.031053	-20.645611	18.461011	-9.242139	19.271234	2.739019	-7.234186	22.019199	
-10.457559	-25.717224	-21.617374	-21.189351	-11.927644	0.367032	-3.239752	12.711053	17.527189	-1.534515	-23.057305	23.861237	-26.781719	-18.487987	-4.365384	-26.795818	-26.796797	-6.024521	-15.531895	-14.995879	6.945103	25.246859	9.438768	-25.165650	-6.510309	6.826758	-1.181308	12.853025	-0.440360	16.415226	-16.848733	-18.848595	-2.028119	15.605975	13.055499	17.348418	-6.314693	-10.961194	-20.330312	10.592548	11.037205	22.120501	-17.243620	14.490785	-1.372651	3.565323	10.721668	-12.643243	-4.672506	-11.443579	
-4.296995	19.862826	1.485209	4.471557	-0.701876	9.982092	-14.133914	0.758348	2.422328	11.943131	-1.214594	5.437706	-4.877279	3.320440	-11.852162	16.313611	7.618372	-9.094779	9.689682	1.954353	-12.613142	8.627523	-17.605062	10.067982	13.951183	-13.966507	-6.199126	5.215429	8.506840	-13.103745	16.239243	-7.947989	-7.289683	12.482214	9.711177	18.186683	-14.197172	-7.467352	16.632793	-2.709629	14.728252	-16.300584	4.893967	-17.705544	-13.760465	4.418854	-14.520248	-19.270809	11.830351	1.214152	
-26.545771	0.153156	14.843724	-3.323766	-3.226610	-20.268833	-18.903045	-6.997574	14.248045	-28.730256	27.665250	6.654321	-29.523792	-5.821895	-19.596524	28.380173	-22.138057	6.250046	-3.151336	-9.657957	11.843160	29.854536	-11.094715	-10.998278	2.036497	3.134834	-22.156233	9.124288	-0.557294	-5.177186	18.798720	5.271781	24.523879	-29.884842	26.314557	29.355776	-8.009514	11.400348	0.864359	-18.822895	14.546861	22.053476	25.645915	3.315376	11.133217	-23.961839	14.682761	4.218795	-13.070391	-9.290829	
4.570934	19.145377	15.042245	9.703967	-10.294917	4.667689	2.270376	10.532910	13.846203	16.307362	-11.675445	-19.590788	-3.404020	16.182992	19.583183	20.739799	-14.213408	-1.002612	-11.999741	-18.792236	-8.668607	22.187762	-12.534321	18.874873	-15.558153	13.846347	11.994731	-3.359816	-14.335149	12.364213	13.329399	5.521388	-15.440898	18.837740	23.811516	7.111772	1.968272	-20.453175	1.574815	-3.665145	22.638304	2.738364	-23.667843	4.242388	-8.551290	7.749126	-13.784012	12.861674	-7.039575	19.973777	
-7.222725	2.074492	-7.895461	-17.184678	11.001188	-5.599630	7.831933	-17.156975	-12.538392	8.776436	22.206463	-3.383132	26.238036	11.321560	-0.118722	6.661582	22.201028	11.490622	-1.015541	-6.977051	3.480174	1.281861	-6.941965	8.424622	23.439322	-21.815952	0.455581	-23.854491	-23.991247	-2.906120	-20.307900	23.421368	-16.054191	-4.570356	-24.019949	17.183374	13.751933	-13.920682	-3.582741	-2.095481	16.003067	17.047678	23.375368	21.846070	-12.473224	-15.698792	-2.476708	-2.606071	-14.211705	8.458872	
18.923600	12.480700	3.210234	-12.465934	-7.556941	-5.572635	21.539785	-3.794473	24.112673	-20.045553	-16.396513	5.112580	-19.132420	10.286704	-14.981483	-8.882852	-23.137979	-8.162285	8.501953	14.972985	-21.704734	8.386836	9.441951	15.086954	-6.023560	1.980310	-6.479370	-1.919280	-20.340643	-15.148245	8.327352	16.365190	0.447171	-20.217756	-11.194034	-17.661679	15.848680	20.878786	8.825734	-15.996826	6.539385	-5.329694	18.066574	-10.924010	-12.314890	-9.544675	8.904328	9.419386	19.642654	3.400077	
-18.818054	-20.604423	-14.629259	13.816576	15.978411	-11.216597	-2.543474	11.446209	-11.966517	-15.805291	1.312110	-2.442362	6.215328	-17.123570	-14.399975	10.017267	-5.315718	11.368065	9.005737	3.906911	-14.972396	-9.709677	0.738226	-9.166206	3.921226	15.196008	-12.061060	19.163358	16.935561	18.965813	2.179859	0.668332	11.353892	-5.501251	8.976180	1.104533	-6.363996	-6.942348	-10.113641	5.903231	0.947598	-7.869123	-17.781420	-10.295892	-12.330998	8.391120	13.081586	-12.453301	-9.791409	-9.772384	
-4.469903	12.560836	-9.716327	-14.308732	-10.115043	-14.911471	0.998796	1.635799	-24.879734	5.514303	14.726122	-20.231622	28.960293	21.451131	15.362480	15.948378	-11.863592	-15.932387	-20.942071	-8.123828	-18.881282	-11.648246	1.757103	13.709207	24.713436	25.307986	-5.749559	-22.449018	-26.382696	-3.180232	-4.348603	-3.820318	-22.168621	11.320911	-12.362866	14.857382	27.321775	-5.647696	25.253391	11.398851	5.886484	27.295290	-20.959055	-1.349470	-21.190523	-1.591495	0.536993	-25.817856	24.959051	22.698110	
14.393582	-2.759804	-8.128638	-15.889029	-6.716801	13.395331	-0.461453	14.080283	-15.344555	10.160588	15.406252	8.586571	-7.919546	-2.094780	-5.631494	19.705551	-12.739582	-0.398373	-16.188205	20.747579	13.966668	12.114261	-8.427734	-20.008181	-19.421589	-0.843149	-20.905472	20.594740	16.134224	4.066809	9.468565	-10.359727	-14.423945	-7.193296	2.878932	13.658850	-14.804718	-19.617052	5.851973	2.580097	-8.533258	13.575112	1.520902	-6.729022	-7.747255	-2.690784	-19.703822	20.563045	-2.835720	-18.971965	
-11.736786	13.786745	14.343003	-10.412756	-18.339124	2.313673	-3.158801	-9.513282	-11.964117	-14.435504	-14.328056	-15.224564	0.782384	13.581857	5.160560	-13.897818	-14.133187	-7.103969	-19.289188	-8.805312	20.353846	-15.292292	-19.526595	16.344343	19.893363	-13.901851	3.500968	3.226298	8.979485	4.289939	20.746539	-15.141317	-20.443662	2.464866	-17.143112	4.956146	-9.620482	-11.265936	-6.925960	-21.659301	-12.520705	20.218606	21.542982	-9.419933	17.768336	9.400812	11.845377	15.563740	-9.815017	16.642430	
-18.712299	-21.421036	-20.186824	-16.689744	19.663417	-9.174269	12.801805	18.303272	26.804912	9.615637	2.412960	1.527327	22.077392	0.722843	26.163770	-26.156034	-4.234214	-5.950669	23.966208	22.434228	3.562980	-5.164104	-11.140964	-1.057054	-2.865335	11.097096	-7.573876	25.775832	-19.774093	4.698377	-8.058195	4.729931	-19.967645	21.520377	21.367795	-18.634683	-8.208923	-0.065613	9.321544	-10.782747	-2.646556	-19.572344	25.611052	-25.307634	-18.075069	9.586993	26.038926	-9.592072	24.532186	16.020168	
-0.349584	-17.041081	19.546969	14.242251	-5.791626	5.166958	-15.323086	17.733204	12.099323	-12.056634	19.050121	-4.215694	-4.834721	-15.831296	-1.367156	11.158140	-12.502869	-5.852808	-23.303024	7.390935	-4.708900	-15.308672	-22.398183	1.244426	-20.357600	-8.626129	7.221024	1.728051	4.039868	2.947877	22.950655	17.210031	-3.105820	-14.569644	21.605173	-6.401585	-23.656473	-10.651003	2.395917	-6.449861	10.277384	-4.090529	-23.935638	5.146064	10.259960	-5.222252	-15.047004	3.189399	0.327351	-0.500208	
-13.750949	-25.498665	-26.247549	20.326067	-25.056140	22.459588	11.641639	-20.255628	25.595869	-0.466515	-3.988961	-14.429242	28.911490	10.439506	11.903251	0.049799	12.853397	13.490445	6.620901	-0.197399	-15.364670	-28.458536	-3.788426	-10.763758	6.298929	-23.793525	-23.662120	-7.525633	21.727028	-16.075586	-0.109526	19.606810	-28.529507	25.524315	-14.159205	9.806870	-2.134646	-9.549247	14.323560	-16.412530	-25.137974	-14.286874	-9.466454	-16.376521	-3.028332	2.702735	-2.934588	19.033317	28.421744	-14.236148	
20.197532	8.579874	-19.617360	-20.331315	4.383872	19.196144	-15.419957	19.715278	10.589680	-12.677915	-9.257045	-17.176135	-20.246907	12.764235	13.292983	21.871432	10.823644	0.930773	-10.788263	-19.368438	6.860545	11.896670	-11.251845	-17.359283	0.248365	-21.253040	-18.567852	21.504346	-4.244507	-13.137601	-17.107117	-15.751095	-13.105669	20.277800	9.106853	7.820223	15.226767	-8.746257	2.820410	-8.687996	18.720577	-13.131749	9.070954	-20.017809	-13.458926	-11.037472	5.072554	9.027627	-6.792996	17.360594	
0.564178	-15.709767	19.430106	-2.478669	-7.408660	-30.376117	-22.762957	25.157414	19.736941	-2.506188	-23.093319	4.856066	-14.113197	-21.796362	-30.958787	-12.146354	24.804738	-25.073055	-0.040633	-6.887986	-1.167224	-7.131599	-21.049675	7.123263	-21.818547	-23.124757	-15.083160	26.646886	-29.059648	18.846369	14.536774	18.101699	-7.154491	-20.059433	18.422207	28.207826	-13.899805	9.921174	-24.204308	-21.005459	-0.789500	-3.222634	0.589899	19.331528	13.558737	-13.065818	-16.758848	29.146671	23.569053	-21.275944	
-24.480379	-12.439227	20.670879	6.164618	9.076596	-5.150192	-27.851766	29.277749	21.320223	-20.923177	-7.348943	-1.560188	24.634453	-3.556480	20.025848	0.021481	-16.557955	21.438205	-22.052467	-29.786418	-26.972100	10.809511	-23.652998	7.585957	23.542580	18.698420	-17.982257	22.371982	-24.775155	-23.030641	14.278225	12.899850	-26.318695	-6.450850	8.547782	-10.426225	-13.031687	-2.677874	11.278500	9.268779	18.735017	9.527817	-14.598389	-29.303396	22.473768	5.239638	10.706275	-19.609437	29.639961	-5.217857	
-13.720708	16.750135	21.861401	17.533116	15.395149	13.029950	11.346441	-0.541642	-23.494681	22.315994	6.357785	-8.648738	-13.870450	20.425346	8.335542	-5.785816	9.033993	10.421767	-5.118801	18.605531	-17.844424	-0.334560	-0.847955	24.709244	22.824802	19.502609	-23.594016	-16.510113	-3.078366	15.101996	14.857555	-0.480407	23.247802	5.553094	10.116213	-0.431743	-15.246584	-10.015727	-2.181943	23.557021	3.792398	-11.945777	-19.786598	2.645025	1.886561	-3.624721	-11.619178	-19.986761	-19.274031	-0.012361	
18.137609	6.487280	-6.413973	-10.805264	-21.092207	-12.504185	-6.695572	-15.219742	20.214282	18.078105	-20.826153	6.831321	-14.653098	13.401732	21.197299	11.034761	-11.435043	-17.896012	10.894621	-23.141723	5.903872	21.110391	2.907538	-2.086473	-22.678158	-0.362605	-8.271997	7.022953	8.907656	-13.408441	0.759338	16.975692	-17.560361	10.991245	-22.792455	-9.267487	-1.781166	11.514824	-20.030276	-6.070461	11.734404	16.763157	3.619081	-10.299261	-1.529950	20.873743	-9.624456	-1.275715	9.354601	-15.596826	
16.835617	9.866625	-14.815335	6.641850	-18.441461	-22.585486	14.414789	-2.908442	14.940347	-1.533206	3.886670	-14.406751	-2.746898	-10.596927	-15.439163	10.045467	11.878344	-17.623117	7.538100	-18.211396	1.216032	18.060141	-2.873193	10.272983	-8.630151	-9.722008	4.873366	5.938532	21.800380	2.426972	6.231208	20.896814	-22.100742	4.619212	-19.488867	-5.061586	18.858761	-17.749721	-21.965904	11.426612	12.894776	4.047549	-2.815684	-18.886621	-7.410532	0.155587	-6.925046	-16.594929	-21.174047	14.402707	
13.018129	-19.128111	2.849476	-7.247672	-17.134730	6.751890	-6.260946	27.817633	24.537387	21.980712	25.105033	-10.416872	-6.931930	-17.639985	17.441508	7.904637	-3.826962	-17.902713	-8.515087	-11.830824	-23.408648	-3.320601	-19.103751	-19.564464	-14.442174	22.327542	4.060380	20.443604	-22.528038	-16.884961	27.087415	-15.567748	-2.133588	18.775533	-14.395566	19.124235	-16.594626	8.572784	1.369943	8.159057	20.471534	17.911185	-0.504348	-23.802169	4.023927	-8.103035	21.823988	-3.868663	-17.182073	-17.029538	
15.468233	4.441306	-2.068798	5.598196	-5.279223	18.514849	-16.310446	-24.795335	13.617809	8.044485	6.426822	-24.996190	8.289640	-0.477974	19.682563	-3.740330	8.082255	-18.383205	23.830469	22.716502	-4.721408	-13.465431	-6.397520	2.435337	-7.325859	4.594985	19.584148	15.381379	9.160423	12.184830	24.520899	-20.823308	3.163567	24.629239	-9.296628	13.569709	5.989638	-13.081007	-5.217260	8.472036	15.912939	4.725332	-21.385269	7.078007	1.760105	23.218998	-0.835943	15.972053	-3.146631	-5.003569	
-24.870725	3.224845	17.065871	17.278677	27.846450	-26.703856	22.931537	-1.807518	26.189487	-7.598037	-12.843298	17.478294	-23.931229	12.136249	4.274413	21.564514	4.689928	4.678704	19.803725	-11.973469	17.889338	3.152658	4.746617	17.121471	-13.834944	21.853870	-23.379115	0.893209	14.669861	2.375322	2.415356	-27.385510	-16.814132	-16.634604	-16.351133	-0.787109	23.733276	21.826223	6.903972	6.995849	13.838335	-17.433090	13.607940	27.472082	21.138602	-14.396695	17.453133	-17.686648	-26.397559	9.864854	
16.329080	-32.955843	-11.146365	29.563961	17.488602	-30.389427	27.652960	16.698520	-19.379818	17.838767	4.117357	-21.201170	3.913679	-31.045343	-10.962056	31.768838	10.241669	-30.604045	20.078484	17.325484	25.436894	2.509953	4.105209	30.037187	-21.751763	-28.306602	23.167683	-20.500838	19.557234	3.186427	27.457308	-30.375123	10.306715	25.626240	-18.886512	32.535507	8.237531	-31.589482	-33.641791	-25.176558	23.621458	12.457675	33.095755	-1.943010	-17.783225	-13.761459	-25.282972	30.933724	6.900870	-6.852986	
-2.940600	20.426843	-5.897019	-16.646552	2.066075	22.025857	-18.976736	14.165567	25.077373	26.632498	-13.145905	-25.192881	0.824101	24.177045	-24.535517	-24.822752	-19.960950	11.904235	0.238306	8.009554	16.971977	3.065138	0.753814	-2.377292	2.454830	-0.650516	-2.349868	-25.531019	11.561757	2.715284	-21.002500	3.589311	4.836642	-21.716850	12.587686	20.720864	-12.884986	10.094136	-21.321847	-19.519520	-14.070314	26.221363	15.914636	-17.831621	-11.265510	2.613367	4.699328	16.478669	7.803926	-18.322183	
25.519904	9.939707	-14.980583	-7.917989	-23.700616	-18.881624	-23.017040	1.256304	-5.758102	-6.806797	3.611620	3.336069	-16.760576	-13.695990	25.141166	-18.204194	14.014030	7.970787	20.310759	-24.607284	16.745007	20.342000	7.683368	13.282238	-24.942098	1.502793	-21.765738	23.533465	18.810864	13.260038	14.467747	3.043547	7.982748	-10.839368	-6.166010	24.171405	19.656091	-4.652432	0.625864	12.298758	25.980684	-18.295275	-12.981754	25.636285	-19.688867	-18.107276	4.986265	20.370880	-21.608486	6.081206	
16.615310	15.297520	-19.290863	-10.397372	-10.677880	-19.587312	-6.916853	-23.713655	20.611624	-10.541049	17.225826	12.549496	14.474077	-15.770219	-21.020621	-17.320078	-18.730729	-11.339629	20.452815	21.880424	1.086975	-11.385411	-21.983485	10.891141	-12.346146	-22.787022	21.759616	13.304145	-0.587469	-16.017235	12.994607	-21.835725	-8.484598	10.016164	-4.642984	-7.070721	-5.375930	8.713051	-5.078301	1.071786	11.514616	-2.749643	-17.845434	20.445324	5.699278	-23.697390	23.391622	-22.554029	-16.882489	14.878926	
-11.028171	14.679357	15.938501	-22.801766	4.704642	-11.964459	13.490443	-16.301423	-16.236286	21.237832	19.969606	7.441273	23.814005	5.179672	6.743055	23.517892	14.095109	10.970879	14.228673	21.943419	-9.549083	14.416582	-16.200826	-15.111464	1.081248	-8.913248	-1.676818	-6.803026	-20.246849	-8.705178	-24.122156	-7.184604	-9.847214	7.816495	5.454094	10.029363	-17.298082	0.454066	-10.156168	7.451006	2.280986	-8.060536	3.473194	24.441870	-1.413741	8.598120	-21.231933	-13.481981	1.814341	-12.833645	
28.313651	-14.680203	-9.193718	-22.993019	-26.142423	-3.279512	29.548370	30.839060	14.026630	11.776478	5.247543	-6.460111	-8.768323	-12.049112	11.977480	-2.955414	17.783029	11.031813	-30.460952	-13.604778	3.989372	21.175600	30.591406	17.445383	-18.927115	-6.326110	9.573084	25.791245	11.522989	-15.167030	27.092973	-0.985942	-21.045401	2.275408	15.312224	-11.816138	15.350921	7.679879	16.007309	16.318441	-20.868814	-2.249660	23.699820	-8.249696	23.840467	9.986543	15.179510	22.097162	22.487299	-21.483384	
-10.240768	-2.429982	11.564561	-11.071893	0.356191	-12.276348	18.989270	-14.028639	5.300301	15.175607	8.877599	15.700652	-3.958064	2.956790	4.653075	-14.968595	3.758793	10.603868	-4.533464	20.829742	2.531476	-16.820713	19.853308	2.092421	6.416283	18.900435	-18.507486	4.918137	-4.186294	1.661029	13.029242	20.707069	-10.474112	13.208009	-20.019753	-17.778165	-16.873788	11.149097	17.350797	16.526944	-17.417620	19.090611	-13.532914	-16.514240	3.840492	1.962143	12.399027	-2.403590	-0.970118	9.756768	
-15.920573	-2.490220	7.742252	19.896106	-3.817310	1.591082	7.806599	-10.448843	16.712908	-13.187929	-7.239122	-7.822119	-4.907869	18.846932	7.340272	7.275963	-0.402251	-12.200872	17.823596	13.893365	9.793592	6.491423	14.796766	-12.947334	-10.326760	-19.562547	-13.419423	-17.686685	-2.458850	0.864486	1.816990	4.300439	6.445474	5.372459	13.826774	15.140488	16.849000	-4.061941	-5.135956	14.792041	9.106578	-12.298801	-4.977846	18.384311	16.649091	19.166436	10.162129	4.543755	12.757306	-15.454692	
3.909684	-3.021500	-5.680026	-10.270614	15.597397	22.099754	-5.701660	-4.021349	12.427432	-14.263030	16.323217	16.417147	21.375047	22.203065	8.233602	15.954144	-1.983134	17.452008	-4.398328	-2.629274	-5.574727	-21.039875	-20.444639	2.243741	8.850050	5.967140	-4.283934	-3.226679	15.081032	18.126038	-8.800155	17.115684	-22.415424	-18.475997	16.549498	16.253862	3.452152	-3.598883	-11.512777	-18.488812	-18.399468	22.609234	-8.243412	4.616827	-15.717856	-16.939399	-18.431329	-3.916948	21.175290	14.503706	
15.433154	25.466794	-9.608436	-9.165911	-1.727079	-1.263046	-9.920781	-1.102319	19.227692	-19.974884	5.595361	-26.745084	18.450621	-28.510402	-0.559358	-20.496553	22.422192	11.691905	-23.315975	-17.377713	13.030506	12.190695	3.651299	-24.404818	23.522633	22.817830	0.143794	-7.870710	-21.690326	-1.511663	-28.871769	4.356477	18.614921	26.025058	28.329211	-26.249576	20.770534	-13.391725	-9.872664	-0.356230	9.029421	27.298355	-22.930815	23.346088	-28.930408	9.392473	-6.402527	-20.342646	23.886822	-16.362018	
23.455176	-20.162312	8.431735	15.617504	-15.208752	-9.572079	14.080098	-5.227129	-7.485705	4.509835	27.695167	23.336737	-18.616459	-22.227127	19.157841	-15.764721	7.670162	23.722151	11.907158	12.548735	-17.150532	17.315302	-18.456334	-1.222983	20.983925	9.304841	-17.882756	27.943261	20.843374	15.166697	-3.798368	-17.705837	3.798493	-1.610946	26.516356	-16.864653	-12.512579	-13.152307	0.633468	-27.425001	-24.735261	8.072119	12.044516	-25.811203	-5.645789	-20.012121	-2.183673	-15.289969	15.735358	-12.366129	
14.621422	12.414167	3.523152	12.739755	3.432909	-4.176802	15.853409	-4.418731	-18.106770	0.488195	3.875296	-13.250619	-3.562690	9.667349	-14.074441	-15.428056	-14.384857	-3.062144	-14.423414	8.351166	-9.979980	-7.046980	-1.111910	-3.399921	6.871626	-7.975595	-13.066026	8.539955	4.688024	3.545905	-17.155623	2.447335	-9.660167	-6.952162	13.613417	-4.293148	-12.454823	-3.765855	0.210767	14.608583	11.955971	5.472765	18.835559	-6.728773	-10.361824	7.315247	13.931376	-11.733336	15.048001	10.887094	
15.085692	-2.383824	-17.700115	23.334198	-22.597187	-13.276727	-22.979916	2.680087	14.635800	-19.476427	-10.695621	19.504316	-11.725898	23.159028	17.752225	-0.554847	22.727318	-13.401384	-12.536706	2.373598	-12.718672	23.227279	-22.075229	-12.495965	22.453718	-15.755881	18.136906	-15.927366	19.988491	-19.348616	5.831075	14.002719	24.109963	6.983653	7.245158	-23.648421	-0.889025	21.227028	18.734447	9.345994	-21.031819	-23.967472	4.296194	-17.986875	8.695090	-2.648045	-8.960247	21.151428	-23.094942	19.358835	
0.376181	-0.205609	23.032899	6.397504	-1.516586	-8.087022	-2.919228	11.847892	-12.030546	-26.687781	5.079940	-6.871047	-6.753628	4.495800	26.664387	1.511878	10.125391	3.010537	-25.601384	-6.567003	5.122226	-23.397935	4.034930	-8.483079	-18.763549	9.055037	12.152664	-2.672291	10.352817	3.793438	-24.272931	20.313800	4.315153	4.745670	-17.489860	10.499577	-4.335142	21.446214	-14.169256	25.513358	17.108966	15.798623	26.014482	-23.092085	24.666384	27.075261	21.649324	-9.373037	-4.886062	-14.563277	
-9.508877	17.038793	10.090267	12.471971	18.223020	5.608786	4.600960	15.384413	4.820601	1.517320	-2.110523	-8.420754	16.462835	-11.683103	-12.468597	-12.317212	-8.432898	6.009498	-19.917276	-18.896812	15.596455	-14.978624	5.628870	2.715186	-9.190417	13.427936	19.631924	15.871647	15.486159	11.434616	-15.016054	17.165487	13.749133	-4.567819	7.029834	17.311749	-18.603090	-11.720149	-3.326757	-17.798983	-7.841883	9.702932	-8.836266	-19.584793	14.627218	-1.126520	20.033701	-20.183170	-8.843464	12.660089	
-12.166540	23.535121	7.390189	-16.148604	-18.442697	-20.018823	0.899569	1.988803	-2.792629	-7.064786	-9.393919	-16.733825	-18.085835	1.988561	14.676918	-16.629003	-16.438605	-16.382762	-20.404229	-3.167409	6.375924	-23.138684	-9.030949	-9.213495	-14.589099	5.296345	-16.792535	-11.482281	27.509620	8.317051	25.959081	1.090624	10.153477	5.007835	-1.434889	-13.001461	-0.000163	27.324855	17.300130	0.378735	8.315132	-11.250100	-20.277987	9.224423	-1.077801	18.695717	-6.538782	12.288013	-10.211788	20.755908	
1.101073	10.400519	-8.290319	4.054628	2.843397	-20.684426	5.558256	0.598998	13.695767	-16.398367	19.840984	8.731082	18.446377	-3.980609	-21.583169	11.295846	8.427440	-14.915954	-15.762198	15.714871	7.773100	-5.932753	-21.542684	2.619503	14.631052	-21.643099	13.850792	-5.603503	19.610453	7.432173	-7.530139	-18.382778	-8.323274	-7.297251	4.403169	-7.119985	-3.552357	-11.406496	-4.630126	12.847466	-19.816051	7.659770	-11.939287	18.604600	-16.412599	-3.014712	13.410501	16.343432	12.764159	3.208679	
-14.021408	14.867216	16.796368	15.540679	-11.049344	-18.048893	-18.425166	-10.326601	9.340527	14.452255	8.065978	-18.108544	-5.753400	15.949805	6.221017	-6.707769	16.800446	4.443530	-10.422144	-13.226327	10.803992	19.594110	20.130301	5.726617	-9.216813	-13.063387	-20.399226	-9.405433	17.024504	-18.777078	8.248592	-13.856550	-6.055177	-14.412621	6.141232	-6.119619	-0.031073	19.595735	-15.754911	-11.048583	-20.978555	2.983466	-14.392446	-7.326219	13.010045	-14.100904	6.151382	2.897010	7.016789	1.677641	
-1.208977	-9.049020	-21.237304	-0.673430	-18.260440	-3.727043	4.960717	-8.277098	-14.248703	-18.785426	12.669552	21.845256	16.780018	-21.876015	-9.757962	8.736551	-14.483399	-16.354931	-17.131859	8.210208	5.802594	10.364202	11.750513	8.945957	-4.286403	14.882120	16.167869	-18.673183	0.377858	7.577981	-1.279454	-17.674179	-14.061695	15.696461	2.316912	-10.588837	15.431806	-8.910859	15.742061	-13.831770	3.788014	-12.903675	-10.984875	7.421914	9.421962	-19.997505	-20.378819	-6.015367	15.951021	11.509749	
9.656231	-0.106731	-9.111166	-10.853970	23.913061	23.477859	23.900240	-24.694050	17.001492	-5.148244	-0.960654	4.777520	-9.828133	-9.940019	13.958872	26.395661	5.212370	-0.850133	4.680764	-9.623990	8.267851	-6.927814	18.504706	14.287173	12.441746	-12.575961	13.066352	14.390749	-18.278839	-26.534551	-17.395791	-18.777910	12.384969	-10.611930	-3.236835	0.007602	-0.462116	3.149378	24.086263	-5.021625	7.336855	26.327410	21.263419	-19.685686	17.828018	-19.381248	18.862181	-5.516130	-4.481312	-10.909311	
-22.762623	-15.178042	15.329075	-19.851423	-9.088751	-12.930768	22.769304	-9.630297	14.131794	-7.846020	27.745306	-8.733400	-6.854548	21.105144	-0.280733	15.188558	-8.940962	8.593134	11.171185	-4.270386	12.073018	-20.609422	-3.114125	22.112715	4.677112	-25.483648	-5.208916	-14.673920	26.319638	-13.619649	-1.315214	1.423249	3.192198	9.692915	8.449406	-24.303889	24.992948	-8.991999	-0.920391	-11.910416	-0.946698	19.622597	-3.669672	7.018606	22.133948	19.111510	26.438682	2.264481	-17.227071	-14.203533	
23.611597	-1.363674	-10.749984	-19.054263	-7.197151	20.939613	9.254537	-0.472487	-2.944812	20.040323	-21.289435	16.661861	1.575881	-10.468472	-1.325136	-16.399580	-20.454851	17.305250	4.436857	7.313001	-15.129030	21.272535	-18.921530	-4.611234	-17.550769	1.407293	7.356223	15.252525	-22.042563	13.484174	-22.899902	-14.372517	-5.804603	12.274077	-18.415365	-7.897112	22.229664	20.255580	-7.008240	-19.812965	-14.973881	-6.198429	6.255755	5.529724	8.269102	5.712766	10.965413	10.889627	-1.841166	-0.830964	
16.430290	-12.967241	3.168689	18.798744	-8.560223	-10.299016	-12.945030	2.408116	8.139401	16.364849	21.410554	20.063477	-21.420145	2.404879	4.488979	-7.698213	1.622189	7.939150	-8.404599	-22.070500	21.117833	21.458675	9.490141	-0.276924	20.198065	-20.930722	15.559432	20.694172	-20.307568	-20.341400	13.402439	12.597284	-9.773572	19.816338	22.888796	0.833795	-12.161172	2.511405	21.139522	3.335744	-14.759327	-13.417504	-18.302250	-18.491039	20.536923	7.185223	-23.666098	-14.620002	-20.613442	-18.869210	
-17.286393	-5.921665	9.319901	1.753497	-14.376941	-11.834629	-12.011897	20.952311	-20.798876	10.513264	-19.606945	16.805955	6.420955	15.776714	-2.879540	6.547620	-10.324322	-6.073744	-11.906861	12.907604	15.892628	2.585593	14.686466	4.434852	14.231279	-4.266870	-20.268968	-2.785161	18.155574	7.742517	21.705069	-1.201754	-22.827368	10.541844	-8.117098	10.961115	-2.881332	-5.753374	4.516574	9.362094	-11.189676	13.885948	20.582777	-14.320627	-10.331750	-9.750302	10.752706	-4.726492	10.639110	9.409119	
8.950069	-21.400676	5.558118	-9.565498	10.023689	19.590200	13.367362	5.710366	-5.521728	6.216254	-19.323653	11.827910	-25.638674	-19.363808	-13.119697	-0.462497	16.405353	18.781094	-12.291599	18.325814	-2.082914	5.115413	-11.050812	-23.517968	-1.208420	-11.773249	21.766096	16.709599	21.636504	-12.390568	-25.932165	-17.352099	-25.385333	-4.944805	-8.194593	1.065088	15.903117	2.107911	17.787777	11.474272	5.550107	21.688801	-15.351634	16.097720	-13.214973	-15.379328	-8.345200	13.120887	18.422644	-5.167987	
14.911609	-19.372498	-12.271028	11.760317	-22.437346	6.102070	7.631087	-19.977658	-18.266131	-6.834259	20.526833	11.942674	-21.448113	-15.900261	4.133420	0.141109	-11.881261	-6.523669	-18.244543	20.630084	14.186820	-15.180784	-14.500553	13.658193	14.150627	-5.297007	-15.735494	-19.075459	-20.106749	12.319819	-14.015507	-3.439138	-5.867020	-11.986405	-20.994654	-10.177879	-6.509989	20.923695	2.860075	1.959577	20.961451	13.973334	22.392991	-17.088753	-6.759936	13.669668	8.819816	-10.671452	-4.510411	-9.150861	
-19.134290	-13.348926	10.443704	14.447501	17.851120	0.966707	-15.310905	-11.529332	-18.083512	-6.409506	8.281253	-1.587896	1.347841	11.408904	-3.386396	14.798822	-18.977925	7.894899	12.650961	5.147990	-13.794362	19.227287	-5.989238	-13.022600	13.562709	-16.122276	-21.204586	16.398064	-17.636389	0.954521	7.228420	-19.987442	-13.710890	16.407138	-17.899034	-7.072588	-5.402011	7.073311	-22.645473	-7.803758	6.839110	9.218786	9.449713	-17.909035	-9.568897	7.519651	-20.914030	-22.522693	-11.534049	15.181506	
25.844391	-15.322210	24.810909	-3.760382	4.575412	-16.256031	-14.771808	-1.147818	-25.380899	24.621481	-1.333715	13.494705	-1.372694	-25.116584	8.403819	-3.141536	-0.367854	-5.236467	15.227968	-14.211928	-13.082804	-13.724368	5.784602	-18.005971	-23.373436	12.637532	-3.148007	-9.342057	-9.873313	13.928055	-5.374680	-14.085287	9.936474	-11.434293	-4.510184	19.203885	16.255784	-5.429088	-17.617383	-1.680852	11.659570	0.654881	-2.010678	-14.208921	23.050305	14.685608	-9.480219	14.435466	-23.638360	-22.035041	
13.946939	-13.410391	-2.253361	9.106578	-20.943770	-17.044373	7.679118	-11.588239	-12.123425	16.211083	16.606291	16.025156	-20.779471	8.625324	1.853553	-21.700767	20.148158	1.896028	4.820593	12.044880	18.738158	9.237201	-10.779962	-10.735576	-2.572095	-4.586155	14.754303	5.532159	11.507656	2.022908	1.324957	21.969261	-14.362297	1.052640	-2.761435	-11.354909	11.250395	-20.767743	8.198506	-14.821054	-16.783200	6.688738	-4.398338	-9.338602	-11.903083	6.687110	10.853294	-8.276279	-9.820164	-10.781379	
-24.951288	-5.245185	21.237394	17.733332	-19.823567	7.924365	23.230914	19.952871	4.049093	-21.328029	15.365396	4.353102	3.781600	15.087170	-11.550531	15.005091	-15.251462	26.551350	-19.438840	-21.130688	23.910937	-19.393752	-25.112450	-9.763778	5.987892	-16.953168	-4.942463	13.151136	20.927579	8.332024	21.201356	-20.691332	18.853091	-19.795373	-19.811624	13.466969	-7.652344	-19.546824	-24.060757	-6.278938	-22.288988	8.861086	-9.955063	20.480257	21.526085	17.844506	18.727192	16.632365	0.199005	-26.127053	
-10.849418	10.092516	21.963561	22.113714	-3.801543	23.856420	3.627409	-8.377731	0.348754	-16.351676	16.095108	-5.859502	-14.440770	-10.885217	4.030245	8.202002	-0.438885	22.586452	-14.566743	-11.434507	-5.934936	23.600686	-17.714841	-13.519168	-19.103037	-11.678378	1.279256	2.823022	0.737809	-1.277013	2.541398	-9.749845	19.564520	0.922499	-14.051974	-7.623598	-6.813532	6.315869	17.491081	14.350590	-2.562880	-1.040328	-22.613873	-13.075811	2.927241	-8.329824	22.624586	-8.239766	21.072634	13.933927	
-17.227846	23.848722	-10.289413	0.145490	-6.384096	4.091344	5.809291	4.590351	-15.852331	4.866782	26.233674	1.690413	-7.691119	23.445268	-3.335920	-21.828146	14.272934	-21.467578	-25.827120	-13.825572	-23.661970	21.990918	2.799889	7.594877	16.946461	1.915291	-21.372421	-12.190470	-13.966753	-3.960448	-18.780194	12.498352	-17.256740	-6.973058	-4.688735	17.583051	-13.708198	-1.246116	25.189497	11.559184	-17.346573	8.327155	-0.738534	-2.313103	2.905770	-23.062845	-1.904007	17.211134	24.468044	-4.178337	
-1.804722	11.893940	6.210891	20.287021	11.847959	7.893131	-21.368251	0.225310	22.390786	-14.829004	8.563324	21.123021	-14.257793	-9.478896	-18.660506	-13.218946	20.390116	-15.748181	-19.394853	6.165631	13.345566	22.528908	20.765809	-15.347327	11.544726	-18.705899	16.769045	-4.739602	-2.864809	3.804867	12.434316	10.998599	-21.701947	20.139874	22.433720	-0.040179	12.939689	-1.798271	19.913613	20.916888	-18.320679	-9.529322	-19.841786	21.114963	-22.333284	5.023207	-7.237185	-12.762435	2.168436	-18.179194	
4.430224	0.433398	7.250350	-3.078428	19.885373	13.012201	7.392801	-19.351747	-17.440507	-18.999206	16.719906	-13.827872	-16.421420	-11.457095	12.962321	-6.822255	19.931635	-11.941021	13.763914	-2.408817	-19.868875	-18.802791	-18.799100	3.408368	13.047494	-3.009501	11.002636	-12.156402	2.990152	0.083547	6.462971	-13.437236	17.904664	-7.785736	16.280150	-8.373934	-3.819596	-13.941357	6.310441	19.093248	-20.432733	-18.569100	7.964054	-13.129787	-11.949238	-7.203824	7.032966	11.703167	-5.709622	-13.926158	
2.612594	14.740641	23.134026	6.775328	25.632124	17.953826	-29.112310	-6.982314	-27.657219	-12.584825	-1.552609	25.156068	12.884476	-8.636968	-7.881709	26.883981	-3.060581	0.377652	-2.729675	10.444765	-7.656066	9.993682	-1.301552	28.470736	-22.305891	21.361040	26.121242	-8.359849	8.961350	25.910264	-18.036880	-29.430639	5.907283	-26.647388	-1.895454	-7.681817	-20.046045	-3.535354	9.937251	-5.183273	-21.302088	-20.157812	-11.739373	-4.556091	-10.190138	15.985899	-22.577593	4.160782	-16.340776	15.955345	
18.760030	13.931223	0.950796	14.156347	15.447317	-3.775416	-4.596104	16.335984	-2.377284	-6.382486	16.841477	-15.905356	3.051652	-17.566384	18.311140	-9.161654	8.307435	-0.140824	16.770063	-8.229339	17.642169	-2.356554	-0.123701	13.431872	12.146396	-14.890072	-17.784098	-9.743413	-10.488914	12.420800	5.829441	6.073925	17.004092	16.761582	-7.397665	-12.121797	-11.216986	3.335505	-8.488801	-6.404902	8.895795	17.672551	14.602617	-13.526710	2.007094	-12.947045	9.632113	-2.942673	13.268543	16.061642	
11.420188	12.269704	16.412413	10.878939	-20.671326	-19.877917	-2.478926	9.140310	18.541482	-13.790476	15.415073	-8.533421	7.590232	-18.833499	-7.293879	6.750927	25.494646	-10.166703	22.713094	-15.351968	-14.518073	-2.720452	-9.527571	-20.717208	6.086646	5.040037	1.582395	8.004573	15.386995	5.256970	14.553828	1.195080	-8.859445	17.360273	-4.631757	-1.944861	24.981762	-16.080646	16.949021	12.685551	12.372141	1.548467	-25.990953	11.637655	-5.101807	6.590614	13.674020	4.326678	-2.147198	-20.154342	
-9.318717	20.087993	-23.821407	8.116825	8.072463	-7.231140	9.838562	21.327078	-21.155140	-7.084056	0.225121	19.407850	-18.715925	-17.500367	-16.419254	-9.283828	24.776158	18.337911	4.650044	-23.693648	1.430173	-26.680785	-24.803111	-7.729085	-21.750865	-9.566126	11.121400	17.765108	5.075854	12.097502	10.560166	4.161719	-4.954154	-1.708092	-9.471615	1.177412	7.001102	13.242661	13.857545	-3.648912	-24.998877	-19.050808	-12.191553	24.817329	-8.815785	19.308012	-4.535263	17.494596	14.938616	-23.723617	
-20.400274	-7.533478	-3.784263	-8.031370	16.518628	-12.785881	5.281996	20.506321	-16.641039	-5.254091	7.435619	-2.954314	-9.299880	24.210056	7.139204	-21.952807	19.517754	15.971313	2.710700	-17.528190	-23.814202	16.466983	13.855669	-13.390852	-1.632816	-20.411840	-14.485980	9.855246	8.170986	13.776823	-5.371778	24.254151	19.482878	7.852453	2.567541	-1.126566	6.645520	12.934301	11.354102	-10.797040	24.901333	16.087661	22.693775	-14.586301	-6.689648	4.178697	22.635287	-20.226577	5.319967	-16.883049	
-21.128456	-17.354641	15.409088	5.879885	-8.236161	-1.570485	15.424290	15.930326	18.411304	-1.296280	13.006258	4.649262	11.899480	11.008207	-21.114930	4.218919	-13.622024	10.316123	-1.185698	-4.875430	18.478262	-5.349606	-10.820247	-16.069347	18.029896	19.756595	-2.382406	-11.416045	-9.423927	15.984151	14.210515	5.173986	-13.806223	10.393648	-3.886799	8.940239	-10.309925	18.202574	-17.517875	-13.744745	-0.220856	3.440186	-18.368344	-21.303096	10.683496	7.163770	-20.127474	-17.230899	-21.697167	5.632834	
24.526433	2.925663	-19.587528	3.818656	-2.430531	5.525549	21.756368	-9.034399	-1.781178	12.530774	11.513808	-23.688555	22.501118	-7.041996	22.956803	20.447196	23.256814	5.559473	-2.283215	18.721645	-4.445823	14.881749	3.863967	2.260483	-8.488121	-11.670634	0.180345	-23.122557	20.327555	-8.184107	12.318853	-24.565782	22.780964	-18.941773	-20.066342	16.162675	6.537373	23.160610	23.622793	21.737452	22.532610	-22.058732	-14.859983	-22.607049	-20.273788	-10.974661	-15.148584	0.870002	-13.658590	-24.163440	
-11.792908	-21.437635	-8.216055	2.890120	7.826736	8.211031	23.379704	12.036075	-10.923724	-9.467448	13.910225	-19.826111	25.269911	-1.439636	-21.049018	7.445371	26.873227	21.930720	-1.955052	5.649613	-1.842359	-24.698998	14.861098	-9.264016	-18.712419	13.141731	-18.280110	-22.359957	21.994496	8.674606	14.079999	22.204449	21.942253	16.000087	0.889747	-24.732067	-10.809922	-4.404046	-14.852379	-7.905207	-12.374497	-8.555408	-12.627082	9.773018	-13.922884	-9.617120	-6.990903	-12.564825	7.784588	-14.578802	
2.182938	5.267323	-6.585125	19.394655	20.155151	21.684181	1.333229	-14.667163	-14.980945	16.861205	0.203827	-16.971462	18.869373	7.737407	-22.593382	13.104160	-4.053124	-2.115654	23.860224	2.429011	-17.490427	8.852558	-7.958824	-24.995761	-5.271960	-23.395096	-23.545861	-12.964316	22.698259	-17.564432	21.798007	-7.810718	9.523177	-22.341899	-17.752948	8.573763	4.524771	11.071658	-12.945510	-9.763703	-11.662237	-0.532051	24.608823	-24.936346	16.306556	20.629470	-13.334228	-2.135424	-23.416971	-0.530568	
27.227958	14.553678	-23.327407	2.309128	-21.810904	-23.257775	17.174904	-3.889160	-19.576406	-9.919281	-3.778040	24.435641	-3.947807	-22.090324	-21.295207	-2.403651	26.963109	5.009085	2.418697	-16.214147	-20.445609	10.962405	-25.803854	-23.050498	-16.333177	-5.107581	8.645658	17.629991	-19.124945	-18.489205	25.832045	-20.383936	-20.368256	12.321400	11.375085	10.071109	-20.453810	-19.333891	-8.548020	13.742633	13.164513	20.730147	26.054974	9.886985	17.759354	17.710143	18.882444	-19.687489	9.116150	21.170515	
19.586052	19.999414	10.409769	-15.561513	-10.045102	14.508201	-5.913696	-1.309327	16.583875	11.125632	4.271572	-19.625131	-6.603956	6.452860	-18.613230	-7.503281	19.409706	-14.702902	-14.727178	-14.869028	-1.345963	11.831251	1.724294	3.195002	-9.461266	6.801819	5.440374	12.475854	12.405681	-8.688338	17.875777	19.862924	-17.501909	4.150254	-18.290391	-17.433990	-6.191267	-12.068957	16.978229	-14.673279	-5.292924	-8.669996	20.062399	-16.333495	-11.795317	1.535986	-16.399168	-7.955823	21.945602	-6.338349	
-8.186111	8.468577	0.534669	2.454310	3.860351	5.792974	-3.457905	-9.886083	17.305445	-10.352490	0.855827	4.367828	17.571292	-13.555957	-4.216252	3.170906	0.305706	5.449698	15.206911	16.277362	-14.233030	-9.978445	-12.844726	20.898754	15.149650	0.625781	13.068547	-13.952055	11.625997	-9.535600	10.534051	-10.896664	-19.489982	14.723019	-19.775097	2.485769	2.923196	-6.297626	-19.291584	10.879091	12.730988	20.951965	-9.907057	20.761860	-9.132297	16.325528	-17.892295	8.277580	9.193814	-4.733658	
19.737893	1.508296	11.990490	1.452297	10.465701	11.039402	17.304819	-7.428565	-2.095012	1.092410	20.971207	17.942303	-6.820592	-10.069757	5.204484	-12.249232	-7.709270	9.662988	-13.992420	12.042042	-17.945022	-13.520712	7.354667	-16.986756	12.937043	0.199603	-2.660214	-7.518189	7.862896	3.115278	17.658349	8.344316	-14.292320	-14.988336	-7.008953	-4.370087	-1.857580	3.605698	11.379274	-0.456001	8.912810	-16.751033	7.350679	-2.438453	-14.919451	1.368202	-19.662659	0.724842	-16.264633	11.572651	
-12.794058	5.762388	-4.336266	13.366392	-10.391592	-19.957503	11.412187	1.336186	22.329123	0.200752	11.764930	25.327965	-21.428896	-9.157750	25.198662	1.003833	-17.823236	11.579220	-18.802466	17.171585	20.183582	7.916327	14.912427	-26.210175	23.134761	11.088130	-6.183065	12.370110	-17.115723	25.252153	22.849777	20.760389	0.435316	-9.816531	20.904471	-24.803030	10.789525	11.140348	13.498467	15.349305	18.229333	20.248160	20.490486	-23.218811	13.103211	-26.233646	5.561443	-9.257547	-13.521316	12.828348	
0.032490	0.008239	0.019661	0.013769	0.009464	0.036984	0.031537	0.023883	0.000471	0.013470	0.027138	0.022091	0.037311	0.005577	0.035931	0.030837	0.009346	0.006862	0.030876	0.031104	0.006255	0.021821	0.026929	0.006045	0.006224	0.024342	0.001765	0.032358	0.024226	0.030652	0.026710	0.022428	0.014805	0.024599	0.018246	0.000618	0.031982	0.004429	0.031273	0.021386	0.005098	0.009003	0.030780	0.019639	0.000353	0.038694	0.009294	0.034417	0.027771	0.020820	
0.037676	0.032304	0.011325	0.034995	0.018169	0.022037	0.035735	0.013772	0.011145	0.026445	0.041966	0.021417	0.010667	0.037054	0.016596	0.032183	0.032870	0.030651	0.006398	0.009783	0.004653	0.031634	0.002930	0.034766	0.010311	0.002316	0.006284	0.009636	0.000097	0.010768	0.011532	0.030795	0.004062	0.027202	0.008459	0.002674	0.015520	0.028990	0.010684	0.005165	0.035100	0.040963	0.026890	0.006197	0.022072	0.029893	0.016809	0.028229	0.021654	0.030529	
0.028299	0.019306	0.010415	0.024373	0.010347	0.009409	0.013392	0.010367	0.028667	0.033094	0.032688	0.027046	0.024916	0.016078	0.032902	0.030833	0.034965	0.025187	0.005099	0.021249	0.028691	0.010336	0.006353	0.008384	0.022078	0.005345	0.008550	0.010507	0.033456	0.027345	0.018297	0.026549	0.025665	0.007959	0.008040	0.029751	0.024771	0.021966	0.030389	0.000674	0.022702	0.031985	0.015849	0.001151	0.032491	0.024603	0.030387	0.020274	0.024237	0.002583	
0.020490	0.007133	0.027678	0.027214	0.029257	0.010018	0.013863	0.027224	0.031626	0.000148	0.005015	0.027750	0.023169	0.011139	0.032591	0.030400	0.031099	0.032649	0.022193	0.030206	0.015174	0.034782	0.031166	0.008088	0.004639	0.020652	0.030065	0.002541	0.005345	0.007400	0.026216	0.018685	0.023681	0.014860	0.029711	0.026491	0.031343	0.024471	0.027575	0.034443	0.013334	0.020332	0.002903	0.028772	0.008698	0.006389	0.018244	0.009783	0.011019	0.022335	
0.036898	0.042331	0.021059	0.028805	0.022729	0.029230	0.011944	0.019235	0.037244	0.005602	0.013716	0.034183	0.019139	0.011407	0.019538	0.015405	0.037159	0.029181	0.039425	0.022081	0.022151	0.036445	0.013858	0.016494	0.004480	0.013083	0.002244	0.042664	0.000503	0.008131	0.025283	0.005327	0.026930	0.016165	0.008422	0.026614	0.040432	0.007134	0.021157	0.020631	0.014287	0.006113	0.024097	0.010090	0.003245	0.041014	0.013172	0.010780	0.000135	0.022607	
0.019287	0.000945	0.021382	0.014546	0.015064	0.026272	0.020545	0.038628	0.009648	0.022220	0.009362	0.015153	0.041339	0.025582	0.013265	0.026651	0.012153	0.009602	0.028347	0.006958	0.015050	0.041100	0.031542	0.024873	0.021597	0.039666	0.003809	0.026324	0.011713	0.009881	0.001849	0.003202	0.001239	0.022876	0.039328	0.027535	0.008570	0.018278	0.027530	0.036347	0.001046	0.032980	0.029770	0.038856	0.037104	0.028776	0.006274	0.018315	0.011725	0.005894	
0.023217	0.010877	0.027834	0.013849	0.033067	0.017447	0.031846	0.013093	0.005440	0.004332	0.029872	0.029209	0.022011	0.029537	0.019693	0.034421	0.020823	0.021971	0.006911	0.021836	0.002198	0.007563	0.003444	0.033063	0.007319	0.017681	0.031112	0.028347	0.022394	0.013664	0.018254	0.025384	0.027255	0.031198	0.020443	0.026797	0.032288	0.034188	0.006469	0.013443	0.016683	0.017479	0.025887	0.009187	0.007694	0.031590	0.020104	0.001979	0.021866	0.027744	
0.018066	0.025082	0.027301	0.037305	0.035121	0.009789	0.020985	0.001016	0.033624	0.007341	0.014178	0.032857	0.000979	0.029079	0.004651	0.009000	0.014103	0.033222	0.024966	0.019139	0.037930	0.014610	0.014875	0.004577	0.028357	0.032458	0.020597	0.031149	0.035087	0.007126	0.030575	0.037271	0.017093	0.002331	0.034192	0.002916	0.008405	0.011302	0.003827	0.025153	0.032864	0.014101	0.024895	0.014533	0.007378	0.030344	0.033501	0.022183	0.016913	0.005654	
0.001783	0.014553	0.038802	0.012340	0.012762	0.028301	0.000705	0.000560	0.009613	0.025799	0.023769	0.021890	0.001460	0.014974	0.004536	0.003875	0.007948	0.032212	0.033550	0.018197	0.002062	0.000110	0.034494	0.029380	0.026706	0.001016	0.028667	0.038432	0.016425	0.038470	0.038145	0.012384	0.014532	0.024032	0.025470	0.031440	0.023696	0.024380	0.008552	0.002217	0.026130	0.031246	0.016664	0.017694	0.030325	0.021750	0.031142	0.023541	0.036965	0.036304	
0.012994	0.023275	0.025487	0.017137	0.027320	0.018604	0.006840	0.036958	0.010858	0.024126	0.024284	0.006944	0.020078	0.023399	0.004862	0.022902	0.025814	0.007126	0.036901	0.032399	0.012920	0.021015	0.015859	0.029348	0.002316	0.020498	0.013449	0.028607	0.035124	0.020669	0.025665	0.026959	0.019647	0.023394	0.013956	0.008456	0.010927	0.004573	0.011229	0.017227	0.005619	0.035058	0.034696	0.005661	0.028445	0.017631	0.032735	0.034321	0.014813	0.020875	
0.024842	0.027960	0.039973	0.007351	0.038810	0.002242	0.002447	0.011635	0.017838	0.001684	0.016403	0.020365	0.016305	0.035783	0.035481	0.010735	0.007257	0.017592	0.039075	0.019061	0.040185	0.024250	0.033486	0.033112	0.012934	0.034724	0.036340	0.038817	0.015183	0.037910	0.004880	0.005512	0.002645	0.033358	0.042528	0.009762	0.017720	0.013322	0.002269	0.008546	0.000016	0.011375	0.040487	0.001389	0.006074	0.000563	0.016287	0.024710	0.020134	0.038644	
0.030700	0.027755	0.001670	0.033534	0.036098	0.003801	0.020961	0.003968	0.032769	0.013190	0.034872	0.008720	0.010384	0.027622	0.006076	0.018902	0.020455	0.033118	0.027148	0.035784	0.028035	0.037373	0.008272	0.001257	0.006026	0.000938	0.032303	0.039004	0.032668	0.013092	0.036084	0.008891	0.005328	0.039679	0.000150	0.007593	0.010823	0.024667	0.035276	0.017465	0.022636	0.027932	0.025205	0.032949	0.023738	0.000532	0.014126	0.009765	0.028482	0.002182	
0.012921	0.024404	0.029152	0.008174	0.008568	0.035357	0.019265	0.018885	0.015962	0.010654	0.022738	0.037735	0.036674	0.010951	0.023041	0.029050	0.015522	0.018768	0.024403	0.031307	0.035767	0.013319	0.035325	0.003097	0.037585	0.003254	0.020138	0.006147	0.008039	0.022577	0.001670	0.013844	0.025302	0.001393	0.015491	0.011174	0.036714	0.035813	0.030681	0.032630	0.030850	0.006085	0.030630	0.033608	0.037798	0.015826	0.013829	0.006011	0.000453	0.001419	
0.014055	0.042984	0.041550	0.007338	0.008911	0.036308	0.010175	0.006534	0.015180	0.006021	0.015791	0.004967	0.041803	0.010300	0.008561	0.023969	0.011806	0.024492	0.029274	0.034859	0.036981	0.013333	0.035874	0.009257	0.018842	0.022257	0.023173	0.002270	0.032963	0.010226	0.021691	0.021494	0.023390	0.031380	0.022494	0.028995	0.007615	0.001928	0.041855	0.031075	0.010456	0.012347	0.005300	0.002905	0.023461	0.035108	0.022174	0.035658	0.019023	0.001594	
0.011537	0.029347	0.023883	0.001233	0.017919	0.009454	0.002007	0.027465	0.004236	0.021836	0.028196	0.029613	0.013779	0.029521	0.020466	0.014588	0.029624	0.029060	0.026854	0.012239	0.031343	0.028947	0.007778	0.026761	0.017840	0.022647	0.017254	0.030305	0.026066	0.023327	0.017050	0.000323	0.017529	0.022432	0.004935	0.026059	0.030409	0.024597	0.008674	0.032114	0.030986	0.031078	0.013622	0.016429	0.004815	0.024692	0.014504	0.022644	0.017778	0.024208	
0.029504	0.021682	0.020301	0.018693	0.034159	0.022071	0.010542	0.025154	0.038091	0.024816	0.006608	0.002008	0.013576	0.010947	0.011528	0.033704	0.025704	0.006829	0.035245	0.013230	0.022771	0.028475	0.013336	0.032027	0.036993	0.018351	0.008819	0.010896	0.034144	0.026277	0.004906	0.030823	0.028832	0.015295	0.020559	0.004165	0.012566	0.034848	0.025822	0.000741	0.002881	0.020082	0.008862	0.033033	0.007943	0.026640	0.009638	0.023802	0.017517	0.034564	
0.015118	0.029826	0.013772	0.008442	0.019023	0.032506	0.031625	0.021984	0.021671	0.000516	0.005739	0.013477	0.014689	0.023309	0.016423	0.027333	0.007587	0.037312	0.011774	0.004514	0.037162	0.023344	0.016962	0.032726	0.028737	0.036244	0.025213	0.027966	0.007885	0.030134	0.022045	0.020377	0.023341	0.034645	0.005770	0.004286	0.016753	0.016468	0.016013	0.028448	0.014974	0.017063	0.032129	0.004050	0.028218	0.016177	0.002099	0.035531	0.033275	0.005325	
0.035052	0.021335	0.012552	0.035729	0.011194	0.017342	0.016489	0.007164	0.021860	0.010811	0.037695	0.026613	0.019317	0.035787	0.029200	0.028372	0.030197	0.035885	0.002034	0.028782	0.005835	0.014880	0.034295	0.012709	0.029065	0.006095	0.034279	0.000511	0.017826	0.029690	0.025609	0.014334	0.014864	0.028267	0.003201	0.015540	0.001087	0.019574	0.025979	0.029193	0.001465	0.012117	0.025684	0.021861	0.000455	0.015611	0.029105	0.034291	0.019758	0.013408	
0.004334	0.016641	0.003625	0.009955	0.029826	0.032281	0.031143	0.029708	0.038782	0.039558	0.003661	0.021756	0.015460	0.017166	0.021544	0.022188	0.018433	0.006519	0.003860	0.036948	0.000601	0.010101	0.014924	0.020117	0.015171	0.027595	0.025416	0.018541	0.029930	0.038091	0.003135	0.011199	0.032852	0.012546	0.023037	0.034173	0.032069	0.026547	0.005369	0.011879	0.003563	0.012064	0.022068	0.026546	0.035234	0.018390	0.027414	0.020244	0.012230	0.025564	
0.030142	0.006798	0.026175	0.026522	0.024839	0.005765	0.011087	0.001101	0.008129	0.033035	0.018476	0.023339	0.028641	0.017218	0.025892	0.004854	0.021396	0.007706	0.006163	0.021560	0.031450	0.025267	0.020620	0.036975	0.036385	0.019353	0.008595	0.023444	0.034319	0.010613	0.010677	0.034563	0.014091	0.026480	0.027903	0.010096	0.038863	0.006554	0.028871	0.022118	0.017030	0.001465	0.000242	0.033393	0.026495	0.021057	0.012524	0.016111	0.016789	0.038820	
0.031155	0.029677	0.026286	0.011991	0.001521	0.001914	0.020787	0.007510	0.027045	0.028507	0.020289	0.027423	0.019338	0.027796	0.032643	0.020093	0.010427	0.002557	0.000531	0.022101	0.029272	0.003147	0.029964	0.014791	0.027140	0.026733	0.031427	0.030152	0.020674	0.019565	0.003801	0.031073	0.000609	0.012303	0.016822	0.001862	0.026051	0.012252	0.036372	0.011122	0.035458	0.022661	0.035702	0.008555	0.033506	0.028296	0.028027	0.024023	0.003355	0.025695	
0.013779	0.002675	0.033232	0.036138	0.036352	0.031642	0.041831	0.029657	0.039107	0.038816	0.031483	0.032018	0.015684	0.027465	0.029402	0.006582	0.006707	0.018469	0.006506	0.015575	0.013441	0.008337	0.006930	0.046042	0.005594	0.006210	0.010593	0.005439	0.014537	0.031105	0.032305	0.002901	0.004599	0.005663	0.000820	0.039906	0.026751	0.000475	0.008134	0.008107	0.001121	0.003916	0.036483	0.035083	0.033861	0.044819	0.033446	0.033894	0.005084	0.001285	
0.020293	0.030230	0.028731	0.005941	0.036285	0.028359	0.017601	0.037069	0.010983	0.010513	0.005954	0.020688	0.034558	0.024263	0.038604	0.040940	0.024823	0.004815	0.027731	0.006522	0.030768	0.022973	0.007321	0.006457	0.003790	0.022378	0.015067	0.022893	0.020806	0.018146	0.007781	0.033883	0.006888	0.036731	0.011276	0.005502	0.023610	0.012754	0.043031	0.013606	0.003203	0.006106	0.033173	0.022190	0.022297	0.012952	0.016272	0.009101	0.014215	0.039929	
0.012448	0.023523	0.018087	0.010459	0.016299	0.003700	0.001105	0.030518	0.030293	0.011971	0.018526	0.037591	0.021522	0.029006	0.008231	0.031031	0.027909	0.037692	0.032796	0.042041	0.019138	0.027149	0.026299	0.026418	0.004435	0.004294	0.011168	0.015105	0.016797	0.005617	0.009875	0.018043	0.015441	0.027142	0.006408	0.016969	0.007625	0.021714	0.038071	0.011607	0.029979	0.032502	0.010730	0.003940	0.019999	0.021103	0.035646	0.034655	0.018777	0.018608	
0.026838	0.030618	0.001836	0.000157	0.025741	0.033517	0.023666	0.023331	0.025317	0.036330	0.022635	0.017440	0.034739	0.013687	0.010718	0.022766	0.028891	0.029781	0.032670	0.036562	0.026343	0.012980	0.012185	0.022424	0.001981	0.009817	0.006940	0.036263	0.005602	0.002980	0.025453	0.016404	0.018481	0.019115	0.034677	0.002151	0.017144	0.029965	0.032954	0.023509	0.031436	0.020456	0.034963	0.006460	0.007313	0.014056	0.012868	0.019932	0.009713	0.008193	
0.033781	0.025526	0.005951	0.032655	0.011938	0.026862	0.011327	0.024647	0.004323	0.021305	0.030243	0.018773	0.023905	0.001376	0.006297	0.024773	0.015148	0.022906	0.004641	0.035563	0.030898	0.000398	0.033487	0.004828	0.023024	0.000171	0.017865	0.007893	0.001808	0.040532	0.023658	0.012018	0.000288	0.013130	0.040584	0.037765	0.019235	0.011022	0.032969	0.021482	0.027962	0.008736	0.033366	0.030832	0.026703	0.012320	0.015218	0.034064	0.016007	0.039797	
0.015978	0.021459	0.022880	0.013303	0.038049	0.015872	0.030371	0.005687	0.039270	0.000767	0.023413	0.030058	0.035216	0.025732	0.032058	0.020449	0.013600	0.023761	0.008615	0.028837	0.010503	0.010331	0.012300	0.004755	0.014846	0.006886	0.026946	0.030510	0.028689	0.030849	0.026874	0.028371	0.038605	0.016868	0.002104	0.000302	0.013146	0.026694	0.008022	0.017636	0.030777	0.014059	0.030725	0.017088	0.009557	0.023709	0.011621	0.009074	0.021937	0.030839	
0.027935	0.008877	0.003900	0.011441	0.021562	0.021707	0.003534	0.045222	0.002105	0.022139	0.008862	0.026306	0.024532	0.046448	0.001476	0.018627	0.011550	0.019610	0.009898	0.017343	0.009466	0.034313	0.021344	0.020483	0.034630	0.002959	0.018174	0.008792	0.022633	0.016926	0.045441	0.003098	0.009136	0.002284	0.015114	0.036234	0.002960	0.048920	0.026260	0.020418	0.037248	0.028052	0.046148	0.023569	0.003561	0.032077	0.020916	0.029308	0.020019	0.006440	
0.002685	0.005440	0.019562	0.009634	0.014233	0.012879	0.009407	0.014110	0.007171	0.033796	0.012179	0.004209	0.008436	0.029139	0.026110	0.034430	0.041693	0.031652	0.006255	0.032873	0.034880	0.027655	0.033753	0.017087	0.036968	0.003564	0.007902	0.036563	0.034524	0.021071	0.030908	0.037235	0.033548	0.030903	0.009336	0.007915	0.024580	0.010073	0.000305	0.034111	0.015412	0.008275	0.012004	0.017659	0.005201	0.038713	0.017695	0.035173	0.003556	0.017540	
0.028114	0.023696	0.023402	0.036485	0.031056	0.007068	0.029761	0.027884	0.027093	0.039258	0.033023	0.003288	0.006728	0.013784	0.022013	0.034628	0.011392	0.004113	0.014719	0.007107	0.038738	0.015466	0.029053	0.012695	0.027404	0.037275	0.002248	0.009503	0.026448	0.001138	0.038686	0.027351	0.030027	0.032600	0.001640	0.004981	0.012116	0.030896	0.034591	0.001851	0.001471	0.027801	0.017074	0.025924	0.002878	0.007557	0.035526	0.005045	0.026241	0.011162	
0.022351	0.024753	0.008502	0.026958	0.024245	0.024449	0.022803	0.028832	0.020473	0.026323	0.007450	0.014132	0.018631	0.031549	0.017093	0.019926	0.030954	0.020467	0.021166	0.033125	0.029502	0.028566	0.018837	0.016200	0.008356	0.030298	0.017103	0.029882	0.033543	0.032973	0.033503	0.013448	0.014565	0.026713	0.019291	0.005725	0.004970	0.032427	0.007260	0.010664	0.021350	0.024869	0.007162	0.019902	0.001283	0.007438	0.020848	0.002437	0.017538	0.019164	
0.003285	0.028701	0.036726	0.020025	0.000820	0.029655	0.017877	0.000639	0.019557	0.010204	0.018618	0.032856	0.005551	0.020784	0.017116	0.022131	0.030232	0.006147	0.021347	0.034776	0.037121	0.010806	0.033665	0.017604	0.031582	0.009255	0.008254	0.033899	0.032019	0.003348	0.004566	0.020795	0.004487	0.008071	0.017855	0.008747	0.034185	0.028282	0.034743	0.018389	0.025057	0.033518	0.005975	0.035290	0.011984	0.008277	0.035809	0.022808	0.035311	0.011253	
0.035271	0.000141	0.000858	0.012315	0.011650	0.011512	0.020171	0.034558	0.032429	0.033036	0.033669	0.020640	0.032439	0.011120	0.016906	0.023425	0.017190	0.020780	0.021610	0.022533	0.005593	0.023009	0.037132	0.007788	0.003033	0.021680	0.034963	0.031086	0.020763	0.020831	0.028429	0.039200	0.004288	0.003359	0.014350	0.024726	0.011398	0.021836	0.036194	0.010979	0.001772	0.003637	0.032600	0.013484	0.033794	0.028975	0.024762	0.000284	0.035522	0.012282	
0.028615	0.014934	0.033231	0.013917	0.026427	0.005408	0.023680	0.023105	0.032657	0.030615	0.001897	0.032597	0.014475	0.032380	0.004138	0.001558	0.036434	0.030357	0.027537	0.013636	0.033149	0.025373	0.003254	0.022122	0.012793	0.033796	0.028113	0.016187	0.017747	0.003901	0.023026	0.024154	0.034449	0.001467	0.024089	0.020344	0.008719	0.032579	0.019452	0.010691	0.007092	0.026816	0.036413	0.008290	0.010546	0.012637	0.023745	0.021799	0.015461	0.014198	
0.035470	0.020454	0.002423	0.013410	0.014159	0.027729	0.014007	0.026030	0.014226	0.010929	0.044704	0.040287	0.041132	0.014029	0.020592	0.028726	0.036418	0.002656	0.044648	0.006624	0.010533	0.015433	0.005847	0.002784	0.041073	0.001051	0.011665	0.011302	0.019414	0.027243	0.038624	0.041121	0.037086	0.000681	0.008298	0.041623	0.039392	0.010231	0.020948	0.030716	0.003139	0.033984	0.001433	0.000515	0.036012	0.036048	0.000153	0.003123	0.005695	0.006185	
0.020235	0.009522	0.032131	0.004644	0.001441	0.035279	0.009953	0.032432	0.020729	0.026294	0.015993	0.019814	0.030711	0.027520	0.029386	0.001737	0.027154	0.025520	0.016612	0.018731	0.040238	0.023345	0.031416	0.019651	0.003221	0.015655	0.004850	0.040929	0.009898	0.008063	0.024459	0.000562	0.029373	0.018490	0.040589	0.000118	0.026778	0.020438	0.025953	0.022121	0.001926	0.001491	0.039262	0.024450	0.029307	0.016912	0.013372	0.018221	0.010374	0.032700	
0.015976	0.007356	0.006048	0.011863	0.027788	0.039460	0.023953	0.013578	0.011242	0.018995	0.038453	0.005730	0.036601	0.007037	0.006742	0.014214	0.003713	0.038986	0.021579	0.015669	0.030162	0.037321	0.008374	0.021784	0.019111	0.040539	0.013579	0.004455	0.019127	0.024978	0.032511	0.010408	0.028159	0.004005	0.012181	0.015963	0.018755	0.020975	0.017768	0.016367	0.036516	0.033472	0.015203	0.032864	0.026120	0.023637	0.000135	0.036135	0.003950	0.030461	
0.007726	0.013066	0.026580	0.003448	0.041283	0.015830	0.018402	0.026622	0.033098	0.018263	0.011111	0.035326	0.011620	0.029836	0.024294	0.036860	0.022272	0.032973	0.024161	0.003202	0.019736	0.017986	0.010024	0.023353	0.025215	0.041172	0.020459	0.013519	0.025739	0.003686	0.014177	0.034166	0.004923	0.017672	0.009657	0.012075	0.005454	0.019713	0.032551	0.033315	0.014345	0.004544	0.033613	0.003120	0.030414	0.030261	0.038561	0.003982	0.009012	0.011581	
0.034020	0.016159	0.022611	0.031693	0.007752	0.031246	0.032088	0.019396	0.007230	0.030422	0.029433	0.006442	0.031487	0.018798	0.034940	0.024112	0.020965	0.014221	0.026793	0.027134	0.034596	0.013398	0.024499	0.030999	0.015801	0.022171	0.018381	0.018002	0.027524	0.031199	0.010615	0.006997	0.015758	0.032872	0.012071	0.004936	0.002326	0.006012	0.000216	0.009982	0.018530	0.017205	0.030733	0.009801	0.033738	0.029649	0.015311	0.003515	0.020895	0.015327	
0.033168	0.010775	0.029241	0.016839	0.009301	0.027987	0.027024	0.020359	0.035676	0.035076	0.005104	0.001501	0.002637	0.013325	0.012852	0.030578	0.029684	0.014619	0.010912	0.017497	0.015250	0.019872	0.000845	0.000706	0.006833	0.026280	0.029127	0.018195	0.030008	0.016324	0.035647	0.012536	0.019602	0.019410	0.024007	0.019007	0.027164	0.022171	0.025466	0.027631	0.023370	0.025121	0.018152	0.000173	0.030614	0.035433	0.019169	0.031243	0.021646	0.014845	
0.014583	0.026906	0.009793	0.013537	0.024702	0.018894	0.006523	0.027718	0.008861	0.022328	0.035932	0.036478	0.015760	0.025148	0.021681	0.018967	0.033635	0.034707	0.027235	0.005710	0.007520	0.030430	0.003879	0.014042	0.025598	0.020367	0.036917	0.015455	0.017002	0.036181	0.019901	0.009029	0.033786	0.003688	0.026375	0.004795	0.035932	0.004999	0.025343	0.005248	0.029302	0.034739	0.010403	0.022899	0.030101	0.015081	0.017342	0.022015	0.000487	0.012045	
0.019711	0.031601	0.031637	0.005458	0.034757	0.040909	0.017847	0.025331	0.008299	0.010621	0.029900	0.010439	0.026981	0.035347	0.010117	0.032018	0.006645	0.014163	0.036621	0.036468	0.009261	0.030319	0.029865	0.018638	0.012762	0.008640	0.008048	0.025362	0.014523	0.006345	0.026561	0.007336	0.008096	0.031802	0.012687	0.018108	0.015860	0.031316	0.011817	0.018294	0.016687	0.000309	0.001440	0.013077	0.042641	0.038690	0.000034	0.025852	0.031154	0.019605	
0.041630	0.038785	0.030147	0.012645	0.031512	0.006501	0.026766	0.030942	0.027598	0.037039	0.011039	0.042965	0.024838	0.037917	0.008898	0.025230	0.001217	0.039205	0.005086	0.000740	0.000915	0.021393	0.018239	0.032082	0.021904	0.035071	0.013554	0.019383	0.003059	0.003406	0.039201	0.026636	0.016123	0.012564	0.000409	0.007511	0.009852	0.042253	0.014530	0.022772	0.012400	0.011387	0.007485	0.008466	0.002303	0.031148	0.038166	0.005775	0.015874	0.025438	
0.030142	0.025414	0.019783	0.000695	0.040134	0.010352	0.000169	0.009623	0.021636	0.016540	0.020508	0.007720	0.012204	0.038767	0.043468	0.006918	0.026992	0.015628	0.026422	0.006699	0.026108	0.024493	0.000916	0.000926	0.010888	0.019381	0.042105	0.020164	0.029413	0.023165	0.017087	0.001217	0.032876	0.036384	0.037736	0.000971	0.034454	0.016578	0.020643	0.043446	0.005831	0.017622	0.012956	0.040268	0.002346	0.027080	0.022900	0.028931	0.006175	0.017125	
0.030623	0.036486	0.028633	0.044464	0.006649	0.008951	0.009328	0.020001	0.022705	0.009372	0.014248	0.026121	0.019493	0.039663	0.025994	0.016241	0.009986	0.008917	0.007303	0.005958	0.038202	0.029589	0.026243	0.009042	0.009079	0.024590	0.010195	0.004489	0.034640	0.008249	0.020672	0.012742	0.009617	0.033684	0.040881	0.011850	0.016603	0.037186	0.002701	0.021690	0.002497	0.019006	0.001392	0.011867	0.006138	0.033224	0.046052	0.013453	0.032002	0.041288	
0.017468	0.031021	0.020198	0.018744	0.033038	0.019646	0.023322	0.023164	0.032719	0.036766	0.007701	0.035968	0.024445	0.003223	0.019734	0.015376	0.015401	0.000944	0.003543	0.031372	0.020388	0.032305	0.019732	0.034962	0.007261	0.038044	0.036217	0.003174	0.038046	0.027838	0.006746	0.034372	0.015042	0.005614	0.031311	0.009086	0.014927	0.006190	0.000046	0.020492	0.033383	0.032811	0.006717	0.013560	0.011732	0.011308	0.026454	0.027303	0.008253	0.012893	
0.010250	0.033490	0.018944	0.023524	0.007418	0.030859	0.026940	0.025259	0.007481	0.021694	0.029324	0.028323	0.009022	0.026989	0.035034	0.007065	0.010740	0.014725	0.018743	0.034543	0.034682	0.004643	0.031307	0.015399	0.008366	0.011271	0.029374	0.031141	0.012528	0.026201	0.001501	0.013546	0.037658	0.013975	0.001898	0.031623	0.000378	0.013014	0.006788	0.029640	0.009225	0.024944	0.030918	0.012375	0.036280	0.008609	0.031414	0.012985	0.037605	0.020341	
0.014186	0.037034	0.009410	0.039509	0.014566	0.015652	0.031650	0.000033	0.002777	0.016757	0.022879	0.031059	0.006430	0.023594	0.036244	0.024099	0.018887	0.038361	0.003758	0.035537	0.005609	0.027421	0.024353	0.007703	0.012528	0.030980	0.037026	0.010633	0.007948	0.008214	0.026588	0.036886	0.000191	0.021392	0.027152	0.001658	0.034540	0.006432	0.007243	0.024508	0.026372	0.039174	0.026785	0.030085	0.027442	0.032970	0.011626	0.012210	0.004244	0.007664	
0.036851	0.013528	0.008333	0.012669	0.016506	0.000705	0.007718	0.031081	0.024602	0.002197	0.034372	0.027849	0.028557	0.021573	0.039016	0.003857	0.022894	0.019774	0.039389	0.022473	0.037098	0.010381	0.030763	0.033969	0.000381	0.003106	0.016958	0.018131	0.020535	0.039367	0.035630	0.009919	0.012045	0.019322	0.017052	0.006194	0.031309	0.006992	0.009733	0.002099	0.035593	0.023292	0.016567	0.018626	0.008219	0.039598	0.015168	0.023646	0.018245	0.026115	
0.024208	0.021146	0.027642	0.041064	0.001681	0.015132	0.027464	0.014066	0.024753	0.002409	0.007863	0.011904	0.034845	0.010960	0.034587	0.011434	0.027207	0.011339	0.017534	0.034764	0.008824	0.007470	0.012835	0.033695	0.000476	0.026349	0.042101	0.033563	0.018256	0.003921	0.004816	0.007051	0.008967	0.022773	0.024269	0.034175	0.012215	0.010958	0.034713	0.024657	0.030991	0.026684	0.029717	0.003486	0.019666	0.022059	0.027102	0.016041	0.015742	0.034429	
0.022006	0.015731	0.033348	0.011754	0.007801	0.039692	0.032397	0.002854	0.000443	0.036638	0.026722	0.003485	0.019629	0.034861	0.025034	0.027606	0.030216	0.008470	0.005018	0.021300	0.030324	0.004544	0.028793	0.036055	0.024355	0.037718	0.022681	0.008059	0.013480	0.004087	0.010642	0.020346	0.007908	0.001638	0.037040	0.021861	0.025590	0.020538	0.014789	0.026160	0.000173	0.041496	0.028305	0.023213	0.016243	0.036399	0.032397	0.001267	0.010242	0.008656	
0.034487	0.025050	0.021502	0.025786	0.016476	0.002809	0.003075	0.023464	0.004048	0.014213	0.026109	0.032110	0.029161	0.019856	0.017962	0.028302	0.019352	0.002442	0.011400	0.003246	0.028015	0.032814	0.031450	0.010935	0.001612	0.028134	0.034982	0.015834	0.021731	0.016019	0.027032	0.035939	0.015835	0.028966	0.031361	0.033522	0.035340	0.008802	0.034102	0.030993	0.012680	0.001289	0.029118	0.010267	0.024826	0.026456	0.000386	0.021815	0.001012	0.007883	
0.005833	0.038020	0.017570	0.000711	0.005161	0.005370	0.007693	0.008411	0.019070	0.007292	0.006786	0.003968	0.025105	0.016518	0.016568	0.001647	0.013722	0.038878	0.025439	0.037879	0.038559	0.036053	0.010178	0.010005	0.011462	0.007563	0.023375	0.001934	0.021572	0.016785	0.022072	0.034210	0.016910	0.029351	0.032224	0.035286	0.015569	0.038748	0.029429	0.033063	0.018781	0.004727	0.026821	0.013635	0.025754	0.036428	0.019236	0.029631	0.035413	0.023587	
0.021250	0.017852	0.012123	0.003135	0.031490	0.008976	0.008565	0.036936	0.007008	0.001009	0.014489	0.013152	0.039287	0.032918	0.028098	0.030326	0.027738	0.019621	0.020059	0.002373	0.041199	0.035862	0.029659	0.015155	0.020896	0.007122	0.008892	0.000582	0.034728	0.002751	0.040422	0.006797	0.018111	0.040661	0.007494	0.041596	0.030163	0.005793	0.038397	0.001765	0.003450	0.017712	0.024826	0.026547	0.023665	0.036898	0.004371	0.040788	0.013742	0.003551	
0.037993	0.013535	0.036587	0.036221	0.034480	0.016582	0.034394	0.034735	0.003270	0.002010	0.004031	0.034673	0.008612	0.030138	0.024000	0.000584	0.026848	0.000081	0.032312	0.021367	0.025158	0.020826	0.031294	0.034635	0.017378	0.026274	0.001019	0.037454	0.027732	0.016290	0.013871	0.002188	0.011138	0.036552	0.021760	0.007377	0.003570	0.013041	0.011428	0.021098	0.017152	0.005184	0.033270	0.036683	0.007248	0.031274	0.013597	0.005891	0.006624	0.030542	
0.031091	0.009143	0.010506	0.004402	0.036337	0.040386	0.006415	0.001945	0.023177	0.001106	0.019096	0.017050	0.023125	0.039769	0.006650	0.035325	0.010552	0.034093	0.034006	0.026984	0.012374	0.011584	0.014982	0.019752	0.002286	0.041584	0.010345	0.007568	0.007922	0.042028	0.028558	0.002496	0.038224	0.016817	0.006952	0.029897	0.006289	0.037193	0.039499	0.030353	0.018709	0.040489	0.008203	0.010820	0.034254	0.001176	0.006283	0.024064	0.007659	0.030483	
0.018600	0.019621	0.027514	0.015892	0.008021	0.036126	0.018843	0.016799	0.032337	0.037599	0.031595	0.032182	0.001948	0.038090	0.031148	0.001708	0.009902	0.032265	0.025395	0.007456	0.004080	0.015639	0.020247	0.033841	0.015616	0.028827	0.013972	0.029949	0.004052	0.020236	0.011863	0.029627	0.028426	0.010286	0.005648	0.021209	0.006045	0.002266	0.006524	0.032908	0.008360	0.003862	0.037496	0.025760	0.013531	0.022518	0.029091	0.033959	0.003893	0.037230	
0.032104	0.010250	0.033186	0.009879	0.017164	0.006501	0.010469	0.000769	0.036663	0.024104	0.034515	0.010309	0.032656	0.002433	0.000815	0.024654	0.028863	0.012388	0.022811	0.019228	0.026084	0.023583	0.036474	0.036467	0.034828	0.030359	0.005803	0.027000	0.016393	0.033057	0.031705	0.022971	0.031501	0.029687	0.015063	0.006755	0.007666	0.019746	0.003398	0.019972	0.013277	0.003272	0.021736	0.030279	0.032647	0.001287	0.037427	0.011746	0.006157	0.013899	
0.001039	0.006206	0.023861	0.024133	0.001255	0.033435	0.022267	0.020326	0.005890	0.006573	0.021413	0.018841	0.004247	0.029368	0.012605	0.006548	0.016827	0.027127	0.018594	0.040350	0.001629	0.027720	0.031156	0.028306	0.017320	0.028988	0.007608	0.039182	0.015226	0.034564	0.015026	0.024262	0.012381	0.021912	0.014329	0.025250	0.029567	0.028515	0.003845	0.033214	0.009295	0.031281	0.021392	0.012979	0.033556	0.020683	0.035805	0.002991	0.013324	0.037789	
0.032247	0.007467	0.037995	0.013220	0.031195	0.011203	0.019270	0.018904	0.033539	0.002703	0.038140	0.008933	0.033304	0.004683	0.036641	0.024070	0.006984	0.012629	0.027404	0.012376	0.006634	0.028708	0.026372	0.016287	0.011306	0.004016	0.008674	0.034680	0.002256	0.038204	0.005357	0.011354	0.016922	0.013667	0.036635	0.003610	0.029632	0.012627	0.032699	0.002632	0.024917	0.033675	0.022281	0.028177	0.020499	0.035707	0.013491	0.022845	0.005799	0.037428	
0.033991	0.001222	0.000069	0.013781	0.022961	0.030048	0.028740	0.030896	0.023398	0.037978	0.025965	0.039544	0.020414	0.012062	0.026094	0.003478	0.016525	0.009355	0.021454	0.008053	0.014166	0.001830	0.006985	0.021478	0.028869	0.011125	0.004024	0.018657	0.040249	0.024091	0.020436	0.032255	0.036092	0.015622	0.033548	0.018490	0.013517	0.020015	0.001429	0.018579	0.011541	0.019230	0.017944	0.012712	0.032602	0.001238	0.020340	0.038128	0.036740	0.022039	
0.007343	0.031384	0.031445	0.003102	0.031282	0.019123	0.034846	0.037365	0.024242	0.012625	0.010699	0.030453	0.007260	0.019457	0.020273	0.012423	0.034035	0.026126	0.008178	0.009361	0.024848	0.017043	0.025524	0.023901	0.000128	0.009807	0.023690	0.009668	0.006439	0.014500	0.023247	0.025305	0.008557	0.026747	0.017179	0.032221	0.030939	0.036909	0.012082	0.035286	0.031442	0.029116	0.003420	0.011522	0.031574	0.007159	0.028997	0.026379	0.010878	0.004471	
0.041419	0.031098	0.015928	0.026299	0.010201	0.013306	0.013520	0.020470	0.038559	0.018208	0.013985	0.000875	0.016796	0.015188	0.031765	0.041760	0.025661	0.025432	0.018140	0.035588	0.016377	0.011970	0.018870	0.007199	0.037179	0.014144	0.034721	0.033773	0.021742	0.001919	0.044807	0.010751	0.004682	0.002435	0.001800	0.007985	0.011494	0.044060	0.006831	0.009725	0.020622	0.011484	0.015243	0.027181	0.026242	0.002800	0.017711	0.039691	0.003611	0.038752	
0.022022	0.022479	0.012334	0.018506	0.034130	0.002121	0.002163	0.031346	0.021215	0.035265	0.006420	0.005527	0.026277	0.022037	0.001200	0.007828	0.034472	0.030663	0.033264	0.026151	0.033711	0.020708	0.018797	0.030995	0.032403	0.036796	0.022153	0.015704	0.009520	0.024489	0.001500	0.009056	0.003341	0.021726	0.011696	0.037229	0.006166	0.009823	0.011407	0.030590	0.030854	0.008907	0.029907	0.002510	0.012333	0.038427	0.010074	0.032601	0.037506	0.013650	
0.030151	0.026941	0.013351	0.031541	0.022052	0.021208	0.005141	0.027253	0.037692	0.013000	0.030403	0.004571	0.018855	0.026592	0.015747	0.025237	0.017706	0.038380	0.009044	0.001285	0.026041	0.009079	0.011647	0.026030	0.021023	0.002853	0.021854	0.033157	0.023893	0.020309	0.012807	0.003600	0.012535	0.003846	0.006902	0.010470	0.036514	0.008052	0.032990	0.033978	0.025706	0.020427	0.024900	0.035524	0.009955	0.027577	0.011841	0.032843	0.013195	0.024301	
0.033500	0.032553	0.007820	0.031997	0.008012	0.027587	0.030902	0.029095	0.031771	0.021058	0.019253	0.010644	0.015232	0.032656	0.015849	0.001952	0.027587	0.027304	0.001723	0.006283	0.022826	0.023945	0.012283	0.034358	0.024077	0.018589	0.013555	0.018498	0.014743	0.023635	0.000335	0.018429	0.027325	0.037792	0.036715	0.027261	0.037046	0.000885	0.011971	0.001929	0.002440	0.004286	0.021026	0.005573	0.023090	0.034505	0.033647	0.035976	0.005963	0.014518	
0.021924	0.009388	0.026585	0.006773	0.003760	0.011635	0.037254	0.015005	0.033082	0.041457	0.029212	0.030827	0.011852	0.027352	0.023646	0.006854	0.027926	0.012126	0.001506	0.018318	0.036911	0.035811	0.000051	0.004778	0.033352	0.005979	0.024338	0.020050	0.019396	0.018792	0.041602	0.011806	0.015764	0.033618	0.041389	0.015269	0.004914	0.041941	0.031605	0.013632	0.040648	0.025623	0.033051	0.004650	0.009807	0.003223	0.012196	0.001422	0.012413	0.009489	
0.017761	0.036327	0.005106	0.001940	0.035862	0.024972	0.034338	0.007959	0.012762	0.029409	0.016429	0.034857	0.016150	0.003602	0.030277	0.036595	0.024624	0.006836	0.031262	0.032406	0.000364	0.008085	0.036575	0.025534	0.012695	0.012322	0.023778	0.024955	0.020788	0.019681	0.018094	0.028254	0.015550	0.022695	0.019478	0.008600	0.015475	0.006381	0.000373	0.024987	0.033547	0.010028	0.032817	0.019746	0.033417	0.036727	0.009847	0.003760	0.020044	0.015931	
0.022311	0.009665	0.007780	0.001502	0.002394	0.002208	0.022921	0.023229	0.029762	0.006329	0.009633	0.029245	0.021578	0.017685	0.019502	0.029700	0.036734	0.011125	0.020313	0.037064	0.033106	0.004925	0.007616	0.015630	0.037811	0.023852	0.025598	0.035470	0.026832	0.010173	0.011996	0.000719	0.003804	0.007612	0.016903	0.028052	0.026412	0.031718	0.030316	0.015073	0.026363	0.024752	0.012518	0.034149	0.030037	0.018230	0.014850	0.023740	0.023456	0.037604	
0.006721	0.020154	0.031650	0.020627	0.013440	0.021379	0.035127	0.001078	0.005389	0.030494	0.023333	0.015559	0.025311	0.016496	0.022497	0.004185	0.022724	0.035068	0.024078	0.035179	0.009452	0.017155	0.034188	0.008980	0.000305	0.020299	0.025246	0.035472	0.027113	0.027313	0.023211	0.024383	0.032777	0.006383	0.019958	0.001059	0.016275	0.016792	0.019938	0.032134	0.030392	0.019750	0.003017	0.027045	0.011761	0.035904	0.007265	0.004820	0.016946	0.034176	
0.032715	0.016506	0.026641	0.032086	0.023054	0.026741	0.009289	0.011100	0.021748	0.029161	0.003028	0.021517	0.021898	0.016436	0.017064	0.021636	0.018283	0.010483	0.003258	0.017982	0.019004	0.019173	0.039348	0.022210	0.016217	0.035220	0.031101	0.021368	0.017914	0.013455	0.004875	0.021569	0.040024	0.009272	0.031662	0.015432	0.029624	0.008683	0.021653	0.023714	0.012789	0.008742	0.037582	0.024077	0.000714	0.000884	0.038549	0.012536	0.004876	0.037103	
0.014824	0.011096	0.034429	0.023883	0.002195	0.019488	0.031086	0.001347	0.011932	0.031553	0.023174	0.035402	0.036059	0.026702	0.032891	0.015807	0.017656	0.019210	0.002237	0.032444	0.001983	0.034553	0.019991	0.034294	0.024580	0.027432	0.019939	0.031815	0.024841	0.024584	0.036564	0.001972	0.033997	0.003207	0.033641	0.005408	0.008194	0.000363	0.024941	0.003778	0.007031	0.031811	0.006280	0.031046	0.026153	0.028005	0.004646	0.004854	0.032068	0.008611	
0.041510	0.008124	0.020913	0.002500	0.013589	0.014810	0.034227	0.034231	0.013927	0.005482	0.043385	0.016767	0.003367	0.015932	0.008091	0.026881	0.039475	0.004163	0.019035	0.004364	0.004552	0.003277	0.042636	0.036699	0.042687	0.004311	0.005120	0.021831	0.033004	0.020524	0.016953	0.031102	0.007783	0.018502	0.002089	0.037734	0.043092	0.004255	0.039707	0.044541	0.017001	0.006743	0.041228	0.026810	0.010520	0.018692	0.005382	0.036023	0.005760	0.000666	
0.009038	0.020097	0.030836	0.003917	0.024131	0.022717	0.016060	0.036684	0.003281	0.008429	0.010335	0.028818	0.011680	0.023596	0.021577	0.026730	0.028626	0.004686	0.024572	0.044052	0.044596	0.032935	0.017450	0.004938	0.024608	0.021457	0.036015	0.011855	0.035569	0.016336	0.031330	0.037498	0.025462	0.001889	0.009200	0.031650	0.002172	0.010406	0.005138	0.030003	0.021840	0.024338	0.016119	0.004505	0.018864	0.008548	0.009683	0.018644	0.018735	0.028358	
0.029887	0.008551	0.028297	0.006127	0.008582	0.010465	0.007616	0.003967	0.034673	0.020434	0.020184	0.017576	0.034530	0.002785	0.033897	0.006441	0.002340	0.030486	0.000982	0.015471	0.008474	0.035377	0.004495	0.029275	0.007898	0.021689	0.034771	0.033435	0.021983	0.038258	0.031129	0.017448	0.029655	0.014756	0.014280	0.029529	0.030846	0.033346	0.036987	0.032161	0.013551	0.011476	0.037481	0.024277	0.002916	0.029409	0.004949	0.014032	0.028968	0.003857	
0.002439	0.004557	0.035316	0.028484	0.040442	0.006142	0.020750	0.041189	0.002944	0.032389	0.027810	0.024273	0.010604	0.009583	0.028326	0.035796	0.007477	0.001418	0.019255	0.024588	0.023115	0.005041	0.034806	0.032785	0.029267	0.024404	0.002614	0.004995	0.002132	0.021189	0.009480	0.015179	0.005067	0.034201	0.025614	0.009329	0.026399	0.023200	0.007686	0.038813	0.042395	0.020014	0.016636	0.001126	0.040921	0.033188	0.025104	0.003433	0.005321	0.032761	
0.008192	0.019001	0.019088	0.022656	0.034461	0.026244	0.031223	0.033057	0.029854	0.016165	0.033835	0.023119	0.021680	0.002745	0.015054	0.029496	0.012517	0.035553	0.010810	0.032273	0.021823	0.023535	0.018298	0.005351	0.000090	0.020957	0.028701	0.034577	0.005074	0.026715	0.016077	0.032312	0.029007	0.001557	0.013954	0.001682	0.025147	0.006405	0.015857	0.020219	0.032850	0.022728	0.014338	0.027332	0.035092	0.001631	0.011252	0.007768	0.011186	0.031459	
0.011269	0.031705	0.035563	0.023631	0.018224	0.022225	0.012831	0.034430	0.012782	0.013288	0.018577	0.039326	0.019165	0.026538	0.019346	0.022174	0.022549	0.039002	0.005219	0.000839	0.037403	0.012093	0.020972	0.009201	0.003869	0.028724	0.007275	0.007938	0.016335	0.033651	0.003573	0.029089	0.032014	0.016775	0.018888	0.036529	0.022596	0.019292	0.024654	0.035561	0.002703	0.022878	0.007412	0.010628	0.000006	0.028408	0.032121	0.006231	0.015207	0.029288	
0.024078	0.041912	0.038316	0.014936	0.012940	0.039079	0.005063	0.004640	0.002809	0.040771	0.035670	0.007093	0.034715	0.007958	0.012767	0.005944	0.040467	0.017507	0.032336	0.003153	0.008980	0.025855	0.031647	0.004231	0.039944	0.023897	0.012765	0.014526	0.009048	0.010686	0.005069	0.026988	0.005018	0.031560	0.010052	0.018384	0.032789	0.016887	0.036654	0.000706	0.015430	0.009475	0.035414	0.016936	0.026981	0.000135	0.026540	0.043346	0.018911	0.018992	
0.001435	0.012000	0.026001	0.026032	0.028414	0.015013	0.038346	0.006327	0.001971	0.029262	0.036500	0.031589	0.016012	0.004712	0.020010	0.005446	0.025718	0.017051	0.003357	0.006464	0.023992	0.012871	0.029953	0.018591	0.024568	0.016126	0.035187	0.031080	0.029438	0.009699	0.032601	0.027955	0.036651	0.009200	0.027774	0.027255	0.022287	0.028855	0.029547	0.008228	0.022339	0.002141	0.003127	0.014746	0.019952	0.026674	0.006866	0.037357	0.032792	0.000490	
0.014040	0.003344	0.038877	0.003942	0.002602	0.011797	0.022485	0.000353	0.029183	0.019531	0.031051	0.019130	0.011828	0.038959	0.040663	0.033689	0.020852	0.025099	0.007528	0.018287	0.034485	0.002137	0.014719	0.038224	0.001803	0.007219	0.014238	0.044001	0.031473	0.043107	0.010445	0.013582	0.010855	0.023594	0.012160	0.026988	0.016827	0.036700	0.003770	0.033885	0.009772	0.003620	0.019947	0.010556	0.002010	0.034981	0.042990	0.004444	0.023651	0.034579	
0.022104	0.014709	0.018438	0.008298	0.010356	0.025396	0.022621	0.021701	0.010919	0.037438	0.026300	0.037136	0.033189	0.008186	0.030586	0.002571	0.026757	0.001833	0.024362	0.006826	0.015824	0.003949	0.016580	0.007931	0.022450	0.038306	0.037900	0.011392	0.032477	0.021292	0.038751	0.012603	0.023914	0.021669	0.004576	0.015085	0.026843	0.010000	0.018510	0.023946	0.036221	0.030982	0.029376	0.003928	0.023901	0.018071	0.012179	0.006048	0.034570	0.011000	
0.006492	0.008368	0.035778	0.005846	0.036545	0.029122	0.027550	0.004276	0.035707	0.025323	0.014177	0.006224	0.011448	0.039135	0.034274	0.000461	0.033169	0.039542	0.008358	0.008652	0.005987	0.027719	0.041876	0.020494	0.028473	0.029780	0.020959	0.024267	0.014902	0.008352	0.033676	0.016062	0.009387	0.029481	0.014334	0.003899	0.044027	0.028907	0.014404	0.008973	0.012131	0.029507	0.012760	0.012391	0.008832	0.002752	0.026856	0.028410	0.011742	0.018213	
0.032031	0.030814	0.001168	0.006854	0.028750	0.027321	0.031935	0.002574	0.011280	0.036958	0.023298	0.000882	0.009360	0.020579	0.026295	0.011082	0.017789	0.001768	0.013717	0.007821	0.014573	0.016264	0.036730	0.037542	0.021693	0.021238	0.004659	0.017758	0.020940	0.035892	0.029776	0.033366	0.002829	0.003162	0.014041	0.024486	0.037387	0.017481	0.007265	0.034041	0.039076	0.029413	0.014108	0.002296	0.031984	0.035022	0.025860	0.002663	0.009641	0.036538	
0.033090	0.021247	0.008439	0.005026	0.037729	0.028701	0.014484	0.023951	0.037769	0.020736	0.007225	0.001764	0.003728	0.025346	0.021333	0.005081	0.035047	0.027842	0.024597	0.009591	0.022310	0.031382	0.002505	0.025575	0.029946	0.036032	0.031272	0.008157	0.016367	0.023470	0.014352	0.013141	0.017876	0.001554	0.014468	0.024209	0.004102	0.031162	0.034212	0.037485	0.025919	0.020305	0.035306	0.031083	0.001124	0.008258	0.005747	0.024755	0.012397	0.022800	
0.016404	0.002191	0.025686	0.011154	0.024289	0.009985	0.028058	0.014199	0.009777	0.022796	0.018468	0.036088	0.014689	0.007617	0.024031	0.019390	0.016128	0.035023	0.012589	0.000964	0.038000	0.007935	0.018009	0.031964	0.007185	0.028848	0.012178	0.036009	0.021596	0.017635	0.005989	0.008822	0.025864	0.036764	0.031909	0.021536	0.034140	0.026977	0.005848	0.026207	0.034919	0.024912	0.004287	0.009414	0.002136	0.023431	0.036958	0.007725	0.033830	0.029445	
0.028527	0.000905	0.008103	0.040086	0.013634	0.011307	0.001893	0.009874	0.002969	0.029750	0.036057	0.011504	0.019976	0.016201	0.037973	0.012608	0.000596	0.001708	0.007828	0.028416	0.014302	0.016479	0.011291	0.012513	0.039831	0.026768	0.041217	0.024714	0.039469	0.006873	0.003944	0.013592	0.033347	0.032117	0.039438	0.032464	0.036401	0.030351	0.040740	0.021794	0.012648	0.031423	0.012277	0.001790	0.036310	0.024285	0.004313	0.007439	0.027311	0.004645	
0.021565	0.039130	0.001619	0.019742	0.013453	0.001145	0.036779	0.017627	0.014361	0.019738	0.002985	0.001781	0.023728	0.028402	0.019813	0.030141	0.031679	0.008777	0.012584	0.011321	0.001436	0.033884	0.003480	0.023343	0.032578	0.033413	0.018612	0.037885	0.026131	0.010801	0.016406	0.008465	0.007922	0.021357	0.017936	0.023238	0.021322	0.016495	0.021595	0.037935	0.010006	0.035857	0.024181	0.027275	0.014769	0.034272	0.001005	0.037778	0.018658	0.025595	
0.025799	0.010488	0.009409	0.040843	0.004758	0.022144	0.022347	0.035658	0.013433	0.008639	0.015916	0.012140	0.020381	0.036204	0.007899	0.030799	0.034600	0.023824	0.005718	0.024629	0.014274	0.022659	0.035100	0.004859	0.040506	0.002045	0.020468	0.013493	0.013577	0.013462	0.030119	0.025810	0.019590	0.003564	0.028555	0.040294	0.014954	0.024174	0.029372	0.021168	0.034839	0.023018	0.023776	0.008087	0.008496	0.026304	0.021794	0.009223	0.008287	0.012506	
0.018113	0.007010	0.002065	0.034857	0.009169	0.019634	0.020195	0.032213	0.035240	0.029020	0.039659	0.020119	0.022560	0.031470	0.023730	0.021374	0.039834	0.038040	0.034092	0.000347	0.012081	0.013555	0.039169	0.018635	0.018255	0.003173	0.002847	0.021534	0.003679	0.027653	0.015050	0.001181	0.004037	0.002620	0.023534	0.018771	0.025942	0.031231	0.027319	0.021540	0.015184	0.021107	0.033831	0.017101	0.011176	0.038893	0.011899	0.008728	0.001501	0.030031	
0.033304	0.025396	0.039954	0.021335	0.006018	0.006710	0.023501	0.008407	0.032660	0.031295	0.018238	0.018846	0.003315	0.022758	0.037454	0.012705	0.038299	0.027910	0.021572	0.009503	0.035422	0.026127	0.019831	0.009955	0.036182	0.025828	0.020214	0.000513	0.017301	0.035936	0.028237	0.014982	0.012279	0.002896	0.019289	0.016238	0.025439	0.000807	0.030382	0.014139	0.038259	0.001860	0.015741	0.002543	0.015600	0.034236	0.000088	0.023484	0.029628	0.007384	
0.029613	0.000025	0.010347	0.033232	0.005345	0.016306	0.034306	0.024182	0.005858	0.002511	0.012605	0.031353	0.031843	0.028566	0.011107	0.035516	0.030668	0.024346	0.020349	0.035227	0.037189	0.006687	0.019651	0.015777	0.034875	0.014974	0.018575	0.003764	0.020856	0.021252	0.027511	0.018168	0.000223	0.028336	0.032468	0.012923	0.021158	0.023711	0.003069	0.019999	0.010679	0.005967	0.030037	0.010151	0.000538	0.011517	0.022046	0.038954	0.028731	0.036908	
0.031649	0.015936	0.003066	0.037689	0.037047	0.034200	0.028292	0.018495	0.020299	0.023902	0.033850	0.026368	0.002467	0.032601	0.025663	0.009937	0.005516	0.029013	0.013915	0.021671	0.000800	0.020845	0.012760	0.014422	0.019790	0.029180	0.037411	0.007591	0.003191	0.038424	0.029662	0.014164	0.020752	0.038761	0.006414	0.004583	0.025497	0.014812	0.010118	0.019808	0.000235	0.032051	0.016391	0.010868	0.010281	0.019178	0.030661	0.034827	0.010010	0.014936	
0.010857	0.016001	0.024973	0.025245	0.010922	0.008132	0.012196	0.003964	0.024231	0.020418	0.010055	0.010101	0.018167	0.035423	0.013070	0.005199	0.005534	0.036069	0.036239	0.003756	0.031002	0.039608	0.025137	0.036487	0.005929	0.021379	0.030205	0.015513	0.009050	0.031022	0.030371	0.028394	0.010810	0.027150	0.039319	0.021838	0.008259	0.007041	0.023308	0.005256	0.012983	0.026689	0.008136	0.028909	0.019645	0.024966	0.033830	0.038746	0.012898	0.015567	
0.018611	0.027338	0.020029	0.012360	0.004181	0.035753	0.013171	0.020453	0.015995	0.025931	0.034332	0.008235	0.010889	0.013164	0.008935	0.030808	0.030279	0.022297	0.024525	0.019047	0.032561	0.006405	0.030536	0.022339	0.029791	0.027304	0.020685	0.028002	0.020845	0.011096	0.004169	0.007331	0.021059	0.012932	0.028312	0.002403	0.000372	0.017724	0.017362	0.021091	0.025748	0.028055	0.036396	0.020126	0.006394	0.032109	0.021937	0.033474	0.013183	0.023930	
0.019924	0.020821	0.013771	0.032276	0.033902	0.011664	0.029125	0.004734	0.027878	0.023245	0.029669	0.031534	0.028056	0.029280	0.012816	0.000704	0.019069	0.021720	0.032719	0.028137	0.027503	0.019223	0.009259	0.025040	0.015110	0.027440	0.013691	0.009533	0.009626	0.000047	0.019427	0.028633	0.025311	0.021232	0.019940	0.003370	0.028430	0.033485	0.003253	0.005914	0.027455	0.014426	0.028398	0.022962	0.008280	0.027630	0.006792	0.026261	0.007435	0.033847	
0.010925	0.010879	0.018515	0.000868	0.016282	0.017014	0.018155	0.028033	0.034914	0.034197	0.026790	0.011532	0.017245	0.031817	0.010601	0.022292	0.020352	0.017915	0.032511	0.025382	0.001893	0.016209	0.025309	0.020832	0.025069	0.015652	0.027320	0.014958	0.019621	0.031888	0.023852	0.024441	0.005540	0.026543	0.014003	0.026281	0.017947	0.020122	0.022260	0.014197	0.007213	0.012928	0.016346	0.030706	0.034281	0.035902	0.031736	0.020032	0.001064	0.009633	
0.032448	0.028167	0.010783	0.036522	0.030796	0.016361	0.003210	0.000905	0.020181	0.038289	0.006605	0.032737	0.005064	0.012461	0.026842	0.020020	0.012598	0.026589	0.028097	0.034872	0.014276	0.013971	0.015307	0.016007	0.023005	0.012253	0.030640	0.014606	0.031999	0.022445	0.027459	0.021544	0.015925	0.033650	0.028860	0.036096	0.028277	0.000694	0.016181	0.026579	0.024319	0.013291	0.007866	0.003331	0.000218	0.019185	0.022143	0.026659	0.004624	0.025042	
0.017081	0.037219	0.039208	0.039968	0.015567	0.014458	0.036481	0.000021	0.032084	0.001665	0.031791	0.004861	0.039846	0.013697	0.005397	0.027589	0.028621	0.040616	0.042902	0.023902	0.007380	0.023342	0.012954	0.003193	0.036619	0.014200	0.022433	0.022397	0.014946	0.035019	0.016661	0.015916	0.005755	0.002353	0.016110	0.007961	0.001935	0.005588	0.002246	0.017326	0.008422	0.042710	0.020565	0.022830	0.032784	0.029007	0.029902	0.004579	0.030525	0.001369	
0.035999	0.012720	0.037201	0.025472	0.001324	0.017998	0.002324	0.029618	0.015973	0.010432	0.025929	0.016700	0.013395	0.000771	0.014089	0.004341	0.031309	0.037514	0.020779	0.041521	0.000031	0.006158	0.028002	0.023197	0.024484	0.034426	0.038049	0.029224	0.030338	0.020910	0.019849	0.026068	0.039240	0.007578	0.003500	0.006845	0.007359	0.016098	0.038634	0.022558	0.020636	0.025964	0.027757	0.002391	0.001942	0.023900	0.002649	0.041642	0.023347	0.011817	
0.82
