50
2
-14.913451	-8.148576	-17.267126	17.511067	-18.385762	3.933067	6.585635	16.785019	7.981644	-6.628713	-15.140810	-1.049005	-7.333963	2.174346	-6.446126	-6.670699	18.219741	11.282315	18.567753	-15.982422	-1.564249	13.939307	-0.792221	11.675992	-18.112177	3.891160	-16.061368	1.679602	-17.130532	9.117835	0.114754	-17.211193	-18.139956	12.406717	-4.725092	-18.728155	-17.084696	12.265056	17.806189	0.998928	-12.875314	-0.918586	-0.468761	-13.249171	-10.455427	-7.456440	-8.548818	-3.932031	7.915819	12.622541	
11.998744	-21.275340	-2.153175	0.373553	6.658383	-7.138438	-7.949731	-2.382143	6.925577	16.487459	-27.512537	-19.832893	-26.460273	7.813982	27.443130	10.386363	-3.001769	-17.944204	-3.213614	-26.682544	-3.922971	-24.714383	20.294777	-14.348847	15.066602	15.001024	19.510208	23.515263	18.103560	-22.807464	-3.798567	-24.767874	-20.022733	-3.466631	-19.812550	-4.103633	16.099489	-23.792418	-0.338948	-5.457063	0.576841	-12.474560	-3.641081	-4.214783	25.817602	22.233991	12.718629	-14.910012	20.969835	3.265320	
16.485889	-1.307343	-21.526649	2.104994	15.709790	-19.469424	-21.440711	13.465231	23.728470	-21.353646	10.597281	14.409255	16.866658	-17.509846	11.853413	-15.285069	-23.462743	19.963065	-23.239387	-11.288408	-12.456828	6.807235	-13.695458	-11.688992	7.799474	-7.522945	-13.294763	1.257698	8.873383	-6.185082	6.542239	-22.949084	-12.915297	3.077704	1.039622	-12.361499	7.923571	-11.096681	21.200244	10.197320	-15.928839	8.344702	21.058160	14.030864	-24.678859	-3.229001	-15.491481	19.644546	-6.839057	-3.142206	
-2.944196	-10.089750	-11.355540	5.013280	-10.552753	11.838026	-23.262629	23.029303	15.353302	-1.606853	3.812164	-22.284057	0.017071	21.207321	-14.674240	19.857903	17.508573	16.174312	-24.541437	5.010528	0.198653	-7.145471	-3.910871	13.768898	-12.833444	-2.790312	9.730093	-1.237287	11.780924	-16.194939	-21.823765	3.718051	13.123666	-8.589049	0.651556	-16.283147	16.574433	6.385080	21.078754	9.430507	-21.235445	7.175417	-20.873262	-22.693753	12.330266	-9.808147	2.956065	-5.444294	24.938262	-1.623922	
10.760367	11.854930	13.507874	11.411828	9.784652	-14.289144	-6.085216	-6.412396	-12.386362	-4.141025	-9.796802	-4.659411	-16.792922	-7.620277	-0.045203	15.718632	-3.811893	16.934082	15.169985	-14.854505	-4.001773	8.437673	-19.354788	-16.323137	1.421334	-11.423664	-19.218149	-20.662562	3.436546	-9.894237	1.776190	-18.274362	14.778139	-12.849380	15.305193	-7.669993	-8.825753	-9.249820	1.316451	18.919799	-11.246533	10.588919	16.563452	-20.797755	-10.740166	7.765822	9.580213	1.979634	8.043242	17.527694	
18.441102	9.001025	2.756264	-24.581577	20.306043	-5.832382	24.245078	10.240566	-23.450310	-3.572454	22.921742	-23.727010	0.864514	-8.259032	26.580968	-21.565457	22.967125	-5.100313	-3.209318	-8.615624	1.331235	13.744315	17.268334	1.810874	-1.564376	-2.260149	-29.821102	7.445459	20.946758	-7.238744	-19.545006	10.169152	25.777903	-13.081053	-1.237870	-9.640358	21.668687	-28.302075	11.257769	27.950046	-5.910132	-18.931282	-9.269751	18.192380	-5.063298	1.203404	-4.147173	9.505664	11.671076	-17.180654	
-18.241298	11.895947	3.536403	13.947901	-13.718071	-12.331092	18.892264	-0.633319	13.121900	-9.314212	22.078267	14.408023	21.500387	-22.557657	7.248539	-4.556725	8.035268	-16.325954	-13.189957	0.962381	-19.967781	-14.877500	-22.881023	14.502958	-5.700394	17.576199	19.126875	13.933953	18.707401	12.012800	-22.726774	-9.602811	-22.233667	-20.507924	-1.809895	-4.000838	8.646137	-16.692911	-11.046181	3.388059	7.781404	6.252063	4.223975	13.303620	-9.973863	7.114007	-5.321135	7.739153	-7.020361	8.472725	
-13.572928	21.570339	-5.120325	8.699162	-13.763164	13.261201	0.191294	26.828877	-14.899489	6.757901	-20.245373	24.328341	5.588566	-17.945141	-10.672415	15.662781	-12.965887	-7.786115	-4.804139	-16.119290	-22.710334	26.604692	25.013428	-21.743857	-23.381282	-15.571259	19.930202	-7.169849	-26.055521	9.862192	-13.296883	-6.714741	-5.449648	-21.087623	-9.222404	-2.201056	-22.280625	17.567287	20.553751	6.124048	-0.991305	16.123563	-13.815993	8.011072	-11.904914	-24.174493	-17.369455	-1.339779	-6.582959	14.871689	
-26.721954	13.150952	10.291863	-12.311478	0.216150	-17.815869	-1.029825	-9.495200	-7.601555	17.356490	11.677924	6.404773	-24.606546	27.962070	4.757366	-12.980210	4.529183	26.507618	-4.408613	-22.422872	-5.303972	15.235918	20.060047	-18.423569	-8.916162	26.678495	19.784501	-4.157300	5.316400	19.337568	-14.734921	-11.399015	-19.878911	25.075144	-2.812180	-20.720951	-14.233818	26.022391	-23.921275	20.769251	-25.493213	-10.378987	-6.544933	11.937040	-7.855816	21.721701	21.869480	-2.463009	-23.118005	-25.242153	
-25.303342	18.849136	14.812651	-17.217727	5.491694	16.667168	4.861977	-8.311214	-10.126771	-25.816066	24.829199	-26.232129	-17.278840	-18.863231	8.623162	-8.714458	-15.512670	-1.707302	-26.114412	-20.310846	8.923806	-23.977110	-26.290375	12.437009	-10.083497	25.708003	-17.329525	0.596106	-9.591871	8.385663	-23.230946	-5.703156	-23.965913	16.129589	9.517640	-9.262350	-3.993819	-0.776367	0.228786	16.931988	26.698551	-9.971656	-9.733992	-20.023864	12.926725	16.681654	-5.889490	-7.577554	-15.492838	-10.135590	
11.087462	0.201519	-6.178636	11.335440	-2.281768	-7.647921	3.828069	-5.854791	5.620508	3.215707	12.181216	1.467696	12.823336	-5.160835	-1.451515	-17.154449	6.892736	16.599169	-3.431350	-15.148789	20.084209	8.190891	-10.616388	-10.548883	19.350045	-11.477638	2.837196	20.625669	-10.753104	-0.928590	-3.531933	-2.951605	-3.673433	-17.201109	14.286953	-8.543779	1.540880	-8.320931	0.846847	-0.010216	-5.624706	-16.447700	9.783594	-13.437501	18.038406	3.245025	-10.016905	-6.375569	3.131049	12.521744	
-9.067406	-1.973507	11.007727	-3.185609	11.593684	-12.720574	1.885708	-9.100674	-8.646290	-4.605125	-16.371466	-12.660193	-4.705765	4.930217	-15.410545	-8.606602	15.191164	8.564132	12.110888	9.972648	9.039589	5.938853	-6.259291	16.646090	-16.163263	-10.994206	-17.787433	4.571005	9.677618	-17.341097	0.787529	6.615818	-18.876601	-1.891014	8.012161	-16.777784	-2.803145	4.969487	12.618104	13.366476	17.153764	12.452568	-10.352391	-9.771523	4.792742	17.966140	-18.592167	-3.492001	-9.471198	2.156540	
8.753915	5.531675	-15.508470	-0.889938	16.718119	13.914721	1.410371	0.793354	-2.439308	-13.855493	6.057159	4.784313	12.429010	-8.954570	-3.376532	-2.899028	-11.570940	9.458114	1.456262	0.652116	14.906228	9.760661	-11.174032	-6.418143	-3.689978	4.245732	7.734807	-9.164764	-0.554852	-12.141143	-12.526838	-3.504944	-3.426643	12.373126	-19.842118	-2.568613	16.175444	1.832636	-12.590121	7.859031	4.324178	-14.944503	-17.811294	-7.882913	11.478306	-7.055096	18.418485	7.497619	-7.909547	-6.785630	
14.945268	14.756146	10.338428	-14.399240	14.157050	10.050921	18.655277	21.061280	22.775574	5.353916	4.595419	12.995645	14.889328	24.603571	13.710989	14.005476	-7.088541	24.966819	12.240979	1.959641	11.916840	-22.968227	8.917892	-18.229846	-5.142874	15.621152	-0.774013	6.042722	22.583977	-10.023605	-13.846784	-17.286097	-16.853061	-22.114405	3.617034	20.740199	20.968641	-24.457389	-12.982599	9.884129	-10.902250	2.913499	-10.980528	5.718428	16.535489	-0.808903	8.563065	-6.380521	11.986382	-17.397057	
-22.178425	1.796828	-12.569450	11.171356	-14.802293	-19.606239	-23.029480	-3.546921	2.199293	14.181967	11.573425	11.869471	10.549507	21.627733	7.267437	5.438674	-20.149621	-10.249314	-2.287735	1.139752	10.941024	-6.294563	22.282988	21.371602	-14.137148	-6.681457	16.858689	-4.856306	24.480237	24.287352	17.664850	-24.999419	4.133190	23.532216	18.056454	19.165660	-1.540301	-10.670786	3.898997	3.838822	13.346618	15.215916	-24.388910	-2.079931	8.280866	-22.896209	-12.445756	18.479124	-11.499653	-8.444568	
7.830082	-13.628680	11.625383	-12.121219	-5.584608	-5.072642	-18.724997	-16.048214	21.145800	22.877857	-13.304965	-23.497193	5.448009	-20.330579	-21.005673	-24.237069	-6.836078	-0.469211	-15.748999	-3.728539	0.148041	2.198465	-23.735232	23.070515	-1.374137	-13.862209	18.143953	-15.128202	-5.234243	-3.718131	-2.183077	-9.224779	-1.818196	-9.568950	-24.349908	-1.015208	-9.879569	20.828613	-5.402344	-5.233639	-23.593364	-15.475086	-1.058628	5.487612	21.554977	-17.034835	-16.989179	22.380600	-4.636391	-3.131738	
-3.771944	10.705202	-2.839391	10.482162	21.843816	-2.149676	16.863425	19.334123	12.241304	22.696289	13.744007	20.790529	-1.724375	-6.212835	-2.554859	15.377201	6.851373	21.062430	-6.846109	-6.677204	17.979120	-4.801142	-22.548354	-13.496874	-3.472923	11.488056	21.478917	-20.155887	-11.285269	-6.060822	-19.837232	7.362038	-7.669307	3.734049	-8.527066	-11.493125	14.546627	18.760068	3.477783	-5.035189	-7.764607	-4.073411	16.471669	9.364141	-3.577891	-7.553690	-19.039928	4.873751	20.390395	16.154366	
-15.243032	-15.866177	-8.315638	-14.711811	19.728671	19.948945	-21.315781	-16.026488	-14.477680	9.001144	-16.352347	-1.281928	20.417921	0.675274	14.311070	15.357095	8.948853	-16.097694	12.034177	2.091961	-18.030735	14.789631	-9.350222	-8.958343	-3.038226	6.336217	-0.014077	-8.226949	19.692030	-12.550972	-6.255727	17.132634	19.630490	-2.910326	15.770758	19.963383	19.461697	-16.505870	-9.242917	21.312976	5.468238	19.192108	-20.269125	-10.250297	-21.925935	-6.724110	14.897465	-9.179122	16.893978	-20.570666	
7.514848	-5.203954	-4.263215	-22.426648	-23.054710	-1.469055	-27.976111	-2.418187	14.989301	-22.568030	10.243194	22.589284	26.050413	-19.460164	-8.782682	14.190177	-26.296723	-18.764122	-1.144954	9.274299	19.433954	5.968063	27.078685	4.200639	12.251856	14.570256	5.639146	24.120684	-24.675649	-21.987977	12.929070	16.234933	14.989688	-13.401777	-5.189326	10.499359	24.552571	18.701412	0.906179	25.328995	23.191154	12.012276	-13.485359	21.154506	23.060470	13.766837	-18.480989	6.094614	-16.852578	-0.110259	
-7.654058	6.144236	14.915517	-3.633144	11.684667	-17.304944	11.163221	16.635062	21.423161	-5.180491	3.696818	15.569045	-20.113384	19.095255	-4.251726	20.821805	-8.103077	-8.348489	20.463445	12.244457	22.976617	12.502956	-5.562273	6.254342	5.244905	21.422038	-15.862983	-9.456017	0.112798	10.944549	-9.499096	22.152989	-9.601266	17.686301	21.326553	8.651813	22.809529	-7.598623	-3.274360	-16.424744	-12.052050	-21.913512	4.795771	-14.067900	12.425167	-10.212222	-14.422938	0.638708	-3.145773	-19.886233	
-0.219847	24.989828	-21.842481	7.363755	4.363290	7.644258	22.926455	-19.947051	7.532074	18.734307	-1.572764	-17.299034	9.211866	11.444046	1.843715	-5.828385	19.286201	-13.008034	-8.194885	-8.162430	-18.047439	-15.492858	-3.835560	-7.197523	2.144941	14.604864	14.175354	17.596147	12.879041	1.372151	-23.321769	-13.081101	13.553118	6.599181	13.563266	15.996605	14.056275	-1.108722	-22.937525	-13.427106	4.184099	5.661362	-1.125727	24.600141	25.699871	19.235583	7.029506	-10.707170	14.320105	-24.519883	
-25.283506	8.943105	7.763210	-2.022322	-1.516863	-23.676092	-1.443791	-4.459851	0.072937	6.203489	14.575245	-11.082917	-21.348411	-11.687412	10.097318	15.993661	17.921204	17.369599	4.437323	1.825219	0.156973	-26.481959	24.304194	3.416274	4.237739	0.475449	-8.632070	-26.633017	-1.775817	-18.868275	25.610038	-12.789585	-1.066155	22.454206	10.015826	-15.198387	0.435324	-4.205631	-21.922356	7.237664	-5.716882	-21.246796	5.403073	-25.300356	4.958406	-12.789604	4.448379	25.109488	17.897450	-4.953672	
-15.922108	18.382730	-12.862974	-6.809618	13.931735	20.525602	-18.878152	-7.275607	-11.480373	-7.763300	-10.726935	16.842382	-8.608159	19.130295	-15.414818	3.420324	11.817169	1.019120	-15.460344	4.609192	-3.554680	-17.087845	17.313831	-17.752703	16.739686	-16.889593	-0.982369	3.413196	-15.194659	7.760257	-5.659276	-2.582750	-15.295861	17.454503	14.585730	17.739151	-1.634050	-0.430048	-18.352855	-3.130420	18.640865	7.284732	2.757865	-0.538569	-12.842892	12.618460	7.513332	17.791609	-19.850501	-17.956384	
13.541661	22.174036	-22.337772	6.284285	0.503397	-12.204821	-3.222791	-0.373859	-13.890139	-24.267653	13.527889	6.486984	22.403394	10.214347	9.648739	-8.464581	4.840531	-22.634536	23.425997	19.529381	21.004488	-8.052976	-25.865428	8.389560	19.033210	-7.700755	7.404516	-25.262127	-24.610274	16.026241	-10.637889	14.849689	-3.579389	-17.649958	-10.994449	20.274952	22.436618	-15.180189	15.117817	-3.579191	-9.399730	-7.938040	14.450605	2.637224	24.749220	-2.004935	14.295991	8.967157	16.081223	-0.089169	
9.072663	11.141884	-17.088075	-22.212763	-23.282370	-13.015417	-23.419534	-21.384344	-23.296473	-8.908284	-8.528924	-20.094226	-9.445164	-16.768109	5.276976	-17.280632	10.117712	24.539885	18.085905	-16.876514	-17.798860	3.493436	-8.501843	0.932890	-3.876233	-22.295604	-14.670504	6.441467	-20.950574	-9.610695	7.278067	2.397037	-7.680353	-23.387758	-13.728739	-18.131786	-9.389884	18.053806	-10.550365	15.443187	21.774603	-18.455831	10.330717	-22.994700	7.378432	16.485008	18.851227	-4.458983	-2.645397	20.574621	
-8.193126	19.040211	4.113835	18.944624	9.124526	6.844210	9.089418	4.880265	-17.527113	14.080396	-20.655793	-21.255685	-14.064446	17.051904	-14.038216	18.639303	-17.121404	2.833080	-1.294195	-16.564383	-10.380103	15.807977	-6.233371	1.710140	-15.813966	19.742073	8.726207	-16.960180	-8.061553	-4.031102	15.025210	16.537592	8.411746	15.321665	7.062838	-16.640992	1.301679	-17.364182	20.828073	-8.611649	9.608359	-14.851300	4.226525	-3.416112	2.530288	-10.030095	-20.611870	-4.174523	10.832312	-1.166566	
0.150147	-17.344249	6.767449	-7.821719	-22.077777	-22.410426	25.394465	8.100516	-4.126939	-9.725632	9.166955	0.723416	1.139512	11.781300	-4.033539	8.346588	-1.096540	25.893583	-25.634294	-13.392455	6.934498	8.273448	-0.966620	21.428222	25.547943	0.555646	-7.280749	10.471396	16.445584	-24.025975	4.223051	7.800480	15.177674	20.548379	-24.966081	-19.094625	8.077416	-12.970957	-8.897637	-8.392083	10.689975	-24.592314	-11.983801	-11.302553	25.654318	9.932404	10.810950	-13.725508	-17.860925	-22.824911	
12.800947	-15.247213	-26.738070	-15.859653	25.331869	-25.606879	-21.866126	17.148373	19.921130	17.938150	12.770375	-14.838134	1.867586	24.277023	6.527645	-23.026944	15.060624	26.389837	11.179163	-0.745267	-5.809585	-24.708013	13.973195	2.131919	19.051181	24.616068	-23.853426	-8.529864	8.787275	-4.498697	20.097322	10.252791	-21.529291	-2.850357	6.264533	5.612277	-7.142375	0.946591	-12.325121	-13.077874	-8.454198	16.931532	21.189812	10.066680	12.172470	25.226863	18.082281	-2.299908	-12.451865	-15.442202	
-7.412336	1.552823	3.038064	12.377028	18.594376	0.792948	-10.360488	18.639581	-26.274923	10.365919	-7.724792	24.212678	-9.400570	-14.452765	13.802418	-8.086638	17.186810	3.715266	-11.201220	3.072761	-4.092165	24.136723	-24.418540	7.851183	25.913165	-25.751005	14.211672	16.220792	0.844327	-10.241744	14.071477	22.045129	-1.225550	-22.979809	-16.361520	16.645799	14.931474	-21.941694	2.510907	-0.518875	-5.654936	5.246095	22.377431	19.864148	20.584924	20.428567	-0.355969	-9.791022	-12.196402	16.620915	
11.142767	-0.690546	-12.061813	16.990842	11.397371	1.360499	-11.507899	-20.306968	-3.451330	-17.309120	0.682247	-22.998269	-22.439260	-3.506772	-17.452693	-0.788745	23.946610	-20.131180	-19.572998	-18.368067	-2.736226	-5.118178	12.561668	25.035831	23.267682	-19.215380	-19.604468	-20.854469	8.938651	22.304124	23.056967	4.562234	-12.065216	13.788586	10.320510	-19.039750	-7.670806	0.268155	-12.848956	25.595357	-10.719432	-15.333272	-16.974401	-6.326820	-7.506381	25.522467	23.986357	-3.361505	-11.603273	11.076918	
8.745557	-14.827360	4.532660	-12.618804	-10.145030	-6.044321	-17.559587	13.298700	-4.590172	-17.951352	2.865607	-2.745830	2.165010	-13.689029	-18.666720	4.497182	-10.279674	16.183311	-0.706090	0.235524	9.865331	13.041314	-0.996585	-11.157016	-16.768130	14.351385	-1.208818	4.780301	-13.812770	14.041591	-5.103361	3.232664	-3.048023	-4.524680	-19.070842	-13.799820	7.686616	2.110573	-1.836170	-13.142640	12.941301	13.631422	-17.155687	6.648279	-18.134539	-18.940556	0.058933	14.082588	-19.687320	-12.290479	
-4.599314	23.117314	-10.868214	1.247585	1.735467	11.353486	14.250026	11.284467	0.798892	22.021634	2.664298	-4.636988	21.594689	18.281917	-11.773448	-6.831879	-19.539582	-1.634814	7.915625	13.104727	-22.776006	13.815306	-1.381403	24.811392	-2.432832	17.667646	-2.121572	-22.178597	20.990970	18.988537	-17.016889	-17.777257	-5.674653	-5.994485	22.200823	23.432222	-23.294371	-9.621305	-9.378968	-8.979580	15.538066	21.900471	17.456128	7.199360	-2.683673	-24.438527	12.769216	13.191854	-22.589597	7.072745	
-21.791255	12.716574	23.930409	-26.585858	-25.271619	8.861787	10.362323	-2.418248	25.759373	-2.907796	5.398766	-6.783288	23.822137	19.599787	-18.748282	-3.183180	-14.113365	11.716819	-7.235492	-17.897410	-5.066074	-25.572872	9.797012	-15.690271	6.828369	19.029371	6.860934	3.747465	-6.264753	-16.164122	-18.317535	-5.616176	-26.112296	10.129252	-16.367375	-10.143653	23.998340	-26.797825	-22.027756	16.691398	10.719624	9.862367	4.313207	4.793024	-19.651083	-10.176775	8.310445	4.320700	-26.449522	-0.069781	
-5.085289	-5.144438	18.173250	-1.096821	-22.099252	-25.022212	24.897319	-3.110809	20.709598	-0.617133	2.060155	11.293850	-4.322029	-24.428006	-27.200822	24.189935	22.434010	29.384703	25.992260	-6.113495	-21.365666	4.179694	-14.037460	-12.726172	2.524314	-28.296081	-16.939953	16.038757	14.530523	-19.907570	24.413932	-27.805709	-24.256067	-2.004191	-4.926512	6.345896	-18.383213	-3.059541	24.087143	6.513354	-5.404688	6.056241	-17.012871	2.331587	21.469498	6.509499	24.037777	-9.979613	28.117927	-14.704712	
13.618581	-6.689071	-15.840548	-11.009240	19.731831	2.602163	-18.547870	-24.843404	23.681274	-1.981096	23.572954	14.404980	12.950450	8.847210	-7.519902	19.016197	-5.353647	-21.906559	22.906292	22.610717	-9.847353	-15.428937	9.081278	18.174293	-17.584147	-6.946623	-9.724733	-4.567936	9.051478	-24.068932	9.685990	18.761606	-17.680634	-1.065735	4.828983	-14.386004	5.306899	11.678588	-20.473859	23.528451	18.609042	-21.336986	20.983494	19.368589	-11.770793	-24.412942	-3.107141	-14.425733	-11.721083	-24.117504	
9.202328	13.745052	26.211437	15.694095	13.447384	21.040689	-5.123674	27.480585	21.475472	-5.515622	-15.786579	2.955870	15.881789	-23.630815	-25.114326	2.112916	1.733635	-4.680884	1.973508	-6.911285	-15.743316	-19.390482	1.080770	-10.161791	-11.100455	5.671133	-15.638638	-17.190289	14.275478	4.668444	24.443404	-8.423641	-18.396145	-1.725078	15.167982	15.853052	11.838377	-2.637752	-16.991901	23.143093	-27.525138	23.192556	0.782913	4.707159	-22.994857	-2.019418	-4.146006	-21.390625	22.583969	-5.693778	
-2.221108	5.182058	12.421002	-6.926140	18.896668	1.872409	24.302440	-20.905461	-15.347197	4.677259	-10.055709	-0.739437	-1.029865	20.273219	2.055547	21.216674	-11.670825	27.976943	3.805096	-3.870464	-19.640078	1.910277	-21.374693	17.934466	15.548604	-7.516626	6.263292	-23.788386	17.150282	1.140848	9.100462	-16.550738	-0.203857	18.760065	24.139774	-7.707468	-1.286021	-25.396714	5.288302	19.393595	4.085459	-19.357834	-21.779259	-8.770496	-26.613921	21.653394	8.974670	-7.353348	11.643030	-3.905787	
7.021364	0.221501	-12.890787	5.475236	16.917159	8.640202	-14.763071	15.511916	-14.807379	-20.811465	6.932598	-7.508934	-18.761320	-4.370550	6.815551	15.144886	1.164104	-16.271798	-16.055550	8.996611	-4.878119	-13.818671	-2.815425	-12.836533	13.307288	14.839988	-21.600166	20.870354	5.803727	-4.273799	-22.241762	8.674937	3.400357	16.410047	-16.368464	-20.183895	5.023288	-9.492484	9.966213	-8.336364	-13.076208	2.554156	22.078578	-9.779291	-4.704307	-1.098582	7.475138	-19.877628	-15.164470	-4.122919	
-4.760832	13.959741	-21.788912	1.412364	6.736708	-12.384677	4.706622	24.773887	21.325949	24.172530	21.589358	15.136940	0.625763	2.770308	25.947599	17.463715	2.204579	-16.897179	-18.575066	2.098240	-8.460886	-15.436565	6.391073	-11.893427	13.828165	-3.792360	8.282105	-12.592912	25.587339	14.909622	-11.906714	-4.751362	-4.717356	-7.841700	-24.015862	-2.904990	22.393347	-22.864542	26.586225	11.394620	22.732595	-9.009253	4.590225	23.132997	13.776163	-21.616675	-25.091558	-9.368074	4.837000	-12.394377	
-19.926130	-29.062851	-9.595068	-16.527630	18.857860	4.837928	-10.145403	4.641911	15.409064	28.470917	-10.484165	-7.988982	9.705327	-17.578604	-15.059616	-11.168701	-22.567479	9.207481	2.565865	-1.135141	-22.098600	18.380523	-11.609762	17.312288	-15.683425	-1.285993	13.937150	-3.789411	20.094601	-26.148175	7.728283	28.397034	19.182264	-2.416272	3.486002	-24.611347	29.216650	-3.609951	10.687911	-14.358904	-25.348457	-20.870372	28.890573	26.232080	-5.967231	-25.808867	19.294059	18.513613	15.786358	1.173454	
-25.079486	25.886835	-6.729767	-16.158794	21.542217	-3.617401	8.227577	9.552329	2.776490	-17.466208	-3.530401	-25.859197	20.073722	18.928563	2.830375	-15.255858	-16.410587	-2.198114	16.542662	-17.716473	-1.487561	-19.397259	-16.443909	18.764245	-11.544408	20.915358	-1.762177	-10.082626	24.357762	20.829925	-12.397477	-16.028965	-12.699886	-13.626968	8.510957	-7.684788	21.311092	10.315061	10.680513	16.445284	7.305000	19.660957	4.521129	-8.118661	0.892895	18.079061	23.829833	10.201197	-13.861825	7.541359	
-16.641365	10.897799	-16.695480	-0.619295	-0.723309	-2.149638	-17.366204	5.504450	13.218663	10.189310	-11.018885	-12.454038	6.333127	-3.013791	9.130743	6.181658	14.819612	-17.146420	-18.311622	-5.284230	3.859439	-4.242683	-6.882454	-5.638913	3.367497	0.258043	-9.559327	-4.172415	3.230307	1.091827	-12.728038	1.377123	-3.713328	-0.846782	-4.546884	-4.565894	13.552962	1.493593	-7.350242	9.879592	-14.991506	16.496128	-7.137699	-11.471142	2.174704	17.541964	8.302845	-3.189888	13.450182	-17.086726	
19.103432	10.793267	2.378435	-0.059952	-10.681456	12.818877	19.211110	22.847999	-19.028664	-16.011141	19.407683	6.219659	7.720554	-11.306144	-12.754804	-4.178436	-0.952875	14.257708	16.028672	8.335105	6.175949	-1.236680	-22.815602	22.793355	12.805847	15.878340	12.283558	14.115002	22.406849	3.806923	-17.498827	-6.235140	9.183657	5.912098	12.911874	16.988079	-6.575031	-2.802195	16.211726	15.669360	-19.679039	-6.708906	-5.342036	-3.042891	-15.140075	-8.739080	16.250561	7.609540	-24.926073	-22.736480	
18.350459	-11.864751	-3.544731	-15.441688	-10.975972	-18.281997	-17.546968	3.175566	-5.390151	-7.527369	-1.936352	18.142450	11.937862	-8.730494	-8.135790	-8.794858	-10.699188	7.023642	3.660495	-9.592837	-13.614261	21.222028	17.661613	-17.787175	-20.603513	15.149653	-16.408933	8.631583	8.689920	-7.208260	16.633796	-13.300644	-22.369518	5.342306	-17.650322	14.516607	-10.684024	15.102713	-4.517149	-15.114151	2.071143	13.083244	-18.253269	-11.557365	-4.488356	14.710997	-13.980579	9.546624	-6.806440	-3.279528	
-4.647510	15.379893	11.648029	9.451837	2.063622	11.614698	-19.913632	-9.616700	15.168010	3.308150	13.182300	0.973230	-5.103670	-4.381583	-6.511552	-2.962041	20.493797	-8.955743	-16.531009	-2.816460	-15.762442	5.056047	-1.620282	13.617181	-18.773313	2.343636	-2.993952	-13.958915	7.790070	20.743206	-17.770485	12.448332	-9.629679	12.652692	-1.492441	-14.005219	-3.947670	-0.158841	1.944588	2.144408	15.546636	-20.833577	-1.470095	-7.758513	4.968349	21.656341	15.695382	18.072746	12.219494	-13.635113	
13.346164	14.412583	-2.038327	4.135478	7.667884	11.527583	-30.753891	-6.553799	12.390998	-11.636126	-24.689552	27.513104	25.335554	9.443225	-3.699672	27.461278	-15.260603	-17.149302	27.702922	-8.334981	-8.752873	-4.917767	13.849812	-9.028943	27.103499	19.408254	-18.232761	25.474940	-10.430204	1.107145	4.399292	-20.998193	5.368965	-0.959683	12.946232	-23.997834	-16.410148	-15.036353	-14.559987	-28.353728	9.853458	-24.327975	4.706037	24.145522	-0.605414	-18.971334	-29.144684	-22.949301	-6.946433	-23.053496	
17.001512	3.654754	0.446133	17.078317	-16.698297	-17.012327	5.728605	-17.347457	11.324980	5.051956	23.589211	-4.618047	-10.229633	13.654876	23.908901	5.193933	12.722186	-22.370143	-16.853684	-3.233340	-13.840633	-22.087752	-8.136800	6.869737	8.321298	-24.086478	-17.092634	-2.852429	-24.781955	22.468238	11.762100	-8.283912	-7.020967	-18.857951	6.273335	17.031857	-13.837672	13.221737	-11.277683	-20.251844	-17.834837	19.307237	-12.512153	2.186919	24.885296	17.567128	-9.751006	14.865975	-19.322887	-22.471694	
11.932963	7.599397	15.860669	-11.644111	9.295860	-15.598929	0.078060	3.316067	-7.259587	-14.484253	-3.787815	-15.193746	-9.900482	19.948137	-7.293950	3.109017	17.979764	-5.061344	-16.666614	-12.039155	17.098262	-19.213419	-6.501697	6.288039	7.340171	-14.204835	6.551688	18.515959	7.509029	5.487709	-6.218859	8.862353	11.421738	-9.947969	-15.402650	-2.278560	-19.506363	3.289423	2.392891	-18.339559	12.385169	-10.842355	-14.182957	8.414269	-0.524893	13.620214	-8.387235	-5.519234	-5.319125	10.061406	
1.979733	-0.895684	11.010602	-6.864419	-6.404767	13.416400	17.268852	-6.817571	-0.466880	9.267112	-13.039670	1.963370	2.910440	-11.897137	1.171169	13.931470	-23.165810	-12.151305	3.860373	7.961280	-0.380508	-5.789395	18.161024	-10.951381	-13.932759	-6.829834	20.344184	22.135460	-24.554435	19.258936	-7.818639	-24.785635	10.917447	-20.952794	-17.932469	6.559555	-22.686566	15.747101	-17.742386	-22.984375	-15.158046	-0.061024	-19.206938	8.126361	22.002172	-4.030403	1.697804	-2.638856	-4.748500	-7.274094	
3.426870	2.152081	-15.198058	12.707880	-8.265748	-2.681132	-7.960791	-21.258939	20.049449	-20.050156	24.958003	-12.191486	7.564695	2.441470	-8.166121	-22.437415	15.963504	-1.959490	-2.788669	12.301214	-26.095614	-19.854347	-5.368904	10.708258	-25.918618	-18.526965	13.781110	-14.977531	-28.805910	29.702667	-7.094101	15.372910	-28.653528	19.499585	23.650933	-12.741625	12.744565	7.728489	-0.376691	-20.316983	20.140569	24.171121	-25.255720	-22.553894	-22.844659	25.445863	-10.724879	-17.200814	16.387426	28.307988	
17.152234	-21.084415	-8.375235	7.474312	-20.399871	17.946921	1.401334	23.052773	-21.873235	-18.213288	-17.698539	-23.471386	-10.901301	-22.891178	-4.805663	8.409653	-5.862106	10.134709	-2.443982	14.344415	-20.024089	13.278286	-17.555155	-4.484347	-19.607786	11.943397	23.134459	5.564080	13.786290	-9.035112	-11.707413	13.028763	18.738383	-19.446047	-23.079677	-20.567646	-5.071750	-7.910146	-4.124730	7.853354	-20.649371	4.493868	-10.261148	-6.288502	-4.110903	-7.005788	-16.868815	20.482174	-10.236029	14.271631	
-15.619924	4.661820	-7.943076	0.500534	-0.829476	-22.881519	-13.029116	-18.548434	2.035334	21.846638	6.327017	2.081563	21.943417	4.182733	-5.993924	-11.434139	-16.267627	21.858681	-1.295534	-7.322777	11.461204	2.798618	7.397051	18.393543	-2.872484	10.008935	13.236112	21.825825	-20.946384	-11.186159	14.547262	7.349715	-6.480690	-4.353101	2.677431	7.330101	8.163872	18.077472	19.198427	1.692002	11.585351	-10.051405	-9.527840	12.010581	-10.300079	19.812575	-16.714664	-0.394729	17.824510	5.929184	
-12.808415	12.002865	-24.100381	15.575330	25.888780	14.478917	8.100911	-27.675066	-17.189865	20.659335	-3.464168	18.652650	16.886824	-22.413196	26.432430	19.463381	-0.762071	-0.916654	24.209360	10.082616	-15.174605	5.179977	7.886095	21.132908	5.323557	-9.691911	11.858958	26.153596	20.865807	8.020280	18.263914	1.101978	23.639189	17.553157	-3.586998	19.689309	-7.719835	12.958029	24.180512	-14.418938	6.916602	-21.698664	-10.830116	-14.556377	-21.544995	-12.707255	14.817393	-2.458327	-27.713236	15.825983	
1.429211	-15.939487	-2.769591	-9.830029	12.576043	8.444886	-24.330671	2.237587	-2.649745	-19.105427	-16.840957	-20.763625	-3.037450	-23.932289	2.359017	-10.752910	25.118418	-25.245181	-27.200346	17.843660	-23.004560	22.699249	18.823585	-14.186710	-21.555972	-12.225946	-25.856532	-7.050067	0.420821	-10.585191	-3.807028	-23.324805	8.020191	-10.443169	-9.360529	-24.963279	-2.072461	14.861301	-18.584852	-4.523812	20.836864	2.130567	24.101230	19.425282	9.023667	-11.378253	25.877254	21.626317	-19.757181	-17.715383	
8.620723	-12.750520	-4.450171	-6.608084	16.817841	10.075922	13.474840	-15.664955	-5.300990	-13.990472	6.861655	-13.406655	15.583897	-22.959604	-3.401682	1.261986	2.300360	-4.899034	2.494596	14.545143	-21.448419	-9.194142	-21.253273	7.963237	-11.061147	-19.125536	-12.786195	-11.473202	-6.475030	8.277983	-7.328023	-15.218090	-4.055956	21.906597	22.845402	12.107372	-8.132992	21.835632	-5.032667	-2.249119	8.190964	2.078499	19.334591	10.049523	-16.745826	-15.796703	14.698005	1.544062	4.457284	0.975988	
-21.832347	9.970598	28.894427	-0.138296	-27.697300	-29.157849	-26.851453	-5.525501	-27.642049	-13.182080	11.900330	4.957519	30.938560	-8.627254	-17.956216	-0.070699	-19.328025	17.008632	14.051222	11.533420	23.030370	6.598138	-23.543604	-30.762470	25.601422	23.951018	1.196571	0.213420	-15.142329	23.470218	-10.510059	-7.861541	-20.575083	-3.644414	21.879765	29.513975	-13.966191	0.442392	24.738181	-14.591789	-15.272471	13.081219	21.206780	-1.118934	29.517390	-20.309190	-8.980673	18.035697	26.952574	21.034737	
25.632508	16.309558	12.128283	-10.133865	-10.931784	-1.096730	-25.790854	13.014594	7.281314	-7.538226	-9.206985	13.895013	-21.251508	-2.335922	10.465207	-13.095218	-3.143250	-4.906674	-9.251845	-21.935625	-17.739674	-7.789269	-27.241295	-7.325199	-3.470987	17.055520	-20.005414	-13.536933	0.474672	-27.330137	18.995703	23.084419	-8.452136	13.895205	-27.330499	-11.835219	-11.677038	25.746862	-6.820280	-4.703220	16.994971	5.239381	19.981003	10.383069	1.766128	-13.121784	26.493621	-13.011631	-16.107329	-20.957706	
-11.203199	-21.709157	6.699456	-5.813833	4.488707	-1.692747	20.884953	-10.833741	-6.774363	-21.678354	-18.651342	-7.541038	20.185640	5.584400	21.375776	5.001946	6.959916	-3.407975	23.768808	-23.445379	-20.177504	-19.225100	-3.129233	-5.393706	-21.208048	-5.693811	22.465625	1.860857	5.350114	-23.083712	10.580883	5.496622	13.427192	9.551322	-20.265438	13.002197	2.780260	-4.560158	22.946100	4.805163	-15.524426	12.371338	-11.845541	6.129816	-5.199772	-7.046765	-21.267375	3.654676	13.688015	-16.932432	
-8.010339	-16.198034	0.563499	7.351058	0.526931	-10.430263	4.575408	16.098734	4.268109	-3.945363	9.254060	16.120730	14.336822	-18.825966	-2.839210	13.932968	-17.201768	-1.792130	6.980591	-0.616630	9.623605	1.466101	16.845957	17.937631	-5.808914	-5.756829	-8.335877	-9.768355	19.574455	17.128513	-5.929037	2.319802	-4.979857	-0.218733	-16.515216	-11.668187	-7.379711	10.122012	9.522510	7.072822	-9.341423	17.717595	0.200288	4.040750	-7.875571	-8.200358	-1.424223	-17.901950	-17.447454	9.446008	
16.408342	-17.110518	-21.752576	2.104252	-12.701099	13.263584	8.947830	-22.637394	14.864096	-8.606747	20.251387	10.132173	-2.837715	-12.251262	4.679149	7.592062	22.144394	-11.103849	-0.090581	24.374451	-20.463342	-23.915313	-1.511304	15.791927	-3.840492	-19.647172	-22.945345	17.158051	3.287219	7.881516	-15.206129	1.104035	-22.243016	17.779992	10.139106	-5.962926	21.685931	-24.885490	7.031131	8.656946	-4.127696	23.294036	-21.177644	-10.400854	24.135341	7.869731	-6.089713	10.785335	20.456924	-6.640968	
20.234829	10.634107	23.459340	19.749546	5.927105	12.970078	7.491884	-18.743554	14.383992	12.736734	22.625057	-5.481334	2.690692	-21.134501	9.995673	-24.387896	-0.289193	-18.354630	24.254342	3.643527	-1.276590	15.435960	1.254529	-15.647827	-21.509174	-21.158555	5.370536	22.005222	13.069220	11.036981	-16.809774	9.532844	-15.588227	5.022407	-10.076830	-6.199105	22.545628	23.660240	-20.742563	-24.737469	21.549729	-14.809000	6.471583	14.282565	18.426040	15.136144	12.588078	-25.567422	15.682994	12.156980	
-16.067189	-12.174464	-4.876887	4.531671	9.338636	-17.759471	0.088002	8.010067	0.516712	20.307183	-17.241926	8.781167	-9.403995	-11.539536	-14.600302	5.676898	-22.771069	15.906500	18.566630	-1.098858	20.767740	-12.262910	-9.595708	5.339575	-16.866054	-19.529357	0.555781	21.503342	-6.762257	-13.339754	2.935522	-7.766680	2.533846	2.339840	-5.623089	-21.456513	-8.534160	5.660057	-12.395510	18.251469	-4.547401	4.211802	-16.336997	-2.023745	-20.827625	12.704532	-5.086876	-2.858316	-21.915051	3.458853	
-7.453504	3.387750	26.108836	-18.491340	18.767490	-22.846963	-19.162063	-22.632830	16.715310	17.351946	22.732618	-6.209685	-14.402428	-20.122395	-17.233204	-12.930411	24.403796	8.083542	4.670059	27.742074	-0.090564	5.182236	-8.147010	-27.247473	-23.657923	10.784594	11.478255	-19.677405	-7.058802	-12.101837	13.816288	-24.931951	-19.316158	-18.862377	5.846190	23.914214	19.276577	-0.963409	-8.583757	19.535026	-14.862045	17.806861	15.543436	-10.893045	7.108858	-6.061242	-16.356250	-16.736712	1.509830	-5.473189	
2.159244	-24.802506	-5.198813	18.253528	-20.857036	-12.367163	-2.017475	20.193631	26.923656	-23.608006	25.950549	4.136858	-2.088855	-4.198908	-8.937361	11.739570	18.020196	-9.825946	-26.916988	0.896243	25.354038	18.782995	-19.090415	2.672238	-7.354712	26.841760	-7.311520	-25.309015	-4.851822	7.284900	-22.408444	-9.438166	20.654826	0.332173	-1.452443	16.993435	-4.949798	-23.697587	-23.586964	21.964307	1.710884	-22.133865	-9.407284	21.532749	12.571140	4.215979	-4.566232	16.307049	-20.334505	1.811471	
-16.805040	-11.655748	4.299142	2.307147	-0.891331	-3.314951	-11.895896	-6.764247	3.112169	21.179618	-25.376970	5.337540	-0.421258	-21.883456	-12.297337	-22.484699	20.621838	1.817812	10.034563	16.185995	-11.300556	7.842471	-20.930314	-12.516211	5.001484	12.863567	-24.042115	-10.786846	24.603872	-20.101929	-16.729818	-18.004272	-18.108266	-22.608699	10.150535	-17.253920	14.464257	16.236094	-25.614450	13.501827	-6.074110	-14.322133	7.198558	2.371559	21.589081	13.872020	-2.957636	-24.771015	22.448525	-23.763501	
-8.729242	-7.631148	13.958999	-18.179962	-11.050302	-25.373987	-5.702215	-9.196476	-6.816103	1.949091	-8.111218	19.198880	23.139890	-4.314613	0.227662	12.752411	-7.145248	-25.085144	-9.722844	0.470354	-7.785290	25.424442	-3.602835	14.230762	-26.073156	27.492883	-13.396282	-7.974132	-11.417766	4.956502	-22.428435	22.416507	-5.662850	-23.933928	14.329948	1.220801	-6.579613	1.239083	21.709090	-18.943802	15.512924	14.994449	-24.451054	16.444767	12.082003	-24.512648	-5.027048	19.498502	10.909783	18.690484	
2.990927	18.919882	-14.943360	1.872223	-0.173593	-21.414718	24.274161	-20.255235	-24.055173	-6.886271	-2.304613	22.648952	19.082759	0.278979	6.151751	3.915015	0.774992	26.047005	18.322257	-20.188612	-17.523865	-13.887407	-21.772531	25.581272	21.387678	9.383377	8.602204	25.564831	25.971665	-25.917149	8.453627	-14.048960	-26.287575	4.553087	22.485215	3.408131	11.359447	11.480191	25.148288	23.177690	-10.835957	-11.408861	6.747679	-12.924512	23.984518	26.687251	20.987868	-13.622284	22.279439	23.943869	
-1.164328	-2.088767	2.141622	-11.862792	11.884544	-13.728431	-12.287545	7.748402	13.783457	-16.071944	20.677482	10.362657	-6.180683	-8.212269	16.178292	4.460064	5.577945	17.403340	19.836611	-11.150159	17.563298	10.809791	-10.934516	-14.031939	21.320669	1.674001	-3.325743	6.042215	3.112809	-16.879627	-8.340245	-20.383760	-9.099173	-22.595631	-10.023790	-18.884412	7.892525	-4.716468	-4.847439	-7.416314	8.847355	-13.312107	19.223979	15.058905	22.795159	-1.539978	-0.596071	6.146812	19.571329	-3.696650	
-9.315085	-19.582106	20.267265	24.119124	6.742838	-20.677359	-20.383181	-25.230135	25.789109	0.418246	16.866267	-3.232287	-17.545886	-18.421012	21.757010	15.702760	25.416447	5.286987	13.342329	14.968024	-1.430443	22.925409	7.817890	25.735810	-18.308242	-11.567140	15.424640	19.177347	-24.375186	-20.322613	-9.532632	9.278837	-16.557183	-4.604229	-3.675507	-0.522598	-13.567775	-6.061318	23.299098	-25.115031	-23.296007	-15.756797	13.492444	-20.650845	24.120396	17.655825	-16.878989	-19.248403	3.775567	19.194115	
-4.994232	6.566804	-5.749951	-3.867618	-16.832970	13.435282	6.174430	7.128764	15.214632	-2.316656	-16.198796	-0.342995	-7.755975	6.855464	-12.444329	16.381261	-8.167153	-3.358142	-0.411269	10.805322	13.544665	11.833738	3.159458	1.132209	-17.872198	18.837340	-5.593992	17.599225	-12.842856	15.788299	16.487160	10.911642	3.399521	-15.897269	7.370353	5.725429	-7.280221	14.377501	13.823294	9.293453	-1.381964	11.086159	-18.534715	-14.426021	6.420487	-7.786353	-8.476657	-1.102828	10.243611	16.590027	
-22.451634	-19.239684	15.978268	7.959441	22.888121	8.546365	13.817727	5.157627	10.639818	-2.386230	-21.992670	1.521848	-0.362772	-15.410954	15.524794	-17.272444	18.986643	17.133101	-8.854884	20.787065	-8.870317	-2.129748	14.882850	9.915007	-7.985772	7.150907	16.481493	-21.841269	-3.742973	9.752575	-18.416131	-6.617886	8.104103	-12.366556	21.323719	-16.645750	-23.195572	0.635020	-18.738146	-20.524227	-21.012975	-21.665920	3.363095	11.615526	17.464278	15.512946	9.977455	-4.840255	4.660982	13.059067	
3.645712	9.102966	28.277946	10.983442	-6.595401	24.349822	-10.140973	30.571330	6.535866	10.484500	-2.347338	-28.007718	-15.203337	-30.629145	2.546756	-28.914013	8.389817	-3.449563	-28.124421	-4.408779	15.372871	12.061354	-22.095000	29.675036	-13.716113	12.917682	15.164661	-15.121566	6.576662	-25.586362	-24.815695	26.439721	-15.340776	-22.429427	14.391059	-21.038639	-13.136256	-0.167348	15.927816	-17.893080	6.332370	-15.107595	-12.118925	-28.872327	-7.363347	-24.572202	8.700950	7.814055	-23.401397	-20.050225	
9.912360	11.739757	3.368333	6.544189	12.743006	-27.374293	9.623691	11.469164	-2.925982	-6.048566	8.625334	0.727386	13.319147	-9.915850	4.796871	10.732586	-14.490984	-16.125945	15.828329	-20.388376	-23.969847	-1.341240	23.890067	-5.836679	16.533028	6.969994	-13.435151	-21.863479	26.179524	-6.405372	-25.249976	-4.291952	-15.741778	-8.797819	27.770921	27.119197	-19.634662	-6.800941	-0.568630	16.444175	8.419490	-5.613224	1.500368	3.582309	-1.069731	-22.346218	16.796622	-18.257102	14.911961	-12.188277	
11.479833	13.103453	23.150171	-11.451440	-24.407177	24.672668	-2.135160	-3.711779	14.201290	16.248729	1.150534	-9.935632	7.676526	15.351390	24.003069	-25.522947	4.138446	-15.218025	-23.355511	16.301802	12.671959	17.804715	19.534523	5.823884	20.469423	-13.092368	-0.720626	24.193327	-11.383412	10.493419	-14.194227	-21.189068	24.094046	-5.266155	-19.716452	1.015146	15.829683	-12.097478	25.965377	-20.633444	-25.157025	22.403933	-12.047940	17.502546	10.767358	26.725125	-25.847716	23.828587	-26.226377	-26.694314	
-18.768125	-10.354953	-3.162720	1.733745	16.461054	-19.971000	18.098716	18.238100	7.919569	20.898981	-21.110136	-9.195503	-12.217994	5.929758	-6.505345	-7.493528	-2.664036	-25.782967	-24.478863	12.568858	-22.831077	-21.883582	19.553941	6.715721	3.051912	4.414686	18.220316	-4.945908	-21.526321	13.934439	25.344841	18.690695	-13.351578	-22.570392	-12.993306	12.558885	-23.111305	-10.328171	12.006343	16.029303	-7.535962	-25.081426	20.944777	18.382738	-17.259932	-5.742250	4.210700	8.919566	-21.138332	-25.984359	
-14.020022	10.197856	-17.735746	-14.888562	22.706113	-6.098447	-0.385391	-23.600592	-20.766048	19.404641	-10.403425	-7.331990	24.603898	12.739344	5.159323	-24.543777	-20.968080	-1.394760	-14.330108	24.767725	9.429336	-20.711991	2.430218	7.541176	-4.087257	-1.552818	0.666567	-13.120767	22.302040	-16.930898	7.226433	4.202028	-4.318512	0.936719	-10.063001	-8.646908	-11.731240	-15.875755	6.817673	20.682991	-24.867113	-24.333653	-19.654892	-7.895464	5.588993	9.835236	8.571850	5.364582	-16.781588	18.472238	
20.902907	-17.938479	-1.991382	16.463682	-21.573079	0.017262	-11.231833	24.135664	5.344827	-3.951567	5.209822	26.836904	-3.364097	-25.337013	-4.491858	12.431741	-10.431699	16.341520	7.878779	-12.205165	20.448673	10.736455	-9.179392	-18.980687	9.252484	-17.930127	-6.816519	16.001936	-14.537984	-5.176330	-10.565493	14.855675	12.333874	18.337673	26.455425	2.393506	-4.794637	-10.242371	7.391620	1.160777	6.054281	-7.970939	-4.956082	-18.343460	5.470317	-10.574635	-3.095246	-11.547547	-15.120535	11.730217	
-15.587026	2.694465	18.706662	11.726256	-14.375170	2.633122	8.043456	2.366084	14.980172	17.813017	-2.742260	28.371219	9.824633	23.459173	-3.109730	-26.880662	-14.134075	16.339533	27.082152	28.186868	-26.464386	-25.491439	21.708747	14.814917	-8.493093	-1.610890	0.215731	20.354925	2.622997	-14.588247	-7.080773	3.306859	8.610309	5.338511	8.802342	10.663746	12.683545	-3.673823	-28.640391	3.807491	-24.302857	25.669523	1.248105	10.059089	18.537640	22.066941	1.962256	-9.230648	25.054136	5.636555	
8.671352	14.817355	4.331343	-9.503316	5.952370	7.537329	10.014581	-0.800260	11.213991	-1.631742	19.749895	7.791532	-10.852907	15.090512	4.095532	-1.242540	13.916826	16.651906	2.274235	-5.268255	0.797585	-0.464565	-18.296938	15.722548	5.255858	-0.283837	-7.074142	-6.129920	-7.819638	-16.343127	6.604733	3.550251	10.930061	-0.181669	5.140333	12.873265	-8.676428	-14.527056	18.056650	-15.550209	19.055506	17.046356	-8.116979	17.092805	5.660079	8.873247	16.146629	13.721580	14.208637	-11.075624	
16.393088	12.573579	-7.208589	-2.565123	-14.100356	15.054766	9.628773	-10.464926	7.856715	-5.042538	18.894435	-2.235796	15.054066	17.313409	4.272564	20.150501	-25.967841	22.543843	-11.489562	-15.560402	-5.071684	-21.758507	15.307032	-14.777544	9.265726	-15.236839	-19.676508	0.804437	14.784078	21.592362	-2.740172	8.072763	6.655835	3.842348	6.184230	-15.164532	19.285833	-15.396514	-5.307991	-23.750595	-12.290183	-12.486202	25.482395	14.979042	-21.173994	-11.269114	11.843321	20.498647	-1.214909	15.013278	
15.940870	10.102870	19.275827	-16.868645	-4.333527	2.056798	-8.512882	-12.827728	-8.306998	-5.265065	7.370763	-10.016172	-4.576077	3.253460	-19.840215	18.043071	17.592892	9.271112	-7.154663	6.485556	15.730255	10.172968	-10.440573	7.280880	1.702788	-8.925098	-4.388393	0.897888	-0.877440	-14.104057	-3.555489	-18.944325	15.909698	10.037516	-19.216275	-19.401432	13.408249	-0.731197	-7.240928	18.260514	7.225359	3.838411	-8.550457	-17.836627	14.438008	10.969465	17.033124	-11.995899	-4.274702	15.279618	
3.612510	10.294251	-16.815136	-16.762830	-13.469758	-10.850699	16.044357	-7.264303	1.642883	5.509816	16.905992	11.150071	-22.988941	5.815593	-10.717467	-18.351054	9.862401	-17.751706	-19.307698	-2.510870	16.246098	-7.098752	10.588875	-7.566752	-22.063892	22.357455	2.175883	-4.503980	-3.527605	17.345527	-12.015054	14.728865	19.857308	-10.223054	-14.672567	8.287176	17.171126	19.613164	-4.430512	-7.427673	2.671517	-9.989624	-16.347909	0.072644	15.766984	3.553488	6.332421	-1.684533	0.103999	16.920937	
13.441677	4.592008	-10.136430	2.625327	8.833406	12.113854	-15.530673	-16.469559	4.033952	3.564549	12.607572	-8.159402	12.402203	-16.460635	-1.276864	-8.657952	4.281802	13.467211	-17.076363	-8.629886	0.609015	-17.410715	8.983722	-20.248642	-0.625503	-18.411470	-8.103107	7.764385	-5.097470	-4.183206	-18.502215	-4.132684	-5.413487	21.032357	-13.920263	-10.440878	-20.288516	2.322104	-5.006990	7.776588	9.476485	5.168448	4.772487	10.865828	18.850145	12.543583	-19.236835	20.163808	-20.529090	8.680434	
-10.568066	13.230572	18.720350	-13.101412	0.366411	-15.710409	19.342432	-16.730763	-8.502218	-0.882345	-9.419782	1.197813	19.099920	-2.595067	-19.015393	-16.143774	4.635589	11.581592	-14.059009	19.000374	2.124733	-17.050342	13.308835	-7.692342	18.388231	-8.465631	-4.389953	-12.587616	-16.820809	2.999981	-19.704278	15.033935	2.284197	18.290866	-16.349230	5.633461	-9.607694	-7.214845	-4.056305	-3.075244	2.821892	-15.661640	4.427593	14.552558	-5.268911	7.320273	-19.429419	9.516484	-10.489453	13.405077	
8.881205	-1.138214	23.221344	-23.407999	-13.615636	3.346819	-25.086400	0.688386	19.409803	-24.537232	18.984349	-18.470896	16.530577	20.994021	7.539112	13.462904	12.100961	-4.543568	13.168966	-7.963932	-14.227710	-4.730245	17.253638	-9.838320	-20.839863	3.025150	-15.174109	21.596197	-14.651626	-17.346941	-20.236622	0.351848	17.843396	0.164432	4.533405	8.789541	-21.891704	9.263553	-7.509930	-25.530284	9.157860	-0.794439	-25.986110	-22.056826	-14.061618	16.557475	-2.858579	-14.332074	-3.423037	20.278107	
1.678594	11.772062	1.025118	-15.556162	-11.136075	5.318903	-0.736986	-2.347227	9.045564	9.206028	-12.305972	-7.835837	-0.457876	4.270065	-18.248233	-14.692698	-7.985498	14.622626	19.518655	-0.388342	7.608663	-6.401765	-17.303335	-6.922793	11.609106	-9.679143	-5.655159	19.037210	-16.195845	-13.508267	18.856147	9.017417	-18.787593	5.591743	12.177067	-17.022988	10.594316	4.663599	-16.035201	8.439518	0.469621	0.793918	16.211770	-5.138956	10.868486	-7.767034	-10.451236	16.959560	15.554870	-14.242431	
17.358997	-5.280041	6.471073	-10.824609	-10.525615	-15.297490	17.236099	14.334411	-14.837286	-19.516749	3.721755	4.146743	6.227187	10.580713	-9.142033	-17.891322	-3.484470	19.314166	-20.439282	-14.563633	7.670510	5.272592	-20.919817	-5.734938	-13.613986	3.318812	19.400615	8.494586	-8.865433	4.716750	-8.211613	-13.633044	-11.578546	1.556076	18.120965	13.646272	21.305371	-19.053029	5.252581	3.782869	20.097169	20.942550	-13.210693	18.574520	17.343775	-15.471332	12.153216	-13.335439	1.236484	-13.980581	
22.464166	22.911401	16.272945	-15.721499	-18.909975	-13.657928	-9.609303	14.280189	-16.106990	-21.475972	-22.331132	16.104117	0.316306	3.167139	-24.888048	18.020999	16.087494	21.444145	-24.126249	-8.673765	-2.522534	10.290571	-8.160629	6.120923	-5.600753	-5.511662	-3.504687	-22.024975	21.306517	-18.905877	-0.049798	19.356583	5.097193	4.805615	-21.324189	23.600790	-23.281232	4.768083	24.253832	-14.251845	-9.376204	23.841696	6.603449	18.778283	-8.359340	-1.417568	9.407327	-6.095223	-17.638713	6.135695	
15.844080	24.185200	-28.010403	16.446087	-3.890358	12.041162	16.569281	-19.419271	-15.785689	-14.261148	-27.975184	-8.567700	23.697537	-25.549778	-19.366188	-22.990200	-27.790814	-27.324484	15.164386	-25.337002	-13.474703	-22.275019	-18.703125	2.455093	3.465280	-18.396961	16.092757	14.703785	-29.723834	-6.824129	-6.314078	-8.900998	8.161379	5.141567	-6.376858	24.546924	-15.532161	12.556952	4.133683	10.490481	25.429212	-29.607043	-15.896313	24.064206	0.502835	-12.504229	-7.372481	-24.180948	-23.125931	-2.869700	
18.458005	19.216899	-5.492350	1.972904	-18.399420	-12.122000	20.287413	-19.680484	11.869127	-19.475001	-17.033160	18.455532	-20.986176	9.789117	-14.288423	-14.013848	23.404779	6.546127	4.098942	-9.365329	2.690662	21.178341	16.458642	2.246153	0.254956	-13.824465	9.430243	15.504150	-9.597805	10.883843	-4.177937	-23.379192	-21.929457	12.017409	-19.436003	-21.420864	-2.900133	6.466357	-6.597883	-19.803622	18.124808	-16.730508	23.812439	4.069014	-2.926249	11.494320	7.039752	-21.899165	9.390306	3.456317	
9.036225	10.550571	-15.970918	7.109630	-19.317605	13.008434	-8.130513	-1.355498	11.536961	-7.753078	-1.574444	6.340870	8.665735	-5.408679	-7.933884	-13.527826	-14.583923	2.526937	-10.014542	13.101301	-7.554538	-14.099751	-5.060725	-15.917475	20.989034	-0.142989	6.745655	-13.091997	19.920032	15.526116	0.303063	12.365409	-13.879372	13.989395	1.672275	-5.864744	17.440875	8.033540	13.426655	-0.163046	-9.074644	2.868601	-3.614507	12.959961	-14.053881	2.286787	-16.085292	-10.008144	-13.823888	10.445606	
2.384018	0.655788	1.327814	-15.612020	-11.409625	5.658179	0.228888	9.634942	13.931160	4.947671	-2.234393	3.543853	-14.435443	-13.560005	-9.263912	7.251399	16.169265	9.559354	-16.355479	14.801469	-17.391712	-7.898936	16.099086	5.546576	-9.638964	10.524144	-2.021051	-19.606970	7.521343	18.649290	9.739784	-16.364090	-20.464802	10.654784	12.522096	-15.964479	-5.943923	-8.267285	10.604954	-5.557976	8.707034	18.508281	8.708037	-5.393951	-12.071186	3.805748	6.690009	11.299343	-14.059672	-11.946278	
7.654807	19.751243	-21.298649	-14.750135	-11.892650	-1.834433	17.059674	21.862413	-18.663568	5.766488	4.937566	-10.639636	-14.517930	-0.506566	3.675052	15.948037	-17.907657	3.547272	2.897986	19.954534	5.122425	-5.060725	10.194369	21.231828	-11.033430	-6.849466	8.878550	-13.650848	-8.966613	-11.005139	9.927993	1.573783	2.630273	-2.946648	-17.688414	-4.665287	-13.002011	-4.061606	-12.136596	-14.869330	22.185783	-14.465928	-23.451396	21.890634	-16.241981	-6.518747	4.608983	2.890738	8.512749	-0.842660	
13.613180	23.798611	-22.678766	-14.606941	21.067677	14.704856	26.379256	9.086929	-26.449726	8.129752	0.317482	0.563918	-25.088529	13.819047	19.377880	-20.942174	-15.354613	18.751575	20.191968	-21.625143	-2.778520	8.963807	1.960870	18.773128	-1.283294	-5.532740	-1.845550	14.110914	-13.625967	-20.268746	-12.386273	-4.959643	-12.054607	9.799523	20.728392	26.068047	16.529422	19.770464	1.599919	2.476431	-24.984706	24.704231	12.671678	7.406318	-5.740902	16.660179	8.310850	-11.321446	-5.474964	-12.375379	
8.007996	-3.086952	-5.472991	-3.357930	-1.401951	6.113800	0.251869	-6.685500	15.880067	-15.215368	5.145264	-15.135978	11.695626	-0.238873	12.350768	0.570098	-14.009252	6.146369	-3.492382	3.667387	7.683252	-4.634735	7.679301	-14.735856	2.640558	1.914758	17.764383	-5.438062	-14.506669	8.663363	-5.337189	3.249562	8.128933	9.294813	-8.999690	13.366595	-7.408648	-9.765357	-15.030423	10.175159	16.739617	5.134019	-4.649193	-5.045853	-11.700676	7.294479	-15.296411	-4.194300	3.871086	12.662077	
-5.869374	14.650566	15.662961	-17.951623	15.726691	-18.514185	17.540472	8.486963	-9.113822	6.853258	-2.699574	-9.190573	11.295887	22.510283	16.263823	-18.413650	2.735977	19.525744	19.862695	-22.850778	11.089819	4.557986	-21.728258	20.316189	-12.457704	5.371375	20.200650	12.138380	-2.194032	16.359519	14.410955	20.102191	2.584049	21.820843	-15.709987	-9.306762	22.924024	17.666326	10.836065	-14.756482	22.832273	-16.020666	8.505164	-3.749926	-22.855802	20.217301	-8.867638	3.808673	-18.859057	-22.402092	
-23.962839	-14.563149	-23.995092	-3.008982	18.806543	19.977675	-14.443166	14.786617	1.116975	8.176642	20.541772	20.180853	-3.985467	-16.770768	-15.552105	22.366394	3.723185	-18.513295	15.514066	8.940207	-22.186512	-23.922589	-3.627285	8.387520	-16.641297	-17.797860	11.776142	-7.072359	16.604725	13.426370	7.180196	9.372359	15.358947	-10.537422	-11.832831	-16.544491	3.711100	-4.619565	-4.878780	14.815124	9.151110	18.323571	-20.299014	1.464154	-11.185909	12.219551	-12.335443	1.326533	-13.769309	22.420750	
-9.918011	21.086503	-12.727618	4.881812	25.309478	12.300810	5.080145	0.454789	25.515081	-10.374975	23.989077	-15.061730	19.559063	-2.460544	20.545770	16.127683	-23.905367	-0.908069	19.954825	-25.554712	-14.000863	-1.781904	-11.156579	-25.901121	-9.088589	-11.370154	-5.544772	-15.849457	-12.377396	20.674899	-11.076953	-19.961368	-9.161895	-5.086518	21.362815	6.529587	21.036666	6.815381	-15.986874	-8.749333	-8.779292	-10.302001	-5.182768	-0.498702	21.464123	-0.020866	-25.541772	19.951303	1.292362	-22.874293	
10.180236	2.665421	11.038713	17.251804	2.664669	15.964199	17.890052	13.740358	0.877179	0.571456	15.119303	-5.919365	2.216951	-18.676630	3.660209	6.996695	10.481200	-19.139263	-18.824734	-7.859090	16.905649	19.166607	13.507063	10.662537	13.015409	16.935047	19.059926	-10.493742	-5.360280	-3.463806	-8.239268	-9.920737	-6.187659	-4.385807	11.227288	9.016850	-8.430205	-1.749218	6.335027	-6.029170	4.835010	-10.091171	-7.024899	8.233189	3.070593	-13.530235	12.762365	-5.771899	-17.347645	9.805573	
17.933525	17.559092	29.647512	-11.340998	-11.027631	8.633275	15.233698	13.853540	27.155390	1.294613	-4.087241	4.555543	25.767303	0.166563	-21.835502	12.764628	20.322300	-11.126796	-18.660651	-24.630809	13.933316	1.474962	-23.956239	-21.435866	-4.259278	-24.644656	10.036681	9.037454	-10.407577	-26.743544	-24.437268	-7.022804	-19.878272	4.618097	7.616378	26.735408	-22.647846	-29.925602	0.587871	-8.097846	-26.894446	-10.251796	-8.217998	-12.109493	22.591111	-6.225473	-20.471955	-29.427153	-2.856899	12.388688	
0.016925	0.036204	0.010691	0.025144	0.009486	0.008616	0.007355	0.037149	0.028076	0.015712	0.000752	0.014738	0.012794	0.017698	0.016476	0.023788	0.024046	0.026057	0.010442	0.005474	0.010246	0.041360	0.040007	0.029748	0.032091	0.003635	0.037743	0.022471	0.004136	0.033971	0.022159	0.029058	0.013874	0.040366	0.010456	0.010091	0.004054	0.025593	0.021649	0.019453	0.035294	0.018390	0.035275	0.002712	0.035284	0.013744	0.018061	0.010984	0.027203	0.003272	
0.027910	0.031449	0.016038	0.008777	0.000395	0.017464	0.005485	0.015793	0.031396	0.014143	0.022370	0.011993	0.010880	0.031422	0.011031	0.016225	0.039430	0.010722	0.022269	0.033527	0.005083	0.027446	0.010058	0.010702	0.040504	0.016831	0.003746	0.000147	0.017542	0.043271	0.025968	0.032868	0.024900	0.005294	0.019572	0.016930	0.009581	0.039341	0.012197	0.006091	0.021416	0.019727	0.031365	0.029606	0.019207	0.042566	0.002097	0.033288	0.042890	0.011045	
0.001038	0.015810	0.003668	0.032388	0.037661	0.015486	0.030758	0.001608	0.035073	0.013006	0.026827	0.029355	0.023537	0.019270	0.030001	0.022382	0.021165	0.005654	0.019881	0.017399	0.010512	0.029069	0.019383	0.006652	0.023970	0.013104	0.012532	0.002750	0.025333	0.033369	0.000621	0.023123	0.015387	0.016114	0.039355	0.026914	0.032760	0.001065	0.027876	0.023235	0.022709	0.023857	0.015511	0.034792	0.004704	0.029616	0.028724	0.005945	0.009707	0.039346	
0.037818	0.011231	0.036712	0.018691	0.005372	0.037040	0.004279	0.035799	0.013779	0.005842	0.012779	0.007239	0.018568	0.007155	0.005309	0.009019	0.025483	0.002389	0.016307	0.017270	0.012285	0.021773	0.022436	0.038009	0.004358	0.031177	0.021647	0.027542	0.008567	0.033463	0.030980	0.034942	0.006587	0.027469	0.028461	0.024701	0.023263	0.001118	0.029741	0.026420	0.032447	0.005086	0.024762	0.030311	0.033471	0.028347	0.030515	0.022355	0.006689	0.002993	
0.011790	0.023218	0.015533	0.017789	0.033364	0.014457	0.035662	0.034108	0.035291	0.038029	0.020574	0.009637	0.017005	0.002176	0.000941	0.005743	0.019317	0.009805	0.002259	0.013598	0.008437	0.033277	0.003735	0.028968	0.024982	0.002485	0.018789	0.027910	0.030190	0.033273	0.004250	0.015840	0.027502	0.013059	0.018898	0.029317	0.018527	0.033335	0.037492	0.011206	0.010040	0.013898	0.028355	0.015403	0.005993	0.028214	0.009288	0.032721	0.036820	0.037496	
0.000512	0.015608	0.029260	0.006658	0.037419	0.037095	0.013186	0.030896	0.009002	0.030189	0.004017	0.018389	0.011477	0.003905	0.014386	0.024213	0.014857	0.027544	0.023062	0.018119	0.000140	0.000058	0.001954	0.014150	0.012076	0.029932	0.000164	0.005500	0.032714	0.018791	0.027897	0.009886	0.010136	0.040919	0.026826	0.032013	0.038553	0.023268	0.006074	0.023778	0.011228	0.035495	0.041613	0.028516	0.027559	0.020436	0.005870	0.035357	0.032229	0.037076	
0.014680	0.018025	0.006531	0.022049	0.034419	0.026605	0.003605	0.038364	0.017578	0.040286	0.025969	0.000214	0.001845	0.018098	0.000897	0.011667	0.005966	0.011145	0.010179	0.015102	0.039312	0.035789	0.012853	0.005414	0.035286	0.012986	0.027757	0.026400	0.026471	0.002526	0.029128	0.037386	0.029314	0.037907	0.017195	0.006158	0.010486	0.020610	0.020147	0.018944	0.035338	0.001929	0.021471	0.025467	0.022170	0.002731	0.036401	0.017042	0.033999	0.028161	
0.020541	0.014782	0.030002	0.012709	0.011926	0.013392	0.030545	0.002883	0.009447	0.021924	0.010337	0.011551	0.000518	0.035960	0.035462	0.019112	0.022636	0.020320	0.005478	0.012054	0.031400	0.008292	0.011197	0.011267	0.027544	0.029234	0.015737	0.025171	0.036035	0.033299	0.030055	0.007894	0.027860	0.014319	0.029222	0.015196	0.036443	0.009010	0.022379	0.026708	0.013011	0.009592	0.017546	0.025054	0.018251	0.029770	0.033240	0.022110	0.012073	0.029512	
0.037422	0.028737	0.001541	0.033398	0.015597	0.012369	0.019878	0.022262	0.008102	0.025097	0.035219	0.029651	0.031539	0.034644	0.002135	0.009412	0.027401	0.022012	0.014820	0.028123	0.009560	0.013421	0.015877	0.030962	0.019114	0.009203	0.009070	0.013101	0.036879	0.002360	0.035865	0.025597	0.013992	0.003625	0.035555	0.027311	0.029682	0.020166	0.005483	0.007956	0.027723	0.000871	0.007235	0.036369	0.028902	0.017516	0.035726	0.019003	0.005478	0.017036	
0.014824	0.032782	0.027314	0.009182	0.007995	0.008725	0.041219	0.016042	0.010691	0.008752	0.029852	0.023090	0.022802	0.030588	0.003301	0.008193	0.017643	0.005681	0.040765	0.037122	0.006680	0.023259	0.017662	0.038607	0.022555	0.041351	0.002831	0.014473	0.018073	0.007044	0.023013	0.005531	0.001124	0.020360	0.004326	0.031445	0.009612	0.018568	0.013166	0.039534	0.034029	0.012700	0.026831	0.020194	0.025027	0.034070	0.012002	0.033746	0.030520	0.015102	
0.034867	0.010807	0.030587	0.017288	0.010605	0.020678	0.034439	0.000789	0.003300	0.034274	0.024231	0.025023	0.025567	0.017741	0.011061	0.001568	0.024867	0.011985	0.026761	0.029315	0.024653	0.015593	0.033226	0.001026	0.035235	0.030892	0.027096	0.029332	0.014762	0.000609	0.030874	0.025134	0.015492	0.021430	0.011088	0.034545	0.026118	0.034541	0.030108	0.014966	0.002747	0.003559	0.013941	0.025472	0.014775	0.023343	0.024628	0.019576	0.001791	0.017693	
0.010770	0.034784	0.010835	0.026428	0.028247	0.033848	0.000494	0.016296	0.004752	0.001883	0.021961	0.031375	0.026493	0.015322	0.031564	0.028979	0.011528	0.028547	0.033260	0.011555	0.017623	0.029126	0.006471	0.027867	0.021569	0.032484	0.017454	0.006480	0.014824	0.008720	0.023762	0.005078	0.021140	0.005949	0.030008	0.034066	0.015848	0.010647	0.029391	0.022738	0.019065	0.019100	0.031479	0.035474	0.018275	0.010074	0.004417	0.015050	0.028116	0.028783	
0.037322	0.028706	0.014984	0.016111	0.007988	0.020881	0.014985	0.020503	0.000569	0.003245	0.025470	0.026487	0.025121	0.019896	0.017073	0.039878	0.010935	0.004767	0.031077	0.003085	0.004583	0.027083	0.036897	0.019886	0.028248	0.022675	0.008200	0.038223	0.001250	0.036547	0.023839	0.036926	0.017117	0.000957	0.036636	0.000969	0.011814	0.004900	0.007160	0.023574	0.028331	0.030539	0.027433	0.003467	0.039642	0.020419	0.034246	0.016677	0.023634	0.019046	
0.040169	0.016528	0.004441	0.018076	0.017259	0.037175	0.011025	0.038713	0.019300	0.021603	0.024526	0.031623	0.025470	0.003747	0.021571	0.038504	0.002359	0.012878	0.022134	0.007960	0.000899	0.025980	0.028156	0.037084	0.006956	0.039412	0.014872	0.027020	0.017844	0.023122	0.042758	0.031545	0.006684	0.017310	0.020847	0.002701	0.019785	0.031619	0.003662	0.020658	0.005409	0.036591	0.039245	0.006383	0.006518	0.000247	0.026081	0.026399	0.001949	0.017204	
0.012895	0.019099	0.001185	0.030644	0.034541	0.020875	0.021315	0.040080	0.013071	0.034140	0.028621	0.028072	0.036577	0.010493	0.000868	0.008190	0.033383	0.032850	0.006738	0.019010	0.001040	0.013870	0.016770	0.016923	0.013463	0.003271	0.022670	0.003432	0.030916	0.004276	0.028890	0.021508	0.035569	0.020346	0.023251	0.039365	0.039476	0.004570	0.006104	0.003155	0.018178	0.002052	0.039158	0.017867	0.021957	0.020152	0.024327	0.025732	0.018013	0.031054	
0.004058	0.004776	0.028387	0.017998	0.017355	0.033492	0.031389	0.015959	0.026943	0.030074	0.014093	0.004974	0.034837	0.008785	0.035134	0.008725	0.027506	0.002944	0.017932	0.024030	0.028376	0.014049	0.026355	0.003969	0.028019	0.035190	0.020206	0.000230	0.025674	0.025200	0.030688	0.026026	0.005080	0.027111	0.014015	0.031073	0.021623	0.015682	0.017253	0.023249	0.015788	0.004390	0.021613	0.032060	0.025408	0.019789	0.013519	0.012863	0.011319	0.034791	
0.031308	0.015102	0.015995	0.006387	0.003385	0.032981	0.035861	0.006127	0.023448	0.032267	0.028964	0.029010	0.013350	0.011563	0.040582	0.040163	0.042260	0.030633	0.026127	0.026891	0.035252	0.001301	0.001040	0.030040	0.033070	0.024935	0.022139	0.004711	0.003005	0.012617	0.005520	0.037085	0.011319	0.014192	0.023453	0.030183	0.041707	0.013262	0.018901	0.009328	0.014040	0.002928	0.010215	0.006352	0.024191	0.018332	0.000263	0.001602	0.035089	0.021525	
0.008490	0.031389	0.002150	0.013690	0.007804	0.002776	0.019638	0.037259	0.044752	0.041720	0.034102	0.037130	0.019910	0.022466	0.020614	0.011765	0.003777	0.029674	0.026522	0.042057	0.008755	0.029475	0.010500	0.018756	0.014978	0.005076	0.023095	0.008125	0.023963	0.009690	0.015706	0.021402	0.029026	0.035269	0.012084	0.006351	0.032324	0.023973	0.011271	0.006841	0.016435	0.000997	0.045544	0.033233	0.005982	0.014817	0.004158	0.019451	0.030275	0.024765	
0.000336	0.035217	0.001650	0.033889	0.041262	0.007498	0.038524	0.000813	0.008396	0.019547	0.035956	0.027858	0.009169	0.029022	0.017958	0.015833	0.020976	0.015540	0.019328	0.018395	0.007831	0.024336	0.003391	0.035855	0.003638	0.010552	0.038613	0.012102	0.019461	0.030038	0.014882	0.035114	0.029822	0.025530	0.040483	0.019695	0.024487	0.034735	0.003341	0.015668	0.031927	0.040919	0.028952	0.008355	0.017820	0.004409	0.024647	0.003937	0.002173	0.010118	
0.030587	0.022974	0.006837	0.019848	0.027200	0.010553	0.015206	0.018117	0.001857	0.042314	0.013218	0.043901	0.009257	0.036832	0.019633	0.009950	0.004095	0.013449	0.032350	0.017922	0.036329	0.009788	0.014196	0.025084	0.009494	0.018517	0.006300	0.020242	0.026481	0.014047	0.000663	0.016442	0.037522	0.026598	0.031269	0.010467	0.029695	0.027941	0.044393	0.022212	0.036715	0.036421	0.009065	0.006174	0.033919	0.010005	0.006911	0.011832	0.015203	0.009972	
0.029194	0.026358	0.016853	0.029373	0.035473	0.025150	0.017937	0.021258	0.023248	0.033303	0.001358	0.018325	0.004353	0.030503	0.027385	0.004701	0.010259	0.017054	0.017230	0.023582	0.004756	0.032853	0.008045	0.019830	0.000009	0.033379	0.003488	0.031032	0.018462	0.027282	0.020883	0.010510	0.014134	0.035507	0.031594	0.030028	0.008926	0.009380	0.022128	0.007694	0.016094	0.033357	0.034625	0.025218	0.013374	0.022933	0.018862	0.011563	0.016900	0.024257	
0.013244	0.009528	0.004649	0.006376	0.022986	0.033929	0.012384	0.035481	0.037124	0.007985	0.012839	0.021675	0.042330	0.031445	0.000582	0.027909	0.041527	0.007053	0.003906	0.015777	0.001986	0.011382	0.029344	0.003437	0.028379	0.040839	0.027742	0.028371	0.031285	0.002656	0.026414	0.021512	0.012327	0.029172	0.021915	0.020090	0.026636	0.041260	0.032586	0.040475	0.003934	0.021040	0.030715	0.013037	0.021893	0.001479	0.004419	0.028581	0.007189	0.001172	
0.026844	0.018506	0.013379	0.022163	0.007459	0.028226	0.019444	0.033248	0.009415	0.022333	0.029230	0.022904	0.009985	0.024590	0.022221	0.008505	0.017900	0.022586	0.021815	0.016304	0.018806	0.027421	0.021613	0.010450	0.028876	0.007173	0.000440	0.033683	0.030862	0.000894	0.016542	0.017205	0.024287	0.033424	0.008440	0.030238	0.017118	0.033737	0.008892	0.027143	0.012632	0.025308	0.011356	0.009280	0.019187	0.030092	0.032908	0.029481	0.033586	0.001866	
0.016142	0.015451	0.034681	0.001089	0.007195	0.032686	0.011313	0.027427	0.023845	0.026245	0.034180	0.008157	0.036429	0.031808	0.013194	0.010135	0.025840	0.025927	0.035250	0.019652	0.013955	0.017795	0.012752	0.035633	0.006118	0.036113	0.000965	0.017998	0.000730	0.025420	0.015832	0.005923	0.025136	0.028170	0.028472	0.021421	0.015409	0.008964	0.025641	0.016923	0.016569	0.009934	0.008799	0.004183	0.038176	0.022531	0.032314	0.024092	0.012707	0.034675	
0.004115	0.036908	0.034112	0.036170	0.035060	0.004465	0.015833	0.000707	0.014869	0.040284	0.037586	0.041765	0.006727	0.027958	0.026127	0.027367	0.035193	0.010861	0.007241	0.031904	0.022604	0.019095	0.008219	0.038375	0.024818	0.015186	0.013950	0.009870	0.028951	0.010549	0.005672	0.041514	0.029555	0.006942	0.000035	0.014949	0.018851	0.015162	0.036251	0.032301	0.008055	0.009205	0.007203	0.004049	0.019879	0.000050	0.028977	0.012544	0.000886	0.041050	
0.028242	0.014978	0.030927	0.041805	0.031187	0.024792	0.042440	0.042122	0.027844	0.014933	0.021855	0.023774	0.009949	0.011894	0.041295	0.039619	0.003296	0.001716	0.028835	0.022537	0.002604	0.031772	0.004370	0.030758	0.016940	0.010711	0.037188	0.035727	0.021020	0.006279	0.007564	0.000487	0.025571	0.019930	0.018120	0.029002	0.001468	0.002478	0.010240	0.007912	0.032780	0.035973	0.019422	0.006847	0.005738	0.032548	0.021954	0.001587	0.005067	0.013903	
0.029375	0.026871	0.025065	0.026833	0.005366	0.035242	0.017590	0.025324	0.032868	0.028166	0.018872	0.014128	0.013962	0.022789	0.025026	0.002286	0.029881	0.007043	0.014086	0.020353	0.022072	0.019548	0.014031	0.019871	0.002933	0.021538	0.021667	0.014713	0.032510	0.009653	0.014291	0.006955	0.032077	0.021776	0.031808	0.033071	0.028921	0.018563	0.030116	0.032868	0.017786	0.008905	0.032358	0.001813	0.000610	0.028633	0.011481	0.024594	0.016272	0.007438	
0.018602	0.012089	0.010921	0.023068	0.028020	0.031808	0.000375	0.000871	0.037438	0.028737	0.015077	0.027594	0.034472	0.036695	0.007904	0.021619	0.030470	0.036644	0.001282	0.026898	0.018213	0.012168	0.015853	0.020975	0.024669	0.029288	0.033005	0.035455	0.034607	0.001823	0.021131	0.012800	0.022992	0.001308	0.037037	0.010455	0.000099	0.031647	0.036081	0.027773	0.014337	0.007737	0.016441	0.010347	0.005857	0.033462	0.007752	0.004160	0.013460	0.028484	
0.031089	0.030517	0.003692	0.006957	0.037780	0.014118	0.027564	0.035743	0.008518	0.015842	0.001483	0.001450	0.028792	0.005079	0.001109	0.021510	0.032331	0.014722	0.029298	0.002584	0.018269	0.040092	0.013066	0.015952	0.002941	0.028808	0.019940	0.016272	0.023467	0.001223	0.023752	0.033332	0.036460	0.018062	0.019752	0.030254	0.027753	0.032339	0.028896	0.040825	0.024385	0.010156	0.038624	0.012741	0.010435	0.035478	0.017201	0.017131	0.000332	0.011882	
0.031751	0.019470	0.023491	0.018060	0.028311	0.029694	0.018866	0.010048	0.005761	0.019343	0.004929	0.035044	0.037361	0.014042	0.011222	0.000495	0.015091	0.018363	0.011376	0.000257	0.036168	0.028170	0.027764	0.023101	0.013757	0.001868	0.024642	0.018680	0.033199	0.008506	0.019230	0.029779	0.028427	0.022117	0.008167	0.038053	0.001677	0.026116	0.035453	0.024202	0.022028	0.027694	0.021213	0.030157	0.019310	0.001717	0.024302	0.025936	0.010600	0.014994	
0.014849	0.019809	0.029265	0.006477	0.028028	0.005077	0.029165	0.006704	0.017304	0.014119	0.041292	0.029922	0.010407	0.030051	0.003094	0.022711	0.010371	0.015936	0.037645	0.030867	0.005923	0.028237	0.024442	0.039316	0.023246	0.036716	0.025814	0.019182	0.034520	0.021287	0.013795	0.027193	0.016597	0.007079	0.009253	0.030435	0.006223	0.037760	0.024270	0.010460	0.003978	0.034447	0.027916	0.019073	0.000546	0.001742	0.023898	0.021644	0.004033	0.017881	
0.025532	0.022663	0.027558	0.007065	0.017851	0.033509	0.016089	0.031032	0.024024	0.032062	0.027161	0.018544	0.024127	0.011907	0.011508	0.002814	0.011905	0.021533	0.025303	0.001589	0.016879	0.017534	0.027495	0.028220	0.033893	0.033480	0.002945	0.009729	0.015940	0.029782	0.012409	0.024625	0.022984	0.032775	0.020674	0.022812	0.032078	0.024491	0.026745	0.010142	0.033472	0.007144	0.032393	0.008310	0.002543	0.026153	0.004579	0.004999	0.009043	0.031956	
0.017351	0.036074	0.035085	0.033763	0.018792	0.024887	0.018788	0.000639	0.011365	0.003591	0.011601	0.012183	0.010464	0.019363	0.038061	0.029313	0.010761	0.022946	0.038566	0.010475	0.007770	0.023266	0.010030	0.014066	0.038890	0.017389	0.030089	0.021462	0.028265	0.015123	0.016147	0.028655	0.032842	0.034221	0.026920	0.011756	0.016037	0.013516	0.013377	0.012479	0.004403	0.026446	0.009610	0.017824	0.039760	0.015269	0.028004	0.022224	0.008532	0.011556	
0.020323	0.030355	0.012531	0.024733	0.033771	0.018944	0.022661	0.007215	0.010761	0.021418	0.016337	0.030727	0.013296	0.033552	0.008949	0.017210	0.025173	0.022513	0.000225	0.023872	0.017529	0.020508	0.010295	0.031920	0.027041	0.022876	0.020366	0.025806	0.007266	0.000660	0.017417	0.005234	0.027702	0.023426	0.029091	0.005102	0.020406	0.032003	0.029924	0.020155	0.020739	0.010562	0.029067	0.017484	0.030366	0.016414	0.009228	0.025045	0.032691	0.019111	
0.012631	0.009690	0.030286	0.022019	0.011975	0.001291	0.000396	0.038840	0.001296	0.005048	0.035592	0.043914	0.032741	0.008217	0.040152	0.011099	0.010791	0.019052	0.017124	0.029885	0.034809	0.011012	0.028483	0.005479	0.024598	0.006307	0.033898	0.014429	0.004612	0.005062	0.008888	0.042252	0.000892	0.027931	0.031680	0.027099	0.031730	0.033065	0.023403	0.013843	0.042924	0.035633	0.026612	0.023719	0.020718	0.006802	0.004826	0.040065	0.005808	0.001384	
0.005665	0.033233	0.030158	0.018054	0.019743	0.014774	0.019134	0.013225	0.037120	0.025995	0.023298	0.020317	0.011991	0.020911	0.000244	0.029974	0.007393	0.000663	0.011977	0.034826	0.021065	0.024883	0.035516	0.014626	0.015023	0.031660	0.033945	0.030465	0.017833	0.034871	0.020702	0.034819	0.031073	0.003032	0.002268	0.018350	0.015843	0.008928	0.014876	0.020973	0.023927	0.009045	0.005619	0.003128	0.025798	0.032938	0.019589	0.011459	0.035514	0.023540	
0.028029	0.019421	0.012866	0.015339	0.015427	0.024480	0.021907	0.030983	0.017810	0.002804	0.021124	0.007567	0.033688	0.027314	0.011870	0.033968	0.025928	0.032614	0.000726	0.013679	0.014698	0.008271	0.016836	0.020881	0.016509	0.021600	0.013594	0.010805	0.029503	0.015570	0.026292	0.019947	0.010278	0.035058	0.034792	0.019691	0.033702	0.010576	0.000202	0.022676	0.023984	0.010354	0.014185	0.029519	0.026401	0.001033	0.016438	0.032326	0.030494	0.036239	
0.018461	0.009653	0.009630	0.015561	0.036354	0.012620	0.008909	0.016379	0.017797	0.003857	0.021438	0.021909	0.022253	0.034518	0.015518	0.032622	0.024085	0.020208	0.020539	0.009455	0.016460	0.017364	0.028718	0.015674	0.026336	0.039525	0.005579	0.017200	0.010497	0.000708	0.010581	0.020828	0.043788	0.011161	0.034782	0.032384	0.038501	0.015458	0.013846	0.002615	0.031893	0.043039	0.009885	0.011886	0.004503	0.033776	0.021648	0.034185	0.005772	0.029643	
0.002691	0.023764	0.030727	0.002617	0.007023	0.021826	0.027808	0.003390	0.012409	0.016805	0.000832	0.031665	0.031138	0.005135	0.031252	0.018659	0.037212	0.008852	0.032290	0.020733	0.020070	0.002446	0.036154	0.036796	0.019140	0.007782	0.015639	0.005197	0.005964	0.004784	0.025661	0.004276	0.030914	0.015966	0.021104	0.004259	0.020262	0.028933	0.026902	0.028903	0.030994	0.035521	0.024725	0.034027	0.022697	0.032591	0.025726	0.010971	0.036059	0.018709	
0.004991	0.039220	0.008334	0.015418	0.019900	0.017956	0.026036	0.040898	0.002313	0.026911	0.000993	0.000995	0.012651	0.031730	0.013304	0.026335	0.016841	0.029217	0.014467	0.041805	0.019468	0.006999	0.033350	0.034368	0.006728	0.034799	0.026378	0.002006	0.010836	0.010705	0.014307	0.004226	0.040723	0.018472	0.025886	0.014150	0.022673	0.029025	0.008996	0.005794	0.010641	0.027976	0.027612	0.037386	0.020820	0.004321	0.034281	0.016244	0.027718	0.032795	
0.017328	0.005549	0.009088	0.001343	0.015836	0.015059	0.032472	0.003753	0.013939	0.021615	0.028122	0.034653	0.027143	0.004098	0.001753	0.006651	0.021507	0.023113	0.040114	0.039188	0.009697	0.039642	0.009724	0.019096	0.030849	0.009679	0.037897	0.025801	0.039796	0.003705	0.003325	0.033658	0.014069	0.017121	0.035423	0.001266	0.001591	0.012565	0.013412	0.034918	0.032112	0.001191	0.020926	0.014982	0.035582	0.016657	0.039889	0.043968	0.003209	0.035928	
0.011783	0.002818	0.021226	0.011838	0.017723	0.001544	0.016390	0.003677	0.001511	0.022228	0.036786	0.026586	0.026416	0.029622	0.027187	0.024979	0.030433	0.013460	0.022228	0.013941	0.008889	0.037803	0.006558	0.031172	0.003154	0.022671	0.003300	0.014765	0.003965	0.003191	0.024751	0.027485	0.029693	0.034627	0.001633	0.020068	0.021827	0.036179	0.011146	0.018289	0.034478	0.027014	0.030117	0.012683	0.035637	0.029001	0.026526	0.023950	0.019585	0.037468	
0.019659	0.022900	0.026460	0.007955	0.021146	0.032719	0.027015	0.031169	0.033938	0.022424	0.004047	0.013811	0.022993	0.035807	0.000452	0.033827	0.020701	0.023041	0.000136	0.036278	0.006506	0.035947	0.032591	0.001698	0.010948	0.025904	0.020881	0.023905	0.014400	0.035847	0.014976	0.023783	0.007022	0.003830	0.013069	0.026541	0.011535	0.030908	0.010753	0.001642	0.029007	0.004019	0.038527	0.030592	0.037431	0.021958	0.001994	0.003534	0.024465	0.019308	
0.010006	0.038758	0.002121	0.029814	0.025564	0.039366	0.001076	0.009909	0.009761	0.037493	0.032148	0.036871	0.002617	0.008054	0.013133	0.016333	0.006115	0.016327	0.030340	0.018342	0.006545	0.026349	0.010190	0.033511	0.038192	0.036342	0.017990	0.011678	0.010737	0.004430	0.022329	0.030855	0.038420	0.003279	0.007652	0.040956	0.007169	0.037323	0.042089	0.032914	0.021742	0.001392	0.036887	0.019748	0.008498	0.024874	0.009163	0.001105	0.017042	0.016451	
0.006699	0.018817	0.035553	0.020350	0.021305	0.037183	0.025230	0.025095	0.027074	0.001024	0.032316	0.034624	0.000396	0.013352	0.021923	0.035835	0.015371	0.010749	0.010166	0.032363	0.034761	0.003001	0.026879	0.021857	0.032424	0.025485	0.017687	0.031974	0.014010	0.025463	0.008816	0.015332	0.034342	0.003795	0.019166	0.009235	0.012534	0.011468	0.035291	0.002898	0.033378	0.018585	0.032162	0.020350	0.007797	0.021902	0.028072	0.005902	0.008515	0.011494	
0.018690	0.016400	0.040862	0.035033	0.016616	0.021364	0.008316	0.026905	0.002003	0.016557	0.020657	0.039309	0.032737	0.011801	0.031122	0.027148	0.017889	0.024474	0.022210	0.039033	0.035214	0.012410	0.013966	0.002476	0.004608	0.041494	0.004349	0.027218	0.014777	0.020887	0.014796	0.027338	0.018578	0.018020	0.019217	0.021990	0.008601	0.040757	0.017899	0.030648	0.007185	0.005885	0.030089	0.029445	0.030515	0.003809	0.002370	0.009162	0.014222	0.002946	
0.017537	0.026885	0.015294	0.023710	0.035641	0.035808	0.019451	0.008703	0.004296	0.010386	0.005257	0.006070	0.032499	0.033106	0.009218	0.027969	0.017019	0.023873	0.007435	0.017071	0.030734	0.018626	0.028027	0.023797	0.039156	0.025760	0.030728	0.037172	0.038046	0.003171	0.007523	0.025031	0.023003	0.019482	0.003877	0.040035	0.024721	0.002484	0.016755	0.007574	0.029233	0.013597	0.020017	0.019395	0.003549	0.021368	0.009609	0.028293	0.004729	0.027280	
0.027089	0.018886	0.022481	0.020936	0.034997	0.009803	0.010596	0.021018	0.008714	0.014474	0.009800	0.000187	0.033705	0.003281	0.020731	0.015822	0.033982	0.019128	0.003819	0.025804	0.035316	0.019022	0.034645	0.024184	0.033562	0.011295	0.007369	0.007873	0.006310	0.002622	0.031920	0.030816	0.017595	0.031724	0.020939	0.027914	0.031924	0.014910	0.023236	0.003786	0.015534	0.033220	0.009327	0.026039	0.029876	0.017933	0.024911	0.010045	0.032549	0.028351	
0.035172	0.035344	0.013327	0.017717	0.021005	0.030796	0.015026	0.037975	0.026283	0.018369	0.003364	0.016324	0.019358	0.005087	0.017502	0.000205	0.029310	0.020964	0.015624	0.025218	0.025841	0.007199	0.037377	0.005939	0.007565	0.011588	0.033919	0.003709	0.037061	0.015451	0.017604	0.021851	0.029459	0.022659	0.028005	0.026489	0.006746	0.032140	0.004971	0.033527	0.008741	0.004562	0.004576	0.036683	0.016443	0.032125	0.009815	0.025299	0.019078	0.029607	
0.009034	0.004171	0.015948	0.027787	0.022554	0.008904	0.020831	0.020134	0.014519	0.020547	0.024972	0.018157	0.002755	0.028975	0.038804	0.016076	0.038466	0.031518	0.000157	0.005468	0.019090	0.028890	0.033802	0.018682	0.025084	0.031049	0.027415	0.018660	0.007447	0.020005	0.000140	0.022419	0.022460	0.004245	0.021339	0.038958	0.028206	0.032819	0.000255	0.007115	0.030959	0.035260	0.032841	0.006496	0.031814	0.017202	0.014663	0.012720	0.008333	0.031856	
0.033457	0.035728	0.024739	0.031010	0.020407	0.000919	0.040493	0.023879	0.013388	0.022979	0.008992	0.026083	0.000192	0.023842	0.016839	0.011134	0.029712	0.012525	0.039253	0.030993	0.025298	0.017182	0.007616	0.003658	0.039562	0.031056	0.027841	0.012845	0.035579	0.001567	0.023150	0.040014	0.003638	0.012143	0.031882	0.014103	0.012954	0.001611	0.040887	0.004309	0.003761	0.025972	0.031510	0.037511	0.023359	0.016838	0.009535	0.004115	0.005881	0.008058	
0.001442	0.001755	0.032351	0.044139	0.001043	0.017274	0.042734	0.000257	0.003071	0.018591	0.013981	0.002812	0.045092	0.020314	0.023442	0.040631	0.019607	0.032736	0.007186	0.008065	0.003294	0.037462	0.025467	0.025663	0.033603	0.004458	0.015873	0.011176	0.011013	0.022900	0.001572	0.045676	0.048540	0.000031	0.007474	0.010896	0.025147	0.041509	0.002741	0.010684	0.009474	0.032388	0.041091	0.021410	0.003718	0.035314	0.042122	0.022156	0.026726	0.003901	
0.029926	0.014580	0.038066	0.039759	0.039316	0.012409	0.041431	0.003712	0.014118	0.035717	0.037751	0.006210	0.001321	0.004489	0.022072	0.032093	0.024567	0.024686	0.008405	0.006036	0.003117	0.006129	0.007879	0.021896	0.027480	0.036879	0.033379	0.026934	0.013123	0.037267	0.022330	0.005083	0.024582	0.018644	0.023305	0.020740	0.000515	0.019303	0.026637	0.001830	0.040747	0.025084	0.010213	0.029515	0.014603	0.010667	0.006706	0.006936	0.026133	0.015677	
0.041622	0.001245	0.008917	0.010868	0.013919	0.027914	0.022671	0.011309	0.023155	0.021589	0.014638	0.037191	0.016214	0.006437	0.014622	0.020886	0.015961	0.028284	0.009733	0.000852	0.041460	0.012081	0.033582	0.031890	0.021270	0.023839	0.001238	0.031211	0.031995	0.013094	0.027950	0.006192	0.034896	0.013214	0.002702	0.016325	0.009817	0.040493	0.004933	0.022611	0.012593	0.021902	0.035314	0.038075	0.031847	0.015268	0.005329	0.019076	0.027869	0.023909	
0.002257	0.002311	0.035295	0.009703	0.029203	0.037321	0.033812	0.030587	0.006824	0.031998	0.033664	0.022236	0.010042	0.005628	0.030063	0.006832	0.015210	0.016435	0.025947	0.007181	0.033928	0.014891	0.017944	0.039426	0.022874	0.015114	0.013317	0.039268	0.016105	0.023307	0.014699	0.028013	0.013083	0.010430	0.017174	0.010805	0.023534	0.024227	0.005837	0.000051	0.023053	0.025476	0.004681	0.022365	0.034794	0.005148	0.037008	0.020195	0.014823	0.035883	
0.023169	0.003824	0.013718	0.024450	0.002376	0.012949	0.009694	0.011950	0.032936	0.013357	0.028469	0.006832	0.037070	0.000390	0.020395	0.027845	0.006803	0.006564	0.024440	0.004101	0.018804	0.032515	0.026838	0.015681	0.026346	0.024803	0.024129	0.031632	0.012783	0.020336	0.017829	0.018001	0.035369	0.035694	0.019545	0.023664	0.000983	0.018411	0.031360	0.013982	0.020825	0.037155	0.017276	0.031743	0.031796	0.024778	0.023061	0.014340	0.015079	0.023911	
0.024715	0.011952	0.023944	0.034151	0.033938	0.023783	0.023177	0.029958	0.027389	0.028410	0.030191	0.003295	0.003971	0.024248	0.002770	0.011425	0.012233	0.015589	0.029808	0.028088	0.027524	0.024086	0.027945	0.016756	0.021095	0.015887	0.019011	0.033492	0.000245	0.030415	0.029828	0.033197	0.012117	0.000397	0.035119	0.005568	0.004643	0.016334	0.015296	0.029393	0.025346	0.011190	0.009071	0.022151	0.012532	0.015058	0.020354	0.017787	0.015245	0.029885	
0.035843	0.022412	0.032149	0.028196	0.014358	0.038869	0.011112	0.010508	0.019920	0.013174	0.026017	0.005095	0.032956	0.025420	0.032197	0.012038	0.010281	0.002565	0.030731	0.002646	0.033008	0.025221	0.018732	0.010237	0.012591	0.004898	0.028612	0.002471	0.000117	0.024787	0.030604	0.034578	0.031697	0.026840	0.024249	0.028202	0.037496	0.012542	0.035747	0.001807	0.019062	0.011967	0.001747	0.017628	0.017040	0.023163	0.022751	0.016788	0.019534	0.019400	
0.024629	0.020934	0.006897	0.020991	0.021219	0.015673	0.028755	0.009762	0.032424	0.026037	0.024033	0.025004	0.020597	0.043894	0.041295	0.012614	0.009786	0.012940	0.000271	0.034768	0.006215	0.042894	0.006476	0.028007	0.002823	0.021097	0.021853	0.000777	0.001556	0.006120	0.035902	0.017198	0.001862	0.000945	0.035280	0.031807	0.009421	0.002093	0.012697	0.025490	0.032122	0.011746	0.000971	0.034660	0.039846	0.005827	0.024783	0.027344	0.039919	0.039748	
0.025301	0.018253	0.016450	0.025500	0.029892	0.043456	0.021654	0.017646	0.012137	0.044608	0.005116	0.040446	0.016689	0.039018	0.017910	0.014947	0.044700	0.013097	0.029437	0.000385	0.008079	0.002405	0.021435	0.010547	0.014868	0.016574	0.031698	0.042690	0.015145	0.002450	0.003320	0.026877	0.021576	0.010071	0.012774	0.005973	0.000011	0.031510	0.023878	0.030883	0.003259	0.016453	0.036993	0.043612	0.016372	0.010188	0.035485	0.011168	0.011614	0.005451	
0.027251	0.028692	0.013696	0.000307	0.010771	0.035638	0.011218	0.009999	0.026645	0.014892	0.013415	0.025690	0.006774	0.016806	0.033422	0.022924	0.034740	0.030696	0.020153	0.024652	0.017301	0.005846	0.001488	0.036402	0.012213	0.027174	0.015112	0.012686	0.014356	0.037162	0.034072	0.022868	0.006096	0.029813	0.008735	0.014164	0.029493	0.020476	0.010805	0.016031	0.034572	0.029858	0.014091	0.034518	0.011180	0.003520	0.012031	0.018665	0.026020	0.034873	
0.021734	0.004037	0.003027	0.039118	0.013641	0.013455	0.022232	0.025914	0.033613	0.035520	0.013609	0.027684	0.026227	0.033263	0.002559	0.031157	0.021113	0.003681	0.023331	0.033787	0.017557	0.008844	0.021366	0.008502	0.035130	0.017336	0.016060	0.007423	0.004252	0.000079	0.027527	0.020068	0.007478	0.032147	0.010297	0.033107	0.023354	0.014867	0.015661	0.002550	0.027929	0.034042	0.020521	0.037875	0.028051	0.026774	0.014573	0.037178	0.015401	0.005353	
0.015965	0.027352	0.023953	0.021991	0.031855	0.032335	0.013441	0.034829	0.024717	0.008271	0.015760	0.018934	0.010113	0.003125	0.013955	0.029863	0.006911	0.004569	0.037044	0.014454	0.009145	0.004220	0.021994	0.025570	0.019756	0.027606	0.007936	0.004604	0.021721	0.034859	0.033650	0.020142	0.022780	0.014535	0.023607	0.012180	0.036563	0.009772	0.008814	0.004369	0.030213	0.005369	0.028765	0.013074	0.032478	0.022673	0.030359	0.021450	0.038054	0.024309	
0.036929	0.030874	0.023158	0.006832	0.025644	0.005663	0.009355	0.004317	0.039102	0.024234	0.015815	0.022534	0.032325	0.032747	0.006418	0.031689	0.012729	0.017489	0.012197	0.033650	0.029594	0.029909	0.010283	0.036704	0.031546	0.033474	0.001859	0.025378	0.039109	0.028651	0.000062	0.003222	0.030073	0.014114	0.001934	0.028237	0.018004	0.002603	0.001468	0.037195	0.037142	0.034988	0.028714	0.016116	0.022125	0.000529	0.003396	0.019863	0.004172	0.005831	
0.019342	0.034662	0.021942	0.026401	0.024240	0.015276	0.032730	0.037172	0.004403	0.029240	0.016404	0.013372	0.019450	0.013692	0.023583	0.027165	0.020271	0.021504	0.014955	0.007256	0.022662	0.006214	0.005480	0.016068	0.024684	0.026461	0.035138	0.032904	0.000530	0.028134	0.022289	0.001534	0.034567	0.011948	0.004747	0.023822	0.003503	0.028360	0.013059	0.033389	0.005705	0.036872	0.034547	0.028828	0.013927	0.037153	0.006432	0.008240	0.018541	0.011200	
0.023612	0.035748	0.009355	0.024696	0.012819	0.018885	0.002542	0.013877	0.024227	0.036745	0.006107	0.032747	0.007462	0.017346	0.029257	0.035297	0.012178	0.034705	0.022912	0.028003	0.030163	0.011854	0.007677	0.018144	0.000438	0.021576	0.020565	0.033052	0.011201	0.015013	0.005720	0.011538	0.019038	0.031543	0.021510	0.036510	0.033239	0.016311	0.004730	0.038184	0.007314	0.032380	0.019547	0.008305	0.008820	0.027760	0.033068	0.025294	0.000821	0.020165	
0.000104	0.018651	0.010037	0.032611	0.022231	0.043494	0.001031	0.042286	0.035781	0.022381	0.033910	0.013940	0.035611	0.012931	0.002790	0.023152	0.000598	0.014268	0.039911	0.007388	0.039988	0.022361	0.010546	0.003555	0.009029	0.044837	0.011594	0.004898	0.022431	0.018741	0.012089	0.001996	0.027898	0.007667	0.016296	0.042994	0.029874	0.030587	0.010179	0.029935	0.022323	0.009854	0.024996	0.026998	0.008882	0.005159	0.027423	0.025955	0.031955	0.005856	
0.014145	0.019541	0.005604	0.035871	0.001498	0.040442	0.004172	0.008180	0.000652	0.008052	0.005966	0.029824	0.022874	0.040511	0.018887	0.034008	0.004623	0.002736	0.012826	0.031581	0.010402	0.026531	0.029893	0.031994	0.031481	0.007706	0.037087	0.005891	0.039409	0.024158	0.001576	0.007937	0.006997	0.040686	0.016709	0.001457	0.038142	0.027324	0.032859	0.001749	0.015295	0.018950	0.031875	0.037577	0.029354	0.010422	0.037808	0.010473	0.005258	0.041000	
0.034313	0.009330	0.024004	0.001261	0.029339	0.033463	0.032248	0.006712	0.031512	0.019377	0.015651	0.006796	0.033683	0.002360	0.010340	0.036539	0.030027	0.006015	0.031438	0.022963	0.013258	0.007166	0.035270	0.006825	0.021311	0.029141	0.023441	0.024573	0.029512	0.020197	0.015239	0.016891	0.035597	0.007145	0.002698	0.006858	0.010663	0.020552	0.035124	0.004582	0.037706	0.013716	0.024893	0.034561	0.006798	0.008227	0.036453	0.023588	0.019550	0.011095	
0.023301	0.025785	0.028210	0.043570	0.024121	0.009952	0.026839	0.005603	0.028363	0.041296	0.015947	0.035967	0.013282	0.002991	0.022407	0.017571	0.018239	0.042568	0.016227	0.014537	0.002337	0.046633	0.011727	0.031387	0.012146	0.001638	0.025060	0.041645	0.012975	0.023742	0.030224	0.035143	0.022010	0.027759	0.037580	0.030514	0.027380	0.035027	0.016752	0.013231	0.014161	0.001436	0.001999	0.014384	0.000783	0.006601	0.000461	0.006618	0.005247	0.006624	
0.036341	0.013828	0.018444	0.001181	0.037033	0.011006	0.022644	0.033388	0.030658	0.005247	0.037026	0.031245	0.023569	0.022087	0.008150	0.029152	0.036881	0.013006	0.010224	0.028490	0.003029	0.004165	0.001486	0.032474	0.032212	0.031768	0.000036	0.027022	0.019446	0.013311	0.007667	0.022483	0.015768	0.025859	0.019646	0.001986	0.001844	0.019911	0.019583	0.027720	0.031759	0.014940	0.023609	0.022921	0.026803	0.020142	0.012601	0.020050	0.016022	0.034137	
0.035725	0.032255	0.009620	0.035606	0.005087	0.016863	0.015818	0.012967	0.001905	0.031925	0.029670	0.030749	0.003346	0.031168	0.019138	0.000313	0.025922	0.034165	0.005113	0.015543	0.023854	0.039645	0.042204	0.003500	0.036878	0.015744	0.021924	0.037999	0.008545	0.021615	0.033534	0.021041	0.021149	0.013813	0.009172	0.005353	0.023735	0.003735	0.040614	0.006093	0.015137	0.004230	0.040801	0.037158	0.019725	0.026654	0.008918	0.004880	0.012616	0.006834	
0.034769	0.019429	0.021799	0.014537	0.006290	0.015487	0.029231	0.010098	0.019688	0.003950	0.011009	0.026688	0.001351	0.007573	0.039480	0.036176	0.012624	0.036157	0.006694	0.026069	0.039563	0.037993	0.007376	0.025000	0.031585	0.012121	0.002849	0.004939	0.020948	0.024018	0.007908	0.005204	0.005522	0.017000	0.037254	0.006794	0.037529	0.024785	0.014163	0.007810	0.032852	0.034978	0.014539	0.019271	0.038717	0.012272	0.034974	0.002075	0.020830	0.040030	
0.014599	0.032544	0.000590	0.016273	0.003234	0.037967	0.037312	0.027208	0.032095	0.040259	0.012849	0.011488	0.037923	0.002685	0.011628	0.040464	0.002352	0.016236	0.004994	0.004258	0.024001	0.041003	0.034529	0.034928	0.030480	0.011862	0.027950	0.006996	0.020116	0.023084	0.015917	0.007396	0.007263	0.010016	0.009230	0.033703	0.018027	0.001477	0.034075	0.026244	0.020538	0.016523	0.028767	0.008161	0.028874	0.001535	0.001765	0.024845	0.030941	0.032795	
0.013241	0.014885	0.023422	0.015162	0.033360	0.005674	0.016336	0.009709	0.023023	0.014175	0.034823	0.037741	0.013897	0.001084	0.035271	0.013881	0.031028	0.004151	0.028910	0.038848	0.002708	0.037833	0.002916	0.038795	0.001630	0.013895	0.008107	0.032732	0.003628	0.026940	0.003334	0.025677	0.010504	0.029281	0.027139	0.033812	0.033897	0.034714	0.033839	0.000626	0.021712	0.035661	0.036374	0.005162	0.020652	0.004942	0.029580	0.000392	0.025797	0.009098	
0.004342	0.027701	0.037396	0.025783	0.026802	0.006671	0.020226	0.035361	0.014703	0.021718	0.036416	0.030102	0.032184	0.022431	0.032835	0.020350	0.019947	0.025445	0.034727	0.037341	0.010585	0.022621	0.028726	0.000841	0.013195	0.004824	0.018191	0.008650	0.025187	0.006841	0.001440	0.002427	0.041051	0.036946	0.001898	0.002597	0.027213	0.012142	0.004044	0.000977	0.032064	0.012980	0.032057	0.000958	0.030501	0.023470	0.010958	0.039611	0.031712	0.002809	
0.025506	0.031387	0.033353	0.024333	0.023979	0.009933	0.022914	0.036660	0.015724	0.025749	0.024662	0.017840	0.009440	0.030135	0.009193	0.034409	0.035351	0.007719	0.012068	0.033953	0.037399	0.034806	0.013608	0.028802	0.020428	0.034409	0.020178	0.025426	0.009730	0.002019	0.009503	0.037240	0.024552	0.000507	0.033152	0.008208	0.032229	0.000657	0.007106	0.006622	0.001131	0.004998	0.029680	0.005219	0.025716	0.028829	0.017879	0.014381	0.016726	0.004552	
0.018366	0.028838	0.013856	0.004569	0.031526	0.017880	0.024694	0.003011	0.033114	0.021039	0.008474	0.024998	0.027412	0.028138	0.026639	0.013269	0.027243	0.010464	0.016950	0.036324	0.008312	0.032309	0.012080	0.036003	0.027415	0.017962	0.021399	0.031549	0.010113	0.025154	0.015812	0.012345	0.024047	0.036012	0.013283	0.009046	0.032539	0.002668	0.026538	0.034479	0.024704	0.017662	0.025533	0.000825	0.027330	0.006223	0.008957	0.011274	0.013582	0.018042	
0.039684	0.004478	0.042310	0.001917	0.004502	0.043734	0.029076	0.001771	0.032099	0.026310	0.015666	0.007780	0.033136	0.023670	0.045456	0.010709	0.014327	0.018370	0.014523	0.011783	0.033383	0.047457	0.027528	0.028046	0.011590	0.003971	0.026809	0.016225	0.009243	0.003048	0.002431	0.019241	0.000276	0.015977	0.016551	0.000054	0.036250	0.006652	0.038731	0.039016	0.022762	0.005439	0.010121	0.037290	0.019015	0.024460	0.000356	0.041300	0.034019	0.001457	
0.003288	0.009955	0.002826	0.034143	0.023845	0.035815	0.023514	0.009045	0.035551	0.014746	0.000492	0.025504	0.008354	0.022675	0.012928	0.008670	0.034193	0.002837	0.031430	0.040267	0.017089	0.037549	0.001741	0.011975	0.017451	0.013194	0.009255	0.036032	0.004079	0.012468	0.019926	0.003581	0.011376	0.034138	0.006616	0.029814	0.039937	0.016076	0.002694	0.035048	0.035232	0.036714	0.027759	0.028928	0.001765	0.000287	0.033087	0.037976	0.017446	0.040689	
0.018855	0.026470	0.027470	0.019248	0.035017	0.004817	0.018311	0.027950	0.030471	0.036554	0.012244	0.001824	0.015730	0.023889	0.007931	0.030327	0.023933	0.006128	0.014014	0.029501	0.017642	0.029184	0.012595	0.033931	0.003057	0.011686	0.011245	0.027785	0.018768	0.016576	0.025850	0.028607	0.028952	0.019361	0.004627	0.036527	0.010432	0.027908	0.010932	0.024966	0.003929	0.007950	0.020637	0.000780	0.037517	0.009764	0.028882	0.030841	0.026332	0.022053	
0.022086	0.026581	0.028228	0.023946	0.014527	0.030351	0.026123	0.023628	0.010031	0.029113	0.014185	0.035949	0.027034	0.021817	0.031583	0.031924	0.033818	0.017050	0.011286	0.020648	0.022611	0.034299	0.001192	0.009533	0.015268	0.017723	0.015243	0.021522	0.014279	0.015402	0.029962	0.012710	0.032072	0.002660	0.004504	0.009737	0.029813	0.001690	0.028836	0.025690	0.019514	0.034770	0.022865	0.020214	0.026247	0.022724	0.008281	0.017863	0.002781	0.000087	
0.006071	0.016889	0.025525	0.015886	0.018225	0.024269	0.024313	0.001334	0.030854	0.000888	0.008974	0.027126	0.036028	0.003706	0.023052	0.011990	0.017850	0.022676	0.000958	0.012221	0.032822	0.029567	0.041413	0.032487	0.021987	0.024773	0.029376	0.026090	0.026681	0.026840	0.038455	0.002233	0.004026	0.001700	0.041620	0.025921	0.034555	0.010304	0.035733	0.003191	0.018911	0.012926	0.026540	0.038363	0.014537	0.000612	0.007392	0.008920	0.018308	0.034882	
0.013685	0.006714	0.022695	0.015894	0.027918	0.026377	0.014478	0.017247	0.021669	0.005963	0.040055	0.009625	0.031328	0.017171	0.026052	0.005031	0.029625	0.014708	0.023372	0.033576	0.011246	0.006713	0.006724	0.030542	0.007750	0.006011	0.034796	0.012866	0.009381	0.025916	0.014068	0.026002	0.022274	0.032261	0.015581	0.027907	0.037747	0.013755	0.011276	0.027626	0.022517	0.014603	0.002100	0.013614	0.030957	0.032027	0.024943	0.017811	0.026056	0.031746	
0.025825	0.000261	0.011813	0.030207	0.031874	0.041115	0.010930	0.040729	0.001344	0.028151	0.003166	0.007929	0.036635	0.005587	0.040554	0.021749	0.025837	0.037560	0.017431	0.029605	0.019125	0.030700	0.012566	0.010228	0.040383	0.016071	0.000953	0.002516	0.019099	0.040253	0.008609	0.005907	0.004928	0.023114	0.014348	0.030942	0.004214	0.033697	0.002262	0.032095	0.001775	0.004071	0.035769	0.038317	0.026420	0.010508	0.025740	0.039825	0.005478	0.011786	
0.025612	0.017626	0.016935	0.035565	0.018271	0.036063	0.015611	0.021075	0.024901	0.036926	0.038312	0.023253	0.009853	0.023525	0.000059	0.022371	0.015879	0.007091	0.035878	0.033818	0.010743	0.021160	0.020833	0.034931	0.032859	0.038929	0.002666	0.001481	0.023924	0.015844	0.015775	0.013840	0.009950	0.029205	0.007284	0.023593	0.032865	0.018150	0.006407	0.006308	0.005074	0.007263	0.005530	0.008079	0.001128	0.013208	0.025543	0.038916	0.034540	0.035349	
0.006229	0.021109	0.013818	0.010486	0.038628	0.030557	0.008667	0.005519	0.000702	0.015637	0.008413	0.027830	0.027120	0.018086	0.016161	0.024109	0.022775	0.012340	0.018996	0.035061	0.019372	0.018684	0.024363	0.006517	0.004112	0.039799	0.005909	0.017021	0.023512	0.002998	0.019219	0.025704	0.033198	0.017967	0.008709	0.011980	0.019942	0.029014	0.037102	0.004964	0.024318	0.027768	0.033095	0.030559	0.027645	0.036027	0.038155	0.013665	0.022835	0.013603	
0.036615	0.025978	0.015746	0.004791	0.026121	0.029274	0.012626	0.016316	0.032672	0.001032	0.023213	0.005222	0.024621	0.008900	0.009030	0.001134	0.011835	0.022690	0.005031	0.028263	0.005842	0.003980	0.031428	0.034609	0.016873	0.035881	0.030180	0.018911	0.013955	0.032254	0.000931	0.013727	0.032536	0.034044	0.014531	0.025844	0.024219	0.032556	0.031979	0.013689	0.000322	0.006935	0.032468	0.005674	0.014328	0.035317	0.030960	0.025618	0.027265	0.032031	
0.023726	0.016372	0.002529	0.025669	0.028381	0.024767	0.017587	0.011197	0.039748	0.014420	0.023358	0.036938	0.039879	0.028754	0.026711	0.039557	0.022484	0.016516	0.039869	0.004162	0.013824	0.001572	0.037486	0.006516	0.033027	0.014571	0.002008	0.001759	0.016135	0.014602	0.029680	0.017459	0.020075	0.006719	0.005401	0.027974	0.005271	0.007693	0.012151	0.009138	0.022644	0.027081	0.004570	0.029326	0.006329	0.038033	0.039508	0.028944	0.021626	0.016255	
0.023597	0.028504	0.030551	0.013633	0.023662	0.013096	0.008125	0.023089	0.012495	0.037553	0.036166	0.026689	0.009511	0.015545	0.025887	0.039884	0.017601	0.033921	0.022047	0.027368	0.006015	0.013088	0.027311	0.003491	0.008537	0.013980	0.021852	0.046424	0.020988	0.026081	0.019852	0.018610	0.042966	0.000374	0.007747	0.001831	0.009925	0.028494	0.015536	0.020569	0.018932	0.024772	0.030867	0.023447	0.005121	0.030761	0.027643	0.006517	0.008809	0.000538	
0.008657	0.037205	0.004043	0.006014	0.038247	0.031012	0.012659	0.022292	0.021183	0.007539	0.022687	0.021914	0.003746	0.006970	0.026777	0.032047	0.026212	0.005206	0.013693	0.026342	0.019499	0.003740	0.028666	0.021021	0.012329	0.024232	0.033734	0.030409	0.005594	0.010175	0.022538	0.037491	0.023119	0.027680	0.041400	0.007335	0.002317	0.024260	0.030029	0.013937	0.036527	0.006273	0.029232	0.006257	0.032260	0.003767	0.007347	0.025796	0.020496	0.038092	
0.023725	0.035381	0.023474	0.039611	0.025696	0.013855	0.031703	0.034418	0.031696	0.011176	0.026677	0.010533	0.008244	0.010483	0.009496	0.041633	0.029594	0.009793	0.010159	0.007107	0.027601	0.023155	0.026892	0.013685	0.011706	0.004293	0.009004	0.021101	0.028141	0.023899	0.001001	0.043315	0.018334	0.034715	0.008685	0.005878	0.008009	0.011596	0.023067	0.020567	0.019468	0.011627	0.031146	0.012791	0.005631	0.032733	0.039441	0.006079	0.023602	0.018385	
0.026640	0.009963	0.043291	0.031715	0.008505	0.005928	0.035188	0.018510	0.005748	0.041536	0.014162	0.042857	0.006260	0.003005	0.031015	0.001471	0.029373	0.005611	0.026501	0.023268	0.033407	0.024517	0.017562	0.020222	0.009678	0.046551	0.018408	0.024274	0.010964	0.021131	0.043082	0.013531	0.029709	0.007901	0.027934	0.011169	0.036086	0.004533	0.018904	0.029545	0.014464	0.019038	0.026283	0.005533	0.004230	0.013277	0.022882	0.006548	0.025592	0.002499	
0.027355	0.021008	0.022367	0.027516	0.018311	0.039003	0.012022	0.005382	0.001010	0.004621	0.034593	0.037479	0.006896	0.016930	0.034246	0.028299	0.042392	0.009287	0.000905	0.021659	0.037377	0.022066	0.021958	0.001073	0.033986	0.005009	0.013203	0.039460	0.028862	0.012176	0.043655	0.011875	0.012161	0.008472	0.000817	0.012089	0.016407	0.038316	0.006645	0.009558	0.035628	0.043668	0.003352	0.004764	0.029203	0.021324	0.018004	0.015682	0.034350	0.007579	
0.012141	0.036416	0.000750	0.035228	0.028068	0.023631	0.026798	0.035992	0.036466	0.004778	0.019431	0.011993	0.001997	0.003741	0.016989	0.022683	0.029841	0.037802	0.032526	0.024223	0.020416	0.009969	0.010118	0.031686	0.021670	0.017572	0.002015	0.000969	0.009851	0.003245	0.032206	0.008345	0.021483	0.000315	0.030311	0.015756	0.019733	0.036914	0.026225	0.019533	0.012618	0.033744	0.004431	0.033915	0.012509	0.027310	0.013149	0.014300	0.037849	0.030347	
0.035426	0.015059	0.002276	0.030369	0.019890	0.019895	0.017601	0.037326	0.009444	0.000029	0.003077	0.013935	0.040537	0.020426	0.006691	0.025028	0.025461	0.039967	0.008702	0.023791	0.024332	0.005188	0.033704	0.017765	0.034139	0.031617	0.023122	0.034090	0.040106	0.014867	0.013009	0.002363	0.020098	0.019794	0.011214	0.023960	0.037013	0.014413	0.017075	0.021007	0.035768	0.003594	0.023963	0.006149	0.012359	0.010834	0.031452	0.020685	0.007114	0.014276	
0.004255	0.036834	0.036318	0.033741	0.005465	0.022285	0.014551	0.001556	0.016434	0.004046	0.012817	0.000947	0.029230	0.021294	0.013896	0.001023	0.013838	0.027673	0.042400	0.026236	0.028714	0.026316	0.022340	0.026720	0.014854	0.007431	0.021536	0.030737	0.002401	0.037199	0.020474	0.024741	0.019042	0.039730	0.037033	0.023468	0.041151	0.006370	0.010246	0.002771	0.032770	0.006793	0.035345	0.042271	0.005734	0.036483	0.003142	0.005650	0.022274	0.001424	
0.015585	0.025443	0.001487	0.022245	0.035338	0.016272	0.038171	0.025263	0.004499	0.003338	0.010358	0.001485	0.009882	0.002305	0.025761	0.031922	0.023480	0.028743	0.006895	0.019649	0.008708	0.025914	0.003728	0.001024	0.039314	0.002544	0.012029	0.029456	0.027656	0.007945	0.001498	0.036013	0.035268	0.036020	0.038723	0.019037	0.029886	0.033331	0.025322	0.017111	0.022585	0.028709	0.004227	0.021111	0.008138	0.033758	0.029735	0.026930	0.043581	0.002577	
0.004217	0.032276	0.011258	0.001785	0.022045	0.025571	0.011436	0.033945	0.013187	0.032490	0.024501	0.001127	0.037642	0.035562	0.020592	0.001938	0.013342	0.026096	0.032298	0.035264	0.011870	0.016856	0.032184	0.026917	0.024807	0.025554	0.034405	0.008026	0.033628	0.019737	0.003129	0.013524	0.006515	0.037437	0.024079	0.014747	0.002391	0.019382	0.019810	0.008559	0.022624	0.017426	0.032693	0.005850	0.015919	0.025287	0.025422	0.027458	0.010444	0.016747	
0.021030	0.014296	0.000156	0.037456	0.009964	0.008333	0.001965	0.027438	0.022739	0.034164	0.034672	0.019511	0.038488	0.038027	0.034501	0.004211	0.017023	0.023758	0.038210	0.038999	0.027732	0.012429	0.027552	0.007241	0.005410	0.033897	0.028526	0.028145	0.004532	0.003954	0.038783	0.007151	0.001832	0.032976	0.027177	0.012392	0.020233	0.022475	0.023386	0.005240	0.022655	0.004250	0.018128	0.016412	0.022225	0.017313	0.016010	0.010499	0.026469	0.010034	
0.10
