50
2
-18.753618	-0.856002	-5.036873	-7.350443	2.464773	17.097839	8.099530	5.372290	-12.282730	19.270134	-12.535948	12.211295	1.451757	-7.586633	8.824444	-6.913121	0.249701	-14.726150	-7.986855	-4.237383	14.218568	13.590025	-14.875195	-12.196412	8.248881	-12.444096	-1.732585	16.851205	0.052440	0.626786	5.697940	-16.899467	-16.407335	3.629649	20.570294	11.028998	11.900193	9.482639	9.678534	-14.013995	-18.353094	4.288118	3.975705	-3.848695	-18.705641	-16.563691	-0.872716	-16.072820	17.926453	6.123958	
5.759964	-3.797982	-15.678955	4.261582	-20.803075	7.746701	-18.799380	8.996991	-0.252933	14.658530	1.061972	18.349382	-24.491913	1.504977	4.082677	-15.417238	11.445371	-23.002006	-22.249370	-2.789393	16.769556	-3.017171	-11.742558	14.200573	-9.023314	-4.864732	23.006583	17.433455	-12.727148	-14.098404	3.146893	20.394260	4.922699	17.467083	-2.463259	-3.014216	6.693036	-3.914984	21.272977	0.784162	6.608790	17.362298	5.399552	2.551729	-14.638520	9.105004	23.578302	19.068025	-15.943703	9.170919	
19.684365	26.838341	-27.062606	25.197383	-20.642943	-7.998887	0.883250	0.026360	5.809528	15.469636	-26.162849	-7.474966	25.853892	17.625674	1.941249	25.709080	5.971832	-11.603139	15.835353	-16.297089	15.779825	-5.860584	-19.648497	16.373176	24.426241	-3.778867	-2.069820	-24.163082	-6.445435	4.453066	-21.598107	27.939229	7.985581	-10.819752	26.763042	9.751096	16.281307	8.259333	-15.345657	21.092100	-5.180319	-5.787776	11.654815	-28.829728	-10.297608	-6.222500	-13.580959	-4.795489	6.030712	7.154816	
-6.508965	-3.117057	-25.127619	13.262319	-10.454319	18.982220	5.155339	-5.713347	6.557887	18.930144	-0.251489	20.258613	-3.863626	-26.401792	-5.003997	-25.259537	2.072267	21.978218	16.422676	9.391755	-11.050920	5.372593	-9.960182	20.640102	6.167627	-9.806971	5.526483	-8.002790	6.339735	-15.978005	17.351282	-13.072450	4.261496	25.744173	12.989766	12.690930	17.057728	-9.125550	10.608087	17.024983	-14.152171	-24.584266	21.497893	-25.190686	6.153314	18.057486	-5.527256	2.067577	-21.314998	-1.217294	
-6.232497	-13.084394	-11.669296	-8.713063	14.201984	3.248881	-5.862816	5.672141	-12.388395	-20.060296	9.042277	-18.300713	-9.805948	23.442698	-24.353275	3.339715	23.119111	-21.935208	-15.437570	-9.770844	21.565991	-0.341265	8.775951	-23.292947	25.093546	-22.975704	-21.406319	18.917066	-24.782644	-4.659695	-1.866942	-12.619989	7.288069	16.823239	-23.275639	-12.646596	7.418948	15.747635	-10.973709	-25.211586	-11.342544	20.773982	-14.812445	4.725325	-17.548394	1.306844	24.907210	19.403926	17.712067	-8.630428	
21.312062	-2.338117	22.939376	10.712295	1.390293	7.108877	-10.571581	0.881236	-11.749731	-6.066959	-14.516725	11.809903	9.754951	16.806270	-5.086229	-12.740624	7.427530	7.541303	-14.318048	8.667920	-16.570839	-22.513871	11.146997	-1.395840	22.540976	-22.903202	11.410576	14.094073	3.728361	-15.315498	3.360456	11.424804	14.310724	11.823010	17.705922	9.729511	-1.062750	-12.358509	-12.452458	-23.811495	-11.092473	18.507186	-16.695166	-0.631010	-18.660127	-12.634369	20.063706	19.034434	-4.243563	-23.082697	
26.841901	-4.995282	9.081372	12.958349	8.279655	7.823194	1.268814	-1.126825	-7.650152	7.110120	1.510245	-4.699811	-23.063140	23.433211	15.945951	-9.930027	11.553372	-24.138183	27.187165	-7.280804	-27.169105	-7.838039	-6.417550	-18.239859	-2.792530	16.310729	-20.731609	-3.458165	-19.863175	18.837679	-3.432311	-15.506123	-17.950137	-12.583108	-14.097363	22.320602	27.164215	29.137737	-28.348489	23.952130	20.128712	9.940603	-24.746021	20.791110	-3.002365	-2.395646	-27.602016	16.193687	-1.916975	0.434281	
-6.123841	-9.462237	3.876115	-1.595969	14.181990	-1.614046	-0.108063	9.362793	-9.230920	8.535291	18.479687	3.090351	-4.815714	-0.913413	3.532550	-1.898781	4.198076	-17.718191	-4.643395	18.283098	-13.600307	-6.446002	-4.417057	4.011448	17.374134	13.564278	-10.739089	0.277267	-16.184506	0.323938	18.773524	-10.747551	-18.268543	-1.357343	13.840774	-7.895807	-20.395593	8.021294	8.476589	5.514599	-19.221217	13.159307	1.954341	9.959303	-2.930508	17.008024	-20.754778	-6.421890	1.244390	19.992527	
-0.213561	16.870822	-23.776037	8.928386	-16.300832	2.385663	-8.188292	-5.285115	18.506787	21.037261	-14.993703	0.672246	19.852934	10.479575	0.007530	-2.605999	-22.712082	-8.467810	-15.927257	-20.285724	-0.779811	12.736973	-15.521964	23.896341	-23.774471	-12.300584	15.675739	22.454507	-22.444679	19.893805	-16.771256	-7.720242	-6.125380	-16.888771	3.921157	-13.466875	-8.184076	-16.428049	-22.111441	23.572139	14.962299	-23.005200	-15.230514	-5.612805	7.887929	-8.992190	-14.660453	-1.485980	-4.827746	-12.122964	
1.918621	-7.937380	13.997113	1.240144	13.531333	-2.436318	4.188466	-8.113871	-15.861103	14.235008	-9.352827	-3.092856	6.452351	-10.822848	3.923991	-12.475034	6.888844	0.977378	10.020680	13.972412	7.434392	-7.482927	-8.603088	19.062277	-20.629025	-7.738845	19.223726	-24.300810	12.571832	9.224978	-10.503320	0.619010	-5.209480	4.646950	-6.586069	12.286084	19.944960	12.926361	24.536543	10.099877	-13.216227	7.707010	-2.050754	-11.065020	0.289911	3.441833	-6.298639	23.188074	24.621898	-7.629486	
16.856646	-4.465338	4.168841	8.761403	15.964331	18.258792	-8.758295	12.525780	11.506213	-2.235640	-17.782149	11.592514	-5.990294	-3.304010	-13.801784	4.725048	-19.938630	17.976194	-10.399591	-12.497908	17.363744	-3.107236	-11.560092	-8.213022	20.945400	-10.812550	-15.175726	6.443511	10.485994	-20.691292	-0.267842	-1.354271	-8.698175	-7.173915	6.498456	-10.987940	0.557162	2.239846	1.930776	-2.821977	17.051447	4.360933	4.953115	10.598374	3.634011	6.531407	20.709764	20.081939	18.857469	19.818852	
13.155543	9.875035	8.167887	-13.253662	-22.456582	24.413195	12.765320	1.509069	16.258236	0.331323	3.198215	-24.465169	-21.537423	-11.007199	24.209974	-20.075405	-14.877455	7.558876	-15.260488	-12.285557	4.601979	-6.906632	16.564167	-7.082911	-18.268935	5.410836	4.096700	-14.034735	-24.567582	-6.676395	11.809797	-6.887295	8.692572	-16.635369	-20.720801	20.915368	-20.609673	-8.307697	21.342717	2.814986	-13.311634	-17.803094	17.832652	25.691785	-18.543160	-2.677897	13.260350	18.583492	8.127764	6.597473	
-1.816970	21.919746	-7.834077	8.072935	-13.838092	-12.759826	-14.425072	17.710946	16.731437	22.930439	-20.706319	-15.725639	0.222512	-6.795482	11.029817	16.913273	-20.917230	21.016226	15.790004	-2.195417	-20.260221	-20.221501	-6.660158	10.593576	-20.507259	7.708793	8.603012	-7.831881	-13.238115	13.108779	0.186918	-0.484427	-20.112753	-2.386999	-16.558462	20.841752	21.866952	12.416390	13.212215	-5.160248	4.372947	16.151949	1.623892	0.557915	10.117417	6.543476	-4.270414	20.587172	9.420869	-4.282432	
-7.185500	15.623944	18.844274	-9.382382	-11.562589	22.352158	12.071957	-3.544952	-2.958067	-8.064275	19.689338	23.469993	-10.929422	15.421982	-16.050518	12.140638	-12.301446	-18.869397	23.676944	17.642558	-12.391123	5.643862	13.049045	14.769635	-5.339805	20.543532	23.981666	2.271331	21.150915	19.010582	-1.969802	9.588839	-5.377806	0.932528	-20.642015	-8.286322	-9.476047	-23.989774	1.061563	3.333761	9.866793	1.437849	-7.132032	9.712848	20.673041	20.878103	7.723320	14.120497	10.136324	17.992348	
-5.827095	-6.616548	-7.330640	-1.829853	5.044523	-18.511289	-15.331048	-3.398747	-17.613023	-17.412479	-15.998951	-13.234127	-1.543380	8.075231	12.871774	0.733637	-3.273821	-9.269246	-3.616066	9.850759	4.492597	-10.631345	8.516469	-6.181157	10.339996	-14.979736	-15.289424	7.732150	-8.187796	11.345851	17.917991	-10.525653	-16.750527	-6.554929	-10.956464	2.296159	-2.232460	17.823438	-16.340703	3.362351	-0.621583	-16.242587	-10.945315	-6.584267	-4.918319	-14.003762	-8.931758	9.624448	-14.909416	12.139976	
-0.763017	-11.566834	-18.931709	25.627517	6.510624	18.851266	8.902859	-18.203302	-7.014602	-26.315170	26.168698	5.353488	-21.691281	-23.170425	-11.661522	-10.333271	1.834037	-18.389675	-21.082754	-8.573038	-18.859336	17.293538	23.447414	21.373236	-13.771630	-14.785507	-20.150988	-15.496316	-7.819558	-22.989640	1.599022	-22.211276	18.956857	-24.148239	-23.298135	3.754897	13.501614	-11.929000	-20.201556	3.354056	-4.464483	-3.979162	4.529444	-19.436488	-12.055244	9.122437	-12.040961	17.647616	26.397256	23.277029	
13.735272	6.643636	-14.270270	10.391687	23.520128	10.616875	-4.017695	-16.313407	-5.334245	7.449638	24.399999	8.766059	3.781693	10.702946	-15.150488	-17.461145	-19.277022	-0.673621	23.195910	-25.329284	6.334644	-17.940039	4.659504	-13.380553	-17.777999	-15.354112	21.376434	-18.585146	24.522765	25.315066	0.880469	-24.418602	-3.601281	-14.393004	-3.914469	-12.516317	-5.812360	25.105720	-3.526231	6.648601	-8.696931	-6.449802	10.362099	21.361677	-19.889382	20.145188	10.898793	-15.115926	-4.946185	17.862351	
-25.582088	15.793739	5.452347	-7.476912	-2.303335	14.613264	-16.563479	16.561628	4.710960	12.531218	0.111981	-30.324486	15.409527	18.191452	29.887593	6.535539	-9.347799	-4.750318	-13.409228	13.004700	27.013736	-24.613847	29.992777	-21.374149	7.331214	-24.913004	-4.411410	18.734134	-1.927977	-28.598612	23.236771	26.268212	-15.755490	10.766124	-6.176577	-10.471018	-14.068108	-17.595986	-16.737176	-15.094615	10.596369	21.885180	11.822432	-12.784105	-23.168146	22.425949	20.468886	1.432365	-23.730782	6.257412	
-13.050780	0.538095	-28.250288	-7.090193	9.740040	-19.303266	19.436192	-4.096495	-10.319899	26.661256	6.147255	11.644006	9.465930	12.906175	4.530127	5.751956	16.268016	12.996131	-22.724420	-18.845935	1.528040	17.153177	4.044209	4.587351	0.744557	25.501524	21.401401	-18.470861	-19.788304	-6.955456	-2.841037	13.968203	-26.039735	5.585289	-8.345315	17.501399	-26.449076	-15.028870	-23.451058	-27.606996	-25.213114	28.042904	-18.834734	3.106080	1.741671	14.535239	2.026742	14.409207	-5.900577	23.962045	
-12.999846	2.475787	1.729904	-25.092327	11.534552	-4.095704	19.442160	-13.562836	19.112774	0.573784	-22.207137	0.475328	9.745105	-22.532429	-5.904486	-8.889164	14.208341	-20.515856	-14.292200	4.357608	4.424436	-0.078343	-22.249778	22.289439	13.013357	2.129668	19.870603	3.022125	15.018224	-21.746721	6.259957	-20.954722	17.719975	5.397648	1.295866	-2.423823	8.450052	11.735521	-4.924178	11.443424	-26.160173	21.292375	21.976493	21.053921	17.915848	-22.960336	5.773274	14.803134	3.241491	-24.877800	
-28.968057	-24.612206	4.016393	-21.825295	29.748447	-10.337773	-7.621636	-25.725326	-28.590782	18.595091	-19.391606	15.403542	16.705869	10.432649	18.201089	10.003736	19.962031	7.243392	19.314309	5.917536	-1.940879	27.474474	5.743630	-16.570806	-6.505432	-21.555978	-24.020245	19.356975	3.283407	11.965017	12.800744	18.806591	-20.268955	9.673474	7.734096	-19.339331	5.673140	26.332554	10.872028	-12.914895	13.604608	2.845106	20.510735	22.158733	-29.741000	0.354763	-5.820820	6.156601	10.012574	28.571142	
-10.720296	7.662234	-6.752435	-6.901502	-23.880169	-4.160012	11.686287	1.159665	5.174164	-7.704058	9.056401	-10.970674	-6.212010	12.949967	-1.811245	-23.032679	16.250188	-7.967198	-8.820678	-8.729789	-1.579996	-15.268126	-2.638677	22.994654	-15.722599	1.309415	-16.509164	-10.070612	-9.868813	-14.129904	-19.809012	13.339469	7.875049	11.215951	-5.708468	7.840727	-13.177777	-11.503971	16.761819	-22.746269	1.491968	1.123104	-9.379208	-7.395084	-21.086503	18.390779	4.571796	-24.697595	18.218276	11.565663	
14.493811	3.243495	-24.689327	-2.253814	16.664230	-22.553084	-23.163629	12.516093	-13.251982	-14.391811	-10.769796	-2.393918	-8.181076	-21.448029	-0.931854	10.926966	19.097335	6.296137	-12.154423	5.552377	25.378506	10.669575	-19.631294	-16.945178	-2.739674	5.224393	10.971617	-8.765933	-22.912764	-22.357380	0.869726	5.616686	-7.952042	-11.378026	-13.379865	19.691057	-14.307852	16.477227	-11.687092	-14.306731	-23.783747	18.147640	24.985774	19.200298	-12.812455	-17.845081	24.303343	4.776724	-5.521028	-12.720061	
-21.107037	3.433823	-26.489439	26.528878	-23.123355	-6.979140	-22.352451	13.763985	17.360481	8.573339	-2.541284	-2.871287	0.240634	3.983779	-6.763775	-11.676208	-23.741736	18.747604	11.924184	17.007597	27.986195	-27.660206	-14.271481	2.497001	-20.309082	1.599479	-5.333855	-11.358958	-24.773224	-20.169453	-8.120881	-18.430301	-27.000392	-21.011175	2.665065	6.847201	4.356886	-7.061646	15.144940	-6.681709	6.645416	-15.824554	-18.966316	14.295677	-22.162451	21.004895	12.252169	-20.144314	-17.454062	-16.805254	
19.492038	-10.552143	-21.486816	-18.550684	21.179740	1.141143	-7.402838	0.992010	13.979998	16.773406	-3.752685	12.345331	19.242385	-12.746888	-15.329668	-1.024844	-13.168470	4.479317	-0.571107	-17.544593	16.379136	-13.215582	8.899513	10.167998	-18.248345	5.302929	21.719385	20.291168	16.209634	-12.815896	-2.443910	11.565596	-16.047715	-21.986847	-5.613284	6.237824	-16.685286	-4.645712	-2.140182	20.261706	16.033742	15.906343	-17.500108	4.805310	-22.076473	22.122345	-16.199078	7.474812	-16.425351	-16.272391	
-3.048337	10.698832	-2.592223	-13.608999	2.670919	-0.367790	-1.150223	19.231617	9.374398	10.439284	13.442104	-11.141919	-4.906622	-15.075089	10.019086	-0.448817	-13.184963	4.331559	-18.754854	-5.167046	-8.526105	-13.039700	-15.808603	-16.887068	16.988499	14.686871	-1.056086	4.764312	-13.054184	-6.699255	12.958982	4.850671	20.863870	-4.374376	11.149108	-19.070469	-1.655549	-11.205208	-2.724167	9.926499	-1.991001	11.300618	-18.253982	-13.698062	-1.121842	-10.860768	15.988140	-14.402008	14.189570	2.897583	
22.049174	16.648092	8.421190	-7.343182	22.546823	-16.104167	-6.324447	19.764214	7.258617	18.012228	27.980899	-12.513055	9.943408	24.782665	8.407065	13.128056	-8.073196	11.788655	-3.165804	-18.263658	-4.722624	-9.851847	-25.992471	0.728284	-15.584042	8.531022	-15.060260	26.173785	8.193316	20.085241	7.638747	-8.522889	12.805898	11.395161	-5.082503	-25.434718	-26.743114	-14.247501	-22.604471	23.952192	-21.016916	-4.992048	15.126263	21.958635	20.850185	-18.544802	20.532701	14.356134	-27.258940	0.160222	
13.245656	-5.331407	21.396101	-9.915333	20.793828	21.040060	3.130889	-8.541699	10.273532	-15.922613	13.373808	-6.715732	-7.463465	13.325739	10.293160	20.414778	-2.025140	-7.352671	-6.653499	-3.495558	9.887749	-9.573762	-4.229528	-4.210738	-19.476484	-3.602698	7.224045	-18.868215	-4.616798	-4.504931	-8.351241	3.364210	-16.450825	-22.715776	17.396086	12.231355	-21.309094	17.395313	21.109726	-22.708098	17.731310	20.674610	-2.041948	14.899161	-11.344244	-12.333315	-8.569148	-9.305318	-1.751032	-6.988371	
3.957726	10.182143	-1.556051	-27.287536	0.659885	1.424798	-27.753039	22.957208	-1.076868	-21.347222	20.173480	4.579225	-7.668507	-1.442068	3.223189	17.617560	20.679214	2.701880	1.763495	-8.873104	25.569023	-20.332656	21.734136	-16.418112	-6.910792	-4.318286	23.155209	2.793403	-6.131908	-2.441390	0.066840	-15.112990	-20.550329	18.310142	14.614397	-4.768845	26.181329	20.504814	-20.135234	18.486529	-28.757562	19.583340	12.555869	-0.424336	4.422744	-0.957281	-16.544513	-23.061102	-24.071946	25.729804	
-3.198994	6.820259	15.998233	-5.707888	10.022379	-14.196574	13.891413	-2.940563	-1.198963	1.354436	7.258747	-19.545963	-12.990744	-1.876642	-6.597943	-5.800096	-0.682872	3.680512	-8.893889	-16.638375	9.243932	18.131204	-7.081392	-4.236534	-12.708230	1.375779	5.946395	-18.261049	17.215265	6.717586	4.165867	-2.101040	0.345150	-17.509701	6.650204	-16.782043	-1.022409	13.368130	9.313805	-15.904539	-2.900102	18.056358	7.876364	5.978654	2.506172	15.402870	-8.063265	11.341098	8.536537	-0.781693	
17.763900	-10.090109	-0.649656	7.626690	5.683187	-10.808049	-19.600597	-8.585891	4.350445	-12.770215	-11.907725	-0.206340	-13.175834	-12.636312	-20.544830	-13.123485	12.597467	-11.977070	6.300315	20.424303	0.914271	0.970835	-17.018842	-11.786487	1.464786	16.021787	-0.246772	-7.224707	13.122981	-20.081962	-13.253454	-2.486456	10.636296	7.894257	-21.102110	-4.568109	16.982675	-15.017859	21.287597	20.558895	-16.434781	-7.173488	11.119652	-8.833754	-16.506500	19.033643	-6.712008	-3.512274	17.896760	14.755378	
-4.582334	-24.082493	10.625291	-23.207050	17.303317	13.274818	16.715234	-16.916667	-16.810753	-8.139336	19.473341	16.684237	-14.864990	7.690406	-10.459949	-6.487628	-6.158794	16.882415	-14.381615	-12.246153	-11.420180	-13.461357	23.220090	4.104030	-5.229633	-17.780649	-4.530375	-0.014341	13.273799	8.503142	19.071540	13.340233	16.280557	-21.476796	24.480699	-1.964359	-17.282887	-9.177395	-24.160379	-23.913108	20.066443	23.576671	-18.499998	-2.723534	22.333711	-24.866229	-18.394224	-24.685383	-20.527193	13.645373	
-23.868178	9.364764	24.624144	22.869999	27.378343	4.002575	-11.515784	26.536814	-16.339228	14.019771	25.746520	12.859371	-15.655897	-22.276889	-14.676459	-7.083098	21.160336	-14.844107	-16.489142	23.189883	23.436733	-27.047512	26.594141	3.954098	6.480518	-18.729043	25.020649	26.872165	14.661604	9.706784	-16.171973	27.058397	0.361119	18.648015	10.263324	10.543020	-2.478085	9.326214	9.167570	12.138777	-5.292898	6.724287	-25.594059	-0.086258	-27.169643	9.616203	4.369799	10.549716	14.507788	25.033618	
11.646694	25.255017	0.703147	-21.967744	-5.204372	8.423882	15.213354	-18.101633	-7.754374	16.725722	-20.329814	8.163431	4.110418	-26.675283	-25.781699	-12.936482	0.649742	6.845156	12.851083	-8.473732	17.143657	0.830417	2.092020	19.402793	-15.580977	16.530333	11.530713	-8.870232	-0.904144	1.526434	12.074037	-16.651680	-2.391988	-13.436804	-0.110260	-25.816600	-11.996586	-25.184313	-12.438185	-3.280942	-8.603883	25.427201	7.003909	13.053858	19.287949	18.734625	23.194293	-8.913771	23.400888	-4.654163	
-11.570570	10.808184	20.085640	17.808019	3.280064	-8.936123	-1.168877	-10.300097	-5.619007	23.219822	3.207729	-2.311328	-19.968182	-2.991386	-7.286689	-7.390390	2.836681	9.250902	-5.770303	-12.707587	20.554779	-15.557547	-7.198380	-15.961444	18.158342	-17.858007	-6.304135	2.743298	-14.279030	-7.297186	-8.657783	-5.084065	-6.714332	21.632727	-22.239878	21.821195	-8.228285	21.266592	18.016050	-3.069530	-9.392650	17.564155	-5.459751	19.799629	-3.807647	2.556993	-23.725354	7.635777	24.412592	-17.659882	
-15.555933	-21.203019	-12.270815	12.031410	22.640865	-22.894773	-7.241581	-19.694782	-15.299415	-20.326585	3.444788	9.513043	18.748613	-14.448119	19.058091	-9.761880	-0.564563	15.520146	-14.046057	23.449206	-1.860538	-0.068139	16.059511	10.154841	6.501758	-6.521130	21.317494	1.029636	4.431289	-18.655214	1.851192	0.927095	-20.394123	20.458150	16.925076	21.022889	-11.606684	-4.456668	-17.331813	-4.481132	-10.729914	5.062610	23.946394	-4.987147	-23.812003	-13.209642	20.530333	17.207189	-0.145002	13.038503	
6.508629	0.344430	-25.226331	-10.505339	-4.506580	-19.204551	10.549504	13.557309	25.271722	-21.864810	-7.707803	1.109022	-25.836795	-0.491504	10.733091	7.066815	2.031852	9.502983	-25.608836	-3.253518	4.196799	-14.412566	-21.747814	3.444380	-3.287215	-0.390167	13.483245	-3.455586	21.854456	23.535594	-21.725857	18.701946	25.474262	16.286654	15.685969	9.381519	-26.151581	-19.364242	25.917055	10.400799	-5.369702	7.369677	18.158724	19.280928	5.392883	-22.864364	0.535486	15.045213	10.278762	13.639284	
25.671002	-12.750391	25.390425	-25.780377	-3.418614	11.015733	13.303031	24.352289	8.650797	22.373439	21.764451	16.739422	2.538122	-27.272702	16.299782	25.215548	12.159239	-21.675702	20.445713	-20.359456	-6.292434	7.528358	18.916771	21.863746	-17.279621	9.926818	6.751675	-16.983658	-23.046234	-12.171828	7.739025	4.503675	10.985428	-5.704884	-3.487527	23.982966	23.065506	6.107587	-27.083957	20.923213	-6.364491	-25.306960	12.989043	12.719042	13.441574	-2.417308	-5.583988	19.606239	12.541638	-13.298686	
-4.668811	10.743400	11.449968	-25.432647	-0.052857	-24.828459	-23.715166	12.877466	-14.589620	7.121740	14.068840	-12.769885	25.661065	-4.044580	5.267121	-5.140354	-0.927922	-6.137222	-3.955387	16.619965	8.516401	22.619156	-3.817571	-2.303073	-19.677764	-14.862369	9.396067	6.149238	-3.348090	-0.220277	13.428319	-21.671825	-18.911895	1.653215	10.231858	19.939643	-7.546171	7.159505	-24.816058	0.437544	22.419948	-23.007391	-4.337725	0.189843	6.810721	8.999933	-16.736151	-20.397168	14.140046	20.258037	
-21.351735	7.971426	-5.717979	-16.147333	1.728889	2.313715	-11.631656	0.119707	3.627232	8.977715	-13.062124	21.371802	-4.343139	19.679243	4.000527	-1.150991	16.041393	-8.603589	9.367118	5.248363	6.924633	5.747914	-2.912154	-17.518069	-9.140582	10.871841	-10.957000	-0.894165	-2.052169	-11.765155	8.285226	0.068001	-1.008264	-4.061803	8.658178	9.594150	-11.591421	11.518238	7.403614	-7.232503	-8.106508	-9.736991	7.601576	2.472107	-5.084740	-24.878220	-11.646438	7.941509	-10.404582	10.597230	
1.666348	-16.764039	-5.241154	-26.864654	18.876827	15.482833	-16.565913	-1.869412	15.439815	-7.333921	18.862918	5.802905	-6.914925	6.594096	-27.778671	14.191457	26.840259	-21.843090	2.443168	10.619888	-1.136122	15.741798	9.140135	-9.737282	-18.110110	24.841263	-16.716998	-6.165432	4.063383	-16.271012	-6.458719	-20.320304	-23.586577	4.645338	-27.399549	4.604111	2.286191	-22.570161	-28.463916	21.253912	14.702058	-24.550488	21.499909	-22.232677	14.171975	18.299438	3.261620	13.151426	18.359518	14.990164	
-5.632528	-2.020164	-12.002251	-12.445299	-1.559882	-13.285884	10.401736	4.603440	-8.889385	1.146885	3.614750	1.156954	-20.453191	7.519774	0.439671	16.352466	-13.209388	-12.544898	-15.191299	3.969299	-6.591794	14.409460	20.922948	-19.899392	-17.978857	14.388606	-18.828039	7.374665	20.160668	-19.991551	-5.962429	-12.942910	21.879886	-14.630853	-12.659544	6.336106	-3.867300	20.861246	11.459715	4.294081	-7.546835	1.341312	-11.947625	-10.064354	-18.965643	-17.970703	21.084540	14.813519	14.460203	8.942718	
1.685217	-6.517230	-13.981434	-2.666088	2.267207	4.997653	-0.241006	2.988232	1.105332	10.034335	1.707299	5.566552	-6.357122	-0.847087	7.102091	-4.811351	14.785625	12.293875	-12.136702	-5.238509	-2.598716	-0.557544	-6.132871	5.459129	7.150587	9.083970	-12.548808	12.860880	-6.040514	-2.402518	11.696906	-12.225610	9.534461	10.100542	8.331422	-7.782781	-11.556411	-2.318896	-9.517007	-2.779537	12.918033	-10.022982	-13.073487	-3.885701	6.419024	-13.665458	14.489040	7.774408	9.370950	-4.709795	
16.736590	-19.705537	12.079427	-24.274943	-4.409684	5.552117	-19.926748	-23.722969	-8.960648	-3.511443	-15.062415	-20.352918	-3.928392	-18.126302	-1.815232	0.456986	-18.436587	15.738097	19.133054	-5.308060	11.517041	-24.494083	-19.860973	-13.110391	-8.834581	-0.321905	-12.093815	2.665938	3.380556	-23.350688	-24.776069	15.232397	23.381842	-3.234977	24.273064	-20.463367	14.772696	5.765730	-23.150862	-6.562161	-22.384711	14.860093	-22.352538	23.112510	-24.626596	2.143602	-18.502729	12.377941	15.522312	-2.095628	
-7.406825	21.300902	12.498699	15.178185	-4.992470	-25.230214	7.139315	-15.634937	-23.633551	18.628222	22.759700	11.700235	-24.073935	-21.701490	12.006261	0.115593	-7.668850	20.501963	-2.999961	14.596475	19.698637	10.051667	-11.911559	21.009855	-5.467066	-1.446517	23.603310	-18.263897	10.471883	11.829524	3.797769	-17.777232	24.502385	-12.778072	10.299857	24.093573	-19.593223	-18.812924	3.991222	17.600855	-20.832945	-14.024580	-19.272591	-9.862240	-13.635016	20.808135	9.273579	12.877916	18.637141	12.968403	
-11.370793	11.544446	-13.731282	19.453100	-17.239498	-8.048415	2.477802	13.793450	-8.644266	-15.225540	-10.245725	11.181025	-8.845812	-1.702418	-5.380662	23.429063	-9.349368	19.850780	9.528210	1.620223	20.684501	22.727393	-7.046339	14.257210	-13.366321	-20.393869	16.042316	-14.932315	-20.372178	-15.805231	23.072967	-4.533673	1.248388	13.660960	-7.605065	15.104201	-10.572978	15.615061	-13.217706	13.746929	-14.477209	-0.965777	-11.498438	-1.087534	-8.523208	-4.705411	6.890184	21.712548	6.313227	-2.626401	
-3.545282	3.466568	-24.464088	-0.148795	-14.341159	7.229544	26.928803	-7.840280	20.692855	-7.380122	12.835527	1.886236	4.828892	15.244526	-1.113217	11.525633	-11.455938	-23.703319	-14.309929	5.509671	10.157425	-0.830312	-12.616262	18.671527	27.675489	-27.069564	-21.455989	19.908988	-15.205693	-4.172150	-23.403918	-12.304656	7.724630	-13.111765	20.055874	-4.323469	18.028530	26.777787	-10.015664	21.941918	9.009130	-16.892085	5.223694	-4.451027	-11.173385	-11.707516	-9.774033	-0.879399	-20.427744	12.577808	
7.013273	1.854569	-26.298411	-11.699191	4.864705	-3.330037	-2.345126	-1.627430	-11.463560	17.028796	-4.465098	-20.007573	13.937494	-24.093157	-11.495874	10.258973	9.675779	20.140539	-24.247998	26.847558	-25.672106	-6.304386	9.130113	4.156062	17.351158	19.068565	-13.759866	24.468866	-11.294401	-16.536679	-11.497371	-11.349620	-14.306390	9.307689	21.912359	19.926099	-3.902774	23.921449	-14.446486	-10.267087	-5.099722	-11.298770	-12.217290	0.885723	18.953119	0.369418	8.873265	-25.475184	10.805759	22.435991	
-23.575191	2.751643	22.577692	-1.687071	18.414180	-11.599700	25.423421	-14.588313	-20.540920	-13.956998	24.862318	24.526221	-25.858806	-16.690501	-15.886467	6.180171	-7.713625	-6.005223	18.874699	8.575239	-4.510271	-21.727946	-8.656599	-3.887668	-22.491439	-18.418788	-11.896764	-6.688978	5.809038	16.352859	10.288772	15.243572	-23.837210	-10.227968	-18.146096	-1.444608	6.390679	16.668718	6.582941	6.986189	-16.771012	-5.118368	-1.565497	19.553497	-13.729927	17.158045	20.734474	11.007660	-7.854547	9.509808	
-3.068693	14.127701	24.652117	-13.202285	17.188111	-24.180386	-16.471664	3.863786	-17.194166	-11.348625	8.282353	-23.008530	19.847894	-24.457476	7.302830	12.608933	-9.570272	-13.173070	-1.774115	8.220523	10.251064	0.582306	4.394321	5.376040	-7.155980	6.645624	-10.000878	-24.125595	-11.619812	7.697355	-1.656323	14.947784	-17.426904	7.540890	13.863316	-12.333671	8.847101	0.203746	-23.634171	-10.877077	14.266052	11.258693	22.727021	10.009246	-16.358932	-2.868638	-16.130110	19.763978	-16.889928	16.556921	
4.346461	-5.442419	11.159585	-22.989540	25.408471	-8.620886	-2.993729	20.849933	8.379083	-15.818287	0.393751	-9.547893	-17.150307	-19.280947	-1.270161	23.343555	-16.824446	-22.055909	21.003659	3.343576	2.632387	-3.607168	-26.569547	-18.908543	-6.828505	-25.318405	-9.907060	-23.068934	0.496275	-11.569893	-6.455341	-9.889340	-24.772499	7.473258	5.994145	18.982087	-10.496990	-22.370246	-21.402441	25.266962	-17.580205	9.849597	25.495644	-14.572005	23.779398	-2.666096	18.725572	14.312466	3.667121	22.847377	
-16.359361	-19.018251	20.664447	-4.994864	-7.364468	-2.184145	-18.302896	17.251456	-14.902880	25.617186	8.885898	-13.398628	-25.079247	3.695588	23.194550	13.575823	12.011916	21.013176	-22.568389	-5.947246	-0.706811	20.090704	-3.594706	-13.447845	21.848118	4.734886	-19.065332	14.445192	13.153437	16.795438	-20.200468	0.513720	2.162291	13.077228	-3.029011	-15.974849	-7.637846	-14.161267	-13.459651	-16.194180	-6.876771	6.420562	9.492798	-1.235587	-24.621256	-19.976140	0.993709	-15.000455	-10.392267	-3.399100	
7.710781	-3.179315	13.064684	0.556347	-11.939554	-3.790106	-8.254772	-14.152363	-6.943923	-24.824197	-12.988818	22.427340	14.073146	20.361182	-13.109555	14.461299	25.795162	-3.988255	-15.100814	-13.728529	-24.754795	-8.097657	25.543645	18.841611	-7.011531	-6.222567	-10.842536	-3.718304	24.407463	-5.350844	-21.171099	-4.242500	-2.938705	19.465482	5.308496	-25.622336	-11.982832	7.736446	-1.718563	23.272586	-9.001120	16.167079	-20.105229	-24.921324	-21.124825	0.222644	-8.836972	7.174240	15.206945	-21.480402	
17.721217	22.227450	4.359075	-16.551577	0.936130	-5.476511	-21.727103	-10.229565	-18.706124	15.396889	10.871956	21.684743	0.479395	-3.077309	-21.454892	4.528146	-22.553723	9.820018	-15.939037	23.759592	-4.293300	-19.490876	0.244722	-16.510851	-24.342329	-14.207588	-1.382988	-11.794023	-15.291438	10.307815	20.070791	10.466974	-1.679885	-18.464035	-5.093083	23.344892	6.142247	9.778262	-14.155797	12.354226	18.910524	21.993809	3.020299	-8.643114	11.367930	-10.120257	14.946390	17.617011	4.487887	-5.702512	
10.685798	14.913074	8.995058	-7.883755	12.778441	14.509107	6.171185	20.949240	-0.631017	-1.051664	15.761627	1.146254	2.628810	8.356772	-1.852338	-4.123698	-16.822897	-20.798484	-4.865310	-0.983419	11.848688	-10.540765	5.678089	-2.475328	-7.227707	-10.588695	13.123768	-12.563996	-12.249789	17.195633	-13.624439	-9.942269	-15.450362	-10.824585	1.092456	11.597393	-14.987005	2.646436	-17.705087	-4.361592	-5.815129	4.694908	7.392966	5.677311	-17.628994	-2.898182	16.310411	13.647881	-0.567161	19.796430	
-6.519987	18.821323	-11.146043	21.128529	13.923838	-3.687794	6.351001	-4.284002	13.329641	-15.427247	7.223527	15.341949	-1.217561	9.398546	-25.431175	5.807357	17.117508	-14.412977	0.706051	-23.788460	22.819950	24.969658	11.313810	3.524660	8.452421	11.462048	-15.200778	12.768603	-0.772552	-0.502491	15.384010	-23.979035	-18.647601	4.720723	-7.080493	-3.834831	-1.055041	-20.335570	13.395725	11.941037	1.718929	-21.062892	-10.056157	11.743729	-13.136870	10.080287	-12.175789	9.770048	7.623129	-18.048935	
0.809157	19.050411	-4.257261	15.822864	5.617316	-6.825538	11.425565	-19.145431	9.445541	11.098920	-4.579783	6.000293	26.702260	-24.531535	14.596063	-22.849170	22.980620	-0.296441	0.277345	10.538597	21.041241	-14.452687	22.977531	24.290127	3.274118	-5.598692	-2.572845	-0.720137	6.084389	20.340965	15.199180	-7.004583	-13.329727	8.336700	-15.725851	-6.895632	24.474917	21.820987	-14.111613	-19.565484	8.595842	-26.930527	-22.717941	8.770911	-18.532844	8.695914	-1.116838	-6.161128	9.637978	-21.228044	
-3.792261	16.149383	-14.112071	-6.279577	-4.533953	-8.888256	-5.419717	-1.969016	18.222434	-4.912760	9.881111	-0.186204	2.941466	16.764122	17.818835	-19.058869	-20.620658	8.849121	-2.090923	-0.949335	-16.451307	-10.707890	6.988694	-2.114866	18.071427	-5.834597	-1.870110	-5.851823	-11.349976	8.091089	-15.763252	-21.603758	-2.807071	16.211878	-6.411051	-14.372100	-8.650413	16.247623	19.486875	-9.699623	-12.229396	17.940160	10.195351	-9.931251	-15.391471	6.323925	19.043592	-15.036466	22.149916	9.399895	
20.267742	9.701150	-13.030221	-14.698300	-9.578360	-23.007210	-13.350740	22.035186	21.500012	-3.724966	-5.900561	12.146293	22.752040	4.154379	23.908292	-24.838117	3.302052	24.475444	10.091839	18.404065	-17.621895	15.183558	-3.544442	-14.870696	-5.280396	-21.553980	16.182278	24.234857	8.784310	6.623733	-11.742339	-6.723062	-17.434200	-0.633626	24.465134	15.637809	-3.693044	2.161803	19.251948	-23.461305	22.606364	-17.387683	11.677423	-19.851058	8.053763	-1.490517	23.464533	-6.438667	-13.474325	-10.389426	
15.522443	6.099968	-31.670444	-30.850247	-20.420940	-18.868378	2.392339	-28.980074	-17.955161	-16.096218	28.103075	23.513904	30.440829	-26.007779	-28.923930	22.777886	17.353803	27.595882	-29.456374	-19.035746	13.551696	14.420655	25.182761	25.527956	31.298805	-16.972540	21.363862	24.765332	-12.426097	-23.964366	9.697284	9.886238	23.844777	-16.699865	-6.656673	-5.815893	-28.792579	3.132028	20.753191	28.972075	-7.547831	-11.186660	24.566618	-23.916373	22.778916	-0.643343	-30.722212	-16.945247	-16.605515	10.735424	
7.504181	-7.620080	-15.830210	18.276267	-4.616826	-10.271877	3.847791	-2.328788	16.730101	16.377402	3.867769	-9.477900	-10.832619	-10.223759	6.256325	10.159254	6.230643	-20.530527	-1.250586	-18.061321	8.397076	-4.704219	-4.216026	-21.993297	11.798139	14.897779	-14.721465	5.084298	-17.721942	5.335459	4.573436	-12.608221	-6.507424	-12.598236	-15.606691	10.025198	1.022838	19.388579	-0.155393	11.894125	-18.736344	-12.920230	6.577914	14.527557	-15.187756	11.751625	-9.534299	19.909547	-9.253181	-21.192887	
19.474322	23.690243	11.100763	-5.514770	1.409283	-20.799999	23.554252	-9.765971	12.146022	-14.519964	-15.592430	-24.402994	25.228700	0.409168	-8.172427	-9.868272	15.577361	-21.122836	1.592637	-13.114301	-9.030940	-23.525488	-17.383384	2.912187	2.879528	-23.074583	0.898849	-0.098108	-6.965433	-16.776663	0.355221	5.844969	8.176924	-0.036648	-25.941190	23.878742	17.859827	10.810528	1.066514	-3.520044	-15.705422	10.322716	-0.400126	4.908091	-2.629999	18.187820	9.324914	-20.741595	-11.936838	7.062247	
-23.401202	17.395672	13.012777	15.589716	0.142801	-1.766628	24.440401	-9.575526	-11.688795	8.027534	-15.159910	-3.652961	-11.559691	-10.194374	-0.637951	-4.634556	-0.720472	-7.603094	6.881023	-6.413304	-24.427585	24.890176	-7.315176	-9.943994	-19.889890	8.768308	4.131885	-16.923403	-12.225348	-25.445735	13.454962	-22.752401	18.805910	-14.847274	-11.625437	-10.674846	4.778914	-18.185527	10.379250	-8.453703	7.389830	20.559472	18.310317	-18.829460	-15.852371	-2.268605	2.404258	12.222931	0.308242	21.050760	
-8.839822	0.301496	-14.228420	9.515455	22.859752	13.763418	26.913527	-10.417813	-12.171519	-17.641908	2.982444	14.040523	-2.874720	1.029055	25.872002	-12.393189	-13.257330	1.241744	-22.906239	-19.761438	22.247213	-18.568430	-24.522748	-3.973121	-9.046839	-12.644122	12.817289	11.184851	-18.391021	7.666376	-2.810361	-13.730006	-20.225953	16.758357	-24.507850	26.781611	-21.894784	3.538118	24.917239	-11.545910	17.980595	18.534463	-25.789291	18.944383	-18.604277	-22.427731	-10.600556	2.284432	24.069498	6.521826	
-8.326175	3.721443	-14.781551	7.364278	-17.546598	0.493736	5.130128	6.909545	-16.855761	-21.307462	-12.262512	-14.315233	-8.273815	5.494341	-12.005925	-19.163244	-20.347475	-7.393231	-4.484852	-7.471540	-16.731412	19.075722	20.178557	20.292394	-16.857742	8.583881	21.906870	7.093447	-19.321036	-14.317704	-19.601537	-13.112990	-13.340281	-6.384916	7.634873	-21.139223	8.307953	-20.811969	13.374074	-6.391007	-9.256927	13.586196	15.854154	-10.106005	-0.440125	-17.589432	6.961536	-17.442796	0.161168	-18.528429	
-3.252476	2.535787	-8.716430	-22.410828	19.069686	4.530282	1.827242	12.502841	24.172084	-6.712765	2.486194	-21.159272	-16.250429	17.970547	-20.535272	8.590866	2.944669	-1.835503	17.918946	20.551651	-9.030059	20.822537	11.813828	17.669561	-6.760721	10.422366	1.266265	24.077479	5.958142	-19.986094	7.932375	-3.882269	7.724264	4.527463	-23.958935	-4.808055	12.716343	7.604958	-8.942739	23.261367	-13.365334	-22.377298	-4.729890	-7.707809	-18.447332	-3.451288	16.263903	-15.493190	10.852959	-18.852434	
10.284995	-2.399341	3.677642	3.692021	-13.594150	-17.997562	1.322996	0.179356	4.188322	14.716523	1.547540	8.688596	-7.403696	7.004067	-1.217876	-9.560591	8.923512	-13.541286	16.611826	-0.929547	-0.751384	-8.655777	1.466656	-18.578207	1.522146	1.236970	1.731135	-0.553880	-0.833636	-9.553911	6.000631	-2.537043	-1.053052	-1.407699	3.778320	11.407542	2.833879	-13.822220	-7.976498	-4.437510	-4.818199	0.919680	-9.259532	1.446069	13.622530	-6.723676	12.036203	13.975902	-10.921517	18.518632	
2.678885	15.267772	-5.569607	-16.456850	6.920285	-7.322938	5.178496	2.937515	-17.605956	15.989524	-20.573342	-1.908903	-20.262671	0.857601	9.033776	-13.541685	14.573436	2.721968	15.240975	0.583458	3.538638	-13.478241	18.083258	-24.148842	-2.898917	7.067290	-9.603376	0.071708	6.777610	19.374933	-8.792051	-10.900143	-10.758730	23.593984	-1.500968	-10.809094	-3.172057	-20.063853	-22.857660	-24.129015	4.200851	15.222787	23.795771	-13.005110	-1.256185	-3.436247	-11.195620	1.451880	-22.651717	-12.065487	
-19.587073	19.445616	-2.119592	13.888383	17.194213	-2.617621	-3.873422	-20.527278	22.476685	-4.026467	5.842647	-19.683751	7.332805	-22.651388	-23.718071	-7.762998	15.728105	16.786147	1.584862	7.982908	5.522963	10.040608	-20.482896	-0.170927	4.073656	22.710145	-12.990370	-4.124204	-3.688133	16.978686	19.864727	5.630763	6.660698	18.812704	-13.606663	-6.947898	-4.416917	-2.959794	22.591704	-8.916245	-12.099421	21.016438	21.591043	-17.864852	18.295934	14.585862	7.750241	22.947499	3.920136	-23.266615	
13.823821	9.541770	16.229523	-14.846233	-19.255481	-12.421376	12.782823	5.048361	5.214195	-10.773792	13.649794	6.869572	-15.702941	-10.403227	-12.776896	-18.564181	18.542261	17.506568	-13.130947	0.424139	-3.654268	15.770280	-19.575983	-3.941878	-4.513371	3.182919	12.776459	0.574503	-9.270526	-0.982455	-13.491161	1.481662	2.220285	1.552839	4.223667	16.719701	19.262523	5.321692	18.357171	-6.869611	4.065744	-16.146843	19.925907	6.313512	10.721125	-17.143946	-2.608589	-1.365738	-18.796144	9.113206	
18.880084	-19.555129	24.554038	-9.083820	3.210059	6.239185	2.344539	-9.982390	-17.782641	23.767200	-11.701710	18.235212	-19.892746	-4.704273	-9.905163	5.054374	-0.886241	-13.649747	7.824418	-19.663922	-21.891610	1.993998	-26.196874	-20.829256	22.993437	16.376285	-2.130481	-3.556650	3.795044	-22.415409	-25.770638	-8.110533	20.167909	7.363608	5.217816	14.257028	14.064877	-26.384372	-11.379306	26.087772	10.529327	8.284410	-7.435755	9.453114	-6.495507	-10.447510	-10.861464	-4.378373	-15.493005	20.652582	
27.067209	-21.438336	15.143691	0.085154	27.912210	-10.753935	-11.576605	7.790642	3.926170	29.531821	15.400980	-15.583115	29.944876	-10.970247	-24.841650	-1.398478	-20.459375	-24.703510	-17.512890	-28.680899	3.991965	19.792451	-5.184823	3.222683	-24.129110	18.886202	8.924754	-0.815844	-17.917794	-15.711125	-3.502430	-11.788850	-18.520392	28.311208	-10.786176	-7.684038	25.850826	0.262980	30.769979	-12.174321	-17.794120	13.557043	-27.785167	-22.952721	-30.409293	3.918320	-25.175648	-21.242049	9.331623	25.436265	
11.363778	-2.376210	7.509202	-2.021756	-12.985564	-1.166724	-18.498179	15.483941	-16.943180	2.012276	-11.748277	-2.416183	-11.498061	14.168199	-18.824600	3.753329	-1.351957	-3.108113	1.380765	5.366816	12.563843	19.206110	14.809707	-15.667763	-17.105584	-11.040924	-12.292468	-6.098250	17.481064	13.657258	-9.229187	12.525227	-4.020348	-6.538605	-17.222201	-4.732288	-10.973751	2.506765	-7.172357	10.108753	-19.823222	5.540165	14.007069	-19.160694	7.261515	17.548224	13.219628	15.816920	12.102113	6.239744	
-16.268583	-15.973751	16.832829	-14.609929	8.131603	18.082921	-3.760001	-9.808018	-11.278272	3.839603	-7.753041	-13.880965	-15.987745	8.349588	16.411271	-5.491287	-11.919057	16.403248	11.750926	-2.606654	16.950002	16.643776	2.223555	17.957493	-6.001041	3.921883	-9.065616	-12.930021	18.218060	-11.570992	9.399774	-15.206693	-7.280895	11.657214	2.753181	17.128756	-18.762932	14.905243	-18.701948	1.289165	2.961972	12.054698	-2.106774	-15.464232	2.178980	-16.958089	11.078037	7.649152	-14.427370	14.903944	
20.944561	4.736425	-4.553218	-3.764031	15.207668	8.587176	13.134940	15.110699	-9.333752	-4.589948	21.634427	20.671764	8.924994	-21.187741	1.213306	24.602223	2.334165	-21.503079	-17.096145	-18.935316	24.114454	-18.591761	10.788049	11.295193	-9.095511	-19.391747	-14.975626	-14.166503	-15.335598	13.228221	15.924067	25.509207	8.443860	-16.925279	-12.605192	6.008537	-0.413689	-24.613667	10.580113	-9.918848	17.770742	-14.181292	-20.270950	21.932950	12.321864	23.477772	-23.766715	-0.404716	19.463252	9.278167	
1.780548	25.702644	27.977920	-5.230397	16.773931	-3.591992	27.706030	13.208611	-2.527364	23.843080	-16.066661	20.049399	1.397294	-8.842004	-11.397533	-19.215163	27.421251	-1.903683	-21.652035	10.697635	-17.989159	-3.071959	-23.702784	-26.697031	9.470239	27.333304	-0.170438	-6.695772	-18.797522	-27.341256	-13.513356	-6.340046	23.377518	14.513531	15.924777	22.120750	19.830890	7.503137	3.094685	3.380899	-11.303162	16.734448	7.713788	-9.406173	-19.386462	6.169524	9.213796	11.002301	8.576775	4.641100	
10.891573	15.314812	20.791120	4.254632	-20.207435	14.173686	-3.682524	-9.553040	18.900669	-4.856169	-8.435126	7.594384	-20.822130	-15.024967	-16.160813	-11.370206	5.207468	1.446658	-1.443090	6.025941	-15.490345	-3.725561	-20.703049	-7.148557	0.339315	19.236224	-12.627124	-9.006827	-13.785708	5.672151	-11.618065	-9.806753	-12.249939	-12.983107	5.544889	-20.710024	1.016121	-7.933351	1.733856	6.900886	-12.218713	9.436727	-9.288705	1.951682	4.478668	7.964583	-20.750365	22.838286	19.920609	-8.430930	
-23.863868	17.614802	-12.005131	-3.556814	2.993914	-17.841397	-9.434118	13.646294	14.887654	-19.366355	-8.563589	-8.580089	-19.435840	26.504406	-25.656466	-6.939580	13.488096	-3.331133	6.203634	-22.814456	15.316035	-4.626434	-1.114311	24.356416	0.066957	-6.620797	-8.362521	19.259751	-23.600090	20.480184	6.481670	3.800208	26.020648	-21.626253	9.122124	-16.860250	20.890746	-17.576097	11.142926	-13.399497	-1.311212	-8.106675	16.873821	19.690995	1.539704	21.989156	11.234272	-15.212797	2.576631	3.458423	
20.106434	20.031095	2.128228	15.974828	-1.101760	17.026664	8.951387	15.553855	-4.677201	11.763875	4.216307	8.295271	14.392141	13.739281	9.325860	-11.203974	-13.064837	-18.225092	7.265641	13.198149	-17.068514	-9.959768	18.904808	-1.315454	-20.939618	-5.328513	-4.933354	16.213380	21.846235	-20.065058	0.229188	8.929263	-17.402264	8.298388	-11.532888	9.018914	0.486735	21.843196	1.327695	-6.588206	-11.540740	9.128276	-2.579005	18.700687	-8.845303	-10.027915	-10.456767	-14.827075	19.870419	-9.075855	
-11.065803	1.141697	1.899668	2.007021	18.783377	18.822870	2.768962	21.684015	-21.321758	-0.314101	-7.011691	-16.660543	8.189809	-20.015815	-9.719969	-8.872041	-16.429491	6.554072	-6.737834	10.468695	-18.247818	8.151779	4.064089	-6.435194	-20.864337	11.319003	-11.724527	11.589130	9.378962	14.718172	-16.821850	13.289308	3.670876	8.233474	-17.967041	2.844119	-10.035975	-14.965959	21.905839	-20.165443	1.620803	8.402823	-3.770382	15.556238	-18.735946	-4.757068	4.592864	17.473690	-21.241922	-20.221609	
4.159345	-4.145622	-27.035441	12.082102	16.616184	31.816274	34.757352	10.168541	1.987201	10.112994	-6.851683	-26.249786	29.340961	-5.759080	-10.089494	23.880984	-4.097670	-11.620417	12.693925	-19.276505	29.827573	33.954726	-26.222891	34.838237	-8.108272	29.771332	-22.782822	-15.620047	19.665142	-28.901439	0.925011	-12.588750	-6.096172	13.492735	-10.113668	19.369421	-6.767368	-10.140445	-26.224344	24.855147	-28.084277	-6.024510	-31.543799	-8.576193	-0.865929	-19.489340	5.895801	-27.839772	-19.211369	-17.989762	
-23.061219	-0.171832	-6.850189	15.520728	-4.336340	21.330014	23.657668	2.506637	12.314209	11.028013	7.614426	-4.891370	3.299215	-13.396810	-4.847716	-0.559032	-18.507258	-15.637736	24.685435	4.488612	1.495719	19.253907	-6.204035	-6.205931	2.287157	17.120599	-9.420351	20.359103	-0.514649	-5.655739	23.258341	-25.726339	24.571742	7.872910	2.805325	-25.205594	-23.272661	3.711991	-10.190419	-17.460255	-22.634999	-18.047655	13.440757	-10.055520	-13.775230	10.952822	14.351508	4.210407	-3.058758	22.763374	
1.718903	17.599024	-8.702019	-15.344567	20.873742	8.147234	-20.020540	-2.005022	-19.429595	2.905125	-20.272868	22.130055	-20.882692	-17.328812	-1.033705	22.126339	-3.601745	8.529627	-12.026024	-16.975733	17.182890	13.933384	7.154250	-20.389734	-17.321648	-9.622875	-14.442725	-2.451368	6.718414	-0.354315	-6.750220	-10.111571	7.864011	-3.047192	15.273750	-9.764201	0.190073	-23.257280	24.051054	0.528719	0.651894	-10.316340	-15.354270	-2.764874	-3.659857	-1.665271	22.472537	-16.955570	-15.812002	-16.271776	
18.563790	-14.260798	2.088783	14.114704	11.818052	2.447540	-3.543408	-8.382509	-10.550274	-7.457226	-7.172638	-18.544929	10.358911	-20.534780	20.107655	21.203223	-18.303581	-7.673837	-4.817161	-13.992148	-9.336270	2.817790	4.398247	-5.488334	4.506340	-8.461652	-12.036173	21.560500	16.336960	3.085472	6.390456	20.953721	-16.808158	-0.595697	5.597674	16.546348	-20.296193	5.353777	-9.544006	5.964029	-14.387125	-5.736756	-15.388886	9.881977	0.960409	8.035470	-19.901510	20.350402	-9.983277	-1.989061	
-20.738896	17.288458	0.664369	20.622399	2.021560	18.074064	-2.586283	-19.975533	16.383638	8.285335	-4.194223	-2.014170	11.619575	-20.536171	21.010389	-11.580995	-3.583371	-0.137485	-19.147590	16.331900	-19.504756	-6.630313	4.627104	15.611725	-8.643752	17.630633	-18.264436	21.122403	-21.944392	21.705047	-5.418764	16.574867	14.800138	16.440115	-21.215225	-8.712928	-10.411841	17.221733	10.723005	-7.010339	-2.283424	-6.047828	5.294229	14.396289	1.928219	-16.527918	15.154303	2.982137	-5.688276	-1.685486	
11.001448	2.445433	0.147587	12.319972	-2.652919	-6.773781	-15.021590	-8.814566	6.469747	10.698264	12.261835	-16.661246	-6.403670	11.883817	5.085830	10.439316	-6.736783	-10.342925	-11.327019	0.871057	0.691649	13.436722	10.614166	22.327777	4.829574	11.545877	-1.985839	22.832954	-7.540920	-13.675641	-22.288064	-18.627095	-7.588802	8.282822	-17.229424	21.698975	-10.317918	23.071839	21.774641	-9.991434	-7.791438	5.086963	-1.259285	-17.271904	5.035488	-15.603742	6.812240	9.619800	-10.348903	0.207483	
13.073881	-22.855614	0.501147	20.315142	-1.645211	-21.853819	17.705239	-7.102453	17.980083	19.719076	17.951623	-20.164696	19.182427	6.041333	22.588837	22.515967	0.563835	-15.459010	5.267035	-4.264038	-1.438935	-5.053036	-26.438399	-1.073226	26.168035	-19.052391	-1.917724	22.666199	23.826405	-23.903387	26.709334	5.958731	6.782383	0.150347	5.961098	-14.123202	9.791882	16.572070	-24.553997	3.710600	19.068198	2.271681	15.347103	-22.081220	10.356443	-15.679403	5.648496	-8.071107	2.964470	6.249792	
-10.985669	16.560886	0.499503	-0.195978	-22.575350	-18.950477	2.568649	21.017148	17.561229	-18.916206	1.084849	15.332426	3.693589	8.154927	-9.061883	-3.495414	-1.070881	0.233929	2.601976	-14.654126	-17.489564	-3.783541	-6.991792	10.764034	-9.429320	-19.416510	-25.793608	-9.208994	2.036977	-5.824064	-15.029055	7.300795	-6.722158	-11.642875	-10.984858	7.871586	13.420450	7.068906	2.340358	-12.627981	2.338760	-8.250040	17.305688	11.500085	-17.718880	-17.108679	7.067362	-17.855206	-19.391541	-1.882961	
-23.857035	20.590496	-13.917095	-3.967056	-13.858990	-22.015310	-12.443339	-1.843004	18.433004	9.864103	16.693851	20.815225	22.671116	-25.972178	18.405763	23.286911	-17.682245	23.975212	-20.057715	-16.080411	-5.700094	-9.712450	0.539993	-3.374639	10.737638	21.648117	-6.171829	17.218760	3.826339	12.120213	-12.535435	-16.876911	-6.980096	23.647604	5.650936	-4.034973	2.291968	20.767349	16.245151	11.793765	-24.603307	-0.592490	-17.243359	12.005141	-20.560980	-10.749294	9.855421	-17.190619	-23.886903	14.055445	
8.301049	13.101299	-7.683455	3.463517	-19.091817	20.881406	5.700483	-0.409076	7.748459	18.548265	1.281726	18.845110	10.487055	16.021755	19.185228	6.422339	2.760392	0.676434	2.693823	5.573616	-6.077052	-9.310709	7.082592	11.682463	-6.361992	-3.981872	0.592314	-0.866071	8.226227	-17.093960	-3.156805	-10.988313	10.226401	19.007717	-9.021055	-4.802398	-2.753076	-5.566337	-17.235518	-17.681617	20.259625	-15.097412	-7.894068	-10.636232	10.717582	-18.231174	2.580227	-11.190149	1.208578	-10.422569	
-15.281697	-19.365229	0.342411	-24.689988	-4.126160	-22.144389	21.662339	-1.661511	1.840888	-5.600340	-16.758252	3.452994	24.154045	-18.934098	20.950380	-13.584671	-0.594917	-4.790493	16.373074	-4.407955	-4.612652	2.456687	26.207357	11.916320	-24.369096	13.879912	-11.990570	23.699689	-2.885949	20.979253	-3.701005	17.666071	-19.154635	9.210792	18.832855	7.764439	22.856566	-8.659292	-6.009285	19.885525	13.862980	5.438729	-16.645629	7.808113	-16.609301	20.756670	-21.519798	-25.964823	24.142961	-2.080681	
-9.291400	-7.266805	11.424199	3.302932	-16.867849	-1.031272	7.785128	-9.474442	26.584568	14.677044	-9.291794	2.927492	18.659415	20.589289	22.192821	26.414670	-19.091178	-13.914172	4.693456	-17.096697	12.691603	-6.610946	11.119795	18.701045	10.087946	-15.416175	-18.878603	7.113083	-14.917740	20.246919	-6.170867	-2.873750	19.158431	17.747148	22.540137	-21.435585	7.881847	-17.291258	-6.375213	-12.840135	8.947173	3.018798	-21.662239	-6.059870	-9.410409	-7.805471	-15.295623	1.820833	-10.129843	17.915189	
13.977552	1.891511	-7.615883	18.125431	-16.389894	-8.626378	-23.348536	15.459845	19.891902	-1.493413	-2.663492	-9.336094	-18.674794	-22.572328	-23.291773	-20.964973	4.048435	-1.423815	-14.587189	-4.421894	5.228751	2.872458	12.374053	-9.553043	-4.165914	4.705841	-12.860038	13.139105	-8.220366	5.435957	12.492937	3.804640	-4.380558	-9.685740	-2.247923	7.029458	-11.873086	-20.629702	2.140445	-3.333938	-12.000595	11.531624	-4.410832	-0.787357	-5.179469	4.259862	-5.355449	-17.262596	-19.482500	13.266417	
17.490414	-25.274422	-3.842256	-16.735233	1.121850	16.845751	23.866712	-11.478588	-26.621320	4.971094	-5.335931	-4.465024	17.846834	8.962642	3.585964	8.818757	-21.419193	11.182487	15.573299	5.726179	-14.197991	20.663599	-9.682403	23.971816	19.104870	-15.529297	15.238723	3.726259	-23.444079	-13.816704	-10.956023	-15.537052	-12.890557	17.459719	24.308362	15.137466	-17.268864	-10.618004	18.024467	-2.026175	2.640731	0.886435	20.384478	-7.500037	4.161746	6.030845	-15.844228	25.820173	9.365458	14.992562	
-13.956584	18.367454	22.766131	-4.276713	4.114696	20.922999	15.974132	5.969922	9.377262	4.669798	-0.941026	3.653392	14.298524	-0.785351	-18.006787	19.228262	11.432045	-19.370388	-16.311554	-22.520193	-22.788879	-15.665625	15.608494	-14.321026	-1.104014	-11.099828	0.687205	22.858030	-1.365833	-1.667477	1.380943	-13.266876	15.255840	-22.358757	19.282607	5.098594	22.237787	21.809048	10.723644	-3.184755	-5.809208	14.917411	-8.005495	-6.584709	16.768080	-22.338035	-14.468160	11.828350	10.907958	14.570733	
3.510237	16.722900	18.435598	9.345208	-9.685361	20.951494	15.558585	19.615460	14.275836	5.203495	-1.101941	5.914054	5.314029	16.074513	8.478316	-5.137929	15.659536	3.105032	13.585463	6.076678	-16.732177	-18.687606	-19.368808	-3.868780	18.988852	1.494484	-19.205161	3.061233	-19.790166	15.205380	-0.014656	0.838480	11.662033	7.230866	-12.026152	-0.361846	7.602293	1.162530	-3.540596	-2.796200	-9.271225	-15.856388	0.442100	10.722514	10.547661	12.684125	11.086008	10.474332	17.396896	-18.180036	
-26.221673	16.159657	-25.598011	-7.605501	4.865286	-7.343561	-21.922487	11.964062	23.333978	23.687505	-21.721246	-6.665931	-8.603565	18.746399	11.592140	-20.936753	-0.021437	-18.140805	-13.763178	-14.265368	-3.970715	6.751227	-17.343355	-11.517065	-6.694224	-25.068175	4.588724	-22.604780	20.687676	-20.388883	-10.350114	-7.814811	1.284740	3.870542	20.355933	16.920589	14.264882	22.429886	14.603626	2.557760	7.787934	-0.360447	11.373996	-1.777804	-25.904287	9.986454	13.468128	-11.052654	-5.063521	22.099890	
-18.055943	-8.945255	10.853673	-0.877787	-11.246887	1.887773	20.891981	14.256184	-0.494326	-18.565500	10.399251	17.119553	-15.467290	18.882155	21.464507	-7.856933	16.311621	12.112481	8.413496	2.098093	-19.189414	-16.710871	-1.618124	19.182693	15.222730	-22.329520	1.624432	-7.351545	-6.579342	11.028323	15.550441	20.359097	-2.695731	4.931995	-17.948559	14.002647	-13.597894	19.893101	-1.043374	5.415356	-16.759734	15.843631	-22.477505	7.835449	9.679009	18.417894	16.150481	-7.023322	-16.169564	-11.164061	
19.743545	-1.951522	-23.601188	-20.989246	-12.155138	3.786126	24.635509	22.098524	17.794429	14.616838	-25.762148	-24.382681	-23.476948	8.546857	17.201140	-12.336891	20.955095	-9.412874	-25.909068	-23.555151	24.696204	-20.082787	-8.072529	4.738947	-12.571275	-4.208613	-1.656106	-15.802874	-18.731778	-14.159568	-9.900321	-20.804752	21.246511	6.473226	-22.808143	6.131718	7.816012	11.181410	10.447227	1.846805	22.126093	21.579483	5.464618	13.918026	-13.882725	-10.374292	0.332727	-4.302022	-9.824203	-17.411235	
-20.004147	-7.767599	-4.264528	-13.261516	-15.843117	22.221773	-20.897037	24.483645	8.186378	22.302945	12.796785	-16.720725	18.437528	-24.210384	-13.571779	-9.226943	20.650180	2.817312	17.105977	-18.464158	-5.041606	-12.992295	5.172070	9.785742	23.811018	-13.491658	8.809624	19.503109	-16.115455	2.736957	11.822879	4.300403	-10.451466	10.249533	17.676457	-6.138578	-16.521089	8.817667	-5.677390	7.074495	10.672112	7.913785	-14.432913	-1.675840	-19.922079	24.930897	-2.596203	2.474725	1.934131	-10.783583	
0.034022	0.007594	0.003004	0.018487	0.020043	0.027571	0.014806	0.001069	0.001378	0.013029	0.018709	0.033752	0.030294	0.005019	0.007805	0.018912	0.003088	0.030157	0.008508	0.001744	0.006633	0.029475	0.030421	0.035479	0.033226	0.015695	0.023671	0.032399	0.012936	0.038106	0.012051	0.037446	0.021600	0.006461	0.021720	0.021672	0.012191	0.036148	0.013527	0.024394	0.020996	0.023153	0.029935	0.014773	0.019775	0.023795	0.018617	0.037932	0.026924	0.019858	
0.006409	0.029342	0.032818	0.018740	0.021354	0.038649	0.037073	0.022127	0.008149	0.003290	0.037364	0.026807	0.032620	0.015507	0.006101	0.013300	0.031830	0.008385	0.022672	0.009867	0.004440	0.018764	0.016316	0.012934	0.033191	0.001491	0.024542	0.016164	0.005368	0.038591	0.007326	0.025082	0.024636	0.016594	0.000882	0.009284	0.027940	0.038289	0.030096	0.032450	0.028916	0.030086	0.019675	0.005992	0.018284	0.036965	0.006697	0.013516	0.028653	0.004432	
0.026752	0.001773	0.034351	0.006949	0.024824	0.020038	0.035900	0.014426	0.042232	0.011304	0.016976	0.003309	0.044181	0.000034	0.004921	0.013412	0.023404	0.038710	0.000725	0.019815	0.004474	0.007091	0.005420	0.019244	0.008956	0.018194	0.014836	0.042915	0.031379	0.001971	0.027884	0.038904	0.004240	0.035486	0.002936	0.031811	0.005833	0.024048	0.025892	0.023776	0.019365	0.024246	0.021371	0.032805	0.015826	0.036014	0.013693	0.025555	0.009570	0.042231	
0.020087	0.026138	0.032561	0.002785	0.004874	0.022145	0.019760	0.031075	0.028875	0.023584	0.022722	0.005179	0.015130	0.012386	0.000012	0.026570	0.014504	0.025546	0.029702	0.029476	0.024417	0.005208	0.017334	0.010016	0.024465	0.021868	0.012408	0.033180	0.005359	0.035821	0.025541	0.034681	0.006703	0.034510	0.028476	0.023567	0.035349	0.009135	0.015844	0.033286	0.001620	0.025173	0.014028	0.029953	0.016053	0.020134	0.000890	0.023878	0.030043	0.007948	
0.006441	0.037832	0.036731	0.037610	0.005551	0.016298	0.030244	0.005940	0.009674	0.037912	0.022920	0.020712	0.014153	0.018391	0.020114	0.021583	0.025781	0.001088	0.030305	0.027908	0.030791	0.019385	0.028329	0.011111	0.012645	0.026287	0.028331	0.035379	0.031440	0.030562	0.037071	0.000512	0.018431	0.035955	0.022547	0.004425	0.039927	0.000245	0.012719	0.011461	0.005075	0.005623	0.019356	0.035738	0.002969	0.002137	0.000329	0.008103	0.018957	0.036971	
0.006966	0.018732	0.002036	0.030525	0.002347	0.002264	0.038924	0.027629	0.021239	0.002405	0.014805	0.019376	0.020329	0.036967	0.038496	0.018978	0.035597	0.029239	0.028440	0.002230	0.029474	0.009734	0.005921	0.001592	0.006587	0.022796	0.007048	0.030244	0.017189	0.037122	0.021359	0.039470	0.021655	0.009471	0.024000	0.002726	0.037395	0.005495	0.000236	0.029322	0.037963	0.034860	0.027088	0.030650	0.015031	0.010153	0.010879	0.029193	0.021121	0.026701	
0.001929	0.034228	0.029193	0.029441	0.023839	0.003469	0.024777	0.033107	0.000675	0.042157	0.038431	0.007009	0.037606	0.001735	0.003818	0.009574	0.038914	0.001708	0.016064	0.015287	0.009782	0.005008	0.013263	0.033726	0.039066	0.031112	0.028306	0.018877	0.035432	0.025510	0.003979	0.010273	0.008366	0.004769	0.026592	0.040352	0.025572	0.005533	0.030317	0.033438	0.001581	0.025406	0.004696	0.043051	0.036325	0.015827	0.012199	0.002699	0.005909	0.030075	
0.012851	0.000357	0.038250	0.027804	0.011810	0.015886	0.023954	0.012918	0.040564	0.025051	0.010099	0.023559	0.000267	0.020118	0.002889	0.014542	0.002309	0.006092	0.026218	0.012408	0.007657	0.023852	0.042145	0.008593	0.032313	0.038371	0.003303	0.027064	0.028569	0.030937	0.010753	0.011928	0.035383	0.001699	0.022124	0.036034	0.035186	0.011869	0.018132	0.023627	0.000839	0.023749	0.032343	0.004993	0.033151	0.004253	0.018548	0.042501	0.031581	0.030557	
0.029112	0.018297	0.025445	0.028766	0.002830	0.030193	0.012240	0.026685	0.007141	0.012108	0.026080	0.018034	0.005784	0.015922	0.024516	0.021866	0.031162	0.019539	0.016340	0.014190	0.013647	0.024473	0.011628	0.028193	0.000712	0.019221	0.009315	0.006821	0.040680	0.019662	0.038890	0.011625	0.004703	0.037886	0.006968	0.033266	0.005184	0.036509	0.009164	0.029725	0.034667	0.028658	0.015742	0.013288	0.035685	0.038032	0.007837	0.017680	0.029741	0.004149	
0.013196	0.010788	0.001604	0.015851	0.030022	0.001796	0.027992	0.004474	0.018739	0.039614	0.026991	0.000936	0.016528	0.017284	0.043605	0.042556	0.038058	0.014155	0.005787	0.006355	0.011551	0.013856	0.008556	0.026069	0.013498	0.037007	0.038548	0.037091	0.011551	0.034937	0.010312	0.007224	0.008026	0.008520	0.009872	0.040110	0.013500	0.028198	0.039639	0.007147	0.026044	0.035973	0.004560	0.030086	0.005618	0.008266	0.030580	0.015869	0.024146	0.037315	
0.019246	0.005320	0.031104	0.027158	0.020606	0.027123	0.018794	0.006705	0.017636	0.021892	0.020651	0.014677	0.011189	0.034963	0.039164	0.011778	0.022425	0.008669	0.003793	0.035740	0.001072	0.030113	0.006899	0.021937	0.013878	0.011010	0.009769	0.038007	0.031837	0.001550	0.033900	0.032422	0.024738	0.018447	0.018095	0.020717	0.028402	0.038970	0.021247	0.013697	0.001956	0.009885	0.036804	0.010505	0.012340	0.032761	0.035290	0.026791	0.010562	0.007767	
0.013122	0.018304	0.011683	0.027096	0.027478	0.034474	0.040542	0.011927	0.020551	0.000432	0.023665	0.025849	0.034359	0.028857	0.021589	0.020793	0.039743	0.009692	0.001783	0.001806	0.040794	0.018566	0.001231	0.018246	0.013717	0.033682	0.040082	0.012989	0.014249	0.005507	0.019712	0.003049	0.011755	0.023791	0.002634	0.040154	0.037827	0.026100	0.008311	0.000361	0.029179	0.014744	0.031913	0.001785	0.019354	0.042450	0.031164	0.024940	0.007391	0.010575	
0.031331	0.007936	0.000094	0.031900	0.013180	0.028374	0.029335	0.029454	0.019970	0.002695	0.028682	0.035717	0.018280	0.017093	0.018897	0.008805	0.013203	0.030064	0.024552	0.018055	0.005456	0.031483	0.002481	0.016307	0.011280	0.031908	0.002959	0.008263	0.034505	0.032463	0.022577	0.024660	0.031867	0.034257	0.007695	0.033141	0.002164	0.017711	0.003632	0.030587	0.023948	0.010686	0.036089	0.029868	0.023594	0.018563	0.003700	0.025558	0.021439	0.013539	
0.008339	0.005641	0.001541	0.035881	0.034221	0.001880	0.037091	0.010259	0.026569	0.034823	0.018912	0.029907	0.006685	0.004181	0.015611	0.017143	0.037209	0.038061	0.029175	0.034124	0.028580	0.023617	0.035331	0.013501	0.003494	0.024287	0.036771	0.004768	0.020256	0.024778	0.025727	0.035794	0.000434	0.008939	0.011327	0.008427	0.021791	0.018073	0.038551	0.022825	0.021129	0.030581	0.008199	0.006259	0.036704	0.023410	0.016650	0.007855	0.008609	0.006075	
0.012632	0.034040	0.005536	0.021335	0.021726	0.003653	0.027676	0.004787	0.035172	0.027930	0.002457	0.022583	0.020408	0.024806	0.003934	0.039054	0.010155	0.025078	0.033476	0.031091	0.017040	0.000339	0.001514	0.032840	0.006585	0.035523	0.009022	0.038584	0.029790	0.008318	0.010896	0.035797	0.037852	0.025763	0.017985	0.012737	0.011763	0.036829	0.023557	0.034324	0.025579	0.017651	0.020648	0.016622	0.005442	0.005264	0.021027	0.011676	0.006303	0.035200	
0.002216	0.024405	0.002267	0.031386	0.004462	0.040502	0.013827	0.041083	0.003757	0.040522	0.036003	0.003698	0.002178	0.025531	0.038079	0.020160	0.036599	0.011631	0.014825	0.002121	0.021357	0.036047	0.021313	0.008999	0.024646	0.023573	0.028104	0.012895	0.005776	0.016284	0.017413	0.003798	0.020429	0.025338	0.013505	0.039123	0.040356	0.035182	0.006573	0.002821	0.004250	0.004047	0.039587	0.036312	0.016913	0.010934	0.005251	0.031013	0.037255	0.015653	
0.027493	0.026322	0.034272	0.030074	0.008502	0.019349	0.007883	0.027530	0.015551	0.033311	0.003409	0.009481	0.017278	0.013821	0.011930	0.031427	0.028850	0.031106	0.003359	0.022435	0.028293	0.034821	0.006262	0.026976	0.002285	0.030266	0.031416	0.020365	0.002042	0.013695	0.018320	0.025493	0.021636	0.028996	0.032365	0.033431	0.030083	0.002181	0.000398	0.029223	0.028588	0.003255	0.019199	0.014942	0.025915	0.030333	0.020781	0.030893	0.001123	0.003043	
0.022854	0.002447	0.022198	0.026558	0.020349	0.025779	0.027312	0.034551	0.027396	0.032690	0.022038	0.018546	0.026295	0.024701	0.003188	0.037753	0.012658	0.040901	0.009915	0.036717	0.011293	0.007875	0.011385	0.008810	0.027945	0.000085	0.039063	0.037614	0.034352	0.010098	0.006850	0.015250	0.025716	0.037502	0.002065	0.004355	0.029047	0.008126	0.014586	0.021438	0.005853	0.013244	0.036803	0.009531	0.029811	0.035574	0.003108	0.004662	0.008294	0.024819	
0.036023	0.008532	0.025694	0.035553	0.014586	0.022170	0.009688	0.017760	0.031172	0.023159	0.028297	0.015409	0.009388	0.021242	0.033704	0.027031	0.035968	0.030731	0.026009	0.025152	0.011697	0.002167	0.029102	0.029169	0.030568	0.013291	0.029050	0.028831	0.027652	0.003228	0.008908	0.028577	0.018787	0.006917	0.025358	0.012743	0.014578	0.015669	0.025759	0.012226	0.015884	0.035798	0.010821	0.000827	0.019490	0.005740	0.005509	0.007277	0.027574	0.019532	
0.029591	0.034439	0.020911	0.009441	0.018088	0.025328	0.024212	0.003901	0.026532	0.014643	0.021096	0.020386	0.014564	0.034971	0.019738	0.017772	0.015915	0.004910	0.027769	0.034280	0.005246	0.016877	0.033005	0.006997	0.024607	0.027836	0.006155	0.017569	0.016785	0.030169	0.030802	0.033051	0.025823	0.003254	0.027961	0.015639	0.025887	0.034187	0.013350	0.025157	0.016438	0.000588	0.002490	0.028432	0.005810	0.028524	0.031317	0.020884	0.024452	0.002224	
0.017953	0.018857	0.004440	0.022186	0.009889	0.017716	0.006744	0.030775	0.012733	0.033136	0.020073	0.003799	0.011880	0.025702	0.017254	0.036247	0.033816	0.033408	0.003336	0.004169	0.009612	0.030567	0.017239	0.031212	0.020897	0.031163	0.027478	0.005429	0.034759	0.001437	0.024875	0.008877	0.031172	0.026374	0.013453	0.036545	0.017832	0.023510	0.036484	0.022185	0.023692	0.034216	0.026936	0.004611	0.014786	0.001880	0.009759	0.034277	0.030029	0.004599	
0.026003	0.024562	0.032143	0.003763	0.018933	0.027949	0.021152	0.011320	0.033141	0.011476	0.029388	0.025674	0.033789	0.003551	0.015478	0.003873	0.005108	0.024248	0.036768	0.015590	0.032370	0.003891	0.005722	0.033680	0.004181	0.036227	0.009397	0.031618	0.037519	0.001696	0.036544	0.010410	0.021245	0.025282	0.020753	0.011499	0.003373	0.026314	0.021010	0.025375	0.036140	0.032027	0.000683	0.006296	0.032922	0.028254	0.022191	0.012495	0.025012	0.001965	
0.024809	0.035858	0.006876	0.001604	0.010582	0.011408	0.025886	0.033484	0.028316	0.022164	0.031540	0.024539	0.033179	0.003972	0.004901	0.022685	0.001249	0.013516	0.021768	0.008021	0.026470	0.024538	0.037747	0.022269	0.030131	0.039965	0.008630	0.023193	0.022416	0.029671	0.019783	0.018428	0.023536	0.031642	0.004892	0.002030	0.038236	0.007468	0.021185	0.020344	0.007674	0.006770	0.006813	0.024791	0.023746	0.002195	0.024866	0.032131	0.023229	0.028854	
0.008266	0.012352	0.020370	0.024610	0.018378	0.017553	0.019960	0.039139	0.024717	0.014412	0.008120	0.000430	0.011297	0.017645	0.032989	0.038124	0.033092	0.018150	0.004964	0.033046	0.033729	0.006369	0.032379	0.021716	0.022657	0.014133	0.031061	0.007087	0.004972	0.020284	0.033510	0.028046	0.028712	0.024338	0.025124	0.026983	0.013879	0.020886	0.020967	0.002405	0.012643	0.019007	0.008599	0.040780	0.005429	0.026874	0.004233	0.022649	0.007149	0.035787	
0.010930	0.015804	0.017975	0.035414	0.036954	0.001395	0.016304	0.036633	0.031416	0.016410	0.011702	0.007935	0.010312	0.000536	0.010718	0.006887	0.020153	0.010473	0.032034	0.004136	0.019039	0.018620	0.015249	0.018708	0.019008	0.018458	0.020824	0.010927	0.030212	0.039552	0.014910	0.008975	0.030066	0.022915	0.009936	0.033802	0.015573	0.021070	0.022692	0.018609	0.033682	0.009089	0.033725	0.020931	0.016680	0.033919	0.026119	0.035625	0.029822	0.017141	
0.022438	0.013113	0.029578	0.031573	0.029094	0.023309	0.005507	0.038582	0.032221	0.015120	0.004064	0.018932	0.027647	0.013396	0.035270	0.001552	0.014404	0.036716	0.014206	0.035610	0.013777	0.038882	0.007590	0.002701	0.004923	0.021671	0.018249	0.007422	0.022578	0.012200	0.029610	0.037437	0.019922	0.018031	0.027134	0.039129	0.009701	0.019550	0.000152	0.019423	0.022139	0.014881	0.038447	0.014630	0.003040	0.008387	0.012316	0.027538	0.008792	0.037416	
0.018072	0.025352	0.002172	0.027325	0.029335	0.035957	0.009741	0.030773	0.035033	0.003856	0.019768	0.032413	0.031057	0.029955	0.025780	0.032164	0.032676	0.001606	0.038868	0.003547	0.036667	0.015155	0.004362	0.015976	0.005644	0.030571	0.035447	0.003926	0.009071	0.023318	0.024196	0.006763	0.021022	0.006649	0.010594	0.021030	0.017398	0.034453	0.027119	0.007045	0.017590	0.000763	0.002894	0.020778	0.030958	0.020429	0.031574	0.019163	0.001196	0.032796	
0.026442	0.033052	0.032822	0.020305	0.014634	0.035115	0.020445	0.015896	0.016759	0.009735	0.035013	0.018944	0.031636	0.021451	0.003067	0.031459	0.029564	0.026627	0.018435	0.015567	0.014127	0.015606	0.001967	0.005482	0.029144	0.023391	0.016212	0.030485	0.027670	0.032334	0.001635	0.010687	0.023953	0.005703	0.003296	0.023136	0.008468	0.030317	0.029400	0.021228	0.026077	0.012661	0.028539	0.008620	0.017501	0.022997	0.014892	0.024512	0.020318	0.012674	
0.033809	0.012140	0.007635	0.015600	0.018377	0.034291	0.004012	0.014194	0.016613	0.034391	0.013378	0.012956	0.029540	0.013647	0.016149	0.030340	0.015796	0.013472	0.023793	0.016768	0.005437	0.012380	0.016252	0.018623	0.002736	0.020470	0.024552	0.032504	0.021456	0.026628	0.026316	0.000063	0.029089	0.011779	0.029303	0.022074	0.011290	0.009501	0.024040	0.033713	0.030569	0.033074	0.021064	0.017480	0.024443	0.022565	0.009546	0.019833	0.033396	0.032921	
0.023436	0.031933	0.008779	0.014314	0.012418	0.035093	0.019003	0.036535	0.007807	0.027913	0.004068	0.023581	0.025785	0.026029	0.002783	0.022861	0.034145	0.016192	0.010719	0.005741	0.002604	0.032697	0.020423	0.028904	0.017035	0.021856	0.022347	0.030255	0.026570	0.025586	0.004488	0.020131	0.015282	0.026133	0.037122	0.027179	0.001231	0.009664	0.031650	0.002318	0.034115	0.033372	0.006641	0.010061	0.014149	0.016542	0.032026	0.020572	0.015145	0.024766	
0.018620	0.025096	0.018723	0.037567	0.013856	0.036826	0.029902	0.013271	0.001871	0.031576	0.018164	0.021114	0.004888	0.022962	0.016897	0.012336	0.024464	0.037384	0.016643	0.003534	0.035528	0.037520	0.003470	0.018866	0.007848	0.013473	0.024522	0.026861	0.011369	0.002245	0.008385	0.019241	0.008551	0.011674	0.029867	0.027243	0.021094	0.036443	0.038128	0.004341	0.015970	0.025835	0.018933	0.025404	0.017422	0.028663	0.011828	0.020055	0.032864	0.010663	
0.002900	0.006320	0.028225	0.037672	0.014666	0.036738	0.012527	0.005699	0.021519	0.002038	0.031887	0.026507	0.042659	0.035570	0.008189	0.042116	0.039675	0.023359	0.026647	0.000653	0.014510	0.012461	0.015598	0.036610	0.034157	0.017663	0.002315	0.006404	0.001879	0.003407	0.020463	0.021484	0.008929	0.000063	0.022125	0.019393	0.015583	0.035238	0.040503	0.018736	0.018726	0.038934	0.017965	0.017244	0.010914	0.023900	0.006366	0.027030	0.027446	0.018386	
0.036477	0.012500	0.002833	0.027560	0.000741	0.035579	0.029574	0.006588	0.014725	0.011015	0.036937	0.027913	0.009146	0.018502	0.022703	0.038983	0.013254	0.022273	0.033632	0.032522	0.004655	0.024434	0.022452	0.020118	0.034566	0.007842	0.002155	0.029754	0.010609	0.023744	0.039809	0.011323	0.020951	0.011590	0.018126	0.029182	0.021807	0.021002	0.019617	0.007401	0.013515	0.017726	0.034402	0.024028	0.014626	0.037685	0.005959	0.007204	0.027039	0.003223	
0.021771	0.030997	0.005788	0.033174	0.016887	0.017301	0.007929	0.033861	0.020803	0.029881	0.008105	0.020604	0.020535	0.013075	0.003543	0.041275	0.003250	0.037444	0.001380	0.033649	0.031789	0.024028	0.015728	0.006333	0.000869	0.010837	0.026978	0.021051	0.015783	0.015209	0.026596	0.019860	0.002838	0.014260	0.026156	0.019830	0.026625	0.003470	0.022413	0.017599	0.041417	0.020182	0.009563	0.033336	0.032573	0.025850	0.020301	0.029118	0.018809	0.019346	
0.022938	0.002967	0.021936	0.022184	0.006140	0.004744	0.035462	0.004744	0.028372	0.011426	0.013254	0.014273	0.004926	0.010559	0.026925	0.005358	0.030478	0.034657	0.007459	0.031653	0.018037	0.008814	0.022751	0.026059	0.025967	0.029270	0.022597	0.028925	0.024913	0.027710	0.033146	0.026274	0.029191	0.014908	0.026037	0.021038	0.013020	0.024892	0.028306	0.035162	0.019919	0.015702	0.019374	0.028422	0.014098	0.020302	0.027159	0.025622	0.000562	0.001368	
0.034461	0.020649	0.009828	0.035714	0.015153	0.010075	0.021952	0.034276	0.006804	0.001431	0.032120	0.014980	0.002898	0.000025	0.010535	0.016211	0.014425	0.017484	0.020269	0.031246	0.033573	0.013439	0.017516	0.033605	0.028437	0.009874	0.033681	0.015389	0.019478	0.009048	0.019969	0.032481	0.036117	0.025028	0.022245	0.002475	0.029689	0.033943	0.008939	0.005377	0.022845	0.002617	0.027279	0.035853	0.029448	0.016480	0.034715	0.019659	0.021351	0.008911	
0.035065	0.013112	0.033190	0.024592	0.026006	0.019628	0.000658	0.023900	0.002678	0.029990	0.014495	0.006593	0.035424	0.028582	0.005516	0.024516	0.014023	0.016154	0.007396	0.032073	0.034333	0.012189	0.020458	0.003396	0.011362	0.035924	0.020179	0.032421	0.034033	0.029269	0.030375	0.018309	0.016502	0.007087	0.035835	0.008641	0.027507	0.034690	0.028161	0.026910	0.027998	0.003157	0.006602	0.022229	0.010105	0.001878	0.014931	0.019421	0.020837	0.011670	
0.032968	0.040127	0.033755	0.002288	0.024906	0.029580	0.003969	0.024765	0.021126	0.015775	0.034825	0.034274	0.010326	0.011663	0.020961	0.001456	0.026165	0.023053	0.018626	0.013017	0.032192	0.036643	0.034947	0.004379	0.016651	0.013998	0.026792	0.015041	0.014475	0.002561	0.033036	0.038812	0.006371	0.003364	0.019705	0.010428	0.026582	0.023312	0.005624	0.032018	0.012119	0.011029	0.003745	0.021679	0.026907	0.001441	0.026646	0.009959	0.040386	0.025534	
0.008092	0.010178	0.002286	0.025613	0.030901	0.034704	0.038046	0.004760	0.012080	0.021572	0.033330	0.022702	0.023802	0.022212	0.018269	0.038418	0.023505	0.011525	0.028734	0.009469	0.006572	0.025071	0.037233	0.033233	0.025295	0.014408	0.027205	0.013671	0.023826	0.018539	0.028331	0.018226	0.015790	0.013334	0.015400	0.028464	0.013688	0.031773	0.017214	0.003177	0.014224	0.031302	0.018278	0.000241	0.031948	0.021786	0.018698	0.012863	0.010096	0.009916	
0.023458	0.000143	0.026314	0.037409	0.026020	0.020124	0.035743	0.037231	0.007911	0.029216	0.019456	0.008480	0.015379	0.028955	0.001790	0.022085	0.027412	0.005928	0.028733	0.013042	0.024037	0.012034	0.033932	0.007503	0.003344	0.006771	0.008683	0.003081	0.016905	0.035581	0.008420	0.002069	0.032767	0.008249	0.023652	0.038520	0.019889	0.022857	0.000658	0.015805	0.038634	0.029031	0.028728	0.001085	0.029269	0.024773	0.036843	0.026190	0.033134	0.012729	
0.001320	0.034696	0.014011	0.012509	0.035265	0.036945	0.028872	0.011817	0.009437	0.024453	0.002046	0.005057	0.029591	0.000016	0.017092	0.014328	0.011597	0.028201	0.011038	0.022111	0.004737	0.008236	0.032278	0.011123	0.003574	0.033995	0.027635	0.030812	0.006042	0.002662	0.033611	0.039147	0.036448	0.032966	0.010471	0.014253	0.028868	0.026358	0.030987	0.004561	0.030092	0.016025	0.018013	0.029845	0.029503	0.016237	0.007569	0.031705	0.027902	0.023942	
0.002597	0.024736	0.023536	0.002846	0.002661	0.039094	0.010988	0.040128	0.002467	0.012000	0.006321	0.036141	0.001596	0.001584	0.029707	0.001531	0.003866	0.020937	0.022523	0.000331	0.000901	0.020146	0.032894	0.008773	0.008063	0.014067	0.010374	0.030832	0.026958	0.027644	0.039015	0.022409	0.031884	0.006408	0.015093	0.022848	0.035025	0.027363	0.033229	0.024658	0.036135	0.036234	0.013594	0.022262	0.025409	0.033167	0.029587	0.013092	0.038182	0.028163	
0.000122	0.037761	0.029395	0.040130	0.036756	0.037363	0.024706	0.030014	0.021163	0.019929	0.030338	0.013533	0.012775	0.024512	0.006300	0.004732	0.008807	0.021484	0.002964	0.004374	0.008629	0.019522	0.022664	0.032397	0.019578	0.003129	0.017937	0.010320	0.017174	0.020604	0.000121	0.031648	0.032805	0.031422	0.009187	0.001161	0.030685	0.033417	0.018275	0.039500	0.004089	0.003178	0.002449	0.040513	0.036287	0.028490	0.017203	0.020724	0.024500	0.015234	
0.014703	0.041044	0.028136	0.037298	0.013014	0.001547	0.016942	0.005798	0.008860	0.025463	0.039836	0.031660	0.031303	0.018463	0.019459	0.004906	0.011148	0.034247	0.017510	0.021996	0.029792	0.003166	0.011532	0.036785	0.033448	0.036792	0.007018	0.015619	0.016844	0.015629	0.039020	0.015785	0.037378	0.005945	0.016176	0.004204	0.017097	0.010581	0.004393	0.024383	0.020200	0.004097	0.026689	0.020026	0.042208	0.002566	0.008545	0.040793	0.006822	0.023136	
0.027102	0.000745	0.004627	0.018816	0.014238	0.016951	0.005619	0.010431	0.016218	0.039163	0.007181	0.037534	0.017959	0.037501	0.015825	0.039663	0.005657	0.002295	0.023083	0.007231	0.004589	0.013110	0.027206	0.010981	0.033442	0.032074	0.037121	0.040005	0.032571	0.015589	0.025970	0.031465	0.004556	0.023199	0.024807	0.002637	0.014940	0.034377	0.021854	0.021407	0.022375	0.039540	0.003435	0.039854	0.016576	0.008017	0.014303	0.018917	0.035946	0.001298	
0.005458	0.021929	0.021708	0.016690	0.033124	0.035164	0.034045	0.030084	0.001028	0.023794	0.037438	0.012870	0.023175	0.015180	0.005613	0.004896	0.028912	0.031679	0.031270	0.012159	0.031134	0.007176	0.014971	0.032347	0.014205	0.024883	0.011635	0.032898	0.031188	0.039402	0.007600	0.013966	0.019912	0.015020	0.001832	0.035504	0.011744	0.036446	0.006465	0.012225	0.011987	0.017688	0.032093	0.035182	0.010614	0.004616	0.021716	0.018242	0.014515	0.006576	
0.018963	0.040119	0.009000	0.010369	0.040683	0.008549	0.002717	0.009313	0.015134	0.024649	0.013662	0.007635	0.036955	0.019430	0.004434	0.033042	0.002925	0.001463	0.000570	0.019764	0.007309	0.036179	0.014042	0.005555	0.035353	0.027103	0.032581	0.014319	0.027675	0.029705	0.033159	0.025916	0.015798	0.039713	0.009067	0.018436	0.009394	0.038053	0.012183	0.010596	0.034848	0.014620	0.007644	0.033793	0.013919	0.031770	0.040182	0.036131	0.010738	0.014842	
0.023470	0.024272	0.004122	0.026101	0.021402	0.025777	0.005381	0.015491	0.034374	0.034841	0.018275	0.005421	0.010696	0.038057	0.028515	0.018768	0.031409	0.025678	0.034022	0.025937	0.015988	0.016608	0.000911	0.037347	0.033221	0.003635	0.000545	0.007373	0.000331	0.032883	0.038399	0.004338	0.021805	0.022934	0.000786	0.013976	0.027512	0.007083	0.022852	0.010069	0.036280	0.018873	0.004480	0.032064	0.024090	0.019667	0.030693	0.030166	0.007651	0.025432	
0.019139	0.001177	0.037862	0.034000	0.037301	0.038114	0.008068	0.037174	0.002398	0.027776	0.005735	0.007054	0.031950	0.026649	0.024385	0.018906	0.030420	0.014803	0.022955	0.003602	0.002245	0.017404	0.000286	0.016557	0.012281	0.034038	0.011895	0.026736	0.001467	0.012716	0.039336	0.036481	0.038789	0.035896	0.019462	0.014608	0.000560	0.036014	0.012709	0.012964	0.039817	0.000138	0.034708	0.018213	0.001182	0.000957	0.034715	0.021142	0.018872	0.018345	
0.029154	0.007109	0.035312	0.037891	0.011724	0.015233	0.009343	0.011767	0.025800	0.011429	0.033988	0.031520	0.029070	0.015472	0.027401	0.031749	0.026140	0.036113	0.031908	0.008259	0.001346	0.024750	0.016820	0.005775	0.038065	0.039175	0.025836	0.008349	0.005174	0.002772	0.001518	0.028217	0.013004	0.010868	0.038886	0.024810	0.005521	0.008737	0.018942	0.013057	0.033159	0.006036	0.004443	0.012910	0.029490	0.014537	0.015461	0.021576	0.033738	0.030646	
0.001868	0.027107	0.037610	0.033441	0.038152	0.022561	0.018809	0.002794	0.036733	0.027696	0.022687	0.032407	0.032544	0.026470	0.015684	0.022507	0.031105	0.029760	0.034423	0.032241	0.014478	0.014818	0.006321	0.024889	0.034908	0.022599	0.004292	0.013390	0.007856	0.006107	0.019433	0.017242	0.009980	0.032912	0.010010	0.015262	0.016213	0.007684	0.039402	0.023070	0.009606	0.003666	0.009906	0.005310	0.007629	0.012376	0.013710	0.038305	0.010377	0.021650	
0.022395	0.037131	0.022083	0.017949	0.035165	0.029388	0.018530	0.013753	0.002546	0.002021	0.002178	0.036098	0.020615	0.018854	0.005304	0.025578	0.021871	0.004444	0.002632	0.018784	0.035538	0.009686	0.021695	0.025644	0.028803	0.030472	0.002806	0.015941	0.001517	0.018529	0.009997	0.010557	0.037625	0.001495	0.037558	0.020295	0.013060	0.033277	0.026568	0.035291	0.026938	0.034736	0.037823	0.022983	0.025655	0.016463	0.030538	0.010042	0.019973	0.001174	
0.005517	0.028618	0.034231	0.002881	0.035867	0.017860	0.012568	0.012498	0.013449	0.011465	0.001777	0.036321	0.012663	0.033717	0.010863	0.013750	0.021967	0.002533	0.041777	0.018809	0.024553	0.041507	0.005302	0.021422	0.026294	0.039273	0.022686	0.015044	0.001524	0.019962	0.019617	0.001167	0.037968	0.013758	0.017718	0.039099	0.039614	0.032140	0.031055	0.001499	0.017549	0.003935	0.004292	0.026041	0.025702	0.019542	0.008177	0.040031	0.002503	0.031895	
0.026058	0.015069	0.008740	0.033199	0.019926	0.034709	0.020881	0.013632	0.005264	0.033801	0.027195	0.015878	0.013637	0.005004	0.018575	0.025977	0.002884	0.022263	0.006972	0.008400	0.040959	0.014930	0.022060	0.029614	0.028570	0.030519	0.002196	0.004746	0.017980	0.009366	0.037237	0.015444	0.030986	0.014220	0.035395	0.003564	0.023596	0.020208	0.036934	0.010470	0.034092	0.013573	0.020925	0.007414	0.015735	0.017922	0.023583	0.035176	0.020116	0.024404	
0.038747	0.009861	0.032795	0.037830	0.012706	0.004364	0.019887	0.016473	0.030486	0.028349	0.017703	0.018464	0.032557	0.040493	0.014690	0.030450	0.030039	0.030122	0.001679	0.020879	0.031972	0.007866	0.008522	0.031489	0.002628	0.003091	0.025915	0.000714	0.011446	0.012173	0.018625	0.037644	0.032434	0.005083	0.017106	0.016704	0.040046	0.027262	0.000137	0.025954	0.000530	0.003424	0.021403	0.039700	0.011313	0.028564	0.002069	0.014690	0.018335	0.034585	
0.029922	0.014331	0.023606	0.006853	0.018345	0.003230	0.028319	0.001651	0.004615	0.026825	0.009950	0.034639	0.012898	0.021692	0.033560	0.029999	0.009454	0.023786	0.035874	0.032935	0.000260	0.009181	0.016797	0.018249	0.008070	0.035836	0.027259	0.020808	0.006445	0.010415	0.025758	0.027991	0.027768	0.018277	0.029103	0.032298	0.024658	0.005763	0.009106	0.020687	0.026996	0.025486	0.003205	0.011474	0.028656	0.027797	0.029405	0.009059	0.028704	0.032003	
0.038306	0.019915	0.010177	0.020539	0.000350	0.038242	0.027437	0.002127	0.015015	0.002989	0.034793	0.011529	0.028752	0.035800	0.025894	0.013871	0.007301	0.014664	0.009939	0.016028	0.038246	0.012913	0.015016	0.015169	0.037930	0.035670	0.023227	0.038565	0.008210	0.021801	0.009220	0.025511	0.009233	0.008834	0.006735	0.030863	0.011637	0.028035	0.038534	0.034481	0.010701	0.024050	0.003084	0.038762	0.030201	0.009354	0.012967	0.003050	0.020637	0.023696	
0.030394	0.004045	0.027878	0.011453	0.025877	0.001770	0.020130	0.001845	0.012299	0.015388	0.037549	0.042594	0.007251	0.020642	0.018153	0.040556	0.016671	0.000201	0.018857	0.010160	0.012657	0.044265	0.005685	0.002218	0.015957	0.011022	0.006527	0.035653	0.008649	0.036653	0.011085	0.003197	0.027638	0.044067	0.024690	0.038904	0.028648	0.008106	0.007952	0.035713	0.042278	0.022561	0.007604	0.017794	0.017584	0.018836	0.017883	0.040644	0.035570	0.006245	
0.025412	0.042740	0.024043	0.037713	0.021173	0.036325	0.012665	0.032764	0.004310	0.031850	0.003539	0.036379	0.002403	0.036448	0.006508	0.034751	0.017534	0.036520	0.001421	0.013018	0.018231	0.033189	0.024955	0.004565	0.044625	0.009904	0.009385	0.001210	0.020366	0.020397	0.008539	0.026338	0.015515	0.017090	0.037808	0.027826	0.013870	0.012216	0.016603	0.022156	0.011267	0.031212	0.016451	0.014476	0.005668	0.030197	0.009344	0.036360	0.000248	0.002470	
0.034798	0.013363	0.009519	0.010496	0.005833	0.001575	0.013549	0.026864	0.024866	0.025582	0.019575	0.027923	0.017813	0.026574	0.015323	0.017427	0.025889	0.016180	0.001508	0.028095	0.030410	0.010763	0.031488	0.013222	0.020647	0.011549	0.031491	0.030578	0.005692	0.019033	0.031534	0.014457	0.016968	0.013413	0.033977	0.027553	0.027778	0.031782	0.010542	0.010997	0.028994	0.017026	0.008454	0.017767	0.030835	0.006803	0.033374	0.032144	0.031573	0.006404	
0.025579	0.039533	0.006114	0.029128	0.025846	0.006761	0.028858	0.021996	0.016657	0.021165	0.025167	0.003055	0.018547	0.002361	0.001148	0.027589	0.001430	0.013027	0.032733	0.028002	0.005968	0.016772	0.025610	0.004211	0.022204	0.011734	0.032126	0.022236	0.029087	0.014665	0.026969	0.026298	0.033135	0.020790	0.008966	0.028482	0.021236	0.012982	0.036363	0.001955	0.038963	0.033623	0.031585	0.026761	0.019628	0.013981	0.008324	0.003374	0.038309	0.008966	
0.010369	0.032821	0.006271	0.030273	0.008766	0.001260	0.021868	0.027653	0.000987	0.017679	0.021836	0.009167	0.007248	0.003860	0.017035	0.035729	0.001226	0.014623	0.030193	0.034163	0.011732	0.017727	0.019382	0.014951	0.025832	0.025523	0.028234	0.023895	0.033713	0.012426	0.020701	0.022525	0.015560	0.030411	0.033890	0.028435	0.023397	0.028512	0.034031	0.010062	0.023565	0.002947	0.029445	0.008014	0.032592	0.003445	0.034776	0.025422	0.019703	0.026125	
0.005155	0.035802	0.030300	0.003286	0.026878	0.003490	0.015381	0.030680	0.027090	0.021332	0.000703	0.024987	0.030061	0.005202	0.003861	0.010943	0.018981	0.019216	0.017102	0.031932	0.006019	0.028451	0.006725	0.019116	0.035631	0.012645	0.030773	0.021257	0.005638	0.007297	0.030149	0.007720	0.027746	0.029319	0.019229	0.024796	0.000169	0.033505	0.003532	0.029412	0.036549	0.018643	0.018434	0.016267	0.037389	0.023783	0.026260	0.030373	0.018590	0.032204	
0.005900	0.030324	0.002903	0.033327	0.000637	0.019837	0.006348	0.040057	0.035334	0.020375	0.011825	0.021708	0.032501	0.025788	0.009069	0.039423	0.033945	0.023652	0.000083	0.020571	0.033172	0.005872	0.002511	0.037986	0.023645	0.003120	0.007074	0.012878	0.026658	0.032185	0.035944	0.016762	0.023921	0.030045	0.008959	0.007657	0.015852	0.031525	0.013689	0.037333	0.023417	0.014939	0.013997	0.021199	0.013675	0.020381	0.005532	0.007748	0.017858	0.040858	
0.028631	0.020472	0.031106	0.024773	0.022989	0.005320	0.019838	0.012472	0.034871	0.033345	0.006614	0.004331	0.015758	0.025765	0.026390	0.008837	0.013243	0.016447	0.016516	0.026779	0.034110	0.011140	0.012816	0.019138	0.003898	0.027630	0.022660	0.027054	0.024431	0.016521	0.015656	0.014669	0.030143	0.018698	0.026366	0.019639	0.005751	0.017631	0.032146	0.015853	0.005503	0.027426	0.026229	0.024997	0.024547	0.028457	0.027923	0.013865	0.016211	0.014392	
0.004427	0.032028	0.034755	0.020798	0.034611	0.022960	0.010820	0.004369	0.029870	0.017607	0.025336	0.027292	0.019537	0.008043	0.015037	0.014962	0.042446	0.003648	0.022100	0.016154	0.012266	0.003184	0.027643	0.022684	0.015660	0.011571	0.026008	0.034030	0.009972	0.023359	0.012587	0.023571	0.005127	0.042108	0.018607	0.019115	0.014877	0.037063	0.037424	0.002822	0.041729	0.009248	0.028717	0.014130	0.034316	0.011349	0.003929	0.010752	0.000375	0.038978	
0.032538	0.035373	0.026603	0.021144	0.020917	0.018373	0.019840	0.010088	0.013441	0.026550	0.038108	0.024051	0.003452	0.020272	0.004397	0.011934	0.021621	0.024500	0.001541	0.034142	0.037455	0.006364	0.024117	0.011815	0.005399	0.029852	0.001935	0.038572	0.004509	0.031327	0.027700	0.006051	0.026203	0.018168	0.035824	0.022292	0.021130	0.034052	0.028124	0.034926	0.019398	0.009453	0.007892	0.035641	0.004743	0.011379	0.016201	0.012544	0.005712	0.022336	
0.018470	0.041917	0.030007	0.002806	0.009391	0.026082	0.019433	0.006997	0.023500	0.026585	0.015439	0.042310	0.000704	0.033060	0.020929	0.008694	0.038865	0.002747	0.007859	0.023186	0.021874	0.034733	0.021802	0.021063	0.016005	0.011696	0.032892	0.013451	0.027195	0.011275	0.017045	0.024592	0.008228	0.007808	0.011525	0.041943	0.014079	0.021278	0.038784	0.034118	0.014116	0.047293	0.004327	0.015806	0.012493	0.013746	0.019442	0.026807	0.014228	0.001377	
0.029869	0.021061	0.035812	0.036616	0.015181	0.005527	0.034227	0.029866	0.017892	0.002754	0.026533	0.028098	0.019605	0.007197	0.026842	0.010361	0.035551	0.017735	0.004082	0.009817	0.004799	0.006616	0.009971	0.030933	0.000684	0.009798	0.028321	0.026356	0.036752	0.013966	0.008575	0.027252	0.023469	0.035593	0.032753	0.022030	0.003016	0.023489	0.033255	0.010351	0.020547	0.028448	0.031883	0.010547	0.017584	0.024713	0.007909	0.020459	0.030291	0.005011	
0.035125	0.029771	0.011304	0.001276	0.018123	0.023048	0.010885	0.020499	0.038923	0.013114	0.005675	0.041380	0.002242	0.035748	0.009050	0.029509	0.035200	0.018578	0.004237	0.008278	0.003430	0.041814	0.027040	0.033487	0.008352	0.040771	0.032207	0.029740	0.000601	0.000156	0.011577	0.000454	0.018035	0.026455	0.026470	0.003113	0.007076	0.041290	0.025379	0.003105	0.041096	0.038257	0.035377	0.031459	0.013245	0.007545	0.014424	0.016667	0.025732	0.003682	
0.018567	0.032146	0.000593	0.010027	0.002227	0.008926	0.033621	0.003921	0.000158	0.025225	0.000991	0.015561	0.009730	0.014503	0.032420	0.018305	0.012647	0.028686	0.007086	0.029536	0.030344	0.022263	0.025810	0.030284	0.028174	0.007246	0.028737	0.037185	0.004462	0.020879	0.022475	0.031951	0.027816	0.019734	0.013632	0.029454	0.028430	0.000089	0.022224	0.034981	0.030165	0.024665	0.026398	0.024824	0.033483	0.018839	0.014591	0.003049	0.031522	0.021420	
0.017245	0.011479	0.021350	0.014322	0.020228	0.032980	0.033152	0.005679	0.026401	0.010256	0.019268	0.024531	0.017604	0.027764	0.025127	0.008389	0.037113	0.033221	0.031477	0.010717	0.037453	0.015989	0.027545	0.028113	0.027637	0.014150	0.004262	0.027600	0.009495	0.018893	0.021105	0.022882	0.002967	0.017942	0.027192	0.032425	0.014430	0.017615	0.001097	0.034452	0.024730	0.003291	0.000165	0.026071	0.026142	0.030193	0.008679	0.009339	0.031160	0.008681	
0.005961	0.015470	0.018633	0.030302	0.018651	0.023932	0.031698	0.018911	0.001108	0.022772	0.031601	0.037077	0.016672	0.019613	0.012735	0.032016	0.033877	0.007274	0.017385	0.000158	0.032503	0.013953	0.019564	0.018685	0.014895	0.014810	0.001511	0.000144	0.038174	0.014154	0.039617	0.027253	0.008668	0.006248	0.019430	0.005113	0.024800	0.028701	0.022152	0.016195	0.037301	0.032720	0.020389	0.007654	0.036701	0.034308	0.002393	0.021695	0.009857	0.034564	
0.035270	0.028578	0.027689	0.018805	0.024173	0.011526	0.018265	0.021811	0.012247	0.018981	0.033268	0.005819	0.031997	0.025369	0.033451	0.004661	0.014658	0.030855	0.023423	0.014856	0.002594	0.029833	0.030194	0.016061	0.035722	0.014212	0.006040	0.032395	0.008744	0.034703	0.008570	0.019839	0.034548	0.033641	0.028217	0.009576	0.007565	0.000221	0.026230	0.024486	0.005095	0.009431	0.015147	0.017423	0.017010	0.009892	0.035023	0.009837	0.012127	0.029924	
0.005650	0.010811	0.004679	0.020538	0.000046	0.014230	0.004018	0.028690	0.004767	0.035702	0.021020	0.027365	0.022963	0.010156	0.008838	0.009217	0.015568	0.020096	0.026461	0.035829	0.042442	0.012322	0.041312	0.020419	0.013170	0.018160	0.014727	0.022612	0.009086	0.033401	0.015921	0.031220	0.005157	0.022381	0.014366	0.010952	0.024444	0.001158	0.017991	0.006550	0.035394	0.018277	0.032837	0.041162	0.011263	0.041148	0.018773	0.030195	0.026295	0.040222	
0.018073	0.023041	0.028482	0.024523	0.021447	0.006618	0.007390	0.043616	0.012156	0.039550	0.039859	0.030131	0.005924	0.020166	0.028629	0.007183	0.007123	0.014484	0.032867	0.031779	0.002873	0.018240	0.015913	0.027271	0.010776	0.024693	0.037678	0.008293	0.026825	0.007106	0.021085	0.000406	0.010923	0.041464	0.022072	0.003844	0.039964	0.002496	0.036721	0.005033	0.018798	0.001012	0.038197	0.022531	0.013383	0.021306	0.011575	0.026100	0.031624	0.008759	
0.026801	0.012600	0.009301	0.035893	0.035253	0.031768	0.020247	0.000281	0.006986	0.007461	0.013820	0.000588	0.014032	0.035096	0.034428	0.031110	0.012763	0.031323	0.022416	0.013813	0.035753	0.021181	0.033351	0.032265	0.029478	0.031277	0.033882	0.011740	0.030444	0.029964	0.003382	0.030777	0.012264	0.008180	0.006505	0.020987	0.013768	0.014410	0.003840	0.002069	0.032194	0.024418	0.034852	0.001879	0.013731	0.012059	0.021393	0.036315	0.001939	0.019724	
0.007536	0.009509	0.019399	0.018702	0.034917	0.027066	0.023318	0.039330	0.030324	0.035476	0.035579	0.034306	0.015190	0.022892	0.014646	0.034559	0.014989	0.035675	0.039933	0.026189	0.013803	0.042334	0.037554	0.008418	0.010962	0.002659	0.015426	0.006325	0.008891	0.006519	0.035448	0.008104	0.023367	0.009800	0.006385	0.010509	0.009923	0.028652	0.015711	0.001413	0.015792	0.033324	0.028494	0.005056	0.011288	0.010246	0.001036	0.041976	0.007477	0.023574	
0.030477	0.009033	0.034233	0.040149	0.014004	0.004420	0.015319	0.018414	0.000452	0.006783	0.001797	0.010504	0.015337	0.022951	0.024152	0.008279	0.017290	0.031601	0.019081	0.013521	0.008328	0.016876	0.020158	0.024199	0.039335	0.028640	0.006925	0.025665	0.028512	0.027461	0.019822	0.030671	0.025044	0.028362	0.022249	0.024735	0.028575	0.002730	0.018490	0.019373	0.009552	0.034127	0.021946	0.017251	0.020790	0.010157	0.014076	0.016966	0.031590	0.039599	
0.027675	0.032734	0.014233	0.034697	0.007443	0.031298	0.004557	0.000746	0.024220	0.037484	0.024046	0.021946	0.033097	0.002949	0.000056	0.018210	0.033896	0.038946	0.038242	0.016694	0.034972	0.015320	0.004108	0.006397	0.013596	0.010445	0.031975	0.020728	0.015783	0.007686	0.006900	0.003272	0.021431	0.001845	0.015564	0.038672	0.035214	0.003115	0.030368	0.039623	0.014839	0.038854	0.024938	0.003492	0.022811	0.017976	0.034339	0.011994	0.026593	0.003983	
0.000906	0.031888	0.033474	0.026341	0.007142	0.024570	0.010671	0.008244	0.008431	0.016470	0.023809	0.042715	0.019172	0.018160	0.025411	0.007828	0.006710	0.024379	0.034825	0.017096	0.008504	0.000604	0.016907	0.017210	0.013373	0.014719	0.036792	0.035700	0.026739	0.011143	0.003550	0.024616	0.009973	0.029055	0.013957	0.040774	0.028806	0.003775	0.010118	0.021071	0.034403	0.000087	0.029708	0.033898	0.031112	0.029441	0.018931	0.030908	0.016112	0.019771	
0.030088	0.008186	0.001310	0.033395	0.024053	0.013339	0.015499	0.034355	0.025698	0.031522	0.009380	0.000553	0.009366	0.009765	0.036046	0.031963	0.037902	0.026756	0.003673	0.030447	0.025467	0.033136	0.035328	0.010781	0.011535	0.026765	0.016679	0.000610	0.033634	0.014751	0.031551	0.017521	0.003280	0.037533	0.005806	0.017270	0.027305	0.038076	0.008982	0.026895	0.007347	0.007486	0.023236	0.011804	0.037694	0.003279	0.028987	0.025909	0.008312	0.009746	
0.006840	0.031551	0.018617	0.032354	0.026878	0.015638	0.036566	0.029896	0.016486	0.024047	0.009980	0.020376	0.021267	0.007151	0.027176	0.034309	0.025899	0.003437	0.007770	0.012992	0.028040	0.005341	0.004669	0.012203	0.033282	0.013333	0.023108	0.028516	0.019433	0.031449	0.004705	0.008677	0.025644	0.012172	0.004584	0.015921	0.020199	0.033681	0.035177	0.022408	0.027161	0.003716	0.022605	0.029859	0.025811	0.014049	0.006023	0.021118	0.022717	0.035168	
0.040476	0.001871	0.020731	0.021985	0.028331	0.002553	0.005427	0.018458	0.017113	0.001430	0.028121	0.010999	0.026944	0.040504	0.029916	0.025362	0.006787	0.023268	0.039362	0.023587	0.023635	0.005983	0.028592	0.032128	0.000690	0.015229	0.032432	0.005727	0.028831	0.023538	0.017792	0.009782	0.029101	0.039329	0.027756	0.039951	0.019879	0.003310	0.002350	0.023393	0.009408	0.034193	0.026936	0.024366	0.003594	0.041073	0.011893	0.016291	0.004636	0.004958	
0.009732	0.019642	0.034256	0.012743	0.029897	0.028282	0.006165	0.000708	0.019448	0.017520	0.036991	0.019505	0.037294	0.008944	0.031619	0.004483	0.027806	0.025960	0.019041	0.009596	0.036036	0.034981	0.013897	0.006852	0.028054	0.009915	0.017447	0.013165	0.003939	0.001684	0.022660	0.027071	0.012062	0.035103	0.003608	0.015816	0.016725	0.034606	0.028084	0.023555	0.007963	0.019846	0.022739	0.000349	0.017701	0.034107	0.029185	0.020672	0.025325	0.037224	
0.001741	0.013563	0.002129	0.006346	0.041680	0.009202	0.038812	0.017047	0.027738	0.006291	0.026020	0.001828	0.032989	0.040271	0.035498	0.013183	0.036792	0.008830	0.003553	0.013590	0.038626	0.010621	0.017161	0.021218	0.038789	0.036872	0.028794	0.031337	0.027146	0.006410	0.008874	0.029806	0.038660	0.026781	0.016069	0.026816	0.010199	0.009894	0.010964	0.003783	0.010115	0.038196	0.020448	0.038280	0.007057	0.023188	0.009699	0.008434	0.009740	0.018919	
0.039370	0.037714	0.012915	0.040376	0.032145	0.038415	0.023379	0.010732	0.003101	0.006829	0.022711	0.001932	0.040812	0.030579	0.021977	0.034689	0.003515	0.000913	0.004310	0.030710	0.025765	0.004427	0.017296	0.022465	0.006849	0.033488	0.036990	0.022577	0.003997	0.030040	0.000966	0.026849	0.037995	0.039601	0.016276	0.018192	0.011286	0.017338	0.037628	0.013675	0.025805	0.009768	0.013449	0.001770	0.011092	0.024170	0.011406	0.002221	0.029432	0.010059	
0.020871	0.010530	0.036746	0.032304	0.023155	0.035005	0.025791	0.022341	0.023535	0.004114	0.035953	0.006683	0.034134	0.000846	0.032473	0.018050	0.009668	0.033131	0.013693	0.002102	0.010419	0.039553	0.003206	0.018807	0.000743	0.009844	0.027447	0.032310	0.017317	0.002878	0.025640	0.040077	0.031582	0.008415	0.016171	0.021863	0.037521	0.024362	0.003249	0.024025	0.001429	0.009055	0.033320	0.024664	0.005831	0.019162	0.013874	0.026224	0.029788	0.020098	
0.027913	0.023013	0.018627	0.006043	0.012142	0.024951	0.018765	0.023009	0.004869	0.009875	0.024561	0.026729	0.025935	0.025460	0.030666	0.029377	0.011924	0.024250	0.021229	0.031711	0.019094	0.023261	0.015572	0.022094	0.002717	0.031133	0.031847	0.015809	0.021891	0.023229	0.018674	0.004742	0.001465	0.024817	0.029839	0.012203	0.008127	0.025628	0.029358	0.031744	0.008944	0.032106	0.031727	0.027640	0.006471	0.008431	0.026262	0.009599	0.006607	0.027926	
0.002554	0.039737	0.029483	0.021575	0.036561	0.028369	0.010653	0.000249	0.029337	0.016674	0.006970	0.035223	0.023031	0.034517	0.039777	0.012910	0.025162	0.021691	0.026391	0.005632	0.020664	0.013775	0.026184	0.001966	0.001831	0.000519	0.026901	0.026969	0.032772	0.009834	0.025245	0.006665	0.023188	0.026342	0.014508	0.003011	0.003681	0.037648	0.006866	0.017386	0.018382	0.027719	0.027697	0.039935	0.027536	0.014662	0.008733	0.001925	0.026403	0.034559	
0.012496	0.000281	0.013146	0.024136	0.003058	0.027938	0.010090	0.006185	0.022922	0.003069	0.030491	0.029476	0.023001	0.023179	0.033182	0.014168	0.002851	0.000049	0.038755	0.000013	0.037165	0.032941	0.033451	0.003370	0.036462	0.033598	0.032302	0.005833	0.006417	0.008260	0.032314	0.026628	0.034752	0.031926	0.036547	0.030923	0.018648	0.018003	0.000829	0.034332	0.001473	0.002499	0.022001	0.027511	0.031588	0.024232	0.000022	0.018357	0.035379	0.023750	
0.018028	0.026885	0.011542	0.028948	0.011006	0.009895	0.035938	0.005531	0.020196	0.005576	0.019372	0.026798	0.004484	0.025061	0.020389	0.010639	0.025011	0.029667	0.034555	0.022716	0.003905	0.029026	0.015177	0.023835	0.020053	0.016310	0.014769	0.018796	0.031198	0.019475	0.017205	0.001293	0.037517	0.016557	0.023524	0.009292	0.036894	0.020745	0.023601	0.016904	0.031864	0.016605	0.013282	0.013631	0.009083	0.007501	0.015551	0.036995	0.029350	0.037823	
0.020843	0.013079	0.009864	0.030198	0.030878	0.036058	0.026152	0.031765	0.017166	0.017894	0.020975	0.005644	0.036087	0.010209	0.022864	0.019715	0.034401	0.013202	0.025075	0.001870	0.003353	0.026134	0.035313	0.027798	0.013255	0.024562	0.009258	0.011326	0.033277	0.013540	0.013289	0.011663	0.027000	0.006385	0.008979	0.034240	0.024429	0.007830	0.009581	0.015045	0.019899	0.022588	0.023521	0.020388	0.017122	0.027048	0.014900	0.027288	0.023711	0.023335	
0.008716	0.027907	0.025652	0.023748	0.031453	0.018985	0.000361	0.026664	0.003009	0.009716	0.007382	0.026570	0.030685	0.022789	0.008429	0.024913	0.032191	0.029861	0.024664	0.018387	0.028817	0.028692	0.018643	0.023614	0.004374	0.026744	0.020010	0.013980	0.008304	0.017444	0.029007	0.032125	0.035710	0.029987	0.031679	0.020129	0.026949	0.001044	0.014571	0.005488	0.033704	0.031736	0.013587	0.010793	0.007358	0.016559	0.001771	0.007304	0.028873	0.028922	
0.026255	0.021460	0.007746	0.010438	0.027094	0.029092	0.009570	0.017985	0.027426	0.035450	0.024902	0.027935	0.021475	0.020443	0.001638	0.005905	0.007758	0.012954	0.012911	0.020593	0.006889	0.039645	0.019573	0.002030	0.038829	0.018982	0.029913	0.001215	0.019195	0.002371	0.002420	0.026975	0.038508	0.026408	0.034120	0.035465	0.009504	0.026504	0.023447	0.022315	0.000145	0.015468	0.034397	0.029474	0.002295	0.021046	0.013554	0.036765	0.014506	0.039010	
0.017084	0.022202	0.007518	0.023463	0.028256	0.019625	0.004013	0.004946	0.019139	0.037453	0.003373	0.033422	0.013855	0.027635	0.032200	0.031584	0.013641	0.027801	0.008928	0.026934	0.013351	0.024607	0.031356	0.032014	0.018243	0.035678	0.003983	0.017517	0.014391	0.001985	0.030868	0.017320	0.016572	0.014812	0.008794	0.032435	0.024542	0.016688	0.031668	0.023753	0.010358	0.012294	0.010922	0.024821	0.038722	0.009230	0.028138	0.010267	0.025457	0.016141	
0.005445	0.005689	0.011262	0.008273	0.014968	0.005761	0.018797	0.014573	0.030672	0.015880	0.000554	0.033281	0.025927	0.027022	0.024951	0.035823	0.038776	0.037510	0.008532	0.036013	0.027613	0.033117	0.028884	0.023608	0.003325	0.008679	0.019424	0.025649	0.028466	0.006613	0.022355	0.030386	0.038393	0.012812	0.033479	0.004387	0.025201	0.035155	0.000146	0.004170	0.021195	0.023477	0.016678	0.028029	0.020388	0.011638	0.020250	0.009320	0.009581	0.027873	
0.004553	0.033724	0.016214	0.014992	0.025663	0.002754	0.033509	0.029388	0.015753	0.006901	0.012841	0.003199	0.009179	0.039640	0.009239	0.029115	0.035643	0.032133	0.010741	0.033461	0.031964	0.009901	0.038288	0.037613	0.019999	0.013986	0.003980	0.038239	0.005471	0.003068	0.018956	0.018189	0.000780	0.036687	0.001021	0.040110	0.020257	0.004976	0.039430	0.035260	0.038490	0.019141	0.006034	0.032281	0.030435	0.001755	0.010625	0.005998	0.007971	0.030448	
0.008320	0.011106	0.015587	0.026892	0.029981	0.034290	0.010609	0.026071	0.002154	0.029083	0.021823	0.015233	0.007482	0.025667	0.013862	0.001696	0.025898	0.037108	0.010582	0.004671	0.036504	0.023302	0.007528	0.032018	0.014764	0.006891	0.006428	0.002693	0.010990	0.024245	0.032490	0.025189	0.021822	0.037202	0.019671	0.010533	0.028467	0.003345	0.010704	0.027429	0.023360	0.009751	0.036303	0.036035	0.030674	0.024938	0.029055	0.030607	0.013659	0.025292	
0.014200	0.028443	0.011768	0.000117	0.030494	0.029933	0.030908	0.018491	0.003747	0.022334	0.021141	0.021877	0.000580	0.020995	0.016084	0.016123	0.031818	0.025442	0.002942	0.030618	0.014182	0.014942	0.018535	0.016271	0.020055	0.030733	0.025618	0.007655	0.010451	0.025335	0.022179	0.018007	0.026856	0.025220	0.026420	0.014420	0.031573	0.013348	0.011551	0.021046	0.032911	0.033060	0.004876	0.030335	0.024485	0.028647	0.018559	0.031270	0.012820	0.010583	
0.28
