50
2
-9.004716	1.531609	5.349185	8.429930	-10.627717	12.359025	-16.726278	3.735514	-17.341913	11.444338	-18.457718	-17.638081	9.522075	-13.002971	0.127202	6.375440	8.247511	16.534650	-4.177876	-9.101393	-8.758755	4.781059	0.961278	14.334607	4.512164	-19.622997	-8.465516	12.834669	19.021053	-8.081614	11.525873	-3.633546	14.114300	-2.493411	5.107991	-10.900048	-16.030466	5.348041	14.339637	3.883478	11.414853	-14.285681	6.530500	10.200808	18.027039	-19.146483	16.773855	-12.015489	-3.117330	-11.014715	
18.795471	23.169662	5.170968	-1.580081	2.515377	0.327462	14.866527	26.186738	3.650542	15.721718	10.512412	-4.164907	-1.013749	11.333883	7.594210	18.148075	-3.062074	-18.584469	3.681471	-8.099054	-21.462687	-8.761751	-2.397679	6.279440	1.035619	-25.330903	15.798285	-16.115886	8.779724	19.574056	-3.247300	25.959864	6.467604	-4.612229	5.473439	-19.652146	18.260094	15.624215	-21.283053	-16.869863	10.366345	-11.919138	5.521127	-3.945076	-23.919477	1.948712	14.440088	23.975539	-2.853468	17.911260	
4.967842	-2.313997	-5.285661	-18.980732	6.513896	-20.333415	-12.353520	-3.268954	-9.951328	-17.557470	-17.540823	-5.997794	-15.522775	-10.209102	18.307725	-3.717626	14.727246	-14.988179	15.101483	-0.104342	-0.103011	-18.104056	-2.336441	-13.344674	-17.242489	9.890181	18.154272	8.682737	1.800077	0.528162	16.175184	18.787502	10.982502	11.079479	-9.372365	9.022435	15.512289	-10.291863	-2.170824	1.445643	-19.500494	-2.707283	9.633306	-0.658750	-20.003664	15.356237	6.882790	-5.955882	0.969012	-17.852939	
27.182701	26.290180	-15.625254	26.880633	-2.777589	11.346008	4.220966	-16.363402	-29.346752	1.622582	-7.139411	3.645663	-18.033750	-20.981265	23.052179	-16.917699	-23.158012	-28.146425	-15.972504	27.224911	14.728693	-7.746731	17.347438	-11.454682	27.346923	-7.289748	-18.312767	-17.689570	2.616046	9.543352	-9.114834	9.740730	-23.178334	-5.749864	16.269031	26.455220	4.179008	-10.087349	20.853974	30.096023	-14.616839	11.727639	-24.386616	0.633413	-21.977393	7.178297	-29.932171	-18.872216	-6.759550	-23.284711	
26.552700	19.900355	-11.564187	-10.028949	22.459185	-8.355313	-25.140596	-5.860690	-13.612282	-1.247411	17.367833	11.282482	-2.842571	-20.566103	19.412811	3.425432	9.174619	17.591407	-8.473876	-22.077129	-7.246920	19.657232	10.231463	-15.453693	-4.169135	-22.052099	8.544242	-20.415287	25.696948	8.637381	8.067095	-0.257929	-26.611025	24.319494	14.907121	-4.416090	13.910477	20.622432	-0.979170	-25.414900	-16.095157	-16.373846	-14.693949	7.677039	8.420395	18.143436	15.030590	-8.277523	12.787344	11.005845	
16.097435	4.357177	-21.518027	-5.115097	17.813904	-18.560754	2.232614	16.710472	-5.248482	-19.361574	9.047326	10.419873	15.064874	10.415633	21.656748	-12.878312	-4.895737	6.778114	-16.512483	-2.574767	-21.114395	6.748331	18.337696	14.169078	8.494756	18.954586	16.276313	14.238856	-21.166431	-12.091667	-4.083761	16.710805	1.443621	-13.115006	-7.705275	0.429335	-10.228697	18.162844	-5.093789	3.627343	13.988778	-6.583912	-2.148765	-1.424765	-9.204782	-1.269711	-6.868691	15.265571	5.327279	9.294819	
-13.891271	-23.033484	13.060542	-11.698985	19.117934	21.551816	15.297712	29.272585	-30.741225	24.759739	9.778945	31.782929	-27.952988	-24.057997	18.848891	-31.500269	2.122031	18.138106	-1.220472	10.612387	4.612879	-0.475902	-20.818366	-28.723606	-16.234493	8.715145	0.957526	-4.742085	-20.998615	27.755576	16.581306	-13.987454	-2.230636	-0.661875	15.423134	9.552167	-4.376087	18.491989	25.735282	23.344346	-23.162845	16.002060	16.808649	-23.054232	12.656991	21.663050	16.817697	20.806537	-1.734038	31.900063	
-16.493942	-6.684587	-11.148312	6.074230	-4.701638	15.008934	-11.822848	8.288800	5.304385	-16.786841	9.878808	17.005787	0.337928	18.456085	-13.623325	-21.337836	6.372485	18.039365	12.043375	-12.140348	-7.246992	8.932447	19.174766	-0.330961	-7.597344	-0.223534	22.347741	-7.812203	-11.544474	-13.047524	22.741686	7.141411	20.625694	21.398584	-2.664561	-8.214921	9.407706	7.081968	-17.714119	-5.329107	-20.097403	11.748411	8.865208	-12.536600	-8.529200	-20.340767	3.822136	-21.367213	-17.575681	18.291159	
-27.909743	-1.292978	21.038854	-23.885698	21.752344	15.159887	8.812194	13.811357	23.014833	5.018588	-7.398688	4.593592	-20.186426	4.176811	1.600707	-7.188559	8.977164	20.168380	-22.089291	-9.186669	-25.107066	9.705153	11.149739	23.741687	-6.335701	-3.200602	-21.860924	17.175310	-17.563966	-8.691684	27.187592	23.873995	22.120642	26.643485	3.081425	16.622890	20.415815	-2.512136	6.716286	12.585851	-8.703406	-9.629479	-21.329428	-4.835404	-7.978217	13.695637	-21.396041	0.129587	8.871267	11.234104	
-2.040799	-1.335827	-14.998340	-8.163511	-24.411052	21.573718	13.498644	-8.618895	12.238030	13.233519	-12.388845	22.348722	-28.443822	-23.392117	17.759739	-2.191687	-14.857985	1.245183	15.895913	3.322265	-16.926882	-10.764636	20.389625	-9.235172	26.701546	-11.468763	20.565193	-8.356935	-19.054768	-27.443725	26.613984	4.856439	21.625063	22.884306	-27.335633	-24.962817	-29.298099	-4.106136	-20.935248	27.289660	20.024146	6.730153	-26.659984	-1.876535	-25.518264	28.358174	-1.555363	3.798301	3.796792	-27.067051	
-1.190685	1.805011	17.519895	5.432556	17.408271	5.104111	1.449779	22.548974	-20.211784	-19.108317	-18.775907	-25.707813	-18.539824	-3.227862	11.219821	24.536921	-20.336122	-13.066974	13.350253	23.228153	-17.725317	-19.824389	15.774657	-24.940977	9.195637	-18.157010	22.219517	15.250488	-7.165947	-8.354106	-21.260162	-13.088143	11.074211	11.286600	-13.488287	-4.003328	14.637734	-24.383489	10.150122	5.332791	-7.932037	15.924200	-4.007297	17.760999	-19.258728	-22.530739	25.239444	9.657866	7.481915	9.036852	
-5.925085	-9.085195	13.498373	18.739741	3.547770	17.115704	14.664184	-5.503091	8.510355	7.701764	11.156503	-5.272173	17.317287	7.028501	20.328630	4.548765	-4.744251	16.226250	-10.933476	-9.345098	-7.633776	20.775588	14.502261	9.535389	-19.249536	-21.297398	-15.940055	-11.403555	1.804879	11.750332	-10.329577	6.641977	-6.411014	9.846388	12.518706	11.395472	18.729852	-11.435579	-0.263986	-14.100447	8.051600	9.615220	0.248638	22.239376	9.976524	-2.521638	3.180819	-18.627075	-10.987058	6.847624	
-22.552605	-7.595093	16.604682	4.272014	-12.845164	1.767476	-6.586585	-14.469999	-23.282015	1.104171	20.881495	12.409463	9.643972	-24.573805	-16.149400	14.181088	-5.933896	15.863625	-12.642277	7.900856	-20.769480	-8.171234	-21.917501	-20.191797	15.807101	-5.471155	-9.675875	-1.152393	6.415779	-13.275288	0.312188	22.444758	11.303636	-1.134330	8.690470	-4.624046	22.994228	1.930306	8.002932	-2.606800	-2.839644	17.882022	-17.343663	-18.425420	-20.762645	-10.073996	-1.525616	-16.809468	7.210877	-24.367957	
3.548791	17.258485	-22.526091	21.197536	-13.030514	17.853796	-9.420266	14.594078	14.533893	-9.991165	-2.070036	8.286826	-13.119221	3.145454	-2.575613	-3.060155	-10.797232	-6.857941	-5.055134	-9.771428	-15.334539	8.886404	-21.826991	-6.096294	-7.205129	13.809378	22.541601	-20.063790	17.097455	-10.334518	-18.797615	-15.221696	-14.810449	-12.124058	0.959297	17.393535	14.606413	12.672290	9.159640	13.859257	-1.378378	5.925192	18.874797	2.120180	-18.041933	-6.506023	-2.742909	-23.493399	-17.316402	-1.477177	
11.056676	11.569124	6.386446	-12.295350	13.809523	10.764081	-10.135447	-20.649570	-3.450035	21.624764	9.549892	-22.759807	24.336124	6.167733	8.256551	-21.210955	2.140011	-4.675730	-24.915582	-0.017334	-10.958281	-14.404816	-17.984888	-20.332498	-15.270756	6.045377	-9.194604	24.822103	14.121849	-21.406710	15.122991	-21.529420	12.669673	14.994872	4.369636	3.477099	-20.363759	2.631756	15.760881	14.589029	9.922895	-23.499234	-14.053666	-16.083600	-3.592472	-14.904989	1.116818	-24.071063	0.864567	-14.342931	
2.503609	19.718693	-5.873265	-17.315309	19.574904	6.082967	12.880941	-8.796174	3.631937	3.582116	-12.843309	-1.834223	9.777801	17.026392	-15.328600	6.535500	19.241034	15.028589	16.210901	-11.750918	18.045595	13.894888	0.437596	-16.809881	-11.852762	-11.343201	10.923420	2.970863	-16.476402	14.255245	17.392601	15.145464	3.705413	14.329219	2.656107	9.644898	7.894301	19.607331	-17.194981	5.999050	-9.560238	-11.519514	-0.929404	-2.788290	15.687509	16.365912	6.253548	7.246611	10.568566	19.101813	
22.486538	-14.376020	23.233328	9.317293	12.074998	-8.358158	23.970292	15.946951	-6.543949	11.875999	15.406451	-15.044747	-0.224661	-6.381157	4.837718	7.381738	24.093684	4.311273	-16.177953	19.639257	-21.636981	-1.327675	-26.230232	-12.716603	21.730291	26.342501	-11.379775	-26.907507	-26.343405	25.667428	15.787561	-5.816334	-7.112751	-1.416579	20.379106	4.914499	-23.580556	-3.785282	-10.967029	-11.772493	8.659338	7.515145	-3.324601	-27.965577	-10.491611	-2.752360	-11.263823	-16.501837	2.749164	-10.833828	
-11.862787	0.980009	25.093615	-19.111366	-22.906951	-19.893873	9.727981	23.654258	8.494121	8.104138	-10.982802	-0.678254	-9.861346	-19.799930	-20.502703	15.099926	23.209258	-21.621812	7.069512	18.470443	26.850915	-26.023901	21.527240	19.484657	2.411688	1.902722	-15.494559	-3.947168	-2.487440	-10.342729	-14.325746	-25.971715	-26.574534	-17.678518	-19.368262	-15.471387	25.305898	-15.837924	12.210552	26.752684	-16.723989	21.419242	9.444450	15.915815	-4.920824	23.050586	13.121721	11.539001	13.149181	25.687338	
10.347833	-15.098322	11.268000	6.573855	-14.745523	11.794780	-2.987019	-23.896876	0.280793	6.394658	4.814986	-4.041570	3.810383	-17.288103	10.402242	-8.901877	11.177887	-22.927352	16.031485	-9.618408	21.665034	-1.735632	-16.097745	13.497955	23.485551	1.888448	1.424483	-16.798688	2.587056	3.790635	-14.185015	-1.964543	21.916994	-6.531994	-0.545162	-15.151389	23.548145	-23.303408	6.650489	-4.561714	-10.721949	0.189015	-21.758259	11.457655	12.832902	13.963291	-25.206647	-20.779951	-9.899490	12.999512	
-17.398528	-18.590598	5.594927	18.640703	-17.824480	-16.278778	-14.160671	-9.828502	-13.681026	-1.115527	11.455579	-12.443417	-12.847988	10.556977	-16.108334	-3.019647	-10.121972	-8.251127	-7.704036	9.426440	-7.892195	9.826055	18.704138	8.889383	-18.842245	-17.356520	11.998065	12.222798	0.197956	-17.809491	6.192631	-20.521044	9.504605	-8.150331	0.021105	0.048254	-18.089771	19.231849	-9.777392	-20.625902	-20.830398	-10.146741	-15.035737	-0.304540	-9.309511	-4.873831	9.370143	-8.540907	0.078607	-3.335598	
10.110418	24.960025	14.765735	1.127482	-7.904486	25.516839	8.932635	-2.219196	-19.797911	-24.813596	-14.184676	-8.809400	-13.849019	-5.435202	9.828823	19.711197	-14.061543	-16.299642	26.243860	-19.396402	3.891431	-7.296178	-15.443651	-22.232832	22.695437	1.423816	-23.819587	1.614210	18.531221	9.004690	-21.633519	10.443526	-18.695740	1.887263	9.807036	-16.716631	3.046856	-5.807988	11.014275	-16.995414	-0.614783	-17.034610	-10.858834	20.394247	16.009428	-17.681433	3.396725	-21.248256	-18.655040	6.945258	
1.633451	-10.844957	-2.547905	5.209618	-10.583817	5.780618	14.977542	4.981814	3.865655	9.097946	9.817649	-5.262444	-0.383402	13.828853	-7.125588	5.067343	2.834874	-16.998620	-5.811964	4.866130	-9.445390	11.629096	6.104916	-16.323080	3.896272	-9.964547	10.367516	16.978417	-4.918045	2.257483	0.854248	-8.445803	-6.992139	10.872706	-14.561476	5.384441	-8.589749	16.902774	16.822228	-9.327464	12.900505	13.463731	-1.225040	-2.520106	-5.881366	-15.450927	16.547536	6.567863	-14.196183	0.308251	
18.525457	0.798772	12.859720	1.193777	10.685042	12.624711	17.662943	7.049028	-19.151244	-7.472304	-17.524811	-17.107585	3.323643	18.227710	24.698204	16.646224	-21.881728	20.643277	8.131324	-0.916090	20.486261	-19.226284	22.134101	24.371980	-24.405720	19.846520	-0.848881	-5.882087	15.686760	3.346335	-18.343072	9.132035	-4.103770	-2.675241	-17.043568	12.336315	-13.152094	13.778893	-22.780402	20.834081	-24.539098	0.217414	-8.288339	-16.150853	17.355368	-8.788771	-19.480643	8.370904	6.249764	-7.510359	
4.381792	-0.772253	-15.673837	-11.933551	-19.289036	16.738233	11.898406	16.260727	0.864445	19.064877	-14.042874	-15.594182	-21.501947	-4.553857	-21.452305	-10.505918	-15.117479	21.503320	-7.860170	3.623246	-7.688368	2.221542	-6.598238	0.201091	-4.128441	0.133345	-20.849397	0.224623	20.277209	17.026449	14.170305	8.472435	-11.159331	6.156314	-14.301007	-16.201698	20.912938	-6.853492	-7.556001	2.447556	17.754286	-4.188321	-12.108532	-0.689858	-14.813232	-13.139638	-7.314536	-20.004671	11.667212	-16.406388	
1.203200	15.115297	8.850089	-23.809883	-1.811138	-22.013324	-2.498846	-6.396810	6.557851	1.023908	-18.684959	-12.802649	16.573778	-9.574268	12.001414	-8.588014	-1.234520	14.882365	4.716454	-8.199598	24.626783	20.761668	7.066917	23.877129	0.466538	24.264864	23.519003	-12.120279	-18.121401	-19.723566	19.904718	-17.568424	5.766607	-19.106498	-2.836317	9.949274	-20.134403	18.748630	23.322530	-16.633376	-13.808969	10.762987	-4.188568	-18.934202	-21.563441	11.215158	17.865555	17.873931	23.356794	9.158973	
9.378002	-19.419232	22.638393	-9.267587	3.182190	-12.895108	-7.431085	-4.403220	-11.234258	4.221239	-21.144181	1.155422	17.314824	13.740051	17.662523	-13.072892	17.509305	16.231092	-10.937602	-7.711705	-11.659474	-5.474546	14.821920	9.763409	11.154719	-16.292387	-4.275701	-20.084339	-14.828328	4.910321	-4.030148	18.595389	14.165308	10.450277	6.462938	-8.576391	-16.818834	-20.616578	6.828360	20.151343	-19.817335	19.624077	-6.477324	23.838830	-7.145026	11.885777	8.769773	17.493960	-19.345927	7.588531	
-21.359570	-9.138780	-14.241556	0.010334	-20.283909	12.264499	17.067718	-17.530733	-16.479665	14.809620	16.752293	-16.671510	-13.480893	-16.504563	-15.488457	4.766092	-13.831664	0.551233	17.944099	-26.858465	-22.379298	-22.138862	-6.405222	23.331043	2.578437	18.350364	-19.644390	14.006674	-27.086144	0.952434	-25.130504	-14.954470	-27.274910	24.707291	-24.723924	7.655161	-5.670901	20.058549	2.898872	-3.258314	18.799997	22.379612	-24.679704	-21.974366	-5.134005	-5.740473	22.802412	6.674175	22.335829	-9.001314	
-4.803495	3.999735	4.517808	-15.578405	-13.114689	4.930950	-18.976775	12.944958	-9.206037	15.801178	-10.989775	8.430819	-0.161627	2.991760	-0.672355	-13.919268	-12.499418	-10.661989	7.519287	-12.193061	-0.002069	-8.436550	-17.032011	9.312212	-2.848006	7.550840	-17.004191	17.468050	15.505427	-13.406688	15.483500	2.969511	17.881205	-5.255524	5.357584	-9.778860	13.954057	16.926757	-8.548346	10.047605	-13.872160	-16.180639	7.280346	10.100131	-15.016726	4.200046	-14.924784	-17.671200	-6.191765	-1.618502	
15.665173	-18.761074	-13.362143	1.096181	-8.827851	-4.659506	-18.202450	15.073875	5.997313	0.042681	11.878312	4.748550	-15.839238	15.781069	-18.643181	-18.943044	12.333894	-15.208077	0.512821	-13.946921	9.462745	19.520081	16.531596	8.713517	5.526646	-13.749984	-14.346571	17.290854	-15.642329	13.552180	-6.048549	9.274145	17.028960	15.353944	-1.481501	19.661124	-3.089958	4.220416	17.955992	-1.382962	-8.201583	12.808599	-19.992579	19.635683	14.366553	-12.440208	-17.487322	-19.202599	-0.398349	0.775448	
14.408335	-14.476306	-3.572260	10.327170	19.081525	0.596289	3.586112	-14.995264	1.833382	0.755808	17.640481	7.989085	15.317904	11.192853	4.075114	0.933493	-18.440632	-21.721759	17.144055	-4.770928	10.245238	22.043459	16.357153	12.064964	-23.164924	4.945176	-14.497914	3.010597	-19.724517	-3.210489	24.505473	21.886024	-4.886549	18.754787	-9.043348	4.583538	1.947801	-10.152271	-20.486165	-15.279289	9.851294	-23.683360	5.525021	12.357561	-18.433934	-18.184157	-5.133516	-3.389277	24.775366	-4.032851	
-23.220986	-18.394513	-25.623513	-0.088896	8.797678	6.469233	-16.547304	-22.166933	15.738621	-10.769634	7.778731	-11.473754	6.496844	-4.034759	11.019494	-11.878203	-12.865825	22.994049	15.316480	7.083443	20.935876	15.446987	19.478339	-13.722191	13.516621	12.234026	1.943961	-20.056340	22.227689	4.740307	-13.688254	-15.141443	1.078261	-19.895322	-24.451194	20.997265	-4.618979	-16.550800	5.990017	-4.892855	-11.102540	21.315976	-13.886489	-4.208744	11.473087	7.027573	4.600910	7.572278	19.612144	10.366697	
3.368853	-1.883238	17.966124	18.436464	-7.480521	-2.184930	-19.701707	-19.235279	2.303202	-2.971680	6.867492	-7.525260	16.538033	-12.202250	5.928849	-1.954475	-7.295370	-7.515047	10.849886	-10.407612	-12.990002	0.764352	-5.751320	2.673872	-5.769031	18.369127	-8.246700	2.596421	-10.946548	-1.599346	-1.620875	18.459341	-19.666314	1.065105	16.567654	-14.790526	11.983056	17.657798	-0.959978	15.454129	-16.715343	16.697330	6.367092	-8.989212	-11.442998	10.486661	-19.775834	6.255441	19.639298	-13.543853	
-19.810289	-9.185056	15.726999	13.704571	-1.159036	-15.340083	-13.040954	25.779966	-7.705915	-19.617536	-17.833850	-23.942758	12.361486	15.072719	8.249856	10.305988	23.406018	17.592399	23.932411	-20.764566	16.027681	8.557082	8.060481	-6.331399	9.689453	-4.468491	-0.708755	7.879372	4.946517	25.206131	4.132404	10.429364	25.598426	-0.901103	-21.729847	-3.470009	6.246081	-5.420335	19.365755	-13.723973	4.924465	-19.988227	12.078750	-19.839506	-15.871380	17.440004	21.366021	8.982329	2.346434	5.969380	
-19.466943	-7.725264	10.478469	-5.048634	11.090511	5.239289	-12.552496	6.903166	-9.820899	17.446102	-3.811058	-12.295623	4.783470	-20.711088	2.125583	8.496804	-8.593097	5.896293	-14.442478	14.937980	10.933646	20.509376	19.667466	15.140529	10.791635	1.976793	6.622446	7.122783	11.934309	20.119889	-17.716317	-9.032476	-3.742857	-7.663764	-13.085598	-0.361939	-19.031205	11.751562	-11.005828	-10.278837	16.484325	6.207840	-14.281629	14.404853	15.939461	-17.903880	-3.582111	-17.440385	-9.857225	-0.941540	
-16.991513	-4.806349	-9.250972	11.784091	-5.318597	-5.131050	9.914633	-18.871903	14.633180	-12.417846	10.263164	11.013024	-16.623908	-14.660250	-3.637605	15.529743	11.330499	-5.148426	8.409999	-10.619222	-4.409535	-9.060628	2.587937	17.906294	14.571027	-1.765253	9.403048	18.333098	-17.031324	-4.821642	18.594942	9.052405	-5.669194	-13.449293	1.313166	5.137624	-18.465721	-17.433008	-16.751429	-19.418524	0.038012	-19.909105	4.488986	10.696004	-19.159579	-11.696037	-16.782967	14.262515	1.962576	-9.399007	
16.161329	-9.684878	2.944530	11.194834	-2.538153	8.415593	23.238008	-7.901631	-11.555050	-24.757905	-20.406874	4.016108	-18.039991	-6.811011	18.279553	4.109550	-20.561895	-22.008550	0.763100	-16.824519	17.795286	9.253532	18.267321	-22.927134	5.104066	-13.018010	-17.091960	5.654457	-13.197621	-1.163497	22.349951	5.742178	-8.835250	10.835658	-4.065116	16.321859	-18.785693	-0.298522	10.617498	5.139687	-22.284132	22.804788	8.944387	-18.923311	16.251395	14.953646	-17.310512	15.585424	-24.609185	19.386476	
8.999765	-13.591811	11.829161	-5.933153	16.713938	-0.208046	6.134732	7.240237	-16.961568	-2.121353	8.325682	-3.549465	16.376923	14.196404	-6.146783	15.842169	12.211443	13.003178	-12.862811	15.567128	-10.921432	-5.545184	-4.213564	9.428883	2.828455	-3.051618	-13.298971	2.106429	-15.090381	-0.661961	-16.384346	14.279787	0.714725	-8.452101	10.771593	-4.498567	-8.634457	0.773034	11.290956	-14.561504	-7.454391	15.426875	16.650226	-7.747273	7.425827	5.988577	17.468225	4.765925	-9.392891	17.696342	
-16.134393	0.284626	-21.566211	8.976304	-20.050354	-17.594364	-9.101900	-10.980662	-24.050652	4.302150	-0.083708	20.879827	14.381589	-8.468327	-11.306690	-1.500585	-11.044291	9.768316	-1.591808	12.620600	-23.047226	-0.960650	2.060336	-15.317665	-21.155194	26.188898	22.517489	-24.455938	6.942059	23.456194	6.861157	-1.178119	-25.689039	6.028815	-16.745749	6.873201	-13.063897	3.782707	21.880613	8.602215	-18.345072	-12.211162	17.178432	-22.530598	-26.662949	24.444267	3.164090	19.827691	-20.745637	12.705487	
-0.145103	5.897395	-7.218675	-11.500521	-23.672912	-18.928437	-2.456197	24.043544	-19.679035	-4.231330	18.717715	-21.844158	-7.501111	-20.140010	13.684434	-10.351390	16.750138	11.762809	1.012769	8.949615	-22.698718	10.034271	-20.141236	-23.147515	-15.325426	14.260654	-13.092714	-3.586340	7.977557	0.257182	17.331705	15.328253	10.023281	-19.627990	16.785964	20.411836	-2.674003	-7.655801	26.550803	24.958923	-13.476153	-6.117808	21.550245	11.778174	25.890423	-5.538569	-0.127198	-5.394953	-8.395624	-13.974101	
7.285948	-15.989341	25.255417	-14.833672	17.492669	-15.075480	1.455396	-10.254983	-10.989441	0.098791	0.584882	9.394088	2.591536	-17.384320	7.883439	0.243551	23.540275	-7.527071	-21.688969	-5.188963	-20.680078	23.913195	-12.795908	-2.482213	11.284264	10.700538	-16.155150	26.825821	21.281455	5.038410	20.313748	-25.263937	-2.709597	-6.800363	-10.098543	22.072780	19.334484	-5.001813	-16.396086	11.881389	1.999536	24.914458	2.393743	0.844955	-11.078030	20.990715	2.898730	19.914235	-15.204750	24.166351	
20.135302	-15.269602	-1.208628	6.223350	13.766117	1.786469	-17.871086	-19.789463	-1.828230	15.516753	-16.788485	11.843612	-7.387748	5.056703	9.723565	12.105564	10.962545	6.490109	5.711249	14.415274	-17.015356	21.216337	14.648849	-0.435252	-11.836970	5.959359	-3.760971	-14.201261	-2.176107	-20.212408	-10.745694	17.488412	-16.714066	-21.726264	21.251854	-15.428962	6.603355	-20.109904	4.934380	17.260035	-18.264896	21.224392	-11.539271	6.531724	11.243698	-6.244889	-2.550787	-4.706595	6.494611	-2.044670	
-19.370788	-21.532475	-13.700108	16.174940	-23.397338	-14.212124	12.510829	13.549060	18.227568	-12.609037	-15.525240	22.783163	-24.495921	24.551874	-10.506623	9.938977	-3.997431	-19.662663	18.917025	-11.549777	0.336901	-7.145745	11.777617	10.539051	17.221919	6.144366	-16.287273	10.114979	-12.773584	23.952314	19.423919	17.556459	10.870495	3.449119	-18.963293	15.941164	21.875267	-9.570300	1.319846	-1.867359	24.137097	25.318991	14.057327	-1.619215	-0.823425	24.036432	23.216503	13.903547	24.415083	-0.963050	
-12.249169	11.378466	10.250025	11.793031	-5.263536	-5.386997	-9.014095	14.034778	16.620470	-12.463027	-2.685408	8.927270	-9.030118	-14.830656	-8.706274	-5.271525	-0.856158	16.363073	3.684258	0.264842	-11.714839	-7.247568	12.928672	8.728374	-10.708108	-3.951045	6.813723	10.144995	11.846676	-15.344981	-5.656017	15.329316	-15.763738	-4.932004	8.157768	-14.977480	-0.256942	-3.097605	-12.823612	-2.211353	-11.201778	2.096606	-7.945801	-4.186148	-11.855457	-4.936529	-13.138091	-3.302539	-5.754316	-2.472103	
-11.902207	7.388311	-5.990983	16.235700	15.554909	17.898913	0.734586	-15.618776	-3.231707	15.167866	13.921811	-3.539921	16.281988	-17.000077	4.005355	-8.916252	4.635317	-10.232629	18.505803	-0.001730	11.368375	-2.654634	8.902462	-7.199897	9.870360	18.060079	-14.982520	-6.730989	16.414289	-3.338565	-10.812934	-9.746747	2.692038	13.239132	-6.316643	-12.941522	10.764200	-5.161136	-14.921148	3.851547	1.925186	5.234382	-1.289448	-13.944362	5.754281	-7.284814	8.243497	0.370982	-14.092779	14.721711	
1.827558	11.479058	25.104718	3.694562	28.081380	9.864250	0.039127	16.325462	19.050516	0.363663	1.233387	-4.397530	-8.261384	-23.117101	24.390134	8.480216	-18.535557	8.036578	-12.669100	18.951436	18.086661	-28.882031	-1.250297	-0.104267	-29.920824	-16.544174	-13.347261	-16.415780	4.084550	-21.241157	21.842562	9.378328	25.861590	-3.590998	-11.294673	20.970604	17.085402	7.800885	15.514766	24.648748	15.575562	5.985193	23.054000	16.150305	-15.063220	14.747798	19.107498	-21.885334	-11.882211	-0.029086	
-6.580099	-22.103701	-7.200999	-27.300473	-14.208426	-28.459123	19.288046	12.704120	-12.961729	-20.351139	3.420302	26.105199	11.633857	27.308252	26.868252	16.129155	18.802550	-16.784704	-28.278248	-2.371941	20.445783	-16.631049	-20.163506	-20.818935	-23.578534	15.596668	25.093703	-12.759829	17.700141	20.702519	-20.350356	4.044770	-21.163571	28.843157	-7.819082	3.057002	-24.542558	11.822669	26.974924	-24.179437	-2.124757	18.369582	8.325906	-4.865953	11.444586	20.121854	-28.408347	-22.255772	-27.999561	24.135580	
-20.857830	4.288120	-9.627762	-26.332074	2.572641	-5.225057	0.431780	-19.266749	-7.446631	21.025564	-24.169918	19.036376	-10.722144	-11.189862	26.286892	-27.322555	9.903440	-20.026791	2.116466	26.334390	-16.626644	15.748729	-27.597258	-25.633579	9.293465	-12.116477	-20.049813	22.733921	-4.685008	-4.811985	10.365201	-17.036173	4.068010	11.919613	6.779469	-21.101079	-11.980557	9.339393	14.929488	26.301159	3.815363	4.015922	6.564712	9.046780	0.185819	-13.607259	27.766707	25.338605	14.207845	17.567430	
-12.369793	18.038820	19.478716	20.887374	-8.067293	-13.072412	-14.757100	-6.693146	8.629135	18.362901	-13.271142	-3.919145	10.853013	-9.216933	-10.678386	6.466374	-7.175656	-8.333207	5.627544	16.041650	-2.439088	16.010677	-5.280759	12.979923	9.015511	-18.927863	-10.965322	14.934079	-8.434312	-0.851111	-8.817016	-21.033749	-14.119432	16.579270	-1.769998	-20.387246	21.859963	-11.566769	-9.397739	3.808487	17.969492	1.132841	-17.841923	0.647432	-16.580582	4.872055	18.148958	-13.502000	-16.077136	-3.151795	
-3.305917	13.919474	-5.079287	16.961344	8.994278	-1.812048	-12.028035	-11.718212	2.285284	-6.324153	-11.200723	0.227986	15.980625	9.366661	-4.059428	18.292894	-10.517986	6.693663	9.864619	-2.958139	-11.307677	7.209115	-15.200350	0.508810	-11.730339	10.440972	3.296084	-16.329367	4.678123	9.777972	11.021711	12.705286	0.231291	3.288200	8.695173	18.689152	-13.103584	6.360497	14.394317	9.266830	2.701826	9.732797	10.503978	4.398776	10.719686	10.355930	4.510454	18.522113	-12.420442	-0.294099	
6.872520	-22.663333	-6.573938	-5.704286	4.079277	10.141906	-0.677908	-13.427496	-2.129021	0.598497	-19.147647	-5.400349	-0.059261	-15.883140	-14.427738	-4.959675	13.350914	-21.274975	-23.518176	-13.692894	25.581605	-0.462278	5.481375	25.825610	-10.254197	14.730461	-17.013747	-6.414082	-23.503446	24.550626	-21.726514	-12.771620	-14.466245	22.977906	-10.929791	-21.714097	-5.147713	-3.968038	-16.261901	0.556333	-13.197632	1.699915	10.076276	14.201408	0.204302	-4.540021	9.441118	-24.753041	24.640005	-14.989716	
1.258015	-19.599475	2.019559	22.574526	5.631740	-20.288238	-15.646886	-13.521148	-2.699598	23.091206	-4.115791	-6.202974	-4.370519	10.348521	1.065775	15.804536	17.976855	-21.403456	20.159168	16.552285	-20.856226	-10.493990	8.084118	-3.628787	-21.704043	-8.496973	17.378261	-4.260740	-20.325726	-20.261018	9.715002	23.862248	-20.342196	-2.204985	-9.133166	8.625563	4.980972	20.162781	-14.407598	-4.961821	-17.210197	-8.613450	15.525723	9.069236	17.281088	-20.805134	-13.448892	-18.125799	11.939012	20.791066	
-14.763857	-8.372291	9.545746	-7.458414	-0.271636	5.610254	-0.268044	-1.797899	-10.082148	-14.785479	23.981151	19.843214	-21.571563	-0.037342	21.910963	-12.563566	1.832117	-8.901988	-21.643317	1.568920	24.208292	5.683118	20.306542	-21.677327	-26.422189	23.065853	-15.633794	-16.222439	22.463864	-23.934227	6.133426	-25.728343	-18.991269	-24.066060	7.396483	-15.523279	14.959523	20.882647	8.260994	9.580248	21.828418	26.598988	-6.632841	-16.902847	-8.577948	-19.757346	11.796426	-7.702985	25.188802	9.929210	
15.298369	-19.928174	21.866612	0.188257	-5.938946	20.684509	-19.855068	6.385446	-8.897554	9.335094	20.777293	-18.323349	-6.035105	-11.171006	-7.413541	14.654539	21.574347	-5.438843	5.197534	15.772522	-16.547551	2.496646	7.848479	-5.578073	-16.457467	7.555199	15.580076	11.046806	-13.280718	15.240196	-7.090871	21.588021	-7.265501	0.314666	-16.983347	3.559451	9.158962	4.553263	17.870040	11.364531	-10.550417	13.796338	-20.450951	6.683091	-15.790525	11.369468	-14.445318	4.257588	11.251124	21.925342	
0.841169	3.764511	-0.423949	-15.660104	19.276735	8.397878	-10.598467	-7.702173	-2.232739	-19.787487	6.894025	12.664540	17.411599	-15.324640	18.901382	-10.811226	-9.071461	-5.339085	10.268412	-18.293624	-14.569353	-11.052275	15.549691	-0.176467	12.955903	9.140347	5.664927	7.225284	-19.400632	11.829045	-9.281606	6.629627	16.373845	17.027801	-2.594002	19.075943	-10.988767	2.606793	-5.684037	-10.860662	-13.225675	-5.243896	-16.260607	-3.773788	-0.672169	-16.508436	-5.600961	10.054103	-18.338836	14.667075	
-9.273519	23.131550	-4.767034	19.550799	-15.292654	6.381624	-10.772572	4.034114	19.190918	14.379321	-17.788544	-21.406912	17.853035	-17.274311	-15.211089	23.248425	-2.920642	-24.441885	18.512765	0.712723	-12.333590	8.786212	14.416969	-0.130923	24.572588	16.510619	18.524047	-20.783271	13.807969	-14.589086	-29.541516	-28.101363	-15.285785	21.048401	5.256810	17.157364	-15.630490	8.127179	3.810730	-24.042105	13.904017	-12.515133	6.849276	3.368146	-11.893421	22.785777	23.136691	2.789288	9.953206	1.590822	
-4.354834	17.163390	0.375008	13.105038	5.725809	8.219608	6.271409	0.453141	0.224602	6.228874	6.073304	-0.612153	-13.013061	-7.803679	-12.338199	-20.140699	-7.358007	12.224755	3.743362	-1.472278	4.064619	-19.041222	-4.237204	3.343783	-20.615046	-10.351402	-3.505471	-21.734161	0.345283	-21.428629	-16.161279	12.984199	-1.088916	19.720427	15.980813	-19.581687	20.318715	-10.045591	12.422758	20.957677	-4.944611	-17.531175	12.175779	6.637847	7.504265	-9.779686	15.697339	20.087112	13.296591	-14.366280	
-18.147936	-14.465366	2.320147	-2.056421	8.067258	3.673850	-3.531173	23.785884	-14.566493	-4.863475	8.165283	-22.006296	-25.006549	-23.361572	-4.165784	6.113933	-14.616939	-19.067071	-2.026849	8.399850	-5.285270	-3.342522	13.328756	-9.376341	-12.846578	27.895252	-7.979859	-8.619103	24.032081	-12.897467	2.648482	-15.068219	8.893720	2.330242	18.728316	-24.355420	27.950165	-7.126964	-19.128103	5.086337	12.317929	-0.663860	12.253650	25.994500	25.982501	20.036477	-8.791808	-0.090801	-26.673946	-27.906501	
-11.530345	15.845583	13.917044	7.416819	5.752904	-10.138490	-19.146056	16.003638	13.112853	21.992466	11.195909	14.830893	12.893042	1.486710	17.450621	21.943903	-8.998360	-1.276312	17.432581	18.259602	6.133917	-5.629776	20.804755	9.993938	12.841252	-18.658190	8.197177	-3.588485	-8.173022	-11.222914	-0.533213	2.210374	16.495878	5.700788	15.307287	16.171417	17.104431	-0.132484	-0.295101	8.274364	-19.621051	-12.397460	-13.051347	4.739669	20.687047	19.162130	1.064211	12.361940	7.102942	-17.891356	
-20.047643	3.803997	16.984077	-5.583630	-23.802776	-8.768784	5.353246	5.134907	-6.338112	-21.849783	-5.825341	7.797831	22.421247	-21.418911	-0.497520	20.206582	-20.462462	12.268806	-1.652070	10.916412	2.080432	7.615837	-6.691967	20.018680	18.615700	-26.825415	25.618204	17.021064	18.262322	-5.006571	-8.039330	22.576395	10.587945	-24.612548	-19.766833	14.414509	14.911380	-14.824623	12.409244	21.662997	-11.295346	22.658150	-22.359568	19.769648	4.436298	11.614832	-19.590014	24.674041	-25.528520	23.103107	
-4.117648	-11.170749	12.626222	-9.287618	-2.677358	-2.331020	15.977191	20.586094	20.690828	-15.439604	11.653083	13.228855	-20.516478	10.197424	0.804991	19.277715	14.085695	-0.636720	-19.603733	-5.161132	-10.874498	-11.314429	-2.335023	-18.106823	17.009350	10.118728	2.314708	9.846385	-17.154364	4.078052	-0.326160	10.010074	11.171545	-0.673586	-0.315924	-17.323530	5.720695	16.594272	-9.070449	-7.497732	-4.264204	-17.634998	11.710775	16.658356	12.465322	20.793663	3.057129	-18.101331	16.699577	12.741937	
16.331597	10.167134	-15.949965	-8.964455	-4.832601	-1.225962	-13.287574	-8.005289	-8.674910	15.937937	-13.972937	1.024519	-9.070645	16.205885	-5.495452	-7.963136	-16.825011	-9.205053	-7.995335	12.834813	15.869722	12.050733	2.087364	-7.780124	4.902072	-13.863991	4.676974	16.310677	13.609682	-11.857212	-16.064925	-8.269923	5.200378	-8.232253	11.015784	-12.841524	-16.752704	-17.289369	-15.086620	1.633622	15.590900	-1.381082	18.424175	18.577515	16.152505	-2.053224	17.169636	9.059258	10.109774	-18.280059	
-6.660224	-30.094119	-7.974030	-20.594796	-27.574225	-23.416306	-30.203730	9.956503	24.475584	2.858923	-6.502278	26.175966	20.927782	3.450959	-12.165881	35.273895	-8.653392	6.177624	-2.965161	-34.070054	28.671161	-2.942123	24.731505	-28.686229	13.323389	-26.073575	23.851379	-25.625293	10.674825	35.269187	-29.763982	0.045750	14.730765	3.608566	17.261543	-25.189637	30.090760	31.797200	-10.878833	-18.227051	18.408500	5.452235	-34.669143	-13.414721	25.082909	20.462501	-17.258122	-31.027079	12.111140	20.190098	
-4.505338	19.321960	22.099495	-12.709141	-6.376633	-14.183730	-1.340903	11.077772	-8.212235	-11.340737	-21.765443	-5.050196	-21.509581	5.870336	12.569013	-21.990110	-17.791961	-13.247085	-14.184396	-13.416161	-7.363559	8.728008	17.501966	-7.102867	-14.833640	11.824852	6.999019	-21.228217	18.803968	9.413602	22.792987	-21.017968	-22.666750	-9.825421	11.226165	6.600294	17.849988	0.776972	15.519798	16.294176	-3.941146	-3.973167	4.075198	8.393403	0.440113	-14.086672	9.914884	-17.216588	10.667913	-14.864082	
7.676484	2.022074	-12.690703	-21.438848	19.429650	15.233438	-10.999300	-12.889014	19.126949	5.228375	10.662310	-20.662310	-10.809642	12.360981	13.016379	-11.124224	7.828392	2.227220	-0.346647	-7.531104	-17.306822	5.645218	-2.494440	-13.656418	-13.149115	11.054595	12.628180	10.789554	6.874556	-14.488563	-13.954922	-12.041030	4.998055	10.592964	5.985879	16.240510	10.755623	20.762598	-12.806426	5.387222	4.577437	-0.771670	-10.407641	-16.490753	9.794718	-5.416704	10.209827	6.446867	-21.761805	20.820831	
0.729881	-2.675105	15.268379	14.325279	4.251944	-2.748518	17.120437	-7.635258	-6.648167	4.239412	10.870691	-14.987769	7.110748	-12.570170	-1.485217	-18.084272	2.837447	-13.162276	-7.222398	3.170315	-16.311514	-17.821359	10.739057	0.716046	1.687665	-18.153352	-11.580410	-7.304903	-10.403071	-1.455947	12.778201	0.327729	-17.695336	2.787534	-5.440891	-10.391548	-0.605379	-16.750356	1.943442	-0.569459	16.915348	-3.398712	0.134866	-7.718732	-14.552867	4.632264	-13.972118	11.233000	-15.147608	18.344385	
10.262199	1.862001	1.009986	-13.809436	22.829303	-6.564388	21.603169	8.857905	16.925020	11.671433	-21.743626	-4.778704	-4.799489	12.157068	-17.561158	-13.455192	22.776183	9.897342	-7.796714	0.069148	25.634025	6.311958	0.025749	15.553052	17.966669	16.619603	-13.196404	-24.767897	12.659323	13.787585	-12.952004	-19.271890	21.164167	-14.445660	-17.184179	8.056043	-13.490869	20.247167	9.959729	10.600888	10.215463	19.233283	-6.815972	-22.137828	-23.327355	-23.758799	-24.650265	23.071345	13.054389	-9.057768	
22.484894	3.789749	8.917741	20.940113	-10.173584	23.221281	19.944860	18.325109	-4.619601	-14.814505	5.457438	21.526611	-9.936342	-16.362572	6.482118	-15.741181	8.872632	5.329675	8.683950	-6.523694	-18.670027	-2.077961	17.180034	-21.156400	-23.019865	-13.239464	14.017956	15.720199	5.475457	12.542377	-15.219487	17.834311	-5.287988	-13.178092	-0.805958	16.408822	5.101077	-14.383724	10.371860	-22.233486	23.762050	-8.253655	-24.353866	17.544207	-5.207204	-22.229423	19.929161	0.684577	-4.330569	-2.482118	
-20.818918	25.398041	-15.803102	18.321857	9.239301	8.533140	13.999998	-22.763397	-21.464178	-5.698833	1.014823	-11.623614	-8.651469	19.311588	21.421615	-24.239227	-9.962117	0.786295	4.960133	-18.570681	16.570191	25.219326	-1.638707	21.170313	8.982062	11.773322	21.383218	7.357209	-2.756726	6.651803	11.129862	18.290375	-0.682017	-0.508079	21.301544	24.389400	0.533397	-4.078839	-25.309096	-18.302609	-24.118633	19.044299	-8.046744	13.867371	-22.155912	-3.655803	4.003058	-13.454625	13.243298	13.314063	
-20.333903	-1.814635	14.047075	19.778494	16.475864	19.429115	10.281206	-9.505104	16.350953	6.755028	4.859642	-19.550499	-5.088957	1.245853	24.489272	-6.489957	-21.005233	22.461112	-13.131251	-5.831175	12.123489	10.444539	21.798230	17.781235	-12.217103	0.353694	14.800374	-12.006554	-24.803571	1.107474	-8.221533	18.616153	-8.321539	19.047606	5.218665	-20.787064	19.714543	22.357321	-16.377229	-25.131133	7.737784	21.927419	14.978326	-20.937630	13.344070	-25.023137	7.708283	9.721583	8.612568	-14.915057	
11.175311	-4.505344	11.601680	26.844555	0.915450	25.661869	14.209187	22.622356	12.260482	-9.278684	-17.480220	11.862044	21.157263	-16.235069	-20.379614	6.929960	-19.877803	6.136781	26.697832	-22.496819	8.018186	-5.959391	7.481336	-23.794874	-26.950415	8.603296	-18.948980	-25.108224	-14.039510	-15.011708	-23.447521	-22.404470	-18.726607	-14.237709	-20.807947	26.243283	21.237737	23.998037	-13.343778	-21.143335	24.577856	21.456532	17.157477	-18.555856	17.314931	18.189915	7.824952	-25.994078	-19.576033	22.100290	
7.957374	-10.026996	8.127827	-0.064858	-3.340212	-21.649437	8.085760	3.207387	-14.945095	11.563986	27.091087	9.712518	-24.923611	-19.159790	19.943331	13.705986	-24.004900	24.482591	-22.086237	-25.551549	-8.277319	9.390469	-23.092142	6.810068	-13.400479	-14.891339	22.232775	16.101175	-15.151639	-23.708987	19.987413	-27.267884	-11.278603	6.226438	-16.947629	3.830703	4.761855	4.187442	3.972888	15.867873	-20.256804	1.535111	27.720698	17.285030	12.325679	5.260444	23.211890	-9.931417	4.342556	19.575569	
6.854990	5.192469	17.152420	4.897884	-11.005378	8.033663	-13.955307	16.585533	-12.871987	5.256769	10.052044	9.102823	-16.802368	4.718273	15.683045	2.959324	15.286836	13.008405	-16.494398	6.792088	15.537565	-18.024193	3.616112	-8.067769	-19.695041	-17.298016	6.288731	-3.747286	15.450402	-1.025171	-18.464541	16.715431	-18.468726	10.691105	-14.591030	-7.569236	-18.806041	-3.696189	-18.664740	11.893322	-8.439088	11.116764	-19.115810	13.555586	3.317237	19.183557	-7.739361	19.230694	15.303586	-4.551818	
2.268590	13.410971	12.456628	-26.934826	-16.319934	0.913382	22.969531	-27.214362	-3.012332	-3.089230	-13.194992	21.662806	-27.875590	-19.819073	6.806853	22.041933	-5.133712	-11.964959	-24.378616	-24.545067	13.941772	-27.327621	-17.467502	1.501860	-24.164289	-22.051769	14.098624	20.186851	16.909586	22.102113	19.152990	-19.929929	27.500661	2.971558	-27.432219	7.193931	18.345406	21.676537	-23.921263	-21.820045	15.433366	9.232031	10.381674	4.448085	-21.959477	20.584186	16.028074	-23.182061	-27.908887	-24.479436	
9.100134	3.865844	-15.133909	15.106024	-26.516689	11.822131	-12.227475	17.595966	5.198865	-7.571137	2.386032	21.922569	18.624664	3.453621	24.810533	-24.506378	-23.225885	16.579009	18.993204	-8.440989	3.737279	5.943716	22.250316	-20.288310	15.930965	21.866204	-19.749025	-10.618574	-11.606094	9.750904	-17.406599	13.279017	17.414030	13.103402	17.065575	-19.401416	3.556989	-7.739399	18.398778	26.379696	2.290649	9.201833	-9.643826	10.859310	-27.059510	-23.203399	-26.265869	17.377642	-21.393716	-16.596863	
11.370321	-4.619473	3.632562	9.334295	20.060371	0.481711	19.311432	0.370244	-1.425634	-12.958803	19.327102	-2.062217	-19.014793	20.000359	5.405948	-12.586200	0.996977	-14.741430	-4.387674	6.250098	15.486263	-0.542193	6.489286	7.147512	13.326276	13.953096	0.109787	-17.998255	-21.304331	10.283261	10.884665	7.696649	-21.973863	-16.623112	6.655012	12.360578	10.279037	6.714828	-17.145803	6.068721	8.729280	17.504000	-8.882129	19.058716	5.900776	-5.246404	15.743863	2.136952	-19.945012	9.898364	
13.731198	19.160322	7.366887	-4.976333	12.444947	15.047286	23.761836	14.437498	-17.369664	14.431237	-4.292940	6.561782	15.956974	8.191166	10.504943	5.140826	10.186560	-5.016427	11.570729	22.503467	-9.343887	25.820103	3.461100	-20.782514	1.785410	11.196328	5.247307	-1.182348	5.591796	9.831297	-15.796527	6.793196	13.069741	11.157667	-0.211855	24.296137	7.813242	-5.379402	14.141290	-4.926942	-14.393759	-12.002117	20.101978	9.969860	-7.813198	-11.237759	4.837497	-24.672544	27.634202	-15.754671	
2.560574	19.417721	0.791898	-1.657548	12.369941	2.913300	-9.382985	5.584598	-10.724126	-21.450212	-13.391141	2.653194	6.698491	-9.803141	14.312486	-1.078281	-9.687722	21.662665	10.716354	-19.852286	13.392432	9.469911	-10.688109	-9.858468	-14.296776	2.791081	-4.714855	-0.847422	-17.000102	-19.643639	5.093242	18.031272	20.494385	-4.136962	-12.490458	-10.316828	-8.569297	-2.835958	-10.708769	-4.251017	-0.458885	-3.857411	-9.727869	-6.263441	2.906166	19.164307	-21.730902	-9.327972	9.053596	-5.279335	
-18.061129	22.937047	11.581739	-18.137702	-3.319496	-16.958864	-2.142047	-0.022159	-1.299868	-4.697442	-3.800155	-3.415568	7.832406	-14.035400	6.508912	-15.147901	-4.976471	22.495002	18.934109	6.705952	11.585164	22.914776	-5.461923	3.092608	17.456008	20.350769	6.060749	-19.522207	14.800031	-12.532771	10.886375	-1.692030	-14.231547	6.698857	-4.395112	-20.989503	18.960905	0.588300	17.450682	4.414232	9.231106	6.615824	9.528328	6.538611	-21.773141	-9.640899	2.719009	-10.539801	22.268088	15.955495	
-9.343643	5.186039	-13.989331	2.730281	17.878507	-2.129900	-1.844766	-8.577403	-24.114723	7.203626	20.245691	-23.205020	-24.631447	-17.075380	21.464634	-8.625067	-16.235297	19.633935	-9.972627	16.027829	-5.765000	-7.189972	3.479982	17.334788	-11.929435	9.649772	-3.983017	-24.733144	17.359644	26.625957	-26.675970	0.097736	-5.374388	12.152548	19.544213	7.670358	12.588513	-22.123087	16.378540	-25.234521	2.122575	8.084451	16.505225	-13.273069	20.462724	24.817461	-6.838566	-13.822958	17.849811	-8.836988	
-12.270967	-13.333185	-16.695654	15.856683	-8.709650	-23.978280	-14.566443	9.180770	17.365950	6.277775	-16.513752	3.585086	-2.575046	-21.751709	-23.503097	-11.523173	-22.533582	-7.704012	-7.074314	16.788513	-14.816562	-10.613985	-16.435336	1.309338	19.264833	1.446629	-18.951355	23.775611	2.027246	13.458704	-3.242373	-19.878221	23.455000	4.975975	23.242573	-9.231670	2.494623	15.299359	-0.044399	12.170090	-9.742620	11.213450	0.336668	-2.076485	-20.448285	21.604961	-16.389830	20.194610	-9.624835	-19.450215	
-20.592783	-4.876361	-11.896606	16.099640	0.898265	-0.410978	7.404264	-3.973229	-1.114686	-16.781029	13.952323	-9.755120	-13.121643	-13.634340	7.829460	4.711601	-5.592929	4.184418	-2.427441	16.197342	10.136055	11.896828	20.234088	-14.629970	0.452481	9.329691	-18.824049	-3.783705	-12.904785	5.830122	8.920183	7.728659	7.407094	6.769115	-12.822509	-7.082571	-7.524077	16.102019	2.394804	14.463122	-7.134967	-5.576838	19.174155	11.206629	7.386600	15.785740	8.416266	9.042090	-15.593939	11.740310	
-20.321415	8.690044	-20.017394	-13.643409	-6.236368	-19.975706	23.479221	15.256719	2.341365	20.121967	-12.080809	-2.067699	9.256905	6.002298	19.847912	15.224062	-20.279128	1.022416	-3.060158	5.084909	22.150180	0.779128	-6.739827	-21.622900	-4.602326	-3.300025	-0.237317	-22.922761	-17.658285	-2.217691	-9.968991	5.162207	-13.090253	13.959587	-13.648308	3.223218	9.700443	2.969950	9.858148	-5.229323	0.450774	-8.511450	6.510866	24.106390	14.998383	-9.708957	21.830404	17.463004	-1.974440	9.540255	
-0.728047	15.860290	2.640363	7.945398	25.410837	24.136031	24.779368	-13.876411	16.967964	21.496763	-14.765933	-18.463048	-18.045467	9.106861	24.297596	4.838918	-16.467259	13.729882	22.570839	20.858970	-24.693528	-23.287292	-13.330553	21.373832	3.162950	-2.245577	-13.850172	6.165066	26.850715	20.325932	-20.328098	22.615114	13.764786	-13.932895	23.671174	8.565765	6.366350	-13.992825	11.303165	-11.400616	-7.620230	-17.911853	18.802271	-6.068123	5.901675	-15.204002	-6.097240	25.195561	-22.907163	-23.318574	
-12.148827	19.044272	-17.370004	14.508648	-11.328987	-7.530794	-11.550737	-3.049182	23.606627	-5.199538	1.587455	-18.052838	-7.103529	16.198719	6.019764	12.449397	-0.825632	12.539366	13.937981	-18.699376	-24.654689	-13.936849	-10.143703	-18.534612	-14.917835	-8.851524	-7.739661	23.900011	11.341416	-22.811321	-20.201426	-5.767221	20.666868	2.242645	25.196063	-16.080225	18.990718	18.096593	-22.454837	22.644604	16.085936	19.508245	7.882204	-2.283605	4.812037	3.462497	24.702744	-1.373413	24.313518	8.526546	
-18.306464	-11.694490	-7.380995	-27.802712	21.778822	-0.423869	-24.333251	28.313336	13.363318	23.380605	16.881264	-26.574476	-28.768153	-23.664503	-1.149683	29.805653	-25.408221	32.665700	-6.254733	29.734203	-7.012496	-31.535029	-32.809310	-20.779426	-13.596672	23.721416	30.318845	-5.770845	-1.354674	-17.490290	-2.513678	20.099694	15.945627	-23.063098	-4.464064	11.795254	30.716028	7.634617	-31.343246	30.529143	27.788706	27.017462	-9.897134	3.638537	-7.183311	-24.095214	23.472707	27.911266	-18.265788	17.570578	
14.469984	-17.349155	18.486161	-10.365989	-5.207350	23.111243	-12.187991	11.251789	-22.206801	17.286178	22.567825	-7.893097	-9.438997	-16.208298	11.474027	2.014690	-17.975615	-3.349454	17.714954	0.060331	3.168324	11.551769	-17.697582	4.106269	1.452234	-10.897838	-15.483039	-7.999874	21.765830	-16.776229	-16.081610	-4.510073	2.057903	2.705315	-6.281413	21.246177	5.616310	14.069612	-13.079434	-14.804648	-15.127221	-13.365019	-16.941241	14.107022	14.854138	14.710562	-14.977300	20.779917	-20.182207	-20.426319	
18.294261	-9.247470	21.308970	-22.234708	2.051100	11.274324	-23.907450	-9.104738	6.452728	-19.154073	-12.829957	-21.343942	23.178909	-0.122524	14.397451	-2.310887	-24.908544	-15.464727	20.050974	-9.824826	19.222136	-12.394918	18.314353	20.691155	-18.407584	-20.856984	-9.835041	-3.787411	-22.576059	-22.848786	6.408174	5.333028	-15.493124	-8.626693	5.998037	12.515948	10.834412	-10.019651	-18.094654	-16.842545	-12.300929	8.463645	4.773895	-3.458107	9.320755	11.778012	20.272086	-4.915073	16.144168	-18.565544	
1.708549	12.210187	16.114919	-8.520025	-7.761754	-16.356410	-2.279452	16.705403	13.977025	8.847160	17.170661	18.268838	-13.744865	-9.194535	-2.617949	-15.428084	-4.788538	-12.405008	2.538135	8.957283	-7.172491	-13.008277	3.437363	20.144185	19.297101	14.829373	17.218303	20.529470	8.559803	12.637881	13.715730	-9.581634	-11.326987	-2.950944	-16.554998	-19.166271	12.606274	-9.840978	2.657082	-15.114916	7.346823	2.298473	-0.939948	18.247912	11.057563	-10.156021	-1.313251	11.293757	11.317761	-19.209841	
-3.423083	12.624647	25.897609	-15.152310	14.057503	15.342732	5.325311	-7.618596	-4.864856	19.128024	-11.226801	-17.960554	6.101630	25.971202	-4.844097	-24.339844	15.953476	-19.015376	-14.454171	-2.622440	4.346413	1.332588	17.752780	-19.323104	-16.111996	10.388026	17.519842	-20.773684	6.438686	9.037912	20.229776	-2.893029	-25.603388	16.089286	8.645903	-17.014201	-17.150721	-8.962945	-4.714464	-26.551525	10.332855	-25.220064	-20.876669	-18.266687	-0.232201	9.725816	14.998068	-8.989109	-5.880457	-5.189444	
17.224833	-16.301837	4.735131	-16.956323	1.964342	-9.491687	18.117693	-6.529958	5.679215	-13.206043	-20.632733	-1.833711	2.450633	21.887895	6.452383	-16.362717	-5.109097	-3.852377	-21.450510	-20.001554	-7.679358	-23.183457	1.855711	-6.558561	-3.475645	-11.081847	6.404708	18.017881	-21.857155	-9.118865	-17.941694	-1.785971	-18.104714	13.496299	16.128596	15.560095	-6.413522	-17.858665	19.808198	-15.576129	-5.591889	-5.984428	-4.200522	-22.038548	-10.883801	17.754283	-10.757592	19.086947	16.549731	-10.877151	
-24.332458	-6.729195	8.126964	6.202322	-4.712689	-4.395122	-20.576004	6.859526	-18.764019	-0.110398	22.181027	-0.480055	-21.293556	13.214113	-7.469128	-19.078269	-2.678071	-23.514367	21.083682	0.442056	-23.218736	-4.387304	23.320796	-8.795250	6.877435	18.735069	-3.504529	-15.214582	-8.387276	-23.699321	11.597930	9.828533	7.073351	16.473997	-14.482173	22.026385	3.352683	23.658083	23.813568	7.985001	16.816301	10.621536	-3.539813	-10.237674	-1.094928	5.975761	3.454663	11.068017	6.825955	23.160184	
-3.485726	22.887372	-8.165069	14.610885	-15.356367	-11.142031	-1.599272	7.516439	8.632206	-2.777077	-10.927866	0.538277	-4.547071	-10.217323	6.434102	-15.620063	-1.080115	15.329287	-19.489985	-6.004584	-14.028310	11.065876	4.539514	-1.611326	-14.192028	-19.557381	-18.614639	-9.349703	19.799488	7.794406	6.805333	-12.744735	-1.955449	5.178675	2.436878	-3.758764	2.134146	-17.015973	-19.407437	3.066626	2.228509	-3.517570	-8.029114	1.557740	19.417071	-17.049100	-2.041488	-1.195584	20.868683	6.608669	
1.463414	20.939421	12.325814	-3.702046	23.544104	-18.115113	18.571964	-4.607386	15.761587	-4.910871	7.417005	22.906317	-6.129781	18.927768	1.752192	-19.729239	-1.852329	7.453209	-9.542930	16.080056	-5.595913	-6.338585	20.722402	-20.652470	-21.051544	-7.868050	10.801333	-16.027778	-17.826492	18.634155	12.161957	-22.754423	-3.557079	10.881961	-9.030114	-8.566128	1.864550	-6.036080	2.784207	7.707108	-4.214980	-8.799187	-2.978804	-7.656164	21.712333	7.991906	13.104784	7.554961	14.237225	14.350719	
-4.230332	6.728439	11.715276	24.739579	11.188344	2.204885	-1.076692	-25.778137	16.505518	19.647148	13.857377	-25.004675	-7.297466	23.632537	7.386621	17.856451	19.603695	9.530961	-7.730616	4.006957	-7.405074	7.170776	-0.854934	17.395284	18.880559	6.935924	3.332115	20.121791	27.501925	-20.906825	26.301289	-9.653930	27.296695	-8.116556	27.366694	6.780634	17.323069	-19.385009	-23.390696	-6.797679	-4.424047	-10.834292	14.168817	24.436585	24.730207	-12.742268	27.034588	-11.175302	-14.144048	10.924360	
5.833905	-10.960929	-9.777282	-5.178524	19.902310	7.795112	-12.976998	-24.966864	22.824151	15.294835	-1.272894	19.102456	-12.788913	25.231798	-14.930141	-1.009419	18.245293	-18.100978	-15.229718	-1.760232	21.796022	-7.802884	20.512484	17.641637	-8.243434	-11.222792	15.842482	14.453719	-23.128960	-1.784509	0.451331	-25.132566	3.324544	-11.692992	3.404493	24.246675	18.446837	22.842403	-10.280910	-20.893731	24.937418	-6.412351	16.209800	14.150988	23.624059	-16.197931	3.240487	23.514407	6.544206	-21.402794	
22.991302	11.829466	-8.449424	12.114152	2.996632	-13.453613	17.994052	6.570816	-13.384476	-24.237051	-1.907044	3.126387	-17.197874	25.944525	1.290033	26.211107	0.261002	6.880749	8.822761	7.220311	10.984094	25.989057	-26.170553	22.960167	-15.919600	22.444788	11.363771	-15.204713	22.461251	-13.129850	-2.570151	-23.647419	17.671227	-22.391329	2.824695	19.652331	-9.153410	-23.710433	5.428571	17.909199	18.853357	-12.469947	4.127594	3.380235	2.170410	16.547086	-26.882465	11.775645	-17.195291	9.222745	
-9.452865	23.707576	16.352352	19.420194	14.876987	-11.488821	12.991147	14.431707	-8.387355	8.641377	22.897928	2.754447	4.029521	18.212466	-21.539759	-3.939997	-21.203478	19.999981	6.023377	12.652155	-17.730425	-20.515453	-3.000934	-22.560057	7.779011	5.138602	-18.242594	17.640896	0.638300	-22.908656	6.913466	-9.412890	-15.017506	-6.569592	-15.747353	16.061881	-15.442584	22.101346	-18.011180	20.106732	-22.747551	-21.413042	-22.774194	8.655333	-21.978725	9.829988	-4.246815	9.827811	9.724643	-14.734230	
-7.792044	0.338729	-9.435355	15.360623	14.919203	12.118990	-6.098119	15.729924	1.822652	1.330301	8.355902	1.446584	-10.327700	12.558016	-15.581836	-1.565921	8.600980	0.090616	1.084889	14.899013	15.346657	3.657017	-6.253759	-15.668867	-6.351198	-2.749280	-7.912032	4.828865	-13.533692	1.559979	2.850638	-6.768352	15.010740	-4.524339	2.718129	-6.543252	13.110751	-3.659221	-14.991385	-10.417982	-15.375016	13.552850	6.093708	14.155896	-3.530931	-2.977413	1.411411	10.112108	-6.700417	-0.929050	
-19.791239	-12.685963	7.831384	-12.852533	-31.796676	6.682987	13.058823	5.275657	15.959444	6.265364	25.826521	-19.218136	-11.821143	-27.417738	21.712511	23.850809	-1.437562	3.181776	14.759375	28.998175	-1.484115	26.440548	-15.709299	18.648541	-28.389479	0.203250	26.188610	-26.488392	22.841605	23.628115	7.083791	-19.955760	7.115905	30.914321	-18.295614	-23.774151	23.042104	19.392853	-29.100230	-17.640157	29.788325	11.294585	-17.639449	-8.604832	15.885705	-14.962419	-25.735442	15.466746	-6.522607	8.012628	
24.301705	-2.160363	17.487879	-13.919160	-15.527210	11.687360	-20.734748	15.452980	-0.446734	-21.139665	-20.329174	-1.848912	5.606251	-8.573616	-19.309422	-0.175325	20.570370	9.002430	9.382294	-2.009795	-19.568293	-9.494228	-9.352556	1.958114	-18.780142	2.142821	-5.248724	15.166559	-6.811630	-10.789133	-21.675199	-7.137752	-16.004348	-9.043975	-0.034684	-1.985175	-24.706596	-24.618970	-0.675881	-17.060487	-2.072942	19.348722	-2.316216	-7.302940	-0.703627	23.327203	22.215773	21.327633	-2.203867	11.639413	
0.030613	0.030516	0.016422	0.001971	0.025971	0.020053	0.033993	0.025499	0.022785	0.006343	0.023766	0.029881	0.014213	0.019922	0.007501	0.000470	0.001002	0.023289	0.003071	0.029336	0.008185	0.008142	0.004663	0.024202	0.031647	0.022882	0.033518	0.027777	0.029243	0.024625	0.019402	0.033130	0.016185	0.016642	0.016845	0.012916	0.029135	0.022353	0.030480	0.016362	0.033901	0.017268	0.026864	0.011893	0.032265	0.003134	0.022364	0.024003	0.002528	0.030831	
0.027168	0.041736	0.018390	0.032600	0.020033	0.015615	0.016639	0.022208	0.050366	0.002022	0.010218	0.025472	0.045732	0.048258	0.016298	0.000271	0.008876	0.015325	0.044189	0.020455	0.010874	0.010684	0.009730	0.010323	0.007358	0.015216	0.048211	0.002632	0.031408	0.035615	0.007890	0.008571	0.052753	0.005596	0.025442	0.002149	0.028004	0.028928	0.015989	0.012946	0.004323	0.008537	0.006631	0.045823	0.011493	0.022094	0.024013	0.010357	0.013015	0.001525	
0.037607	0.002486	0.024434	0.024459	0.007445	0.002759	0.026534	0.014834	0.034153	0.038015	0.017881	0.022212	0.010405	0.027846	0.008652	0.033343	0.017307	0.007726	0.002614	0.014187	0.005935	0.025004	0.035266	0.015633	0.036336	0.026628	0.036712	0.020436	0.034359	0.039061	0.023746	0.017217	0.004929	0.025947	0.009594	0.034285	0.006039	0.007332	0.029826	0.002597	0.036773	0.026269	0.015531	0.037213	0.009585	0.001126	0.020061	0.030224	0.004839	0.006595	
0.031019	0.026422	0.031807	0.016075	0.018056	0.011026	0.032893	0.029639	0.013090	0.033020	0.009751	0.020661	0.035278	0.036821	0.007597	0.037226	0.022124	0.009717	0.007968	0.015844	0.000300	0.015228	0.004232	0.035180	0.017085	0.028402	0.029083	0.023975	0.004981	0.009424	0.013460	0.036027	0.025279	0.016494	0.020430	0.021403	0.014288	0.005939	0.005062	0.028773	0.025275	0.027959	0.030026	0.028154	0.032380	0.007122	0.006238	0.005009	0.033901	0.002855	
0.015676	0.008139	0.025626	0.032817	0.007947	0.007498	0.028142	0.009939	0.034478	0.026861	0.013564	0.029165	0.029595	0.001979	0.034632	0.021654	0.015718	0.005462	0.016949	0.029116	0.009798	0.032190	0.000348	0.025627	0.025444	0.014331	0.027846	0.011032	0.023433	0.014734	0.024181	0.016349	0.035993	0.025568	0.032960	0.025699	0.007732	0.016016	0.033198	0.029406	0.032774	0.000349	0.006494	0.035940	0.018061	0.030693	0.023217	0.006517	0.002538	0.016573	
0.032116	0.027374	0.044426	0.023157	0.038804	0.023996	0.028645	0.012195	0.016794	0.006186	0.004215	0.031570	0.005589	0.017053	0.005128	0.026938	0.037006	0.028525	0.020541	0.015166	0.004568	0.015476	0.033761	0.009016	0.014041	0.024631	0.021256	0.027945	0.002306	0.002827	0.043063	0.002057	0.025025	0.022535	0.026214	0.042453	0.038408	0.036420	0.009269	0.015484	0.012247	0.010750	0.003149	0.016089	0.026739	0.018164	0.028262	0.008490	0.004501	0.009434	
0.003286	0.018466	0.032868	0.016508	0.026892	0.023960	0.027735	0.023344	0.002987	0.014896	0.014865	0.034178	0.034557	0.028801	0.021680	0.026568	0.019725	0.019760	0.009949	0.012364	0.003300	0.010233	0.031975	0.035220	0.032898	0.002993	0.005968	0.030828	0.016920	0.030303	0.006056	0.014994	0.021694	0.023200	0.014078	0.017252	0.000200	0.015028	0.030481	0.025448	0.035047	0.025714	0.028030	0.023731	0.018555	0.004921	0.013235	0.012695	0.031002	0.024610	
0.015609	0.013039	0.032547	0.004717	0.035287	0.028600	0.014086	0.011217	0.015136	0.027043	0.020138	0.016360	0.001387	0.015661	0.028105	0.019324	0.031894	0.005964	0.003145	0.008830	0.020097	0.007861	0.028679	0.032450	0.005526	0.004859	0.028094	0.028510	0.023573	0.007473	0.021930	0.011215	0.026321	0.025902	0.006756	0.018962	0.024658	0.026274	0.030788	0.018884	0.031891	0.030316	0.029088	0.029862	0.016555	0.029411	0.018713	0.010690	0.031921	0.024650	
0.032475	0.035429	0.031136	0.017493	0.017984	0.019283	0.023696	0.032264	0.036807	0.003504	0.034267	0.014614	0.014842	0.013843	0.018217	0.016102	0.032116	0.029752	0.030143	0.008275	0.036277	0.025756	0.031256	0.007296	0.037446	0.020851	0.025589	0.016777	0.002931	0.001535	0.030609	0.009371	0.010879	0.013469	0.007523	0.015086	0.020924	0.026120	0.013437	0.008104	0.003725	0.018054	0.029704	0.021554	0.036954	0.014715	0.004979	0.023034	0.010392	0.013408	
0.032971	0.032580	0.006472	0.005717	0.005124	0.025285	0.027332	0.010393	0.030092	0.028443	0.020187	0.026520	0.026149	0.035477	0.030368	0.025281	0.025387	0.003137	0.014799	0.010798	0.008111	0.012793	0.030547	0.008387	0.031257	0.021283	0.018220	0.025644	0.013188	0.006075	0.021413	0.016235	0.007810	0.003520	0.015081	0.030483	0.016825	0.024335	0.024054	0.026260	0.001234	0.032511	0.019434	0.029130	0.024025	0.020844	0.028425	0.013154	0.024325	0.022887	
0.037065	0.006378	0.036413	0.000380	0.026954	0.032458	0.017872	0.035320	0.002861	0.039183	0.015091	0.004642	0.033984	0.005861	0.008699	0.039544	0.005698	0.009341	0.035520	0.039705	0.025413	0.011867	0.026613	0.002742	0.004671	0.000433	0.039441	0.033957	0.000786	0.020050	0.027673	0.012993	0.005311	0.027043	0.023232	0.029605	0.003159	0.024819	0.015764	0.021828	0.018515	0.018114	0.003253	0.029541	0.001451	0.032094	0.034262	0.038151	0.019754	0.014495	
0.014905	0.023297	0.001733	0.037974	0.012119	0.014111	0.005801	0.035673	0.032501	0.027172	0.038260	0.004267	0.025871	0.010257	0.022430	0.027256	0.006953	0.023795	0.019354	0.039166	0.009766	0.004405	0.029733	0.013441	0.031161	0.006828	0.006403	0.034155	0.007456	0.018643	0.021426	0.030826	0.030707	0.005642	0.027916	0.031886	0.013195	0.028100	0.014898	0.006695	0.021949	0.027315	0.002901	0.033079	0.032612	0.019301	0.004388	0.035867	0.005222	0.021188	
0.011049	0.000509	0.017381	0.008612	0.015515	0.005021	0.027292	0.023058	0.033491	0.002673	0.020564	0.033199	0.031024	0.002883	0.013468	0.034379	0.026181	0.024318	0.017458	0.030450	0.017178	0.032108	0.005193	0.030840	0.024083	0.029296	0.004875	0.010557	0.024890	0.022086	0.026292	0.003408	0.028569	0.021465	0.016779	0.026254	0.032506	0.005007	0.030994	0.027397	0.013105	0.031360	0.013744	0.033484	0.009785	0.020956	0.015917	0.034110	0.014539	0.014699	
0.041052	0.028234	0.008205	0.005003	0.026953	0.010238	0.036024	0.009738	0.036780	0.027306	0.032151	0.035529	0.020210	0.000465	0.000193	0.011565	0.023024	0.002209	0.022727	0.028942	0.022260	0.032133	0.020403	0.040466	0.002586	0.013965	0.004324	0.013202	0.006795	0.018938	0.004516	0.019034	0.039516	0.028591	0.039553	0.028722	0.011616	0.034229	0.017734	0.000821	0.007191	0.034177	0.031916	0.026619	0.013536	0.006756	0.028691	0.010386	0.009247	0.025526	
0.032848	0.036041	0.012105	0.033313	0.040347	0.017443	0.004963	0.010639	0.037897	0.028778	0.015801	0.034879	0.004081	0.009917	0.007030	0.018327	0.030385	0.038414	0.027064	0.034456	0.012746	0.037391	0.009063	0.020631	0.035777	0.016810	0.027256	0.024174	0.029728	0.011242	0.015665	0.034870	0.000797	0.021075	0.006219	0.027828	0.001096	0.012946	0.011305	0.001385	0.027742	0.010648	0.034388	0.010379	0.009577	0.035191	0.014216	0.003786	0.010285	0.011056	
0.003551	0.022749	0.026408	0.000426	0.028826	0.025576	0.002615	0.009351	0.028800	0.017820	0.019797	0.005264	0.019494	0.021164	0.022103	0.032347	0.026784	0.032179	0.017983	0.008391	0.018880	0.035890	0.020905	0.017140	0.012097	0.000845	0.019608	0.023268	0.027126	0.003324	0.006304	0.030034	0.032929	0.033459	0.031375	0.012872	0.004273	0.026867	0.031402	0.030969	0.020641	0.031343	0.014400	0.005889	0.033914	0.014594	0.017814	0.034299	0.029596	0.006315	
0.028817	0.001007	0.030401	0.037985	0.037463	0.000380	0.024458	0.028377	0.016669	0.034599	0.015377	0.024542	0.032942	0.023801	0.020519	0.024010	0.013884	0.024924	0.007038	0.020561	0.005548	0.030215	0.018748	0.021449	0.023000	0.034302	0.025807	0.003275	0.002726	0.030025	0.001869	0.028783	0.033333	0.016601	0.027938	0.026317	0.000470	0.034634	0.018708	0.017423	0.015876	0.003879	0.005641	0.029977	0.007178	0.024166	0.007452	0.008394	0.019338	0.029174	
0.036736	0.039795	0.026230	0.011314	0.016476	0.002319	0.040451	0.033867	0.012572	0.005390	0.023934	0.026069	0.021199	0.010299	0.004004	0.021573	0.015456	0.006084	0.004958	0.026164	0.034824	0.038667	0.020629	0.014277	0.007484	0.017198	0.029166	0.003427	0.026038	0.025806	0.036744	0.037861	0.008938	0.004746	0.007138	0.032167	0.024454	0.020916	0.017509	0.038292	0.011503	0.005093	0.031000	0.009924	0.011628	0.020178	0.005571	0.014120	0.027165	0.032647	
0.028813	0.013356	0.024390	0.004193	0.009440	0.011725	0.006534	0.020980	0.017803	0.010532	0.014791	0.040566	0.025396	0.027023	0.035786	0.010552	0.020245	0.019900	0.017271	0.036957	0.035346	0.000183	0.016471	0.008325	0.009406	0.002058	0.014150	0.001815	0.031990	0.026567	0.028596	0.040692	0.024993	0.041357	0.032547	0.011231	0.021640	0.002829	0.010871	0.020308	0.022437	0.000692	0.027383	0.024311	0.032108	0.016646	0.010846	0.033272	0.039671	0.015004	
0.014088	0.008864	0.013848	0.004436	0.020755	0.043071	0.028546	0.001569	0.012205	0.012097	0.034677	0.032304	0.036397	0.021119	0.007606	0.030504	0.007602	0.002143	0.033576	0.040550	0.004590	0.004890	0.001637	0.002879	0.005878	0.001172	0.033562	0.031392	0.043944	0.002498	0.041441	0.039822	0.003373	0.008344	0.020896	0.003969	0.019242	0.035178	0.030537	0.039447	0.034272	0.024536	0.017600	0.040104	0.013194	0.018244	0.011569	0.009336	0.013545	0.036954	
0.036964	0.028892	0.032908	0.003682	0.016130	0.023727	0.022646	0.032971	0.036759	0.006134	0.016496	0.019918	0.032174	0.031362	0.003725	0.030808	0.014219	0.027166	0.001726	0.001787	0.018858	0.028414	0.026986	0.004557	0.032891	0.037419	0.003969	0.003162	0.022283	0.013294	0.035043	0.035974	0.009068	0.008474	0.031007	0.030551	0.007614	0.008429	0.003414	0.034631	0.000818	0.018687	0.020464	0.014849	0.017020	0.002809	0.010604	0.033035	0.032409	0.033074	
0.030256	0.019137	0.033427	0.020809	0.025571	0.028987	0.003444	0.023730	0.006604	0.035700	0.037014	0.018873	0.017550	0.029029	0.021569	0.028204	0.033850	0.008947	0.011664	0.032876	0.027960	0.011492	0.036528	0.005803	0.030445	0.034486	0.016129	0.009883	0.025127	0.007319	0.016055	0.011290	0.014920	0.032489	0.021860	0.014620	0.008941	0.036529	0.002817	0.008641	0.023788	0.024455	0.022082	0.030753	0.008002	0.010246	0.008390	0.015418	0.012157	0.004137	
0.037926	0.021243	0.029363	0.009274	0.030237	0.013601	0.006146	0.030841	0.011059	0.014079	0.018374	0.011422	0.024145	0.003177	0.000317	0.029006	0.010129	0.027637	0.019067	0.034175	0.017061	0.037014	0.000743	0.038077	0.004037	0.009651	0.019878	0.031263	0.015921	0.027895	0.007668	0.016466	0.024746	0.031219	0.018538	0.011490	0.028916	0.030314	0.033695	0.012556	0.025941	0.027798	0.016024	0.028914	0.026256	0.006953	0.015602	0.027990	0.013808	0.012350	
0.013861	0.015461	0.022278	0.034720	0.030078	0.032879	0.013262	0.037811	0.039985	0.022393	0.023017	0.030182	0.007463	0.005354	0.008010	0.020283	0.002113	0.038203	0.008808	0.036297	0.023762	0.017111	0.012959	0.032675	0.023064	0.008762	0.027690	0.004868	0.005940	0.031172	0.011764	0.036204	0.008573	0.013594	0.011345	0.017155	0.034415	0.017778	0.008025	0.038431	0.013303	0.004708	0.006172	0.000297	0.037283	0.032500	0.031477	0.017984	0.017248	0.011284	
0.028247	0.005151	0.025126	0.033668	0.017348	0.032206	0.028854	0.003575	0.007230	0.008138	0.037023	0.026569	0.004854	0.006388	0.033431	0.027743	0.024582	0.003784	0.025815	0.036125	0.025677	0.005394	0.012794	0.001806	0.032760	0.006330	0.016024	0.033607	0.017073	0.033040	0.002703	0.020295	0.004461	0.037079	0.015917	0.021425	0.024151	0.035153	0.032557	0.034260	0.029611	0.005000	0.007250	0.002318	0.016333	0.033582	0.014057	0.022507	0.017061	0.023920	
0.029123	0.037160	0.012231	0.003822	0.015991	0.010927	0.024240	0.034567	0.010426	0.019809	0.037331	0.008267	0.015749	0.017864	0.031950	0.030384	0.006344	0.001073	0.036695	0.011126	0.037666	0.026268	0.020467	0.037210	0.017031	0.006470	0.039373	0.001759	0.030598	0.010274	0.007308	0.011228	0.013501	0.002991	0.005222	0.010321	0.004669	0.007239	0.007666	0.015197	0.036529	0.006524	0.025902	0.028728	0.038749	0.038245	0.038055	0.035431	0.036663	0.007637	
0.031307	0.026389	0.004606	0.034033	0.015083	0.018244	0.018486	0.012949	0.013178	0.013586	0.014404	0.007310	0.011083	0.009330	0.019057	0.005935	0.036463	0.010565	0.022064	0.015028	0.022433	0.008283	0.031991	0.006088	0.003058	0.035192	0.005692	0.039014	0.021413	0.009678	0.016461	0.031878	0.013789	0.027630	0.038046	0.030124	0.032515	0.027317	0.036511	0.026839	0.005816	0.013883	0.005763	0.014096	0.001612	0.037265	0.023179	0.023442	0.033578	0.038312	
0.033865	0.042758	0.031413	0.013149	0.016308	0.009225	0.007321	0.026565	0.015486	0.003167	0.019631	0.003104	0.019222	0.031665	0.000193	0.010454	0.014459	0.037332	0.013847	0.015904	0.011917	0.043851	0.007009	0.027227	0.042084	0.038941	0.020976	0.006640	0.000450	0.013645	0.013855	0.004278	0.008474	0.015309	0.025935	0.014440	0.028857	0.040176	0.022609	0.004296	0.034354	0.019023	0.031056	0.044493	0.003186	0.008123	0.023222	0.011376	0.024993	0.044139	
0.009826	0.023963	0.039848	0.040981	0.026428	0.018777	0.000641	0.023643	0.020667	0.027245	0.043105	0.030053	0.035847	0.011313	0.036192	0.018873	0.009087	0.004839	0.038418	0.006818	0.006390	0.029712	0.013429	0.014463	0.018061	0.013165	0.006529	0.032328	0.023948	0.007903	0.015937	0.026946	0.004574	0.037435	0.027934	0.009038	0.001523	0.023992	0.019007	0.032492	0.012321	0.003857	0.024704	0.010896	0.019478	0.030445	0.024780	0.013538	0.020880	0.007732	
0.029284	0.008885	0.031601	0.012076	0.019601	0.031962	0.017805	0.011024	0.007325	0.012529	0.007494	0.006825	0.016036	0.005508	0.036669	0.001630	0.005481	0.033556	0.036020	0.040798	0.020577	0.021072	0.022091	0.040324	0.010350	0.023409	0.022837	0.018147	0.042124	0.023455	0.024870	0.025686	0.014394	0.034741	0.018818	0.013169	0.015886	0.013386	0.000238	0.010276	0.032546	0.002988	0.029684	0.007861	0.027614	0.013377	0.021943	0.023529	0.012966	0.039534	
0.029798	0.034790	0.005399	0.014130	0.031773	0.003431	0.044196	0.036013	0.009193	0.004481	0.009411	0.016321	0.002988	0.021824	0.029218	0.006960	0.026736	0.000853	0.012324	0.010787	0.028119	0.024650	0.033131	0.006247	0.041113	0.010672	0.009093	0.023659	0.004305	0.002148	0.005448	0.038497	0.044578	0.026900	0.007339	0.032813	0.002817	0.012869	0.035157	0.020999	0.019956	0.001005	0.036628	0.025305	0.019586	0.006867	0.029223	0.021173	0.035477	0.043594	
0.008368	0.031198	0.024865	0.002062	0.015327	0.022927	0.031173	0.007661	0.028186	0.020465	0.039637	0.036705	0.020670	0.039430	0.008864	0.030418	0.013869	0.008810	0.025120	0.018327	0.032295	0.025393	0.009793	0.003691	0.005362	0.023070	0.028704	0.007425	0.028721	0.039286	0.033943	0.032667	0.026109	0.008056	0.007417	0.012547	0.001995	0.010187	0.036529	0.018074	0.000393	0.006560	0.020888	0.020890	0.025128	0.035434	0.019813	0.007798	0.028126	0.009625	
0.022905	0.038400	0.019005	0.014371	0.035544	0.037309	0.020348	0.013778	0.030460	0.012398	0.021128	0.008329	0.017782	0.015509	0.023395	0.021371	0.016394	0.036854	0.007997	0.010030	0.025905	0.010582	0.002310	0.033423	0.037938	0.000759	0.011693	0.008581	0.006925	0.036660	0.024099	0.022092	0.032170	0.004033	0.034778	0.040425	0.003254	0.023495	0.021912	0.037514	0.013927	0.020925	0.024821	0.014603	0.020234	0.026291	0.025029	0.000310	0.003035	0.008969	
0.035301	0.037714	0.030030	0.003078	0.017794	0.020054	0.006660	0.034379	0.001904	0.015626	0.037395	0.025922	0.028380	0.009201	0.018916	0.015788	0.016530	0.028543	0.036891	0.017043	0.004186	0.002621	0.021492	0.016593	0.017271	0.017544	0.036913	0.035710	0.003537	0.018547	0.032690	0.007466	0.031273	0.005550	0.018613	0.033085	0.018084	0.015183	0.021962	0.036447	0.028592	0.012924	0.017013	0.038711	0.015733	0.005244	0.004144	0.008520	0.022356	0.014849	
0.024752	0.031499	0.009092	0.034605	0.014312	0.031693	0.032009	0.032998	0.010181	0.032719	0.014382	0.019527	0.008798	0.000388	0.032301	0.011913	0.034511	0.027688	0.027461	0.032063	0.008050	0.033078	0.008108	0.007282	0.001491	0.019063	0.007085	0.005115	0.020914	0.029156	0.029234	0.004902	0.020072	0.019979	0.022914	0.011844	0.008341	0.034321	0.033750	0.000155	0.032520	0.022119	0.005286	0.020724	0.031087	0.031827	0.022109	0.027455	0.003174	0.015955	
0.036502	0.016447	0.004777	0.014934	0.025604	0.018179	0.011348	0.038308	0.008753	0.017235	0.004917	0.013053	0.040367	0.024817	0.008285	0.030159	0.022733	0.028336	0.015479	0.003403	0.032112	0.029083	0.016786	0.036224	0.004153	0.025282	0.025060	0.002400	0.026513	0.003830	0.026043	0.035257	0.034470	0.018512	0.015385	0.009849	0.001958	0.015827	0.008755	0.012148	0.015683	0.029586	0.016409	0.033083	0.020301	0.033669	0.010445	0.003787	0.040230	0.033522	
0.008829	0.001316	0.020143	0.018551	0.004659	0.001697	0.024826	0.008277	0.030438	0.030523	0.036477	0.022695	0.036888	0.011117	0.031538	0.008555	0.009710	0.028162	0.013177	0.015692	0.021943	0.034200	0.007857	0.021702	0.036050	0.022898	0.006453	0.008166	0.007904	0.024293	0.008427	0.037827	0.018214	0.028863	0.016196	0.013992	0.008347	0.033826	0.033036	0.022973	0.001068	0.025362	0.011140	0.031381	0.037296	0.037358	0.036187	0.006423	0.004267	0.033083	
0.021903	0.032111	0.036523	0.005963	0.026513	0.023881	0.015249	0.025205	0.009971	0.027935	0.034545	0.008689	0.003383	0.030963	0.002434	0.015369	0.012841	0.037884	0.021325	0.025169	0.013480	0.030782	0.001797	0.008255	0.006671	0.034671	0.032388	0.015036	0.016700	0.010311	0.025510	0.002084	0.013058	0.007320	0.039943	0.015656	0.033053	0.030872	0.018981	0.032483	0.010842	0.034011	0.021968	0.037105	0.015198	0.028736	0.026972	0.000808	0.004758	0.012696	
0.003216	0.029039	0.039647	0.031275	0.018252	0.024395	0.013248	0.008243	0.031063	0.031990	0.021092	0.037230	0.036916	0.019144	0.015790	0.004487	0.026713	0.024977	0.014198	0.004988	0.013174	0.035496	0.000600	0.029331	0.032034	0.000617	0.021222	0.002655	0.028928	0.026246	0.034969	0.019295	0.004581	0.023114	0.011621	0.017002	0.019082	0.008254	0.036809	0.015510	0.005984	0.022137	0.037798	0.023486	0.007181	0.029991	0.001677	0.013664	0.009291	0.032348	
0.019155	0.006913	0.028789	0.005388	0.009111	0.025226	0.019875	0.041544	0.035396	0.014017	0.005261	0.023961	0.028020	0.026549	0.000772	0.027526	0.011474	0.006975	0.035439	0.032031	0.032486	0.002871	0.009806	0.019394	0.000207	0.011494	0.021383	0.010305	0.021319	0.031307	0.040479	0.029775	0.028829	0.027724	0.027170	0.006848	0.039758	0.023222	0.004103	0.021347	0.005320	0.011713	0.035935	0.019249	0.012150	0.026499	0.031888	0.024494	0.003932	0.015572	
0.010370	0.007039	0.018035	0.007852	0.014734	0.026536	0.032266	0.019306	0.005065	0.026047	0.032149	0.003491	0.022694	0.038690	0.017185	0.011086	0.029409	0.021568	0.000414	0.023398	0.037593	0.019376	0.018838	0.032774	0.033276	0.002778	0.008125	0.005142	0.000981	0.023704	0.003532	0.039136	0.024368	0.030272	0.016751	0.031477	0.017946	0.009948	0.007630	0.030109	0.028375	0.024827	0.026868	0.004355	0.030176	0.013843	0.034450	0.036221	0.002777	0.037021	
0.021662	0.002605	0.014290	0.037598	0.019956	0.025848	0.001285	0.021394	0.028502	0.034581	0.031850	0.028022	0.023814	0.036772	0.012383	0.015974	0.022532	0.019269	0.035358	0.026975	0.030271	0.016056	0.022793	0.025404	0.010460	0.030260	0.036705	0.002919	0.022472	0.012557	0.004891	0.011028	0.008891	0.006671	0.010203	0.007565	0.023157	0.033736	0.028799	0.017566	0.013524	0.013488	0.023972	0.001314	0.001140	0.021601	0.020332	0.028700	0.021052	0.031805	
0.022817	0.007675	0.022903	0.017656	0.025487	0.009465	0.028325	0.035838	0.040358	0.019750	0.024849	0.013218	0.014025	0.024868	0.038097	0.003864	0.018443	0.035396	0.030530	0.007649	0.023794	0.007474	0.005722	0.015422	0.042384	0.036343	0.030059	0.022953	0.032057	0.004684	0.009632	0.038157	0.004931	0.003513	0.040584	0.009854	0.038673	0.028679	0.000317	0.014525	0.028934	0.001500	0.004602	0.010995	0.026530	0.012535	0.008765	0.009955	0.013662	0.031550	
0.006188	0.006889	0.010518	0.022711	0.014786	0.011597	0.035077	0.030108	0.029667	0.038279	0.030476	0.004723	0.012337	0.008226	0.033989	0.034622	0.016436	0.021516	0.028219	0.034450	0.004799	0.006503	0.027366	0.013805	0.022691	0.023113	0.005123	0.030230	0.008731	0.016472	0.002576	0.010602	0.004564	0.019497	0.005806	0.024867	0.031302	0.011052	0.033156	0.006960	0.024663	0.003867	0.034984	0.016617	0.039157	0.039190	0.039660	0.021716	0.004027	0.036089	
0.005876	0.019813	0.025998	0.037838	0.021070	0.031953	0.028348	0.018059	0.029852	0.001809	0.036949	0.029969	0.028080	0.009445	0.035997	0.028005	0.028976	0.025586	0.021149	0.011366	0.016634	0.013705	0.010766	0.015180	0.008823	0.010323	0.036680	0.022579	0.001989	0.006867	0.020574	0.033946	0.010733	0.025575	0.035219	0.013264	0.000738	0.003380	0.027216	0.013410	0.000745	0.031724	0.010316	0.024986	0.024893	0.019499	0.037218	0.005543	0.005870	0.035465	
0.028638	0.010233	0.018893	0.020876	0.033508	0.003878	0.035819	0.013866	0.001389	0.021904	0.031295	0.019548	0.027715	0.025532	0.004467	0.015300	0.004839	0.002697	0.021533	0.026896	0.038655	0.027500	0.024631	0.027168	0.027813	0.018361	0.038466	0.008461	0.016212	0.027058	0.021671	0.020493	0.030764	0.035266	0.014839	0.016827	0.006384	0.027708	0.007592	0.013062	0.003523	0.020050	0.003158	0.031966	0.021914	0.008627	0.005415	0.034317	0.036475	0.016796	
0.016167	0.027863	0.012560	0.035466	0.005403	0.020447	0.009195	0.023061	0.007563	0.009739	0.031859	0.012859	0.001150	0.019033	0.002003	0.034025	0.038044	0.015928	0.006467	0.015891	0.037081	0.033353	0.007418	0.020379	0.027035	0.016289	0.026640	0.009968	0.024757	0.003114	0.018358	0.022320	0.040293	0.021911	0.028931	0.024423	0.003639	0.018367	0.019908	0.016786	0.004935	0.022220	0.026257	0.026851	0.038278	0.012740	0.021120	0.031183	0.025520	0.025204	
0.036915	0.021165	0.032120	0.041089	0.037754	0.005872	0.010704	0.001339	0.022087	0.029060	0.030986	0.020885	0.003464	0.011774	0.009957	0.024452	0.003710	0.027949	0.002703	0.011428	0.001378	0.018630	0.028638	0.017376	0.019988	0.000020	0.024795	0.010108	0.022893	0.008528	0.013939	0.011016	0.035636	0.019913	0.020385	0.038985	0.025178	0.006602	0.009147	0.019994	0.028683	0.019915	0.013030	0.037448	0.041114	0.010862	0.038055	0.028950	0.007792	0.035591	
0.013377	0.036812	0.016546	0.012053	0.010950	0.033969	0.032417	0.022965	0.010973	0.005254	0.025894	0.016095	0.035244	0.009534	0.021113	0.017161	0.019437	0.020767	0.014154	0.040183	0.024857	0.028969	0.031566	0.005325	0.013669	0.016528	0.027043	0.003662	0.004754	0.004952	0.018195	0.003510	0.017327	0.004144	0.033392	0.005827	0.000729	0.038269	0.016585	0.000675	0.015106	0.033390	0.034506	0.033194	0.009127	0.035229	0.031456	0.038693	0.038552	0.015868	
0.010847	0.005652	0.025901	0.000925	0.008853	0.025983	0.029010	0.031100	0.009706	0.005955	0.042698	0.030770	0.002318	0.010479	0.043049	0.020174	0.035196	0.017553	0.015846	0.036678	0.044305	0.001493	0.010988	0.020496	0.022112	0.020535	0.033461	0.012549	0.005196	0.004699	0.001269	0.003970	0.044032	0.002579	0.004274	0.006701	0.028928	0.037299	0.026238	0.034640	0.037655	0.034878	0.012231	0.042257	0.029286	0.006218	0.026259	0.019300	0.012172	0.005285	
0.010027	0.006907	0.028334	0.032417	0.033794	0.013468	0.031710	0.003678	0.027909	0.011208	0.004951	0.021948	0.002417	0.031490	0.030199	0.000869	0.021558	0.012150	0.024698	0.012396	0.023756	0.003475	0.015479	0.003543	0.013397	0.030704	0.033749	0.015353	0.017937	0.016152	0.022479	0.009756	0.012468	0.029457	0.017361	0.014969	0.020108	0.037721	0.006529	0.013287	0.032205	0.016607	0.029615	0.035549	0.018008	0.037626	0.016746	0.033279	0.029559	0.030998	
0.011498	0.023563	0.035333	0.022460	0.020751	0.038580	0.012196	0.020935	0.021514	0.029923	0.001662	0.030908	0.005143	0.011987	0.007815	0.010738	0.001858	0.002156	0.021242	0.032734	0.007718	0.039852	0.002214	0.021426	0.030041	0.016940	0.038500	0.018027	0.028239	0.013792	0.011591	0.015091	0.018752	0.027845	0.024796	0.028530	0.037588	0.027723	0.038712	0.016217	0.015261	0.026723	0.012302	0.001945	0.019225	0.002016	0.032837	0.032277	0.023378	0.007444	
0.030310	0.005745	0.026967	0.028876	0.002874	0.028283	0.008629	0.011130	0.042585	0.008849	0.017216	0.034992	0.009578	0.027814	0.030813	0.007788	0.002704	0.019813	0.011492	0.029546	0.042631	0.001606	0.021153	0.013101	0.002126	0.012414	0.001154	0.024233	0.007114	0.038221	0.015894	0.019628	0.003392	0.014040	0.024551	0.032951	0.025691	0.014739	0.017188	0.033706	0.012973	0.026451	0.020963	0.033852	0.022846	0.017108	0.033044	0.035438	0.007171	0.038615	
0.013335	0.020787	0.005743	0.024044	0.024013	0.019463	0.035949	0.002849	0.024487	0.018140	0.019409	0.022056	0.005845	0.030973	0.033406	0.031990	0.028540	0.033823	0.004371	0.003055	0.025438	0.032685	0.022028	0.021602	0.029005	0.022991	0.032568	0.020149	0.028522	0.024424	0.016167	0.012731	0.010088	0.015667	0.005840	0.018141	0.022896	0.023833	0.017150	0.010451	0.025587	0.022825	0.003124	0.024247	0.012223	0.007342	0.031790	0.035477	0.003117	0.019616	
0.002571	0.001464	0.016860	0.001815	0.000513	0.003100	0.023371	0.028946	0.036626	0.012813	0.030244	0.035467	0.005664	0.017548	0.040412	0.030253	0.002653	0.010581	0.037693	0.009127	0.036234	0.039356	0.036048	0.004247	0.012328	0.021697	0.002933	0.035160	0.002323	0.030246	0.005038	0.027254	0.032771	0.025037	0.036365	0.015706	0.035481	0.017279	0.001785	0.011076	0.026944	0.026950	0.013934	0.024165	0.037152	0.017221	0.036041	0.017715	0.014905	0.008889	
0.014499	0.035371	0.003764	0.003503	0.040977	0.002144	0.019004	0.043703	0.038376	0.014389	0.041538	0.018800	0.020870	0.015414	0.008175	0.043447	0.002176	0.011885	0.005243	0.031115	0.041830	0.029824	0.022511	0.015194	0.040264	0.028641	0.017249	0.003755	0.012036	0.032109	0.028519	0.019908	0.011776	0.004400	0.016659	0.006869	0.034397	0.020692	0.010015	0.007053	0.016388	0.011184	0.021395	0.016227	0.038304	0.002607	0.039625	0.005211	0.015433	0.015530	
0.013157	0.004746	0.028075	0.035018	0.015424	0.010577	0.023277	0.010344	0.002698	0.002751	0.008411	0.017510	0.039440	0.020307	0.036944	0.021254	0.017042	0.027528	0.024845	0.031183	0.028313	0.022739	0.029450	0.030821	0.007902	0.021643	0.033536	0.017604	0.018544	0.031283	0.024091	0.039964	0.040390	0.000803	0.016576	0.015964	0.004570	0.016140	0.009054	0.009874	0.012210	0.011707	0.027980	0.010746	0.036769	0.013186	0.008940	0.015695	0.037413	0.015562	
0.002929	0.028700	0.000413	0.004425	0.013072	0.034139	0.037681	0.037306	0.030166	0.004348	0.010859	0.002416	0.007043	0.004111	0.033858	0.031524	0.005762	0.002462	0.029644	0.026358	0.020990	0.003774	0.039185	0.035863	0.026927	0.036002	0.039627	0.015142	0.030114	0.023635	0.017421	0.000790	0.003333	0.031186	0.018494	0.030587	0.022310	0.039612	0.027253	0.007069	0.008428	0.014153	0.034665	0.003880	0.001492	0.020190	0.031523	0.029989	0.027302	0.011850	
0.029006	0.024047	0.033889	0.016969	0.015748	0.017606	0.018076	0.032034	0.033437	0.030570	0.006002	0.003560	0.021642	0.004858	0.010018	0.023441	0.006431	0.002052	0.021758	0.022046	0.015805	0.025769	0.006190	0.010155	0.013870	0.014915	0.024501	0.008352	0.032864	0.031462	0.016403	0.020255	0.034925	0.034170	0.023944	0.021073	0.007833	0.021856	0.015313	0.031611	0.007003	0.022101	0.028937	0.023325	0.028924	0.020336	0.034551	0.027286	0.011660	0.011420	
0.018841	0.013784	0.017902	0.025884	0.028277	0.034139	0.000808	0.033041	0.034765	0.003652	0.007152	0.024510	0.013675	0.000296	0.029293	0.026538	0.017477	0.040563	0.003760	0.032319	0.033688	0.017006	0.029754	0.020434	0.007358	0.040065	0.013974	0.000697	0.011604	0.011597	0.008378	0.018297	0.025257	0.034915	0.029340	0.020690	0.018919	0.002237	0.036388	0.033561	0.008399	0.009959	0.015280	0.033550	0.019738	0.012715	0.001103	0.013095	0.034199	0.031126	
0.030426	0.007094	0.018479	0.032616	0.010001	0.026184	0.035074	0.024524	0.031495	0.020285	0.027211	0.027137	0.017733	0.033248	0.009115	0.029557	0.008020	0.035372	0.028547	0.028348	0.012499	0.024427	0.007061	0.032050	0.015778	0.027852	0.013364	0.006721	0.025298	0.008609	0.033859	0.010970	0.005151	0.019413	0.003486	0.034366	0.000678	0.023908	0.033491	0.012153	0.025812	0.000307	0.010907	0.020178	0.023503	0.001475	0.007642	0.033561	0.017509	0.027508	
0.000020	0.029657	0.008227	0.033666	0.035337	0.011726	0.026924	0.000421	0.030245	0.020519	0.016099	0.002823	0.004420	0.030334	0.027315	0.015332	0.006879	0.020559	0.012366	0.035127	0.007729	0.014725	0.001193	0.028051	0.004885	0.024984	0.017854	0.022812	0.025022	0.037589	0.017500	0.020819	0.030184	0.028855	0.024216	0.007806	0.030891	0.009492	0.016662	0.001878	0.035805	0.018789	0.028092	0.033136	0.037257	0.010654	0.035180	0.024734	0.028643	0.006563	
0.019921	0.036888	0.013082	0.039366	0.026033	0.040378	0.029279	0.025746	0.002658	0.002791	0.017040	0.016049	0.037889	0.014843	0.005749	0.031474	0.032289	0.033188	0.031101	0.011692	0.033156	0.007793	0.019690	0.001410	0.033869	0.008069	0.040092	0.010697	0.007000	0.039236	0.006936	0.012274	0.028549	0.031688	0.029564	0.012028	0.016841	0.000182	0.000764	0.006840	0.033297	0.031078	0.033604	0.025812	0.032233	0.000039	0.000995	0.003914	0.014317	0.010577	
0.006295	0.032257	0.027061	0.012535	0.032017	0.008666	0.025165	0.029282	0.022483	0.023325	0.018711	0.012534	0.021140	0.015827	0.025841	0.013789	0.003547	0.029868	0.006211	0.030938	0.027930	0.036476	0.017676	0.006891	0.021773	0.015828	0.009223	0.020843	0.024639	0.031679	0.027696	0.012512	0.004187	0.010921	0.034101	0.009614	0.035574	0.030028	0.004280	0.012273	0.027350	0.024001	0.037924	0.030053	0.017312	0.001797	0.027444	0.011308	0.017802	0.013373	
0.011458	0.033360	0.019739	0.041223	0.017364	0.009112	0.005980	0.022723	0.008076	0.006798	0.018071	0.005491	0.035026	0.033483	0.015951	0.004247	0.040358	0.033461	0.004416	0.020781	0.030336	0.003631	0.026717	0.003593	0.028368	0.029800	0.021546	0.014021	0.004417	0.016105	0.025048	0.036567	0.012445	0.036186	0.022070	0.004868	0.008461	0.031387	0.035176	0.001816	0.030739	0.019452	0.024803	0.001584	0.029886	0.033803	0.014973	0.006979	0.014945	0.043161	
0.007307	0.006405	0.031952	0.034658	0.010290	0.001753	0.011314	0.030282	0.011007	0.002676	0.014392	0.035353	0.027874	0.003135	0.003901	0.000090	0.028838	0.033725	0.023190	0.015198	0.036364	0.015369	0.000824	0.036545	0.035698	0.021077	0.021984	0.021134	0.017887	0.026540	0.014161	0.034635	0.031574	0.029445	0.019871	0.015955	0.010292	0.004439	0.014909	0.035343	0.012326	0.016876	0.033117	0.022434	0.020707	0.008912	0.014876	0.033176	0.036114	0.024077	
0.034555	0.032858	0.023465	0.017873	0.016274	0.023665	0.009266	0.033169	0.018244	0.020393	0.036410	0.013721	0.017545	0.020379	0.015257	0.019029	0.010124	0.034229	0.016436	0.024607	0.003021	0.034934	0.031782	0.026412	0.011958	0.033625	0.001546	0.014602	0.022136	0.010073	0.018999	0.015072	0.013820	0.024784	0.020714	0.010644	0.000841	0.017615	0.002251	0.001605	0.029854	0.032397	0.009141	0.024478	0.019166	0.033151	0.029873	0.010494	0.035113	0.022400	
0.012445	0.036367	0.015541	0.021732	0.009671	0.035432	0.032484	0.014590	0.028441	0.006060	0.020685	0.030544	0.029722	0.011168	0.001406	0.023265	0.002753	0.010871	0.035112	0.002678	0.030303	0.011012	0.013453	0.000155	0.024323	0.027273	0.024415	0.035978	0.009463	0.017559	0.020205	0.023972	0.018806	0.022947	0.025188	0.004131	0.029876	0.031809	0.032561	0.012731	0.020471	0.016627	0.016861	0.025492	0.000862	0.032266	0.033722	0.025034	0.004050	0.027487	
0.010609	0.009291	0.009064	0.002356	0.027910	0.037094	0.017384	0.022118	0.013604	0.026388	0.049577	0.004634	0.013073	0.005384	0.008301	0.042188	0.023851	0.031326	0.033224	0.006697	0.009834	0.041338	0.014319	0.018767	0.016660	0.019985	0.034601	0.038833	0.006190	0.009698	0.006043	0.042225	0.015921	0.007918	0.035961	0.040578	0.018067	0.020373	0.017756	0.003694	0.005593	0.026935	0.014636	0.028242	0.008969	0.029673	0.031680	0.001916	0.003961	0.035561	
0.011614	0.023668	0.031608	0.028780	0.038353	0.012065	0.005675	0.034180	0.030374	0.011007	0.005567	0.005970	0.015621	0.002404	0.029337	0.025616	0.004054	0.027750	0.022024	0.021172	0.035179	0.002627	0.034573	0.023924	0.000313	0.015623	0.012993	0.036620	0.027745	0.028904	0.020880	0.007796	0.020830	0.017435	0.022411	0.005623	0.026133	0.022745	0.002986	0.022386	0.000885	0.038353	0.000338	0.012491	0.025811	0.017900	0.036826	0.031442	0.031798	0.029592	
0.013166	0.008332	0.005986	0.032307	0.005009	0.013367	0.020320	0.003797	0.002981	0.016571	0.023782	0.028084	0.011650	0.018826	0.038487	0.030512	0.004662	0.041349	0.030159	0.040587	0.024297	0.040104	0.025187	0.012153	0.006861	0.040759	0.003571	0.006124	0.003164	0.032687	0.013038	0.024765	0.010022	0.015955	0.021043	0.030057	0.037533	0.011662	0.013252	0.040589	0.033313	0.031645	0.009872	0.010046	0.022834	0.012555	0.005906	0.033307	0.016722	0.021041	
0.022853	0.014265	0.007109	0.010790	0.026817	0.007192	0.025541	0.000047	0.027409	0.023726	0.018833	0.013020	0.010556	0.004422	0.008212	0.040076	0.019759	0.037483	0.003123	0.035432	0.000286	0.024104	0.024292	0.037633	0.029308	0.037679	0.007672	0.021121	0.040552	0.010834	0.018741	0.007823	0.006428	0.030467	0.026881	0.010801	0.017562	0.035432	0.025292	0.008341	0.002656	0.001008	0.041391	0.011629	0.036638	0.031453	0.026449	0.012439	0.024890	0.033534	
0.015586	0.001407	0.009755	0.011466	0.032095	0.037343	0.001478	0.019335	0.025200	0.005160	0.037817	0.030780	0.014152	0.043109	0.042577	0.012349	0.010413	0.019681	0.030108	0.001481	0.035673	0.025370	0.004866	0.000575	0.037282	0.026750	0.019666	0.009066	0.003966	0.026318	0.007411	0.009776	0.019806	0.006882	0.031911	0.028354	0.015906	0.006587	0.033774	0.033421	0.034627	0.019738	0.038006	0.014543	0.002183	0.028017	0.009461	0.008541	0.040243	0.019987	
0.015649	0.023465	0.029777	0.011069	0.016370	0.029991	0.008497	0.017312	0.022306	0.021716	0.029950	0.029323	0.006432	0.023009	0.032939	0.009864	0.012809	0.006697	0.024743	0.034616	0.029236	0.011605	0.012092	0.000127	0.030521	0.009833	0.022245	0.030614	0.019701	0.006977	0.024302	0.029256	0.011028	0.022689	0.036904	0.033274	0.006757	0.024865	0.004010	0.025527	0.009772	0.011466	0.028855	0.010214	0.034216	0.028581	0.021440	0.020254	0.026081	0.011025	
0.031237	0.035995	0.002227	0.028825	0.031654	0.000660	0.037954	0.040591	0.039621	0.018135	0.042702	0.000115	0.001528	0.020113	0.021526	0.001901	0.006520	0.032340	0.009115	0.042815	0.006721	0.035013	0.017836	0.000479	0.037035	0.011045	0.028828	0.024830	0.014856	0.021623	0.007518	0.005807	0.019390	0.034990	0.031615	0.004504	0.027628	0.029950	0.012733	0.017833	0.026203	0.033379	0.000813	0.021139	0.030181	0.032295	0.001168	0.000169	0.006745	0.012096	
0.003221	0.018900	0.010732	0.040249	0.021732	0.015154	0.016558	0.008879	0.019138	0.005391	0.011287	0.010357	0.041092	0.010672	0.015169	0.037254	0.007425	0.023640	0.032269	0.031486	0.003205	0.004155	0.037537	0.005578	0.000131	0.015519	0.042254	0.040047	0.013655	0.012351	0.021245	0.038228	0.012397	0.035143	0.002341	0.040967	0.023510	0.020364	0.007957	0.004103	0.037341	0.027412	0.002533	0.002099	0.022414	0.019016	0.017682	0.040976	0.026022	0.043210	
0.012874	0.010965	0.007489	0.033246	0.028282	0.001029	0.033671	0.006340	0.007301	0.028742	0.032858	0.036836	0.020367	0.036543	0.004247	0.038300	0.010137	0.037322	0.031286	0.022138	0.014083	0.008125	0.039778	0.005187	0.020141	0.011081	0.038407	0.005747	0.018440	0.001283	0.011464	0.017629	0.001218	0.032930	0.000786	0.039635	0.038952	0.018763	0.009812	0.011198	0.016955	0.039867	0.025916	0.028909	0.005535	0.010835	0.031495	0.028244	0.002465	0.025146	
0.007154	0.022541	0.021966	0.026250	0.005194	0.002255	0.006624	0.041077	0.041667	0.022924	0.011843	0.013430	0.041081	0.015173	0.005300	0.030238	0.010111	0.047159	0.007412	0.008067	0.027910	0.004279	0.011471	0.049115	0.012031	0.044496	0.027077	0.010163	0.018030	0.025207	0.017163	0.008589	0.030146	0.017424	0.019657	0.001001	0.029078	0.018116	0.005984	0.002501	0.022649	0.018536	0.028594	0.034833	0.049433	0.034579	0.006310	0.000947	0.018424	0.018787	
0.026505	0.024652	0.017362	0.014083	0.035567	0.022666	0.003956	0.034845	0.000224	0.009788	0.013691	0.032305	0.024365	0.014697	0.018707	0.027794	0.029866	0.036370	0.010994	0.013423	0.027370	0.029385	0.009725	0.000334	0.010917	0.008617	0.014060	0.037939	0.033710	0.032265	0.013234	0.037943	0.005506	0.028978	0.002784	0.028827	0.009663	0.024834	0.038389	0.005643	0.009727	0.031190	0.011406	0.035348	0.005363	0.025926	0.004737	0.025934	0.026494	0.011892	
0.001520	0.023721	0.035320	0.014563	0.029293	0.003207	0.032788	0.006125	0.013668	0.029597	0.014117	0.027370	0.030812	0.035675	0.016568	0.017367	0.008727	0.033087	0.027426	0.010815	0.005124	0.023129	0.008247	0.019119	0.028744	0.018813	0.032299	0.031959	0.002237	0.026201	0.019595	0.018177	0.026168	0.026399	0.000654	0.003696	0.015521	0.023206	0.020930	0.026099	0.033543	0.033356	0.005809	0.010250	0.024806	0.002048	0.035143	0.027179	0.014887	0.024891	
0.024886	0.026505	0.014264	0.039242	0.027041	0.021102	0.028183	0.007026	0.026885	0.020313	0.004134	0.014579	0.033311	0.027555	0.035082	0.006911	0.037467	0.020946	0.000175	0.013386	0.030190	0.019866	0.020883	0.013443	0.015928	0.020082	0.014111	0.011528	0.037689	0.033997	0.027291	0.023849	0.010101	0.027922	0.029568	0.014963	0.015726	0.006594	0.003846	0.006898	0.008427	0.014161	0.012543	0.013589	0.031927	0.028947	0.036803	0.018785	0.000740	0.020609	
0.025969	0.019880	0.025969	0.005817	0.030915	0.012413	0.000066	0.019792	0.030513	0.015861	0.010554	0.024330	0.031051	0.023819	0.030510	0.014251	0.022207	0.021537	0.005790	0.031741	0.014107	0.032344	0.007862	0.030679	0.031669	0.032870	0.004743	0.008017	0.001347	0.023962	0.029324	0.010232	0.032276	0.003592	0.011651	0.022223	0.027867	0.028173	0.028065	0.026894	0.014879	0.031600	0.011405	0.029136	0.016340	0.013996	0.018695	0.012058	0.027965	0.013046	
0.038575	0.035530	0.024842	0.042282	0.005973	0.042639	0.007411	0.006463	0.004546	0.017225	0.037108	0.000578	0.005213	0.004238	0.014473	0.009990	0.032870	0.031481	0.020570	0.003155	0.035555	0.017677	0.039093	0.005846	0.020915	0.009872	0.015176	0.002148	0.020376	0.005412	0.009506	0.021076	0.030055	0.006012	0.021407	0.028072	0.014106	0.035747	0.019164	0.027821	0.022864	0.034292	0.000229	0.012185	0.033838	0.037682	0.029742	0.033366	0.022050	0.003555	
0.016950	0.013731	0.020342	0.006374	0.008173	0.024348	0.034771	0.034542	0.022011	0.027589	0.042777	0.002590	0.030230	0.015581	0.000413	0.034743	0.011625	0.019714	0.013644	0.036238	0.004055	0.008890	0.013717	0.002662	0.002883	0.028919	0.012517	0.004660	0.001109	0.011793	0.007401	0.032536	0.032922	0.010460	0.045406	0.026486	0.035068	0.016013	0.013631	0.033394	0.013924	0.014212	0.013352	0.037650	0.029848	0.016540	0.041107	0.037075	0.028822	0.006562	
0.034362	0.015154	0.025059	0.001300	0.035734	0.022865	0.038319	0.018364	0.023183	0.041262	0.000291	0.012327	0.007211	0.009166	0.038696	0.021769	0.031803	0.021234	0.016282	0.002694	0.011808	0.042091	0.037425	0.003820	0.033882	0.031511	0.020073	0.026143	0.008046	0.030246	0.018441	0.029566	0.020196	0.029268	0.003587	0.023818	0.023311	0.011494	0.008533	0.000075	0.026166	0.018383	0.012501	0.002648	0.021595	0.016451	0.029895	0.028671	0.009195	0.004082	
0.006796	0.006658	0.029671	0.017268	0.033685	0.021140	0.025567	0.022807	0.003102	0.015253	0.011678	0.012824	0.029643	0.017174	0.022862	0.006412	0.011922	0.033566	0.002884	0.031220	0.004570	0.031182	0.013053	0.007345	0.032438	0.009252	0.029036	0.026363	0.005568	0.022362	0.039514	0.030642	0.034390	0.021936	0.009754	0.015605	0.039148	0.022807	0.003125	0.038644	0.012662	0.010042	0.025980	0.031856	0.033194	0.000916	0.014593	0.039701	0.021991	0.010198	
0.011849	0.008489	0.012318	0.029590	0.040235	0.029333	0.022655	0.025623	0.001839	0.026567	0.031861	0.008781	0.030945	0.030747	0.001808	0.007006	0.030393	0.040583	0.025297	0.026153	0.018934	0.004882	0.023993	0.016273	0.037462	0.033669	0.023970	0.012762	0.006154	0.035614	0.033709	0.023247	0.032240	0.006678	0.007452	0.003234	0.028269	0.022800	0.003430	0.017649	0.001956	0.012552	0.012777	0.025331	0.002930	0.014212	0.018377	0.038940	0.006739	0.031691	
0.009559	0.012335	0.015989	0.039100	0.008289	0.025571	0.033620	0.041349	0.031914	0.012380	0.023012	0.013511	0.001140	0.031057	0.005131	0.029941	0.004485	0.003559	0.005863	0.022081	0.034479	0.032974	0.036689	0.026461	0.008259	0.000871	0.023508	0.030700	0.022350	0.011741	0.026166	0.028526	0.009936	0.001923	0.007108	0.019149	0.033282	0.030043	0.002682	0.023084	0.030702	0.001718	0.017043	0.019219	0.025828	0.024057	0.022494	0.008952	0.034033	0.036138	
0.005415	0.013343	0.022079	0.020142	0.019564	0.011172	0.031253	0.005120	0.007566	0.018952	0.005272	0.006339	0.024136	0.008380	0.014101	0.034990	0.005825	0.006490	0.021838	0.042327	0.031077	0.010468	0.018409	0.022069	0.028283	0.032526	0.044585	0.031403	0.003312	0.001546	0.002949	0.046379	0.039189	0.033111	0.002234	0.002022	0.002216	0.016658	0.044147	0.023329	0.036298	0.041783	0.022090	0.034855	0.012149	0.022032	0.013754	0.040239	0.012486	0.004097	
0.027667	0.027913	0.019717	0.032701	0.010946	0.027892	0.030204	0.019113	0.021183	0.019818	0.003016	0.028594	0.006546	0.010294	0.020082	0.028498	0.023730	0.012198	0.021999	0.031643	0.006794	0.029336	0.011036	0.002529	0.024564	0.010090	0.027069	0.034533	0.010124	0.025815	0.020693	0.033115	0.018678	0.024405	0.032910	0.032161	0.000520	0.025510	0.033854	0.007955	0.024826	0.032901	0.012615	0.023855	0.021940	0.001515	0.003349	0.024217	0.012773	0.006564	
0.033423	0.017932	0.015827	0.021431	0.035821	0.029474	0.004063	0.007572	0.022074	0.029178	0.037047	0.023158	0.013128	0.023177	0.010793	0.006507	0.027792	0.028992	0.003836	0.011286	0.031970	0.015302	0.031980	0.007388	0.016021	0.014776	0.012104	0.008731	0.003913	0.020151	0.030183	0.033347	0.017682	0.035544	0.025574	0.033944	0.013228	0.029626	0.015084	0.030098	0.036603	0.029637	0.005831	0.002563	0.020325	0.019154	0.036206	0.003245	0.013859	0.003420	
0.036421	0.028164	0.025816	0.016871	0.009849	0.004049	0.021156	0.015706	0.007825	0.028301	0.024234	0.032291	0.029345	0.028594	0.016855	0.021488	0.018615	0.005238	0.001476	0.028838	0.017976	0.009549	0.010803	0.020725	0.028466	0.024555	0.013295	0.007746	0.033071	0.004885	0.030260	0.032784	0.008349	0.037351	0.010422	0.009931	0.023877	0.033787	0.019241	0.036615	0.008608	0.017778	0.037461	0.035436	0.001954	0.025340	0.023271	0.000134	0.008770	0.026428	
0.003554	0.002628	0.026006	0.003924	0.033539	0.015507	0.032527	0.005899	0.014666	0.032977	0.015566	0.021422	0.023055	0.031667	0.005762	0.031882	0.002166	0.024707	0.036265	0.011076	0.033383	0.012541	0.011672	0.033370	0.011682	0.032500	0.036046	0.005244	0.000078	0.021371	0.014885	0.018171	0.005494	0.030844	0.034322	0.026739	0.033412	0.019670	0.032282	0.010232	0.003622	0.014937	0.023338	0.013326	0.030098	0.026645	0.016932	0.019291	0.030205	0.022874	
0.013535	0.000188	0.000517	0.016232	0.021791	0.017997	0.030653	0.006336	0.028973	0.018541	0.020852	0.024377	0.025025	0.010258	0.022410	0.030763	0.031437	0.015447	0.028528	0.023290	0.022000	0.022325	0.008555	0.016907	0.018445	0.001286	0.014215	0.015478	0.025254	0.025919	0.026927	0.014360	0.022028	0.029558	0.026137	0.017894	0.024897	0.031037	0.026675	0.010129	0.013205	0.027134	0.006765	0.030125	0.023847	0.030467	0.032513	0.016115	0.032126	0.000525	
0.028446	0.021262	0.001257	0.035353	0.010411	0.031828	0.015874	0.007288	0.018071	0.002631	0.001816	0.015601	0.030597	0.007201	0.019816	0.029709	0.009737	0.038996	0.008297	0.024157	0.037106	0.028642	0.018089	0.008585	0.023025	0.030112	0.008189	0.038133	0.001712	0.010650	0.013064	0.017528	0.007613	0.029558	0.017702	0.037468	0.026732	0.027504	0.003181	0.018383	0.037234	0.038751	0.040457	0.024169	0.003961	0.029998	0.017964	0.028483	0.012225	0.005435	
0.012859	0.007179	0.008155	0.020961	0.008083	0.009207	0.005568	0.025176	0.010991	0.014133	0.005358	0.021357	0.039667	0.038611	0.024004	0.041593	0.006152	0.039742	0.011726	0.010503	0.038396	0.037028	0.023878	0.002934	0.018203	0.039827	0.021998	0.035927	0.017717	0.005876	0.032067	0.041410	0.007011	0.020635	0.010741	0.035204	0.003222	0.028194	0.011565	0.026406	0.010629	0.035565	0.005717	0.010189	0.038556	0.020779	0.000979	0.001501	0.034220	0.022598	
0.036734	0.015690	0.019350	0.027306	0.019804	0.013798	0.025371	0.012587	0.011325	0.030094	0.006302	0.033890	0.013265	0.034543	0.016582	0.014829	0.016841	0.020697	0.021565	0.012400	0.002058	0.003952	0.016367	0.008877	0.034758	0.018670	0.029530	0.026374	0.006025	0.017429	0.008693	0.012731	0.034075	0.033412	0.019529	0.036864	0.008021	0.015888	0.022479	0.015329	0.012980	0.027998	0.022969	0.037460	0.037294	0.010528	0.010916	0.015548	0.013123	0.037151	
0.029006	0.009407	0.005809	0.025934	0.009671	0.022831	0.014630	0.008417	0.019571	0.029089	0.011093	0.023904	0.035404	0.030316	0.012121	0.022490	0.032053	0.005034	0.012375	0.033020	0.032185	0.028185	0.012531	0.011372	0.024942	0.001959	0.025720	0.001574	0.035680	0.027312	0.027274	0.001466	0.019270	0.037510	0.028351	0.027683	0.017297	0.004296	0.001710	0.030528	0.011208	0.023210	0.031294	0.032296	0.008112	0.029733	0.007319	0.036036	0.028859	0.002910	
0.007723	0.038781	0.016186	0.014983	0.027417	0.012806	0.005893	0.013708	0.020949	0.034366	0.038021	0.024619	0.019948	0.016577	0.002596	0.026317	0.019621	0.028367	0.028319	0.014133	0.037863	0.032319	0.013920	0.013060	0.019114	0.015852	0.037475	0.007427	0.036029	0.010531	0.025887	0.028687	0.011237	0.014670	0.018828	0.000721	0.022530	0.016206	0.005064	0.034878	0.025582	0.007159	0.029731	0.011211	0.015428	0.025432	0.016333	0.028065	0.006520	0.020911	
0.005882	0.008449	0.031559	0.016598	0.014290	0.036726	0.015943	0.007857	0.027029	0.032780	0.004621	0.006211	0.001164	0.034589	0.037001	0.017106	0.015280	0.029564	0.036604	0.013809	0.030568	0.013504	0.028101	0.012515	0.029816	0.027499	0.014240	0.023939	0.014403	0.011131	0.032427	0.007540	0.035076	0.019625	0.011054	0.024037	0.025095	0.018888	0.035943	0.006922	0.003187	0.038573	0.004833	0.020060	0.002040	0.024988	0.031890	0.012840	0.028408	0.017796	
0.17
