50
2
-21.974069	9.057475	6.746361	8.274273	-8.871772	14.272567	13.449834	1.280767	-2.284317	-16.207968	6.982252	-4.362538	-18.534258	-9.374175	-15.225896	4.477949	-12.316142	14.214102	20.767058	9.537680	-4.480171	13.899689	-3.423408	5.877435	-5.971010	3.475331	12.383712	15.452037	-15.409132	3.607032	-20.488166	16.023789	-1.173673	-11.530346	8.907412	-0.845494	7.245148	-20.943883	17.610353	15.696116	-10.799699	-3.391971	-1.989789	5.650940	-17.022358	-13.145999	-9.788927	-4.015433	2.609781	-8.111550	
-6.539842	8.762544	-14.659472	-21.242092	10.760607	-11.408222	21.950316	16.342685	14.906143	-12.714222	-6.585589	12.205804	-20.742855	1.525215	-8.399473	21.043446	-24.624634	-24.696383	-25.957520	20.170697	-0.975228	-25.129107	-3.965712	15.490588	11.518489	20.023026	10.965947	0.276587	6.906914	7.973653	23.728691	-17.130347	-18.607664	4.186383	25.257189	-13.762879	21.363635	20.733768	6.132691	-15.341250	-12.488571	24.105267	6.024487	13.282569	-3.606304	16.329867	-24.136926	2.926606	9.725591	22.016820	
-21.783014	-9.607822	4.873386	-3.339251	-2.458075	-8.925623	-11.750886	-13.033938	3.675587	1.333847	-12.525128	-2.904810	-17.367268	9.145083	23.738746	22.244068	14.678324	14.705273	-17.069443	-1.164964	21.206870	-9.859208	-7.107235	-5.277868	-7.167095	23.835954	-15.851957	7.470780	-15.031621	7.454021	17.295111	-2.560565	24.687564	-1.218024	-19.541549	0.171834	12.129744	-6.029472	7.696501	5.211828	7.527365	-1.136326	-9.154458	16.147334	6.692600	15.425024	13.663452	2.993550	-20.383162	5.992284	
11.971503	19.606240	-8.770576	24.949179	-13.045106	-15.658986	-27.902069	7.965596	18.533518	13.256913	1.161358	-10.845489	13.028475	-4.458464	-20.748925	2.156143	-5.261215	-21.692268	10.305007	5.720971	-7.811465	8.617823	-18.938995	12.598711	-5.423127	23.732613	12.390730	18.816939	-6.771099	-26.805766	14.429222	-8.169304	22.008639	22.555766	14.988230	-8.694065	-18.056211	-3.690910	1.588845	-5.867102	3.358631	-14.246041	15.905279	-11.283882	8.176671	6.775480	-17.529869	-27.210363	26.155877	-21.229997	
1.003177	-24.817260	22.163970	-0.216379	0.965215	-11.271262	5.186740	20.050349	14.302609	-5.731639	11.180791	1.632140	-20.800038	22.383017	-8.774590	11.743599	21.459953	-3.477457	-26.317535	-12.392020	-0.664982	-20.204429	19.271418	7.357310	-26.245449	5.785170	-24.938658	18.880417	-17.872301	21.814674	-21.007758	8.430614	1.233307	9.611684	-2.898964	18.492494	-9.557918	0.429371	-23.161057	19.691472	-10.907153	-19.796982	5.169548	-11.806455	-14.297742	18.150785	-1.374816	-3.725812	11.446876	0.150314	
-13.139287	7.040598	15.540980	4.049839	-21.569128	3.894406	5.574153	2.311655	-6.569100	-6.196393	-0.839698	2.223015	-7.934134	-9.119225	-19.800865	8.621636	18.464942	7.527582	-15.010314	12.238671	-10.942312	22.764067	-14.454085	-9.240163	-1.235079	3.654873	-3.345186	19.709004	-5.508625	-5.323270	8.352507	17.683087	9.938733	-11.790875	-20.037207	14.143949	19.185075	2.379721	-17.743255	15.020460	1.516291	1.575330	-7.908835	13.729279	18.641578	-2.231280	2.936659	7.615989	-13.139814	-13.779189	
8.545176	24.055476	-28.290784	-17.823457	-28.253348	-21.080882	1.145809	-18.077870	8.629652	-16.677617	-10.534897	-15.390869	-18.296285	-8.623334	22.436106	13.850893	18.587434	-6.452519	-23.015008	24.847377	-20.776770	15.329724	2.274910	5.287149	26.723364	24.351406	-11.018873	-0.913792	-3.364942	-22.282390	7.549421	17.404759	19.042864	-0.008077	-18.759814	27.934766	-7.989368	-1.345562	-21.475596	4.290821	20.186017	17.816636	-8.686145	-22.698651	-27.722072	0.457982	-22.042829	9.190834	-2.459770	-3.810219	
-19.965061	18.902249	-6.792950	-4.324123	18.149062	-3.466280	-6.222541	17.821724	2.166953	-8.717513	13.816790	-16.662373	16.763435	11.195298	13.098101	-5.735243	3.828098	-13.258007	5.933554	3.777712	6.125796	-15.074942	9.299625	-19.638304	2.878514	-11.432516	8.395057	19.671241	-7.886789	-11.190695	-12.608498	-6.322616	4.665059	-18.008053	14.268691	20.679411	-4.407002	-9.328478	19.837856	11.089012	-8.209185	-5.216893	-16.771428	-8.345653	20.215954	-5.297746	10.641010	-11.688867	20.720161	15.851317	
1.499137	-12.696360	1.505530	-10.720898	3.386244	12.745550	11.411564	18.468806	-14.778171	-21.129303	23.212512	-0.385838	21.788122	0.663049	-16.003709	-11.568496	13.958447	-23.280210	-25.227290	18.417233	-26.906949	-13.835205	6.517366	-25.250315	-6.487277	-7.648633	-22.880080	9.759350	24.970723	24.430669	4.183921	-9.677765	-25.524357	5.125737	-9.054185	-18.502697	-3.023999	1.315873	-9.553609	-9.415645	-5.427407	3.017447	-4.783542	25.757737	-1.522317	-5.937018	-0.931953	11.960787	10.534457	18.224146	
8.817704	-3.886343	-9.568109	-15.208580	-11.668288	3.467337	-15.989148	12.963954	-2.804389	4.903905	19.553506	14.592221	-16.659495	3.462420	-10.351432	-11.435075	-2.779868	4.536932	-6.722253	6.003595	-2.460468	-10.302689	4.483931	0.603527	13.841991	-0.312355	-12.904014	-15.575088	-1.228818	18.911921	7.535265	-17.331339	-12.822056	-16.201734	-7.664957	9.237252	-6.336037	-16.380860	9.561762	13.369828	-5.270753	16.422171	-1.580825	-15.127037	15.790668	-2.693760	7.377024	-1.595258	-15.639617	-9.117778	
-6.324075	-2.504336	-15.593828	14.262502	-6.398221	-18.864490	-3.209050	-2.697253	22.901927	-14.042314	6.260248	3.456169	-16.132858	9.521870	-22.429239	10.660153	10.441286	4.250904	9.806391	-13.661011	-19.631941	-20.588613	4.155565	8.444789	-12.016470	-21.497856	18.192449	-18.753145	-4.328326	4.097572	-7.484252	-4.795760	-3.314972	-6.766250	-16.278780	11.432495	21.430531	-1.951207	-14.218098	-3.813653	3.859637	-0.031619	0.464374	11.181013	0.850867	-3.800920	-3.367642	18.645369	7.296662	11.610431	
-23.936522	-14.856943	-19.141127	20.502325	-8.251716	1.191937	19.210152	21.010661	7.387114	-14.418281	-3.855677	0.568632	22.617315	-1.250304	4.393262	-16.342329	-25.236110	26.452001	27.931291	24.175360	18.634292	6.472223	-13.751303	14.946289	1.022572	-4.289185	-23.108381	-13.868027	6.963875	-21.293372	-24.594844	8.025807	9.858187	8.944572	8.664353	-5.230470	15.663955	12.466967	-14.064592	5.784834	1.286517	9.251003	24.873653	-17.767742	-25.787694	-21.966427	16.742875	-26.792075	17.173884	-9.273931	
18.368702	-21.654650	11.786994	1.586571	8.732664	1.371733	16.500624	10.508135	-8.809089	-15.193676	-8.101348	8.487150	-12.562889	-21.095036	-16.760201	-7.920225	-18.947017	0.553177	-1.723513	21.116218	-15.079069	-20.407362	-20.222654	6.627881	3.710891	21.556577	12.260648	1.824446	8.012835	-7.928504	-4.756485	1.742713	-12.811758	-4.722496	-20.300502	-19.978603	-3.541198	17.487985	-15.488217	-13.141594	14.537577	1.795357	-6.168115	-2.982778	-0.177501	-15.032056	-19.847598	14.840745	-2.721019	-12.083230	
0.157372	-11.453001	2.008823	-15.440772	8.510722	6.386662	3.965052	3.259027	0.753253	20.540629	0.373179	-15.032969	-19.725231	-19.872014	-5.747350	-1.737748	2.782898	20.834253	8.572461	-2.652755	2.050912	-15.568653	5.249976	-20.922035	6.521770	8.592824	6.259625	10.050395	15.661853	-16.753921	-2.199542	-11.789951	-7.082734	-3.200184	4.479367	20.309721	-1.154144	-3.322115	20.140748	5.843635	-3.974658	16.621347	15.587208	-10.341917	14.311838	-16.992607	-15.257758	-4.421504	4.223610	-9.722132	
19.000076	15.113384	-2.061986	-7.434774	18.789774	-13.985992	-3.983770	-19.924548	-2.192551	-6.593791	18.929794	-11.760780	5.563035	14.100570	-4.028455	10.888403	-4.870754	20.599162	-17.359973	-1.429904	-21.991669	7.950180	5.040533	12.738419	0.948334	16.664927	13.688766	-16.908830	-15.215607	5.524521	11.576158	-18.310210	-14.031567	3.857544	15.080929	-14.110905	7.709649	3.953929	9.608020	9.389908	8.401823	-19.938353	10.264619	22.611512	-16.394843	9.495872	-11.089449	-7.312130	-7.695322	18.412839	
19.647722	-23.261064	-22.696854	-9.948058	21.881331	26.363374	12.380495	9.841756	-5.876770	-0.354101	9.277366	9.673877	-5.344386	-22.200690	21.449457	26.747934	-24.243278	-18.312184	8.454742	0.266950	0.594963	-25.494398	14.854435	-15.183419	0.095952	-5.095726	13.882257	0.984789	-14.410344	-15.622058	26.798995	13.272686	14.788862	6.494341	-11.554071	25.846883	-0.941315	-11.030875	3.077237	7.555705	-27.537129	21.113304	24.503677	-11.970996	-27.589788	16.319554	26.903456	-26.622723	-19.876374	9.140377	
16.330541	19.487376	-0.194267	-6.960377	-6.876257	12.404790	8.283503	-18.914438	5.866851	16.968424	7.180879	20.042654	23.045792	8.217693	4.344589	19.545762	-16.810400	-11.246002	19.270102	-4.612359	17.201279	-19.299651	-21.484408	19.122558	16.318370	-9.266364	21.460379	15.748515	-0.006306	0.184804	1.788617	-2.551812	13.646292	-1.700260	-2.292544	22.449336	3.712110	13.546799	20.209151	9.447943	-1.887882	-20.325718	12.230632	-7.230147	4.944861	-9.364140	-2.351067	3.159818	12.194779	-0.777221	
18.545058	17.914886	-17.953349	0.732574	-15.154024	1.255319	-16.633493	-3.898321	-12.725721	1.559101	-14.254157	2.752367	22.221117	-6.450281	-4.155231	-4.685874	-19.068188	-13.127336	-23.161433	-23.571985	0.036907	12.840136	-21.450331	13.026379	14.503429	23.100124	-8.216108	-19.027860	-2.422488	0.782088	-8.204551	-7.246928	-11.316835	17.388070	-9.290212	18.060663	7.070353	8.556245	10.094206	18.289509	-22.012506	-22.854950	18.024292	-23.507461	10.035860	-20.745458	-19.775873	-0.696775	-20.797965	-0.397266	
10.905109	-1.289897	-10.922826	7.877543	14.443303	-4.508420	11.668701	-14.314459	-4.892286	-2.234713	-8.224414	15.976245	-5.793885	-11.028636	-7.726620	-16.538519	-11.071026	-17.372162	7.077428	15.585686	5.334261	10.142559	-4.304551	-15.247653	5.479556	13.937257	-12.315837	1.734192	-10.908026	13.992320	-3.913314	-15.824214	2.932296	-10.946994	-20.506856	4.371344	10.633383	-10.552188	2.664504	7.495871	5.449831	-10.064609	-12.496649	13.138840	-15.025175	-19.524022	-1.183670	-7.727142	-1.727826	-6.370760	
13.668349	14.621456	-11.380101	26.875714	-3.500444	-9.636612	23.572237	-8.431941	17.770050	-22.275764	10.437088	-27.658928	23.025207	18.756052	21.958749	18.298996	14.290716	21.727538	27.362265	2.896298	-23.662795	-5.102316	-7.529871	18.441376	-17.984314	28.998619	2.374181	-17.106831	-24.080890	-13.614769	28.055614	-3.936653	-9.766701	-15.472734	21.220208	-1.595137	24.314698	-23.852901	-27.196357	21.746540	3.592708	17.707560	-19.360205	-1.294338	20.691782	-3.779252	-21.945592	-4.863108	-0.252854	-23.355752	
15.351804	-15.141929	-17.542514	11.746892	-17.862263	0.806347	-1.466304	8.185361	-14.934754	10.340100	16.419134	-8.191796	15.224358	11.420472	-9.869927	-14.659001	5.228722	15.407314	2.238233	-16.014021	18.533902	11.432879	-12.526784	-2.224040	-10.326285	-12.363471	0.003790	-5.183387	6.577397	-0.484503	-16.090379	5.878991	-6.925948	-6.044318	-6.514110	-4.515991	-10.491547	-15.034227	4.917523	-10.658837	10.580822	8.775942	14.020896	18.046884	-3.025279	11.918323	-12.189951	13.567198	6.719518	12.456691	
-23.603940	-5.716765	-0.547601	-14.640078	12.714560	-10.682632	0.356353	-0.497385	-6.426201	-21.896007	-23.491105	-9.099701	-18.410041	26.415093	26.538983	-3.961258	2.416346	-11.800904	-24.227304	-2.964895	-15.113173	5.313224	-20.750154	16.717788	-27.835330	21.451849	14.169375	-7.687973	-4.373434	25.504518	21.735628	-2.197288	9.588369	24.170751	-13.701826	7.766669	-21.175661	-6.056958	-12.259363	-23.696108	-13.317171	-19.072469	8.284903	-4.192908	-9.989049	-14.400638	19.175392	-14.849008	-15.350429	26.609113	
7.223347	-6.475230	5.099847	10.084731	9.580527	14.750171	-16.147862	3.441470	-1.910072	-2.955441	-15.267947	-11.826277	-13.190382	5.592400	-20.345506	7.059640	14.039572	4.040057	16.316601	-5.546729	13.647633	8.995271	-16.314285	-9.569053	13.777032	3.075500	-3.233523	-7.551045	15.589997	14.429244	17.904944	-0.351311	7.035637	-1.395328	4.599735	-9.366387	2.149555	4.122186	12.469243	8.453484	-19.754106	5.397044	13.299276	20.333138	-12.405505	8.388606	-8.053593	-6.427301	20.700328	-17.003359	
3.842522	16.982763	31.206022	25.532893	-16.459872	-7.700901	21.113583	-15.931296	-33.836173	-4.401977	29.669793	24.899787	7.727895	17.973157	3.026308	-23.522639	6.300198	-6.067134	-15.193185	31.057875	28.355605	24.823184	-0.241053	-3.306798	-2.502122	13.656979	-33.255833	-32.618302	26.827245	19.548020	10.994012	14.257049	-22.370381	-18.200788	16.946779	0.315066	-6.979132	8.607813	-31.549859	24.268372	13.530102	18.207905	-27.605754	-32.310466	-2.377901	-5.977227	30.828881	-9.879714	33.148346	14.821124	
-3.385190	3.911170	-21.379066	17.532110	1.626308	2.194174	-20.792598	-27.848940	-27.014229	20.487579	19.071365	20.541619	-28.419023	-18.333038	-28.138286	12.754225	13.594382	-20.656186	12.736285	-26.416223	13.460569	3.619267	17.565737	14.510553	-7.796662	-24.575320	9.851893	1.334284	-11.667968	-0.595173	20.605996	22.738311	-10.138369	17.728500	-21.948047	-4.127672	-22.664804	-25.863707	17.676894	23.447380	13.981553	-7.368329	23.795202	22.966503	18.742590	-9.113741	-17.287110	-3.671462	24.769835	-7.025802	
-10.363378	-15.234963	-10.190284	-16.505951	-22.092250	11.108509	-23.332620	4.777448	-11.975889	-19.474355	12.365311	6.015306	25.310393	-0.122218	23.020090	-10.378247	1.710594	-21.039922	-6.402845	16.934900	25.414736	16.551836	18.290166	19.653159	19.395372	20.343949	-1.903040	-28.446742	-22.793393	20.262381	-17.201022	18.392392	26.198778	20.510822	-24.800068	27.648737	-24.550946	-14.178616	15.901624	25.531442	-16.204697	-6.135395	10.619148	18.695642	-4.425985	-9.601728	5.939902	24.281004	-4.185891	-22.020791	
-11.196786	5.360431	-2.793788	-4.707529	-14.297616	-17.090517	-16.149610	6.317403	22.318639	-8.102446	14.234040	-3.196262	-14.691840	16.705224	0.112754	18.137875	14.441218	-7.716957	16.050372	-5.791054	-24.178886	-13.910830	0.736811	7.165584	-24.842474	-1.074834	-2.893962	14.813061	-12.822996	-13.083395	-25.195713	-11.753419	-13.926639	12.803956	-10.454470	21.387492	-24.793577	-16.542180	12.310296	4.068768	-11.537621	-22.000938	-20.193085	-13.122142	10.940884	5.048059	-21.139891	-21.396073	-11.773965	8.342687	
-12.210448	-23.552041	3.101342	-1.048065	-14.612934	-17.026002	-23.754217	13.640431	14.280566	17.603349	-19.344673	14.792549	-14.606605	-11.090935	5.222791	-5.056806	-19.062037	4.040060	-14.874515	21.748867	-0.966942	14.168066	0.903995	22.290960	0.806486	11.464123	-23.113579	10.558078	12.734275	21.985566	-5.563037	15.445423	-23.085842	-15.733802	21.395440	14.410728	16.570042	2.397350	-7.931411	-9.186705	17.450211	20.577878	0.646129	-9.467204	-10.617946	-7.777064	-2.393277	13.293436	22.028633	-8.501711	
-10.952532	9.162976	19.891226	12.454328	19.188294	20.282463	-21.989161	0.997825	25.845491	3.625604	17.054651	21.593329	22.729620	24.209423	28.160677	-25.149024	-7.010322	11.790728	7.098788	4.876974	-13.054879	-24.406752	11.711267	-3.875501	1.085354	22.411078	-11.768274	2.965235	13.407266	17.826146	15.708150	-28.207436	5.127253	-26.918070	14.766450	23.071777	-16.535626	-16.027533	11.770220	-24.317713	7.896888	21.963595	-1.119930	25.213859	-8.614915	-19.019315	-28.048502	-11.390734	-20.468864	6.964938	
-12.006302	16.312356	9.652096	-10.885142	5.576411	-8.343529	1.606645	-1.432322	14.994699	7.359414	16.246666	12.044484	-16.501749	5.502497	-6.174512	-10.240905	7.729323	14.927141	-6.389569	-6.468548	-12.538279	8.775731	-15.347040	15.531756	-7.487325	1.696382	-3.535167	-6.099152	0.012590	-6.184209	-1.761866	10.542671	16.139138	-13.754091	8.121418	-13.558973	5.753480	-4.090774	3.852116	-1.463422	13.235582	9.661526	-13.703339	-6.033929	16.587625	-11.795006	-16.368209	-5.957030	4.329413	9.475042	
-5.691255	-15.447017	23.849039	-25.819985	11.697703	-22.609855	9.659565	0.566914	25.415224	-5.677664	22.708694	21.180854	10.114638	-17.352791	6.699354	12.988384	-4.467763	-25.367392	-24.281308	-13.245080	12.250784	18.330833	-22.270359	22.918650	4.102227	-10.142136	-19.320049	-13.290079	-11.839794	-22.158505	-17.451574	15.146857	-13.020744	4.407643	-16.815232	14.073175	-7.844913	2.760168	11.814221	23.110718	1.018504	-15.612431	6.945569	-4.692058	-0.469479	-21.007328	19.741691	3.009530	14.848249	7.077669	
11.238499	-16.644484	12.437835	13.533364	10.412168	-3.712193	-10.592356	16.637761	6.316347	-9.048086	9.427583	-5.596639	0.159616	-3.364381	9.846641	8.944726	18.148520	3.903555	-11.971476	13.794998	17.985524	15.971417	8.948318	-8.273200	4.786471	-17.697562	2.870567	17.440934	-1.219135	-13.635480	-4.336104	4.088195	-17.536021	18.081678	-2.945356	-2.389417	4.796608	-6.383798	-3.628584	-2.266030	17.450881	-16.075974	10.742985	5.088914	-0.273370	-2.140896	-16.601759	5.532563	17.235800	2.597538	
-18.014499	-19.056355	24.457694	-18.970047	-2.028972	-22.872728	-25.228148	-15.251108	0.028124	24.613102	4.118810	20.931806	-6.010538	-12.000792	8.424349	-3.274074	-22.171257	10.583677	0.298032	15.718401	3.853564	-11.935824	22.861193	16.065395	-19.169686	-4.871245	-10.759179	-21.125642	22.622485	-0.194309	12.328540	-2.265403	-10.805026	5.719342	-4.211820	21.990382	-2.415814	-17.333975	-11.777230	-25.034711	18.176844	25.675917	-5.613617	-5.021331	-9.179829	0.336034	-1.616599	-24.886451	15.369024	10.933842	
-0.269919	-10.028289	-16.387136	3.537858	-1.055592	9.233612	-15.627852	-0.804544	13.812428	-10.829730	0.088729	11.987940	-9.688258	14.395343	-13.609928	5.525164	9.429009	10.728219	10.936395	-12.378276	-2.760443	-14.846705	-1.165056	3.938567	-0.546533	-8.594053	15.389265	17.954444	-11.463009	4.619018	-5.026620	-18.998319	15.523196	-17.667276	16.590134	8.549645	18.208112	7.369604	-10.633329	4.589108	10.643543	3.997784	-3.928111	-8.091751	-13.729692	8.566675	5.746035	-16.179252	12.365225	6.187612	
6.757036	12.132890	-12.165148	18.214941	-4.755847	10.890560	0.067171	-18.120645	-17.108390	-1.903035	10.678213	-6.580186	1.915431	-10.299303	5.138478	-12.687442	7.841663	-15.553966	-6.640028	-12.964430	-6.460976	-8.987158	8.732734	15.054843	3.828116	-14.866708	13.494271	7.338879	16.811687	4.374057	-8.618514	-1.899729	-13.445822	-5.255506	7.534684	11.103333	15.271020	1.492526	9.106169	-3.725834	-15.150221	-9.620872	7.010343	13.447917	-9.285280	-5.405802	0.813498	-0.971692	-4.168926	7.812141	
7.925267	3.674101	4.799799	-12.699416	18.835902	24.476156	-3.686409	-9.170152	-12.660206	14.365396	-20.439658	8.029583	-0.899289	-1.628162	15.288779	20.892955	-5.251358	3.941442	-12.293076	2.484415	-4.756067	19.431586	17.651054	-11.240870	-19.375692	18.001157	-9.544410	21.284204	20.262927	7.116581	23.297973	-22.321981	-0.384013	16.952956	-15.012052	1.259180	-5.581938	4.402694	-2.985466	-9.271980	22.124950	12.959902	14.027184	-4.791447	-20.772684	23.484483	18.840186	4.160181	-23.159879	12.803775	
23.353004	-14.597329	-13.331261	-10.989222	7.165502	-21.654485	13.444664	9.821636	19.537382	-9.267365	-17.057265	-17.522050	-23.132102	7.220297	-15.801738	-11.213972	-10.058801	-17.116012	3.692703	5.184085	-12.286343	16.930059	18.683348	-7.423112	-10.449021	10.944062	-13.384801	1.315101	-2.926622	0.636996	0.870996	17.168346	8.176812	11.331365	15.552950	-5.988447	-0.437058	0.144519	5.019943	11.598577	21.095282	8.159708	7.123265	-18.975628	-3.766848	-19.823493	-19.315255	1.795074	22.858746	18.905032	
2.997055	-14.647512	-11.968348	-10.216997	-7.159311	19.245960	-11.481099	5.797854	6.663349	21.949161	22.005165	-11.739091	5.778018	11.086075	13.895829	-12.008015	-1.482107	-23.341784	-21.886199	14.302181	-23.872168	-16.322304	7.028164	14.411692	-14.291456	-18.488054	-0.833461	16.867223	-6.756912	21.956702	-13.708328	11.175027	4.878191	4.129902	-12.053708	-12.187228	-1.734355	-20.788690	-13.925944	-16.001736	-13.632010	16.982137	3.928477	-21.405307	-20.167936	9.767031	5.318937	5.291933	5.910475	-2.001871	
23.838451	-12.875829	13.014743	13.507065	8.053786	0.887929	18.067128	23.530432	9.206750	15.406530	8.518572	-24.489693	7.885983	-25.490803	-11.655643	-17.203521	23.335946	-22.657198	-14.050443	-9.729569	13.644794	-8.037035	24.968055	-19.627438	-16.233270	12.965458	-17.734382	10.973631	-3.581601	-16.291690	1.928972	-13.732757	12.229959	4.245123	16.297062	-10.410036	-2.275934	-6.368289	-16.717052	-3.155120	-6.470278	20.246669	19.817576	-12.951428	-25.655513	-0.871859	-21.478429	-19.610252	-17.163245	-25.150918	
-8.938817	-9.015922	-6.933230	23.930975	-18.447439	-6.705266	11.218356	10.281216	-25.032517	-19.247494	21.675781	22.683849	-13.773118	0.426929	7.049079	16.576342	22.498756	17.261053	25.330970	-19.334894	-9.548318	6.690090	21.311363	12.300373	-25.335344	18.482016	15.912758	7.592865	14.801728	4.970491	18.204712	22.975243	6.433393	22.999487	-2.965777	-10.402415	-9.091105	9.023838	12.045516	-20.924016	19.051779	-12.878109	-14.173849	10.689007	-1.127116	21.805646	-24.270014	-20.164429	0.905343	-1.611812	
17.313094	-17.064149	13.533390	-4.014435	-9.942997	3.408319	4.518291	-4.999624	-13.121621	-11.981083	-16.968465	-6.267411	14.499111	10.160472	16.115372	-3.951637	9.189755	10.997757	-17.744602	-13.535789	7.625435	14.513680	13.404672	-7.424695	-6.690126	-3.189797	3.198623	1.705652	-5.044391	6.062134	10.110194	3.667940	1.135964	-15.672202	8.481075	16.158651	6.581632	10.571214	6.106046	9.300656	12.940815	9.179529	-11.621290	-12.186736	-5.208702	16.221009	-13.172973	-7.171404	1.026390	1.294761	
-1.903894	-15.889714	14.843403	-10.500430	1.521569	-16.605254	5.031578	-10.846701	12.846944	-12.206940	-5.438280	15.239520	12.123995	1.266472	12.285953	-4.723523	6.776645	-9.210784	20.770322	-11.691781	-13.836799	13.706689	12.716551	-2.512440	-4.072606	5.120624	15.943006	-13.218272	18.856313	11.217118	-11.287434	-13.498633	5.650007	-3.807307	21.761481	19.570426	14.185110	-19.438451	1.732195	-2.594991	14.846305	-2.661135	16.322414	-6.823961	10.773767	-7.476550	-13.447826	-15.587843	-5.872115	20.289735	
-11.823673	13.269704	10.578121	-17.835767	-19.950618	-23.564780	14.515893	-23.125283	-4.671110	24.439049	-5.828005	-20.786087	-11.820380	-3.531081	-12.554759	-5.395477	4.113606	-10.088502	-6.841346	-1.522083	7.588700	-22.375065	11.820826	0.979339	-19.099374	-27.022343	-21.144382	-26.942781	-10.165207	15.251796	15.373116	-16.637885	4.155105	-26.255245	9.244566	-17.910580	-18.232068	-3.845043	25.534948	1.062459	7.426900	6.966748	28.531549	15.213336	-5.043054	22.144479	-12.558234	-18.513050	13.698382	21.167699	
-14.818985	1.456480	-10.542243	0.342692	-1.039391	-8.849523	-10.013540	3.082088	13.094475	3.087355	18.391906	20.055228	7.512621	-18.722861	-18.330265	-20.115693	-7.268329	-13.502986	-14.256962	-4.012368	-10.393388	-17.332806	-14.726515	20.284712	18.256099	4.377712	-11.834267	14.343146	-12.283067	19.625234	3.796226	9.255292	10.458798	-9.777156	3.091605	-5.057406	11.654051	-18.524879	9.849147	6.070775	-13.056210	-7.492034	-10.407240	1.149050	-17.514734	19.165142	3.974506	-15.980244	-6.134848	19.491767	
22.588524	-5.840103	2.443802	0.890048	-18.461766	11.490963	1.238740	1.834471	-23.227671	6.134069	28.954978	-28.949951	23.487834	28.781830	-21.204600	-13.972261	21.713389	25.015405	-18.330308	-23.402993	26.499533	19.927868	17.515905	-6.143018	17.367086	-1.160024	4.927497	-23.531035	-20.798936	21.437802	22.515855	-2.069315	28.714699	-24.103770	-7.921199	-7.882830	12.886670	7.845391	19.185140	20.469249	-12.794112	-28.889694	-14.395622	-1.930382	7.755794	-8.598079	-1.922607	27.958350	-18.663996	10.134545	
12.206660	5.336603	11.379598	17.034715	-22.022846	0.525390	-9.219806	16.468112	17.075007	9.911117	6.872983	-7.332721	6.818294	9.894771	-19.335738	22.753331	20.312310	-22.592559	8.574289	-3.352725	21.607198	-16.469862	-11.674124	-22.961881	0.025939	17.836366	-22.323178	-21.221620	9.782236	-16.412993	21.002216	-16.511060	7.219929	17.378879	6.192379	-20.854195	-6.175235	16.671550	3.437994	15.977857	20.429081	-14.450964	8.019779	-13.603165	-19.711520	17.128198	0.187883	-13.524827	-3.862737	8.653868	
16.780365	7.512271	-2.910108	-19.250860	-19.231961	-6.064236	7.958061	-14.665728	-12.549551	4.299185	8.653843	-12.946287	4.465798	-6.301160	0.283220	6.176897	7.821333	-3.894299	14.620555	10.679993	20.311116	-15.837888	19.318656	-19.239574	16.724322	-14.938616	6.706310	5.129035	-20.086322	10.591826	9.415993	7.389881	-16.177275	3.864849	-20.049333	-6.627622	9.924265	-3.795571	-3.738280	-7.592363	2.531264	7.908101	-12.796129	-1.176135	-5.257079	11.530628	19.023776	-19.093409	-8.427532	-19.740101	
-3.199096	-15.131722	14.747806	-3.525856	5.205810	-14.519526	-15.538268	-20.674293	-6.033145	-7.101692	5.884628	1.298631	-22.464700	-11.006488	-12.068478	-21.969289	-8.623315	-2.060043	9.698417	-22.498437	23.770117	10.605860	-20.698526	-17.618808	-13.558676	-19.121719	-7.582710	1.403345	14.789188	20.206800	1.762308	0.215294	18.529090	14.869164	18.203017	18.806979	-17.227095	10.780384	-12.812190	7.763889	-2.817580	-6.712164	14.162075	-13.115327	-21.425633	-23.478085	-17.480445	18.742650	-15.924917	-16.978994	
4.281594	21.608423	-0.025031	-22.551549	19.165602	-18.903456	10.676580	-5.728161	6.500474	18.780607	8.255324	-2.824671	20.492555	-5.872761	10.869237	12.129252	-7.463437	-9.268178	-11.467810	1.107820	-17.512889	-18.341841	-21.813899	1.422495	9.227554	16.371281	-9.859450	5.603697	20.955357	12.157221	19.766975	-8.176622	-22.552355	-12.855618	14.274489	-1.875056	-18.016340	-3.958279	23.979577	-10.089859	9.665275	13.999006	15.593495	-2.377166	20.466421	-2.276229	-0.825412	-12.423004	16.254531	-11.775709	
-7.878133	-17.861166	-15.264825	17.144384	-16.812953	3.603030	7.609705	19.501060	-17.988580	21.769929	-9.046599	-5.497266	-19.307262	-4.756043	6.390702	1.496097	-4.441413	19.497229	-3.107954	5.381494	6.144012	-4.096328	9.664635	16.728588	15.626891	6.475671	-5.786393	-7.709135	4.713942	17.270311	-1.170936	-21.046811	-3.599063	-14.378225	-10.442125	-20.880716	-18.284614	-2.489434	6.034611	15.260657	9.262536	-9.348148	15.237325	0.574516	3.138989	-16.640719	-9.281000	9.832324	-10.466602	20.962474	
-24.106981	23.347315	-5.089319	5.572174	-22.944478	-20.590171	-25.840114	16.211950	21.160277	20.267430	24.111017	-14.214344	-20.750847	21.527908	-8.098555	4.743092	-8.591976	6.199226	0.745270	12.157791	19.243842	26.370402	-16.639341	21.663924	-2.862513	19.645571	-25.157711	10.402526	26.967526	-13.041199	23.716062	-9.768006	1.392220	-19.680408	11.419840	-26.666050	20.979852	-20.951034	2.111845	-20.416955	12.179086	-26.750328	-12.411540	25.331123	-6.200760	-6.071808	11.062321	-3.410948	8.441087	-15.455201	
1.660324	-7.264220	16.012390	-1.372931	1.867832	-5.803017	-20.915685	2.433904	-1.325080	-1.989584	-19.018393	-9.852773	-17.248672	-4.509618	-13.689196	-16.911937	-14.338271	8.511722	5.352507	16.695584	-15.660992	14.239948	20.694466	-9.395131	1.551396	-1.556129	-18.215871	6.742488	-15.264130	12.104052	4.701841	8.966302	7.145176	13.412311	-12.623531	9.374544	9.258507	-22.914836	22.673610	-15.171614	-1.757878	4.963946	-17.920367	18.106278	0.403618	-20.664433	10.743866	-15.478293	-11.277704	-3.311155	
24.033769	-20.774742	-0.201974	-26.193122	-4.648071	-4.225514	18.167009	24.877365	20.689158	18.733651	25.453943	-10.342259	18.666768	8.992171	-10.220885	-22.399451	-0.493896	20.259240	25.766081	-26.078568	4.071796	8.288768	1.454578	23.110665	-13.688429	4.740624	-25.713981	17.262194	-10.416401	-20.840271	7.141278	5.692711	9.245242	13.281426	-0.489643	26.021384	1.349116	-7.921978	-25.612413	22.734907	10.898027	10.925470	-3.441605	0.469334	26.606595	3.469124	-10.317714	22.103963	-11.290395	-19.607238	
-2.263417	-24.295814	0.182164	-25.077862	-1.208406	21.057691	-22.057393	25.684452	20.005476	-13.732942	20.723059	-3.366248	-25.392695	12.868713	18.104205	20.352385	1.176376	13.090676	-9.467573	19.818610	10.360592	-3.781463	2.339496	-7.534802	2.151211	6.401940	16.923364	-13.844157	20.973829	14.784612	16.157630	10.827714	4.076833	11.427176	-24.068024	19.969489	19.455792	-8.903119	-21.492967	10.817713	12.243927	-0.745892	20.969499	-13.177523	-19.800712	-4.080922	-0.042498	20.585215	-7.072381	20.453990	
-0.056113	15.584857	10.769558	10.722416	15.838787	-3.854324	11.851284	2.993509	-2.558582	6.817554	13.117096	-7.129286	0.895684	-2.407937	13.541799	-7.160976	14.725064	-2.743088	-9.206829	-10.254397	16.133350	-0.217278	-9.600035	11.953642	-10.149011	8.550687	9.436161	-6.766814	15.859219	-8.767825	5.679410	-15.219620	-15.114008	-9.699346	6.691135	10.552755	-7.876673	2.010800	-7.828368	-11.905380	-0.608068	13.891162	-11.884116	4.903718	3.044088	0.877343	0.361618	-5.170942	-2.278637	-5.207900	
-4.235286	11.757285	7.449699	-17.250245	-19.118759	20.542692	-18.106186	6.039098	4.907263	-1.961411	-9.825557	20.628717	19.991077	-16.300028	-20.989810	-11.707650	19.807170	-6.299113	-14.134188	-8.022824	-16.825342	18.562959	6.551511	11.617843	8.630616	13.154214	11.279403	-13.999429	-11.240197	4.172346	-13.976393	-6.344275	-1.537657	-14.802579	-4.552408	5.506647	-20.449852	3.693230	-16.861781	-17.470055	-14.018476	10.052451	14.095848	4.365465	12.839911	13.909538	11.895952	20.009914	6.087727	13.721701	
-12.807559	21.601266	12.128810	-2.259362	-17.243448	18.553516	-16.761562	-14.255814	-0.138606	-8.075348	-15.680028	17.340744	-22.966862	-14.768156	-20.191523	11.142179	17.036878	-24.103985	9.858661	-2.063807	-17.980588	15.612920	-15.392930	16.015735	23.316668	-3.674900	1.724781	10.900469	10.781464	0.779018	-1.599173	-15.264033	-5.906866	21.709787	-6.913134	2.830636	-17.422681	-13.063175	22.664641	-6.894201	23.515275	21.653619	-13.394798	14.950876	-7.386146	17.095501	5.408227	4.736309	-12.660430	22.348656	
-18.991124	-3.619950	2.887251	1.178370	-12.412168	4.050063	4.173838	5.761429	11.788374	10.188321	-10.525349	-3.314008	-1.322646	-13.884309	4.063577	17.772941	11.030571	0.238269	-9.002691	18.706728	-18.434402	18.459932	15.809163	6.688758	-16.232731	11.980714	18.070444	14.496079	4.778940	-0.733921	-6.501670	-16.400433	-4.718389	9.510504	-1.236313	0.991728	-3.055408	13.262590	-15.267177	12.895371	-18.308708	9.396449	13.633677	16.849826	-6.123625	10.562115	-8.088526	15.608328	11.428787	14.212201	
-2.851711	19.118251	-8.843086	2.093847	-5.145747	-19.743233	-1.173345	-11.294215	-12.218832	8.768941	16.792950	14.431950	18.970272	-6.144209	-2.026492	7.252157	18.815696	1.049269	-11.981502	-18.997812	8.707148	-4.558716	-6.724598	-7.661706	17.709525	-4.038148	15.648137	-20.208670	11.631507	12.838056	14.284086	5.169469	-5.978179	-9.479708	-19.685244	-17.270376	11.942993	-7.495947	-19.257948	-10.221566	-17.901998	16.638770	11.568812	1.735026	5.343318	-6.243277	-7.571308	-14.962544	-16.800839	15.826855	
23.910496	9.420995	-22.211175	23.025998	-4.196928	4.784441	-19.346331	11.742769	-21.180571	18.909608	-20.685207	6.543098	27.707816	16.164793	-3.069264	-3.966759	19.982648	9.929640	26.487987	-0.893449	27.353658	-5.132734	4.011941	-4.673319	-8.026071	-14.137592	-15.839591	22.156859	-24.343357	20.543728	0.475851	-6.724940	-24.347098	18.853820	-5.828207	-22.099358	-6.025361	-13.820437	3.090275	7.315681	4.873363	6.013092	20.722517	21.216628	-12.112217	18.690515	-26.008064	-12.636352	-0.029481	-3.158905	
15.452621	14.015400	-11.774630	-16.639352	19.718929	-2.999657	-8.040210	20.222234	-7.673825	-18.832450	-7.923277	-13.941702	-17.051342	-18.273963	11.183385	-20.792194	3.765355	-18.643670	5.546395	16.940652	7.055219	5.178794	0.299727	-19.608000	-18.341653	4.120846	10.710417	-16.725643	-11.249331	-2.350479	-3.572471	0.904204	21.480730	-17.918905	-7.148978	20.451836	-8.758561	10.309199	-13.200046	0.475192	-19.882185	15.848940	-3.393979	4.682828	17.583316	-8.833941	-15.666998	-14.228514	2.731378	6.431698	
-14.739121	13.232855	-11.936565	3.500809	-13.321663	5.869994	7.920428	1.674578	-7.613315	13.437736	-21.550472	-4.548115	-3.640217	-17.018619	-10.465548	-5.336763	17.144746	20.450284	-0.360082	6.794274	18.067250	-0.662512	8.250039	1.109177	19.174530	-13.324356	-13.588267	-7.479884	-0.033547	21.229374	-2.568938	1.632442	-15.313980	-18.229370	-14.877561	2.134319	-11.979137	0.459044	5.214979	-3.153285	18.110930	-2.532934	3.993283	2.278128	18.135171	-1.514658	1.049327	10.897582	-4.211955	1.429265	
-2.446187	19.664052	19.345806	-3.214389	6.309218	-14.769650	0.888562	-21.781441	16.602281	-22.897358	-1.020034	1.085189	2.950683	-22.810968	13.034862	-12.677985	-15.664774	24.483168	6.505250	-22.485782	21.046030	-18.412073	8.194620	-1.992857	17.058997	16.788960	-15.906455	-10.992864	-21.592587	-4.091847	-21.265275	25.721020	18.162425	-14.660818	18.515766	-20.216766	25.980596	12.063735	-0.942376	-11.726547	-22.618609	2.766239	-10.963838	16.899718	21.521389	25.248154	-9.459161	17.117116	22.790461	-4.920701	
22.496361	-8.558393	-6.520194	21.882423	23.527159	0.123782	-13.014493	5.542742	-23.344469	10.865027	17.413878	-3.212633	15.988250	-14.033353	13.399904	-2.879820	20.801431	15.893887	-10.239189	18.261093	-13.693884	10.743161	-23.518745	-14.641507	-12.530932	-10.091065	17.363838	-7.471354	16.140243	-12.314980	-1.334359	-14.453743	20.867123	-6.296762	11.934444	-9.134124	6.898069	13.934534	3.618407	-9.119927	8.686611	-8.550957	-1.519987	8.822533	6.041147	-5.139742	-0.807684	-13.248163	13.515932	4.851607	
-17.533761	-6.026493	-10.449328	6.674024	-21.357911	-3.924542	-11.997453	13.704085	5.078943	19.311526	23.385784	-17.700875	-13.491848	-5.856587	21.016728	7.404861	5.096681	-2.302711	15.645571	-18.807393	15.130959	-18.746434	1.997419	23.417920	10.593986	-4.293110	-18.995009	-2.372231	-2.687366	-1.648442	-12.484043	-7.546502	-9.079111	3.873280	-14.173425	-6.118431	1.243230	-20.202035	-16.242297	14.217998	-13.370095	10.294216	23.041976	-2.268373	-15.521386	-11.286079	-21.003340	9.922416	7.367516	16.260104	
14.210149	3.365076	19.751143	-23.387646	-18.416336	-13.287364	-9.046251	-3.681365	8.778991	12.769967	20.951157	18.888320	-2.865447	-12.342869	-16.066761	-21.406791	12.091564	-19.668083	23.112835	-5.652760	19.861161	-3.563021	-19.008828	-20.351753	-22.284028	-9.891825	-10.411212	-20.635733	10.862145	-20.984231	24.300760	13.201534	-7.372280	-9.064700	6.368811	-3.411007	20.899511	14.085582	4.671178	11.164838	-2.138958	-12.278134	6.913150	-3.925949	-11.057876	-1.979864	6.449576	3.592616	9.937439	-24.087845	
-13.833153	10.694416	0.911561	-13.756169	10.126878	-15.319862	-0.628549	12.442663	13.892524	-5.557271	22.130235	-9.759167	-3.961110	-13.051734	16.312435	7.708860	-2.206889	15.979632	-17.266406	-12.952200	8.157006	18.333927	-19.047506	8.822681	6.643404	5.321529	13.202436	-13.725579	5.208646	-13.518917	-5.271148	22.337027	-13.305559	6.894084	7.461872	-0.182848	-12.969271	2.497646	17.926335	-22.976493	18.254753	1.685841	-6.489405	-20.895392	10.076633	13.322663	-8.402675	-19.132533	22.773280	-22.049739	
-17.803408	4.702316	-16.517402	-23.397821	-21.865078	-18.466058	-19.773632	7.308019	-12.869825	19.713361	-18.672499	-13.305111	13.738338	11.608214	21.621272	-20.579068	6.432507	12.188231	-18.396041	-9.528025	17.647628	-7.812954	-11.020008	-7.219148	10.093592	-3.351782	8.317466	-17.016003	-3.006402	-22.498986	9.124794	21.493367	3.486172	22.958025	8.973452	-7.578294	-1.495153	13.425356	15.275181	-15.878890	5.645258	-7.874598	6.907528	-4.439645	12.901716	-13.327292	-8.069527	15.176508	-0.244503	2.950778	
10.657588	14.155069	24.400397	-15.958795	-12.305316	-1.456816	-25.836622	17.562431	0.982523	8.985243	12.316385	-18.126344	19.631005	13.517536	9.538001	5.585761	-18.552502	13.616702	-22.638182	-5.585406	18.909681	17.743242	16.998785	12.040179	-15.075355	0.080325	20.165367	23.510813	22.283525	24.465783	-19.341214	5.457420	-17.736659	-7.969182	-24.150458	-3.774336	-20.096669	17.041217	15.009182	18.249679	-22.417890	-17.335034	8.684939	25.704645	12.923576	17.814859	-0.367219	3.207888	-21.085373	8.061236	
19.491581	3.406389	5.579125	-3.978809	-18.272984	15.007759	8.057977	-11.558272	19.310685	-17.595255	6.046840	-18.986202	-13.147323	5.706298	-18.898516	1.348497	-14.197469	13.187823	15.359600	-11.581265	-8.347821	-1.322057	-19.198818	6.237957	-0.574037	8.135039	0.383168	17.868538	2.371587	14.396752	20.823924	-2.577188	1.937744	-6.216340	14.491514	-10.929858	14.466725	2.998473	9.527646	0.836509	3.466380	8.144566	-4.425815	-17.994994	-20.314344	-16.092207	-9.624420	19.442531	6.727634	-10.841468	
17.100194	5.630046	23.147122	0.684123	-6.564031	-19.980620	12.801684	17.220873	-5.769304	-9.889238	6.762919	-23.894505	-3.685151	12.737812	-19.923188	-24.866424	19.384466	-22.925408	3.715884	25.028257	-24.607788	21.002612	-20.261599	14.300589	21.040395	5.733753	-2.497911	-19.171265	2.281461	-4.246180	-11.402999	-23.638641	11.791837	-5.052467	18.339595	20.737733	6.517164	6.168458	1.921283	-7.194058	6.963113	12.620745	23.885504	13.965431	-16.036157	-18.014267	2.175427	2.690171	3.574356	-2.310943	
9.965500	3.859026	-5.732442	-19.933701	-1.474437	23.278102	-6.676350	-10.160753	0.770657	9.560229	1.574057	20.254746	-21.000090	23.722071	16.986034	-1.196762	-10.150113	-20.759473	20.164050	24.981038	-6.588011	16.356989	-22.980963	24.642147	10.159721	-18.569910	24.131176	16.724786	-1.241159	4.485154	5.472028	-15.922959	-13.305865	22.697517	14.461351	-23.715911	16.756531	-3.246754	4.922973	-7.230808	-10.696088	1.453629	16.680120	-10.030198	11.036563	-21.135169	1.972772	20.778121	-6.276842	14.029202	
-16.399559	22.648357	5.612361	-14.859568	-11.537007	-7.510530	-17.804478	18.904982	-17.312515	-4.490650	7.543679	-3.732381	5.274596	-16.284368	-0.461868	-22.432366	5.368124	-6.945832	-20.774934	-8.892394	-12.563019	-11.642625	-0.003886	-20.948228	3.518443	8.171781	-19.424251	-6.507632	9.131306	12.166539	19.700878	-0.079337	7.899458	9.992201	22.477735	6.716198	15.143829	-12.949921	7.336061	15.560280	13.117642	8.555972	-14.414185	-12.636296	3.335057	15.913755	-1.734676	-4.951215	-18.340629	-22.156923	
31.780718	-11.817173	1.356063	0.603059	-14.399615	-13.240058	-1.589453	24.666850	-19.515159	14.629184	11.426100	19.131842	-29.854741	28.694708	-30.770544	8.731910	2.172045	-27.734296	0.711671	24.292011	-22.378329	15.557979	21.929225	-8.443685	11.496553	11.733010	-20.104051	29.296745	13.055614	-30.152638	6.757433	-7.006501	-23.118391	31.714603	20.793330	-10.527358	-3.980815	-19.975315	-14.798525	31.822620	21.924972	28.170482	17.877589	11.691154	-21.486932	30.229138	6.951677	-22.261808	24.786765	-25.213392	
-16.455493	1.455009	-15.050549	16.718790	20.033255	-23.288882	17.165103	19.880406	-25.738584	-14.226289	-3.890188	10.478411	0.203549	14.098433	24.706498	0.945306	15.930105	-1.176383	-16.197612	3.114545	-19.382462	-0.346226	16.643827	-15.375244	-5.763931	5.904412	0.324863	-21.907086	-20.446144	-23.055823	-3.098562	-12.512500	-17.084704	-2.466071	-7.699714	10.337626	2.528167	-0.079585	-9.051498	-22.257682	-15.751666	-24.760959	14.329592	-1.438047	-12.356169	-19.910906	3.166090	1.604685	-21.175922	-1.151883	
-20.901564	22.611425	12.590761	-10.938171	-22.246339	7.504252	12.617047	20.145133	16.433609	18.751980	9.515541	-7.176602	0.096482	11.415355	-8.200303	17.901446	12.238490	6.074209	-17.971317	-14.688940	-16.605752	-15.160964	-17.037080	-18.365019	16.499623	8.817587	8.756512	21.672272	9.855922	9.775954	-2.426818	21.591880	7.328908	6.014641	-4.297031	16.719452	17.710129	-17.774510	-17.014826	-8.543496	18.969640	20.595879	14.916117	-4.545006	-1.620794	1.881868	14.123364	-11.272159	5.864260	-8.140467	
19.579125	23.441530	-0.809463	16.200985	23.831145	-9.077251	0.004869	-18.761616	23.296715	-9.658009	-8.957503	6.256454	-5.853837	-23.377307	-21.379246	-4.693349	3.321572	18.574183	21.934811	0.996064	8.119803	9.904277	-0.743543	11.657369	2.517257	12.083697	21.113840	-18.259335	1.428336	-16.754217	10.616480	16.593201	16.606632	-10.336978	-5.044031	-7.364641	3.720302	-9.907494	5.330870	-8.514444	-22.731393	-14.731522	17.940992	-18.738761	16.690160	-21.333170	22.008599	-9.007803	2.578399	11.791582	
-24.037958	-15.296501	-11.505480	-24.223582	-15.835753	-18.325911	-18.635777	1.217752	23.121818	21.016874	2.169869	-19.144733	-7.303974	-1.816166	-3.028673	1.064714	-0.625181	8.237175	-23.171322	20.685318	-22.032768	-18.758530	-26.275702	22.417404	-1.615731	-14.741687	-6.405481	-18.874131	-17.450123	16.586226	7.538602	16.664027	-17.950139	-2.678501	24.271963	21.303748	19.140262	-18.327299	-21.237505	0.912515	7.420324	-8.470715	-6.883918	-2.085582	14.536953	22.617285	12.108941	7.158150	24.344266	20.724232	
6.798793	-9.327816	-9.029245	-6.506507	10.653063	-4.388265	-12.015399	17.050813	-4.431928	-2.778731	4.249296	-15.551705	12.259103	7.229106	9.836530	16.832960	12.035357	-1.462367	2.369918	1.092590	0.169753	3.107500	11.110958	10.449736	-1.283992	-10.788560	3.426116	-2.361461	-4.369419	-15.634165	-3.746097	-3.522647	-12.080263	10.690552	-8.565468	-6.469885	-9.845568	12.400373	12.290079	-2.071488	12.614559	16.510349	-5.464447	-11.908436	5.411394	-14.171317	2.432492	16.051447	-3.306992	2.667066	
-7.880796	6.118411	-1.587081	13.332235	7.030465	12.630392	18.073806	3.548071	-5.916649	10.546000	-13.211562	7.179744	11.349467	-9.719379	15.252994	-15.829891	-6.133546	-11.609372	7.442164	-15.532555	6.416064	2.923929	1.018423	2.075677	-4.262285	19.162260	-6.454299	19.910922	-9.078010	13.450513	-4.436638	-0.744946	18.812151	1.988166	14.937987	-16.347438	12.056199	-7.859173	2.496482	16.404187	-20.336828	11.822862	0.818023	-6.623157	0.577443	-2.378986	20.878536	-7.567366	13.362253	2.401715	
-16.392750	4.693404	1.003287	-17.706653	3.763111	-10.304553	-17.576611	12.626437	6.268091	9.876314	17.129403	5.354589	-1.086002	-12.569939	-19.576838	-2.109530	3.859590	-0.518927	-8.868149	-9.156588	-17.516158	19.497661	5.391374	16.934330	10.323487	-0.696690	-1.909359	18.480793	19.160711	6.149660	6.852381	-6.825807	-19.350812	3.209485	7.682848	11.167129	19.553632	9.583226	11.257775	-0.786567	0.423916	-8.619923	13.875603	-7.529898	-0.175811	9.061755	-4.714303	16.349478	9.704972	7.534940	
-11.810445	4.941400	-10.712202	-5.373631	-21.991089	-22.994678	-22.485903	20.586294	9.969336	-5.651016	-12.373876	-9.836583	-20.426495	4.118858	-14.329667	20.376738	-21.313905	21.947289	-14.164589	-2.998248	-17.751001	14.492884	-9.227764	-0.060764	13.490063	21.274854	23.558403	0.194268	18.746500	-23.761996	22.244039	14.358599	5.729166	-23.264267	-5.210880	1.432910	12.284345	-1.021480	3.361576	4.205701	-8.113528	8.098978	17.248901	-22.674277	20.873428	-9.625080	14.338493	-18.769334	5.036605	-16.653039	
-5.453468	-2.255384	10.029077	19.664940	-11.533061	-12.417111	-16.833713	-0.653519	-0.268652	-15.222169	19.168051	-22.282930	9.642066	-15.577818	20.268296	-12.431258	-18.385059	-20.504431	-9.228859	17.945026	2.084644	11.614524	9.227307	-24.186131	-20.745939	-4.886705	-16.748588	24.924474	-14.158403	-27.544372	12.545204	-9.300152	-23.336357	2.106730	-6.902533	5.822688	-12.580313	25.490882	-10.381077	7.955737	4.811197	0.798578	24.039070	-14.478890	-19.030943	-24.114892	1.720758	18.749318	2.589682	22.705754	
-22.195320	0.882134	11.400967	-4.612618	-5.610199	18.681064	0.999384	1.420543	13.410574	-0.555058	-8.735012	15.244652	10.869899	-2.673312	10.077040	4.555549	16.065420	16.810251	-10.936967	-12.923392	17.039439	0.055990	23.506749	9.623113	-2.792889	2.682475	-19.375012	-1.238594	5.512733	-6.497367	-2.018552	-6.429709	22.634447	-2.168581	-5.381213	1.360391	-18.986740	16.478066	23.212690	9.263180	23.477942	1.853097	-7.710254	3.890601	-21.658936	20.963216	-8.972118	20.884839	23.439573	19.014957	
-15.970352	-17.389060	13.011168	16.702351	18.967726	-11.685951	-18.885407	11.714692	1.313673	-20.856905	-14.436923	6.963375	12.558116	-12.151503	7.471751	-16.776073	-16.697090	20.070766	3.929091	-19.412724	-7.913399	6.947533	12.872577	5.738563	-15.769812	14.819244	-0.546866	7.074471	-14.667412	1.194450	-12.557734	-10.422139	-7.584765	14.113076	21.177259	12.652823	10.075017	4.086481	-7.280559	-8.275620	-8.248578	19.339137	-21.314860	-4.880213	-7.627307	-17.542566	7.799062	-17.331627	9.001550	-9.071999	
-0.442479	5.330507	-22.923883	-11.012215	-17.180505	-21.551447	-16.768415	12.823565	8.327541	15.909980	22.766003	16.050244	20.637074	-1.044703	-17.458735	20.903070	-21.737576	-10.389449	20.469680	-2.533920	11.129675	-13.311704	21.374146	-4.308686	5.873596	-12.754556	17.044832	12.308315	-8.307995	18.058470	-1.012888	3.694424	-6.211119	8.995670	-6.324869	-20.737173	-15.748600	-3.749432	-17.985135	9.978921	-21.028424	19.915461	10.779306	3.182028	22.189083	-5.066730	19.475982	-16.571094	6.850217	21.189839	
2.741303	-11.309309	8.093810	11.599702	5.562816	19.639515	-13.392530	-22.688386	9.431746	-23.213611	-13.855841	14.122734	-5.229679	-18.768150	-1.289362	-18.153842	6.421524	-15.624002	3.749998	-5.489057	4.670375	9.151808	-13.183646	-4.173355	16.362288	-6.114016	-8.284332	15.300166	-5.129790	8.549969	-0.808938	19.732973	4.637485	3.343499	-10.596126	4.944002	-15.117132	16.852588	-13.767912	-1.125598	16.462300	0.005292	16.699633	21.740005	2.709758	-23.198133	-12.847098	-11.729140	17.591055	-8.481422	
-3.460449	-12.967034	2.288209	-11.550354	17.012349	-10.411841	-12.526058	11.921667	-1.115589	14.975141	8.238168	-8.388910	12.717579	-1.833719	2.638877	-2.657870	-18.994296	3.506588	-21.474674	4.757476	-10.198487	3.794789	5.680010	5.654218	-3.826470	-6.092327	7.378610	11.289362	3.447630	-20.251441	-2.039017	-5.708038	9.041818	-15.749310	20.063040	-15.550135	-12.547942	19.195722	-1.180326	-7.200606	18.110704	0.889887	20.307022	17.454632	-12.714030	-16.108614	-4.096327	-9.856761	18.735840	-6.513403	
-8.300364	11.333064	12.142627	-22.456955	-15.539348	12.834179	8.986009	-6.580400	-13.050839	18.930151	15.476831	4.361053	-4.768362	8.471118	24.123805	-5.647676	25.933259	-14.786319	-3.079688	1.890467	21.814656	-4.057061	14.330816	21.713044	-6.016736	8.299173	-6.693443	-19.274985	8.464044	-7.173136	-7.248720	10.180730	-1.074840	-11.205398	-10.757924	-25.661804	18.069687	-9.889517	8.505313	-9.142067	22.609792	6.287494	-22.866654	24.953758	-1.970658	18.487580	1.720576	20.888028	0.844078	-22.982685	
12.668977	-19.549952	-12.450604	-21.476681	5.766653	-10.198328	-7.721087	-18.175420	12.648220	8.473775	-11.960441	9.291380	-10.062954	16.795367	1.490939	-0.692907	13.217358	1.501868	-13.988463	15.967511	17.840371	18.071195	4.791997	10.942723	-18.221709	0.349715	9.756627	14.432492	-1.749952	1.852970	-21.215683	21.876614	-3.373332	-18.206922	9.407076	-15.625125	-0.344339	-7.749160	14.599820	5.666735	13.044472	-19.391414	15.549921	10.251060	3.256362	-12.305756	-2.403322	-5.418238	1.486781	-11.869037	
-24.700400	7.490671	-6.020480	4.784819	20.432904	10.839406	17.824931	16.325219	21.738561	-4.220609	16.628240	0.283121	-5.484741	-15.050983	-7.564219	5.730542	3.903746	19.389315	2.063193	17.444198	19.202392	19.743125	-9.428486	0.687607	-14.021069	-15.856210	7.675366	17.021880	15.296210	-14.098872	0.681599	-5.089348	14.696020	-6.775620	23.794001	-2.980291	-17.193371	-4.039089	8.018080	14.134701	-13.342312	-1.921926	-9.537582	-1.604350	-6.592044	-21.890586	18.570815	-9.613911	23.170750	-10.534515	
4.978687	14.246587	-20.110714	-18.210431	-12.734834	6.092064	-9.796646	-13.875664	20.497429	-1.546139	-0.049428	-10.514216	4.201037	14.145158	9.122433	16.953401	-13.152051	-9.543431	-0.769596	11.407290	-20.477854	17.839948	-20.378191	-18.383540	17.585096	-5.140314	13.586308	9.554918	5.337732	-16.316106	19.422888	-7.986152	8.815389	-7.564180	-14.873740	-1.570085	8.247015	0.697513	1.389493	1.495830	-16.638763	-7.256231	-3.160839	-5.719181	-12.153374	9.307783	9.329180	-5.743041	-19.914624	6.912439	
-28.350941	-31.157403	-21.893665	-31.396800	-25.993062	-26.616836	14.578584	12.516663	4.261636	9.474409	-6.632308	19.659423	-27.198309	-7.642966	10.685953	-21.154134	18.460435	18.515440	6.299298	6.073553	6.100604	-24.548293	13.350366	20.545505	-22.048820	-17.133672	21.823825	31.334128	-4.093662	30.858015	27.047011	27.209032	5.740495	-29.333649	-20.806337	4.795009	-16.512706	4.351152	-14.328374	15.713751	11.151285	-6.736846	31.415402	-20.115150	-22.603840	20.750276	5.267092	18.198293	-15.789711	-11.786032	
-2.060153	-0.136823	2.366547	21.162422	-9.579462	-1.132180	-14.287787	-13.286406	15.880466	11.546238	-17.621723	13.515031	0.744523	-2.257513	19.475167	-17.364987	-19.527926	-6.628208	16.618712	8.602141	7.854011	-20.917341	-4.358635	5.821147	0.772559	-8.339496	-20.996857	0.626036	-16.669666	0.552553	-14.253920	24.546542	21.388939	-6.085654	-11.913811	-9.742667	20.828719	2.597635	3.567299	18.495321	10.531594	-16.389306	-7.109923	12.213217	8.945652	3.411115	-9.351504	20.991695	7.551540	-21.450652	
-19.109050	8.903549	4.692984	19.708239	-21.056895	1.844930	-14.510698	23.439937	16.904889	3.834346	-26.018454	19.272684	-26.706455	-7.266974	-11.760915	-25.785498	8.762704	13.639623	22.175215	12.032786	-20.376574	19.224296	-24.701615	23.822780	4.579114	1.945776	-15.270506	14.086431	25.415185	-2.281066	20.924029	2.232029	24.419751	6.932025	5.914113	-17.026734	-13.048622	9.087830	-18.240270	27.886066	-18.515551	9.599036	-5.400791	21.772820	23.392192	25.116811	16.635378	-11.233170	-27.476560	-10.227005	
9.649672	3.610180	6.232279	-11.198446	-3.028122	-5.012425	17.938598	-10.468170	15.786573	19.553900	22.563834	19.156580	18.779552	-19.864672	22.549552	-9.860847	9.128722	16.435940	0.188618	-11.921451	-7.509582	6.682331	6.473164	-11.711920	11.263194	-8.419680	-22.543560	-12.358131	16.559442	-19.814066	-7.300945	-20.148968	5.131574	19.715828	-0.852249	12.505709	11.275954	0.393287	19.296047	-10.668072	-15.580755	3.922521	8.259883	-9.220804	-18.057368	-20.923561	-1.166085	-8.640769	-11.844864	21.739826	
10.324390	-12.452775	-22.718848	-21.094416	9.288690	-22.271310	-1.561287	10.650888	11.137198	13.711808	8.791523	-1.462613	28.189761	20.968652	27.054921	-25.892359	23.583865	-17.693270	7.327661	28.512286	8.360626	28.918916	14.000030	-26.436539	5.830994	5.262957	6.252893	-21.640593	-5.519093	-13.767584	-24.743911	10.976473	12.535887	17.221073	13.547532	-15.635784	-6.286184	11.721115	-21.341000	-11.883110	20.709653	0.055156	-18.723514	27.156076	23.448874	-18.215786	11.348885	7.830363	-1.354242	-19.150861	
-24.731382	-8.013181	-12.840520	-2.834493	17.600731	-21.384894	-22.869628	19.349719	4.132383	-13.479454	-15.801198	-12.846836	4.177078	14.061538	-2.081424	9.666333	-5.689714	-12.497347	15.696374	2.871324	10.048216	-12.437908	13.647199	19.494227	-21.733029	-18.405911	22.808786	17.387022	22.893818	23.396143	20.932818	8.119918	16.707743	15.631198	-22.844567	-6.715620	14.420248	-14.445488	-12.527998	9.723262	-20.795587	-14.487462	15.156395	-1.871928	-22.580922	-0.313108	-12.297097	-4.842816	24.325018	13.508488	
-16.435219	8.743533	-0.173933	-5.961871	-12.724228	9.745311	10.028421	-3.234109	3.965073	-2.069404	-4.231196	-5.587525	-11.044632	18.481827	-19.134145	-13.660162	-7.817480	3.002305	11.220088	-2.336115	-8.354942	-7.273899	-8.257105	-1.568442	21.256938	-18.857402	1.608159	-19.010652	-19.663787	14.917289	-9.512829	4.242519	20.506813	-10.211077	-22.502020	-17.303902	17.399558	10.891661	-20.143672	-5.007289	-12.330147	11.512576	-11.022454	0.020055	14.081616	4.415668	4.313401	-12.963778	-10.700515	-19.340724	
-12.965181	5.480299	14.508753	-26.149527	-19.140716	6.221421	26.883756	-17.170618	-2.061493	-16.840682	-12.306650	-22.974703	14.161415	19.778782	-6.353174	-1.505307	-22.073302	-8.087427	1.727491	-19.369187	23.113709	20.462938	8.725673	10.962470	-19.738714	-16.497026	25.874951	-23.057773	-23.009944	-21.906554	-12.250185	-12.805295	-14.938215	21.206726	-2.288622	7.342676	9.512028	-15.603079	-8.474632	9.150563	2.843074	22.403211	21.627305	-26.270945	-14.178179	-7.535096	26.118723	17.193923	-24.755854	-14.747886	
0.012423	0.034072	0.005123	0.029762	0.033621	0.016315	0.016438	0.038947	0.036823	0.024445	0.000815	0.009363	0.006636	0.032617	0.012116	0.002186	0.002333	0.024718	0.034907	0.017108	0.001479	0.026605	0.008479	0.005051	0.000108	0.022422	0.004796	0.003500	0.033681	0.020101	0.037583	0.024240	0.023765	0.001820	0.038076	0.035413	0.037288	0.009624	0.004153	0.021347	0.008414	0.031271	0.017260	0.006162	0.037508	0.020633	0.036411	0.034833	0.022571	0.034641	
0.026329	0.002915	0.001227	0.022553	0.007645	0.017935	0.035173	0.020576	0.006061	0.020228	0.001386	0.037969	0.001549	0.021440	0.036798	0.002956	0.030429	0.037777	0.006173	0.026701	0.026174	0.027312	0.027682	0.034735	0.006581	0.031082	0.035625	0.026892	0.006736	0.038534	0.001570	0.036727	0.024023	0.035683	0.030097	0.013286	0.006331	0.013248	0.011354	0.027052	0.032185	0.014896	0.027612	0.036392	0.030554	0.015412	0.001114	0.008062	0.001861	0.007367	
0.004404	0.015640	0.020052	0.006418	0.036826	0.034149	0.005972	0.029355	0.011535	0.008456	0.033995	0.015724	0.003355	0.007465	0.038204	0.005147	0.030609	0.004589	0.029388	0.008622	0.031139	0.001368	0.034012	0.006736	0.022862	0.038517	0.028281	0.025042	0.023698	0.003584	0.023114	0.005202	0.015542	0.017843	0.032003	0.031351	0.012421	0.038483	0.028964	0.001413	0.031042	0.005248	0.030674	0.021519	0.029393	0.034691	0.037187	0.022936	0.009454	0.006376	
0.005868	0.013656	0.014626	0.012446	0.028258	0.035391	0.019877	0.026511	0.024900	0.031537	0.035033	0.006914	0.000376	0.007239	0.025662	0.004057	0.021455	0.023723	0.029239	0.027093	0.033886	0.032895	0.029539	0.002400	0.033620	0.022006	0.014913	0.009996	0.006085	0.001005	0.000065	0.002392	0.033358	0.034659	0.014916	0.034653	0.016608	0.021655	0.003877	0.035710	0.001184	0.036364	0.030134	0.001026	0.034345	0.035158	0.012778	0.011837	0.037718	0.021356	
0.000722	0.000161	0.023719	0.027389	0.024021	0.023324	0.008232	0.023805	0.029038	0.022067	0.018893	0.007357	0.004009	0.012475	0.021496	0.031029	0.028235	0.035227	0.009617	0.009692	0.005080	0.031444	0.018185	0.020914	0.021724	0.010051	0.021264	0.025828	0.019316	0.021459	0.031293	0.012553	0.034632	0.011143	0.010143	0.032013	0.028845	0.034476	0.021430	0.035727	0.029795	0.015025	0.003707	0.002124	0.032027	0.028440	0.012181	0.019294	0.022815	0.026561	
0.007342	0.032931	0.001161	0.006020	0.000591	0.021718	0.017651	0.014681	0.002606	0.039180	0.038166	0.029741	0.023866	0.009054	0.039742	0.008426	0.026933	0.035984	0.015967	0.032343	0.007925	0.019841	0.030083	0.032152	0.003591	0.002132	0.005385	0.016435	0.024138	0.007026	0.018837	0.008569	0.026429	0.036522	0.032575	0.011548	0.008501	0.028689	0.029207	0.014511	0.033702	0.023935	0.027265	0.020294	0.013592	0.008949	0.037279	0.031113	0.031312	0.004363	
0.002976	0.030554	0.038959	0.027246	0.001435	0.025832	0.019323	0.033764	0.021926	0.016243	0.039046	0.014947	0.011398	0.006940	0.007405	0.028814	0.010723	0.039395	0.001095	0.009823	0.024190	0.030548	0.032066	0.014896	0.000543	0.017935	0.036293	0.019813	0.028273	0.005634	0.000751	0.004058	0.034994	0.028193	0.038390	0.008405	0.007756	0.028268	0.024515	0.038221	0.013961	0.026523	0.037383	0.007959	0.008652	0.032410	0.018416	0.003636	0.002146	0.037332	
0.022580	0.033660	0.003559	0.016917	0.035472	0.019058	0.001348	0.026806	0.007165	0.001713	0.032378	0.028103	0.012238	0.021233	0.006253	0.022645	0.015071	0.012141	0.030050	0.026684	0.002147	0.032996	0.029497	0.017842	0.019388	0.037558	0.039219	0.036384	0.009769	0.034370	0.039259	0.012967	0.001530	0.000618	0.004869	0.024331	0.024719	0.024579	0.020412	0.012112	0.029859	0.031105	0.005147	0.015729	0.036286	0.006897	0.009407	0.034921	0.003707	0.027301	
0.006773	0.023979	0.009739	0.026319	0.036291	0.036506	0.004347	0.001007	0.028938	0.021905	0.024627	0.001220	0.023361	0.022098	0.016410	0.026855	0.022235	0.015159	0.019038	0.024088	0.024819	0.032084	0.030538	0.029817	0.017778	0.006989	0.013910	0.001886	0.015352	0.012574	0.033294	0.017918	0.037387	0.036772	0.030889	0.020079	0.031925	0.020292	0.009526	0.017197	0.012036	0.008554	0.003502	0.035432	0.023365	0.000702	0.013821	0.015853	0.019512	0.035302	
0.022458	0.028234	0.025073	0.010825	0.032803	0.025300	0.017139	0.028602	0.026949	0.026732	0.030741	0.020401	0.011650	0.018214	0.032758	0.024681	0.032440	0.020509	0.002809	0.026272	0.000223	0.024142	0.026534	0.029725	0.029001	0.000708	0.009468	0.035210	0.016036	0.032123	0.024461	0.007056	0.025092	0.032881	0.022669	0.024019	0.003168	0.019261	0.004023	0.012115	0.001753	0.029751	0.028153	0.007921	0.029089	0.024425	0.000394	0.011936	0.017853	0.006218	
0.005946	0.034413	0.033984	0.036540	0.020714	0.025168	0.028496	0.005508	0.016098	0.039304	0.027887	0.029551	0.035564	0.000521	0.002196	0.008614	0.011519	0.010645	0.027942	0.004909	0.012704	0.011416	0.012029	0.027758	0.011435	0.028093	0.007145	0.026360	0.035723	0.018781	0.000798	0.045213	0.024738	0.035836	0.045091	0.011746	0.006231	0.047911	0.013188	0.003117	0.007045	0.010541	0.015768	0.033116	0.014063	0.012946	0.013014	0.028517	0.026363	0.007793	
0.023256	0.028130	0.000326	0.041486	0.037011	0.003918	0.002532	0.042256	0.039975	0.023134	0.028679	0.035488	0.000683	0.026361	0.000204	0.027237	0.001356	0.034024	0.038850	0.007615	0.014963	0.023342	0.040041	0.026598	0.014805	0.040979	0.029153	0.026764	0.036897	0.008384	0.004160	0.002530	0.008713	0.019628	0.002905	0.032328	0.040978	0.007013	0.016551	0.001217	0.024004	0.008118	0.025793	0.014023	0.004623	0.028892	0.011844	0.011029	0.008561	0.022644	
0.007656	0.036610	0.008415	0.020464	0.030325	0.026096	0.008625	0.012910	0.022683	0.018374	0.022022	0.014900	0.036515	0.031780	0.031722	0.015185	0.023420	0.009258	0.008298	0.007593	0.020146	0.017085	0.031233	0.019300	0.019362	0.020673	0.000649	0.003311	0.022947	0.026272	0.024941	0.026265	0.018262	0.019712	0.013617	0.032991	0.011535	0.001593	0.020854	0.027403	0.002241	0.036651	0.004944	0.010328	0.033148	0.038609	0.010946	0.027734	0.033718	0.030680	
0.032498	0.001936	0.028510	0.023939	0.009045	0.001022	0.016636	0.014152	0.029607	0.030393	0.028953	0.030211	0.034464	0.029217	0.006475	0.014561	0.027956	0.014403	0.029263	0.010760	0.021931	0.016525	0.014192	0.028835	0.033999	0.024788	0.012219	0.029062	0.033499	0.027101	0.031313	0.003186	0.034520	0.019636	0.021619	0.006062	0.015192	0.018590	0.007463	0.005159	0.001660	0.029108	0.000401	0.020840	0.032435	0.031255	0.014646	0.024149	0.008872	0.017742	
0.006547	0.005040	0.023675	0.038148	0.032601	0.023756	0.000327	0.017959	0.032715	0.019162	0.020189	0.017191	0.012556	0.013684	0.001970	0.008131	0.032259	0.014367	0.033845	0.002517	0.026196	0.005918	0.032261	0.009948	0.026410	0.004268	0.038319	0.036428	0.015228	0.032544	0.022885	0.025698	0.035812	0.007052	0.033231	0.033659	0.006777	0.005186	0.032829	0.009700	0.034905	0.003223	0.033029	0.029677	0.001951	0.016991	0.013334	0.035625	0.022988	0.011289	
0.030368	0.032604	0.029862	0.007102	0.004824	0.033524	0.030697	0.002896	0.027574	0.007511	0.031149	0.015686	0.022616	0.024662	0.001252	0.020343	0.005829	0.032975	0.037396	0.012231	0.015795	0.026290	0.002398	0.022829	0.014485	0.035773	0.013111	0.008154	0.006960	0.016562	0.008483	0.031624	0.028699	0.030222	0.014415	0.019591	0.011797	0.041493	0.004122	0.004705	0.028839	0.035662	0.016076	0.014997	0.040093	0.002318	0.012473	0.018835	0.031217	0.030885	
0.040336	0.035652	0.014746	0.033810	0.012341	0.003692	0.036744	0.011722	0.010442	0.024828	0.018419	0.034431	0.039765	0.012213	0.021115	0.015518	0.041007	0.021840	0.001131	0.019304	0.016645	0.024150	0.011564	0.026620	0.019108	0.023417	0.011960	0.020871	0.016972	0.013160	0.028539	0.013923	0.025570	0.040644	0.031930	0.002523	0.000800	0.002945	0.024564	0.029062	0.012945	0.037850	0.040550	0.021071	0.004289	0.014700	0.008738	0.009853	0.013243	0.002738	
0.012026	0.033927	0.004327	0.036882	0.011249	0.031349	0.022176	0.025030	0.001644	0.022670	0.030186	0.028689	0.016663	0.014444	0.020144	0.032345	0.022014	0.035846	0.008121	0.007727	0.008448	0.022369	0.020153	0.008391	0.018593	0.031264	0.035508	0.002014	0.018832	0.017633	0.011993	0.026024	0.010205	0.026385	0.030994	0.034689	0.009944	0.009327	0.035506	0.032204	0.034844	0.010083	0.013344	0.001676	0.008409	0.021730	0.014468	0.000859	0.030523	0.036129	
0.008996	0.009497	0.019247	0.042954	0.023143	0.021376	0.046537	0.043551	0.024060	0.021924	0.006595	0.022539	0.007413	0.028155	0.037825	0.024349	0.001707	0.018834	0.020312	0.046410	0.036705	0.040356	0.002781	0.034126	0.000336	0.026452	0.006130	0.013307	0.012144	0.029198	0.013775	0.008357	0.003192	0.011269	0.040139	0.000759	0.005197	0.000434	0.028335	0.000798	0.023367	0.040335	0.014017	0.035944	0.000268	0.032751	0.020827	0.011970	0.027386	0.003919	
0.024250	0.012293	0.016461	0.031765	0.028949	0.022357	0.002946	0.036486	0.002881	0.000688	0.011049	0.035201	0.011632	0.020325	0.024232	0.022093	0.007847	0.006740	0.029197	0.036095	0.029288	0.011671	0.006450	0.036407	0.036667	0.020258	0.030702	0.010038	0.030793	0.025655	0.017589	0.020880	0.018658	0.013085	0.005332	0.025638	0.007828	0.029796	0.034652	0.003218	0.001905	0.034636	0.031182	0.010726	0.016415	0.013230	0.028101	0.003084	0.028531	0.034099	
0.013889	0.013293	0.016129	0.013808	0.032466	0.025687	0.030288	0.013210	0.029494	0.004235	0.031482	0.013466	0.022473	0.015863	0.020777	0.018516	0.005928	0.016527	0.012200	0.008317	0.000515	0.033584	0.005156	0.014639	0.034688	0.029375	0.028918	0.036057	0.028010	0.004465	0.019507	0.011235	0.033843	0.031394	0.028773	0.002245	0.021637	0.037095	0.005025	0.013768	0.026419	0.032219	0.025237	0.035617	0.019791	0.004305	0.038804	0.009552	0.014929	0.015153	
0.040462	0.030443	0.017012	0.000781	0.000408	0.015046	0.030023	0.016198	0.003350	0.012935	0.008102	0.014958	0.019140	0.012759	0.025264	0.005256	0.020370	0.002221	0.014321	0.031177	0.027024	0.030093	0.021734	0.018454	0.030498	0.004191	0.009156	0.005245	0.037196	0.014227	0.021900	0.015941	0.028824	0.019274	0.010416	0.031958	0.026008	0.001178	0.035326	0.041863	0.013650	0.011570	0.035548	0.041787	0.014464	0.040146	0.040708	0.009024	0.029044	0.013326	
0.006181	0.031919	0.006302	0.032719	0.007357	0.025926	0.004190	0.036812	0.002998	0.014240	0.021986	0.032601	0.021155	0.006818	0.002751	0.023179	0.021490	0.023128	0.028477	0.017224	0.017289	0.034228	0.015865	0.021294	0.015032	0.018164	0.015556	0.035460	0.002772	0.027703	0.009800	0.021092	0.002676	0.003797	0.036481	0.018715	0.037552	0.029514	0.002315	0.014697	0.008756	0.030714	0.033450	0.023067	0.028929	0.033485	0.038429	0.002809	0.029842	0.023062	
0.020345	0.027412	0.039732	0.004689	0.009907	0.026625	0.029268	0.004869	0.032421	0.009063	0.002003	0.016802	0.021588	0.026023	0.031214	0.039039	0.039816	0.015532	0.035006	0.008534	0.002783	0.031668	0.030053	0.004682	0.004354	0.008214	0.013072	0.013954	0.022197	0.032078	0.039916	0.002776	0.026454	0.027910	0.003931	0.028464	0.034484	0.010254	0.025604	0.005212	0.040029	0.033589	0.012448	0.001155	0.001328	0.011072	0.005957	0.024957	0.022476	0.039039	
0.022070	0.013508	0.007265	0.023137	0.026348	0.023629	0.036542	0.032096	0.029558	0.027383	0.013115	0.020100	0.036698	0.034309	0.022696	0.027985	0.010376	0.000483	0.013968	0.021876	0.022590	0.021928	0.013832	0.001938	0.015181	0.019259	0.023580	0.011662	0.036741	0.013084	0.024806	0.026468	0.030975	0.034423	0.020325	0.001825	0.007347	0.030816	0.020707	0.027369	0.009659	0.004892	0.023561	0.015765	0.015154	0.004712	0.004218	0.030942	0.026185	0.016915	
0.014892	0.042666	0.002703	0.008358	0.014925	0.039088	0.007566	0.026082	0.041508	0.000734	0.002570	0.033030	0.012981	0.036440	0.000706	0.004809	0.037953	0.005354	0.018420	0.006802	0.030518	0.040968	0.029765	0.017008	0.037223	0.009707	0.004954	0.035507	0.033643	0.004099	0.006496	0.027675	0.010731	0.028595	0.020851	0.029268	0.003511	0.011169	0.024791	0.021168	0.038052	0.022759	0.003033	0.013199	0.015150	0.018967	0.006221	0.037972	0.025257	0.034151	
0.007423	0.040498	0.025507	0.012509	0.012498	0.000915	0.004797	0.031862	0.008342	0.000674	0.014934	0.040413	0.045366	0.012180	0.042997	0.022714	0.020126	0.016845	0.002384	0.030921	0.030939	0.030068	0.000071	0.003755	0.010995	0.001604	0.029357	0.035584	0.010331	0.043612	0.004776	0.014679	0.028760	0.001438	0.024602	0.031602	0.035019	0.021157	0.002988	0.027418	0.036869	0.013468	0.025961	0.022363	0.015413	0.024467	0.008664	0.005953	0.032893	0.031292	
0.035114	0.010197	0.028320	0.021682	0.001437	0.021956	0.034575	0.030394	0.031680	0.022228	0.008139	0.030578	0.031249	0.004874	0.028970	0.001406	0.038086	0.033129	0.000119	0.032057	0.005700	0.015616	0.016676	0.036460	0.037196	0.007992	0.010639	0.016202	0.039896	0.033218	0.003481	0.018672	0.014003	0.012048	0.033992	0.009189	0.011501	0.003247	0.032191	0.029645	0.004793	0.001278	0.022399	0.015206	0.034516	0.005668	0.005674	0.017272	0.034324	0.025112	
0.028415	0.016401	0.012439	0.031613	0.008798	0.013739	0.018594	0.037130	0.023503	0.003641	0.022711	0.031373	0.005117	0.038235	0.028190	0.006829	0.026275	0.011752	0.017706	0.006153	0.022210	0.030743	0.020692	0.023077	0.015531	0.016363	0.001275	0.027507	0.024128	0.007153	0.011384	0.028163	0.005113	0.026945	0.034416	0.038068	0.021944	0.024670	0.034675	0.018235	0.015952	0.005366	0.024488	0.000497	0.038629	0.014678	0.001539	0.036893	0.020690	0.020361	
0.012162	0.002874	0.007082	0.000364	0.012192	0.018008	0.044411	0.030944	0.035469	0.003400	0.022096	0.024705	0.003802	0.032703	0.036712	0.004470	0.011793	0.018666	0.036866	0.002316	0.012669	0.017598	0.033578	0.037245	0.008240	0.030010	0.007978	0.023548	0.002933	0.011390	0.035273	0.012851	0.028086	0.021876	0.019484	0.042354	0.001088	0.018000	0.034252	0.001976	0.026230	0.034607	0.028193	0.038380	0.026484	0.002219	0.006292	0.000510	0.039114	0.036511	
0.000175	0.027869	0.001517	0.011391	0.031690	0.021002	0.028705	0.018339	0.019323	0.033812	0.005335	0.037314	0.010357	0.001450	0.032156	0.036138	0.005049	0.036710	0.035629	0.024057	0.025726	0.030525	0.024697	0.012592	0.021522	0.009714	0.006411	0.024189	0.006615	0.002038	0.003931	0.019464	0.019510	0.012218	0.007671	0.031454	0.006397	0.036964	0.030937	0.005902	0.022302	0.004847	0.019935	0.036974	0.028765	0.019391	0.025431	0.030410	0.020754	0.034694	
0.028646	0.032396	0.010295	0.035040	0.013019	0.005572	0.012070	0.027842	0.035857	0.024138	0.004970	0.007928	0.007422	0.021585	0.037984	0.022694	0.034734	0.010162	0.019630	0.039175	0.004389	0.003744	0.035306	0.007727	0.024064	0.019737	0.033816	0.035987	0.038983	0.038188	0.003004	0.005615	0.007215	0.015981	0.036361	0.033691	0.008167	0.026907	0.006745	0.008721	0.008790	0.026837	0.009453	0.034663	0.024076	0.017022	0.023359	0.004427	0.013053	0.012813	
0.022339	0.014008	0.020918	0.003815	0.011226	0.022648	0.032115	0.029278	0.034450	0.013434	0.016090	0.009426	0.007087	0.022345	0.023002	0.031576	0.031709	0.002427	0.021691	0.011173	0.020851	0.015100	0.030360	0.044099	0.002302	0.039540	0.034016	0.037674	0.022421	0.022510	0.039986	0.007848	0.016625	0.009875	0.023073	0.017864	0.016761	0.003006	0.023484	0.005194	0.002625	0.010549	0.029574	0.010020	0.002516	0.001094	0.038300	0.042757	0.024895	0.024326	
0.001217	0.029970	0.017910	0.036816	0.001352	0.038152	0.035926	0.010586	0.015734	0.003765	0.003385	0.034791	0.007784	0.018304	0.015708	0.019052	0.018948	0.014344	0.006729	0.004892	0.005810	0.013173	0.030671	0.036137	0.038707	0.034586	0.034344	0.014391	0.002847	0.022756	0.012429	0.037513	0.025047	0.010612	0.036334	0.028280	0.015085	0.003160	0.007803	0.025750	0.036591	0.006087	0.031446	0.027502	0.022341	0.036366	0.033255	0.006287	0.025693	0.003632	
0.032914	0.032052	0.032148	0.031967	0.033218	0.004958	0.023246	0.010889	0.029145	0.032552	0.034197	0.025597	0.012520	0.010816	0.005379	0.006557	0.032794	0.008746	0.018536	0.024581	0.015952	0.017648	0.023370	0.010830	0.034618	0.009742	0.019434	0.011919	0.023627	0.012104	0.003444	0.005587	0.025331	0.031435	0.028812	0.016408	0.001568	0.025001	0.028260	0.006447	0.010715	0.004835	0.030844	0.024209	0.028433	0.031634	0.034581	0.027861	0.001885	0.010656	
0.015758	0.027537	0.019029	0.028368	0.017479	0.020480	0.018242	0.011195	0.029096	0.000250	0.034409	0.007852	0.018429	0.012149	0.019818	0.017064	0.030263	0.036086	0.017676	0.016819	0.001218	0.017238	0.038138	0.008192	0.036174	0.001307	0.029559	0.036925	0.023189	0.035710	0.006640	0.035261	0.035732	0.001773	0.036123	0.033830	0.009670	0.033824	0.018878	0.024532	0.000527	0.003884	0.019365	0.007592	0.035359	0.011876	0.027632	0.024368	0.002376	0.005111	
0.017138	0.007046	0.011853	0.000995	0.010081	0.021584	0.011697	0.028431	0.008572	0.026923	0.036451	0.028744	0.018365	0.019924	0.006143	0.035826	0.043475	0.039767	0.032888	0.004719	0.039996	0.002280	0.021142	0.022548	0.010817	0.006571	0.025358	0.013410	0.001297	0.011082	0.017896	0.011936	0.001684	0.010203	0.018642	0.003310	0.040802	0.009975	0.024247	0.037910	0.015825	0.030216	0.037221	0.001005	0.039988	0.037718	0.022262	0.007106	0.027267	0.039662	
0.024932	0.035508	0.035457	0.034699	0.034634	0.009500	0.020176	0.016725	0.006436	0.017568	0.014850	0.034670	0.029307	0.034144	0.025018	0.028155	0.015381	0.035854	0.019716	0.021553	0.013555	0.033954	0.004837	0.001411	0.006131	0.032354	0.000133	0.018790	0.000610	0.015315	0.008606	0.005504	0.001864	0.002109	0.023846	0.015585	0.036308	0.012991	0.029886	0.023857	0.025385	0.035773	0.015868	0.012901	0.029348	0.027443	0.026375	0.003960	0.020253	0.020765	
0.011650	0.004055	0.037193	0.016322	0.037993	0.029335	0.014732	0.005070	0.020496	0.034521	0.022020	0.009166	0.035982	0.021711	0.033278	0.037062	0.033761	0.018998	0.000421	0.000476	0.007675	0.038075	0.018471	0.036461	0.035564	0.016670	0.037626	0.012524	0.021028	0.009596	0.010660	0.031792	0.014818	0.026399	0.016035	0.005646	0.018711	0.034235	0.023479	0.005234	0.005219	0.006223	0.033168	0.003559	0.029311	0.000137	0.007778	0.025757	0.017828	0.026078	
0.027820	0.029053	0.034061	0.016624	0.021277	0.029577	0.029566	0.031998	0.027608	0.000168	0.018948	0.025886	0.029514	0.028229	0.028383	0.013428	0.029491	0.030018	0.039712	0.032117	0.001933	0.030693	0.020249	0.019592	0.015274	0.007859	0.024002	0.014990	0.037677	0.021902	0.002363	0.004948	0.012421	0.030571	0.029856	0.015150	0.000746	0.016911	0.009755	0.019746	0.014377	0.032329	0.025149	0.023281	0.000705	0.017198	0.003034	0.005881	0.015440	0.002495	
0.005024	0.032748	0.013059	0.039243	0.016705	0.008700	0.005843	0.000242	0.032010	0.018373	0.026003	0.007980	0.015929	0.013251	0.034948	0.037917	0.013255	0.029826	0.015680	0.007494	0.025307	0.036787	0.036802	0.038624	0.014832	0.039370	0.013950	0.005113	0.017999	0.032350	0.020124	0.004603	0.004886	0.031458	0.008920	0.017794	0.013856	0.025977	0.012865	0.025858	0.036343	0.032348	0.013997	0.005806	0.003541	0.000998	0.035334	0.037385	0.032027	0.000515	
0.035905	0.008973	0.030904	0.025670	0.011186	0.009973	0.015481	0.002919	0.023712	0.031907	0.021830	0.004602	0.033904	0.012015	0.003479	0.003226	0.012849	0.026526	0.035051	0.033572	0.017949	0.033343	0.031387	0.014775	0.025964	0.030379	0.021960	0.022414	0.012923	0.025620	0.026714	0.035902	0.008285	0.020983	0.027136	0.021611	0.033151	0.018505	0.009865	0.023832	0.023268	0.000379	0.029051	0.003529	0.024340	0.000065	0.018798	0.000988	0.034974	0.018227	
0.009284	0.009251	0.014135	0.037088	0.021045	0.011650	0.003329	0.009469	0.030074	0.040432	0.008068	0.030168	0.029395	0.015917	0.040304	0.027692	0.011803	0.011479	0.031382	0.013343	0.001731	0.037328	0.036870	0.011607	0.029879	0.033279	0.012542	0.017200	0.007445	0.001462	0.004211	0.020624	0.025970	0.024463	0.010864	0.003487	0.021005	0.030056	0.038775	0.025909	0.006118	0.027236	0.030745	0.016114	0.009171	0.011766	0.037661	0.021319	0.000668	0.039188	
0.008360	0.009440	0.002176	0.006418	0.038158	0.027591	0.004871	0.028680	0.039233	0.031964	0.000265	0.015037	0.009383	0.007172	0.024103	0.018371	0.016924	0.006557	0.038209	0.040334	0.007216	0.034089	0.037783	0.027238	0.018512	0.027636	0.009256	0.015601	0.027046	0.013046	0.009746	0.019704	0.017826	0.039735	0.010738	0.040645	0.016000	0.019902	0.028824	0.022651	0.023243	0.025759	0.003982	0.015630	0.032762	0.017412	0.004022	0.014951	0.028447	0.017355	
0.026258	0.036835	0.022449	0.001858	0.027148	0.025552	0.016884	0.019785	0.021544	0.025466	0.005763	0.035021	0.004624	0.031880	0.016910	0.033878	0.017357	0.020750	0.030902	0.004248	0.025753	0.025990	0.032736	0.028136	0.020467	0.037260	0.019642	0.010018	0.008929	0.018501	0.014610	0.013393	0.008259	0.037032	0.005667	0.013234	0.033923	0.016623	0.008140	0.028106	0.007201	0.002610	0.009754	0.012666	0.005152	0.005880	0.025413	0.037064	0.035092	0.027638	
0.028834	0.025633	0.011647	0.030900	0.011346	0.033422	0.004287	0.012315	0.032766	0.018644	0.035496	0.004136	0.002316	0.012923	0.023136	0.013455	0.022987	0.023438	0.003862	0.000788	0.014383	0.021253	0.019109	0.034050	0.034841	0.014352	0.007914	0.024252	0.002437	0.014144	0.019554	0.032125	0.010079	0.021162	0.036184	0.018889	0.016497	0.019802	0.008999	0.033467	0.027080	0.012756	0.031253	0.012137	0.038046	0.014485	0.027827	0.028241	0.029058	0.023290	
0.036217	0.015807	0.018588	0.007024	0.017037	0.013958	0.001678	0.038121	0.030713	0.035032	0.033970	0.016751	0.033362	0.021026	0.020539	0.018290	0.015629	0.024634	0.026612	0.019899	0.031491	0.026967	0.009598	0.006331	0.028267	0.012114	0.038202	0.035979	0.007803	0.013608	0.009567	0.028457	0.035093	0.024785	0.012702	0.011690	0.002452	0.002014	0.030127	0.000429	0.009163	0.037346	0.018694	0.003724	0.033375	0.015535	0.013453	0.013828	0.029063	0.013254	
0.024856	0.033706	0.037027	0.025655	0.003602	0.035351	0.039241	0.001379	0.005708	0.024470	0.027757	0.031465	0.029334	0.024682	0.039112	0.019883	0.005852	0.030868	0.025290	0.018185	0.002739	0.015702	0.013873	0.016977	0.005706	0.007264	0.019405	0.031686	0.009775	0.020717	0.004573	0.015958	0.001725	0.008072	0.036469	0.033195	0.017575	0.002288	0.023185	0.008434	0.013561	0.029838	0.012407	0.017905	0.035687	0.031533	0.037772	0.023746	0.013531	0.005281	
0.026443	0.036084	0.027769	0.009120	0.036565	0.018512	0.009779	0.018626	0.017569	0.040074	0.035206	0.005996	0.012297	0.027259	0.014332	0.024482	0.012109	0.029414	0.020860	0.035099	0.035759	0.001788	0.007857	0.009062	0.031544	0.024689	0.008787	0.017383	0.002683	0.018182	0.014208	0.044342	0.036805	0.029759	0.032214	0.011283	0.021914	0.031270	0.007222	0.011657	0.003139	0.000162	0.016526	0.011365	0.012049	0.033813	0.000716	0.022863	0.026341	0.017022	
0.002478	0.034557	0.009893	0.009785	0.023595	0.006356	0.015444	0.006875	0.022240	0.027111	0.011088	0.012035	0.026453	0.033575	0.033092	0.016556	0.020410	0.029477	0.023386	0.025579	0.020316	0.022847	0.024631	0.009524	0.023561	0.033315	0.010056	0.014406	0.002988	0.003988	0.031351	0.029841	0.012670	0.026177	0.028650	0.032476	0.023288	0.020901	0.010497	0.018640	0.023149	0.004434	0.018882	0.014323	0.027999	0.022508	0.031995	0.027973	0.015264	0.023365	
0.014858	0.031297	0.026950	0.028599	0.012265	0.031896	0.008573	0.013330	0.019834	0.030481	0.005822	0.008832	0.014108	0.021806	0.031348	0.014056	0.035508	0.016884	0.034669	0.035191	0.015770	0.015934	0.023336	0.001655	0.021403	0.020177	0.014980	0.015535	0.018074	0.016407	0.023535	0.035029	0.016957	0.006949	0.014417	0.020595	0.019356	0.015621	0.001717	0.034044	0.003892	0.024152	0.030584	0.035599	0.022240	0.018867	0.002037	0.029306	0.022824	0.022703	
0.020732	0.021564	0.011219	0.022210	0.031527	0.033364	0.002124	0.021373	0.031626	0.031208	0.032032	0.019386	0.028877	0.025764	0.022985	0.004915	0.025758	0.006076	0.006032	0.034608	0.025893	0.015726	0.015819	0.020398	0.012071	0.027951	0.034183	0.018775	0.000455	0.004539	0.016012	0.012315	0.027275	0.002573	0.034451	0.020630	0.030797	0.023752	0.008083	0.025925	0.016211	0.030826	0.019339	0.021628	0.005876	0.000581	0.017159	0.028611	0.028183	0.020580	
0.029239	0.028067	0.014577	0.032434	0.030539	0.032472	0.010557	0.026758	0.006464	0.038897	0.025285	0.004235	0.028131	0.023055	0.014178	0.010405	0.010101	0.033543	0.005096	0.033127	0.003524	0.016319	0.024737	0.021576	0.031488	0.013086	0.010979	0.008834	0.022051	0.030038	0.003847	0.006558	0.003706	0.006809	0.002279	0.036569	0.026715	0.038073	0.038435	0.008026	0.031445	0.023355	0.032252	0.037632	0.006485	0.036003	0.012655	0.009667	0.006563	0.013132	
0.017222	0.002257	0.002575	0.031827	0.023496	0.018842	0.028737	0.017585	0.027073	0.030946	0.004605	0.031488	0.023007	0.019569	0.001538	0.034589	0.003587	0.020049	0.038399	0.032321	0.023947	0.024537	0.006461	0.032667	0.001970	0.016153	0.034496	0.023739	0.000242	0.019819	0.019190	0.001691	0.014555	0.027881	0.036364	0.022739	0.035144	0.007617	0.018497	0.027601	0.038736	0.036368	0.020454	0.025735	0.010145	0.008961	0.027135	0.012619	0.000252	0.014575	
0.024490	0.016918	0.016575	0.009837	0.033051	0.011512	0.029456	0.038642	0.004073	0.030304	0.015733	0.030401	0.001749	0.023974	0.019909	0.015004	0.012876	0.037207	0.021956	0.009985	0.030743	0.011624	0.037325	0.011487	0.020535	0.033464	0.026861	0.013166	0.025131	0.007126	0.007196	0.021689	0.018306	0.010900	0.006346	0.006480	0.026310	0.022269	0.004155	0.015184	0.038469	0.032648	0.026015	0.018992	0.011878	0.027976	0.009725	0.026447	0.028570	0.019334	
0.029505	0.034402	0.027562	0.029815	0.024217	0.002641	0.023909	0.034777	0.018226	0.003031	0.026712	0.003083	0.012034	0.033464	0.023907	0.025018	0.016607	0.007906	0.019486	0.003861	0.027109	0.035890	0.028168	0.030636	0.034283	0.032330	0.004395	0.031401	0.031846	0.016675	0.022776	0.030362	0.002803	0.027154	0.018824	0.013297	0.008241	0.016799	0.000756	0.011995	0.011455	0.024485	0.016522	0.007637	0.031588	0.030006	0.011145	0.018095	0.006744	0.016418	
0.006332	0.002996	0.016703	0.030071	0.013002	0.005997	0.033758	0.034309	0.016295	0.026777	0.008627	0.009999	0.002557	0.013022	0.016458	0.015578	0.006840	0.014165	0.009496	0.023495	0.010745	0.001875	0.027045	0.027058	0.030631	0.021282	0.037048	0.029645	0.026287	0.016793	0.029443	0.029584	0.033056	0.030541	0.025241	0.020609	0.030433	0.037044	0.023836	0.002855	0.021858	0.004632	0.002382	0.029222	0.021323	0.033302	0.015468	0.018711	0.020507	0.035066	
0.009473	0.023655	0.010279	0.024121	0.002791	0.035310	0.025947	0.001439	0.021210	0.023138	0.035434	0.003930	0.030649	0.002779	0.028251	0.004475	0.032102	0.027182	0.031447	0.017081	0.018474	0.035012	0.034842	0.022413	0.002619	0.015444	0.008310	0.005931	0.026390	0.021851	0.024052	0.008194	0.024344	0.003268	0.028216	0.029611	0.023700	0.027100	0.030690	0.024561	0.006213	0.004938	0.018834	0.037132	0.035081	0.022858	0.016522	0.007250	0.029345	0.016109	
0.035556	0.024214	0.016774	0.033251	0.008237	0.031880	0.033860	0.006690	0.027936	0.005657	0.012639	0.030750	0.012647	0.012975	0.011819	0.027377	0.017284	0.017859	0.000655	0.032540	0.036511	0.016406	0.016407	0.000983	0.026550	0.014264	0.001637	0.014797	0.012588	0.035382	0.033359	0.017518	0.001569	0.011001	0.002526	0.030769	0.028444	0.025769	0.005931	0.027349	0.012644	0.036346	0.028407	0.028081	0.017187	0.032500	0.008122	0.032179	0.019168	0.025006	
0.026461	0.010460	0.037582	0.020928	0.003142	0.025967	0.030359	0.000923	0.012734	0.025662	0.028576	0.035191	0.003882	0.004671	0.028316	0.014392	0.005419	0.013104	0.009622	0.025808	0.004617	0.036232	0.020456	0.036518	0.013661	0.028609	0.021961	0.008239	0.018550	0.033003	0.027534	0.013413	0.030996	0.018961	0.027235	0.013467	0.018422	0.037434	0.024183	0.013956	0.021191	0.000967	0.003867	0.027312	0.020666	0.025165	0.021287	0.022210	0.012610	0.034080	
0.030599	0.001743	0.000535	0.002079	0.041008	0.023823	0.017207	0.010940	0.006188	0.036481	0.036791	0.018812	0.046834	0.006103	0.044308	0.026917	0.019333	0.012531	0.014755	0.039908	0.039535	0.029231	0.025529	0.015649	0.023946	0.016567	0.000817	0.011328	0.015607	0.031129	0.033376	0.008787	0.041343	0.040435	0.044189	0.004368	0.042144	0.007059	0.006801	0.002875	0.018210	0.002174	0.012342	0.011737	0.028911	0.012935	0.010187	0.016848	0.007953	0.001093	
0.023753	0.039002	0.021691	0.021634	0.041589	0.000909	0.015670	0.023111	0.024972	0.039270	0.017471	0.012028	0.020780	0.001898	0.002519	0.030392	0.024754	0.001311	0.037521	0.007138	0.033151	0.007073	0.022177	0.034068	0.035437	0.015615	0.035340	0.017730	0.014731	0.029608	0.034826	0.003332	0.009800	0.031544	0.035834	0.000938	0.021531	0.010250	0.001538	0.036211	0.030178	0.013218	0.035901	0.001205	0.017169	0.017490	0.027547	0.012032	0.001301	0.005815	
0.005613	0.029992	0.029073	0.036386	0.021710	0.017798	0.008115	0.021302	0.035633	0.018668	0.000152	0.010721	0.036043	0.022797	0.027212	0.008666	0.002086	0.032179	0.024810	0.012650	0.030963	0.021669	0.034030	0.043857	0.024826	0.029115	0.004219	0.042590	0.015471	0.043081	0.016430	0.004050	0.003417	0.009899	0.003804	0.002338	0.013796	0.025061	0.033446	0.035511	0.008274	0.013326	0.008094	0.000268	0.025376	0.038742	0.013873	0.014919	0.014283	0.023663	
0.004773	0.034159	0.033764	0.001212	0.025817	0.023533	0.022786	0.003104	0.032328	0.033441	0.031869	0.009211	0.034486	0.032352	0.032480	0.006998	0.010124	0.003077	0.014516	0.023058	0.025512	0.000553	0.009818	0.015833	0.035722	0.029772	0.010328	0.031810	0.032127	0.011406	0.033970	0.029143	0.025333	0.031802	0.004553	0.006280	0.014335	0.031889	0.014002	0.028307	0.013167	0.000871	0.025650	0.032832	0.009316	0.008150	0.007099	0.009692	0.028947	0.028693	
0.026662	0.023599	0.008627	0.000368	0.027588	0.013812	0.033716	0.005709	0.007773	0.018034	0.008882	0.001789	0.009258	0.038389	0.033710	0.041502	0.015751	0.027143	0.038844	0.004901	0.009185	0.016193	0.004416	0.000995	0.006411	0.014859	0.024520	0.013857	0.003115	0.028812	0.039609	0.026628	0.039293	0.022998	0.017196	0.035720	0.019323	0.027560	0.026355	0.012986	0.031566	0.009544	0.003990	0.021820	0.039480	0.013769	0.033269	0.033258	0.019198	0.018016	
0.019822	0.042217	0.013255	0.015796	0.005110	0.027963	0.046829	0.002362	0.036067	0.014087	0.004882	0.003541	0.003656	0.018922	0.010928	0.014052	0.006239	0.007124	0.006123	0.014636	0.020377	0.030153	0.043054	0.002880	0.042232	0.042234	0.026073	0.040626	0.040180	0.002823	0.024187	0.029832	0.017175	0.007118	0.034991	0.004285	0.037726	0.010302	0.010656	0.033577	0.021117	0.002082	0.006981	0.025426	0.017613	0.001584	0.037335	0.002408	0.031462	0.039898	
0.018303	0.000902	0.005431	0.022648	0.026440	0.033522	0.014796	0.036298	0.034947	0.034412	0.033106	0.013941	0.030017	0.004042	0.019731	0.013388	0.022481	0.014525	0.035238	0.020760	0.030595	0.027044	0.015986	0.007418	0.026635	0.029373	0.031541	0.004565	0.021983	0.025004	0.010387	0.027336	0.031931	0.000000	0.004637	0.012850	0.018406	0.033642	0.017077	0.020545	0.026095	0.025029	0.018252	0.016517	0.000725	0.001349	0.008961	0.029008	0.016244	0.025930	
0.019809	0.038121	0.011568	0.004626	0.009043	0.005853	0.025887	0.033329	0.005208	0.033837	0.022586	0.011978	0.036040	0.024093	0.030541	0.002685	0.005906	0.003352	0.019194	0.011490	0.040939	0.020706	0.024585	0.019532	0.014365	0.021407	0.011280	0.004335	0.039267	0.016240	0.018106	0.001030	0.014670	0.024820	0.000592	0.019337	0.038350	0.038029	0.022052	0.041102	0.020026	0.024855	0.012413	0.013773	0.007059	0.026264	0.010713	0.024295	0.043897	0.030813	
0.032537	0.018333	0.016625	0.011569	0.009047	0.005770	0.017997	0.030716	0.008790	0.009331	0.018875	0.016349	0.016302	0.000903	0.029347	0.029752	0.028982	0.028467	0.026364	0.010137	0.028508	0.001321	0.023999	0.019883	0.027618	0.026713	0.027163	0.030626	0.024486	0.026107	0.018420	0.007769	0.029709	0.007514	0.023631	0.023450	0.027430	0.026110	0.017739	0.000771	0.017448	0.024329	0.026675	0.011831	0.026260	0.029121	0.009617	0.029041	0.019828	0.020691	
0.020691	0.019560	0.020201	0.024951	0.030800	0.008888	0.006837	0.023669	0.036780	0.013165	0.009779	0.023886	0.018453	0.003612	0.029452	0.014087	0.025052	0.037051	0.020095	0.024353	0.012849	0.035789	0.023578	0.016230	0.026922	0.022876	0.020435	0.021248	0.016426	0.024840	0.022934	0.013752	0.020362	0.027567	0.027659	0.010035	0.012066	0.024570	0.005210	0.028012	0.034712	0.012006	0.001847	0.032131	0.010665	0.005507	0.033764	0.000227	0.015706	0.028714	
0.007957	0.002816	0.027210	0.014903	0.001108	0.009727	0.029922	0.029585	0.028584	0.032907	0.022669	0.014006	0.015435	0.015723	0.002683	0.011949	0.033354	0.025373	0.014132	0.031231	0.013096	0.022756	0.024538	0.000983	0.027159	0.023981	0.024573	0.033044	0.027769	0.019347	0.031704	0.027797	0.022820	0.005488	0.020852	0.011219	0.016016	0.023936	0.022885	0.025424	0.023228	0.026836	0.030853	0.024551	0.029929	0.020844	0.012695	0.003962	0.008064	0.022377	
0.034915	0.016463	0.035779	0.034364	0.034430	0.021791	0.021859	0.011321	0.001653	0.001962	0.024622	0.012353	0.024627	0.015996	0.034784	0.011005	0.028924	0.007187	0.021693	0.008393	0.034731	0.015082	0.014287	0.030032	0.016003	0.006845	0.016283	0.026512	0.014668	0.010189	0.027560	0.007669	0.003583	0.018514	0.034634	0.004670	0.003874	0.008554	0.033010	0.019128	0.027804	0.036003	0.011451	0.016489	0.033513	0.028172	0.020781	0.018625	0.026415	0.030800	
0.004896	0.013722	0.006780	0.029575	0.024654	0.021270	0.013225	0.008236	0.005221	0.013554	0.023181	0.018431	0.011135	0.011551	0.028483	0.015280	0.005461	0.013613	0.022733	0.005021	0.031155	0.014117	0.037123	0.013100	0.021341	0.021226	0.021980	0.036498	0.020496	0.027721	0.018729	0.014123	0.017947	0.013372	0.026877	0.008291	0.012508	0.038176	0.034713	0.032759	0.023958	0.016334	0.034097	0.033171	0.032112	0.015179	0.011210	0.034001	0.006732	0.034934	
0.027340	0.008243	0.019718	0.025208	0.024351	0.015124	0.031921	0.029239	0.030826	0.033665	0.012649	0.032794	0.003565	0.011933	0.024465	0.016974	0.038324	0.029203	0.010469	0.011719	0.014229	0.025050	0.009985	0.001761	0.026431	0.012489	0.019546	0.038293	0.023693	0.026925	0.037534	0.023417	0.015408	0.016822	0.022429	0.014119	0.028068	0.029385	0.022793	0.034701	0.032523	0.019178	0.001556	0.006511	0.007144	0.007283	0.017008	0.002054	0.024647	0.001288	
0.033532	0.012783	0.028326	0.037024	0.035609	0.018750	0.014422	0.019669	0.021766	0.030598	0.000346	0.027924	0.021804	0.036085	0.017935	0.000593	0.025624	0.023127	0.003600	0.022198	0.013791	0.012717	0.035862	0.007191	0.030686	0.033725	0.020074	0.031956	0.010366	0.029875	0.026873	0.005718	0.000421	0.019668	0.017971	0.028479	0.030547	0.004697	0.003839	0.022989	0.018926	0.021332	0.007322	0.011824	0.027127	0.007732	0.008977	0.031627	0.029521	0.016451	
0.021326	0.030717	0.029007	0.009258	0.024566	0.016271	0.003408	0.028867	0.036294	0.020736	0.004897	0.032973	0.000666	0.027935	0.035142	0.028487	0.030904	0.024881	0.003821	0.013026	0.008481	0.016260	0.010169	0.018303	0.034784	0.027293	0.012280	0.016285	0.005369	0.014161	0.026104	0.023495	0.001580	0.011212	0.009457	0.034678	0.015789	0.032813	0.026091	0.020593	0.012055	0.032650	0.020697	0.025568	0.031895	0.019610	0.001691	0.009487	0.033202	0.024767	
0.016747	0.041056	0.017158	0.002351	0.008329	0.011367	0.031953	0.023615	0.025610	0.010260	0.026480	0.002612	0.040763	0.002506	0.011020	0.030701	0.019390	0.011621	0.003896	0.034024	0.038987	0.002317	0.018045	0.036895	0.034089	0.025816	0.039735	0.026290	0.015217	0.002805	0.022286	0.016119	0.015854	0.001445	0.037108	0.022275	0.038467	0.033085	0.030576	0.032179	0.001519	0.017422	0.019105	0.017767	0.005461	0.000378	0.022888	0.037930	0.006581	0.009899	
0.014004	0.014981	0.013986	0.032629	0.012223	0.006228	0.046696	0.011299	0.013109	0.020025	0.039099	0.040134	0.000434	0.011265	0.002958	0.042327	0.025413	0.050779	0.014569	0.024518	0.001238	0.001470	0.011196	0.040288	0.006761	0.022352	0.005448	0.015419	0.002487	0.052687	0.048127	0.006833	0.019811	0.020593	0.007682	0.016889	0.009656	0.026096	0.011365	0.029491	0.038722	0.002357	0.037832	0.025770	0.012589	0.009926	0.023668	0.025273	0.016601	0.014697	
0.037238	0.016917	0.017596	0.003129	0.011257	0.017805	0.001423	0.009456	0.026935	0.023868	0.038864	0.037031	0.035881	0.029177	0.013131	0.026797	0.010180	0.011932	0.039303	0.004428	0.030157	0.010089	0.027101	0.021887	0.002224	0.023346	0.001282	0.026853	0.015703	0.025582	0.002797	0.041985	0.006828	0.039392	0.025903	0.011280	0.007053	0.003902	0.010575	0.027888	0.040485	0.019027	0.019194	0.006057	0.006643	0.022458	0.017108	0.031180	0.032535	0.031137	
0.028781	0.015751	0.026356	0.006272	0.006102	0.026835	0.034602	0.036819	0.029908	0.033287	0.019678	0.002464	0.017167	0.003217	0.004396	0.021292	0.022312	0.034421	0.017050	0.037037	0.001328	0.038468	0.011960	0.027548	0.001722	0.035680	0.033874	0.014802	0.033736	0.017114	0.034647	0.022585	0.009871	0.008981	0.012269	0.026262	0.007809	0.029555	0.005008	0.024543	0.013912	0.030353	0.005092	0.013591	0.008072	0.031452	0.000947	0.022733	0.013409	0.038931	
0.023032	0.005868	0.037698	0.018150	0.012520	0.003494	0.034931	0.035432	0.024429	0.025282	0.019759	0.009333	0.038772	0.008103	0.015040	0.034043	0.010784	0.005389	0.031944	0.028425	0.011969	0.027034	0.001263	0.033912	0.004170	0.038502	0.020569	0.018077	0.029572	0.031455	0.006645	0.001581	0.039152	0.024369	0.030999	0.038703	0.010661	0.038815	0.000846	0.015789	0.034439	0.013201	0.014759	0.021360	0.017455	0.009875	0.007592	0.025466	0.004774	0.004566	
0.008061	0.031944	0.033188	0.000811	0.043925	0.010510	0.025439	0.037404	0.026564	0.008299	0.016735	0.011338	0.039080	0.042610	0.038546	0.022647	0.000332	0.001304	0.023414	0.012979	0.022127	0.026378	0.006027	0.033229	0.005730	0.015228	0.034182	0.020357	0.030805	0.015633	0.020120	0.006239	0.020505	0.002650	0.005976	0.027783	0.003071	0.016468	0.023496	0.020388	0.042726	0.038083	0.004558	0.024959	0.017747	0.002586	0.023791	0.005775	0.011509	0.036743	
0.017887	0.031264	0.037802	0.025655	0.001995	0.019141	0.012819	0.001440	0.017456	0.019808	0.020584	0.021708	0.028454	0.027287	0.031631	0.024967	0.024138	0.004315	0.012258	0.038098	0.004153	0.008987	0.017775	0.038998	0.008551	0.016162	0.017775	0.040872	0.038518	0.007104	0.036403	0.004538	0.016567	0.023598	0.005005	0.015345	0.037854	0.037227	0.034668	0.001900	0.008351	0.013670	0.021740	0.024058	0.044021	0.007742	0.016434	0.012599	0.009338	0.011342	
0.027618	0.001108	0.035151	0.035994	0.001764	0.020964	0.030443	0.033102	0.038594	0.042463	0.016248	0.013576	0.024466	0.013919	0.029213	0.001494	0.043332	0.013372	0.010888	0.007036	0.031874	0.018326	0.000976	0.013579	0.012765	0.012255	0.023779	0.001912	0.041746	0.020025	0.007112	0.017839	0.030341	0.016754	0.023357	0.031266	0.004460	0.007161	0.039351	0.012519	0.008090	0.003639	0.032240	0.041812	0.000396	0.028704	0.018542	0.005527	0.039970	0.012937	
0.033045	0.021833	0.031825	0.006155	0.011197	0.001843	0.037242	0.034237	0.011772	0.039350	0.033518	0.041925	0.020809	0.004156	0.034547	0.037912	0.026316	0.012481	0.026744	0.006403	0.023779	0.013165	0.016463	0.009815	0.038911	0.031936	0.024892	0.002925	0.022830	0.008262	0.019021	0.010179	0.008706	0.004921	0.001860	0.021964	0.011029	0.001640	0.041520	0.002322	0.015554	0.000735	0.035603	0.029200	0.018535	0.022940	0.036044	0.006270	0.006440	0.039228	
0.009883	0.032335	0.001829	0.022466	0.007020	0.003666	0.001173	0.030212	0.012979	0.002589	0.037063	0.036469	0.029361	0.014420	0.010073	0.019873	0.020114	0.002916	0.008507	0.038238	0.005874	0.006917	0.039039	0.036626	0.028152	0.015895	0.002636	0.033781	0.029089	0.001373	0.032252	0.027983	0.020026	0.000936	0.036956	0.034396	0.005195	0.028836	0.007434	0.018056	0.004903	0.033636	0.037581	0.019226	0.019665	0.035763	0.035021	0.006177	0.021465	0.033926	
0.017339	0.011941	0.023572	0.016044	0.028431	0.010967	0.037971	0.028767	0.016150	0.033048	0.003834	0.008396	0.027037	0.010717	0.007071	0.013661	0.006382	0.014209	0.026294	0.014064	0.024238	0.018585	0.011876	0.005863	0.024275	0.036096	0.025745	0.021570	0.034940	0.032735	0.028098	0.009293	0.003059	0.002715	0.017955	0.024365	0.017398	0.024765	0.025930	0.030366	0.009433	0.009968	0.024283	0.038483	0.008393	0.004115	0.037235	0.023588	0.032646	0.036091	
0.022222	0.022353	0.009981	0.021354	0.022850	0.034127	0.027806	0.028574	0.026291	0.012836	0.018171	0.003644	0.014573	0.031866	0.022645	0.013584	0.014703	0.030392	0.024357	0.003339	0.003952	0.023391	0.038149	0.022730	0.021598	0.013707	0.022577	0.035652	0.012154	0.014687	0.025032	0.007876	0.011606	0.029457	0.017103	0.031104	0.008163	0.033277	0.019658	0.019174	0.026916	0.037569	0.016673	0.003605	0.004576	0.016332	0.006900	0.038191	0.012072	0.020450	
0.014056	0.008921	0.017427	0.036228	0.013039	0.016458	0.006364	0.000176	0.021185	0.030167	0.036529	0.026584	0.026770	0.002668	0.035761	0.006228	0.003835	0.029767	0.009640	0.020196	0.007498	0.032621	0.005316	0.013380	0.003849	0.029226	0.006618	0.031854	0.030582	0.037119	0.023226	0.001832	0.010708	0.027345	0.036851	0.039110	0.011543	0.014023	0.009125	0.015100	0.037161	0.017703	0.024185	0.030971	0.008135	0.032155	0.037801	0.014159	0.019969	0.028834	
0.020131	0.020362	0.009788	0.017658	0.021916	0.021495	0.004004	0.029814	0.010417	0.028984	0.024939	0.027041	0.013080	0.001769	0.025926	0.030489	0.023931	0.029064	0.032222	0.035944	0.025232	0.022463	0.029890	0.027568	0.030685	0.010162	0.002534	0.022426	0.031840	0.006806	0.013341	0.026076	0.020795	0.012537	0.004509	0.033534	0.023987	0.000610	0.013824	0.013447	0.021508	0.033743	0.007137	0.030230	0.011629	0.000156	0.024172	0.017734	0.023661	0.028791	
0.006346	0.017599	0.040142	0.015564	0.039649	0.024086	0.028251	0.037465	0.035681	0.028288	0.025251	0.044971	0.001434	0.000900	0.032865	0.008086	0.031255	0.031740	0.023624	0.010853	0.011125	0.004598	0.021714	0.008088	0.045066	0.038613	0.004942	0.014575	0.018265	0.006259	0.001147	0.005157	0.009298	0.004785	0.024146	0.037748	0.009968	0.016568	0.001004	0.007258	0.034023	0.013684	0.036534	0.011838	0.039296	0.000149	0.006801	0.022680	0.016491	0.044130	
0.004367	0.019715	0.016591	0.028853	0.029127	0.002694	0.008405	0.001599	0.017402	0.029893	0.037085	0.031611	0.000047	0.013404	0.026077	0.015401	0.045175	0.007785	0.028909	0.031119	0.030341	0.036379	0.011373	0.002382	0.002513	0.006012	0.009096	0.040516	0.016073	0.002218	0.045520	0.001996	0.018297	0.020275	0.023107	0.004445	0.003092	0.042013	0.022185	0.035661	0.037130	0.032983	0.005692	0.031561	0.000950	0.014834	0.014511	0.019543	0.047234	0.026808	
0.003172	0.018841	0.029756	0.008645	0.029083	0.003873	0.023476	0.019799	0.017160	0.032165	0.019679	0.008127	0.017721	0.044522	0.003410	0.029467	0.002575	0.019883	0.037167	0.009078	0.017148	0.019194	0.008875	0.041482	0.044318	0.018844	0.004771	0.004216	0.039733	0.021210	0.033076	0.037832	0.024104	0.011323	0.028122	0.044680	0.025591	0.008501	0.004811	0.012833	0.018789	0.004271	0.018415	0.007617	0.021012	0.033543	0.014206	0.004332	0.036120	0.013429	
0.018975	0.014322	0.000106	0.025429	0.006492	0.007831	0.016386	0.039958	0.005755	0.019613	0.008709	0.031357	0.042862	0.018084	0.017551	0.012885	0.027946	0.012271	0.005337	0.031904	0.041107	0.002787	0.008243	0.023067	0.034831	0.022329	0.008143	0.012425	0.008580	0.008370	0.020854	0.039759	0.014420	0.034691	0.029503	0.017043	0.021105	0.005214	0.021663	0.009499	0.017894	0.026399	0.023451	0.031875	0.018196	0.025911	0.033609	0.020615	0.012224	0.042420	
0.035137	0.012358	0.023574	0.030807	0.028454	0.024117	0.030022	0.027592	0.005659	0.024056	0.011917	0.025610	0.025947	0.007400	0.035699	0.007691	0.033842	0.035826	0.016442	0.029613	0.005249	0.010304	0.026765	0.026875	0.022313	0.035047	0.006967	0.023725	0.027783	0.038125	0.008828	0.008917	0.004252	0.016868	0.003513	0.000662	0.006442	0.017995	0.029511	0.032659	0.033118	0.004950	0.022843	0.010445	0.018394	0.032119	0.021779	0.008490	0.000483	0.022821	
0.033537	0.037582	0.009510	0.003823	0.027249	0.004123	0.040411	0.033469	0.039261	0.034041	0.001857	0.028318	0.016216	0.007896	0.004954	0.003824	0.039889	0.017541	0.034972	0.017162	0.035137	0.021717	0.037408	0.001804	0.014673	0.005054	0.014757	0.037507	0.013588	0.017575	0.001897	0.036519	0.022912	0.011300	0.001149	0.020797	0.018161	0.010577	0.026671	0.014019	0.017501	0.036246	0.018747	0.000119	0.004843	0.030488	0.015255	0.040779	0.014584	0.022579	
0.029408	0.033599	0.031308	0.001850	0.019703	0.006671	0.031180	0.025621	0.021187	0.022107	0.004986	0.036787	0.023258	0.029336	0.013341	0.008697	0.020525	0.007238	0.015850	0.011167	0.001493	0.036515	0.022697	0.032207	0.009952	0.011966	0.023348	0.036652	0.001045	0.034187	0.026577	0.014048	0.036007	0.010074	0.032580	0.034492	0.004665	0.016447	0.037191	0.027893	0.003520	0.015014	0.013752	0.024192	0.001351	0.024710	0.029708	0.017884	0.010119	0.015898	
0.038986	0.009179	0.000232	0.013610	0.010290	0.032536	0.032072	0.016849	0.004914	0.017954	0.040183	0.004981	0.004583	0.019002	0.015811	0.040033	0.024071	0.011149	0.008328	0.035840	0.034081	0.000949	0.005922	0.010679	0.036823	0.023471	0.039748	0.000913	0.028150	0.038913	0.025090	0.026016	0.023307	0.019436	0.024971	0.007869	0.037567	0.022766	0.019858	0.015012	0.009687	0.006151	0.019932	0.013262	0.015511	0.015872	0.029475	0.008899	0.037116	0.021952	
0.027105	0.029066	0.018428	0.040936	0.003234	0.004318	0.036848	0.008092	0.000580	0.021955	0.011609	0.018745	0.001173	0.000036	0.032007	0.005890	0.035683	0.003884	0.018189	0.033320	0.010653	0.040842	0.014777	0.023536	0.012667	0.001446	0.032348	0.032752	0.024785	0.030763	0.022433	0.026715	0.020260	0.041788	0.033773	0.025018	0.017531	0.001822	0.000515	0.041717	0.022381	0.031440	0.014856	0.021799	0.013962	0.026349	0.008752	0.028189	0.020591	0.004441	
0.029527	0.035621	0.008977	0.018105	0.032310	0.016956	0.034811	0.024882	0.031225	0.023520	0.004413	0.029879	0.026642	0.023859	0.035182	0.033823	0.026133	0.030362	0.002180	0.022508	0.024754	0.034329	0.003448	0.020442	0.020571	0.003332	0.012364	0.026140	0.010112	0.014627	0.020773	0.019183	0.023800	0.005735	0.023552	0.033923	0.002494	0.019844	0.016595	0.022897	0.009866	0.031084	0.015841	0.026839	0.025428	0.002988	0.002161	0.003771	0.016070	0.016118	
0.46
