50
2
-9.525202	-28.529899	-12.106011	14.597748	-14.032970	-4.405993	-5.343724	-4.949490	4.686297	19.664796	-17.802165	15.545065	7.776304	-14.466983	15.799173	-25.544646	-26.544403	24.803954	18.085739	17.958650	-2.636682	19.217471	7.705986	18.812927	8.052817	16.987744	3.770191	-9.298158	15.156479	-1.011610	22.176979	-0.272477	13.262369	8.638480	25.972504	16.759095	2.209076	24.379444	-18.479685	-28.134847	16.475213	4.618891	17.669847	1.807820	28.008628	4.486700	14.556837	-12.586583	-23.358915	25.121239	
13.324596	3.279572	-15.257720	-13.511024	-20.569572	-13.147002	-0.145039	1.588565	8.336327	16.840398	1.166416	14.330302	7.583871	12.048395	-3.551768	19.062993	0.490326	-16.639685	-12.830100	6.328272	-10.767098	18.446904	2.542259	10.250790	-3.631424	-0.501302	0.965843	-19.301986	0.867922	16.091173	8.151884	-4.263026	-13.610577	5.054115	7.629973	6.453638	-11.630741	-2.716978	-20.424650	-6.979179	5.569119	-10.189901	-19.455815	4.686251	-12.024086	-17.636464	-20.540834	-13.416295	-12.872054	19.193535	
-8.633600	-18.616290	-21.182392	-13.642532	14.929171	-6.454553	0.892118	-11.762596	-0.368448	3.307699	14.370251	14.631013	23.723081	-19.099738	-20.396868	-23.482068	-23.219251	-11.270959	8.003597	-3.501435	-0.081502	2.266076	-5.637137	-20.712090	1.352532	12.321812	0.556470	8.100796	-18.308776	-17.670889	-16.934617	-3.055232	17.192437	-1.563628	-2.318264	-18.187713	-24.545153	5.308109	22.696317	0.339096	-21.511009	-11.529178	-9.160423	-19.676112	0.234201	18.678258	14.826191	18.305378	0.343559	-22.827807	
-8.396908	3.762242	11.498173	0.067066	-0.789331	0.274944	-6.494114	-13.499342	-14.761251	-2.504231	15.952522	8.317627	8.928653	-1.990595	-3.460447	-6.517782	2.009460	15.866616	-14.580467	-2.493623	9.937249	2.413674	17.851956	-5.794870	12.201670	8.275822	-16.724023	-11.154716	0.418985	-6.075760	-12.556034	10.984645	3.477944	-12.632141	-4.986015	-16.358714	2.918652	-20.369032	11.781274	19.273973	20.155805	16.995384	-4.446209	15.514609	-20.884851	-9.129132	11.270127	-19.101766	2.956419	0.190677	
6.282000	-23.830671	-9.170268	-27.409665	9.834101	6.235779	-15.051007	18.607823	-18.507414	-10.868401	-7.383324	17.363515	21.023119	6.997736	-3.389848	19.217734	-26.374774	20.257906	-23.491056	-22.163132	-16.887606	-24.016082	-8.456128	-25.705200	-2.286307	-7.276698	22.402574	-22.711672	-10.626976	2.114319	10.120562	-16.809999	19.523284	28.746779	-27.232427	-25.565768	-0.634095	-3.425200	15.116032	12.932216	14.339741	26.681271	24.245181	-18.909979	-14.147182	3.299023	2.884306	-1.156070	-10.434323	-0.016523	
11.503309	-6.208835	25.047131	2.043674	-12.303458	-25.066913	4.368789	-20.357727	2.252899	-16.027685	-9.657195	-6.069589	1.561823	18.377795	5.514013	17.232624	-18.411999	1.767584	-14.204621	21.975669	-22.428591	22.228335	21.861895	-5.818431	-5.652235	-19.157828	-20.747298	-1.637246	-15.420370	8.798254	24.231715	-13.687034	2.641069	-4.771768	-23.660269	4.706705	8.207826	17.786006	20.037786	0.075638	-4.620060	-20.561401	-10.326943	2.518042	5.030996	-11.081749	-21.457337	1.271279	-4.413814	12.606666	
11.075348	12.626218	22.119349	10.557168	19.033554	8.915851	-13.838289	-15.734109	18.380656	16.991586	12.054286	-11.710072	17.643246	-1.162535	21.687369	-21.507369	15.116361	-22.274128	-9.214441	1.775253	11.700868	-20.981764	-14.193703	-2.095277	-13.716403	-21.773014	-2.256104	-23.444689	-5.236045	-23.304966	-0.803862	-12.000436	19.707518	-7.231513	16.248882	7.767504	-0.158026	-0.591053	-16.444076	0.429289	0.747959	-4.788269	-19.246875	-16.830045	-6.252472	-4.044805	4.651030	-0.861993	3.846431	5.961447	
-1.202488	10.721787	-14.916684	-3.484042	14.924720	-4.481541	-4.870460	-16.283344	-9.466615	-15.662104	-12.164910	-12.056757	18.286834	7.845970	-2.087171	-7.283627	6.534611	4.838784	7.265427	-0.343725	11.737099	12.289284	1.639426	18.801282	-16.812058	-9.329660	-11.315036	-1.620567	-14.627608	2.572207	13.471352	17.344582	-10.822253	-7.973310	-5.701744	12.220641	15.654482	0.544146	-11.295418	-9.468468	8.388647	7.142282	-10.036442	-3.158553	-0.841176	-6.917866	-1.619462	16.411225	-1.290801	15.389748	
11.089495	23.772433	-20.284538	26.671123	-22.463737	14.713994	16.859536	10.685314	4.561071	19.335818	-4.487566	-1.784395	-20.308185	-15.573457	-7.601783	21.767123	-11.475787	-2.529602	-2.647197	24.117135	20.833304	-5.918262	10.690211	7.446829	0.479141	21.597011	-20.102470	2.650078	21.935383	-16.342045	16.353222	-1.089481	12.691734	-20.381948	-2.699912	18.503308	-13.666144	-20.481838	-9.588991	-11.299222	3.666084	1.231967	-25.249904	26.869968	-16.392102	-4.609510	-15.534301	-18.936414	-8.543549	-24.797982	
1.689762	-10.221071	-6.984492	7.801762	-6.674866	19.989152	16.565622	-2.522856	13.260973	18.000414	-14.590491	-1.848668	18.250784	1.327637	13.496624	1.367092	11.967320	-17.536776	19.504549	1.613767	3.392171	5.152264	6.668777	15.200457	-2.612527	10.939639	-1.549090	-20.601405	15.928586	14.171015	7.154724	-15.697195	15.327529	-15.702215	16.973285	0.314018	3.622023	21.470455	20.407653	9.821957	2.010406	6.168240	14.702234	-15.198114	-4.186405	1.734075	-10.572294	4.157305	17.612203	-21.547942	
15.132894	18.489036	-16.167961	17.618302	10.342272	13.655236	-2.580323	-5.195683	16.790626	-13.671981	18.712251	15.234749	-4.586437	-6.137692	-13.574817	-15.130895	-0.423818	16.915093	14.567328	-12.314339	4.703267	-12.916093	-10.320747	-13.829363	18.966818	-14.988162	-12.190463	-4.213929	-2.844527	-11.417406	15.820309	-18.303550	13.897913	-13.579236	3.115975	9.038693	15.588841	-6.646271	-10.865836	-10.260765	-3.738523	11.279281	10.633474	-13.813259	7.602191	-5.995525	-0.663047	-13.783814	-2.807134	15.629768	
0.961625	5.906570	-10.851475	5.587301	6.238820	5.290945	-4.523397	-8.837891	-12.782846	-8.790415	-2.407156	-5.303257	2.504822	1.741863	7.832852	13.501142	-15.220383	-13.452325	6.233508	3.794920	-1.654799	-2.883787	-10.961303	-7.722172	3.158686	-7.425702	-10.540124	2.975228	-14.876035	0.399387	14.535375	-2.902938	-14.005842	14.353114	-15.520334	13.532277	0.748410	5.759575	14.130722	-2.089181	7.794153	6.971442	-9.105678	1.314093	-9.399722	9.250129	-2.282249	-2.956574	-13.091340	1.878775	
11.274637	-9.413409	-17.265261	-15.243290	21.145534	-16.413168	-2.788805	-17.346458	19.508835	-12.957541	2.934585	1.329278	-15.775605	15.338852	16.790490	-19.554698	18.391978	3.627006	21.212795	-10.258496	-21.349492	14.806121	-9.093360	10.496880	16.084152	-20.617341	21.344945	10.461249	-3.646028	15.090457	-7.793406	12.370603	-4.158935	-13.273113	13.674202	12.070590	-9.651523	-15.207087	-13.459168	21.343572	17.224725	18.824053	15.952938	1.867949	21.718077	-9.537305	-0.186035	7.943942	6.686269	-16.407333	
-9.448514	-22.296044	9.131108	-3.630806	23.405525	23.516733	-23.866211	3.105037	-9.003042	-2.190014	-20.355709	-3.073834	4.882974	-6.453601	-15.688557	-7.530279	-23.662300	8.072645	10.893835	16.922329	-2.854384	-9.527402	23.773973	-0.952107	-14.869714	4.135462	-17.927764	-23.526902	9.842947	-6.930143	19.109752	22.303146	-3.348719	20.544338	-3.510190	-4.140908	15.983309	-20.686786	-17.653464	-3.793234	13.201332	-23.914411	2.957908	10.617391	19.059406	0.189587	-4.818103	-11.394734	0.075613	2.682790	
-19.644731	-12.488493	23.021866	22.814243	25.520552	-18.670817	-0.807691	-19.870225	-21.982577	0.577194	-18.816897	12.411723	8.682078	-11.811990	6.310005	-23.579771	20.159251	-13.977385	17.407944	3.174229	7.472560	5.280982	-12.786274	18.155142	8.285124	-16.209513	-19.751167	-5.871116	-5.697314	-4.352842	21.867809	-18.671259	16.858123	-3.336529	6.015102	10.037081	-13.896070	3.728977	7.697178	-23.899202	10.176057	21.114261	15.557491	-3.385387	-20.537302	-14.471252	-13.676699	14.537272	21.714362	-5.769618	
-22.179387	3.148274	13.311393	-5.026562	14.242677	-2.291866	-16.546938	-12.303171	8.650840	6.678875	-13.434628	-18.094710	-3.062525	14.251226	-7.118556	-11.448628	0.831437	-4.173805	6.661375	7.609039	10.914781	0.531814	19.744684	-13.246485	16.101305	-15.779517	3.624629	8.329032	-4.654820	-17.442213	-12.833097	5.542051	14.289209	12.488087	11.879739	14.534798	-3.954381	-9.958903	10.833780	-10.404997	22.540038	14.297204	-6.887039	6.058595	19.691029	-3.730895	-22.261111	-2.085661	-17.706943	0.621560	
-27.843744	8.325465	-7.502948	-19.847627	26.854423	-28.621918	7.502847	1.498418	26.925068	-25.030167	-18.416883	17.886102	24.044934	-28.331486	8.990483	-19.752883	25.729153	-24.273385	-2.046969	6.451866	9.476851	4.622476	-3.018515	-28.006941	3.960625	-2.708161	-6.300471	-23.669004	-0.808612	-7.277584	-24.656491	16.780262	-0.899446	20.407137	8.017028	14.674758	7.452852	29.595080	16.110557	13.615639	19.615398	-1.556862	25.044982	-6.731699	18.490267	-2.904978	-27.071858	14.190537	10.806533	-15.826713	
-26.271707	8.112073	13.317080	5.498489	22.038071	17.143646	11.995410	7.160201	-15.457093	-8.828301	1.670747	-2.167009	-29.261892	-4.855382	16.152606	23.481318	-17.483242	15.767345	-1.043136	-0.963613	19.285982	2.909045	-27.986282	10.785638	14.970927	-4.217061	1.944757	-8.181026	23.490595	-0.202306	3.055436	-23.739811	-13.210326	-4.981883	-18.450591	22.217937	28.027426	-30.896900	17.988919	-2.826541	10.033917	-2.023057	3.747846	6.224496	-29.832152	-6.316750	-6.133313	15.588588	21.776405	-25.231565	
-8.882114	1.911099	16.187873	-12.916852	-8.757438	17.450703	8.023438	-9.244508	13.394568	16.727373	-4.945755	1.866092	-17.893838	3.135033	20.863695	-8.011525	22.708729	22.537356	-6.731063	16.932851	-22.913561	-0.906222	-0.362631	-6.270984	20.806347	17.501728	-19.303453	18.668157	22.385196	-0.294140	-16.460916	-21.428327	-1.655944	-15.479205	6.185229	-11.205486	10.398487	-21.408408	14.319260	17.257998	-11.964269	3.566043	-4.375209	10.738313	13.972471	16.374604	-5.247048	-12.171460	-20.838737	11.633222	
-10.750480	-13.477809	11.768332	16.683127	-16.500562	-8.578363	7.219345	-13.232282	-13.851129	-7.302783	3.038148	7.672397	-2.657788	-15.813367	-4.848024	19.783262	-14.711843	9.649664	0.234331	-16.359677	18.528744	-19.264127	15.687402	-0.632501	-5.299366	18.266738	-8.950310	13.696648	3.770825	2.430834	-13.202072	-15.282123	-13.266561	-12.005059	1.728864	14.597112	3.157592	11.688326	-14.698064	14.161197	-17.389088	16.008908	-5.930052	-4.422355	-0.600618	12.721837	8.860810	2.768206	-13.839844	19.850056	
13.334459	-6.817574	-6.492507	11.878184	1.750431	13.233781	13.720274	-1.392810	-17.853358	5.890554	3.602432	0.523560	-11.107849	-18.213994	0.653913	2.408999	-12.817624	-6.825395	3.668946	9.686987	-3.508353	10.249846	12.595933	14.891753	-9.868828	-12.809449	-8.327355	-18.006528	-3.292072	-7.037736	-13.647049	-3.785082	-6.476238	10.603103	-8.280654	-10.108462	8.523600	16.115497	0.566991	-17.916247	4.480472	13.083021	-12.231873	2.777864	14.272186	-6.766070	15.917912	-9.758321	17.203464	14.330553	
-5.449049	-11.822497	5.840111	-15.299676	-19.252862	-6.566376	-17.176885	11.979448	-17.737782	8.987289	-15.508064	-17.117934	24.133316	9.385943	9.095840	7.546524	-15.333543	13.060023	-12.935759	16.323338	12.359758	-0.786473	8.385534	-0.860130	7.789568	13.606287	-10.689559	-1.717226	-25.043732	6.414739	-6.781633	-22.927144	8.505630	-1.349271	-12.432072	-6.708628	8.467068	-11.237638	-0.114804	10.621955	-4.948723	-24.026816	3.340712	1.110017	-23.563602	-0.130841	1.750653	-0.012514	2.461854	-1.695177	
4.245958	-8.678511	21.917338	-15.659766	-13.438569	-21.659441	18.983983	17.950041	-1.012680	19.683086	7.965357	12.395698	9.813438	-0.866566	6.389299	-9.333412	11.863446	4.819698	-14.021919	8.764420	-16.146468	23.468462	0.205419	-8.977047	-5.063831	21.805728	3.214743	-4.541081	-5.006001	19.392783	23.786356	2.400353	-11.046140	-11.329172	23.971452	-20.994041	0.555912	16.020776	-23.130808	12.630448	4.290990	8.946437	-15.479299	8.415869	6.503737	13.881362	18.982637	3.303682	17.358086	2.165457	
15.589024	-10.446309	-18.348831	-12.391406	20.293580	4.665437	-16.896109	-18.850343	11.234861	19.055931	14.321268	13.759120	7.899262	4.747347	-8.076265	15.346818	13.442921	-11.812940	15.455806	-11.315400	-20.474805	-11.034649	5.724712	-20.915644	9.512181	-15.193955	20.973415	-8.223170	0.053770	-12.381768	0.038366	16.423711	-13.802324	-17.678511	7.783981	15.054206	6.149959	-7.256679	-11.416734	19.795911	-7.282829	-0.639927	9.849812	1.444482	-2.722291	-2.617454	-15.685926	5.639960	11.265080	20.145547	
-6.483007	-20.284259	-4.103565	21.496275	6.221437	15.751775	6.984854	-3.655589	-13.785903	-12.735826	-3.143843	-4.163293	-9.516399	-10.761125	-16.389651	-2.834960	-20.319504	17.191614	18.444194	-18.947076	17.151015	-17.183079	4.578701	-16.722849	5.941673	19.511967	-0.231337	0.777210	5.653725	-15.658804	-17.414766	-20.106095	4.525310	14.128399	-12.425962	10.080168	19.504179	-13.328901	3.975449	1.182258	7.436608	-15.558627	-5.650707	12.380950	-6.682329	14.637165	7.853085	6.635565	4.505956	3.300170	
-5.366096	-2.773124	27.601514	26.129697	-19.127485	-21.967473	0.589072	-5.188352	22.072762	-25.896909	-9.891497	-23.176352	3.200165	-6.457669	-9.761550	16.486464	-25.143589	-11.912830	18.223174	1.997350	12.449984	11.956975	-10.285059	-11.852203	-15.893064	27.170147	20.824559	10.036111	11.177068	-21.197249	28.850245	19.685969	29.262683	8.207209	-23.505419	-28.606470	-29.205885	-7.570915	-16.480423	29.918240	27.144914	-1.594479	-28.587572	20.985222	-14.870286	20.684962	-13.660049	12.518266	17.276039	-23.439648	
-7.998985	8.799600	-7.855302	9.781732	-6.594601	11.625679	-25.561242	-22.169341	-13.201472	20.750499	-0.164363	24.000267	20.496262	-3.915265	19.115589	-3.308124	-14.245374	-5.782636	7.837445	-8.321547	19.422251	1.184473	13.892629	12.022811	-26.559570	-22.651296	11.494235	23.788071	-11.217392	11.385358	-26.817166	2.885133	-14.653597	4.996888	-5.634271	-10.767565	11.667805	-24.335962	-8.505093	12.457707	-7.111797	-14.819026	-21.179641	-9.054252	15.467845	2.487953	12.534296	-14.699959	-7.040470	5.533514	
19.869723	15.956032	-10.454426	-7.167534	15.762569	-17.216926	-7.327739	-16.339883	-5.543530	4.351585	20.476359	18.167649	-20.172061	0.998206	10.872681	3.271953	-10.614532	-22.831828	0.912044	7.304042	-14.414820	11.226961	-10.167749	2.328535	-3.776803	8.475651	12.141272	19.467638	3.928435	-4.474182	-13.451411	15.777276	4.922516	0.700040	4.877763	9.524055	-9.579113	-15.021098	-0.766525	-7.460441	-14.874711	15.368780	-16.457254	5.815460	7.265354	2.141621	-6.267890	14.506481	-5.558591	-7.523583	
0.458499	-22.579994	-24.313804	-13.578262	22.208978	-9.107021	5.174364	10.584684	-16.105256	8.720044	19.807140	16.980920	8.441134	-10.117295	7.305148	21.192448	21.358505	10.417666	11.754875	-28.406209	-19.583474	-14.789041	-3.507380	-8.931313	14.812343	-6.701676	10.267097	-17.645035	23.857390	28.605549	24.936091	-18.884786	-18.929403	-28.053630	-16.447716	6.399323	-10.164848	-18.533288	19.669542	-2.754296	16.542510	11.309250	-1.150317	-17.163378	-19.140874	-17.742366	-1.210534	0.694811	10.815920	1.844955	
4.617320	26.454647	6.850711	26.989488	25.235734	-2.420148	-1.625232	-2.909790	16.089550	-14.172581	-11.087618	12.998925	-18.144676	-18.510757	24.475575	27.839606	-1.187003	-20.195884	26.000858	0.084328	-0.705940	-19.390052	23.043376	3.343468	-10.642988	4.665727	12.394162	16.934642	1.927216	-26.645729	-18.919110	-23.971129	15.135237	-6.597382	11.596132	-1.976024	14.356075	-15.788985	-18.050207	1.648401	25.143711	15.864154	7.230016	17.264505	-25.541820	12.667205	-3.528265	-2.112362	25.079339	23.338350	
14.830836	16.686772	11.819991	10.700198	15.622519	-5.202841	16.251553	-19.878814	-16.473186	-1.232250	-2.778455	17.036529	10.514039	18.983133	5.788299	-19.734912	3.350903	8.456271	1.130078	16.385094	13.492471	4.006874	-2.158209	17.225111	7.057274	2.153430	14.780232	-11.786431	-5.456101	-14.003218	-13.283948	12.920815	8.770810	1.007802	-16.908315	7.470496	1.879897	13.819322	14.118505	16.438026	4.485430	9.836802	11.455307	-13.435600	16.961218	7.139979	6.116617	-3.673535	-11.336216	0.642943	
-3.915691	9.476680	5.679069	-14.142080	-9.103621	26.742885	18.406013	7.023043	-13.284202	-18.875031	-13.697101	4.362058	19.294790	19.996667	-29.178809	-17.707367	-20.553114	18.519722	-21.777452	14.167375	-2.113549	-18.555361	-3.468502	-10.535090	6.002375	-6.685697	25.340933	-12.636218	10.939422	15.015970	14.295727	-8.459355	-22.686498	-12.511852	15.888988	17.462310	25.037205	2.426057	12.905128	-27.820526	27.635483	-11.131709	-5.871533	-19.123283	-22.580122	-24.373967	14.398988	23.684861	-16.671944	-12.425252	
28.200594	-6.633706	11.748067	-8.519729	16.112187	18.234292	-21.919061	-3.949581	13.269238	15.441902	-14.997237	-4.760729	2.910781	-4.635386	18.663205	-11.932724	-9.135334	-2.867196	-20.223003	-23.552880	-28.922535	21.677924	14.142003	1.244662	-25.608045	3.883904	-5.367622	-23.992830	-25.882335	-23.909075	17.483916	-27.084859	1.926643	3.403775	-17.078762	9.973164	11.211931	-15.755107	-28.627861	-27.823570	20.954661	18.290864	7.810820	-8.387755	25.214140	-2.595907	13.441736	3.121270	-27.245839	27.995529	
8.240823	-16.139575	-3.352426	-8.598452	8.813628	1.697706	-20.938109	18.659929	4.034333	-9.055575	-3.721842	18.999336	-17.047672	-9.257649	-3.393612	21.308660	11.884959	9.669220	-15.696747	-7.972103	16.999963	-17.874014	-6.715068	-22.212793	10.252694	-21.653878	-10.157253	-1.431929	3.277383	-19.726513	-1.597467	-21.347249	-12.994348	4.185936	-20.184877	9.590018	9.591954	6.894133	-13.877606	-2.520749	12.491980	18.111375	5.681726	-22.947686	-0.585353	-22.597767	8.479850	-9.172494	-21.742946	-5.830822	
-12.968728	10.801889	-4.205394	8.291979	5.587527	2.041418	-4.229116	5.438427	-19.707537	2.653770	-16.188937	11.300322	-17.097989	-8.637604	-12.948948	-6.831828	-19.647901	-5.079842	4.199466	11.869669	-10.510948	18.797201	9.999350	-6.543105	5.625967	-15.615882	-6.661708	-0.801094	0.040859	-3.971189	-5.231651	-3.506315	-7.544136	10.710282	-20.998549	20.013175	1.346008	16.416479	-4.936837	13.152950	19.102765	-17.941235	-11.074539	-19.093213	8.253447	18.481716	20.397762	2.109100	16.682034	16.738921	
18.711203	-8.564906	-1.727281	-21.252945	16.676327	-7.673520	-9.702960	-7.369793	20.252671	3.228193	-22.247484	10.936307	13.251991	-23.826453	6.555230	6.274396	-13.969651	-16.170488	-14.732225	9.895445	0.560387	-4.722324	5.272571	-12.119670	-8.262996	-10.386846	-7.527323	2.595555	-1.584858	2.889937	-2.725468	21.157003	-21.318558	-9.990574	-3.720007	3.605159	17.271556	-1.578884	-9.203462	-23.857770	13.308688	-11.358010	-18.449521	11.827809	7.069910	-11.106741	2.173493	20.074113	14.646651	-8.765495	
-3.161591	-21.386087	-5.497115	-15.071116	11.449449	-7.493217	0.219794	-2.191353	-15.833473	7.066561	-8.197834	16.732034	1.673383	23.853399	24.912129	-3.643247	-7.297396	-0.305715	-18.249275	-14.219082	13.007512	-3.152192	-4.824511	-0.020691	-7.098738	6.718014	-3.458901	11.786634	-24.725540	24.082858	-3.039449	-4.932904	1.640548	17.364544	13.832091	-0.882467	18.627277	23.272079	1.255507	-18.867020	-12.808803	-3.786433	23.039717	10.325622	-17.730508	-7.097261	20.514394	-22.516612	7.040537	-10.993526	
6.283980	-26.456636	14.263615	17.673369	16.271603	18.369616	24.842065	1.688003	18.005951	-5.248539	-0.476993	-6.503512	-6.975158	20.909297	-8.342389	-4.018799	-2.675652	-8.431993	-0.979253	-5.709274	-18.767853	29.332214	-23.332448	26.518173	29.353543	-29.208209	-1.089638	-28.756952	-2.087975	13.644988	2.651218	-10.605177	12.233342	-14.580271	26.303178	-19.266604	-12.332970	20.906171	-11.373002	4.987028	-18.262787	27.571993	-0.828791	14.473192	-8.030208	0.567736	-11.136083	28.590561	20.391747	27.329271	
3.152887	16.141897	-2.929929	18.620474	14.058909	23.318481	19.698622	17.318078	-25.004752	20.710491	-8.700207	8.438958	6.495169	5.653264	0.112648	-18.022975	-25.133926	-8.656099	-6.133479	-18.862386	13.522839	-3.140623	-0.533635	-8.922240	-17.621710	-24.226741	9.477486	-4.076623	16.076697	18.443827	0.262328	-22.973502	-25.500598	-1.673206	-19.503460	8.954543	4.930110	5.553154	-20.375809	0.463231	-8.784989	25.898391	-8.143082	10.356590	1.686976	-11.463682	6.941716	7.527392	-24.443000	-0.536181	
-21.471800	-7.458625	-14.704605	-12.561952	1.932269	13.109263	-15.258422	-17.357669	17.475459	2.657535	-9.032055	-17.285341	-16.141110	8.334141	15.004414	3.743697	-3.847225	19.182710	-17.874718	17.229409	-7.720037	12.039395	-7.490501	-22.362012	5.142711	-0.799678	-0.874147	-21.979439	-19.590785	-21.342349	17.099872	4.725778	-15.324873	22.446390	-20.094336	18.980575	-18.374402	16.624895	10.850663	12.469871	-11.784659	-13.286433	8.211334	14.404184	-8.088579	12.827932	7.685946	18.661005	18.153457	8.862071	
-18.827622	-23.476395	-4.758287	-17.583775	-18.953681	-13.945034	-15.092493	23.396226	5.532654	12.235601	-12.071181	6.855145	5.513781	23.882259	-15.090332	2.896257	-9.642923	-1.895746	-4.531561	0.524517	-12.909299	-20.689766	-8.160627	-11.052208	-17.364482	14.994777	15.785508	17.897476	-7.241770	1.782500	0.877380	-12.072266	19.954662	-14.606019	2.447475	-15.941764	9.571958	12.516898	2.926525	4.901917	6.595165	-9.730456	16.860157	-4.489500	11.500787	-2.249474	-11.208556	14.882018	-5.345649	-1.348407	
-25.401666	-25.903313	14.845854	9.298464	12.811810	17.251812	-23.303153	21.009010	23.483301	4.474383	-15.805473	-0.650117	23.976257	-1.571659	-8.179458	5.146503	-11.488696	-19.496738	3.402570	-10.558289	15.164954	10.970872	10.562919	21.370515	7.821370	17.879254	-8.535768	-11.459385	25.270895	-18.657474	19.394611	-7.379136	-0.317406	5.406194	8.730401	-13.080030	-20.000783	21.437785	0.356753	-19.780685	15.760713	-7.278780	21.268055	-5.970355	-4.912046	-11.095283	-5.096108	19.080303	-16.507935	10.743802	
-1.928936	-4.933728	18.783638	-17.823008	-9.380991	4.700547	0.530693	-2.153195	-24.021869	25.637691	-18.921081	-0.559911	12.762223	-4.641424	-9.471763	-2.487022	21.605566	17.568963	2.096727	8.530039	-24.503783	16.028017	-12.971054	13.625930	-16.606335	14.456591	13.697788	-5.864095	-18.367142	17.385886	9.760761	17.554017	0.182313	-17.094769	27.572631	19.965399	24.955115	4.150915	11.430229	9.117079	26.553238	-13.694059	-16.819610	-22.154253	-24.463237	13.547343	-16.019892	25.611001	-16.614609	-25.892613	
-19.706298	16.768895	11.460200	-19.312799	-9.403029	-20.257398	-8.261761	-5.153748	19.549729	20.530845	22.144042	14.989944	-10.020002	1.681422	20.058907	4.918185	4.198575	10.269416	-21.657404	-21.465360	18.880449	19.525061	-6.186974	11.982112	6.748363	22.066179	13.564966	9.510191	11.351806	20.430327	14.716400	-14.806379	-14.948479	-18.655480	-8.742349	-7.529540	9.994085	-3.834732	-8.537763	20.194231	21.640043	-3.015725	18.976680	8.561343	-0.698044	-5.579095	-18.511709	-17.841661	16.682216	14.651333	
25.815105	-7.416219	-11.366040	-14.575433	10.489592	-7.892664	-26.992385	-10.781067	7.465791	-12.042956	26.259457	-12.554063	24.461117	-20.683744	-7.497193	-9.484165	-12.547419	-2.735156	19.493369	12.435998	-17.248370	13.258051	10.929943	-25.079708	-8.419590	-18.819284	-20.749866	16.228797	-20.266089	0.331186	5.564517	-9.544057	14.648967	-2.756431	18.046445	-13.366831	-7.167822	23.564150	23.141058	1.240642	-7.461712	5.414610	11.316470	13.789871	-13.947415	12.696265	-9.617661	19.033070	12.659847	-2.080328	
20.771901	-15.435253	18.723256	-4.492616	-8.346158	10.888333	-21.374671	-22.872890	-18.536286	-16.679580	0.395126	-20.940803	8.523184	-21.441852	-4.933446	-7.275699	-13.792658	-20.518552	-8.139253	-13.065329	-10.954506	-10.276118	-5.123055	-4.726979	-15.290348	9.499366	-6.101868	2.295386	-8.057549	-17.489069	-0.370039	23.887039	-19.514276	-21.533005	-16.866757	3.639017	23.670875	-5.691928	-17.173347	10.270487	7.733712	7.348502	-14.434609	22.210482	-3.330924	-1.468135	12.968194	22.334818	-11.525705	18.667704	
1.155260	-15.850752	17.190173	4.600807	8.741516	20.219147	9.206365	-21.625353	1.974112	-2.645845	-1.649841	-15.937779	-18.196036	7.058101	-7.402800	-18.226673	-3.730413	-21.493545	22.173541	11.449971	4.489536	3.828649	-19.313684	18.337231	8.989450	20.667418	0.518556	8.238791	20.105370	-13.860198	-14.385871	11.520157	-12.221770	3.485735	7.709319	-2.375568	-22.222543	3.642995	18.780130	-19.391161	0.404451	3.129430	12.135179	-15.197315	-18.626544	7.990791	0.321827	-14.640073	-21.591625	20.046857	
-10.670073	17.802562	0.228729	23.223347	3.477952	18.148761	24.784144	18.857238	-9.843649	6.589431	-3.696379	-11.919439	-2.241780	-1.313601	-6.988172	0.058698	11.201647	4.065736	-2.008958	5.370048	22.727845	-13.955379	-17.374673	20.981449	-10.680267	-3.030210	18.263952	12.644384	15.710169	-17.294814	3.413825	21.403975	-17.450720	-1.637997	-20.835873	1.801518	21.535226	3.263315	-5.745814	-5.927500	-3.264798	-16.889570	-15.583595	-7.545862	-3.190651	24.307114	-12.974444	20.074745	1.777272	7.607924	
14.495326	15.359914	8.197185	0.097310	10.058529	-9.986046	19.082743	5.729347	-3.243969	4.370414	-1.825122	-8.086520	14.211594	10.782708	1.182734	-23.171474	1.023916	-5.154896	8.865994	-1.833750	-12.323045	2.202232	-15.397849	-4.288614	0.575394	-13.937368	-7.600022	13.960066	20.629070	-0.534416	-20.828049	10.532723	-8.067515	7.801199	-11.983301	-1.988305	16.876270	-9.812673	-22.829635	8.761411	-15.759588	9.046733	3.338571	-11.111089	20.577403	-18.509640	1.426554	10.928157	18.830623	13.427837	
15.510020	2.498072	-3.102721	-5.145983	13.616727	-19.754730	-4.885418	-9.199917	-7.048570	3.735024	-21.803345	-7.222887	-22.565031	5.549630	20.503070	11.091093	4.413901	-13.247085	3.304734	-10.098685	21.329531	-19.706288	0.659597	-19.819887	0.732086	-20.070082	2.689692	-11.173833	-3.308582	-2.434476	-2.478662	-10.101068	-8.934639	5.400390	-5.996520	-12.529335	-13.123522	-3.889735	19.667839	13.209949	13.886955	-20.757019	-7.163510	16.910669	3.640244	1.174174	-13.500065	-20.926068	7.413006	22.385025	
1.505757	-23.259019	-8.503149	10.182891	0.691616	-6.615637	8.359294	16.079435	-12.628801	-13.622378	25.020312	-4.439855	22.197922	20.861096	-0.742094	1.520920	21.755759	11.457811	22.926401	-3.110876	2.069358	17.955582	-14.770569	-9.232124	4.883860	16.388809	-24.782309	10.498507	-7.311708	-2.313223	9.894934	23.091596	-22.965140	-0.265838	-25.064066	-13.808236	11.580777	-21.658177	9.788599	11.471260	2.224728	-17.653387	22.867895	25.395460	9.172401	21.430095	7.913501	7.100544	12.344365	11.904540	
-7.978328	13.635395	14.948029	-22.163865	11.908028	-13.590375	2.021383	-7.536398	-15.910423	-28.536556	-22.703153	-23.122240	21.825636	6.489464	-27.476590	11.591135	20.268096	-11.558079	-1.110226	22.590028	0.453996	10.714670	-17.137371	-4.424895	-15.999337	9.396063	10.919947	7.884362	4.387637	21.178316	24.297635	17.857591	6.910532	-4.673058	28.399400	-15.792984	4.910572	6.430788	-9.708850	6.562272	-2.842309	-6.754146	5.505029	17.161078	2.693338	0.494533	-2.788829	7.956594	1.661009	-21.142528	
-6.394840	-14.351409	2.281717	-1.263014	-4.122914	17.336151	4.645716	-18.326877	7.365804	15.124160	12.092960	4.978833	-2.143038	-5.728840	-13.089576	-16.092405	-12.152532	16.321150	-6.904957	3.348302	-6.693257	-8.344204	-4.781627	2.450774	-7.376204	-7.900915	-7.590916	-16.052101	-1.626726	-7.094204	6.387853	15.296657	11.592919	17.277614	8.539296	-8.370240	-3.240267	6.684778	-4.747641	6.747984	-10.320918	13.991913	13.733033	11.197288	-0.262482	15.318500	-10.484226	17.436521	12.759944	10.248629	
2.927395	14.546297	4.797426	2.397606	10.550826	-0.070806	22.844014	-14.949634	7.583934	-1.753483	-1.228911	4.108241	-13.427907	-5.473513	-13.196484	-10.534043	-25.021010	-24.311351	-25.307948	-11.367060	18.445062	-17.855676	-23.923889	5.726811	-12.365783	-25.673384	9.648947	16.466432	-4.480558	-11.980792	-16.709538	-9.374980	-14.462852	6.435216	-8.081280	24.640461	2.878267	-16.762214	13.321993	-4.103754	18.035526	-21.862517	6.747621	-14.247671	22.132729	10.193316	0.888868	-23.833491	5.806616	7.948584	
-7.582623	-1.132923	26.220450	12.444032	23.583129	-24.313388	-16.215658	7.292834	-0.321893	23.778793	4.310795	20.111865	15.803334	26.572503	-19.673173	-17.049354	-6.450032	-20.263860	-21.463641	14.553640	-1.097962	-11.679303	-0.649736	-5.161349	14.422096	-11.034315	-16.377656	16.589095	24.566266	11.661488	26.022376	-28.481243	-13.906342	-21.903758	-6.464843	-19.451492	-6.652543	-0.704810	16.216099	-16.260164	16.092906	-9.837788	24.616183	-24.600327	16.849588	19.498959	-20.671473	-4.830866	0.439193	24.223448	
-0.880330	-22.671130	-3.613628	-6.427660	6.652172	-3.297381	10.499744	10.873716	11.969202	-6.022718	22.674376	-4.140985	-11.691438	-19.581470	-22.407749	-13.740168	-4.209612	-1.757113	-5.685671	8.249959	19.887056	15.752543	9.330270	-22.784176	10.327393	17.001376	10.012981	6.704774	-5.755557	5.873483	-15.081558	17.843009	-7.129622	-9.385167	-16.908123	-19.060733	-5.511997	-22.636583	25.558851	-3.790086	1.352945	-1.654018	8.804784	22.127130	-15.294069	6.926859	27.329258	18.383966	-26.488031	-3.359994	
-0.326265	-4.364999	-4.181474	10.430556	-4.787294	-5.886335	14.648170	-11.644833	0.879190	-5.900181	3.240688	9.752282	13.028680	6.233566	11.301423	2.284504	-2.662678	1.530435	-1.324987	1.313513	5.335581	0.335931	-14.499030	-10.649985	-6.806207	11.517300	-10.319121	-0.115158	13.653785	-6.845786	-4.153450	-11.789627	8.227398	-4.388756	-3.354786	-5.530021	8.571058	3.431916	2.969173	-10.369464	1.673349	-9.718860	3.423355	-2.446204	-14.453226	2.921672	13.260165	-0.005594	11.301907	2.182862	
12.120883	8.011969	-10.455160	8.400157	13.951655	-17.999748	-0.620465	7.662680	-12.433849	-16.997202	-20.565286	10.023640	5.329852	11.052756	-20.089057	4.478208	-15.272586	5.275933	-7.353451	-7.876384	-1.821963	15.678878	-21.757894	7.693727	-22.051757	-18.002557	3.209511	-5.456561	-14.494813	-7.222281	-13.480401	17.691597	21.888744	-0.032628	10.422461	8.087534	-15.933756	23.003064	-14.145799	-16.416486	-2.824735	-8.123984	12.767872	2.069690	-11.817371	20.711160	-22.409247	19.828560	14.582593	-13.734750	
25.982557	-23.656150	8.736106	9.912881	-5.011925	-24.726540	14.776159	-15.317073	-5.273031	7.585676	-12.542365	-10.612211	2.455752	2.407841	-6.818607	-24.371186	2.291408	-6.847220	-16.983756	8.041150	-15.878129	17.017933	1.719616	-15.013820	-18.313080	-16.251288	10.622350	-1.712936	-26.194807	7.521754	7.859072	-22.672339	-20.666437	-2.619607	-2.209102	-10.297953	-9.914791	-17.059219	-17.792892	-20.186736	3.910061	-17.354176	17.323325	20.440068	3.613924	20.523221	-18.760065	4.064209	-15.062694	14.029603	
-22.657336	1.892445	9.748318	17.680988	-4.351400	-19.479680	-17.819532	-8.532157	14.778149	8.986037	-19.274705	21.619243	-1.682811	18.446210	-19.222379	21.185107	14.142583	7.560682	-9.207241	-18.649467	-14.314744	1.222873	-16.418598	0.269269	-22.663596	19.696653	-16.125738	-4.387664	4.498910	-21.343568	-15.669221	12.944089	10.747832	2.686588	-15.132724	-10.557973	-17.054065	-17.684811	-10.084195	-14.574668	-5.036891	-21.413424	0.473185	-2.832279	8.993626	11.727481	0.329522	8.630855	-23.872684	4.798590	
-8.777314	-10.396349	13.327990	21.503763	-17.225208	-20.091234	-1.195834	21.789477	-1.624723	13.571293	-20.806473	-10.558688	-8.422696	-10.120458	6.531491	21.948483	-3.128476	-6.098554	-10.181984	-12.407703	-9.781587	-16.316711	4.302623	10.726988	-5.049418	10.006234	14.994528	2.891186	13.740321	20.169814	-3.007379	-1.434230	-8.103623	12.157593	12.913094	-15.519959	-14.399342	18.121576	1.689292	3.019287	-17.827534	-9.459509	17.105767	17.968530	14.155401	1.862628	-4.191904	-21.328080	-1.517328	20.726628	
3.097430	10.126675	-6.165330	-6.071451	10.900726	20.163872	9.033820	-16.522273	-15.048725	17.185455	5.153339	10.226151	-19.381765	0.435957	-4.515010	-7.296296	-5.920168	-12.439784	10.389944	4.504332	-10.726939	8.960583	-0.649883	15.160765	-10.454721	-7.425672	-4.273257	5.905436	16.879920	14.541975	13.946858	-18.589896	-1.496654	-9.090631	1.227542	17.191384	-13.872016	18.155033	-3.345174	11.850254	-18.458334	-15.089812	17.115869	4.087626	-13.681992	1.409229	-0.728902	-18.808840	-19.696373	-10.574339	
23.468812	-4.853174	4.674502	7.084597	5.295721	14.219903	-13.209293	20.667907	-13.976125	15.854541	1.243758	-5.687994	-24.321465	7.237559	17.675306	-0.148836	22.508284	19.182271	4.688118	22.561759	15.587327	-3.566134	-22.613751	-10.852055	-14.571320	-14.977520	5.676188	-12.639491	22.247846	19.961024	8.138766	19.036366	-7.616769	14.961403	-2.387454	16.120941	-16.651802	-12.896021	-16.020461	20.362588	-1.533381	21.123057	-19.411648	-20.815621	18.383326	14.852874	-21.609965	-12.108545	-22.340368	17.053561	
18.867205	16.892661	21.130809	-26.221658	9.442190	-18.992551	1.615015	22.156232	-10.712177	-6.719419	-9.092810	21.504863	5.441916	-8.530119	-9.398165	-19.447651	-26.213446	-10.956330	-23.884879	-4.381585	-3.520585	-20.199058	17.084506	-20.937586	19.515852	-9.879727	-25.905057	-5.848954	14.781529	-16.583443	10.773625	11.173444	19.956980	1.207960	9.894607	4.505040	-3.530184	-17.931899	-18.109348	20.485082	9.124197	-9.935954	-6.209053	-19.130164	-6.541174	-19.349462	-13.556220	12.346917	10.253294	-3.188902	
3.951680	-16.372057	-6.258208	1.353726	2.089791	0.663833	-8.671318	9.959017	2.522565	-7.899964	-5.452832	8.243091	-2.622305	-9.604948	-15.855650	-1.286858	-10.683552	-3.191744	12.137439	13.851131	-8.465645	10.833801	-13.029268	20.768693	4.844377	-20.820505	12.577075	-20.408157	-5.814561	5.610564	0.529825	0.498864	1.951259	8.855609	13.141348	-6.328677	-19.727400	10.378686	-16.915493	-18.411197	-12.292037	12.786360	-4.271301	-2.213302	-10.180200	13.773816	-13.319151	17.204515	-18.703941	8.220427	
-1.255879	-16.155141	16.634206	9.186140	15.664989	6.549427	15.003486	-4.760034	-10.421956	-2.260276	8.200981	16.532880	-8.566000	-3.491832	1.655271	12.870212	13.954036	3.049181	-0.097101	15.581233	-1.501059	5.622412	3.389637	3.601648	-2.097930	-6.984380	16.271620	15.509639	9.369455	-6.793988	-10.459350	-16.320054	-1.631727	-7.716476	5.439196	14.524621	-10.758750	-10.763165	4.257052	9.640697	-7.060721	-9.330491	-17.887989	-4.356306	10.173569	-8.486340	-4.108449	-2.924792	5.358074	18.496238	
5.541209	-23.163110	5.259461	-23.750356	-18.622328	14.190762	-13.022881	10.363279	-2.049570	21.621187	1.711702	-15.196064	12.301314	-18.300402	-14.679639	1.731166	-19.957886	-6.486894	-6.549751	14.350081	7.755264	-13.959334	23.137096	-6.749675	8.473237	-4.192721	11.742575	-7.884335	-17.501112	19.779322	2.158221	24.884395	-5.268151	-8.835957	12.548471	-24.825759	4.801090	-23.877868	-5.986740	-5.973746	16.899684	10.350834	4.765829	-15.831027	-11.615445	-19.224046	-16.424420	-4.290764	21.353344	-12.107032	
15.197355	18.406699	18.971824	26.736676	24.763937	0.627774	-27.609864	-11.063648	-19.927283	-10.541938	12.422858	21.888889	1.471241	-18.996710	11.825437	15.539498	8.415778	-3.294879	-4.877035	-3.536623	-21.666831	5.358151	4.250121	-13.835921	-12.289772	12.011284	-19.139779	5.918152	8.833135	-24.082073	9.749638	-9.289949	-0.901627	19.984211	24.282433	21.825021	-6.349958	-5.199876	1.347157	15.421354	2.467650	15.447461	-20.001504	23.792838	15.503577	-18.391349	12.068964	-6.535737	-2.320921	9.861061	
6.242521	5.939514	-19.206816	-0.726226	-13.363577	6.901101	-6.634917	22.430887	-18.339805	-14.761684	11.298261	23.688777	-11.466899	-27.100921	18.045695	24.599678	0.937821	-4.394935	-27.823778	9.263179	-17.357999	10.086170	2.484954	-25.908611	-5.855222	-11.207234	-26.619720	-8.283198	25.792743	1.681955	21.731656	3.142758	16.454531	-8.938363	-11.225510	-19.489210	21.707697	25.125550	23.162406	26.166302	11.667875	-9.878577	-27.962476	-1.560198	1.695475	18.265466	15.408645	-27.269141	0.513660	-21.169924	
16.176728	19.847892	13.744974	12.095507	-18.611671	2.530082	-0.326229	21.347447	-1.102661	12.970821	8.056937	20.976179	-20.764687	9.309958	16.748834	-2.890956	4.622417	15.404672	18.096686	-17.592388	11.110420	6.211399	-11.943297	17.068495	17.285684	-10.956548	1.102125	17.792958	8.213662	6.090289	7.107079	-8.752031	5.435399	18.660500	-21.859156	9.677381	13.754023	-9.778960	1.909574	1.370798	-9.965076	-19.384607	-9.155697	-1.960946	18.722240	4.544135	20.472005	14.041614	-4.234253	1.183072	
16.892603	-13.267978	10.957521	-9.136031	-15.007634	-9.872209	14.052053	16.614483	15.062256	-11.044741	-6.450860	-22.252353	-2.528571	-5.703881	-7.668254	-2.978589	-6.872864	10.195330	-12.613970	0.041192	-13.522400	-11.550481	16.943060	12.551828	-17.357716	21.218626	-6.628159	13.194182	22.623679	-2.044463	-12.108588	-4.819639	-2.488396	-15.239068	16.441056	3.787409	19.666417	17.528793	18.904109	19.590249	3.410073	-12.516462	-2.949960	-16.436850	-21.562655	12.118906	10.714624	-21.601554	12.261753	-19.174561	
0.295295	-17.206739	-0.673417	17.677632	10.096890	1.240033	8.200154	-7.123843	20.835286	3.171361	-3.111439	11.927471	-7.421181	-10.204346	-6.499024	-4.325218	-11.680250	-7.767172	18.068574	-15.183948	-2.494233	-7.507086	-11.524942	-0.213056	-8.882526	-17.439981	-0.036226	-0.983067	-2.061372	-5.154386	-1.701584	18.476976	-18.057646	-0.935840	-14.436503	4.167175	5.344639	13.488165	2.662054	7.090309	6.492613	-10.708402	11.844909	2.522996	-4.694420	18.993135	-1.057719	0.998512	6.495643	-3.141667	
-23.043096	-18.315975	5.837277	-2.325254	-2.765892	5.665057	-8.352894	22.038742	16.256010	3.127654	-4.394538	1.166221	14.149109	6.514989	-24.333128	-18.483299	-15.843581	-27.998865	-23.355859	16.800174	-2.183885	-5.285742	0.944848	-22.805249	-9.514517	28.318242	4.539123	17.291355	3.653297	18.254108	16.509488	-23.799770	1.478059	16.621436	-22.516346	15.358419	15.695050	-10.368074	-15.055361	12.944584	19.173109	29.908618	-11.328072	-4.154471	6.300214	-7.463095	-17.469782	-25.876813	-25.860583	1.090503	
-11.704664	3.383713	-12.792901	3.012144	6.473845	-21.804355	12.680318	17.195232	-21.926758	-15.066509	-22.921067	24.659287	18.884479	-3.962982	-2.542738	-7.881884	-18.930271	8.949696	2.956147	11.828360	19.768755	24.290033	-4.116918	-13.319144	0.899926	-2.305158	-24.000640	-1.088951	-12.318786	6.203940	8.811472	14.979910	-13.324275	8.203013	-24.119474	-11.893861	-7.525310	-18.793584	-14.136005	-1.870016	-0.692547	-12.611707	-2.504679	-22.150040	0.469905	18.614831	-1.292938	0.132101	10.691295	11.904491	
-14.515697	-8.322218	18.301119	-4.198367	12.451024	-1.586963	-20.288578	18.562957	13.639201	-23.666735	6.431107	-23.422959	1.456697	-6.646879	-12.584531	5.981708	9.597333	3.861860	15.992142	-2.825863	-3.474252	-11.933099	-7.492409	-4.718861	19.184314	-5.325337	-5.868835	-19.988966	-15.790347	-2.424938	-18.801539	23.815566	22.200864	11.885367	9.053337	-17.387736	21.050003	21.805030	20.629214	12.383249	8.601494	-20.453983	19.335165	3.538612	0.338671	-17.144657	-7.329100	-4.951861	-6.960386	13.130514	
28.980157	-8.136364	4.753016	10.552175	27.518321	-14.642994	25.760373	-7.059128	-12.301960	-27.085613	-6.679751	8.650677	-8.795985	-18.416585	14.329143	21.067678	3.170786	24.794152	32.467359	6.347611	-26.442915	9.364717	27.440705	29.985512	-14.556903	-9.054368	2.792960	-1.380031	33.576791	-29.355560	23.663542	21.075853	-10.623929	-22.095916	-7.385760	31.204953	-26.128979	-0.755317	-5.909640	-18.416967	16.993559	-26.162798	8.369368	-23.297251	3.681944	4.003559	1.350108	31.289394	-10.841618	-7.721639	
-14.341534	-11.056687	5.056399	5.822807	5.992233	3.240013	16.924563	18.580803	-0.563314	-9.093041	3.921424	-18.753881	6.350134	15.417820	10.917535	-10.346266	-3.434011	-5.382933	18.640898	6.000088	-15.959960	-13.891543	-3.281499	-17.894425	6.692796	-20.654287	1.816861	19.327826	6.368883	-11.342134	-17.688053	-13.390650	-10.650036	17.496848	16.737385	16.417534	-17.226913	-15.150064	1.971306	-15.641818	0.536460	14.382450	-7.661891	-19.159937	-16.832380	-13.394531	-0.412839	-6.140623	10.415661	-0.028318	
19.169942	24.957728	-10.753137	16.600857	5.365811	0.478915	-23.795646	9.427702	2.875846	18.641400	-9.468561	-14.729895	7.759087	-20.505809	21.548013	-4.941008	-5.449825	26.179822	3.968797	-3.214785	-3.689154	23.541198	27.989828	-20.581656	-10.390597	-5.680433	-9.647312	7.756617	-27.469644	4.263183	7.788496	4.410838	-25.094469	-16.413794	-20.063721	11.501415	-17.879544	-21.436251	-7.287499	18.068523	8.538001	-0.767388	-13.904477	-6.412960	4.574055	3.418839	-4.895771	-2.464907	-5.877439	0.114235	
-5.676762	14.581689	-17.058010	11.899690	-7.886614	16.656406	4.263101	17.924724	-0.250768	-7.545578	5.755866	15.870562	9.984809	14.686513	18.461169	4.880238	-2.349508	2.701152	5.563078	13.700283	-5.453912	7.164557	3.437340	16.110023	-12.784495	13.733111	15.604412	7.905814	-11.951475	11.975900	13.003746	18.589637	-5.150389	3.173137	4.826253	-9.036277	-1.518020	5.070882	-2.515020	8.859138	11.295869	3.002499	-13.904719	-13.577018	-9.867421	6.547520	11.171187	3.033648	9.121111	4.636037	
7.063288	-17.926979	-25.121687	23.081474	-24.154479	-25.770309	-12.998242	-7.291962	11.722491	-21.783509	6.434357	-13.367170	15.855087	19.753639	6.689497	-17.573964	-22.222362	22.789922	-18.668099	27.907443	14.689871	-26.220528	-19.957806	15.005135	13.012274	-24.510526	-20.925348	19.344144	-1.039124	-11.674675	-14.590963	-2.226319	-3.954534	4.921388	17.662804	-8.440344	-25.284850	-4.925100	15.085052	21.989345	27.510902	-14.851953	2.597839	10.822879	-7.443143	-20.632791	-22.493244	-2.662770	20.067354	-13.157761	
19.335165	-13.380020	-25.220055	21.179031	21.536536	-10.220211	7.729447	6.224756	4.393450	-19.974030	6.210181	-23.648049	-2.264365	21.000681	-7.649578	13.370458	-23.434722	-19.666892	-2.561683	-16.735974	9.452467	15.500276	-3.773538	-26.894558	16.863340	15.373015	-2.168436	-19.988629	6.203827	18.081763	-15.801164	-23.870861	17.287750	10.333828	8.173598	-15.993406	-10.032427	-11.807316	-9.039791	22.459959	14.591077	-25.346261	-22.689918	-21.975567	5.179917	-13.954350	16.613868	-4.754821	1.243216	-3.569390	
19.415239	-10.662006	-12.752896	-16.388295	-8.288954	-10.130320	8.497258	5.619853	0.814682	-12.905937	11.966403	-1.243722	-13.973370	-7.253759	-0.211263	-12.787310	-12.247455	13.478258	6.985186	10.001090	-15.684751	-3.734847	7.216104	-2.686233	13.854445	-17.330431	-8.802766	4.967591	-11.194955	7.196574	-5.230204	6.685298	8.561216	-0.959771	3.030833	-18.813596	-6.196202	16.618346	14.966190	10.710638	-15.785025	-6.628381	1.142255	-3.022214	-18.121714	-5.162640	-7.987578	3.182859	16.210973	0.629936	
-18.343201	9.396040	-8.681380	1.427421	-8.109473	14.146143	-8.952600	17.405804	6.248509	3.038739	-20.076348	-14.422165	4.319358	-8.654732	-9.011879	-17.492715	-2.236577	-6.600930	6.204695	1.116231	0.431127	-20.803030	18.381582	11.176088	17.067656	-5.733033	-8.623600	-16.307717	-12.324387	-21.280856	-19.113018	8.614309	4.813360	14.617667	-15.361169	13.259748	6.120139	-1.185771	22.112972	17.690056	-12.400035	-7.752388	-10.796340	-8.155379	-9.536392	-2.192990	-19.996248	-19.948484	-3.895800	-13.435243	
9.063596	10.076244	12.832142	16.716566	2.698230	10.326399	-7.944683	-7.855431	-9.220118	-16.648954	-19.982429	-0.976954	4.891709	-9.038444	-3.246171	2.588747	-19.025409	4.359417	10.189571	-15.787104	22.931252	-15.282301	-4.711441	17.608866	-5.387878	5.862121	12.528664	-8.768576	18.417499	-8.882175	19.447855	12.127216	6.117289	-13.038066	9.676109	2.358726	-4.725025	11.796989	-0.845392	21.146824	-14.954142	14.792334	-1.953329	15.206683	-10.113175	6.705687	-20.538126	18.960338	-15.362968	1.817580	
26.732599	2.195842	-17.396706	14.008161	2.601580	-15.198521	-10.178813	16.893501	-14.091094	5.880335	10.961957	3.212607	-19.835046	18.036206	-4.038607	-23.498238	-6.550634	19.138274	13.104500	13.498607	-0.860484	13.676143	-14.650086	19.999373	8.565005	-27.499790	-2.151059	-2.129560	17.619019	16.763770	-14.081493	26.381341	19.300094	19.294907	4.695269	-17.657761	27.288707	6.337038	7.071839	27.527439	4.707775	3.859816	8.449311	-14.694665	14.851284	-11.363217	-26.741366	-20.074063	0.644570	-14.341992	
-20.502966	8.523724	27.304871	26.024819	-19.174764	-27.649523	-8.361730	13.850301	12.260548	-26.699000	-4.832972	7.776809	19.670766	-16.284126	-14.298163	-14.134381	19.297246	-16.260456	20.158107	-15.877833	-29.117116	3.274798	12.932839	-1.906730	-7.047893	5.088123	10.214826	13.061590	26.486887	25.475866	19.468676	20.757115	-1.077524	-17.556852	-21.510531	-8.320961	-9.064548	5.499080	26.225160	23.853901	24.399256	-2.817180	-27.021924	-16.480570	-23.561039	-21.458012	4.795686	-3.162147	-9.690630	-15.176717	
-11.659921	23.251418	2.241101	-11.949715	10.889076	22.580156	9.080636	-1.251810	25.105988	8.791066	19.701863	-0.649591	11.210854	-1.984416	-19.329447	-26.800298	-3.549737	19.973620	13.472448	-10.590529	15.647744	-8.547129	-19.914364	-15.227595	15.565499	19.805009	-4.332654	-22.651133	17.621168	-5.204848	12.540705	20.590531	-26.761827	14.433629	-21.759469	16.181318	24.282013	-26.589301	-26.344765	14.860404	-3.006781	16.464364	-1.855829	-2.420234	12.673675	15.147522	-15.197554	3.008456	-12.456218	-1.712606	
-17.691938	-16.330350	10.460433	-23.619595	-1.955436	17.569537	-0.094724	19.477111	20.831107	1.993430	11.287835	7.430763	-11.677547	-12.818597	-3.505943	12.544941	8.772401	9.136174	-15.143744	11.198362	7.466756	-8.013594	-5.395180	-16.428866	0.164531	-18.207698	-4.507697	-5.763932	14.467606	-2.921330	23.572782	15.777017	15.956413	19.838414	-2.918521	-11.971822	-18.577450	12.020864	-20.017746	6.301043	2.596899	16.491218	17.685679	-2.718663	-14.485792	-10.317033	-8.033605	8.154684	3.679851	2.263343	
17.958451	13.447458	-14.888852	24.355550	18.008721	17.123743	-5.331326	-24.510085	3.582716	25.228784	-8.182230	-2.866670	26.088128	-25.999839	-18.368387	-13.269999	24.216219	1.222259	-19.687894	-15.232603	-4.793894	26.673721	-3.275742	-17.655985	-14.675291	-16.893559	19.945067	22.991692	-9.526135	15.632884	-19.227065	-20.538684	26.163844	-15.229659	2.255648	10.827384	15.653618	-18.884011	-25.978505	20.489840	-3.394053	14.581383	7.645360	-24.213962	-23.048080	-12.894742	-25.446521	-11.450792	23.265234	16.400540	
-10.401958	16.268229	-3.828056	-1.681733	-1.689440	16.296316	-3.776219	6.355615	-7.060708	18.630383	-8.029880	-12.158027	-8.926745	-2.783560	-7.126597	-8.606803	-8.808405	-13.725182	-0.175535	2.037602	18.959279	1.358825	13.621381	-5.949163	-11.557272	16.624594	-15.046176	16.994738	-2.611605	-10.539754	-18.250117	14.227685	-9.182915	12.950651	-8.362558	16.216483	-4.732040	11.342338	15.899612	1.400363	13.414105	-12.569321	-6.424463	-10.726226	3.483111	-7.665241	-17.338163	1.280805	13.769583	-16.420089	
-19.639806	3.940287	3.250323	-19.692216	13.876381	1.059685	4.533129	19.035703	15.272346	-0.183092	-10.164495	4.884148	-18.199358	-14.133633	-8.407828	-12.821794	20.191985	-6.962787	16.651502	24.740454	12.854250	-15.329241	-1.576104	-15.263455	-7.683458	3.575388	-6.455692	7.728906	-2.837600	-5.106017	-20.324983	-8.631301	3.505370	-12.467579	0.383863	-0.291039	-19.362197	4.742212	10.900040	-20.769040	6.265568	-16.204632	-22.833699	22.538980	13.337456	0.949405	-20.016511	-5.050206	-13.083265	17.418766	
-7.434028	-23.573931	-13.025876	-1.427978	1.519423	8.337757	-22.011118	1.814838	-5.807672	-21.941984	21.977404	-8.574219	-13.272207	3.219508	-3.223539	13.649600	9.965270	-15.569406	-16.117106	2.550057	-4.503285	20.602474	-17.024894	-11.687693	-4.158253	-7.942063	-14.302794	6.766048	17.298207	11.896208	-5.944805	-10.508314	11.244614	13.411978	-0.762061	-17.410853	2.236926	-17.638739	13.410082	-0.146476	19.343237	-1.117941	-6.290908	7.031101	-21.497074	-19.805081	-13.571485	5.567998	8.443749	6.377354	
-10.106975	-4.504043	15.037350	-0.335018	-26.867806	10.123389	9.808885	16.180548	6.842751	20.603774	8.904177	14.946813	-12.277272	-21.245148	15.535986	-17.371959	-18.311481	-11.214524	13.288391	17.438290	-11.975802	25.150983	0.839696	7.195361	9.528282	-2.567399	-17.338431	21.256089	-8.392286	-1.045898	-21.837307	-23.710837	-27.263960	22.407567	0.575982	18.906836	15.310113	-7.404015	16.524162	-8.694333	18.877848	-20.539623	-18.503471	-19.493414	-20.753251	8.073311	8.283078	11.291722	1.982491	-27.447978	
-5.081898	-9.305565	9.182854	-2.835072	-28.706791	16.595857	29.674833	11.058038	21.576915	-8.993602	12.618438	15.610081	-11.059983	5.130568	13.639713	-7.765679	-20.134424	-8.774928	20.564173	-7.964645	-15.366320	-29.246249	-25.992924	-4.820287	6.535291	-30.914746	30.651906	26.308658	31.659792	-8.014494	-1.323410	-11.900195	5.130366	-6.188501	-30.086038	-7.233602	11.198849	-3.754879	-23.188905	-1.027195	-31.579699	-6.284970	7.551335	9.349316	11.568474	-2.477286	-30.739666	30.332495	-18.935703	4.733193	
4.479200	12.115908	-1.831577	14.827825	20.612310	-6.532459	25.045370	18.123648	3.853475	-8.309104	-15.714204	-28.210389	-12.481065	11.649537	-19.175116	7.781861	30.873050	23.657713	-3.115829	22.144547	-7.616340	17.825621	8.256607	-11.819766	15.703566	-15.324227	3.186631	-26.753251	-28.249792	16.007712	-0.267920	-27.018948	15.534313	-8.292248	19.664187	10.804540	-3.136888	12.219445	-18.381319	6.730271	-5.498049	-5.875120	-6.480869	-24.050158	22.651375	17.638882	30.595132	8.311468	-17.282899	-26.713242	
-19.560252	-12.665312	-12.454869	-11.888777	-18.059236	3.469617	20.282873	17.119261	11.290186	-11.067310	11.532108	1.852296	-5.435633	20.444272	11.755233	-0.842876	-12.909482	9.692763	-16.495119	-13.905393	8.118158	-0.023847	-0.732713	-13.650202	16.543853	0.236539	-16.289578	-15.549174	-22.706860	3.876315	-16.472463	-11.820721	0.849981	4.219981	-8.342803	6.700118	-2.942482	2.242877	21.190318	-7.335032	1.947070	20.800580	13.615926	-9.466942	18.037495	-14.697394	19.492857	-14.852311	-1.813348	0.773200	
1.288239	11.112932	17.349471	10.998506	-25.140891	3.052025	12.915250	-11.461829	-16.452206	21.048379	-4.068249	-16.167664	-2.750874	-6.189236	-12.593395	12.380636	11.422900	11.228123	-21.732443	19.667782	15.097579	-14.026388	26.085335	-20.382321	-5.136201	13.588886	-0.078378	-11.761764	-13.045452	2.888125	0.589830	3.253804	-16.522674	10.671854	5.799943	17.498085	1.650911	-20.612525	-9.742232	-12.006782	24.831355	-5.832898	-1.534686	1.476524	-11.008867	-19.825139	12.449437	6.965625	-18.629260	-3.445544	
-8.397765	18.186165	-26.501529	-7.177753	6.569796	9.570425	18.916714	-20.817252	-0.681405	-15.055585	16.119760	-12.213539	17.070318	-25.822784	12.739185	9.611031	-11.776852	-14.796198	19.852660	-17.219960	11.879761	15.505640	23.498268	-13.603800	-26.502383	23.699186	-20.446300	-3.507833	-25.314649	5.670126	22.507906	-17.342283	-16.687665	10.165008	-25.892604	-16.733344	12.091043	-25.296882	-7.191010	21.354898	25.602572	-18.769395	8.833512	6.939736	24.950427	-21.787101	-6.277553	-4.108417	-14.133722	-3.254880	
10.658282	0.516188	17.533033	13.207867	27.823657	8.112887	10.580313	17.385874	-14.204268	12.705682	-15.914656	12.503226	-22.523865	26.555153	-6.896226	-23.951555	-11.850966	26.022732	3.093856	10.048220	20.617568	-1.013669	25.597392	18.347249	-9.049134	21.868705	14.622550	6.932538	13.572067	18.279795	-11.133995	-6.517204	7.910219	-26.942179	17.581143	25.415404	10.334172	4.595955	6.079910	-18.696843	31.819941	-1.034628	-16.838032	6.236012	-24.002424	-18.821901	31.741957	-7.711702	15.009083	19.377942	
23.059717	23.059674	-12.198975	2.877172	-4.265082	-19.571685	-23.405722	1.142826	8.477076	7.723742	8.736181	-6.007204	9.845855	-0.426071	-19.769293	2.350459	14.669745	7.640708	-5.011959	21.760775	-0.985555	11.850351	-6.134359	15.145265	-2.980886	15.711435	13.785055	20.886979	-14.916248	-19.175371	8.030101	-13.823340	-12.921966	5.148346	9.962246	15.341744	-15.311711	0.212554	6.032509	7.063185	22.296227	-4.283424	-4.427807	6.331457	22.232113	4.807589	17.738846	10.012808	2.282382	5.504700	
0.036978	0.026984	0.032319	0.027641	0.007369	0.001737	0.027142	0.017415	0.017030	0.024128	0.029872	0.012147	0.020214	0.018948	0.033691	0.002987	0.011387	0.010146	0.036210	0.013768	0.006906	0.000782	0.006903	0.036410	0.004201	0.009407	0.025550	0.021836	0.025772	0.026590	0.024431	0.031351	0.030834	0.017305	0.004480	0.019466	0.035166	0.026215	0.015466	0.019079	0.019071	0.024548	0.016397	0.003077	0.015679	0.020225	0.037128	0.037015	0.024172	0.006424	
0.010259	0.030837	0.000388	0.025106	0.020747	0.031087	0.013679	0.030502	0.021980	0.033985	0.029742	0.001875	0.020710	0.018549	0.028871	0.008581	0.017004	0.011242	0.029681	0.026586	0.005415	0.016322	0.017596	0.018398	0.011271	0.026882	0.007961	0.032334	0.008542	0.035115	0.015181	0.026521	0.002085	0.019863	0.019750	0.023033	0.006813	0.027129	0.036452	0.022846	0.015402	0.031024	0.013974	0.009113	0.030815	0.016105	0.023605	0.015634	0.036909	0.016496	
0.030156	0.008951	0.022173	0.014185	0.014480	0.011404	0.021193	0.018752	0.022246	0.025815	0.024525	0.031627	0.010170	0.031206	0.009164	0.015715	0.034676	0.019973	0.017428	0.016345	0.027998	0.000836	0.007987	0.000841	0.023717	0.032349	0.035333	0.004970	0.037278	0.027246	0.029273	0.001624	0.016929	0.036316	0.000163	0.003175	0.027838	0.026473	0.024321	0.000092	0.007488	0.031137	0.035267	0.019555	0.024274	0.040593	0.023183	0.015761	0.005051	0.032747	
0.014620	0.009765	0.026473	0.031063	0.001507	0.014147	0.014573	0.031541	0.028879	0.020894	0.014573	0.028839	0.027410	0.022659	0.019329	0.020184	0.015601	0.033692	0.021824	0.038804	0.021039	0.024196	0.026372	0.024937	0.011506	0.018986	0.019024	0.006342	0.015844	0.009899	0.015636	0.034953	0.021055	0.012158	0.032500	0.001800	0.033415	0.008747	0.002755	0.008707	0.030452	0.026861	0.015055	0.016115	0.028971	0.023112	0.002735	0.033305	0.028237	0.008907	
0.003346	0.019578	0.028292	0.017996	0.037876	0.004602	0.024293	0.000693	0.001587	0.037492	0.013259	0.039595	0.028351	0.039558	0.002234	0.021277	0.041963	0.019228	0.003281	0.006762	0.034385	0.025667	0.021170	0.020134	0.004915	0.023699	0.024981	0.041185	0.009692	0.016113	0.013468	0.015878	0.029524	0.025886	0.012798	0.007773	0.007270	0.028422	0.005656	0.009425	0.009149	0.019973	0.039495	0.031030	0.023981	0.008585	0.036111	0.022558	0.034513	0.005304	
0.001799	0.006432	0.007726	0.037157	0.016007	0.025779	0.020588	0.010853	0.034428	0.027540	0.022511	0.022779	0.037511	0.005626	0.028266	0.006667	0.000268	0.033043	0.038585	0.008495	0.033753	0.022203	0.031711	0.014636	0.001490	0.005907	0.037020	0.029062	0.024127	0.020473	0.022261	0.019739	0.025808	0.038155	0.013971	0.030564	0.004890	0.014809	0.004418	0.029683	0.009184	0.019821	0.034472	0.008088	0.027909	0.018209	0.027802	0.002985	0.027334	0.007456	
0.013320	0.014321	0.029126	0.004884	0.025627	0.005861	0.000218	0.034353	0.030258	0.004843	0.020959	0.032123	0.021774	0.011732	0.025934	0.018333	0.020761	0.024341	0.037681	0.011118	0.007038	0.034127	0.009494	0.012304	0.020728	0.027600	0.010397	0.027709	0.032695	0.024046	0.035357	0.029917	0.004098	0.020845	0.024278	0.009501	0.015722	0.017348	0.012176	0.038435	0.005186	0.026576	0.009850	0.035382	0.021474	0.024803	0.010720	0.028283	0.025832	0.010515	
0.005885	0.027659	0.007507	0.022069	0.018262	0.016160	0.040573	0.034067	0.040325	0.009487	0.005374	0.045084	0.017074	0.034480	0.003885	0.040105	0.017081	0.000777	0.029963	0.043604	0.036546	0.030489	0.003174	0.013953	0.007173	0.033723	0.036275	0.010950	0.001143	0.011186	0.033286	0.002372	0.030096	0.010332	0.011311	0.001800	0.046527	0.008257	0.005776	0.020709	0.004279	0.029556	0.000678	0.014670	0.023587	0.022976	0.046074	0.003018	0.008513	0.032149	
0.011408	0.009187	0.020301	0.033845	0.026438	0.002617	0.020682	0.033033	0.019849	0.005981	0.021800	0.020655	0.026185	0.014136	0.018875	0.000638	0.036913	0.034903	0.018626	0.002147	0.017723	0.015879	0.027598	0.031585	0.029334	0.032297	0.023111	0.020504	0.018568	0.027435	0.026991	0.027111	0.017450	0.002152	0.006918	0.011937	0.023758	0.033242	0.007437	0.031661	0.014006	0.014585	0.007199	0.035936	0.031908	0.013110	0.004100	0.012894	0.018830	0.036521	
0.030042	0.009379	0.000354	0.004718	0.014679	0.036632	0.018844	0.009451	0.005040	0.022167	0.008045	0.038763	0.036104	0.020457	0.015094	0.013605	0.016768	0.004806	0.038695	0.020913	0.001871	0.009372	0.016672	0.040656	0.038862	0.029089	0.001503	0.012105	0.017119	0.019211	0.004370	0.004232	0.020758	0.026486	0.030875	0.015371	0.015214	0.006997	0.034996	0.014090	0.039602	0.033866	0.032924	0.034161	0.023869	0.035747	0.007273	0.029177	0.027774	0.011204	
0.037978	0.018794	0.035139	0.012923	0.021570	0.037233	0.006771	0.035677	0.007917	0.015733	0.018472	0.008360	0.015430	0.000583	0.014016	0.029416	0.024837	0.006594	0.000839	0.017596	0.034357	0.024874	0.002740	0.003078	0.035738	0.020638	0.024623	0.006332	0.037980	0.031706	0.021343	0.038159	0.006291	0.036419	0.027608	0.020907	0.011328	0.025372	0.009989	0.031918	0.002550	0.033906	0.007161	0.020507	0.008673	0.018592	0.035236	0.016600	0.016368	0.023130	
0.021429	0.031500	0.018938	0.021063	0.034086	0.001291	0.026032	0.030817	0.010311	0.023347	0.005674	0.019715	0.013556	0.033562	0.013695	0.013798	0.007079	0.019674	0.005916	0.021332	0.011499	0.034009	0.028085	0.025245	0.017257	0.021114	0.019917	0.024204	0.021896	0.021289	0.014075	0.029556	0.012650	0.026665	0.021156	0.016357	0.027888	0.016825	0.004082	0.009957	0.030601	0.032994	0.035003	0.027003	0.007448	0.022826	0.032652	0.000372	0.032556	0.002001	
0.014146	0.037617	0.019796	0.026693	0.017389	0.013453	0.017140	0.007118	0.020117	0.016701	0.012822	0.001645	0.024458	0.030383	0.030407	0.003062	0.035634	0.025986	0.025819	0.002465	0.020495	0.018696	0.032242	0.032355	0.016261	0.010464	0.004222	0.005370	0.007517	0.000117	0.006905	0.027887	0.041434	0.021884	0.008486	0.026974	0.004225	0.025292	0.030887	0.022847	0.032917	0.004506	0.030807	0.003536	0.033340	0.036766	0.027937	0.034183	0.034242	0.014355	
0.002532	0.035347	0.018019	0.029112	0.011362	0.010431	0.032580	0.011517	0.016989	0.031170	0.028027	0.025781	0.019057	0.035242	0.010438	0.016469	0.026530	0.027329	0.026464	0.015320	0.006446	0.015521	0.018895	0.016187	0.023227	0.024495	0.000665	0.032323	0.019203	0.013003	0.019774	0.030744	0.030796	0.013938	0.004060	0.012292	0.002601	0.018186	0.010629	0.011396	0.028044	0.023928	0.005509	0.017269	0.032774	0.035327	0.030460	0.001469	0.035552	0.035569	
0.018384	0.039107	0.025694	0.015061	0.011435	0.026353	0.022342	0.025469	0.026436	0.019734	0.033061	0.028378	0.018202	0.027993	0.034604	0.020000	0.036639	0.008717	0.026470	0.005709	0.011880	0.002379	0.038457	0.036086	0.022126	0.012860	0.003096	0.022386	0.009631	0.020866	0.001879	0.002296	0.004178	0.010920	0.029264	0.036255	0.022675	0.005063	0.006309	0.000844	0.030145	0.012968	0.006415	0.002441	0.037276	0.033716	0.015865	0.022043	0.030888	0.039005	
0.014320	0.029613	0.011456	0.035714	0.025296	0.039309	0.039245	0.006064	0.002273	0.016037	0.025832	0.006615	0.002335	0.010585	0.035530	0.012616	0.000652	0.019966	0.023255	0.014841	0.005385	0.029862	0.015511	0.034658	0.005774	0.028716	0.020777	0.005625	0.019080	0.005717	0.037656	0.037010	0.010874	0.030786	0.028119	0.016763	0.030029	0.026121	0.012434	0.020415	0.010228	0.031758	0.012878	0.020489	0.036283	0.017054	0.002443	0.024089	0.030518	0.021393	
0.039485	0.019701	0.009933	0.020852	0.027897	0.002057	0.007695	0.033121	0.037713	0.006218	0.009263	0.037516	0.036242	0.034969	0.008757	0.025236	0.041178	0.011647	0.017259	0.036581	0.010585	0.027310	0.037959	0.000101	0.013319	0.003098	0.005436	0.032321	0.009677	0.027277	0.042067	0.024183	0.017383	0.001210	0.020573	0.002995	0.016687	0.022675	0.003863	0.008035	0.001253	0.000390	0.030334	0.013144	0.024572	0.031691	0.040043	0.034833	0.019851	0.013815	
0.036531	0.029593	0.016582	0.020501	0.004059	0.035031	0.023534	0.036515	0.030191	0.023154	0.007428	0.004959	0.022153	0.024886	0.008884	0.012415	0.020934	0.029740	0.014912	0.009480	0.021898	0.035876	0.017784	0.024390	0.017696	0.017612	0.036749	0.027012	0.028784	0.025573	0.006458	0.025835	0.014923	0.008137	0.021114	0.035369	0.026733	0.002397	0.012978	0.019157	0.022494	0.012210	0.011297	0.011229	0.008072	0.025543	0.003110	0.009968	0.026843	0.031276	
0.002642	0.013476	0.017551	0.029591	0.035591	0.024206	0.018617	0.001477	0.027744	0.011251	0.031378	0.003139	0.036624	0.003473	0.033807	0.033730	0.012044	0.015629	0.017612	0.033694	0.002738	0.023192	0.027925	0.022955	0.014923	0.016819	0.014300	0.008526	0.030402	0.018707	0.020481	0.014638	0.030397	0.002501	0.013371	0.006171	0.034025	0.006150	0.023295	0.019881	0.033422	0.000821	0.025630	0.024158	0.033479	0.031655	0.018881	0.021307	0.023565	0.032410	
0.016125	0.029384	0.015252	0.020243	0.006726	0.026171	0.030721	0.016906	0.023887	0.007534	0.001384	0.011549	0.023246	0.028815	0.034779	0.039932	0.033217	0.016906	0.007987	0.005727	0.014014	0.024626	0.025041	0.011252	0.037807	0.010777	0.032874	0.032215	0.002183	0.038609	0.025873	0.022045	0.008096	0.038942	0.006473	0.009862	0.032913	0.016047	0.004079	0.025198	0.028710	0.024275	0.003019	0.011436	0.008415	0.031455	0.030885	0.007662	0.037006	0.001721	
0.019683	0.023463	0.001255	0.032139	0.017822	0.007739	0.036813	0.021986	0.040068	0.017703	0.022938	0.012885	0.037991	0.032545	0.013979	0.002749	0.015207	0.004204	0.010842	0.026109	0.010927	0.017754	0.012612	0.007100	0.004744	0.033548	0.038827	0.020048	0.006765	0.039663	0.031582	0.029837	0.038533	0.008004	0.017721	0.015619	0.033637	0.030403	0.018563	0.031805	0.014668	0.020101	0.011388	0.030191	0.012186	0.004389	0.002858	0.027656	0.019854	0.010896	
0.001927	0.027905	0.016304	0.013127	0.005456	0.030980	0.004165	0.000997	0.033976	0.009590	0.032938	0.016772	0.005268	0.016447	0.038298	0.034644	0.010868	0.011909	0.037517	0.029776	0.004127	0.011282	0.010905	0.002507	0.029563	0.014830	0.026263	0.026246	0.005584	0.032768	0.012149	0.010841	0.025092	0.028195	0.006391	0.022675	0.023881	0.032673	0.026096	0.006880	0.014347	0.027739	0.036468	0.035572	0.013402	0.038798	0.025942	0.031131	0.013156	0.025636	
0.008958	0.025714	0.012846	0.008264	0.012776	0.034403	0.012690	0.029420	0.006266	0.029401	0.034313	0.033351	0.008723	0.024853	0.030209	0.029181	0.013086	0.026098	0.030103	0.026020	0.011180	0.010491	0.002538	0.012428	0.002408	0.020733	0.010559	0.017126	0.007647	0.026486	0.028719	0.012046	0.006441	0.032667	0.027264	0.011580	0.033162	0.024710	0.028166	0.010258	0.020122	0.004663	0.028396	0.031810	0.025449	0.019714	0.030423	0.012080	0.028872	0.025186	
0.011503	0.013850	0.014971	0.039188	0.009914	0.007849	0.024221	0.019269	0.022459	0.018556	0.018307	0.001426	0.018900	0.040050	0.029185	0.027774	0.017585	0.038499	0.030319	0.014907	0.018448	0.037038	0.007642	0.023357	0.026850	0.030874	0.028196	0.017450	0.002668	0.026200	0.002113	0.016527	0.037743	0.017696	0.023156	0.032515	0.008419	0.018915	0.023798	0.015853	0.036762	0.011251	0.014124	0.006161	0.017907	0.027409	0.032873	0.006260	0.006225	0.006837	
0.039199	0.006036	0.011867	0.012918	0.002723	0.024996	0.019214	0.030765	0.007751	0.023663	0.037043	0.038977	0.016574	0.001721	0.001831	0.020270	0.001026	0.037009	0.009166	0.003881	0.022093	0.016284	0.008338	0.035371	0.031596	0.013108	0.013011	0.012388	0.013732	0.025600	0.019843	0.003365	0.018072	0.010158	0.024799	0.040312	0.022860	0.014179	0.036027	0.032625	0.038589	0.009356	0.038958	0.020418	0.022216	0.040864	0.023743	0.002886	0.017060	0.025518	
0.014302	0.028436	0.006533	0.022339	0.000228	0.019190	0.013510	0.029682	0.003160	0.018568	0.017633	0.016927	0.012352	0.030963	0.023927	0.016730	0.024958	0.030775	0.027294	0.019587	0.034977	0.006090	0.022552	0.019280	0.014795	0.026011	0.008190	0.036542	0.032665	0.033300	0.014018	0.025319	0.032166	0.033202	0.017766	0.027881	0.015273	0.012654	0.017274	0.028870	0.014034	0.025860	0.003662	0.032575	0.035602	0.006386	0.003909	0.021048	0.003276	0.017730	
0.003091	0.004048	0.032414	0.011898	0.041156	0.020218	0.015711	0.015784	0.007295	0.035743	0.034470	0.035851	0.016490	0.003872	0.026392	0.016775	0.019134	0.008030	0.022186	0.020367	0.017668	0.011090	0.025219	0.018232	0.023127	0.010855	0.040689	0.024177	0.017314	0.032000	0.004063	0.016438	0.002337	0.009507	0.032345	0.039511	0.027692	0.035688	0.018530	0.033930	0.022509	0.025215	0.024479	0.035094	0.000921	0.002226	0.041306	0.000925	0.000450	0.015536	
0.006476	0.022726	0.042477	0.024406	0.033324	0.042595	0.006422	0.005145	0.002844	0.000768	0.015445	0.015820	0.019086	0.009466	0.032410	0.011754	0.010421	0.000442	0.023232	0.041228	0.020906	0.012153	0.012399	0.007074	0.013107	0.037072	0.001551	0.030146	0.023457	0.030076	0.025879	0.037990	0.011157	0.009646	0.014863	0.021020	0.032676	0.002354	0.036517	0.018984	0.033805	0.007534	0.022700	0.001631	0.010240	0.015720	0.029436	0.031460	0.042080	0.039881	
0.031475	0.005597	0.041769	0.003892	0.038609	0.025955	0.039729	0.000608	0.009301	0.022292	0.021730	0.024600	0.008408	0.019763	0.008659	0.010382	0.014684	0.039111	0.000635	0.011767	0.012411	0.036188	0.033133	0.007297	0.015081	0.017661	0.003479	0.023967	0.002833	0.040189	0.028312	0.007553	0.017257	0.018281	0.022982	0.041479	0.015152	0.013919	0.034989	0.003427	0.038351	0.005835	0.032748	0.013181	0.035343	0.010137	0.016681	0.013066	0.037450	0.022652	
0.017119	0.000395	0.022332	0.037140	0.042915	0.022507	0.022254	0.024798	0.032842	0.004319	0.017322	0.027629	0.031252	0.003102	0.017803	0.005332	0.034847	0.021322	0.031346	0.021516	0.035441	0.018581	0.020279	0.004551	0.015295	0.040166	0.032731	0.016929	0.012965	0.011833	0.019934	0.003915	0.008806	0.007791	0.028244	0.019474	0.000895	0.024390	0.007543	0.012275	0.002880	0.021694	0.019955	0.024361	0.016673	0.022140	0.026929	0.041460	0.034217	0.009559	
0.019933	0.019144	0.006915	0.015212	0.041879	0.012997	0.001813	0.001440	0.009010	0.000627	0.008692	0.029832	0.029909	0.004688	0.032788	0.041042	0.016011	0.032260	0.017378	0.032674	0.002938	0.036725	0.042577	0.026783	0.026468	0.034585	0.031827	0.000160	0.027674	0.005837	0.034960	0.024742	0.024575	0.004214	0.002894	0.036477	0.000508	0.006289	0.040565	0.026568	0.035922	0.015490	0.025558	0.036110	0.010158	0.008726	0.024236	0.012108	0.015255	0.004826	
0.031329	0.027709	0.026517	0.003574	0.013557	0.030166	0.030532	0.014402	0.014509	0.014613	0.016973	0.037223	0.030915	0.023033	0.021796	0.006893	0.027643	0.014480	0.027972	0.001315	0.038034	0.026649	0.003282	0.035404	0.032924	0.009788	0.014273	0.000659	0.021197	0.020175	0.031736	0.030885	0.025398	0.032154	0.001676	0.009526	0.011550	0.000931	0.010724	0.022288	0.011703	0.003799	0.011752	0.030097	0.026694	0.003299	0.034495	0.020472	0.043650	0.019638	
0.000058	0.028087	0.017754	0.013495	0.003634	0.017868	0.024644	0.023497	0.005797	0.007530	0.010194	0.011905	0.008485	0.027516	0.028612	0.006528	0.011834	0.032431	0.036493	0.023659	0.002297	0.002385	0.004699	0.036085	0.005890	0.008848	0.034459	0.026413	0.026152	0.027072	0.025547	0.034265	0.037894	0.021395	0.002185	0.037687	0.001345	0.020260	0.038679	0.038848	0.032321	0.002770	0.035867	0.002043	0.032144	0.033441	0.003180	0.025705	0.024302	0.035801	
0.010555	0.017088	0.021599	0.024931	0.027828	0.004509	0.029466	0.001462	0.015861	0.020709	0.008732	0.007781	0.002572	0.021058	0.001977	0.014958	0.027810	0.027314	0.025422	0.028843	0.021428	0.005481	0.020921	0.003700	0.036492	0.007447	0.009905	0.018550	0.002433	0.012374	0.019717	0.033580	0.037206	0.012730	0.021057	0.028006	0.031735	0.021948	0.000841	0.035502	0.017547	0.014660	0.035999	0.037359	0.036562	0.032145	0.036840	0.028870	0.035453	0.003038	
0.029156	0.037614	0.025436	0.014449	0.032246	0.016834	0.003780	0.029363	0.001494	0.016628	0.031300	0.002130	0.004322	0.023438	0.005595	0.025617	0.017386	0.035114	0.022941	0.011086	0.004435	0.036209	0.002035	0.035258	0.026721	0.030979	0.027578	0.014543	0.024665	0.017905	0.002442	0.005397	0.007772	0.024873	0.018729	0.024663	0.018725	0.016604	0.002411	0.025760	0.027343	0.030800	0.012035	0.013536	0.030676	0.038286	0.027206	0.022944	0.022367	0.021175	
0.028661	0.000484	0.015240	0.028294	0.028101	0.026039	0.031162	0.021485	0.010487	0.025822	0.006938	0.030205	0.009777	0.024719	0.004677	0.021407	0.022088	0.007993	0.011918	0.017002	0.016514	0.028400	0.025738	0.026736	0.027511	0.017809	0.028680	0.029206	0.010297	0.007875	0.029885	0.020023	0.030346	0.015473	0.008297	0.023904	0.025660	0.023404	0.013520	0.018281	0.001680	0.029761	0.016144	0.019668	0.026641	0.027478	0.026562	0.024966	0.005796	0.021245	
0.029316	0.003956	0.008919	0.022269	0.033251	0.020917	0.040425	0.036703	0.038871	0.027176	0.017280	0.006203	0.025747	0.012016	0.016099	0.029726	0.005443	0.011695	0.036174	0.016940	0.021934	0.025443	0.036597	0.007709	0.022073	0.017438	0.018619	0.033505	0.000373	0.009921	0.027136	0.032886	0.008861	0.037660	0.006183	0.025922	0.015003	0.000208	0.009049	0.016761	0.011311	0.028672	0.039931	0.020797	0.011021	0.005117	0.019356	0.024251	0.010247	0.016893	
0.024447	0.036195	0.036251	0.014836	0.035579	0.005866	0.034426	0.036773	0.005045	0.010397	0.005818	0.037803	0.007830	0.037502	0.004496	0.021081	0.019035	0.017623	0.033527	0.003939	0.006409	0.011530	0.006560	0.016548	0.030660	0.026225	0.007015	0.005663	0.013983	0.035402	0.002101	0.007995	0.016243	0.016326	0.035479	0.034582	0.032095	0.026053	0.010613	0.018862	0.024519	0.008645	0.037453	0.000719	0.027193	0.028654	0.007265	0.022322	0.032885	0.021531	
0.002378	0.032064	0.030185	0.014643	0.004595	0.007015	0.026600	0.010381	0.027868	0.008324	0.022159	0.009846	0.031179	0.024007	0.013606	0.024897	0.035321	0.004170	0.025803	0.004027	0.019418	0.031742	0.025302	0.006725	0.027745	0.033743	0.031185	0.025218	0.028646	0.026166	0.005599	0.020125	0.014972	0.019595	0.027952	0.022730	0.016837	0.011910	0.031459	0.030382	0.007948	0.035260	0.008942	0.030713	0.003499	0.032861	0.002635	0.011794	0.031319	0.018511	
0.043082	0.003976	0.018069	0.040615	0.026806	0.019373	0.016608	0.016683	0.016429	0.040084	0.000997	0.012168	0.005231	0.020126	0.017140	0.035536	0.040777	0.009591	0.017196	0.003016	0.005024	0.029205	0.032397	0.005029	0.000213	0.023711	0.042081	0.026099	0.013463	0.008748	0.030773	0.038839	0.027050	0.010539	0.018227	0.036215	0.009440	0.042960	0.028082	0.021676	0.020818	0.020341	0.000532	0.017168	0.029825	0.000977	0.002908	0.011179	0.018176	0.024808	
0.038072	0.020437	0.000186	0.014871	0.017163	0.011260	0.012062	0.017963	0.037283	0.011063	0.030844	0.025266	0.033550	0.028013	0.008906	0.004728	0.002079	0.028464	0.010650	0.043501	0.038280	0.003830	0.044497	0.027253	0.031231	0.000857	0.009982	0.005751	0.002234	0.039366	0.011998	0.029830	0.017484	0.045949	0.032056	0.007979	0.029288	0.025796	0.027200	0.001841	0.004094	0.028215	0.022458	0.001544	0.029214	0.014723	0.020874	0.026276	0.014382	0.009158	
0.017398	0.013681	0.019221	0.004433	0.030978	0.022180	0.016265	0.005985	0.038127	0.036102	0.023408	0.021439	0.039983	0.006716	0.023227	0.018258	0.006956	0.039226	0.002748	0.037620	0.008764	0.007450	0.008660	0.006921	0.034763	0.032133	0.000170	0.026751	0.023479	0.039951	0.010272	0.020071	0.002127	0.020616	0.010959	0.037984	0.038145	0.002790	0.014166	0.000828	0.010623	0.021471	0.036098	0.010374	0.011964	0.015905	0.030832	0.041377	0.010240	0.040164	
0.036550	0.034441	0.021305	0.034838	0.014397	0.017596	0.012901	0.039372	0.019215	0.012507	0.035146	0.013495	0.035545	0.024463	0.017699	0.028095	0.022900	0.018855	0.000822	0.007328	0.019437	0.009825	0.005218	0.026524	0.010550	0.016734	0.004486	0.033308	0.030462	0.021802	0.005346	0.018284	0.032597	0.027683	0.034041	0.014651	0.010918	0.006816	0.009394	0.036297	0.027788	0.034755	0.008099	0.014443	0.000800	0.008463	0.029875	0.003450	0.017482	0.033002	
0.031003	0.038751	0.027135	0.023613	0.007362	0.017901	0.014299	0.032569	0.017819	0.015402	0.015491	0.012686	0.001251	0.029158	0.028748	0.017151	0.011222	0.042692	0.027865	0.013104	0.013087	0.011468	0.001660	0.040787	0.004931	0.019107	0.018956	0.021321	0.014387	0.015324	0.008712	0.005516	0.005711	0.027892	0.039908	0.005677	0.021493	0.023916	0.039420	0.019164	0.037391	0.034778	0.006553	0.030541	0.004316	0.024497	0.002387	0.033088	0.018883	0.023905	
0.030634	0.008313	0.035032	0.011581	0.013704	0.004953	0.005068	0.012783	0.005116	0.016479	0.016374	0.007736	0.039264	0.024990	0.031325	0.015749	0.037634	0.012380	0.039587	0.003979	0.015384	0.027830	0.030823	0.023787	0.035423	0.006569	0.011080	0.024193	0.030272	0.027999	0.029771	0.018489	0.037232	0.039990	0.002592	0.021363	0.000267	0.008329	0.003158	0.032050	0.006103	0.009682	0.009513	0.031373	0.018498	0.015839	0.034389	0.017641	0.027726	0.029954	
0.023350	0.023260	0.031864	0.034580	0.017025	0.008655	0.034936	0.013770	0.003145	0.000404	0.012655	0.022224	0.024162	0.009898	0.009868	0.031146	0.015078	0.013359	0.007872	0.033725	0.004421	0.012589	0.009849	0.017317	0.005808	0.024931	0.012332	0.009431	0.011721	0.026276	0.009492	0.008126	0.033195	0.024024	0.029378	0.024482	0.026867	0.031225	0.031792	0.007391	0.036035	0.025545	0.033764	0.005813	0.036317	0.016849	0.033550	0.030764	0.014587	0.035151	
0.009407	0.021568	0.040919	0.003108	0.042404	0.032767	0.024030	0.020361	0.012313	0.016380	0.042944	0.024479	0.006574	0.005447	0.011143	0.000308	0.004571	0.028691	0.034074	0.040396	0.009424	0.005255	0.021109	0.027825	0.028222	0.012146	0.009715	0.020915	0.005160	0.016511	0.012794	0.024286	0.008589	0.040103	0.038864	0.040266	0.024161	0.030992	0.026912	0.000872	0.018917	0.018689	0.003480	0.006627	0.032294	0.009340	0.036127	0.002495	0.006980	0.039044	
0.028608	0.031931	0.014054	0.024200	0.002571	0.023461	0.027592	0.033377	0.020036	0.028539	0.003786	0.007497	0.022274	0.020660	0.008986	0.008344	0.005692	0.025725	0.025903	0.011159	0.010531	0.028953	0.018299	0.026552	0.035802	0.017795	0.005533	0.034758	0.004363	0.025514	0.003992	0.009617	0.032835	0.031511	0.004433	0.033875	0.029550	0.011744	0.034258	0.018504	0.020687	0.035250	0.014949	0.028119	0.028995	0.002203	0.006107	0.024820	0.029939	0.016117	
0.027768	0.024143	0.005653	0.019039	0.015481	0.025779	0.014405	0.015657	0.028854	0.005491	0.024285	0.008072	0.033455	0.043802	0.016001	0.011515	0.040724	0.010665	0.019448	0.021383	0.018250	0.030658	0.027334	0.033876	0.000308	0.041643	0.033242	0.021233	0.012299	0.002659	0.005057	0.021676	0.011564	0.010893	0.029988	0.032740	0.038277	0.017055	0.010351	0.017536	0.022135	0.011739	0.037365	0.030945	0.000905	0.025609	0.002871	0.000116	0.038392	0.001664	
0.019507	0.026930	0.016544	0.014484	0.011505	0.005531	0.035537	0.028684	0.005587	0.035772	0.015698	0.003023	0.012164	0.013370	0.032303	0.022431	0.027594	0.013713	0.002701	0.016319	0.011840	0.011591	0.009117	0.033560	0.005073	0.005288	0.003006	0.028613	0.012307	0.039318	0.027191	0.011540	0.019858	0.036748	0.008987	0.022137	0.039055	0.015047	0.037405	0.038951	0.020065	0.022707	0.006104	0.016201	0.033567	0.035531	0.033371	0.026710	0.019899	0.009817	
0.033021	0.036751	0.013949	0.032742	0.012309	0.000638	0.008734	0.025781	0.022701	0.016490	0.024749	0.035588	0.004347	0.017818	0.034935	0.015780	0.017041	0.004087	0.017843	0.023423	0.036180	0.000550	0.013649	0.012196	0.031787	0.008896	0.040646	0.034175	0.007501	0.034961	0.017617	0.019079	0.025684	0.018715	0.020461	0.024630	0.006993	0.037562	0.022503	0.037378	0.029934	0.002766	0.038822	0.004711	0.006256	0.008239	0.033551	0.012675	0.000974	0.012178	
0.016483	0.036243	0.006708	0.026112	0.011886	0.015738	0.025006	0.028774	0.011556	0.019546	0.033916	0.032698	0.035119	0.029208	0.019642	0.027526	0.000038	0.028143	0.036757	0.021370	0.002975	0.010148	0.017384	0.005049	0.033083	0.022111	0.034212	0.027309	0.015322	0.037012	0.005779	0.002378	0.031821	0.027222	0.020969	0.008663	0.008506	0.027465	0.006531	0.033556	0.009794	0.008852	0.007062	0.033286	0.027214	0.017978	0.008883	0.004849	0.024840	0.017275	
0.014223	0.037408	0.006685	0.030716	0.008905	0.026844	0.007545	0.025599	0.031541	0.002493	0.008592	0.004926	0.011225	0.003369	0.026316	0.017185	0.018648	0.006965	0.029337	0.015459	0.043500	0.010391	0.013297	0.023020	0.016752	0.012059	0.029669	0.032187	0.004034	0.002092	0.034648	0.044813	0.036601	0.020765	0.010731	0.036360	0.022486	0.008334	0.028242	0.022069	0.013660	0.002812	0.030453	0.039555	0.039460	0.033110	0.001090	0.008064	0.035257	0.010507	
0.013504	0.001446	0.007370	0.021443	0.026901	0.013432	0.042297	0.022686	0.018683	0.013350	0.027842	0.020003	0.026895	0.008817	0.044461	0.032759	0.023856	0.032489	0.004749	0.024144	0.031487	0.002341	0.039844	0.010777	0.010227	0.003138	0.030683	0.042312	0.001820	0.039334	0.016200	0.013455	0.021978	0.018312	0.035292	0.001302	0.006774	0.005301	0.006010	0.043241	0.040197	0.026786	0.005523	0.012061	0.010915	0.023078	0.023557	0.028115	0.009789	0.013025	
0.005566	0.034601	0.021077	0.008519	0.030077	0.023002	0.026696	0.033223	0.021994	0.020335	0.009849	0.004666	0.031407	0.019596	0.032205	0.029952	0.035953	0.000668	0.032679	0.015472	0.032157	0.023699	0.008341	0.007724	0.019629	0.008586	0.031495	0.002469	0.018581	0.018573	0.010871	0.016336	0.036640	0.004935	0.025943	0.005476	0.011519	0.020615	0.013305	0.020579	0.024750	0.018409	0.037783	0.005825	0.009000	0.024344	0.027629	0.036874	0.029478	0.010897	
0.020642	0.024318	0.010525	0.034432	0.013993	0.019520	0.008979	0.013060	0.005881	0.016521	0.027811	0.014322	0.025487	0.033589	0.028374	0.017199	0.022459	0.019838	0.018434	0.003444	0.034511	0.030326	0.006377	0.008564	0.002807	0.007640	0.035523	0.033732	0.019256	0.034077	0.034412	0.029246	0.034926	0.014195	0.025291	0.032205	0.029324	0.007854	0.022550	0.008379	0.014148	0.014389	0.025067	0.001500	0.022156	0.022657	0.016054	0.004163	0.022712	0.027130	
0.018709	0.002429	0.041515	0.016856	0.009191	0.017999	0.043747	0.017496	0.006892	0.023343	0.024287	0.017346	0.020552	0.016118	0.028974	0.030155	0.014171	0.035826	0.007441	0.024717	0.040268	0.037358	0.044502	0.015322	0.015484	0.013883	0.008831	0.020459	0.041189	0.028818	0.011066	0.044509	0.018731	0.009061	0.024115	0.002310	0.006609	0.004136	0.037113	0.002640	0.016344	0.007168	0.013661	0.000237	0.012877	0.033703	0.009971	0.002859	0.031544	0.027469	
0.036653	0.025575	0.013989	0.032350	0.031947	0.036523	0.016853	0.029235	0.028221	0.025375	0.006289	0.019631	0.021611	0.029088	0.019311	0.015386	0.030299	0.004067	0.007961	0.010745	0.009508	0.007707	0.005168	0.002570	0.002085	0.029238	0.002808	0.031430	0.011168	0.007436	0.033953	0.000120	0.000642	0.017463	0.025822	0.002840	0.031834	0.023155	0.010425	0.032586	0.030823	0.031429	0.028160	0.033067	0.000828	0.030321	0.029868	0.036480	0.036664	0.013291	
0.032251	0.032380	0.000457	0.011104	0.024079	0.032248	0.002389	0.012727	0.039205	0.001238	0.004374	0.021181	0.002450	0.004359	0.031742	0.013401	0.021913	0.025006	0.038001	0.019740	0.011898	0.009409	0.003371	0.037227	0.027166	0.030858	0.039132	0.037256	0.028030	0.011641	0.011054	0.026250	0.021261	0.039465	0.029987	0.017059	0.015977	0.022763	0.040414	0.013055	0.001875	0.031547	0.003140	0.017393	0.033782	0.001320	0.007572	0.028525	0.017026	0.014301	
0.001032	0.026894	0.032976	0.020974	0.034667	0.037128	0.034389	0.020567	0.019577	0.000262	0.016496	0.022460	0.038626	0.033545	0.000845	0.034005	0.035118	0.005598	0.027129	0.016807	0.026344	0.022536	0.004948	0.003371	0.006950	0.028613	0.002923	0.016157	0.031645	0.025614	0.001426	0.025458	0.024214	0.031918	0.007442	0.027163	0.019066	0.006650	0.011731	0.014891	0.009022	0.027655	0.027833	0.025078	0.024856	0.021253	0.021216	0.015402	0.018462	0.011067	
0.020005	0.023311	0.023359	0.029602	0.017832	0.006074	0.013612	0.018269	0.029263	0.004934	0.028560	0.031924	0.020140	0.004989	0.029528	0.030604	0.023860	0.020000	0.020363	0.025305	0.033928	0.000388	0.011409	0.015414	0.029204	0.011565	0.033071	0.023885	0.015655	0.006765	0.025806	0.032041	0.022209	0.013461	0.009374	0.032706	0.017883	0.033755	0.029919	0.023489	0.001291	0.026675	0.032393	0.025129	0.008981	0.001422	0.005739	0.008331	0.032487	0.014094	
0.024691	0.037388	0.016336	0.005768	0.012400	0.022264	0.008833	0.015171	0.007741	0.012794	0.013013	0.000656	0.031246	0.039348	0.013640	0.001272	0.001776	0.042215	0.010653	0.015790	0.009101	0.024629	0.028317	0.021202	0.016228	0.034143	0.004085	0.031942	0.002710	0.034651	0.021738	0.005906	0.033417	0.012190	0.033954	0.034978	0.025910	0.000073	0.027403	0.039709	0.028902	0.020328	0.007819	0.000410	0.024747	0.013049	0.036654	0.032193	0.026938	0.033678	
0.015741	0.041806	0.012413	0.010027	0.029670	0.004117	0.019386	0.038169	0.001695	0.011722	0.001581	0.012959	0.035720	0.036343	0.018803	0.021071	0.023762	0.009571	0.005982	0.009859	0.023123	0.033776	0.012224	0.013267	0.040978	0.010425	0.016684	0.005388	0.014401	0.019211	0.018851	0.023374	0.018004	0.000141	0.005690	0.034325	0.014202	0.025580	0.029781	0.013271	0.033701	0.022855	0.040098	0.042605	0.039122	0.017607	0.017475	0.009546	0.030988	0.012909	
0.036113	0.009484	0.004966	0.013315	0.023307	0.031659	0.001153	0.007663	0.035030	0.015896	0.028093	0.010557	0.009137	0.019934	0.004282	0.028953	0.043277	0.040485	0.001839	0.034965	0.013751	0.008944	0.001770	0.025586	0.040906	0.026102	0.006513	0.000243	0.001409	0.016930	0.042093	0.039173	0.003566	0.035632	0.026959	0.039458	0.023458	0.007460	0.039156	0.025754	0.022230	0.005915	0.000929	0.013938	0.042627	0.010218	0.015143	0.004403	0.026937	0.032687	
0.034292	0.020922	0.029586	0.028836	0.008916	0.013361	0.033431	0.013906	0.021698	0.012140	0.038071	0.037620	0.014402	0.031828	0.008263	0.018346	0.018649	0.000411	0.032882	0.004154	0.001784	0.020768	0.011294	0.015840	0.009403	0.012858	0.004116	0.025666	0.003490	0.009162	0.024141	0.007706	0.017265	0.018755	0.038234	0.035265	0.033882	0.037432	0.028243	0.026960	0.020298	0.037157	0.020883	0.022910	0.035650	0.010388	0.003559	0.015650	0.015233	0.014295	
0.035415	0.032905	0.008306	0.011182	0.041051	0.002454	0.016111	0.019762	0.015255	0.011119	0.028366	0.011160	0.034141	0.006710	0.040235	0.032337	0.014288	0.017318	0.002732	0.035250	0.019299	0.019587	0.035543	0.004813	0.030123	0.033738	0.014092	0.019881	0.004536	0.018115	0.015637	0.001519	0.006268	0.002561	0.028837	0.021064	0.021145	0.027367	0.024125	0.036071	0.025717	0.033362	0.006776	0.015809	0.002086	0.040446	0.006324	0.037812	0.026703	0.004547	
0.006454	0.009874	0.024632	0.009378	0.029231	0.020817	0.030545	0.008000	0.015580	0.000805	0.015785	0.029310	0.033976	0.032310	0.016703	0.016438	0.025247	0.032561	0.029104	0.030669	0.026623	0.040331	0.041431	0.028285	0.040786	0.040500	0.043750	0.003537	0.018998	0.008424	0.007695	0.004730	0.010174	0.002582	0.005300	0.019596	0.006823	0.002151	0.019409	0.007298	0.033139	0.041871	0.014028	0.001233	0.041096	0.018053	0.010127	0.004129	0.030321	0.010165	
0.020550	0.026297	0.031264	0.031780	0.034301	0.015946	0.027917	0.000604	0.014810	0.025635	0.012913	0.012856	0.015904	0.009533	0.015572	0.025188	0.003789	0.033253	0.011712	0.028180	0.033847	0.004118	0.015873	0.011955	0.025479	0.022133	0.014258	0.033408	0.033411	0.030051	0.008762	0.009282	0.012008	0.007062	0.023001	0.008190	0.028121	0.016216	0.025894	0.020334	0.031051	0.009169	0.008262	0.017310	0.024803	0.039404	0.006527	0.025328	0.022680	0.034057	
0.001018	0.010336	0.013177	0.015744	0.048882	0.016494	0.038721	0.023590	0.040276	0.007941	0.018467	0.006369	0.049171	0.031762	0.006872	0.000556	0.002993	0.011410	0.008791	0.022962	0.011538	0.014771	0.028841	0.001635	0.042446	0.005382	0.038976	0.022725	0.001520	0.014737	0.005259	0.046434	0.039181	0.002623	0.023497	0.015149	0.016778	0.010424	0.015700	0.028286	0.029329	0.030208	0.014510	0.012756	0.041343	0.000615	0.044342	0.025143	0.012973	0.027349	
0.017069	0.020426	0.003428	0.014910	0.031048	0.030974	0.007990	0.009597	0.024129	0.016060	0.032336	0.021805	0.000304	0.027254	0.028864	0.013934	0.021921	0.008635	0.024883	0.025475	0.030556	0.023224	0.006224	0.027696	0.023895	0.008343	0.023879	0.022940	0.027233	0.012687	0.029412	0.011384	0.018034	0.017539	0.020672	0.012837	0.028828	0.029005	0.019141	0.003927	0.020339	0.032264	0.017057	0.014609	0.029310	0.020432	0.016847	0.019617	0.028595	0.022433	
0.031751	0.015564	0.030053	0.017069	0.030067	0.001524	0.020519	0.015815	0.008285	0.027273	0.015484	0.034470	0.017789	0.032448	0.008687	0.004760	0.033370	0.034712	0.036320	0.030366	0.019197	0.022259	0.022337	0.034190	0.021576	0.015491	0.028508	0.011280	0.014883	0.025861	0.002150	0.016085	0.009859	0.002256	0.017312	0.019901	0.007010	0.023346	0.022718	0.035152	0.002737	0.030672	0.006387	0.017637	0.036989	0.001503	0.022012	0.007559	0.036851	0.019956	
0.023293	0.029564	0.021119	0.031667	0.037390	0.009981	0.011848	0.012844	0.006685	0.011315	0.011654	0.034100	0.037932	0.003861	0.024577	0.002718	0.020786	0.029269	0.013468	0.010381	0.003290	0.038836	0.013799	0.033124	0.013218	0.018868	0.003193	0.022636	0.010745	0.007026	0.033808	0.031496	0.020204	0.032014	0.021272	0.023727	0.008418	0.022006	0.036408	0.027715	0.020356	0.041499	0.011888	0.019795	0.028308	0.014823	0.019856	0.009759	0.011826	0.015635	
0.037653	0.038549	0.030842	0.038011	0.019414	0.006154	0.013144	0.034098	0.031292	0.006413	0.027087	0.008917	0.015559	0.024248	0.021378	0.026105	0.013634	0.006599	0.022141	0.006550	0.012309	0.028787	0.019462	0.034768	0.031217	0.024143	0.022156	0.014255	0.018657	0.025056	0.023660	0.034084	0.016409	0.017641	0.015823	0.005764	0.032128	0.018395	0.001779	0.008315	0.009598	0.023586	0.031014	0.014863	0.031080	0.000934	0.008603	0.005192	0.009511	0.033024	
0.009099	0.031156	0.026561	0.009104	0.016684	0.030921	0.033406	0.020352	0.004589	0.011603	0.035157	0.022554	0.031805	0.027770	0.008089	0.027412	0.038300	0.011803	0.008887	0.028665	0.039885	0.034720	0.036540	0.033472	0.006467	0.021163	0.029550	0.015845	0.025192	0.003999	0.005327	0.020517	0.002860	0.017996	0.028180	0.018281	0.012368	0.018317	0.039844	0.007691	0.024045	0.003862	0.009832	0.014909	0.027629	0.015286	0.014663	0.007517	0.004461	0.025663	
0.040074	0.024558	0.025490	0.014768	0.013051	0.036238	0.016393	0.017902	0.025952	0.018686	0.015587	0.011088	0.041276	0.019214	0.029776	0.026820	0.039913	0.027002	0.033625	0.031906	0.018370	0.033750	0.003862	0.004377	0.023525	0.006685	0.014882	0.016573	0.005456	0.022383	0.011259	0.009806	0.016714	0.003419	0.008776	0.026212	0.014454	0.015382	0.009437	0.040387	0.015514	0.013065	0.039227	0.030052	0.006952	0.000609	0.024770	0.041464	0.002403	0.010915	
0.028054	0.008522	0.011954	0.007566	0.005156	0.017484	0.010656	0.009345	0.026562	0.036350	0.019695	0.025099	0.028946	0.009297	0.015701	0.010352	0.025380	0.006367	0.019320	0.033056	0.020085	0.032369	0.029249	0.036796	0.016094	0.004157	0.012758	0.036314	0.020268	0.024915	0.029612	0.006845	0.036800	0.021669	0.016234	0.034671	0.018719	0.008656	0.031169	0.017663	0.028228	0.014249	0.017697	0.010233	0.024682	0.005472	0.008821	0.033147	0.016166	0.031401	
0.040058	0.026672	0.025244	0.000469	0.003673	0.002005	0.022898	0.015083	0.023284	0.036484	0.019333	0.037671	0.036705	0.002476	0.031792	0.024904	0.041650	0.008408	0.016965	0.008901	0.013366	0.003900	0.026655	0.015274	0.005588	0.007785	0.003820	0.032692	0.016036	0.001538	0.041239	0.014834	0.019702	0.028740	0.030346	0.023452	0.019622	0.003136	0.022805	0.034565	0.038316	0.010742	0.030108	0.037218	0.003394	0.028619	0.006339	0.032851	0.001420	0.021222	
0.038461	0.032526	0.002584	0.001713	0.035989	0.030553	0.037599	0.014289	0.015526	0.004922	0.025720	0.044844	0.035958	0.007666	0.018580	0.028981	0.005051	0.007352	0.013333	0.007902	0.025095	0.005620	0.014613	0.014040	0.001077	0.032014	0.024196	0.019081	0.004153	0.007774	0.012074	0.021415	0.013957	0.037150	0.039596	0.012687	0.039234	0.011661	0.017321	0.007424	0.023153	0.032849	0.022967	0.038350	0.020524	0.004929	0.035319	0.015154	0.005509	0.031516	
0.037476	0.006181	0.024285	0.006741	0.027564	0.039068	0.031293	0.029822	0.015826	0.032790	0.006778	0.034855	0.034601	0.027496	0.016304	0.004881	0.014787	0.010677	0.010034	0.021151	0.036313	0.033446	0.021135	0.004877	0.011287	0.038501	0.039321	0.022101	0.015796	0.005804	0.023138	0.006475	0.002108	0.000776	0.034687	0.004752	0.032362	0.034228	0.014299	0.014172	0.014311	0.024431	0.029125	0.011677	0.010486	0.012299	0.019423	0.001394	0.033067	0.015603	
0.002991	0.028987	0.020129	0.015490	0.001032	0.006886	0.025476	0.029663	0.026839	0.016952	0.031033	0.032690	0.019592	0.025767	0.029814	0.018972	0.030492	0.032250	0.005135	0.031467	0.019567	0.013063	0.024398	0.005596	0.031632	0.001124	0.010261	0.019208	0.005533	0.004746	0.003234	0.014381	0.003529	0.034538	0.030425	0.012889	0.032484	0.029475	0.027070	0.006040	0.016752	0.033503	0.005325	0.035770	0.003446	0.021454	0.035979	0.029410	0.028857	0.028654	
0.007306	0.028619	0.019125	0.023992	0.020092	0.011140	0.025214	0.034562	0.000283	0.014371	0.029979	0.027710	0.001498	0.012605	0.029323	0.016141	0.017090	0.010214	0.019895	0.009941	0.018768	0.033050	0.032014	0.035104	0.022782	0.028118	0.018014	0.000962	0.003991	0.026446	0.023475	0.026416	0.021612	0.012261	0.035111	0.028469	0.031385	0.025034	0.000198	0.029804	0.014755	0.033006	0.017764	0.032297	0.002735	0.013379	0.000677	0.032233	0.031586	0.009456	
0.003777	0.031283	0.001777	0.013411	0.028570	0.018669	0.016569	0.007199	0.001651	0.019301	0.035656	0.020282	0.005229	0.013515	0.004069	0.040158	0.039041	0.002304	0.034288	0.031726	0.027856	0.002607	0.041451	0.041602	0.017193	0.021323	0.017274	0.010259	0.026554	0.004635	0.038433	0.013824	0.005631	0.030258	0.004203	0.039587	0.039616	0.028050	0.008300	0.021166	0.038310	0.032802	0.002294	0.005806	0.038097	0.020725	0.000048	0.013020	0.010326	0.030272	
0.027289	0.009621	0.010959	0.024268	0.033296	0.006446	0.029241	0.014240	0.026816	0.002313	0.003392	0.012334	0.032412	0.015537	0.030027	0.009043	0.010782	0.028383	0.029564	0.023632	0.028804	0.022285	0.016763	0.000995	0.028953	0.031814	0.027476	0.030841	0.010998	0.033270	0.025496	0.027122	0.025827	0.012143	0.020453	0.033539	0.027964	0.000459	0.010638	0.021106	0.031245	0.010015	0.028707	0.010230	0.011897	0.003987	0.025046	0.011780	0.026256	0.024298	
0.022604	0.001331	0.013326	0.030052	0.009423	0.038340	0.002242	0.012291	0.039018	0.026509	0.021943	0.008007	0.022492	0.029380	0.016225	0.004019	0.031776	0.018702	0.034311	0.031538	0.026680	0.003629	0.034029	0.022584	0.013515	0.027720	0.038415	0.030011	0.013401	0.007999	0.014206	0.026434	0.022715	0.026415	0.001106	0.037909	0.031078	0.020396	0.004106	0.026152	0.011078	0.002209	0.003940	0.033353	0.021924	0.005550	0.026116	0.020268	0.025115	0.008420	
0.020852	0.014141	0.021019	0.001421	0.008643	0.017067	0.033820	0.010338	0.026716	0.019542	0.025359	0.024925	0.025162	0.028324	0.033218	0.008293	0.022470	0.017100	0.014670	0.031406	0.027140	0.020357	0.020288	0.016019	0.021656	0.000680	0.017567	0.034414	0.009919	0.032180	0.021009	0.010244	0.026063	0.012624	0.015236	0.010648	0.031451	0.034668	0.022877	0.026822	0.022561	0.011873	0.008622	0.014130	0.019406	0.027989	0.027143	0.023257	0.000724	0.027949	
0.030686	0.030404	0.002384	0.015411	0.028112	0.027208	0.019700	0.009907	0.013414	0.025256	0.018023	0.009329	0.031446	0.008604	0.027132	0.034932	0.035315	0.015931	0.022536	0.033231	0.029894	0.026279	0.027843	0.020349	0.025417	0.002902	0.009125	0.016812	0.015054	0.012669	0.002291	0.023063	0.029294	0.033289	0.018964	0.010682	0.029650	0.006625	0.029135	0.011459	0.016794	0.018665	0.035369	0.018177	0.016194	0.003507	0.031471	0.011121	0.022617	0.006328	
0.038010	0.013943	0.011172	0.005984	0.025182	0.029975	0.024696	0.010792	0.024751	0.033579	0.008513	0.019408	0.025931	0.026311	0.009381	0.024478	0.004414	0.030347	0.020925	0.037531	0.016985	0.018442	0.032227	0.015371	0.030955	0.000366	0.028427	0.008894	0.010847	0.002120	0.008808	0.037861	0.018022	0.002956	0.031832	0.030646	0.018907	0.001611	0.021828	0.007631	0.029354	0.019537	0.023748	0.035559	0.035257	0.002825	0.008197	0.037662	0.001549	0.036254	
0.004163	0.025870	0.001477	0.045370	0.026373	0.010890	0.027721	0.009273	0.028656	0.032117	0.040781	0.034574	0.043031	0.023251	0.002727	0.002942	0.017568	0.019512	0.012367	0.013222	0.026576	0.006365	0.033967	0.041510	0.007184	0.031435	0.021687	0.028386	0.021596	0.005743	0.001906	0.018123	0.001199	0.029029	0.007315	0.028545	0.011952	0.032788	0.001909	0.008140	0.014779	0.017281	0.025827	0.042841	0.018065	0.034992	0.004965	0.001248	0.037363	0.015400	
0.031467	0.020803	0.000438	0.013171	0.033344	0.017415	0.031114	0.036234	0.014507	0.030512	0.020151	0.020316	0.013745	0.005652	0.022794	0.021588	0.007473	0.029164	0.036930	0.033374	0.019196	0.036226	0.021038	0.028863	0.011074	0.003232	0.001182	0.028025	0.030187	0.010628	0.030053	0.006468	0.018605	0.003111	0.008679	0.036697	0.020231	0.036921	0.020490	0.031943	0.010167	0.030825	0.012866	0.013642	0.009836	0.022406	0.015345	0.014742	0.005363	0.021766	
0.037851	0.011009	0.033946	0.017604	0.002166	0.024719	0.024704	0.036213	0.030634	0.028583	0.022714	0.028219	0.032317	0.027730	0.037182	0.006291	0.032491	0.008482	0.032372	0.003487	0.007886	0.005920	0.016154	0.000295	0.014419	0.031506	0.032509	0.022312	0.011683	0.018520	0.009650	0.004158	0.017002	0.023922	0.010669	0.004743	0.032014	0.004727	0.011377	0.023233	0.032911	0.003224	0.010485	0.022112	0.021934	0.014470	0.012006	0.036651	0.032515	0.032278	
0.018817	0.027307	0.024895	0.029520	0.030214	0.004753	0.028875	0.007151	0.033413	0.034841	0.028522	0.019608	0.009375	0.013779	0.005257	0.009309	0.005590	0.004134	0.016169	0.029187	0.023260	0.017602	0.017020	0.014131	0.008566	0.028221	0.026408	0.032642	0.031732	0.021899	0.032423	0.027919	0.027292	0.002339	0.014868	0.004037	0.010386	0.007624	0.022784	0.026743	0.026856	0.032117	0.018429	0.031097	0.015199	0.018375	0.034711	0.033475	0.010960	0.000167	
0.014018	0.028490	0.024545	0.002320	0.027189	0.001135	0.006404	0.011327	0.002332	0.020499	0.013872	0.012388	0.020941	0.001781	0.001724	0.041339	0.036439	0.020169	0.010344	0.020329	0.008185	0.037870	0.020034	0.035665	0.028018	0.008948	0.024057	0.024314	0.025291	0.034569	0.032132	0.028368	0.005542	0.041935	0.033921	0.003936	0.017246	0.017168	0.000310	0.028136	0.040044	0.000331	0.009132	0.042651	0.007927	0.025823	0.022273	0.001403	0.034940	0.042246	
0.034698	0.039684	0.009364	0.024190	0.004411	0.013822	0.011313	0.019677	0.010755	0.030181	0.026689	0.017393	0.025983	0.027604	0.013914	0.027344	0.039548	0.040946	0.043660	0.018478	0.010851	0.007480	0.010789	0.028105	0.000591	0.009079	0.028587	0.020216	0.024986	0.002233	0.014197	0.020047	0.025431	0.041921	0.009426	0.042119	0.014190	0.002806	0.019337	0.015895	0.010668	0.032348	0.014402	0.005106	0.011670	0.010756	0.023393	0.039067	0.018270	0.006381	
0.031206	0.012143	0.014842	0.021855	0.001709	0.031655	0.018119	0.033004	0.020943	0.036771	0.031302	0.016223	0.003866	0.017292	0.036366	0.014767	0.003533	0.038117	0.026584	0.024785	0.002795	0.009703	0.037475	0.014130	0.019497	0.008023	0.012876	0.031981	0.001913	0.002964	0.025884	0.023009	0.011562	0.028094	0.031135	0.014200	0.005959	0.039297	0.024204	0.039600	0.030083	0.030327	0.007442	0.031169	0.005762	0.013640	0.003059	0.027326	0.027005	0.004804	
0.033438	0.022812	0.004025	0.044303	0.021984	0.016463	0.013454	0.005238	0.034548	0.013859	0.028084	0.032157	0.010475	0.009615	0.019388	0.023754	0.030221	0.042372	0.001272	0.014879	0.025779	0.005349	0.033448	0.026627	0.043082	0.000583	0.028515	0.012481	0.001020	0.019468	0.002110	0.016606	0.019061	0.041209	0.035079	0.020068	0.016683	0.034485	0.010164	0.018659	0.017489	0.019687	0.026530	0.020795	0.013140	0.005381	0.014493	0.029042	0.005697	0.014928	
0.034374	0.001281	0.020076	0.004410	0.022970	0.030853	0.017666	0.027243	0.028951	0.011988	0.003936	0.012511	0.018351	0.026597	0.017267	0.011388	0.017576	0.021807	0.001792	0.006540	0.007848	0.014924	0.039218	0.019278	0.017307	0.011151	0.007754	0.010680	0.028009	0.032311	0.011896	0.036996	0.016994	0.021266	0.023972	0.019938	0.037296	0.036692	0.032070	0.017483	0.024943	0.035638	0.013051	0.029298	0.003707	0.012859	0.020470	0.024967	0.037745	0.016662	
0.004461	0.022247	0.009133	0.028260	0.007396	0.004879	0.027231	0.011925	0.003384	0.035562	0.023919	0.011863	0.013566	0.025332	0.031154	0.004307	0.008218	0.023549	0.023392	0.036150	0.011677	0.023859	0.006247	0.015952	0.001880	0.024847	0.033614	0.032950	0.035073	0.025230	0.029212	0.000056	0.032604	0.014475	0.025767	0.026011	0.026372	0.029851	0.029707	0.021468	0.022085	0.008164	0.015663	0.000333	0.032712	0.021450	0.014173	0.019137	0.031838	0.031666	
0.018285	0.022606	0.019862	0.003188	0.020395	0.000697	0.008548	0.013227	0.032196	0.020401	0.001843	0.040857	0.016646	0.036064	0.009353	0.011904	0.039439	0.042389	0.021905	0.027914	0.009178	0.038086	0.034275	0.003310	0.007716	0.007165	0.005725	0.039600	0.028210	0.037838	0.008367	0.014763	0.013398	0.023471	0.039148	0.017486	0.005560	0.036451	0.013331	0.035106	0.029953	0.016914	0.013199	0.003782	0.033923	0.028579	0.022204	0.000837	0.021456	0.003253	
0.025698	0.032032	0.034019	0.028120	0.012431	0.005857	0.028971	0.014224	0.030940	0.012447	0.030313	0.014026	0.000878	0.026238	0.017927	0.022760	0.015007	0.000293	0.015005	0.028095	0.028455	0.022761	0.002891	0.009922	0.013591	0.001462	0.033670	0.010945	0.020385	0.023862	0.015133	0.036732	0.019489	0.024539	0.037929	0.021011	0.030566	0.037740	0.002977	0.015956	0.020620	0.018326	0.031405	0.017506	0.022179	0.005051	0.030814	0.005973	0.013518	0.029312	
0.001666	0.019675	0.015569	0.034519	0.033615	0.040255	0.039556	0.023536	0.011056	0.018544	0.006214	0.024207	0.018429	0.000144	0.004357	0.026249	0.035238	0.004470	0.038198	0.042229	0.019155	0.022940	0.024406	0.012871	0.000928	0.025559	0.018168	0.008436	0.028845	0.024026	0.028857	0.040763	0.029898	0.004715	0.026384	0.020249	0.031483	0.000857	0.001715	0.003351	0.032638	0.005964	0.011849	0.017871	0.012164	0.033870	0.015302	0.017590	0.009169	0.032254	
0.07
