50
2
-4.219700	23.004043	18.125369	18.831204	-24.410341	6.417292	-2.980547	-12.319190	-10.071478	-1.832582	20.258911	13.550124	-4.405384	-22.535382	-5.258593	-3.507825	-12.027408	18.011776	-4.435536	21.242585	2.909252	11.275672	-6.790006	-16.661901	-23.930730	-17.940557	-10.172259	-7.312150	18.427102	13.189671	10.900821	-1.217199	-20.351331	-6.746114	0.591953	12.588704	-18.919813	-23.444934	12.616748	-23.453901	-4.186859	2.640346	8.927571	-17.136335	7.149463	9.453222	23.027754	22.034091	5.501214	20.215827	
23.067844	-21.788413	22.914410	-22.121346	-19.544674	23.696478	16.837586	-15.829784	-19.826934	-12.682858	-16.871845	-2.283037	15.726692	10.794876	18.087531	-17.614401	5.485057	9.452475	22.439545	-4.175850	11.130980	4.016145	2.773237	-6.469805	-13.153969	3.320555	22.883023	-2.693028	-4.581647	17.909278	-16.954056	-10.573422	12.956000	0.830089	-10.074724	-0.272576	19.687981	10.729381	21.813863	5.818830	-23.707825	7.589580	-21.688975	21.705409	2.668009	-18.610248	21.675835	-11.504747	12.449035	-16.767640	
8.333423	-13.452881	23.829980	8.140622	-20.671156	1.704984	8.221570	10.402285	-14.052369	6.154044	4.136715	-18.314280	-22.605686	7.878380	17.152229	-8.709180	13.668366	23.942763	-12.985445	-1.366090	22.590942	-9.929505	-3.257387	-22.943644	4.207831	-15.687571	12.942186	6.954543	-16.154488	-18.842694	13.067724	3.043888	4.264960	-4.802307	-0.027126	-10.453785	-6.803961	11.107977	-18.916100	-23.744534	22.284429	12.716037	4.281625	19.870883	-18.720113	-0.072919	5.640480	23.261807	18.173630	-17.515159	
24.222374	3.627878	-2.534432	12.693691	-25.720973	-7.042096	25.586610	-9.968205	15.634349	-17.247083	24.043876	-21.673423	-2.363863	-15.490852	-2.252909	-18.584074	-16.749279	-5.117321	25.771566	26.115711	22.471357	-8.962054	-11.008245	15.944934	-8.446193	-6.804483	-11.244802	-22.169349	-16.059077	-4.767461	11.602131	5.840775	6.982298	13.128862	12.579207	18.906379	19.919585	-14.068252	-20.572986	-1.792494	10.972919	5.837756	-22.771255	-2.838164	21.108085	20.416586	-13.018473	0.748278	-18.667034	21.963732	
-4.933211	-18.503534	-11.274376	-11.178320	-3.729429	19.724618	21.294911	-9.411472	-15.350102	-18.261501	-4.807613	-15.327561	-13.223621	-14.683624	1.757482	-3.787270	-19.757036	-0.539552	-21.036341	16.656581	8.992906	3.353912	-3.530794	8.388821	21.460707	-14.515469	13.219896	-18.017178	-18.605834	-10.642921	4.167103	-4.396782	-21.024745	17.022266	20.121721	-18.228566	-0.528618	-23.153770	10.830411	-21.284269	-20.572919	-4.163026	-19.482296	19.004588	16.908036	20.967611	19.157378	-11.840269	-16.047013	-15.734697	
-7.795437	-5.948260	14.719118	-11.510556	-21.777686	23.184716	-2.200888	14.921614	-14.483166	6.904926	-2.444041	23.425834	11.198053	10.801226	3.383015	-15.467970	8.276670	-9.107827	-23.336104	-20.756608	8.681622	12.050869	-8.142295	-8.839782	17.624087	18.994891	-14.322607	4.383796	-13.158154	-11.839753	-10.737487	-0.044792	9.228755	14.912609	16.337784	8.818706	5.816435	-15.074983	4.825299	24.259371	12.436744	-4.242703	15.061331	-14.306113	14.700512	2.657277	14.444601	8.597984	13.945586	-18.416979	
4.948761	23.489123	-1.356218	4.212138	13.950893	3.847348	-5.447395	-14.130652	3.171575	-5.489854	-13.879846	-9.816194	-1.175276	7.957203	9.939836	-15.757655	-14.187783	1.373128	0.408657	18.868376	-13.236189	3.651442	20.280075	5.707663	-13.410853	7.221136	3.013719	0.516837	4.793648	-20.550156	6.977729	1.321056	-0.066488	-10.971225	5.999847	5.651427	19.186371	14.360232	-17.532515	-13.847382	-11.296423	6.050645	4.311025	-5.452394	5.371538	-2.268644	-12.335343	-16.769036	2.276284	13.120571	
0.122861	16.069334	-8.600315	5.486846	15.187802	-2.015087	-14.538037	8.788060	22.134903	-23.522114	10.259364	20.396216	-3.151903	11.601081	-12.138132	21.478465	-30.042427	-27.131084	-26.215757	1.762828	-16.036580	-9.161067	0.800733	-5.174974	-20.701416	10.635278	-25.943137	-8.913173	-4.398198	18.384805	-2.500766	21.674965	10.288371	-3.103393	8.350016	25.387561	-9.551750	4.731047	-2.867707	0.442717	-14.524620	12.663264	-21.016470	8.112671	15.474956	-23.762101	26.583224	-5.579549	5.969268	-24.030139	
-11.159624	-11.274242	12.802585	-8.518454	-20.538637	11.125061	23.132291	16.252069	-22.975643	-15.444640	-6.008603	2.354703	11.576617	-15.098081	13.285576	-10.388583	20.278280	-22.449136	-5.422323	-8.069919	-19.683345	-22.619125	13.889056	23.242265	18.654412	-21.679325	19.036477	-21.280873	10.652556	1.160987	-2.989017	-14.593970	-3.749985	6.561981	1.691241	-11.899729	4.838460	18.918571	-11.899998	-21.876594	-18.283291	-19.139685	20.822488	4.865787	-15.940494	-16.217776	16.588684	-8.805400	-14.402081	-18.668918	
20.870279	-17.454453	20.448229	0.099857	2.655723	12.177858	-9.122977	19.901012	-17.235079	-18.618831	7.543241	23.043967	19.463516	-21.658198	7.746225	-3.814750	-7.482309	-26.007787	17.928865	-21.033147	-10.669646	-11.052628	24.086431	-25.277064	11.103021	8.762431	-20.082957	19.384124	-14.597619	25.089960	13.910932	-9.040771	4.696936	14.688533	8.094842	-7.095355	22.029672	3.393965	-12.609003	16.853667	-18.377558	-0.807266	2.106230	-7.120708	-8.172234	-20.209172	11.915245	16.430300	2.967823	15.442042	
-0.188989	14.744037	19.306204	11.935052	4.733414	-19.084034	-22.438914	-22.287600	4.814624	-22.888248	-23.522964	1.635889	-15.429266	-22.706166	19.813641	18.262502	18.750507	-9.406598	6.734675	8.757695	1.429897	12.240753	15.911619	18.044821	22.581382	-3.411632	-13.867375	-19.822407	-13.647201	19.101774	-18.688709	14.681625	-11.602697	0.982614	21.062077	1.337338	22.591525	-19.175955	13.465091	-11.418972	-19.388232	3.507267	5.470999	17.663216	21.747996	5.718859	8.732374	4.804274	-20.258623	10.317251	
-0.040425	22.770861	19.209565	10.371964	14.910396	15.851075	1.549368	-18.089903	-2.163578	17.700562	17.772087	-7.627318	7.287097	-10.298894	-12.072359	9.952771	2.893009	-19.603898	-2.264963	-17.770178	4.474425	4.351463	-5.293394	21.026463	1.605677	4.056214	16.261571	-16.683193	0.652190	-4.220383	-18.564212	-7.087012	14.115233	0.175754	0.286215	-11.327627	-12.702479	-12.429777	-11.379588	-2.821216	13.774123	19.414280	17.061048	-9.737600	-20.827232	-4.393310	5.919234	-13.354557	-14.878794	-6.134624	
15.971406	-12.336295	-6.424192	-12.215695	6.693155	-13.072973	-14.784362	11.134533	-9.312280	2.215986	-10.553769	9.196360	6.798848	8.723331	-3.780417	10.696110	8.983619	1.468611	-5.296247	-2.542553	14.320157	14.973482	-2.361703	6.121400	-9.946860	8.884429	10.274672	-14.303118	-2.804387	-12.272450	2.260380	-11.556791	3.649702	9.791047	2.176277	-15.136981	15.994107	15.855273	11.789833	11.477385	9.992263	-15.075099	-13.258471	9.177540	1.503589	-7.395273	-3.721833	-6.816692	-2.170314	7.211550	
-5.203463	-6.161538	13.668235	-11.511681	3.784706	7.434170	8.212007	-9.497654	6.343063	3.162274	-8.586595	6.335441	-7.921659	-11.969305	7.718683	-8.037730	11.064717	-12.150110	-5.373168	-10.046185	3.322077	-3.785774	10.068807	-2.572299	5.362769	-12.949603	-8.298766	-13.936250	5.490940	-1.916022	-2.799682	8.427666	3.367207	-1.789609	-1.919576	-2.193487	-9.512167	-0.629759	-5.261289	13.477152	-12.663744	2.240452	0.441881	-10.019657	-11.826527	12.537652	-11.038592	3.845568	6.140721	-2.892471	
-13.493285	-17.244900	0.699280	-13.266545	17.620041	-2.318286	-13.491353	16.137378	-6.976401	1.545786	18.264584	-2.894709	8.509221	-2.959293	0.650624	-16.620822	3.054269	-0.220109	4.914454	18.787559	12.582577	-6.412736	13.880851	-4.040329	1.602984	-11.312203	17.803273	11.981779	-16.179155	-1.332991	12.436088	-1.561401	-14.618657	-1.289580	-17.119639	6.928396	12.375860	-8.773931	-0.041802	15.925673	-14.604482	6.841131	-15.688257	18.749005	19.660681	18.302283	19.138839	-6.335988	13.284170	-3.253328	
17.638479	6.183266	-1.205880	-5.787980	4.985741	14.476668	-21.459651	8.092362	-19.149511	-20.403504	6.515681	4.207947	0.594564	-14.613734	-8.607021	6.509464	10.020030	-1.577373	8.871850	17.531388	-2.485828	-3.855316	-20.237277	-12.367752	9.710942	13.788689	-14.690949	16.518402	-19.817854	1.179587	14.664565	-5.734511	10.561993	-8.761006	9.354189	-9.071076	2.416357	-8.169908	-5.997081	-14.052510	20.752309	11.822923	-14.878725	-19.647354	-18.730955	6.948097	-20.608133	4.939963	-4.092822	10.504496	
-1.959526	-2.086964	-19.567557	5.968631	-9.158935	7.246614	20.488111	-6.788888	16.657255	-14.597126	9.056924	-8.556861	21.925324	-14.634118	-12.635931	6.649310	-10.272647	-19.383873	5.446467	13.780456	-12.893398	14.044458	-2.508707	-12.002643	-10.768218	-21.927127	-11.351384	5.808133	-4.672087	-20.382583	-9.445535	-15.597768	19.826986	20.061550	1.229992	4.130716	16.027507	6.406779	-13.283620	22.910336	10.840691	-2.948000	-15.824488	-20.611919	6.941131	13.514074	8.231745	-2.662115	-1.615663	-18.710455	
10.647592	8.029002	-0.280233	-10.441623	14.089248	-16.544532	-4.744147	-2.082141	-0.433966	-5.969445	16.415711	-6.679345	2.812967	6.854324	18.332288	4.793991	7.318995	-6.777323	1.708094	-1.297262	8.353697	13.850244	7.982983	-4.134622	14.704538	0.352153	-5.263510	2.743633	16.731417	14.417469	5.044850	-6.269353	7.879476	4.306710	6.611793	16.303505	7.211782	-9.090620	7.290537	7.252229	8.678702	12.840557	5.833898	-17.368329	-1.531155	12.276595	-17.249326	-2.189607	-2.642703	-9.383392	
1.043945	18.113904	-3.877702	-17.785796	-4.476676	11.286014	2.057860	1.020808	-17.848476	0.526049	-11.042614	11.861697	-29.268071	29.301564	-4.651174	24.791282	8.073028	9.047899	1.036362	18.156165	-24.380318	-12.625504	25.092630	25.869613	14.917586	-21.964203	-0.272912	-2.795587	12.604568	-0.855731	-20.693393	-1.050932	-16.606500	-28.894077	14.147187	-21.371254	16.426887	-16.944307	9.263152	-0.473500	18.593414	17.934808	-14.589236	-7.903257	23.637958	0.816356	8.034624	19.569897	-2.957619	-7.285783	
-5.428060	-0.318878	-10.053977	-9.246937	16.087084	-14.567105	19.711512	18.073167	19.647575	5.783752	-14.253085	-14.460451	4.853711	-13.602407	-13.697627	6.792248	5.537153	15.883961	15.830573	-20.546986	-14.011807	-6.292830	18.934691	13.403504	10.778095	-12.416361	5.742697	-10.984530	6.875412	9.607632	21.808463	12.144561	-0.973593	-8.159550	3.464583	3.225283	-13.134520	17.134182	-0.839935	13.281674	-18.620529	5.344734	0.482638	-12.885348	12.901634	-17.370292	-7.138014	-14.282606	-11.884443	-18.180100	
4.016595	-2.779097	-19.967903	-12.919452	16.789905	19.662218	7.479007	-9.991478	0.215221	-11.721997	-6.558334	-7.224319	5.675908	-10.456741	2.276327	-14.710123	3.887479	11.722110	7.250989	7.157517	-3.707104	-1.095134	10.670750	-0.763156	10.125766	-15.930094	8.615209	6.056417	-9.345281	15.244471	15.375339	20.645423	-3.605622	-9.861453	-9.662651	8.426144	-8.756083	10.950916	-9.461892	-16.403861	5.316486	-1.203072	19.292052	1.982367	-20.384681	-7.432029	6.283740	10.658893	-18.450892	-2.461052	
7.469552	15.473958	17.552161	12.061275	-5.882222	17.052711	-20.679083	-25.232412	-17.227756	-11.801582	15.320990	-18.648014	17.203375	16.143561	-17.488566	-1.766629	18.209900	24.871788	23.602269	23.143195	-5.360615	23.787270	12.315416	-19.743401	-13.684283	-22.092361	-25.327810	-5.171428	-7.352246	22.240478	16.989848	18.969026	-4.154328	17.452192	5.080583	23.650857	-23.580981	17.348528	11.147593	23.761453	-13.741271	-3.174530	6.531047	-14.135744	-2.207921	24.189285	-20.941260	-2.211173	0.414567	15.959782	
12.286936	-24.065335	-21.070029	7.904612	-1.751604	-28.322160	17.974641	-24.827594	-4.982471	-3.215142	-16.903761	21.787315	-15.464245	-29.718739	-19.128212	26.109926	17.309497	-27.870022	19.901494	21.932223	9.493589	-29.288876	23.687057	-13.729044	7.698905	7.516672	25.637155	13.027319	28.030318	24.605988	-11.457163	10.831928	-6.522336	5.999720	-20.458021	7.990391	-7.417149	-9.642666	-1.533545	11.318514	-8.974561	-21.359356	-4.210038	-11.134033	0.852722	27.194854	18.183018	9.724622	-7.178852	-0.946588	
-19.369022	-18.284717	-13.562908	3.390057	-10.411523	-8.789790	2.536258	-12.681782	-2.270202	-1.848139	4.795657	1.101564	8.593437	-2.217843	-2.254969	4.668618	19.887764	6.361676	-19.536404	-14.076405	-5.182526	-11.855478	-18.268021	17.853494	14.569800	16.112631	-11.317321	12.867773	-9.267050	10.821237	3.424860	11.081622	-10.342998	18.132430	-8.314537	12.842172	9.855500	13.295326	7.272747	0.804993	10.624267	-1.446486	-7.648627	7.549203	12.324118	-18.356668	-6.191557	19.777040	-0.612103	-14.135513	
23.953032	1.599556	14.790147	18.879235	22.504978	-11.358173	-8.905732	-15.122673	-13.164621	6.965469	15.275320	13.463719	11.529073	10.661333	15.616595	-19.790460	20.946853	6.269156	22.423714	-1.591160	17.541928	-23.219784	20.419096	-22.302117	-11.688879	-12.512918	2.462342	-4.532667	2.603621	15.109276	19.009288	-18.387044	18.118159	-1.827580	10.041509	-6.380141	-3.543628	21.099436	-23.133672	-6.146761	3.394011	11.575955	1.768715	7.609530	0.269846	-18.232087	-8.882509	11.222617	15.690547	-6.925564	
7.790066	-8.669425	-18.129223	-3.805467	-14.670394	19.094573	11.245359	4.017721	-22.791561	9.426867	-13.680352	-17.647431	-14.388649	21.591597	0.581826	21.490098	4.341194	7.949601	-0.274000	19.759867	8.582018	0.486295	9.129193	15.118020	1.802947	-19.593341	13.696909	-9.238056	13.130389	-7.475401	-7.337559	17.784548	-16.210298	-10.229750	19.633130	-15.282157	2.631595	1.476028	8.917039	-21.189439	-6.666601	7.488159	-20.470008	-6.790300	4.737513	10.241132	-9.920327	-20.418277	-1.805019	14.081946	
9.749716	-26.154125	17.518952	22.485716	-7.519663	-6.174966	14.295148	-7.966051	-14.113877	-17.446368	11.421216	25.976940	-20.178094	14.369242	25.077707	25.862156	-22.334892	-21.924816	-11.044621	26.735826	3.435407	-16.514421	20.186661	-26.234104	-2.053976	17.936088	5.154799	25.796097	-9.613514	-18.670268	2.269581	6.601562	18.940740	-23.919393	22.099728	-13.207473	5.338498	19.456631	10.233606	-17.303614	-1.078141	20.445865	-4.865486	17.723669	-0.268486	8.079491	-20.657121	-11.031463	-25.915885	-21.415051	
17.076577	12.545731	6.399091	-16.892709	5.880472	-12.028203	1.407284	18.609359	14.113063	18.092076	6.511368	18.550347	8.968386	17.087534	9.874931	17.180365	18.015116	-5.812674	13.881136	3.518363	7.170029	-15.810543	13.067824	3.968323	-0.459756	7.002283	-16.395306	14.244827	-18.997897	-9.846544	5.907020	-14.288866	-6.345825	-1.862053	4.088634	8.078308	-18.389241	10.398590	-18.879652	17.587667	10.110631	-8.273811	-11.661594	5.016490	15.515320	2.299651	6.487697	-6.955969	16.149339	7.676036	
-10.791830	15.793099	-14.311654	11.572461	-26.029213	-11.377812	-25.906426	18.997781	-4.979202	-19.861687	-3.896274	-10.110794	-15.939863	-29.268250	-5.211332	-7.368851	19.083713	8.319390	10.575036	7.915280	27.142299	21.802840	-10.475246	-13.264775	1.388583	-7.255160	-0.401585	1.313980	-14.154752	22.307381	-21.198629	2.731391	9.268760	-12.339686	-3.606753	-27.592793	-17.410362	1.619985	-12.717284	-6.774194	-29.312491	3.071519	-23.970728	-22.480407	28.342436	-17.844743	1.993862	-15.603371	26.647715	13.387715	
-6.849492	3.793382	18.233239	-4.415868	-17.960943	-12.549561	-11.334061	-1.491307	25.027044	-22.542465	-16.335575	22.932191	25.240539	3.520707	21.889157	23.016946	-23.000026	2.401774	-23.510897	2.931868	-19.863155	15.203442	-23.472723	3.412275	-25.493658	5.075408	-6.107501	22.140358	-21.059384	19.377137	15.252044	-21.430568	5.269355	-12.950821	1.647714	18.493659	9.075141	-21.053691	21.665239	16.472397	-20.078594	11.201610	9.321421	-1.992892	18.353565	-14.245843	-24.764932	-15.193873	4.103494	24.310138	
-19.225435	8.454393	3.304269	21.372482	-7.579736	-8.722181	3.578812	-16.511632	-7.338114	4.189164	13.643615	-3.610962	17.550434	-9.686425	-5.219593	13.672015	17.510952	11.536265	20.255069	7.017222	20.960393	-7.372567	-1.006606	-20.738837	9.828745	15.386236	3.660066	-4.931772	-13.839947	14.321813	12.938671	-19.778896	0.085340	11.747250	7.178759	16.723904	19.697611	19.238120	-16.508800	-12.960986	-5.500583	-17.027357	15.152676	-4.079203	-5.113451	8.427055	9.766584	16.924087	21.174659	21.558037	
14.379503	-6.569851	22.846459	22.595889	-10.043894	12.118266	-8.915196	-10.358050	22.518734	3.106585	6.306353	-0.319619	14.642569	6.829057	8.246464	-1.669079	-6.645676	-8.215833	0.151834	16.157897	10.642659	17.762650	23.094505	21.811961	20.987822	-17.168360	6.850187	-5.870543	10.804329	23.726235	9.135251	-8.151587	9.598060	21.120732	19.857132	8.888216	-8.702748	-20.620451	19.718348	-22.795387	10.703762	-19.971175	23.704015	-20.351906	-1.770370	1.054403	-8.704321	11.709119	-22.218146	-21.796796	
19.690344	11.867724	15.338219	7.853846	4.860282	-10.560318	2.215891	23.280633	16.629321	-2.575464	22.749986	15.109198	-8.993172	14.537760	16.239005	-17.721964	-25.142869	-8.753349	-7.995212	2.437222	-0.016284	2.092805	3.069334	-10.726965	-25.124290	7.919443	3.198499	-23.657513	19.924056	6.548872	16.304562	20.163489	7.116911	14.579572	-0.117573	15.524834	15.700339	-14.258206	-1.876375	4.959485	6.290187	-21.606295	-25.325967	2.173499	17.249627	6.448386	5.179567	3.510683	-0.457704	-14.227424	
20.823170	12.081965	-3.982908	18.960845	14.515510	14.446393	-13.818132	13.163103	14.901906	9.955334	6.115358	17.117362	0.649284	-6.579871	-4.003954	7.512739	5.054628	-14.500464	15.719619	18.548812	-12.813049	20.586676	6.521143	-7.170154	-4.944146	-21.830744	-5.708081	1.405593	-3.688146	17.854080	14.103347	9.066619	1.653710	11.467743	-18.730417	-20.310093	9.109751	-0.035295	-19.958254	-8.303936	-11.294056	20.384563	-10.473188	20.812252	8.781770	-7.580432	3.684092	16.791723	-5.389846	-3.258706	
-12.295801	20.056941	-26.373477	23.929241	6.299496	6.129259	-10.735663	17.920074	-14.551436	-24.982880	-22.965623	-8.107892	-15.780664	3.938326	-23.338927	0.701036	-1.346707	-4.382438	-13.671181	20.212778	-25.349885	-0.501638	-24.190229	-9.416293	4.638581	-12.234616	-6.775469	13.379166	-14.388797	23.334014	22.572150	-1.625032	24.325304	10.541727	12.099757	13.986959	3.833316	-9.098003	-6.726801	8.021297	4.778944	10.688214	20.944352	0.080478	12.121630	12.776496	0.745929	0.035029	17.927730	-10.909746	
17.147825	-21.521378	-11.491112	-3.228237	16.815879	-16.021359	18.641797	22.291052	-7.846423	10.646855	-0.708480	-2.613760	-13.069772	0.240572	-8.433645	-17.324220	14.339186	-14.148772	-17.741869	-2.371537	-16.260004	-18.574853	22.737271	18.471944	23.652632	-13.697134	6.965806	-5.615989	12.655246	-7.296038	-14.364468	-7.330352	16.117926	-15.182342	3.230381	-4.075901	-0.029084	-12.046800	-15.238321	-14.785350	0.058832	11.594859	9.483567	-0.566484	0.112715	3.358439	-17.767317	1.502355	18.060257	-17.684144	
19.726104	-6.820782	5.508902	20.419005	-17.112646	14.182650	10.716939	-2.678131	18.540439	17.077576	-17.141559	22.502546	0.371252	16.603816	-17.022069	-14.847274	18.730348	4.112474	-23.885354	-20.741301	15.233695	4.768449	17.674017	22.689353	5.140824	9.328419	-14.530890	-21.132196	-11.908062	20.579103	-23.326581	13.893134	-17.316239	-12.954241	-8.977899	22.235081	-14.242606	6.642466	-22.958144	-2.172085	9.630890	7.594006	20.072331	-14.508911	-21.700618	-12.005218	-12.859223	1.712325	-21.481022	14.775791	
8.225458	-17.135543	-15.419037	2.642142	-16.193387	4.908098	9.334094	-15.818693	12.567842	9.488596	14.531505	-0.121848	-12.973827	-1.917217	8.617291	-16.734946	-12.953315	7.447297	11.474319	-17.410090	13.677134	0.825741	13.979137	-16.907314	15.493912	9.295929	6.267862	-17.108658	-13.494148	-14.506566	-6.446195	6.138747	12.919602	12.417548	2.090695	13.351945	14.846339	-13.257128	-0.086644	11.671887	16.023994	-3.847189	-15.135315	-8.942436	-0.186564	-6.308914	10.086710	-8.806518	7.153708	6.261705	
18.466977	6.491919	2.014125	-6.424900	-3.594682	15.301072	20.928967	8.031819	-12.424844	-13.712137	8.395878	-18.655269	-9.284351	12.788473	-2.772527	-3.690664	20.011348	-5.696620	1.392116	-18.473578	-16.809980	19.505187	14.815116	19.348992	18.807331	-1.832547	-20.269374	1.472326	-2.114357	-1.248289	19.250504	7.157075	-5.201463	-0.679436	-18.208565	-5.407534	0.103915	-3.549234	3.323550	-10.335272	11.853045	-7.694177	2.346400	17.627368	-13.992789	-16.031928	3.201692	0.977793	-1.549957	-1.621021	
23.038820	20.501057	1.059916	-24.913062	3.127868	9.314629	10.375494	-4.850268	5.050897	22.433101	-2.262007	-16.788285	18.106253	0.057546	17.215609	-24.460904	-12.748690	14.126245	-27.037195	23.729277	-19.795557	-23.337877	5.921381	14.847590	0.770813	12.087346	-19.036654	-0.985940	3.341448	27.921081	8.423141	7.948946	25.171968	-20.787825	11.372960	-26.072155	16.108209	16.849112	21.583232	6.377197	-7.179686	12.210161	-2.771054	-0.727701	-10.121535	-6.999991	1.204041	-27.262968	6.492487	-2.953982	
-21.969108	4.506924	15.401447	-0.690284	2.076230	-21.097139	15.278916	-4.429509	8.329049	10.870452	2.014816	22.927373	13.063224	0.450245	-17.000683	10.797610	9.865055	5.246075	-20.529841	15.931327	-17.351287	-7.782225	3.963613	10.677843	7.833449	-4.112862	16.696618	3.653563	6.763107	4.267222	3.468446	1.881677	-7.301774	21.425146	18.254719	10.447768	2.894258	4.545880	10.126849	-4.980880	-7.451096	-9.255577	-10.950133	-17.325086	-14.546105	-20.618361	12.204530	-14.078127	-2.994876	-4.217271	
-13.934935	-4.819641	15.693710	-1.478754	8.778745	-13.511975	-20.518101	-21.974366	-5.975521	-14.745968	8.234407	5.481960	-12.875907	18.755573	-19.963016	-1.274426	-17.745311	-14.624887	-5.627985	13.852916	10.340637	-4.932987	18.813333	-17.829855	13.658687	5.292817	12.876170	-4.420772	-0.520204	8.038836	-8.653473	-2.310439	-2.134081	14.016281	-17.690945	-16.390644	20.938005	14.257853	-11.771621	8.345576	-16.957708	-18.376823	11.531843	5.578547	-17.169742	7.340928	9.134983	-16.286723	-21.854339	16.930062	
13.707754	11.164070	-21.615129	2.049846	-24.126091	-4.277788	-22.174442	7.940784	-3.661626	-5.461063	-17.803333	-5.087693	-13.031411	-12.833921	-6.561853	20.165937	-7.850769	10.296332	-26.477686	27.390390	22.249415	-0.591377	-27.912899	-6.010990	-9.689744	27.504933	-7.414425	-14.100928	-18.733024	16.621028	1.857317	11.752328	-3.421331	17.458278	4.131985	5.854683	10.682197	-12.217864	-7.035879	-7.102071	3.903082	10.603990	23.095821	-26.405917	27.233067	-11.596582	-21.433139	4.044059	-4.012734	-0.709827	
11.578774	4.338471	-17.904265	4.743838	6.442501	-14.582426	11.523600	22.134693	8.114384	15.319267	18.310587	8.736652	21.351446	17.398357	-13.222632	-16.502024	-8.660386	-12.665543	-12.320176	-0.544547	-22.596778	-9.954561	-0.674052	-8.516687	-5.300458	-18.246957	10.668957	-21.366290	-21.831395	18.064614	22.410838	15.009171	2.600729	-23.942937	-9.202107	12.378442	-14.394719	-4.235178	-3.936683	-5.870093	18.201887	-17.689471	-9.018009	-9.272706	14.020689	15.056075	21.855246	13.775272	5.632649	-7.628508	
-7.942987	-15.293434	2.303580	20.163334	-15.485485	15.202383	-11.272891	21.266297	17.728615	-5.273425	-6.108142	5.739375	11.966891	-7.240561	-6.130216	19.487735	8.514348	-4.377340	12.245304	14.834141	8.348527	-21.100528	-3.287620	-19.804254	1.327134	-17.572234	-22.329664	-2.917608	0.897355	2.818453	3.049838	1.771132	16.474312	-12.071537	-1.145729	-7.773455	-7.433660	19.210982	18.834814	3.814433	-17.520794	18.713675	2.398831	21.185734	22.362272	-18.338482	-8.564178	20.649485	-0.946279	-13.450644	
10.189846	15.430325	3.986278	-19.067388	6.227209	-4.833785	-6.138435	19.774377	-4.958708	-0.579016	-0.058643	1.875245	6.896772	-16.059767	1.461522	12.705497	-10.956409	16.587302	15.477599	-19.281284	7.117431	0.234836	-0.384680	-2.964452	15.117941	13.295436	-10.628016	0.313821	-6.587172	11.960758	15.952277	4.151763	-10.287549	-10.715869	-13.724333	19.547175	12.856643	17.497930	-18.206563	-16.021735	-5.012802	1.960000	12.398794	10.461418	8.484526	0.679955	3.481846	-6.998773	3.801663	-17.808064	
11.087426	0.953381	-7.532600	-17.699803	-11.010423	25.337144	-24.922159	-20.564840	-6.909887	-17.151311	26.288552	5.768226	14.138601	17.963650	7.188243	-13.580088	-14.290035	-16.384851	18.737003	23.938471	12.581101	-19.523664	-2.366597	14.572832	19.895697	-11.536306	-7.733680	13.780613	-5.484136	-14.448606	16.648271	5.466818	-3.152529	7.380458	-6.591910	-7.546442	31.655564	24.201735	-28.690447	3.264138	10.943829	28.223182	-31.130480	-27.446860	-28.880009	10.393204	7.982620	8.802824	-30.529646	-3.500200	
-6.671139	1.152353	-25.011573	-3.571210	-7.805729	-2.155285	10.769378	18.070834	14.468054	13.564337	9.379351	12.543395	13.094365	-13.926303	14.028161	3.002063	-18.175670	17.596541	2.533931	-2.464912	4.615774	11.555529	-19.129860	-9.476493	-15.236644	5.943447	-8.083126	4.835081	-22.791748	2.369391	-12.627649	9.654928	14.240316	-25.659214	-14.891237	25.613797	1.829927	21.732659	16.542268	11.566785	7.428808	17.902103	-17.454745	-17.640617	12.665296	-18.522042	1.257001	-3.377322	-15.506650	-13.048908	
-16.209428	15.932303	-25.572076	9.403968	4.552695	4.589527	9.540123	-16.875309	-15.041039	13.430176	21.275573	1.373316	-14.913219	14.871460	-6.960813	-5.854411	-20.306874	22.076112	11.605271	-8.551518	-22.372862	-4.813847	25.881423	-15.110217	-18.956409	-17.883589	-20.352593	9.383495	-6.932160	7.564544	-18.467348	-23.074266	-14.969579	-17.641589	-2.981882	-10.956015	-4.688734	-26.632139	14.275832	-27.992434	-20.613535	9.328469	24.746914	4.005793	-13.551519	-20.013813	20.440160	-23.108453	-6.953119	22.673727	
0.353267	16.592908	0.225557	15.994451	-14.636461	8.267524	27.472431	-6.775300	2.712864	7.429611	13.662095	-3.908926	-16.804081	-12.298351	13.508129	9.153953	12.931458	8.305944	8.047583	8.565074	-9.370389	-21.883766	10.634669	-24.927943	2.314952	-17.422600	-7.215013	0.692872	1.818074	-9.773554	-3.603520	9.756582	1.959537	19.396490	13.016331	-13.247439	-9.485558	2.697193	-18.519708	7.277683	-5.795134	-13.303977	15.326211	-20.220859	-20.772984	9.050746	-25.691528	20.494390	1.859459	-14.004523	
-10.202631	18.477468	-16.055225	22.146508	28.320486	14.472842	-9.674313	-14.027924	15.150092	6.871342	8.687931	-14.363779	0.778895	22.349621	28.586815	-11.183580	-1.929315	11.087227	-1.975904	27.887110	-21.612896	-20.630799	5.729262	13.552218	8.047113	17.757694	-10.944138	-2.285763	-26.797718	23.815146	4.728062	2.076223	-17.429166	-10.776703	-11.703215	11.376598	-12.646409	-10.485100	-20.169495	22.979013	25.945917	5.008518	-14.239689	23.611150	15.199863	-8.391475	2.986398	-14.569951	-20.954404	-5.015683	
28.345822	3.638903	25.843659	1.561332	28.323129	8.967171	5.640432	5.369064	-26.973207	8.563676	-18.985306	4.237668	19.209283	-1.091206	4.872122	-13.863797	28.417054	-11.180524	25.494154	25.188365	27.645992	27.910503	-2.837631	4.117237	25.667155	25.770785	9.039003	-25.368910	-19.439557	28.760056	-11.152488	18.635784	-25.247667	5.337592	-28.034438	17.235590	-26.232564	28.688399	-28.744128	-4.529635	2.406039	-5.406032	25.057540	-4.855387	-5.018861	-28.011489	-19.812725	1.239856	13.708092	21.786366	
7.253800	-6.138979	-0.339343	21.355609	7.032556	7.820300	-14.273835	1.086769	19.048651	-6.775748	16.888928	-20.936131	14.565034	-10.938017	-20.031116	15.801564	3.297564	11.708709	21.709503	16.396582	-20.059171	14.062849	-11.555637	6.702672	-5.724338	-6.466894	-11.350784	-14.335907	-12.981346	1.454449	-18.689440	-19.930115	-6.553244	-6.292847	15.595152	-11.434669	-2.954821	-19.459701	14.558352	-10.676519	-10.882138	-9.450567	-11.640635	16.259240	10.812194	17.370889	-0.055149	-5.560780	5.287083	-17.299183	
16.430968	19.319491	18.027411	0.188369	-0.676542	23.142035	9.063025	17.786919	8.868642	-13.562450	-17.428322	-26.445572	14.642200	-6.740121	15.043303	9.393131	18.663843	27.501105	1.008798	4.630196	13.104192	-26.893903	-28.945468	24.281645	-16.218874	-11.406647	-17.534956	15.867648	-8.504167	-5.162317	11.119547	-23.146055	-14.056949	13.910917	-12.550692	-12.036273	-14.912856	11.917720	26.995123	-18.570243	-17.231681	-11.826222	3.100706	-5.248847	23.653951	11.718036	-27.944793	14.449832	-4.962612	-26.561413	
-12.463944	9.563541	-22.045816	-17.089579	5.300027	-20.175237	9.376273	19.493955	12.658770	-10.405362	19.702101	-15.141543	4.335186	-17.900163	19.084692	8.708576	-16.628571	14.796429	23.206300	-12.280202	-20.485164	-1.885149	-6.957736	-22.408163	2.307883	-5.020726	19.638047	-12.984489	5.391451	16.523006	-8.872340	22.525682	-11.175735	2.227132	-22.268969	7.588186	18.671499	22.027706	10.127614	-10.833733	1.658513	8.685675	9.405674	6.473662	-12.348333	19.191087	-22.583883	17.947575	-2.914949	17.184293	
-7.434143	7.634558	-12.161510	15.827271	11.088077	6.858715	-2.739822	-5.965208	-4.569283	1.938353	15.292130	22.849973	-0.582209	-8.494770	-22.321192	-0.628607	19.763572	-18.022073	-15.096903	-9.957706	-3.778482	20.115211	12.543194	14.923211	-22.871842	-4.082225	1.844488	-0.526249	-0.315088	-5.368334	18.425411	5.033601	2.281512	1.829019	-8.425273	-20.703749	8.285110	-6.591065	-1.878596	17.486976	-4.216990	4.541691	6.325662	4.245734	-5.957643	-19.560721	-13.805209	3.523947	-17.803351	-3.064462	
21.133365	-0.342415	8.380525	2.425649	-18.567642	1.837030	5.051444	-17.395764	16.773917	-12.665896	16.526161	-10.650761	21.972321	14.584987	19.685290	15.664077	-20.005695	-1.045852	4.052479	11.191284	8.508743	5.891304	-16.081396	18.205368	15.834770	17.095924	14.366372	15.883298	7.346545	-1.014366	-8.333172	-21.610614	-7.065826	-12.103000	-5.074544	-9.155246	-4.821730	-0.127985	5.616010	-5.321689	20.154770	22.296830	14.537366	-2.969479	-21.365258	-9.638066	-0.749968	9.509253	-7.291006	-3.780417	
-20.233265	-4.916577	-3.670266	20.188993	-5.910795	-1.086659	-14.034321	-20.731194	26.619968	7.914965	-19.153465	23.258487	-18.860939	-7.966566	1.399848	-15.581431	20.312857	18.317208	-0.525610	-26.063021	8.712063	-14.729254	19.607897	-6.778686	21.443932	5.509600	25.277772	26.637013	14.844686	-12.390180	11.285120	15.308136	-10.227635	-6.168024	14.641087	26.658243	13.035727	-19.565475	21.243471	-22.887533	-20.843088	-26.933443	4.325563	23.908771	14.717811	-18.695877	-15.254461	10.874083	-26.532608	10.480739	
21.083478	20.457651	-21.524958	8.555788	17.429149	9.144488	-20.207788	2.205437	-8.376731	19.030864	-0.188740	-23.666957	8.011770	21.830743	-4.827530	11.008499	18.835098	16.282995	1.370660	0.224253	20.779538	5.238298	-5.025014	26.344867	25.028972	-13.419438	-19.582739	-23.583946	1.342071	23.528639	16.952234	3.843052	7.422986	18.900119	21.973879	21.386532	-20.966521	-14.980893	-9.628483	-20.003010	23.460394	-8.775714	-15.043548	-22.544445	-8.467529	1.573289	18.882509	2.877146	20.421293	-9.858434	
20.903164	1.507444	22.588088	-1.581854	12.425000	-13.087295	-12.896908	-15.439044	-20.705082	0.307161	-19.479383	4.954318	-1.961609	1.247696	-1.778671	23.073228	10.887443	-7.115120	-22.070875	9.116411	19.099362	10.611688	0.369148	14.822413	10.378115	-0.569630	-19.769840	-21.625409	12.474828	-15.719527	10.308000	21.196554	4.155206	7.936043	-19.814710	18.101618	-2.873397	-19.173836	-16.894734	20.623238	17.277154	-16.706132	20.053548	-6.479959	-17.587696	20.493629	1.053497	-6.886607	16.255518	-11.189356	
9.401780	-9.818026	-16.348744	15.482523	6.627675	-18.046763	6.098592	7.991805	23.614091	-19.946540	19.229959	-5.786409	15.901655	-3.827479	-17.977219	-10.691429	3.806384	4.732439	-8.405710	-12.057158	-21.638759	-24.400671	-24.767322	-0.471973	-19.477951	19.964201	16.596014	-22.006246	-9.247161	-7.858176	-9.644369	15.407692	14.094926	-9.307661	-2.050752	-9.389187	-23.482825	20.854805	9.252771	-2.759903	-3.816699	23.184605	-6.842803	-0.349485	17.214893	-12.877077	-3.814768	-23.234694	24.836627	-19.703671	
5.448189	-2.566683	-21.483616	17.412784	19.968315	-10.055098	-7.399205	-1.629454	21.120062	13.830605	5.642386	-14.862394	-6.817974	14.555604	-6.834172	16.361333	-0.943678	-21.145326	16.312073	-14.900899	-0.043479	-1.482257	4.591033	18.661165	-14.245126	11.169965	-13.226306	9.502229	-6.398608	14.334623	-5.095251	5.251691	-8.188628	7.141652	0.150030	-14.695920	-12.858382	9.091420	-14.275245	16.034994	4.387000	-4.849060	-0.121945	-19.243157	0.013463	21.307395	-19.666842	-7.892833	21.469891	-11.201044	
-0.593154	16.986027	9.311602	17.752243	11.672898	17.134411	-21.762841	9.906466	8.368947	-22.457142	13.421313	-7.448696	10.421989	8.391564	17.160644	-26.408798	1.729857	22.643010	-26.168267	-20.701054	-3.388612	-12.423796	3.485361	-21.273785	-21.822036	22.776315	-14.693949	-17.086696	-19.684007	-27.986759	-11.926921	20.272902	15.227967	-23.151335	9.601069	-25.167584	-8.409965	6.335516	25.524296	24.681965	-14.167246	-4.522025	-19.459874	26.663313	-12.356330	-19.064073	10.705150	4.661656	7.428341	-18.079823	
21.797491	-24.203274	1.237733	1.597575	-16.950058	-21.090849	-0.851440	-18.885994	-14.634865	-2.909686	6.110351	-24.360424	-18.668793	5.484415	10.326214	21.981828	-5.428975	-15.930346	-11.010605	-10.947462	11.432910	23.487339	25.885922	18.075516	9.059330	-17.565711	9.026954	-4.713474	10.063856	12.609711	-13.461618	23.551151	-14.047364	10.323556	2.578071	-9.043288	0.308431	10.466410	25.494210	-8.219088	22.586151	7.678405	1.526328	-2.882368	0.594943	-6.066911	4.374848	-0.926479	-5.739156	21.966109	
12.702382	-15.511108	-6.609644	-2.844202	14.555814	15.179673	21.384456	-20.833107	-6.461134	5.675917	-4.550059	-4.548959	2.837168	7.345577	6.632035	18.871180	-10.625254	-5.538272	11.932051	-7.262523	21.350050	15.071602	-5.936539	-0.614563	16.392780	13.029483	11.643323	-19.161852	14.192364	16.998862	-14.129871	20.563107	-1.142915	8.780402	0.877299	-20.302621	18.584748	-15.095665	-19.471166	20.009313	23.294653	9.546117	-20.760255	19.463818	-22.767659	-20.179961	16.862829	-17.319317	-2.267616	11.453675	
20.715469	26.773705	-2.741878	-30.540357	-30.228089	12.236853	0.892424	10.019490	29.233137	22.968902	-1.423818	31.910544	-15.398813	-2.390700	-24.953110	7.638866	5.190285	-12.255050	-14.183873	7.836020	1.230717	31.535727	-27.337713	-29.773817	13.166782	2.228689	-8.427428	16.116269	7.867299	-28.784773	20.826718	-12.904932	19.485125	17.668238	-25.354285	-14.629550	4.985809	7.161982	-3.493124	-24.932705	-18.392340	17.365400	-13.265533	7.230646	-30.235695	6.626727	1.577387	11.016691	-28.266404	-18.174231	
14.585898	-4.527690	-16.959981	-21.903666	2.644013	-24.000890	6.374844	30.512530	29.254357	4.419973	-28.315790	-4.875689	-5.676817	1.837316	-21.526761	2.557047	-28.014302	5.874816	-25.655544	18.360265	19.302285	-27.115210	25.486967	-2.406824	-12.923449	18.024984	16.382122	9.844476	-30.667844	25.938034	-21.859662	7.804786	-9.154308	-14.232201	22.181531	-6.643938	12.634075	1.699093	-17.838793	-12.310269	-15.133518	15.613556	-14.789393	-27.271860	-12.424691	0.508235	25.715114	8.736704	-19.367636	-22.761513	
0.565112	-6.714833	-9.715315	-0.430202	-5.213640	-18.919026	5.666686	15.081032	18.805818	-7.188037	21.560001	20.251177	-0.856397	11.088104	4.864895	-7.708437	-9.118717	-13.176522	-13.539262	-2.739032	-3.344256	-21.000172	17.931254	16.675935	-5.391716	7.925185	18.164009	-12.354001	-9.046964	-2.968677	10.659850	-2.976600	11.587854	3.378259	12.304446	-0.099395	-5.062914	-22.320444	5.720716	3.657103	25.583753	21.396576	-16.254304	-0.196389	-25.014360	-9.996402	4.311774	17.365412	24.605519	-22.302911	
-12.036344	3.753107	-9.872345	0.970633	-14.121528	2.428337	28.642430	-15.104598	12.063452	27.058425	17.465253	-21.404420	18.721767	1.817763	-5.374546	-26.565782	-20.732043	-26.776411	-25.922817	-20.850915	21.836442	18.124986	-18.550270	-2.003040	-19.147236	-19.369389	-26.138383	-27.609904	22.178168	-8.300889	14.451384	-7.606431	-28.290420	-27.828153	-16.315884	25.783691	-9.007945	10.792730	12.517188	15.761667	-22.557278	6.204923	-18.373957	19.521373	1.303994	7.082645	7.486498	6.786737	25.160548	23.685460	
1.600400	-10.370643	12.083475	8.627142	9.451604	2.920876	-11.066127	-6.399678	0.438927	5.493368	-4.587945	4.237733	-16.343231	17.061180	-0.320649	-16.320423	-3.731130	-5.997811	13.494965	-2.706070	-1.410341	0.816518	5.036176	-20.147981	21.712184	-0.512369	13.150024	-4.962229	-9.297203	-14.133809	-9.519495	-8.775192	19.885827	0.019168	5.844696	-15.456706	-17.555925	6.308813	-12.825707	21.114787	-7.059136	18.158097	0.871955	8.262891	11.196956	-17.634444	18.285218	8.421669	-4.691417	-17.125683	
16.743925	13.921304	8.843873	16.852310	-3.135590	20.656493	20.905325	0.334365	4.670628	-16.964721	13.210195	10.338512	-12.005653	12.559155	23.135289	8.158847	-11.193379	22.110474	-11.284959	-5.338260	-13.189165	19.218662	15.684773	22.225366	-17.645281	24.664268	-16.054866	-16.605312	-14.121703	8.434553	12.025925	-14.217548	-14.972766	20.161528	-1.392722	19.471357	2.388002	-5.447215	-4.736588	-24.466851	14.128030	-14.773198	14.879197	-2.551538	-0.076130	-4.053089	24.373590	14.323330	-3.048190	-8.425326	
-19.042477	23.981704	9.073380	-3.604162	22.588573	14.017523	-10.976175	-4.252403	5.026272	-16.337532	8.224624	-2.685442	-22.312952	8.601177	13.373762	-13.613926	10.109314	10.055909	12.754191	21.898412	-0.188535	-13.674163	25.189463	-0.480991	4.982059	-24.022712	1.357936	-7.632508	8.005719	7.215234	23.016996	-11.464612	-23.162579	20.968875	-12.284735	-4.198115	-18.643542	-17.173615	0.445441	-17.212948	-23.230652	-1.402666	7.614254	-11.099865	1.552943	-21.047654	-12.906993	-23.128781	-21.088769	-11.793809	
-13.235594	29.164535	3.248280	28.734001	7.490012	-29.069994	9.012107	-28.415370	23.772992	-12.689890	-12.728945	-13.635856	-5.689027	5.550295	24.942832	-17.596869	28.560936	15.549582	-20.456563	-14.131309	28.855262	8.215638	-8.459344	2.483346	-1.552746	-27.990743	4.214836	18.280660	15.463220	14.781552	-0.653205	14.784680	-8.485448	27.761692	12.687954	-0.722777	-22.628315	-10.209541	-3.023335	9.258552	-5.703086	-1.731383	18.735768	0.216426	9.405713	0.034226	24.043231	6.680607	20.017711	-3.461216	
-0.058168	-3.004439	15.982441	-18.263078	11.443838	1.035702	-14.204566	-20.833838	-2.003697	10.468908	-19.330364	-13.276506	-10.139172	-15.784946	13.344510	-15.285896	15.831461	-10.476854	-19.045766	-15.527067	13.715853	-7.246180	3.990625	-3.657251	6.654103	20.570711	-9.364361	9.219437	8.523958	-8.409969	-5.307423	6.024528	-9.050995	-6.499191	16.418750	16.577120	-2.216324	-17.076886	-0.350158	-4.922009	-14.347747	-15.173708	6.595088	16.347512	7.110579	-9.880465	15.899366	2.541400	-12.830605	13.461592	
-14.421897	16.107050	20.901065	13.033354	4.989234	3.453617	-5.403152	9.148946	21.471856	18.694796	-3.334942	22.876314	17.220336	-18.120635	21.479439	-14.195784	18.821455	-19.457538	-18.832966	-20.939196	-4.530182	10.899888	-7.682990	1.449585	-6.080484	7.622407	-20.563569	10.906297	13.908092	-18.990829	11.064300	-13.667366	-17.082485	8.652947	-20.305998	-17.927285	15.797614	-1.443120	-17.169734	-20.027294	1.564204	-2.480719	20.915030	19.010757	17.184551	-10.026815	-0.966814	-13.649094	6.689965	18.754948	
20.611513	24.362763	11.049198	-21.097631	-7.455346	11.838833	-3.092885	2.230233	18.495204	4.416491	-22.944634	-13.601555	17.666710	-5.788823	-21.366622	-10.941005	-6.770977	19.654701	3.126206	-7.148151	-9.109535	18.314109	25.803815	24.348417	-22.269287	-9.898737	-13.652155	3.508984	-2.392863	25.210112	21.273409	-10.356721	-7.060285	-25.285581	-4.588719	9.916439	-16.810325	-12.705596	15.768826	-0.496416	-0.021341	-6.514083	19.412123	-18.955068	21.665120	-11.735437	-19.190763	-8.767971	23.317326	16.236035	
7.118182	19.332549	-9.504088	21.508678	11.364018	3.802869	18.799658	11.515215	3.913636	16.538380	-18.153627	-12.941568	-15.640871	20.186958	-1.705097	14.789130	-18.278320	6.484009	-4.394992	7.849459	-14.787090	-1.788750	18.180794	18.555958	19.085842	-1.802227	-14.602041	10.319062	-21.180638	1.410932	-7.603228	-18.429457	-0.355323	-7.951489	-16.078858	-5.555854	-0.975671	-10.058909	14.824831	-1.539935	16.465656	-22.319632	12.357663	22.153064	-10.352512	11.546270	-8.581400	21.079189	-18.925828	14.519681	
20.240836	6.223419	-5.751364	11.043120	15.553055	9.078215	-26.308723	27.282021	24.958019	-14.636125	-14.651187	2.409836	-5.729181	17.928176	-4.816033	-0.124647	9.510584	-15.749888	21.222693	19.363916	-13.886041	-3.659483	18.652039	23.722740	-21.839724	22.021603	25.230635	-20.833865	-19.704407	-24.434098	-12.732889	-4.947801	-26.878370	0.405328	18.625363	-0.239444	-15.516560	16.196729	3.767687	-0.383020	-17.969929	-26.088132	-3.708319	-5.306033	12.465520	24.445683	4.977567	0.949191	16.436344	19.094217	
-13.282427	20.899250	22.256604	-2.226168	20.080695	12.505334	22.299968	-12.694187	0.765757	-7.487075	17.396806	20.355614	-23.162675	4.532682	-17.080733	-5.715457	14.028168	20.273048	10.040078	-10.343585	22.218333	-14.494068	-13.525165	1.129180	5.381064	12.106895	-3.015400	-5.839065	-9.291899	8.478098	9.850527	5.354940	-11.814841	-2.425976	14.119218	-2.170679	7.409792	18.018465	-20.839684	15.557280	23.011193	-21.002512	-1.136988	21.610319	-16.429363	7.582818	15.746705	3.226948	-7.885647	-8.589555	
-11.486646	22.875822	-10.280704	21.024207	14.754152	-9.420062	22.329610	8.255455	1.772796	16.912414	21.006555	15.994325	-19.225903	-21.587081	14.344701	-19.408386	-14.399397	-24.944674	-10.878332	5.755308	-5.468958	0.978019	-2.887329	-20.388655	0.527651	10.629998	-4.645060	-15.362011	10.352585	-12.981799	-11.009044	22.640371	21.916381	10.378121	-21.869109	7.401200	-19.575032	-12.031629	17.614589	-18.535329	-5.988467	11.902567	6.760872	-13.381452	-18.201663	-3.081465	14.351232	21.455143	10.262903	-1.128374	
-7.738857	12.532372	-20.181529	-5.825987	21.550214	10.093646	11.393040	19.142002	4.937740	19.026078	24.330741	12.125001	-5.928927	-21.865197	-6.034964	5.164640	-6.038077	8.463974	12.724594	23.957318	16.615583	-7.601426	14.988093	-4.885392	-7.580259	18.049262	24.724458	-6.733735	-18.760586	-2.027959	12.664227	10.089857	-0.680051	-2.934335	-1.434510	14.152535	24.078572	10.824214	-5.080915	5.392682	-12.947992	4.985019	14.788670	-13.679470	-0.092991	-3.882394	-10.233162	-8.095180	-3.332712	-8.011826	
25.421335	19.206503	-4.448036	12.174540	-1.857197	-27.253588	-17.575129	26.710371	27.310872	-0.990941	-13.540044	22.841046	-9.434726	16.329553	-6.833523	-27.905995	19.763302	22.460245	21.725970	-5.515465	20.408343	-20.494037	15.935927	-19.889287	15.869090	-14.243012	-9.696125	17.936964	1.986125	-17.254565	-24.271491	-19.546402	-4.452230	9.906382	-25.126388	6.743954	-13.916108	18.030606	1.923557	22.848314	-18.714628	21.247134	-14.262810	3.698068	-14.482491	9.390886	-2.926572	-15.391726	-12.472473	-6.283393	
24.790655	-23.099423	24.571719	4.058769	20.591760	16.274614	-17.305406	12.070605	9.926047	24.093928	17.387120	16.170462	17.654465	-13.980814	14.333075	20.577251	25.506688	-26.038142	24.358885	12.720945	15.037857	-14.406912	8.646097	10.677182	11.976711	-11.613605	13.102491	-11.347761	-1.601892	7.713898	22.145510	-9.193466	-20.408145	1.724607	-6.882297	6.451782	-22.908260	21.288527	-24.674116	0.214020	-4.243754	-23.116094	24.734579	11.016059	-8.756216	-16.102045	1.722633	14.525858	8.086462	-1.395473	
9.399085	4.186491	16.655543	-1.060955	-18.091199	-5.506837	-19.856839	-13.131224	-14.675408	0.343014	-13.665727	-13.463911	13.657842	-15.906919	7.380970	-12.850375	-18.618269	6.586561	3.942180	-5.542368	19.092842	17.331452	-5.599229	0.086005	6.202441	10.192494	5.498800	9.360228	-14.204367	-22.271624	8.346259	-19.862398	-5.007355	-6.025161	-17.735158	12.949867	6.809665	21.772581	-0.027997	22.228870	17.522617	14.837243	-20.589985	9.789151	15.270753	13.737663	15.369427	-1.184128	-19.763270	6.015815	
-19.619055	-12.236357	-14.971597	-17.128939	-4.623434	-22.135729	-8.259331	-22.149495	17.461760	-18.537897	4.765214	7.103439	-11.851419	-21.217317	18.673965	20.439005	-4.966946	14.768166	-19.665914	10.710930	-9.808087	4.783501	-12.710828	21.890854	6.308874	16.733328	14.109249	-20.751728	18.937373	-21.768898	22.558148	-21.905166	-22.329241	-4.958367	-2.746004	-10.223128	-11.071221	-12.730287	15.490914	-4.450071	-22.246713	-15.949872	2.491576	13.359665	3.645919	4.443243	-17.460451	-13.524945	12.726670	4.510863	
17.659515	18.831289	18.291240	15.391237	13.695487	-3.912587	27.852941	10.258182	1.533145	20.951712	1.607719	13.344000	-12.526601	-15.342527	-17.493779	-27.409160	-20.780262	21.042436	-7.789564	22.059806	8.973681	13.095994	5.226692	-12.762376	-6.932044	-12.947729	6.130971	-10.643043	27.331271	5.835983	-17.440024	-17.991713	-18.967797	22.811913	-4.687774	-13.133542	7.818189	-10.916570	23.037786	-26.573974	-3.462182	-22.039490	-15.366620	-27.389107	11.516890	-24.491817	21.545428	-11.259532	-2.687060	-22.773298	
-9.830130	21.634006	-22.373135	-4.937522	-9.614573	11.155162	-7.199408	-2.175655	-8.028943	-22.633202	-4.459129	-5.017379	13.749287	10.878050	-17.039739	10.237431	5.754847	-3.678794	13.081942	-20.219820	22.183232	-10.593207	-20.164343	7.280998	6.821054	-12.874672	-6.014650	-20.658676	16.700248	18.018919	-15.756116	-13.435941	-15.743444	22.100514	14.270906	-21.516581	-18.383489	12.577071	8.631970	14.416317	-5.387025	-13.567318	-17.216881	-4.024895	-22.019790	17.231812	16.004383	-19.043581	9.410010	-10.200399	
14.420117	16.742280	9.939570	10.322560	18.469233	-17.677848	-26.866320	-10.881564	4.360442	12.709886	16.775290	13.359874	11.080975	-15.940503	-8.247186	-13.672058	-20.202059	-25.053641	29.294611	19.227965	-8.787927	17.642737	-10.790561	-4.908446	25.713725	21.337454	-8.455802	8.492815	-2.098613	23.209507	23.649323	17.095370	-2.666094	-29.247032	-20.895248	-18.840241	-8.426426	1.913157	20.936642	-8.056905	20.516801	-5.094962	-5.060531	-12.043478	1.027850	27.548592	-24.036366	-28.226419	-19.137042	13.642485	
-6.014047	-2.795778	-19.832122	-4.698032	-17.741905	19.173143	-8.999760	13.245165	-12.480570	-14.959718	-3.017739	-17.470453	-17.603027	-16.948098	10.321478	6.946225	4.779278	-19.130422	-11.004945	-12.242442	1.875913	20.818934	19.320256	17.651932	-15.445459	18.729473	-6.916214	-18.975787	17.262339	-19.728300	-15.110089	8.684536	-3.020573	-11.505990	2.288165	-21.095630	-2.283931	-13.783562	-1.244284	3.507379	-16.823861	-1.727547	-6.634292	-6.128245	13.450754	20.829274	14.007552	9.095127	-14.130270	-4.805991	
-17.691017	17.165435	-9.751995	5.668785	3.067388	-0.087531	1.190029	6.932903	14.662218	10.634545	9.516191	17.178067	-7.541037	-14.184646	20.223115	9.003950	-14.619665	10.149688	11.060424	13.652478	14.169707	2.792601	-14.434888	9.816329	14.779658	-11.885533	-11.083975	0.603427	-16.495207	-21.453891	5.776774	-13.335993	-3.709749	20.992610	-20.807380	-17.668763	-20.606000	2.230719	-10.369819	10.101031	19.136911	20.544707	-14.545333	16.876018	1.416206	10.569101	-19.600661	14.125273	6.386184	3.297551	
-24.053541	-3.420494	-19.822209	-21.659434	3.019652	6.951628	-21.259681	-8.389720	3.938782	-5.605363	-1.556746	8.969604	14.581428	22.802037	12.947020	-22.929350	4.571124	-0.382953	-18.664657	-0.303241	19.443335	-17.482081	-21.289790	24.372739	11.616262	-15.039293	-0.239782	6.509718	-8.900153	-13.126027	17.872689	-21.225657	-4.571817	-8.771084	-18.700456	-5.552834	19.407542	-12.346922	13.826078	16.545820	7.797835	-7.979364	12.652877	7.529400	4.692293	-2.313474	16.631546	-4.265369	-0.265258	0.681139	
-23.416664	-10.008636	-15.619065	22.323247	23.411419	6.458199	21.108479	-12.702283	-28.160328	-28.408255	25.171474	17.009367	-26.946220	-9.728127	2.025285	-26.503319	3.349663	-29.019229	-15.778150	18.906517	15.514946	-29.602041	16.052202	3.830522	20.649330	-9.896654	27.304907	6.509767	21.146702	-13.143856	2.314073	28.311053	18.861928	-23.968837	-4.163599	27.307026	22.223870	19.043440	22.198871	-20.530543	-29.639317	2.439056	-22.372115	8.801810	-20.268439	25.091371	-26.105632	-11.846166	-12.610831	-20.861183	
-10.628637	17.414177	5.650146	0.320694	-8.063726	-16.707488	-20.736263	-6.351400	-1.454711	-20.110430	13.697011	-9.934598	9.235285	6.855417	-23.045516	-13.456335	-11.833260	1.684412	13.406552	16.410713	18.257795	21.090111	7.051282	-18.358677	22.404591	-8.587400	11.832537	-11.413508	-19.862398	0.529603	6.533287	-3.265491	-7.397350	-23.329079	9.219463	-8.887191	24.741830	-17.476533	16.329939	24.724044	15.894157	9.676421	18.708684	6.175586	-9.302102	-0.667465	-23.535715	-24.572753	-1.681823	-11.759301	
26.902394	-16.341137	-15.870912	-5.343124	-25.348382	-21.317740	11.828063	28.461920	8.299314	-7.276693	9.034418	6.253872	7.408481	-13.743442	-3.055191	-20.267933	-20.320452	28.695162	-23.550382	14.312774	-2.221871	-2.658510	-1.483130	-8.017734	5.538489	-14.652150	-21.255429	25.511749	-22.636586	28.214776	23.855803	13.641281	6.288630	-6.256529	-1.177763	2.031142	-27.752425	-24.617408	-5.538698	-16.142017	0.512659	-18.391770	-20.524310	-28.108512	-16.243725	8.330862	-14.311648	8.853203	-7.300778	8.063366	
5.033150	0.450001	5.895458	18.864894	-3.743923	-11.900608	-3.162084	-13.747837	-15.077299	-15.118018	16.853956	-17.698852	13.128719	-8.783135	-13.970708	-7.541490	9.379924	-21.149575	-10.078727	-0.068181	-2.282797	14.660186	-22.827128	-22.663429	2.036560	-16.153105	-4.302577	-23.455943	-22.840670	-13.050755	11.161145	-23.178662	-3.113288	15.428333	-18.243071	-14.454237	13.204765	15.822398	-21.210268	14.362296	14.129513	-12.775138	21.693860	12.987787	-2.634875	-8.960454	23.251112	-18.790026	10.868946	20.981784	
20.288138	-20.924354	14.614809	8.727909	18.836407	15.542579	-23.531592	-18.987396	17.725736	4.083291	-6.027927	-10.873421	-6.589348	16.105304	-2.964277	-19.076884	10.230449	-8.049128	13.675423	-13.139575	-21.574004	17.199617	-8.906386	-16.802499	-5.085135	-2.755354	4.302085	-8.459467	6.121202	5.244566	18.247426	-18.948614	-16.486023	-18.834001	-2.578515	-2.612074	20.310310	23.875100	-13.174924	-10.793663	-19.891534	15.955864	3.059627	-4.902351	12.797328	10.894006	16.581987	-4.731805	10.572681	-12.875860	
23.647949	1.755001	-5.521230	13.999254	4.781723	0.612219	14.626899	24.826628	-4.398105	-18.802772	7.467382	-3.665049	11.391512	4.677401	17.197752	-14.969450	-24.906719	10.525956	16.840643	20.201142	7.759685	-24.940569	6.435607	3.583943	-4.961511	-19.657517	19.568169	-3.411277	11.310618	15.876285	21.620549	0.266693	4.040877	20.208008	-21.704690	11.748082	-0.708583	-14.908864	8.317374	6.573097	-26.322557	26.144096	11.181645	-18.025929	-12.630821	3.253275	25.854964	-6.054142	-5.058776	-13.123668	
-25.277478	-25.084336	-16.993521	9.801015	19.319524	-5.827447	-2.981107	-8.043379	11.747423	-25.204651	3.665190	24.907540	-17.049917	-1.835247	-3.687644	-4.858352	16.790270	-12.205310	-24.451735	2.177153	18.170453	3.492331	21.264630	22.790617	-13.456151	15.878184	-6.935565	11.160231	-8.808796	24.019216	14.724843	3.789648	10.593245	11.891575	17.765130	3.796947	-5.006407	-15.560677	-18.364978	-9.673820	-22.505731	17.979005	-7.790057	-1.549138	-25.784311	3.618261	-0.321983	-17.656451	20.373062	-18.667107	
24.338488	12.733161	-20.002273	16.044084	9.167072	-9.842035	-7.433010	-22.648527	4.834122	3.833739	22.643094	0.472726	-19.975191	16.025942	12.406392	-4.859816	1.186306	-19.438641	11.966082	-1.087865	24.901820	-22.232636	-17.294784	16.796689	18.467787	22.366776	-8.641706	11.686758	-20.493864	22.926708	5.897562	-3.391089	-16.550477	-16.657819	-22.884278	1.707477	10.284939	24.380387	9.047052	-4.471317	8.672767	12.283979	-1.341718	3.204708	-24.124952	-14.377894	21.391379	7.053796	-7.988665	11.694223	
22.809337	2.142419	-1.497809	-28.529493	18.033687	10.930099	-19.655318	-21.769123	25.943461	1.872430	19.403939	-16.491084	16.058665	10.791119	25.614425	13.077579	-24.042199	7.314840	-25.240309	-1.627294	7.594021	12.606104	-22.857747	-24.467791	-1.685806	-0.650869	21.446576	27.056491	30.602006	28.496292	-13.545227	14.276744	13.145702	-5.937923	-15.986906	12.438111	24.210710	-5.907315	-3.020700	-15.926736	22.006714	8.251646	24.644206	7.289182	-18.075122	-28.207668	-24.469773	11.944478	-0.116174	-28.263501	
0.005924	0.023735	0.009075	0.038588	0.027160	0.020251	0.005173	0.040439	0.031244	0.022193	0.034955	0.021347	0.020779	0.017927	0.001929	0.015507	0.023767	0.005161	0.039138	0.001528	0.018792	0.004849	0.001753	0.023378	0.010898	0.040254	0.004054	0.023463	0.009493	0.025012	0.034362	0.005473	0.017076	0.003577	0.028568	0.023803	0.002453	0.004085	0.000474	0.028178	0.022698	0.032731	0.022080	0.041393	0.032160	0.024931	0.028797	0.040419	0.012844	0.026135	
0.026031	0.019469	0.012892	0.022756	0.013002	0.038351	0.017505	0.024300	0.016887	0.023118	0.035092	0.036540	0.002597	0.012544	0.008779	0.029523	0.012433	0.019085	0.028936	0.014388	0.001317	0.017682	0.025699	0.034381	0.002560	0.032356	0.025077	0.020897	0.038930	0.010543	0.012472	0.026331	0.014895	0.039712	0.016547	0.027399	0.026473	0.022209	0.005206	0.007320	0.008100	0.013008	0.036547	0.024781	0.041864	0.008598	0.000630	0.028563	0.006088	0.009588	
0.026707	0.012011	0.022455	0.006101	0.037160	0.021800	0.004836	0.036677	0.038025	0.034676	0.008492	0.010391	0.014238	0.028417	0.005286	0.029458	0.012095	0.004656	0.002510	0.043372	0.007876	0.030686	0.033797	0.029538	0.021903	0.002141	0.020702	0.029349	0.003081	0.009102	0.023103	0.007304	0.009108	0.021983	0.026010	0.013945	0.006045	0.012998	0.044159	0.015516	0.021336	0.046780	0.020896	0.008634	0.022803	0.021603	0.040163	0.032476	0.013214	0.004383	
0.007552	0.013724	0.023944	0.035371	0.027558	0.013931	0.030342	0.016345	0.026827	0.010924	0.031897	0.007820	0.009876	0.011125	0.011572	0.002544	0.032337	0.024580	0.003500	0.014906	0.034574	0.012894	0.001438	0.038695	0.017313	0.014491	0.029210	0.004266	0.013666	0.037186	0.013156	0.036562	0.038033	0.001908	0.018593	0.005340	0.019530	0.015163	0.014907	0.040452	0.003109	0.003600	0.009824	0.033665	0.033139	0.024731	0.032279	0.021912	0.038349	0.035341	
0.023014	0.033975	0.007107	0.026769	0.029588	0.016241	0.040211	0.011197	0.004894	0.022889	0.021320	0.000251	0.034471	0.005487	0.004003	0.021942	0.015763	0.030274	0.030299	0.023391	0.031383	0.006295	0.010072	0.015195	0.005758	0.002630	0.040443	0.039433	0.013377	0.033286	0.003198	0.006845	0.013121	0.035581	0.038538	0.038935	0.007437	0.029810	0.001238	0.026298	0.009059	0.024948	0.032847	0.001542	0.018123	0.022015	0.032571	0.007515	0.029310	0.020113	
0.004086	0.017005	0.021558	0.013522	0.005448	0.019424	0.010839	0.006350	0.019141	0.035800	0.011320	0.028728	0.011949	0.033603	0.010711	0.021905	0.037587	0.019279	0.040853	0.004260	0.015395	0.000745	0.026115	0.016255	0.001418	0.009464	0.022259	0.006550	0.021736	0.037799	0.018498	0.023102	0.035905	0.027102	0.001231	0.035978	0.013518	0.012679	0.037114	0.032037	0.035953	0.024090	0.014111	0.027373	0.006288	0.026057	0.001379	0.035232	0.037769	0.023480	
0.020579	0.029516	0.029507	0.014851	0.025873	0.028306	0.017227	0.008728	0.005813	0.011117	0.029187	0.016631	0.031677	0.032170	0.013430	0.031006	0.026856	0.024795	0.010894	0.031560	0.022751	0.001525	0.018929	0.004765	0.012731	0.034002	0.001018	0.009401	0.017745	0.012375	0.028471	0.022336	0.015752	0.029730	0.032862	0.032687	0.003264	0.031859	0.009533	0.029675	0.029572	0.012407	0.014522	0.011592	0.009142	0.031879	0.028887	0.004915	0.035290	0.010660	
0.003715	0.029318	0.010585	0.015831	0.016414	0.009721	0.036838	0.008907	0.028333	0.031839	0.011529	0.008311	0.031523	0.014737	0.003429	0.005986	0.017617	0.016317	0.013484	0.018753	0.016262	0.023728	0.022114	0.021482	0.003978	0.012454	0.024056	0.025332	0.024309	0.021324	0.033295	0.028472	0.003315	0.036420	0.009873	0.027943	0.019197	0.014580	0.015434	0.028709	0.019435	0.036431	0.031452	0.036207	0.036855	0.034708	0.018078	0.030160	0.011030	0.000180	
0.023503	0.036955	0.041520	0.038310	0.038310	0.006855	0.023660	0.027382	0.034486	0.005142	0.019665	0.040291	0.003624	0.001618	0.018039	0.014152	0.024982	0.020688	0.021716	0.031395	0.006516	0.007698	0.025816	0.020440	0.003210	0.019746	0.005449	0.023640	0.002154	0.027698	0.038116	0.006620	0.010068	0.018221	0.003345	0.029405	0.027058	0.025028	0.004877	0.032467	0.021729	0.024363	0.011366	0.002745	0.017328	0.025430	0.006757	0.032140	0.039684	0.008596	
0.003186	0.034847	0.009533	0.005097	0.021986	0.034296	0.020404	0.005873	0.036710	0.004356	0.035674	0.000159	0.015441	0.013265	0.023657	0.018771	0.006745	0.022219	0.033986	0.040827	0.006067	0.020000	0.042312	0.012713	0.038913	0.014953	0.003134	0.021746	0.022533	0.034257	0.027032	0.011781	0.013443	0.009196	0.024313	0.011696	0.030253	0.030881	0.002043	0.021565	0.030916	0.002503	0.009632	0.009606	0.019380	0.031670	0.031366	0.022184	0.036766	0.020112	
0.036149	0.028711	0.036881	0.000454	0.021787	0.009429	0.001287	0.026867	0.018417	0.020690	0.037390	0.012844	0.011279	0.020819	0.032234	0.024460	0.008682	0.013768	0.039073	0.000620	0.009101	0.009134	0.039551	0.005088	0.018083	0.039287	0.026500	0.029979	0.039379	0.026766	0.001220	0.004976	0.014373	0.037039	0.017891	0.022031	0.030932	0.013064	0.024550	0.004292	0.027142	0.021337	0.009065	0.009390	0.030130	0.011068	0.002162	0.026613	0.030772	0.017245	
0.016307	0.000877	0.003153	0.000905	0.013642	0.008247	0.011720	0.031155	0.024574	0.023402	0.016537	0.013569	0.015207	0.007345	0.024429	0.034655	0.041792	0.006983	0.042052	0.025336	0.000366	0.023339	0.009330	0.021556	0.036649	0.014705	0.030875	0.019818	0.023447	0.011544	0.025665	0.010369	0.039712	0.007269	0.016982	0.040588	0.005571	0.002949	0.000422	0.006308	0.040868	0.030541	0.041524	0.015324	0.039543	0.038403	0.015438	0.032038	0.014001	0.022969	
0.014209	0.024186	0.028696	0.019984	0.026434	0.027346	0.009048	0.039753	0.020771	0.010845	0.001536	0.004303	0.033778	0.011948	0.012335	0.006087	0.013709	0.013630	0.024620	0.027894	0.034549	0.006263	0.028601	0.038509	0.027117	0.032658	0.021169	0.035354	0.035338	0.005185	0.030373	0.024589	0.019755	0.007127	0.019982	0.015169	0.012805	0.021328	0.001692	0.028209	0.036413	0.006706	0.009110	0.018961	0.005675	0.026305	0.037251	0.009248	0.000216	0.033233	
0.008086	0.039178	0.043198	0.022373	0.022819	0.015833	0.008995	0.027165	0.002269	0.022266	0.018614	0.002115	0.003361	0.036440	0.013938	0.001684	0.016265	0.012263	0.028888	0.016312	0.025068	0.000349	0.043177	0.007139	0.024374	0.015342	0.041996	0.005390	0.025096	0.013925	0.036439	0.043516	0.020819	0.006231	0.002700	0.012360	0.015047	0.016014	0.044269	0.011105	0.039381	0.017911	0.013884	0.041304	0.004949	0.023269	0.012703	0.025364	0.030964	0.017851	
0.031490	0.004385	0.035714	0.020486	0.008497	0.022899	0.006540	0.022766	0.033883	0.014280	0.021218	0.026844	0.013483	0.023165	0.014999	0.034965	0.001378	0.034482	0.003521	0.034316	0.035292	0.030853	0.001155	0.031095	0.009557	0.003081	0.016293	0.007041	0.012211	0.015493	0.027058	0.004988	0.015587	0.019564	0.019616	0.012195	0.018123	0.035685	0.038054	0.039272	0.024911	0.004533	0.016871	0.034529	0.024028	0.004489	0.032754	0.006196	0.016542	0.033628	
0.027919	0.004602	0.002153	0.018191	0.011292	0.024215	0.011630	0.030563	0.023685	0.001431	0.015769	0.013349	0.035308	0.000742	0.032791	0.003706	0.032740	0.012065	0.015015	0.013302	0.017349	0.007658	0.031164	0.032117	0.023243	0.036045	0.022945	0.005397	0.035230	0.023841	0.031120	0.023901	0.020214	0.032281	0.005647	0.018824	0.034060	0.033984	0.031789	0.019033	0.012686	0.032829	0.017864	0.001234	0.020146	0.019785	0.017413	0.022238	0.005873	0.033623	
0.005428	0.015437	0.023037	0.036206	0.019234	0.017270	0.037554	0.014879	0.030280	0.025051	0.026618	0.006796	0.001443	0.026095	0.030973	0.034836	0.008962	0.020687	0.034109	0.035885	0.020300	0.013012	0.035396	0.034164	0.035093	0.037023	0.003341	0.011015	0.036002	0.019370	0.008406	0.034154	0.022930	0.013630	0.026728	0.005609	0.025099	0.025850	0.011548	0.011462	0.006951	0.025167	0.007029	0.011492	0.002340	0.006516	0.015043	0.005785	0.012093	0.026672	
0.021423	0.004957	0.005550	0.030067	0.012658	0.016016	0.016610	0.020673	0.030930	0.007436	0.014606	0.024210	0.033539	0.016434	0.025610	0.014055	0.025591	0.006008	0.011923	0.029597	0.021781	0.028387	0.010948	0.023619	0.007573	0.005407	0.025361	0.020892	0.032524	0.019643	0.019839	0.007381	0.028749	0.024876	0.031369	0.033185	0.014083	0.027963	0.012114	0.005284	0.032722	0.015506	0.033740	0.021306	0.037424	0.029901	0.030693	0.011450	0.009268	0.009120	
0.039243	0.018282	0.016692	0.015236	0.017426	0.032714	0.020531	0.039087	0.007118	0.033525	0.033052	0.026931	0.002273	0.012159	0.018466	0.035639	0.008965	0.005877	0.010982	0.033058	0.012341	0.035922	0.001464	0.015870	0.007981	0.002546	0.026304	0.020849	0.012363	0.013152	0.028123	0.001174	0.005034	0.037483	0.024436	0.001025	0.033164	0.029586	0.014388	0.018099	0.030101	0.008734	0.033188	0.029838	0.020989	0.021448	0.033870	0.034730	0.014503	0.004040	
0.028699	0.042497	0.004163	0.000909	0.023831	0.010051	0.031121	0.018877	0.011895	0.032747	0.037907	0.028668	0.029113	0.018144	0.027456	0.015765	0.035405	0.015730	0.013705	0.015070	0.017377	0.004562	0.006551	0.011932	0.010160	0.007405	0.041687	0.002257	0.005077	0.004648	0.027766	0.038684	0.025672	0.021672	0.042255	0.028028	0.026826	0.014461	0.020580	0.006321	0.002464	0.030878	0.006406	0.027491	0.025779	0.007236	0.041830	0.015535	0.019307	0.017400	
0.012931	0.006595	0.027298	0.009959	0.007060	0.011200	0.029824	0.014769	0.027963	0.003448	0.020456	0.035515	0.024888	0.007023	0.032747	0.013323	0.021202	0.028540	0.027450	0.004610	0.000885	0.008908	0.033793	0.030518	0.036592	0.021790	0.003948	0.031783	0.014558	0.007181	0.004931	0.041035	0.014544	0.011466	0.004037	0.037453	0.021270	0.013165	0.029505	0.040429	0.021164	0.043372	0.034638	0.009293	0.018320	0.023309	0.007698	0.014318	0.035875	0.017417	
0.009388	0.008717	0.040879	0.022372	0.023137	0.022227	0.038411	0.016513	0.027968	0.013896	0.028325	0.032313	0.000541	0.007209	0.039494	0.000340	0.023612	0.027500	0.040638	0.000983	0.024583	0.043316	0.005581	0.034353	0.007723	0.026978	0.026025	0.017275	0.005965	0.002039	0.011380	0.021038	0.015369	0.033496	0.005222	0.020249	0.017540	0.015407	0.022383	0.006018	0.038804	0.009987	0.016048	0.014920	0.012272	0.041244	0.011273	0.005011	0.035379	0.028659	
0.006031	0.021385	0.025625	0.039341	0.034197	0.029472	0.013709	0.012748	0.022641	0.007698	0.021270	0.036473	0.010319	0.006670	0.009853	0.035725	0.005981	0.025982	0.032156	0.010943	0.006093	0.039366	0.023877	0.028483	0.000037	0.024044	0.018543	0.003252	0.013260	0.027944	0.037067	0.020242	0.038163	0.010190	0.006440	0.024658	0.027754	0.023016	0.012774	0.019347	0.005089	0.027835	0.021779	0.025467	0.038602	0.010694	0.002795	0.032469	0.001155	0.021346	
0.025024	0.012792	0.014340	0.030364	0.033442	0.007450	0.035923	0.015021	0.006851	0.021252	0.014843	0.011356	0.027824	0.003089	0.019608	0.027042	0.019751	0.005124	0.002936	0.028967	0.017093	0.028305	0.027118	0.029213	0.011744	0.008313	0.004594	0.036035	0.035157	0.016741	0.012240	0.022233	0.013976	0.031065	0.025683	0.005604	0.010585	0.021544	0.034809	0.014535	0.028526	0.009319	0.009489	0.035201	0.031716	0.033895	0.036532	0.006178	0.011969	0.027587	
0.026088	0.002392	0.018801	0.015140	0.031049	0.030694	0.016572	0.005497	0.022829	0.027167	0.018057	0.004773	0.030274	0.019388	0.020525	0.033664	0.025311	0.008900	0.028301	0.031613	0.022787	0.032736	0.017839	0.007823	0.020280	0.012867	0.033487	0.005470	0.008813	0.012136	0.021610	0.033240	0.032705	0.021825	0.030967	0.010637	0.019048	0.030474	0.003573	0.012795	0.025250	0.022270	0.013249	0.035418	0.004226	0.025380	0.001717	0.018945	0.009753	0.035645	
0.020687	0.028732	0.002629	0.038968	0.010916	0.028264	0.005096	0.016057	0.012581	0.029017	0.038690	0.010550	0.038897	0.000061	0.010565	0.035667	0.013472	0.023292	0.028324	0.035274	0.025592	0.030929	0.017231	0.016000	0.004649	0.011945	0.013311	0.015528	0.006611	0.009945	0.034004	0.000757	0.009302	0.035905	0.007773	0.027546	0.032039	0.020497	0.022231	0.012959	0.031498	0.038590	0.030330	0.030242	0.011978	0.030753	0.004824	0.018083	0.002771	0.018438	
0.026372	0.007436	0.023722	0.015699	0.019925	0.020006	0.008680	0.009712	0.030101	0.029803	0.031097	0.009206	0.023387	0.023159	0.009738	0.021079	0.027302	0.031042	0.010329	0.015837	0.031117	0.037528	0.035833	0.013066	0.012506	0.005205	0.011898	0.021387	0.013500	0.014960	0.029631	0.031995	0.014740	0.029599	0.035758	0.023865	0.025349	0.011844	0.006460	0.011751	0.018953	0.027896	0.000531	0.016862	0.013896	0.035481	0.020000	0.014866	0.024539	0.015348	
0.003676	0.025547	0.005631	0.032364	0.010495	0.036912	0.008284	0.036537	0.035571	0.031608	0.017332	0.034408	0.015140	0.000789	0.032780	0.023412	0.020485	0.016549	0.023451	0.022872	0.032600	0.020935	0.035213	0.014277	0.005699	0.000422	0.015844	0.014308	0.029158	0.014908	0.034323	0.024750	0.000980	0.009970	0.010367	0.032081	0.000691	0.015585	0.008914	0.021590	0.018469	0.017986	0.028306	0.003441	0.030996	0.023805	0.013378	0.023436	0.027739	0.035985	
0.030579	0.003742	0.025609	0.032599	0.030992	0.035342	0.001371	0.004299	0.025861	0.024338	0.024963	0.015025	0.009199	0.001971	0.013731	0.039579	0.026394	0.001109	0.034497	0.034295	0.003577	0.003421	0.016842	0.017513	0.037311	0.022983	0.004709	0.003073	0.022869	0.031098	0.021031	0.034485	0.014097	0.021454	0.004406	0.033244	0.019702	0.008203	0.033953	0.038411	0.030134	0.012290	0.038414	0.016605	0.009414	0.014486	0.015537	0.034145	0.008521	0.012576	
0.018185	0.003002	0.028048	0.026015	0.003228	0.016814	0.031458	0.019247	0.032561	0.001973	0.008098	0.002019	0.017767	0.031282	0.028891	0.024210	0.033082	0.001989	0.029370	0.001331	0.026732	0.001792	0.032904	0.010863	0.034822	0.028707	0.013862	0.023862	0.030578	0.022061	0.003469	0.037064	0.016165	0.030042	0.013718	0.029402	0.020018	0.016328	0.019721	0.017238	0.007052	0.005458	0.008513	0.012121	0.030141	0.016769	0.034406	0.028974	0.036803	0.031842	
0.037767	0.002589	0.013983	0.024202	0.008855	0.008243	0.035522	0.022391	0.007387	0.000635	0.018551	0.000749	0.001633	0.031610	0.025740	0.035119	0.032887	0.007956	0.037532	0.032017	0.007228	0.027660	0.011866	0.023235	0.024488	0.026381	0.034342	0.025202	0.030263	0.035041	0.027890	0.031503	0.004296	0.028910	0.035466	0.035175	0.028227	0.014053	0.030553	0.008174	0.008299	0.009667	0.003263	0.026415	0.017348	0.015958	0.022038	0.012432	0.004679	0.004581	
0.000876	0.034991	0.032920	0.004521	0.005093	0.018864	0.005166	0.019292	0.013635	0.012067	0.026163	0.018111	0.003058	0.027877	0.007480	0.003100	0.036755	0.021950	0.015707	0.009258	0.033289	0.038889	0.036829	0.003484	0.025006	0.018722	0.006723	0.001215	0.038242	0.039289	0.020776	0.023237	0.012285	0.000460	0.033718	0.024638	0.035577	0.024297	0.027745	0.026738	0.002119	0.013996	0.034378	0.033059	0.012537	0.007164	0.040501	0.035333	0.006335	0.026531	
0.001743	0.021766	0.030682	0.000735	0.028530	0.026247	0.022916	0.031152	0.012962	0.011144	0.006324	0.011440	0.022578	0.027920	0.018955	0.008610	0.029298	0.011736	0.001980	0.004029	0.001367	0.020251	0.013894	0.031074	0.005857	0.031953	0.026156	0.033458	0.031642	0.013941	0.013343	0.003173	0.026112	0.001694	0.022287	0.021170	0.029093	0.034432	0.015437	0.010975	0.033426	0.027104	0.032190	0.033870	0.024932	0.024332	0.015545	0.033968	0.025187	0.031388	
0.010124	0.022237	0.021832	0.021612	0.001099	0.012739	0.039125	0.002651	0.037914	0.007227	0.004698	0.026301	0.014597	0.025828	0.026305	0.001201	0.032665	0.031686	0.000395	0.029666	0.007338	0.007576	0.027123	0.020968	0.031666	0.033440	0.026080	0.002948	0.026392	0.027652	0.038475	0.012963	0.025355	0.000442	0.025438	0.038266	0.008750	0.032656	0.013489	0.034458	0.013319	0.009924	0.015448	0.030110	0.024556	0.034595	0.016306	0.009606	0.002050	0.032714	
0.046449	0.018780	0.007564	0.007373	0.046412	0.044117	0.040825	0.031948	0.042709	0.003398	0.025285	0.005354	0.019155	0.004058	0.006087	0.033769	0.014661	0.019390	0.017453	0.034936	0.000062	0.000458	0.018123	0.001130	0.002208	0.010484	0.044575	0.011631	0.023651	0.004725	0.028802	0.013174	0.036061	0.033681	0.003821	0.003306	0.039059	0.001555	0.010416	0.001343	0.030604	0.041403	0.025793	0.019520	0.027550	0.026303	0.043978	0.006820	0.000803	0.019242	
0.034468	0.011413	0.023633	0.003613	0.017435	0.020582	0.017726	0.025626	0.012758	0.023391	0.026096	0.028303	0.007353	0.018050	0.004842	0.004403	0.028474	0.013708	0.036250	0.008498	0.017269	0.015349	0.008280	0.039583	0.023803	0.022507	0.033858	0.034023	0.035556	0.001225	0.005390	0.022761	0.001419	0.033452	0.029681	0.017962	0.026620	0.028737	0.032253	0.036431	0.030318	0.031636	0.016319	0.004154	0.007566	0.010284	0.032616	0.012660	0.017386	0.004277	
0.029018	0.034977	0.005828	0.006223	0.026854	0.017645	0.029364	0.038516	0.013325	0.014486	0.041858	0.019586	0.015840	0.027353	0.039225	0.006377	0.019487	0.031463	0.007790	0.033051	0.032764	0.006564	0.015871	0.015901	0.021130	0.022018	0.005461	0.004838	0.038644	0.023966	0.027740	0.014437	0.012703	0.009775	0.021627	0.039507	0.015770	0.018211	0.026133	0.011655	0.009699	0.003043	0.042547	0.004592	0.001325	0.024350	0.040179	0.003392	0.013243	0.014650	
0.001502	0.001798	0.028758	0.025155	0.035295	0.030519	0.021968	0.000671	0.027787	0.021311	0.035217	0.004495	0.035208	0.027509	0.023354	0.023151	0.016892	0.003132	0.015531	0.002774	0.029149	0.011223	0.028182	0.004989	0.037019	0.000988	0.018379	0.032299	0.030791	0.025370	0.019794	0.010262	0.021888	0.030415	0.019407	0.023254	0.036288	0.012717	0.029216	0.002887	0.022422	0.023199	0.009932	0.024215	0.016321	0.033612	0.018476	0.020960	0.007956	0.016364	
0.009636	0.016713	0.003068	0.018101	0.018284	0.013309	0.016946	0.035001	0.003937	0.021558	0.010290	0.019283	0.012514	0.023721	0.019670	0.020611	0.034710	0.008161	0.011133	0.027715	0.009920	0.033098	0.033790	0.032736	0.013161	0.016926	0.032085	0.005597	0.016674	0.020116	0.015714	0.013559	0.027388	0.033316	0.016443	0.031932	0.010308	0.016494	0.021358	0.022869	0.010590	0.033323	0.021375	0.035490	0.014778	0.015170	0.028851	0.021607	0.018633	0.032338	
0.038158	0.003537	0.036288	0.026155	0.005490	0.004043	0.033189	0.039440	0.036337	0.000402	0.035807	0.018982	0.002790	0.011060	0.016799	0.008947	0.009877	0.004567	0.026607	0.044296	0.001312	0.035456	0.019764	0.003406	0.006910	0.033636	0.032175	0.022545	0.007541	0.011981	0.033984	0.019076	0.007126	0.000963	0.009819	0.023123	0.033410	0.030607	0.013304	0.012572	0.011844	0.003510	0.044236	0.041146	0.039766	0.033788	0.012688	0.018381	0.025985	0.007176	
0.037311	0.003540	0.033145	0.013140	0.022580	0.036530	0.006215	0.036272	0.030277	0.000856	0.026244	0.031080	0.029405	0.009420	0.025930	0.026052	0.035308	0.004941	0.007010	0.028936	0.035785	0.004130	0.030200	0.027131	0.033114	0.013464	0.035335	0.008015	0.031113	0.009151	0.000329	0.004857	0.013631	0.036911	0.036955	0.001952	0.035295	0.015983	0.001793	0.027651	0.034823	0.010498	0.002859	0.011842	0.020870	0.007776	0.025553	0.000340	0.011421	0.027030	
0.006820	0.029237	0.002230	0.033847	0.037030	0.007214	0.028206	0.022075	0.018256	0.003863	0.024835	0.018498	0.026718	0.029339	0.016025	0.009290	0.019373	0.024370	0.024195	0.006022	0.002130	0.031635	0.016848	0.037370	0.024759	0.025772	0.011124	0.028932	0.004241	0.036465	0.008296	0.036028	0.015523	0.004775	0.037680	0.021980	0.003591	0.014356	0.011091	0.026037	0.021763	0.027723	0.009407	0.000075	0.036570	0.031597	0.005853	0.033927	0.035682	0.011324	
0.035063	0.013997	0.000115	0.028558	0.007027	0.001979	0.002932	0.014078	0.011834	0.005964	0.027950	0.010293	0.037298	0.009935	0.020241	0.030606	0.007592	0.022642	0.026991	0.040203	0.010201	0.026792	0.001809	0.008521	0.007756	0.037438	0.038822	0.016255	0.028645	0.006681	0.001707	0.032708	0.039039	0.020013	0.016942	0.013502	0.025595	0.010333	0.027087	0.008022	0.040386	0.010014	0.019563	0.038285	0.042049	0.000150	0.031458	0.014184	0.037940	0.032807	
0.034737	0.030020	0.033732	0.036930	0.034681	0.035747	0.030121	0.007674	0.004284	0.016388	0.002056	0.003029	0.038211	0.026912	0.024010	0.021101	0.024097	0.010878	0.019531	0.030859	0.004023	0.018789	0.003156	0.036721	0.020260	0.021400	0.021724	0.003781	0.015009	0.012363	0.016337	0.005632	0.028434	0.010976	0.031644	0.018261	0.014844	0.019212	0.005490	0.027060	0.002884	0.035019	0.036064	0.004020	0.004654	0.004806	0.012135	0.036172	0.034204	0.029928	
0.018672	0.011434	0.013780	0.038367	0.029412	0.030394	0.000973	0.021157	0.031344	0.012943	0.002371	0.016168	0.002860	0.001224	0.002342	0.035776	0.021980	0.007093	0.025892	0.036635	0.029633	0.043046	0.041404	0.010626	0.025011	0.004319	0.001360	0.028604	0.016728	0.018818	0.007703	0.041403	0.042981	0.011789	0.023419	0.013467	0.007020	0.035391	0.000177	0.017617	0.032307	0.018022	0.000934	0.025442	0.015646	0.018685	0.034979	0.012448	0.034956	0.025249	
0.003382	0.026046	0.001914	0.007621	0.016435	0.023079	0.022954	0.032714	0.015324	0.009668	0.033268	0.022924	0.027410	0.018608	0.031936	0.008660	0.017701	0.009776	0.014672	0.036406	0.038347	0.026714	0.030974	0.034882	0.010689	0.008076	0.035714	0.038542	0.014600	0.010502	0.026473	0.008481	0.038960	0.030981	0.001044	0.024654	0.034408	0.018890	0.005224	0.007534	0.030345	0.002138	0.004504	0.007819	0.024331	0.004388	0.020155	0.037668	0.007915	0.034554	
0.031482	0.006010	0.000713	0.002526	0.034580	0.029253	0.016022	0.027086	0.009167	0.020854	0.031467	0.009277	0.033447	0.008237	0.027662	0.007418	0.019066	0.035003	0.038479	0.021883	0.023014	0.006617	0.038745	0.009982	0.005063	0.012637	0.000154	0.002929	0.032611	0.036093	0.013805	0.037250	0.023220	0.020428	0.017142	0.019920	0.028076	0.037792	0.002768	0.002095	0.037795	0.017800	0.034645	0.002460	0.038085	0.011486	0.004396	0.034202	0.022650	0.016504	
0.028695	0.001944	0.035949	0.024348	0.031616	0.030807	0.013032	0.005584	0.041834	0.029027	0.017359	0.023231	0.008799	0.028795	0.005361	0.033976	0.011452	0.038815	0.031419	0.006765	0.001875	0.012934	0.033238	0.008324	0.021385	0.012217	0.015992	0.009256	0.028384	0.043009	0.003480	0.038644	0.006342	0.005583	0.007301	0.028878	0.029489	0.004466	0.032368	0.001665	0.009186	0.041680	0.010341	0.042201	0.032821	0.025782	0.002339	0.020522	0.006804	0.014688	
0.047300	0.002112	0.008947	0.002345	0.010623	0.036705	0.008055	0.037820	0.028067	0.043890	0.013747	0.004238	0.003932	0.013735	0.019996	0.028774	0.016579	0.026430	0.031923	0.039849	0.013999	0.002381	0.004069	0.009376	0.003565	0.043070	0.039181	0.008625	0.011671	0.044481	0.011237	0.031808	0.016424	0.018660	0.006808	0.034578	0.018890	0.003634	0.021194	0.031220	0.019403	0.011357	0.007081	0.026331	0.038721	0.034866	0.004197	0.007177	0.015108	0.035818	
0.015269	0.028659	0.026985	0.034771	0.030020	0.026049	0.016375	0.006019	0.000288	0.013627	0.002794	0.023008	0.004024	0.017006	0.020674	0.025986	0.002637	0.020217	0.016075	0.031313	0.003700	0.006474	0.031232	0.011936	0.001128	0.023952	0.024517	0.014067	0.036528	0.029846	0.018470	0.039961	0.022224	0.041987	0.028218	0.009833	0.021333	0.043564	0.002743	0.024484	0.010056	0.025485	0.022020	0.007773	0.022670	0.000456	0.038206	0.009399	0.023324	0.042616	
0.032111	0.012868	0.034027	0.012186	0.034671	0.028749	0.028543	0.016712	0.036331	0.030261	0.021718	0.026549	0.001373	0.009394	0.036914	0.033005	0.003125	0.029213	0.014886	0.005319	0.006003	0.006452	0.004850	0.011192	0.022179	0.038640	0.011969	0.022315	0.016153	0.007419	0.031227	0.025275	0.015167	0.000951	0.006826	0.030840	0.033323	0.034985	0.018632	0.006443	0.012053	0.038682	0.003753	0.028669	0.025138	0.026707	0.002269	0.034114	0.016279	0.013542	
0.008138	0.029240	0.010148	0.001031	0.006172	0.034812	0.009705	0.029377	0.035431	0.027789	0.026932	0.016161	0.035187	0.033480	0.034875	0.002846	0.034787	0.008601	0.032270	0.021805	0.014276	0.007685	0.004086	0.029472	0.022681	0.032952	0.000998	0.032906	0.017548	0.028667	0.015208	0.009550	0.033857	0.033952	0.010351	0.031605	0.007299	0.017071	0.017346	0.025580	0.003463	0.000978	0.015645	0.005943	0.023068	0.023348	0.032146	0.030494	0.026729	0.006307	
0.031394	0.019606	0.012156	0.002631	0.007119	0.022011	0.037348	0.010259	0.036880	0.006538	0.007010	0.009749	0.032984	0.030755	0.030666	0.019745	0.024437	0.028768	0.020831	0.012720	0.024612	0.032428	0.010378	0.014851	0.036939	0.028887	0.013039	0.013069	0.036856	0.037731	0.028737	0.008484	0.024690	0.013345	0.025430	0.008285	0.012056	0.030194	0.021962	0.018132	0.002014	0.008337	0.037222	0.038397	0.002733	0.003015	0.030500	0.022535	0.001900	0.009636	
0.005125	0.023223	0.004873	0.025888	0.000885	0.007678	0.020804	0.032403	0.031707	0.026854	0.028750	0.000368	0.013559	0.046019	0.019562	0.016474	0.000573	0.020348	0.036318	0.001111	0.018016	0.014377	0.011773	0.018254	0.008271	0.028177	0.020414	0.034058	0.022811	0.016894	0.027509	0.039620	0.006431	0.019733	0.004333	0.046509	0.016758	0.027787	0.035421	0.002840	0.047330	0.009765	0.044584	0.016309	0.008855	0.003921	0.041256	0.010821	0.005471	0.029178	
0.012407	0.018471	0.027963	0.027221	0.027360	0.008381	0.037399	0.006604	0.009817	0.015618	0.005118	0.028221	0.030684	0.035622	0.029131	0.020032	0.002173	0.036550	0.021818	0.001409	0.027731	0.028081	0.028384	0.007650	0.018895	0.025242	0.016707	0.026283	0.010188	0.031674	0.017555	0.028340	0.024213	0.003994	0.026462	0.004275	0.003600	0.007663	0.012283	0.029747	0.028365	0.019391	0.000975	0.024151	0.037590	0.033154	0.003474	0.033748	0.028703	0.009482	
0.038187	0.005401	0.030687	0.035987	0.003419	0.040745	0.038265	0.022534	0.012091	0.022112	0.029335	0.016653	0.009171	0.004974	0.000566	0.003076	0.035720	0.025533	0.022332	0.016338	0.041022	0.022538	0.015779	0.015876	0.037975	0.010066	0.023657	0.012013	0.028026	0.001851	0.015287	0.008279	0.021979	0.028377	0.010864	0.002509	0.024900	0.006329	0.035331	0.027586	0.000129	0.027361	0.003423	0.024102	0.041430	0.030678	0.022726	0.023255	0.012558	0.010967	
0.010700	0.019170	0.031866	0.010491	0.030011	0.031392	0.027990	0.013205	0.010996	0.004544	0.036543	0.027768	0.000106	0.034255	0.013013	0.011166	0.020029	0.020255	0.001175	0.048670	0.014823	0.004576	0.044493	0.016459	0.010082	0.009653	0.005773	0.028731	0.012539	0.001870	0.027882	0.045139	0.012520	0.016131	0.011764	0.043088	0.034444	0.015897	0.005395	0.016647	0.021682	0.040216	0.048350	0.007600	0.017712	0.024759	0.000557	0.006909	0.028639	0.022327	
0.022770	0.009981	0.021864	0.027112	0.018009	0.025891	0.005166	0.000076	0.004834	0.000592	0.027362	0.037684	0.031932	0.005101	0.008251	0.033170	0.027440	0.016794	0.024201	0.001044	0.026536	0.025160	0.024396	0.030318	0.037428	0.012000	0.021778	0.020409	0.004247	0.004019	0.038491	0.038877	0.033047	0.037551	0.000621	0.017340	0.022595	0.029824	0.016132	0.027312	0.026449	0.017800	0.024390	0.038938	0.002571	0.005282	0.030960	0.025193	0.005383	0.005683	
0.029353	0.005084	0.013550	0.028152	0.023084	0.028471	0.030252	0.025335	0.033117	0.026525	0.033688	0.029618	0.027138	0.018529	0.008816	0.009131	0.000719	0.027013	0.012347	0.027640	0.006605	0.031932	0.012387	0.028679	0.007187	0.014490	0.034928	0.016653	0.021556	0.018790	0.000809	0.019166	0.025527	0.034270	0.020671	0.032241	0.006183	0.007483	0.010332	0.015733	0.032545	0.004543	0.021377	0.005520	0.021623	0.004020	0.032847	0.023767	0.032330	0.018242	
0.018043	0.035946	0.000973	0.025632	0.015474	0.021078	0.023996	0.032910	0.024694	0.033732	0.025924	0.004798	0.013204	0.007161	0.024023	0.036259	0.001759	0.025932	0.028261	0.035686	0.013984	0.033062	0.029427	0.013215	0.028482	0.004675	0.003041	0.006468	0.024955	0.021541	0.013699	0.024442	0.006721	0.001882	0.016291	0.015175	0.022959	0.020396	0.014384	0.029825	0.028456	0.027022	0.028801	0.009956	0.017344	0.029280	0.004606	0.022824	0.033253	0.018349	
0.022481	0.023058	0.023600	0.020845	0.019234	0.023056	0.026125	0.019543	0.034015	0.026982	0.019167	0.010634	0.003097	0.021857	0.004346	0.027351	0.023192	0.022823	0.025263	0.025775	0.026969	0.028014	0.020082	0.034239	0.021655	0.005373	0.022720	0.010589	0.018835	0.002683	0.012593	0.018013	0.007804	0.033133	0.027978	0.005624	0.033514	0.015387	0.031776	0.022067	0.013913	0.007405	0.019886	0.025139	0.026318	0.006455	0.026465	0.025681	0.011217	0.016031	
0.024099	0.005033	0.034293	0.021731	0.002869	0.005471	0.001475	0.031554	0.033163	0.008651	0.024338	0.027136	0.034551	0.032688	0.011400	0.031290	0.026231	0.007958	0.025350	0.014957	0.021683	0.020509	0.013782	0.010083	0.035780	0.008291	0.011559	0.019136	0.031594	0.010884	0.002224	0.009630	0.011983	0.014512	0.026822	0.020465	0.032409	0.033711	0.029331	0.014906	0.021427	0.030893	0.012002	0.026170	0.016164	0.012118	0.024607	0.008446	0.034212	0.030429	
0.006562	0.006603	0.001206	0.021419	0.018487	0.006729	0.034465	0.010444	0.008764	0.029843	0.028902	0.034421	0.008065	0.015595	0.036544	0.004385	0.007963	0.011097	0.023706	0.015131	0.026701	0.024751	0.010313	0.007401	0.030490	0.024824	0.000539	0.022283	0.019205	0.015813	0.032637	0.036219	0.031996	0.002460	0.028738	0.030614	0.021428	0.010221	0.029460	0.028947	0.033986	0.021017	0.021985	0.007732	0.026970	0.034068	0.038747	0.011504	0.013666	0.024954	
0.029470	0.027583	0.019846	0.031465	0.003406	0.004432	0.019888	0.024120	0.021017	0.033714	0.032164	0.020141	0.029896	0.009850	0.013691	0.026124	0.008779	0.018520	0.021964	0.018230	0.014463	0.033612	0.029123	0.013247	0.030362	0.009393	0.030351	0.016702	0.029104	0.007367	0.016545	0.004122	0.023361	0.006562	0.011360	0.023938	0.031440	0.019162	0.007649	0.007265	0.028154	0.014713	0.034030	0.034582	0.015694	0.009638	0.010571	0.028211	0.034170	0.010810	
0.017246	0.008663	0.003913	0.025759	0.023183	0.031112	0.030947	0.004400	0.031658	0.024689	0.017600	0.027939	0.020265	0.014717	0.008670	0.009274	0.017913	0.024111	0.036093	0.034872	0.029252	0.033347	0.032076	0.003677	0.026028	0.022826	0.003326	0.012959	0.020631	0.008167	0.024971	0.033157	0.020219	0.008263	0.031600	0.023388	0.024806	0.008422	0.019537	0.024998	0.034988	0.034839	0.003006	0.031079	0.010325	0.000906	0.033929	0.012840	0.011919	0.001495	
0.012502	0.026473	0.007645	0.013074	0.003243	0.009126	0.005024	0.008550	0.023779	0.007267	0.041558	0.024387	0.002610	0.006933	0.019585	0.031381	0.026124	0.031994	0.044015	0.028283	0.021862	0.015723	0.038625	0.020043	0.017015	0.014679	0.009541	0.001503	0.041928	0.019966	0.019526	0.010800	0.007433	0.004752	0.012994	0.039413	0.019759	0.015860	0.036822	0.026600	0.026138	0.011962	0.040593	0.011951	0.043203	0.005621	0.024524	0.023213	0.004534	0.039867	
0.007519	0.034617	0.028616	0.030533	0.018757	0.030312	0.031931	0.019584	0.020604	0.028708	0.027679	0.032558	0.032024	0.013611	0.031738	0.023561	0.040091	0.001807	0.024249	0.002467	0.024883	0.029852	0.037085	0.005053	0.020848	0.027333	0.030721	0.013916	0.007686	0.001212	0.038965	0.023011	0.018123	0.013485	0.033108	0.007182	0.021304	0.006204	0.000904	0.023657	0.010887	0.004005	0.007667	0.012824	0.009441	0.006802	0.012522	0.039861	0.027282	0.003211	
0.003784	0.005450	0.025548	0.032685	0.013948	0.012569	0.009233	0.001178	0.036566	0.012898	0.014197	0.026530	0.008900	0.018360	0.035117	0.015216	0.002854	0.040158	0.025209	0.002161	0.015577	0.039552	0.043258	0.000367	0.000921	0.008793	0.042953	0.040276	0.027705	0.042282	0.016031	0.034858	0.029765	0.028099	0.017490	0.012495	0.004693	0.006373	0.008437	0.029443	0.031345	0.018989	0.032639	0.019416	0.002331	0.007724	0.009342	0.041330	0.029059	0.015896	
0.015354	0.034658	0.032820	0.013854	0.031623	0.029255	0.003796	0.026907	0.018601	0.033628	0.032135	0.032461	0.023562	0.000873	0.019997	0.028632	0.032333	0.007460	0.010158	0.009097	0.030906	0.013575	0.014133	0.009036	0.008799	0.003031	0.017419	0.020476	0.003938	0.012622	0.010480	0.026815	0.025654	0.014458	0.021405	0.034135	0.014908	0.018895	0.013740	0.029105	0.031081	0.016373	0.015966	0.015690	0.028636	0.014377	0.021089	0.023819	0.017964	0.034271	
0.031412	0.024037	0.017683	0.030195	0.017822	0.025098	0.001361	0.009441	0.025707	0.029966	0.040104	0.022480	0.028190	0.009091	0.017450	0.001140	0.007742	0.027522	0.003183	0.017283	0.029696	0.017306	0.024797	0.029849	0.032557	0.022599	0.026970	0.008241	0.011646	0.008687	0.022888	0.022580	0.039567	0.029486	0.028672	0.009423	0.029470	0.028218	0.040705	0.035857	0.009388	0.018577	0.021908	0.018491	0.018257	0.002763	0.002973	0.004211	0.006362	0.010953	
0.025705	0.030582	0.017727	0.026158	0.025554	0.023115	0.024794	0.001699	0.021770	0.016306	0.033265	0.008198	0.026024	0.001192	0.012371	0.026395	0.023114	0.008267	0.035812	0.033637	0.007277	0.023264	0.035262	0.027534	0.036053	0.005987	0.004767	0.019187	0.027249	0.000197	0.012165	0.021591	0.027792	0.028120	0.005078	0.016652	0.019577	0.024417	0.035129	0.035562	0.008906	0.014107	0.033321	0.010248	0.006256	0.036158	0.015033	0.019670	0.003949	0.017806	
0.009052	0.022711	0.003739	0.021373	0.029973	0.002596	0.011228	0.028586	0.002020	0.005926	0.001506	0.033535	0.001167	0.034518	0.012513	0.029402	0.007288	0.029453	0.043325	0.035156	0.006803	0.032636	0.040474	0.000343	0.006157	0.038927	0.030785	0.015608	0.015166	0.039759	0.026895	0.017763	0.002737	0.031517	0.035729	0.013866	0.035569	0.033720	0.029013	0.005319	0.031944	0.030875	0.006182	0.007715	0.018089	0.008129	0.003387	0.004673	0.036888	0.028265	
0.031277	0.031451	0.027008	0.003573	0.000882	0.012505	0.022165	0.007235	0.035143	0.035545	0.018440	0.005449	0.014269	0.009052	0.033543	0.030027	0.018612	0.015072	0.002548	0.016596	0.034068	0.033549	0.004939	0.021613	0.031424	0.009378	0.003552	0.027859	0.018524	0.031114	0.019762	0.018482	0.024299	0.013393	0.008422	0.010902	0.035796	0.022717	0.007880	0.020273	0.014679	0.021504	0.034637	0.014348	0.017677	0.028697	0.022427	0.028662	0.021997	0.027032	
0.029541	0.028439	0.012972	0.039512	0.030842	0.039362	0.008765	0.012665	0.031995	0.009181	0.009813	0.021200	0.030564	0.011497	0.015225	0.025838	0.005573	0.006239	0.005674	0.037053	0.006758	0.012761	0.007590	0.003669	0.024946	0.021460	0.034815	0.028102	0.009463	0.021668	0.038277	0.006940	0.006086	0.006074	0.029636	0.008489	0.017983	0.034670	0.039752	0.018676	0.040561	0.037495	0.014224	0.036584	0.002666	0.011011	0.040331	0.020449	0.005398	0.001513	
0.011873	0.026204	0.015906	0.005483	0.032304	0.028221	0.019140	0.031917	0.022641	0.027600	0.016938	0.032885	0.013083	0.010675	0.004697	0.009911	0.019654	0.009836	0.024811	0.033489	0.030743	0.016638	0.035619	0.032340	0.015607	0.027844	0.021997	0.028307	0.006996	0.035405	0.021069	0.014083	0.020464	0.033185	0.031694	0.034598	0.018621	0.013417	0.013851	0.008760	0.016939	0.011702	0.028766	0.015313	0.004919	0.026203	0.020918	0.004529	0.010651	0.001553	
0.032132	0.013027	0.000539	0.014697	0.018419	0.030633	0.001868	0.013358	0.009813	0.018102	0.003233	0.020908	0.007977	0.011748	0.039495	0.031861	0.032788	0.033490	0.039647	0.006778	0.018056	0.032859	0.031205	0.016615	0.017494	0.009883	0.029855	0.021069	0.000591	0.007606	0.031728	0.004364	0.007352	0.014307	0.024471	0.010702	0.017891	0.003369	0.029669	0.040489	0.029419	0.015648	0.025356	0.030597	0.013824	0.029911	0.037842	0.023847	0.024780	0.018686	
0.038235	0.014986	0.005432	0.008476	0.013414	0.005106	0.016747	0.004844	0.004403	0.027707	0.019947	0.032584	0.025209	0.022100	0.024974	0.029637	0.026004	0.022180	0.028536	0.002750	0.026472	0.005212	0.023319	0.033329	0.031551	0.010716	0.024561	0.017286	0.010280	0.011922	0.018163	0.017396	0.038416	0.010004	0.014848	0.034895	0.019399	0.007497	0.021477	0.028084	0.032650	0.017016	0.034473	0.001212	0.029096	0.020807	0.038251	0.035557	0.011133	0.001708	
0.034910	0.019613	0.034330	0.036235	0.018197	0.027505	0.027497	0.032208	0.002925	0.030784	0.022802	0.030898	0.012074	0.010351	0.032455	0.028093	0.020943	0.014703	0.006776	0.032023	0.004859	0.031018	0.001198	0.020420	0.002372	0.024106	0.033730	0.009030	0.019939	0.009566	0.029313	0.010919	0.004481	0.029965	0.017821	0.015053	0.020378	0.017270	0.025214	0.026207	0.006000	0.024499	0.028656	0.024213	0.024760	0.004766	0.033258	0.002300	0.013032	0.010334	
0.033941	0.024876	0.030360	0.001126	0.016158	0.039993	0.008249	0.004922	0.004955	0.027423	0.002882	0.032776	0.038176	0.031205	0.038101	0.037122	0.002817	0.026455	0.035617	0.028955	0.012942	0.013135	0.024767	0.034741	0.017553	0.010030	0.000898	0.030532	0.008086	0.013349	0.003097	0.036351	0.023715	0.024689	0.026102	0.003280	0.010408	0.007572	0.000127	0.000877	0.011661	0.020983	0.027306	0.035837	0.016459	0.025054	0.026741	0.008792	0.020252	0.038553	
0.026837	0.025060	0.025537	0.022041	0.012593	0.012046	0.023987	0.007101	0.034108	0.016223	0.034016	0.002854	0.038029	0.027683	0.006044	0.005426	0.035410	0.028002	0.018952	0.007288	0.038172	0.027890	0.025388	0.009767	0.003227	0.013381	0.020499	0.010408	0.017509	0.016645	0.033828	0.015891	0.034243	0.014685	0.032632	0.016548	0.007143	0.024845	0.007027	0.008149	0.022879	0.023346	0.012700	0.027893	0.003483	0.026530	0.031711	0.014573	0.022889	0.026886	
0.000704	0.011428	0.001132	0.002272	0.027979	0.000038	0.029838	0.010023	0.034376	0.035780	0.010383	0.012172	0.016431	0.001740	0.036340	0.007851	0.031998	0.039756	0.005991	0.011733	0.002328	0.029372	0.001000	0.031878	0.035445	0.011395	0.031818	0.010535	0.012382	0.025347	0.011802	0.016979	0.038744	0.021938	0.001725	0.002103	0.028891	0.003565	0.035824	0.039708	0.017588	0.028137	0.025854	0.037007	0.036786	0.041342	0.014300	0.039414	0.017527	0.021299	
0.017812	0.004674	0.041403	0.041105	0.001207	0.005781	0.003818	0.025559	0.024711	0.024296	0.035895	0.038026	0.015215	0.031753	0.017785	0.025109	0.032656	0.006897	0.029161	0.038249	0.006693	0.007726	0.006743	0.012732	0.019618	0.009617	0.001299	0.039699	0.030597	0.000040	0.010632	0.002270	0.038360	0.018063	0.015071	0.012272	0.022434	0.004227	0.017493	0.038748	0.009180	0.033705	0.015430	0.029987	0.034446	0.014393	0.032396	0.021338	0.000436	0.033248	
0.005846	0.023140	0.027103	0.036706	0.026922	0.038633	0.009185	0.020408	0.007418	0.006467	0.034123	0.024043	0.038218	0.017339	0.002101	0.030141	0.025133	0.013343	0.003979	0.029985	0.027415	0.019188	0.000531	0.010323	0.014290	0.010071	0.025240	0.025695	0.000468	0.021288	0.018156	0.009689	0.003011	0.023804	0.032826	0.007712	0.038175	0.039683	0.037263	0.004833	0.023177	0.016120	0.016253	0.008493	0.022921	0.034180	0.028361	0.013107	0.034471	0.013024	
0.021288	0.009938	0.022074	0.014850	0.026008	0.025148	0.006639	0.021395	0.032956	0.035429	0.002872	0.009563	0.026582	0.024176	0.011284	0.029033	0.001764	0.011437	0.021598	0.038649	0.007948	0.030178	0.014271	0.012534	0.022259	0.021142	0.035971	0.006276	0.004351	0.009339	0.013921	0.028248	0.012078	0.011183	0.010580	0.006216	0.009914	0.033633	0.014353	0.034710	0.038689	0.032862	0.021304	0.030726	0.030013	0.012493	0.000464	0.031777	0.032771	0.037114	
0.016388	0.023765	0.040765	0.027316	0.015035	0.012233	0.010924	0.008982	0.023548	0.039354	0.008803	0.001410	0.026699	0.004839	0.035831	0.018251	0.009556	0.026483	0.006539	0.017115	0.004056	0.039597	0.019722	0.023193	0.031045	0.014521	0.014910	0.003269	0.028263	0.024133	0.025105	0.000345	0.016596	0.032684	0.027667	0.015996	0.014735	0.022862	0.042504	0.025770	0.041122	0.025857	0.014643	0.019943	0.011142	0.015300	0.000462	0.030856	0.009310	0.030555	
0.001128	0.010484	0.021289	0.013684	0.019065	0.013351	0.037593	0.025062	0.013570	0.021579	0.024435	0.037493	0.012352	0.037447	0.023099	0.030249	0.016195	0.004353	0.009194	0.007288	0.027014	0.015827	0.012134	0.013798	0.022179	0.012098	0.028207	0.033980	0.016268	0.005989	0.012111	0.026678	0.007840	0.018684	0.028943	0.036146	0.014913	0.019292	0.028785	0.018444	0.015735	0.031509	0.037436	0.006833	0.019868	0.023350	0.011976	0.036998	0.026194	0.011861	
0.009737	0.007597	0.015218	0.000829	0.004740	0.025253	0.000815	0.010694	0.035463	0.000963	0.019998	0.003328	0.020204	0.002536	0.005458	0.037904	0.034535	0.034869	0.029734	0.032692	0.029244	0.020383	0.032199	0.032585	0.017301	0.035749	0.024106	0.008869	0.006207	0.034476	0.005122	0.009995	0.030633	0.021047	0.029574	0.037114	0.009234	0.020270	0.019182	0.035805	0.016889	0.035032	0.016144	0.033991	0.034561	0.017983	0.013172	0.019563	0.002601	0.018402	
0.002899	0.016453	0.015723	0.024370	0.034631	0.025084	0.035275	0.033661	0.001453	0.025113	0.019994	0.025753	0.028625	0.010787	0.023368	0.026408	0.016743	0.028289	0.012028	0.000847	0.032527	0.026412	0.017811	0.016607	0.016801	0.025548	0.018342	0.032449	0.014462	0.019537	0.024821	0.030373	0.019793	0.030005	0.005813	0.003200	0.011364	0.017151	0.026145	0.033535	0.024372	0.004058	0.010483	0.017982	0.025803	0.009606	0.003432	0.032408	0.016557	0.025100	
0.033255	0.013527	0.015964	0.000511	0.017982	0.028453	0.027714	0.034986	0.015123	0.024727	0.030412	0.009917	0.030075	0.033567	0.022104	0.008907	0.019860	0.035358	0.024083	0.019796	0.001276	0.020165	0.023348	0.009898	0.023477	0.030645	0.016288	0.007411	0.024799	0.015126	0.004277	0.034881	0.013719	0.028872	0.000212	0.019908	0.021449	0.006324	0.030913	0.031501	0.016943	0.027415	0.015042	0.006281	0.019907	0.027318	0.021719	0.026727	0.022400	0.005437	
0.017345	0.035437	0.034900	0.014651	0.026391	0.011938	0.007862	0.026151	0.030444	0.030623	0.035542	0.023321	0.020565	0.013807	0.026844	0.006280	0.027829	0.010179	0.028997	0.015371	0.033561	0.030038	0.029715	0.005364	0.024101	0.007749	0.006768	0.008025	0.007641	0.008100	0.011898	0.033734	0.006569	0.037921	0.003580	0.027410	0.009747	0.031963	0.012505	0.011352	0.030785	0.015183	0.013239	0.021604	0.023456	0.020846	0.008576	0.020984	0.029957	0.023150	
0.001029	0.033651	0.035384	0.002900	0.019902	0.030549	0.011775	0.008078	0.031491	0.011536	0.030205	0.002925	0.012413	0.022259	0.030396	0.001103	0.033285	0.003480	0.025454	0.011179	0.035021	0.018702	0.001516	0.015699	0.003052	0.035672	0.000064	0.019518	0.032484	0.035280	0.015118	0.014789	0.029956	0.010097	0.007880	0.033397	0.037342	0.027823	0.024647	0.025728	0.035232	0.008707	0.033085	0.004583	0.019116	0.027468	0.035785	0.017012	0.011517	0.024713	
0.003904	0.016717	0.014535	0.030539	0.021017	0.034110	0.021726	0.013453	0.040044	0.033511	0.000241	0.021394	0.033529	0.031340	0.032013	0.004876	0.007019	0.036181	0.004968	0.018024	0.035518	0.035452	0.025125	0.004809	0.030818	0.009972	0.018815	0.015431	0.023150	0.028764	0.011222	0.012490	0.020625	0.006328	0.031102	0.002282	0.037784	0.010890	0.019550	0.033697	0.034306	0.032067	0.016468	0.020772	0.003841	0.002152	0.002822	0.040501	0.007040	0.007068	
0.038836	0.010041	0.001015	0.039790	0.005182	0.027059	0.010138	0.005919	0.000229	0.018034	0.039261	0.034616	0.032927	0.035544	0.001861	0.041609	0.002771	0.007859	0.039771	0.004884	0.000358	0.028083	0.020756	0.027952	0.010637	0.027355	0.040924	0.010493	0.034404	0.012325	0.014016	0.035390	0.016078	0.025626	0.039638	0.002824	0.009406	0.026156	0.016853	0.011520	0.015153	0.004398	0.019545	0.029263	0.007391	0.014016	0.031059	0.010805	0.028590	0.031642	
0.023061	0.030630	0.009190	0.036060	0.013304	0.014724	0.006222	0.030931	0.033247	0.028787	0.035987	0.031452	0.035461	0.014153	0.028241	0.025766	0.012797	0.024655	0.005219	0.036330	0.031397	0.002046	0.037198	0.012278	0.007221	0.007677	0.033959	0.030069	0.027270	0.004740	0.006149	0.003386	0.030479	0.008826	0.014599	0.004703	0.003446	0.015153	0.020936	0.029741	0.010680	0.017622	0.016467	0.036367	0.004186	0.010744	0.018896	0.037640	0.032334	0.007578	
0.035602	0.015705	0.040767	0.029039	0.031831	0.010631	0.002459	0.004852	0.029410	0.009415	0.008254	0.014833	0.031313	0.013638	0.039893	0.006577	0.034014	0.028137	0.008648	0.022289	0.038320	0.000891	0.035663	0.025073	0.012833	0.015822	0.028855	0.038116	0.021094	0.011097	0.021841	0.001067	0.008938	0.020926	0.022605	0.020254	0.015902	0.036420	0.011091	0.011464	0.011640	0.019099	0.031951	0.013689	0.006257	0.015792	0.029910	0.034883	0.020165	0.001033	
0.036065	0.014304	0.017417	0.042627	0.016620	0.017331	0.029090	0.024218	0.018922	0.038796	0.024227	0.004734	0.002137	0.035310	0.014939	0.042152	0.006389	0.037578	0.023893	0.036239	0.024787	0.000122	0.030928	0.000690	0.007108	0.004536	0.021040	0.016561	0.027294	0.005439	0.028650	0.000902	0.016859	0.004209	0.010668	0.018937	0.039155	0.009687	0.034915	0.015764	0.007157	0.014338	0.042004	0.000107	0.030981	0.016341	0.035251	0.017769	0.010711	0.024104	
0.031813	0.009490	0.004940	0.008647	0.025549	0.018875	0.016258	0.028932	0.034529	0.028920	0.025159	0.036101	0.030688	0.004016	0.026747	0.013154	0.012924	0.027534	0.024961	0.037488	0.017227	0.011983	0.031602	0.013969	0.009085	0.010876	0.010997	0.022939	0.034751	0.008724	0.018110	0.018582	0.029389	0.003221	0.025429	0.010539	0.021130	0.023610	0.023624	0.037689	0.030788	0.002472	0.023687	0.036303	0.007984	0.008958	0.002820	0.020392	0.016627	0.019768	
0.002781	0.020871	0.012931	0.014918	0.036092	0.033227	0.016360	0.003542	0.006781	0.042165	0.006765	0.005417	0.013914	0.038574	0.042439	0.038106	0.011201	0.005275	0.035720	0.033883	0.025641	0.023317	0.009937	0.011591	0.026838	0.002103	0.034733	0.014258	0.000528	0.019083	0.031020	0.007838	0.022672	0.039446	0.018966	0.039058	0.001652	0.009889	0.023749	0.008201	0.031365	0.010045	0.009917	0.040823	0.040409	0.029614	0.012651	0.006319	0.000003	0.027371	
0.006498	0.021627	0.021115	0.030946	0.027350	0.025976	0.021651	0.037323	0.000286	0.027465	0.028045	0.033063	0.014854	0.039312	0.003284	0.015688	0.016573	0.018210	0.021252	0.021125	0.022952	0.035888	0.017517	0.032302	0.005211	0.001923	0.028466	0.031596	0.003630	0.027978	0.012422	0.036337	0.022095	0.011393	0.030630	0.002947	0.032246	0.006344	0.002491	0.026948	0.026853	0.031372	0.003286	0.004508	0.021798	0.016764	0.026326	0.000668	0.030392	0.015074	
0.000699	0.027648	0.023769	0.008580	0.038917	0.017986	0.000694	0.021770	0.006476	0.027790	0.006779	0.012183	0.013415	0.035342	0.021588	0.021213	0.002864	0.036748	0.004453	0.020331	0.027051	0.027630	0.030376	0.016971	0.002464	0.032239	0.036212	0.026068	0.030281	0.017753	0.005756	0.010858	0.019267	0.016743	0.026799	0.038711	0.038243	0.004505	0.013894	0.020467	0.011838	0.031382	0.013054	0.013059	0.038221	0.007939	0.017438	0.024399	0.026943	0.024194	
0.02
