50
2
20.910643	-2.425794	-20.464543	3.566855	-6.005235	9.955348	-16.870391	2.708454	-9.051224	12.387600	-21.631728	-21.739880	-4.656439	10.767277	-2.837841	2.197386	5.184894	-7.441328	-21.295654	22.785450	-9.665036	16.712733	-20.449733	6.115904	-17.433084	4.644646	18.405603	3.801123	4.194598	-10.770964	-9.860421	-19.681205	-23.848368	6.635836	14.252225	6.883626	-13.965717	9.891215	-6.795747	22.346169	-17.862940	-11.988604	21.066200	-5.873680	14.575412	5.174501	7.023695	-23.741694	9.902886	-10.318401	
13.501694	23.466151	5.689812	-15.301503	1.101449	-10.410976	9.410626	21.976818	12.800743	-0.501590	3.770065	16.273503	18.365629	-19.363015	19.621950	18.916929	18.592398	0.159715	25.994029	-20.035827	15.540771	-14.019715	-10.334405	-25.598062	-24.522691	11.107066	-1.078395	18.751424	-13.615067	6.717601	17.791310	12.668832	0.037589	13.588081	-25.298790	12.000660	17.093738	15.969995	5.119413	-10.819767	2.524627	12.184350	-10.897478	6.182313	-14.403970	-12.602570	-15.272263	9.469415	-12.894652	-9.647451	
4.582646	9.562885	22.114949	21.345435	9.682097	4.688971	0.401512	22.795692	-3.568034	-23.055731	28.755529	18.503879	-7.615214	21.446677	-14.866412	9.541576	12.005866	16.279946	-18.603443	11.011112	25.803505	22.528177	12.360959	-3.557554	28.921473	-15.575435	2.480444	-24.910780	-19.739063	24.307422	-20.956380	-23.385392	26.643296	27.829719	-8.855766	-12.735414	-13.397767	13.449002	15.977165	-6.383952	15.317691	-10.717149	8.902121	-11.875366	-0.181814	8.523586	5.292035	11.171147	0.442141	9.875788	
-8.831084	-5.714489	-11.545773	16.080468	-1.073839	1.713478	-3.646931	-13.310019	8.113650	-21.549692	24.318543	3.918090	-3.349308	-7.366247	16.846759	-13.912942	-16.489898	24.386016	-18.877748	-3.233346	-11.001898	-12.432401	16.594094	-19.014386	-15.900787	19.307306	5.670404	14.023618	10.382099	-1.449614	-13.522230	8.254043	19.198357	1.587486	18.643011	4.092288	-22.835779	1.822290	-21.902727	7.976693	-14.370110	-2.471298	-12.784359	16.391131	4.186931	-12.545518	5.019045	13.597025	12.700578	-21.890235	
24.552538	-11.443083	-27.019792	-3.079166	-2.252858	-3.668264	-15.613777	23.621559	19.138577	-23.182473	16.946127	19.346452	0.725979	25.645663	-12.013940	2.358947	-1.729285	-1.096968	3.882568	-15.604986	22.731176	26.826989	26.906934	17.702044	0.394093	18.256598	11.594918	22.937601	-25.525431	18.272546	1.071430	-14.342715	-3.758426	2.206051	-21.055605	5.538716	2.679554	16.762967	5.890802	10.597855	2.804721	18.395857	-13.628688	-9.975198	5.381063	25.332313	-14.349098	5.271466	-17.517313	18.277345	
-11.171377	-10.396340	8.348104	-16.614569	-8.870548	-16.210308	1.266691	29.159821	13.393700	27.573266	20.275832	-2.028053	1.127297	17.242874	-18.790068	-0.822713	-28.445602	17.843460	18.982720	-26.335136	-6.665468	-29.713610	21.672805	5.308919	-1.115671	-16.319539	-24.222522	10.359701	23.484281	22.136627	4.451521	7.182364	16.295111	-26.713502	-7.519021	5.143958	17.164746	5.681804	2.773831	-20.678660	23.250820	-20.919635	25.051262	6.204782	4.567055	-22.292850	25.194272	19.225440	5.315160	-9.549838	
10.071952	-10.105338	16.997749	6.719825	-14.099730	23.814688	3.653613	1.931413	-22.807665	5.163742	-6.477838	20.183000	20.020580	6.136827	21.852607	20.873695	10.288221	-25.486716	18.186919	17.464595	15.469387	-12.597957	-5.404780	-6.474020	-24.378506	-8.811315	-0.209335	-13.534139	-20.319986	-18.554294	17.520372	15.456219	-8.919915	-0.828894	-25.260877	3.471328	-1.893713	-24.029049	-5.922416	15.739038	23.672625	22.830714	23.212677	-20.135761	17.285613	10.462304	21.199208	0.391607	8.600071	18.832437	
8.271760	17.018161	-2.961781	-22.231789	-19.031480	-20.053009	3.531812	-5.568873	8.743183	12.703487	-0.736901	-0.333194	-4.175267	26.583063	8.328651	-8.856588	-6.923080	-1.947015	1.410527	-20.893846	13.831486	-20.085614	-19.464662	19.260160	-0.743793	-5.581313	14.574432	18.684961	13.455864	20.599068	-18.682647	-8.483373	-11.413884	12.713243	-24.068523	-9.344016	16.062817	-11.567460	-5.183679	-22.704631	-7.445483	12.128811	-0.697752	15.170038	22.886732	-26.359807	-23.020900	19.141314	7.000364	-17.081851	
29.206434	-18.806688	-7.683900	-2.029211	-30.973106	-20.495782	12.211245	-18.524628	-19.650166	1.931396	16.130889	26.457501	19.580018	11.947868	-15.677024	-13.688161	-30.422622	-24.169242	-0.529682	5.528681	0.796883	-18.740261	-18.098054	21.966585	-11.153730	-2.331872	-14.104179	0.133455	-16.494377	-29.806581	4.748735	-15.467785	-16.450670	19.738637	-13.659023	18.164025	8.291621	-12.963880	-13.644757	-5.797400	-7.836212	-2.598637	18.671083	5.383201	9.141034	-21.631969	10.970288	-29.594354	-12.680205	-22.267529	
22.494101	-21.285026	17.192116	-2.848784	-15.287698	-15.574929	8.172483	-3.399796	18.794757	22.130017	-8.887246	-11.751606	4.852584	3.952050	20.315294	-4.194618	18.276302	10.068959	-1.868724	-1.321693	-13.570560	-19.505577	1.080438	11.961022	-22.014833	-20.747684	1.031434	5.480291	5.104788	12.307179	-9.080524	18.856590	16.044261	-1.641123	-1.746233	3.160437	-20.555624	3.437990	-5.449102	-14.225066	12.022161	15.945075	17.439470	0.323957	-14.949294	4.309152	-15.089824	6.308359	-4.941584	11.578691	
-19.403211	0.196262	17.233075	-16.333031	6.347019	-17.294931	-12.514194	-7.977173	2.279975	-18.044153	3.504273	10.640240	-10.563612	3.246990	14.041824	9.954539	8.584661	2.648749	19.339742	-19.216314	-14.421366	6.315760	-18.255097	11.772653	-14.795877	0.983352	4.908691	-4.221468	12.234372	-16.040258	-8.903780	16.489300	14.711468	9.771812	11.277745	-12.954358	-2.693410	1.095585	-11.007791	-8.518631	-13.876653	14.938134	14.864790	12.401972	6.345583	-10.738485	8.908408	-1.911199	-18.642248	16.787145	
11.918114	-13.708707	-3.553850	12.604093	2.483495	-2.931210	13.839501	1.281931	-0.040359	15.407160	-3.363675	-20.115314	0.230431	5.242966	-2.252498	-18.198431	-8.886793	11.731833	-8.534955	2.992112	21.444146	-14.945330	-22.220012	-17.216276	-4.025467	3.303808	-2.632578	2.810182	-1.136470	-18.870707	11.491337	5.415024	-1.113422	-7.988767	-9.698596	-16.256176	-3.692595	-8.553508	-21.241708	19.962491	-20.332566	-21.176561	8.594415	6.908127	8.384168	-9.848431	-2.162916	-14.105659	8.037376	1.265180	
-11.796815	4.080302	-17.448844	10.607963	14.768480	6.966485	-16.212442	-23.072544	-2.170123	12.759861	23.898828	-17.989969	5.702301	-12.372393	5.709901	16.723904	10.934229	23.743962	8.429979	-1.662275	-19.398128	5.004062	19.132998	16.921728	-7.011386	-4.251611	7.877643	-6.133371	4.134852	-1.633165	-13.161916	-23.142137	11.097490	-23.296083	0.101494	10.292830	-19.236671	10.860093	-14.160569	1.594012	23.047836	11.182600	-11.847407	-17.585498	-3.639651	21.728277	19.300001	-0.452274	13.255735	20.632241	
-9.260104	-3.268297	4.657188	-25.414244	-24.156644	-23.665434	6.654766	8.277040	2.828991	-1.407812	9.238958	-14.878332	11.788769	23.803013	7.781806	-15.269255	-13.649244	-18.070609	5.208026	19.328695	18.654442	-1.981579	7.575931	2.052464	-3.499149	16.096327	-24.682340	-20.380215	-24.231892	15.269545	2.772220	-5.598145	14.232256	-18.998831	-6.178211	-14.110402	3.356342	-13.098329	-5.168639	-6.782951	5.885400	13.825976	17.399067	-5.734521	-18.475452	7.372565	-2.178721	13.003876	-20.699002	11.761731	
-6.156152	-12.279080	-8.605296	-14.009671	17.549204	-8.266423	12.795009	-17.798244	7.660893	21.366820	16.276264	-1.771276	21.678103	-12.806471	20.472194	-15.988143	4.230870	-19.917600	5.319682	20.506479	14.061458	11.802822	7.041288	-11.574591	13.716462	3.566762	-19.234814	12.241631	4.462146	21.244892	16.882474	11.536445	-20.285530	3.706081	-12.385873	-13.794035	8.432729	10.988758	-16.067498	20.129996	-2.639112	22.659143	-2.457030	17.763631	9.466307	-0.827076	4.854526	12.978751	-19.943639	0.087005	
-3.752353	11.160750	-9.344495	14.079649	-5.580375	18.607326	-19.845503	21.391237	-12.503037	4.873550	12.288774	18.974828	10.143885	25.782505	-10.487314	-9.884454	2.820971	-19.492484	20.695856	6.379084	-19.860815	-2.255668	3.211861	11.693782	22.027504	-25.342955	25.599950	16.309656	19.368180	-18.197957	0.137371	2.131297	-22.102431	1.292007	1.787322	-9.674803	-24.665821	18.851059	-18.734269	17.239078	-14.036982	-2.994706	9.968376	-1.288750	-3.041835	-24.078233	-1.857891	-20.643035	-4.912925	-25.718614	
24.345159	-14.968862	-24.344343	8.890124	1.236953	2.984084	-5.818549	-17.515519	-28.292852	-4.394567	-13.080150	6.236243	-16.797560	8.280155	-23.071883	-10.499105	-7.824126	29.038470	2.236581	-3.035214	-26.712659	0.701579	-2.979993	9.475767	13.116642	-7.627222	-16.122444	6.994655	28.656176	-23.214236	16.765966	-6.027600	-1.870254	-7.995368	-11.259375	6.797223	2.002028	-24.372536	-2.264972	20.212835	15.394239	12.680721	-7.366290	8.486860	-20.937382	-5.437589	-9.555054	22.502588	-24.405582	-6.642949	
1.129577	-16.433044	-7.247307	-6.563705	-4.930092	13.124692	-11.671883	16.258240	22.417843	9.413027	-8.520641	21.305427	-7.777596	-19.967563	-7.200598	3.419235	-15.815292	16.159495	16.762778	-19.356725	-3.701390	-24.612568	-8.636602	7.576875	3.393652	26.933872	-0.082608	19.774218	12.009916	22.344674	-11.196034	-13.076347	-16.614711	0.993554	-0.290450	-4.491002	-8.003039	-22.957343	6.747849	-20.648130	9.128573	-1.186400	-18.660313	13.802612	-1.450915	-8.328601	14.730430	25.227546	14.723055	-17.776047	
6.945830	-13.417306	-18.494374	0.646785	-1.359797	-16.099453	22.291509	-19.012155	-5.688704	22.172142	4.706215	10.339833	24.973666	-16.632781	-18.082964	-9.899075	6.484545	2.827348	-9.860554	-14.789267	12.125901	14.202889	-15.896397	22.167932	0.513372	2.224351	-22.418307	6.385471	-6.740498	-1.421340	-5.402568	-20.090107	17.610922	19.887148	9.795703	-3.448453	-4.167333	-4.608020	4.610114	19.774214	-15.930360	5.318646	21.725085	9.191926	9.164992	10.580570	-12.636253	-19.542319	-23.789681	-8.848582	
2.352794	-16.449803	14.217163	-19.509155	-19.910967	1.691394	19.013547	-14.661194	-18.808812	-9.433463	-12.685619	14.499539	-18.509476	2.110761	-3.084412	-19.137310	-12.139698	20.770348	9.233853	15.455602	-6.997965	15.055886	-8.974846	17.271678	10.903694	-5.402332	-9.468893	-14.037599	7.003868	20.224695	11.045373	-7.452841	4.429935	10.900633	-5.471713	-13.717371	-13.038233	-1.744180	-20.713264	13.898254	-19.082537	4.655688	2.625325	3.197176	8.315668	-7.693026	-3.587087	-9.692521	0.014270	5.163636	
-5.064718	21.018068	-24.625842	-24.551379	-23.358494	13.642142	5.335949	-1.438558	4.036330	0.973994	14.392821	-18.560797	-3.819532	-0.991290	-24.464061	3.092992	-16.194260	-9.330248	-2.998356	-23.545678	8.416338	1.754386	0.901786	-15.783773	-1.766371	-22.826277	12.463369	-2.330264	-17.476084	12.299552	11.306371	-15.697925	15.271900	-13.555004	-18.194072	2.443010	-14.801522	-24.717105	6.492582	1.674588	-14.233913	-4.065297	-17.232890	-8.580252	12.954258	16.446630	-22.127672	15.513296	-4.091792	22.742588	
9.199410	-25.709079	-16.842254	22.477029	-7.532307	14.134065	-11.634779	13.221174	19.855955	17.369769	-9.202085	-12.958112	26.190871	20.743701	5.888854	23.723882	1.437402	8.343454	-20.162830	20.749025	-1.795967	-14.762284	-20.879843	-17.065695	-10.708225	8.353795	-22.577304	-27.733496	-3.365415	23.774493	-5.853192	-11.416013	4.341472	-14.666936	22.622854	22.690204	0.143519	0.948446	-11.718392	-12.433621	17.660700	-0.204906	-23.260575	14.427819	-14.468615	-26.107723	-14.482682	8.189619	14.031971	0.401570	
-9.861384	-19.466800	9.368487	10.543461	-15.196299	-13.396046	-16.795716	0.565006	-17.157969	3.455127	0.719551	-20.246927	-3.736513	-18.802744	5.261926	21.121015	11.043546	-0.089914	14.318670	-6.928814	-17.971346	-16.676754	2.342018	-5.289554	19.558607	-1.593615	5.910407	-13.775881	-5.284502	12.189067	11.778025	-0.827311	7.388682	15.710046	-3.480179	-15.574623	-11.854616	-10.070542	-15.540216	-14.613155	13.022093	17.461754	-15.774629	10.789125	6.944450	7.372491	-18.989883	-14.276326	-13.566352	15.697485	
9.008988	-3.893324	-7.664571	-7.880587	3.309891	-11.495513	-8.737668	-17.963508	9.286424	-10.350324	-5.816895	-9.159119	-17.524896	-12.296936	8.801842	-2.531842	-7.884670	-15.194702	-8.155364	9.466933	0.104726	1.044637	-18.357901	2.661876	-4.925251	-2.760750	-6.588246	-7.643843	10.528617	11.553315	-15.795005	9.016768	-16.781484	-4.869277	6.399329	16.550510	8.968458	-6.830257	-5.938707	-4.838370	-19.795834	0.718206	-18.298989	-5.003538	2.852244	-18.624176	0.933338	14.679956	10.631889	-1.191998	
-9.250723	-12.072478	0.132205	4.864935	-3.270862	4.163770	-4.243339	19.271312	0.498599	-1.366123	-19.092360	17.514131	-16.977712	2.347652	20.957406	18.455991	-3.293803	16.194522	11.070985	-23.135550	9.348087	-23.622585	18.045595	10.982872	-22.346092	8.567960	-13.403525	-9.470194	2.589960	19.287390	0.378903	-22.345451	4.457097	10.138069	20.919338	-16.466892	-8.113866	22.833667	-18.392773	-16.936992	22.237165	5.528164	3.291188	17.381725	0.134223	16.345379	5.411107	5.519769	5.164946	18.739304	
12.324926	22.758926	14.463952	-10.094929	3.169765	3.876266	22.837362	-0.205692	-3.251378	5.235457	-3.078970	0.714062	19.202257	20.921582	-18.667950	-15.841282	13.120373	13.660138	10.670335	-12.141035	-16.639743	17.382061	-12.526518	-2.747850	-2.609495	3.750435	-10.984510	10.537905	-11.838116	14.337660	0.300464	16.385441	-9.930892	6.528174	18.309862	0.477641	-9.946899	-19.133011	-22.411453	-1.860506	7.763023	-13.600122	-20.979198	17.654473	-14.493936	-16.096180	-1.532470	17.351573	19.574315	1.925243	
8.529626	-0.682230	-23.508081	-7.002827	18.666654	20.154632	11.069598	-23.105909	1.124476	3.444040	19.857404	-7.880675	15.760592	12.554935	9.422745	21.792453	-14.601801	-11.703036	-21.097782	5.553432	-3.507026	-7.066998	-20.479906	17.087467	-15.703606	12.388216	22.709934	24.381643	13.838857	14.708651	-6.414201	-20.417224	14.901698	5.768392	-1.029005	-5.292053	-22.152551	4.341709	17.307491	-14.356618	-22.158521	-17.516554	19.897681	-9.901620	20.297169	8.233998	18.698920	-13.548581	20.095498	17.598963	
20.465220	-2.718396	-16.840560	3.618708	21.064843	22.092519	10.692390	23.956282	12.638174	18.101102	-27.050974	4.584261	4.306631	29.966657	13.580812	-25.612634	0.468707	-27.253002	17.605989	16.172499	-7.686618	-23.296774	-19.205449	-8.612087	-26.354656	-5.280021	-30.590630	10.735173	-20.140390	4.089425	-20.211172	-15.958283	11.256237	0.697358	-13.007812	19.721341	23.678876	-27.645293	20.726173	-23.023668	-3.216041	-11.152701	-30.421671	20.666085	7.904722	27.104933	24.474921	-20.945049	-10.591502	-10.783857	
-18.206824	16.451203	-18.762939	21.960140	3.181496	-11.376354	8.513001	1.655706	-9.928545	-18.584945	14.820124	3.450536	18.415770	-18.780743	15.153787	-14.432300	-18.714886	1.929281	9.189488	-14.361811	-16.246206	19.341340	13.073829	5.532641	21.946161	-21.973107	19.281526	3.160144	-16.818926	-4.139533	9.957893	10.408989	-16.036309	14.609393	-6.489747	11.220273	-17.908672	-15.949054	0.187281	15.042167	-21.013383	21.382952	17.696903	8.225138	-12.184130	13.180336	19.217453	21.378829	6.784222	-20.395359	
7.473720	-13.692093	-6.606685	0.289106	-14.731863	-16.033403	1.952267	-4.287709	-7.139894	-7.703915	4.418696	-13.533116	-15.167529	8.604271	-12.074606	-14.262855	-1.699959	14.966977	13.563702	3.128309	13.955227	12.058604	-4.124319	-10.852260	-11.137356	7.994084	-7.091656	-14.830539	18.448464	-9.752450	1.890043	9.305997	-19.801017	17.958304	17.157903	-16.835459	-13.306065	-10.712432	14.410132	-8.029733	14.553185	6.078253	-14.447644	2.624141	13.392274	6.889637	18.395564	11.628301	18.480274	18.295169	
7.000266	1.337531	-2.984670	-23.599899	10.403555	25.489777	17.796124	-14.687788	-24.489620	2.896216	24.035480	-5.437371	10.802112	-12.066941	17.959554	24.160052	-25.120435	-14.531436	4.277476	4.071404	23.956459	13.854518	-22.611196	-23.178489	-4.815374	-25.591402	-14.087548	9.257479	14.693706	7.117697	-9.133454	-24.727991	-0.641205	-20.802599	16.468965	-1.217764	-8.180548	-7.955373	-8.660255	-12.902341	18.328474	18.754216	14.745458	-12.455302	2.940774	7.952435	12.278981	22.375193	14.811507	10.071536	
-6.869201	-13.557065	22.366980	8.578146	9.892299	2.524265	-13.663111	-5.270749	-13.174670	7.986871	3.040475	17.492041	-3.883722	-9.792333	18.765060	-21.754818	16.096998	7.502338	-1.849935	20.582183	6.761676	7.555508	-12.686936	-11.794676	10.556141	8.953491	14.271457	-20.581496	-1.772877	20.155992	-9.599198	-6.176592	-14.428454	6.883038	-17.446767	-0.512683	10.941577	-22.799541	-8.325440	21.337179	20.921317	-18.192206	16.478919	-6.409623	21.645175	21.132639	-10.257038	-8.401275	-0.182654	8.569278	
-12.992007	-0.798400	-4.120306	-24.014643	-28.617811	-30.217186	-6.868109	-3.216292	1.271833	18.443663	18.477339	30.273454	-10.154394	-20.877712	8.177876	7.389403	-4.179779	11.271214	-2.429790	-27.320794	-22.923257	-23.960579	0.226677	-2.529763	-27.631589	2.888660	11.076941	-32.037983	-31.685403	7.245404	-21.972532	-10.596217	-28.012437	-5.355754	8.686163	-28.465354	-32.533280	-24.124842	10.963223	18.416464	28.621590	3.231515	2.418865	-22.129197	13.299318	22.474578	26.957196	-7.424936	22.387611	18.820884	
2.492725	-22.016390	6.551410	1.543631	-3.317538	14.632658	-8.376947	3.798601	19.077861	20.442370	1.490595	-4.265592	-4.943028	-6.611415	-5.016090	-6.294929	-13.542519	-3.605493	-0.047440	20.169137	-13.401268	-5.176366	-22.294019	5.140702	3.820047	-13.922870	7.811465	-1.582422	8.533584	-16.511753	2.825391	-18.876286	20.982223	19.248946	-17.173843	-0.329576	17.630265	11.743810	0.475839	-15.789312	-19.319589	-9.106390	22.060671	-18.236558	19.156328	3.883447	1.895757	3.375541	-4.147223	11.596537	
6.717978	-11.927955	-4.475841	0.103074	-6.299420	-16.136293	-1.161396	-4.003936	-1.205728	-3.144074	-5.939456	16.959809	13.699324	-3.018482	-4.239630	-0.957105	-7.094454	-0.713120	-16.541178	14.146548	11.311851	2.845693	-0.011929	13.420304	6.472616	-16.829842	4.902627	-16.071525	-0.986151	-15.756409	15.529672	0.858830	-4.153932	14.996873	-13.459723	3.844854	13.678855	-2.754355	14.853422	13.047138	-8.805216	14.584932	13.321567	10.220508	-11.850916	-9.274133	1.914366	-1.724317	-2.842020	1.015167	
16.545666	15.503177	-24.910523	11.838391	-20.363175	-21.122808	-15.920539	-19.364147	-18.406578	8.694545	1.362429	15.227111	9.797950	17.727875	17.512316	-13.626291	14.367991	15.822547	-9.652357	-19.273757	7.885877	-21.026863	-12.819439	23.958899	22.245038	-20.778855	-7.854142	20.096426	-5.426581	13.454563	20.566248	-5.487090	-4.146925	-10.743909	1.636864	-16.360401	20.224902	15.110241	23.464445	24.593628	-18.898032	-21.802596	7.468922	15.591684	-8.291302	14.449712	-18.103729	-14.764294	17.691926	-2.240114	
-3.673273	5.003819	-0.687313	14.469575	3.554134	5.323412	1.047357	8.752268	-8.705735	-22.923131	20.794674	14.317364	19.701103	9.137530	-21.630834	-4.311461	11.820010	-20.295410	11.443494	-2.634165	-11.412701	20.887402	20.733659	-20.421379	11.735427	-17.306081	14.573847	11.115350	-10.338164	-18.252705	10.028063	3.091171	22.451246	22.192244	-4.544016	-3.451826	-11.453981	18.012073	-6.353538	14.062428	-9.836549	-12.243395	12.718151	11.537912	-14.809921	-13.101381	-15.762866	-4.382886	18.604252	-22.493684	
-19.516411	9.299768	18.770556	-8.849906	7.215519	-16.154145	0.730717	14.476370	11.566992	14.220061	7.446702	-7.387825	-4.667993	5.732814	-21.049008	16.154154	6.331729	12.195422	4.167113	-17.184923	12.347107	-1.717944	-9.728486	-9.453846	-18.241646	10.741665	-13.326664	10.979351	3.666576	12.836909	-17.537667	0.727840	-10.700967	-13.117938	14.323264	-16.819842	-6.884237	-19.745276	5.105979	4.254528	-20.401060	-11.304395	-19.434336	14.182200	-9.851089	10.527873	16.273163	4.940406	-4.028724	-18.156055	
-4.311683	14.927659	19.424625	-7.949971	-17.153606	6.136079	-16.662262	8.165537	22.649846	7.077401	-0.965744	-18.955614	16.638731	22.417687	-20.266980	-5.688412	-8.036121	-18.049591	8.538103	-7.449764	-22.028257	-20.497608	11.728612	6.263502	16.608164	22.160394	-0.477949	0.223599	-4.283723	-11.911162	8.514580	21.897275	-19.441057	-18.388767	14.323777	-16.476052	-18.032788	-13.851998	2.132762	-21.851610	14.088578	-13.146898	11.182951	-8.340333	-19.597667	7.916149	19.135463	14.756492	14.362131	15.885156	
10.105240	9.741718	-7.216186	-9.280675	20.983123	-22.963564	6.693709	-11.471932	12.132900	-18.524681	4.572414	-16.647504	-19.188153	-4.554860	-10.446954	9.799690	18.260491	22.551123	11.386993	21.834763	-8.026578	19.972121	-13.417494	11.834833	-12.854727	-5.488798	21.465884	-8.288059	15.820726	12.833772	-1.975893	-21.886581	23.814694	19.127317	-11.057403	20.200974	10.927505	-18.484161	-22.874561	-16.905392	10.657252	-7.978216	11.828640	-12.076236	19.116782	2.989483	8.756270	-11.840954	16.572833	24.274893	
-4.547995	11.119882	-5.626518	12.460094	-24.317601	4.909390	-17.746746	17.625524	21.440876	-24.156241	9.615800	1.047489	23.473540	-11.545309	14.206455	20.117083	20.410991	24.157730	20.599368	9.867592	-2.811582	21.986691	-1.631952	-15.707103	8.420651	23.909015	19.217502	6.809637	-14.921904	-17.913992	2.200471	-13.976790	-23.670761	-24.365093	-22.501828	-21.723325	18.766461	-14.050889	25.433113	24.418179	-8.728700	26.633103	-14.013523	8.024145	12.458316	-10.506791	-9.880851	3.761751	-18.076592	-11.808695	
-1.266160	18.781702	5.705537	3.037078	-15.832605	-7.610491	-10.537344	-3.626599	-15.590729	1.229711	-19.114456	-18.472614	-28.585592	1.253666	11.603630	25.323426	-8.955668	9.325862	-28.281058	9.314604	-2.788994	6.799283	-27.009471	-9.357420	18.713180	20.650201	10.485545	20.445737	16.644036	-14.601270	17.362742	19.678201	-21.971814	-30.824221	2.866975	-30.077830	20.835903	30.917409	30.610323	-5.527071	-27.584601	29.772277	17.049973	23.011062	-21.324499	-24.422479	4.001819	6.545439	-5.463968	-15.010593	
8.758487	9.510391	16.324545	-0.371150	14.764218	28.185325	-23.730819	-1.375603	-2.608043	7.043753	-1.188839	6.075671	-9.078281	26.491159	-25.418361	-27.013392	-16.555052	-18.297603	-11.166990	-25.931844	-23.738866	-11.168760	-16.818723	22.061018	-9.433092	-10.217616	-3.911236	15.410454	-16.157985	-8.584121	1.209778	10.989323	-8.992544	13.537802	-26.022568	23.019982	0.988416	26.177473	0.506323	-3.830339	-16.779186	20.903910	4.547107	-21.004614	-2.238064	24.951049	-14.227522	25.669643	26.081329	-11.998976	
21.088495	-10.428090	-1.783298	-8.129668	-14.135051	16.730076	4.774272	13.033042	-11.729716	16.918856	7.265253	3.412388	-19.566159	-11.538570	19.449610	-10.880719	-20.457301	7.800399	7.113309	7.319753	-2.406289	-11.029546	-15.795352	11.515915	8.296620	-23.688726	-0.747929	-16.152201	-1.909914	0.902260	16.212740	-2.403081	-19.995055	3.966406	-17.133408	13.999101	7.291076	-16.020382	1.035136	17.869592	-15.384054	-5.306307	11.997949	3.571892	3.131138	-1.320918	3.156484	-13.180923	-11.596790	19.868070	
3.819946	5.473517	-19.785615	8.679232	-14.105817	1.285116	-25.530307	-5.783857	11.813808	5.661028	11.952663	1.621573	-12.665594	-17.886831	5.715156	9.651426	22.066133	17.982911	-12.143085	-2.636728	17.553927	-15.413685	4.111533	-2.478971	1.038780	13.916503	14.707113	-14.466034	-9.467440	20.059936	-26.008467	21.709112	-26.119503	10.175867	15.867895	11.549087	15.453835	4.783159	3.158163	-3.321170	19.877869	23.841772	-23.685756	26.906417	12.788142	25.144190	8.764039	-15.266297	-10.432420	6.774477	
-9.576347	-1.922935	7.290531	26.527501	-13.221574	19.731540	-29.075234	-7.392414	4.084165	-25.863913	-3.646415	-11.295859	15.017739	-18.734640	3.618802	15.029799	8.097165	2.513545	18.949373	21.525238	-16.680480	25.727715	-10.504908	-26.537284	11.009063	19.203919	-28.665950	9.283837	8.254639	6.942544	-27.399100	16.673628	29.638935	-24.076523	-27.855063	18.464402	17.572389	-13.330253	5.818080	13.383346	8.560267	-30.706760	30.680568	-29.054964	-4.941597	-25.122937	30.161926	-1.854085	-17.471398	-23.539970	
21.589232	18.853487	10.801113	-6.480973	6.532939	4.029314	9.512003	24.293177	-13.124728	-5.913748	-7.713987	18.695437	1.930115	10.205694	0.980584	-16.257246	-24.560458	20.909026	0.804708	-11.155884	8.455211	10.713184	-16.279331	20.655208	-11.242110	-8.476779	-2.520347	24.902766	-16.548360	7.454121	23.960523	-2.228041	-4.267003	-13.794705	-9.356106	3.001463	-20.643427	10.124557	-4.703674	-8.203055	9.400733	-23.325599	-5.397228	8.431698	-1.355460	15.929873	18.052142	0.165306	-1.048114	-7.882464	
16.836860	26.057661	-3.640479	-11.238733	-10.488947	11.453565	3.615298	-20.332840	-12.153679	17.421944	10.320036	14.099437	-20.490935	-24.988938	11.337166	-6.089493	22.798560	-25.020270	-23.806823	8.973019	-14.433226	24.398787	8.381247	-4.582820	-9.393434	9.785366	-15.116107	12.015871	-13.494667	20.182791	3.136438	-14.906763	14.633076	-2.938506	9.529969	-2.543788	-6.742939	-4.136665	13.987053	23.309632	12.377496	18.170330	4.888173	13.094527	0.370236	20.108019	23.784132	10.633085	-7.395012	11.613050	
25.333651	12.346996	-20.601989	-13.177483	-19.381987	-12.042905	21.199623	-14.084988	2.501414	-14.566382	7.798294	4.030106	-14.808561	13.922792	-7.605553	21.711507	-8.482025	1.166474	-12.905974	21.844201	9.594341	-10.599695	10.913196	13.246343	-5.809120	1.977647	-2.545013	22.753783	23.467997	7.029576	-4.304330	10.109832	22.075712	-20.242920	-17.431247	21.914992	3.664851	2.535266	-5.522376	18.998629	9.354743	14.262898	-21.161277	11.632347	8.092619	-19.945090	20.011490	-16.492703	-14.591277	-7.385185	
17.369723	6.201775	-2.750550	1.796942	3.760590	17.558029	10.493164	4.405465	-8.482415	-6.767748	8.974545	-16.166133	7.120166	-10.736882	-14.238596	-20.539531	-17.868027	-10.497324	2.977782	-9.081254	14.799978	12.920633	-14.824751	13.933895	15.682302	15.847223	20.133492	7.349310	6.714323	1.712459	-12.312568	11.928862	-12.218077	-18.198440	-14.122911	-7.185422	15.733064	5.104239	-14.178060	-0.273133	-13.446651	-13.567502	-9.751218	18.466625	18.544524	13.007830	-1.236767	11.493631	-10.715915	-12.268023	
-17.822151	-20.938178	-6.306113	17.978477	19.435165	7.236716	18.436637	21.977985	-10.327357	17.680925	4.237120	-8.573003	-4.557040	19.786918	9.857180	-16.256152	-18.252203	-1.183714	13.200716	-11.405555	14.701289	-17.328531	8.452934	-2.643488	-20.184920	8.643772	-1.636818	-20.982197	4.415126	-1.513265	3.372501	-13.182395	-6.055628	-9.449160	-15.686854	-11.274781	-23.437117	-16.498847	-17.719534	-0.602351	3.437069	8.984651	-16.864707	2.412312	-11.179115	23.822864	-15.397363	5.400240	-23.752818	11.421796	
9.581126	-12.971364	-1.495393	9.139898	-2.597983	12.166083	-13.045776	-4.632385	-10.951732	9.024483	-7.907446	-16.823941	-13.563686	-6.517364	9.773922	0.059149	-13.167597	-8.289823	-4.329753	11.515935	8.592177	-8.023653	-15.751248	11.440138	20.782839	-0.310757	-13.331487	13.808738	10.855100	-13.375831	-5.277329	-1.124167	4.868861	-20.378761	8.495518	-7.169079	10.994156	16.577227	15.347041	-8.944173	4.842257	1.229217	2.135253	-18.948521	-19.208923	-18.214029	-6.913259	11.726162	-2.082819	5.378103	
-26.457216	-18.447126	17.088127	-25.316210	-20.580437	-2.788833	22.015107	2.883816	7.934656	-7.236665	25.464899	-6.910384	-0.246252	23.852072	-6.782276	-5.033659	11.671941	16.133295	4.651361	18.395002	-23.124627	8.094517	-13.086045	24.396971	21.520853	3.216119	-19.149834	5.799253	9.157985	-3.845605	19.723805	10.212301	1.822893	-8.617422	0.707675	-20.648738	-19.360874	-12.575041	-25.919465	25.378946	13.860236	1.612356	-7.108174	-26.363505	5.669624	-19.094616	17.903398	-20.916761	-13.183716	0.675580	
17.722994	-24.044989	-26.227672	-15.802405	9.288054	-21.095969	-12.161484	31.506039	0.110254	0.882772	-29.437796	4.792951	-28.322696	-20.061622	2.354060	-31.064687	9.192427	-6.992992	7.039983	-16.612115	-3.452638	6.938594	10.314054	-7.521396	2.522681	0.402296	-5.764448	2.406172	-8.622384	-28.342077	-1.072579	19.131734	-2.686468	10.413336	19.410887	-25.949760	-28.593392	28.801434	-21.260142	-16.608032	-4.212450	13.239499	24.055832	-28.893517	14.084985	-6.302266	13.093524	29.537829	19.750222	-22.498748	
20.489626	24.354462	-13.845077	13.511676	-0.657015	-12.331728	19.015599	9.877051	23.381055	-8.771248	-18.819630	5.757554	-21.664959	-4.693248	14.690167	1.043630	-2.505664	18.731500	-23.523308	20.395976	4.892271	10.615433	-16.103984	-8.399345	12.717476	-12.990212	10.603188	18.011701	-5.851558	-20.553649	1.721481	19.241855	-0.697106	18.678745	-9.149690	3.328584	-22.592518	-20.247637	8.469139	15.811789	4.883838	-16.890116	-2.850696	1.000784	14.954536	6.341521	19.340725	-0.480106	21.615886	-21.940602	
-15.207374	10.605809	5.982832	15.213215	2.454061	6.364647	-6.293062	19.797355	-2.042336	-9.182437	3.531730	-17.383755	4.016799	-14.075834	10.102206	-13.024457	2.036522	-6.897135	6.113576	1.494062	-4.915033	14.608668	4.870367	10.972078	7.178585	16.373425	3.486505	1.509487	15.247256	13.450566	-19.755526	6.821293	6.329545	-14.650401	2.222928	6.029578	-20.260214	15.723457	-14.297202	9.662687	-8.080047	-3.971027	-10.666810	14.504459	-3.128570	-1.237462	-16.973208	-19.122545	-13.378149	-16.078595	
11.444486	0.338548	0.473892	11.644613	-18.283714	2.190053	-6.188210	-5.130667	3.330087	-0.291955	2.452955	7.389329	-12.963633	-18.235446	11.605799	5.716027	11.666175	18.262461	2.549988	-15.882066	-17.977132	15.422048	-10.639320	18.597795	4.790062	18.668650	14.327625	-10.260483	-6.669774	-11.164514	15.754604	-7.785915	10.530131	1.853248	-7.647602	-3.631531	-6.916684	10.703434	4.922423	-1.282852	-11.123290	-4.158877	-3.448024	-18.725445	-10.110272	1.560513	14.962969	10.688726	-17.460860	6.781943	
-20.415940	-28.919199	-2.269664	21.439045	-6.056636	-15.929851	-4.482276	17.142190	-18.921399	-28.016612	-23.663841	25.499850	5.551342	-13.599864	20.023866	-26.434959	-24.409667	-19.107118	28.413172	-8.028437	-24.948862	-1.840714	-5.604735	15.129732	-16.363992	-21.174634	-0.425353	24.654507	11.323029	-2.349684	8.760069	-21.635223	-8.995729	7.733786	8.882178	-3.630957	-13.103616	8.178352	-2.431964	-21.686651	-1.706527	-4.171799	18.618711	26.642367	-19.036880	-2.011824	-19.579107	-4.986455	6.568996	17.205179	
-11.510074	-21.427781	-15.735557	-24.843786	-3.975128	1.072489	-16.221090	21.490786	-2.542410	-2.062551	-5.479680	8.944027	16.504470	8.419669	-10.703515	7.103911	0.347830	11.416301	-22.005390	4.518160	20.033643	-17.245099	-19.538932	-14.945465	-11.972300	-24.259312	16.716882	21.650808	-9.349030	14.171456	11.727377	-5.932594	12.624683	-15.407363	6.774730	-2.293250	3.726912	-17.768243	-23.161197	18.503680	-10.852175	25.763494	20.807373	-24.760411	-16.706306	10.464533	-16.030950	-2.971444	-24.480668	21.955440	
4.578374	4.907124	-25.040053	2.948983	21.118640	26.257531	-18.750559	-20.185585	-0.664104	15.827472	-14.063771	24.366086	14.327112	-16.077023	-11.769275	-4.881859	20.516158	15.909808	18.149493	-14.231895	-5.480472	3.344855	17.600476	21.479999	-16.849223	0.659665	-17.293293	8.375814	-14.585401	6.305603	-19.979497	-13.419882	-3.027963	-0.090124	6.642439	-10.807539	-2.938266	-20.493679	-26.627270	-16.162463	4.452556	19.068987	1.362937	-16.822106	5.815699	3.132005	-17.528159	24.564355	9.050404	-24.920734	
2.418508	-19.929335	-1.084663	-13.449510	6.494553	16.972662	-13.930478	11.423570	-23.583708	-0.019539	11.567297	-9.325090	7.827252	12.501484	15.243522	-20.101887	-3.484903	18.904520	-5.577002	-6.074804	1.567014	4.258965	-14.722330	-19.064275	-3.626650	7.049164	22.346891	-16.528004	23.019571	-12.863844	-16.655140	-8.217758	4.245006	17.905191	-16.113305	14.626928	3.293214	5.393603	-15.198530	1.963094	14.389684	-18.514195	12.360923	5.451325	-18.089261	20.984305	12.187708	-18.202725	-9.970592	13.575750	
22.781689	-5.162856	-4.821780	27.159380	10.037152	18.356886	22.980867	26.388590	25.876423	20.381114	27.159923	-10.943338	-1.752717	27.578845	13.122708	16.875938	-20.524350	-13.544628	-5.854292	15.317665	26.192137	-13.321974	-16.628940	19.929639	-25.926748	23.340952	21.929910	25.665669	14.154366	-18.732912	-14.475480	-0.076641	-20.665725	4.215714	5.945516	-14.923126	-3.985593	20.658153	-8.544485	6.358444	27.608760	8.805872	-17.555576	5.958326	8.619644	24.394098	-2.944788	20.524797	-1.155672	-21.699316	
-9.777809	6.277597	-23.436051	1.926530	-26.515365	-26.081013	-22.005825	-15.095177	1.225357	8.020191	18.722618	-20.446944	-2.857531	4.927477	-6.753906	-12.445374	23.567662	-16.386447	-11.300068	22.533337	0.537367	10.010775	14.316078	10.796880	2.859533	-25.119569	9.554462	-10.787641	-24.449336	-9.135323	11.865169	-25.157922	-0.159579	3.483707	5.450194	24.983892	8.732009	-23.642914	-9.184512	17.352278	-23.273171	21.561404	14.492020	-7.955685	-13.391939	25.010649	26.803845	17.633618	22.623277	10.777879	
-17.977378	-8.618384	-9.130413	14.548219	21.409713	14.897213	11.109730	-21.817638	-4.063340	4.603672	22.819681	-16.546437	-19.216069	6.119040	-4.118184	13.048231	-5.122870	23.295756	23.224769	4.993078	-16.582984	-15.257388	20.558578	19.199039	7.703187	-14.648506	23.824177	12.660046	16.823437	-12.483871	11.158743	-14.602453	-16.541497	9.091251	-21.613153	-4.255319	-22.818761	2.114230	-6.393794	12.553198	22.073525	20.579429	-6.119739	-0.453924	-11.415682	0.031980	-8.516638	-5.336428	12.737243	23.143928	
-17.643366	-26.842004	2.659819	22.591506	11.167789	14.916519	0.396058	21.982439	-13.403822	6.177284	-16.417731	-2.563650	-25.842437	12.963773	-20.394581	-0.782712	-26.754067	2.294105	-13.175064	13.219603	-18.906930	-10.908733	-10.373143	8.987330	-18.483921	0.975890	18.946863	1.901793	26.578907	0.643882	-11.075995	11.270950	-18.260217	24.122789	-2.612930	-25.801684	22.505478	4.594531	1.233365	7.781374	13.298463	-0.387344	19.618464	-10.099215	12.172486	24.005515	11.281406	-20.888902	-24.992631	-0.416853	
15.533097	18.887645	6.094478	8.994064	-8.622724	-4.266003	19.698130	-13.770214	7.188762	22.613635	5.391353	-8.341088	13.085398	-5.362607	3.882714	-10.107691	-9.170953	1.010549	-8.766166	4.930477	20.762494	-13.036126	20.252564	-17.355777	-9.059690	-1.640950	-23.224613	-11.086058	-13.815729	-22.551159	-22.435159	-9.274665	11.999808	9.241103	-18.615228	-14.486520	17.515075	-17.521850	-4.940156	-15.186523	3.478324	19.343931	-14.842362	15.292527	1.197358	-2.558333	-1.186996	14.312206	-14.766165	-4.573467	
-22.380845	-18.313700	-12.461667	13.111534	1.635365	-23.821058	-14.171798	5.847972	-23.761872	11.504091	-7.013336	-11.401289	-15.218891	-14.173468	-20.161921	15.411328	-18.908908	23.515497	19.878036	-0.898817	6.051741	-9.149922	11.864158	-14.710514	22.842130	-21.013915	19.233010	-6.975155	10.993607	-20.872338	-24.717159	4.098540	21.327049	-15.110617	8.329399	23.506119	4.665397	22.534632	-10.561073	-2.553359	-1.780840	19.330741	-20.112084	-11.189477	19.395285	15.185785	19.110726	-16.635073	15.459366	20.969153	
7.535524	-4.470724	-14.834385	-21.907620	27.555738	7.224271	26.359732	-4.429650	-10.514974	-12.082553	-4.916962	3.724873	-14.684454	-8.716262	-3.772873	14.137808	7.160695	-9.335672	8.832082	-18.313451	-7.731156	16.168853	-12.514866	-9.503928	-9.725553	25.037063	-4.899129	6.446891	-12.013817	7.278696	-23.565533	8.492316	-20.131332	3.522302	-3.579896	-2.684399	-29.285985	29.034479	6.596737	1.683922	-22.449510	-4.792844	18.113852	-28.114880	9.007711	28.580643	9.283989	-27.119893	-8.122707	20.888613	
3.885788	10.493898	22.476999	18.783050	-11.772656	-12.473711	10.099750	11.873638	9.901791	-13.597393	14.845312	-23.146170	-15.822569	-4.600526	10.484005	-11.580374	-12.475418	1.671149	-0.959129	-17.098080	-19.219217	-3.609237	-24.402283	12.918625	-22.126284	24.756638	-9.796872	-15.273694	22.439381	-25.810612	3.396105	0.973931	12.818258	-22.318742	-8.064968	-21.375830	13.682530	-21.173095	10.407153	-0.196910	-16.530662	-6.411909	7.414934	-15.616743	12.577091	16.009244	17.061119	-7.250756	19.529584	22.050810	
22.390935	-14.835055	-2.850964	-7.658594	28.724071	-1.016225	25.438080	-16.302762	15.471685	9.446620	6.249554	29.967410	19.720811	15.847097	-25.763532	-4.597746	-16.729086	11.038950	-18.715652	-13.720160	-23.641008	13.051804	23.580689	16.577944	0.516720	16.031526	-16.050200	9.608435	7.143954	-17.627406	-17.134282	23.240530	23.905230	-22.374534	15.891781	-15.919928	-21.291914	-18.034140	18.689387	25.437394	27.795450	-17.015987	3.092964	-1.044694	-21.555603	-16.408821	-25.427080	4.897395	19.968020	-20.907830	
-6.538369	17.133790	10.697886	22.896673	-28.851075	-23.558731	8.011150	-28.472831	4.402604	23.943731	15.674934	18.766211	0.827053	19.138945	-6.437600	-31.375187	-3.244743	6.967037	-33.165305	-30.739083	29.346326	29.097273	25.729882	5.466499	-12.932783	-3.550362	6.795004	21.052235	-2.405757	2.807960	-14.881931	13.275112	-33.634323	-5.528463	-8.747120	14.494494	17.620904	10.588726	-18.163554	-30.828898	-14.506932	29.037971	-4.795727	-16.097677	-28.369366	12.089778	-31.204271	-2.089053	-1.519627	-23.499912	
-18.541061	10.443969	14.422756	-3.157394	-5.555111	-20.221712	-0.129040	-4.387889	-2.728388	8.459951	21.963719	10.896577	16.746416	-10.097035	18.622704	14.389162	-12.389778	7.045013	-16.887209	11.289202	3.546396	-8.291172	-12.806358	-11.839481	4.541455	3.005138	15.452154	3.361285	6.487591	-13.141525	-18.961126	-17.774421	13.010316	19.927197	5.092104	10.743099	-0.728000	4.648268	7.291651	-14.533453	-20.050216	10.682947	-21.241257	-13.376405	-19.978924	-1.728832	-16.775692	7.090257	-5.915180	-9.607945	
10.279996	8.739592	11.726965	-0.245174	-18.611065	-2.507543	13.319517	8.185193	23.036535	-4.289191	-4.117021	-16.229586	4.456452	9.101417	-18.559044	-20.902829	-0.528201	2.178030	15.588103	-20.272589	16.383990	-11.282585	15.957245	-5.575419	23.550611	0.232515	-10.131681	-18.826284	-2.047649	3.729050	-16.313056	23.388749	-1.645198	20.463742	17.915558	-19.721242	5.810203	-1.161033	-8.321605	-2.291095	-21.997808	5.403046	14.338857	22.485972	6.676289	14.955009	-13.246722	0.358109	20.268797	-15.223301	
15.702717	-13.450547	9.959379	5.959861	-9.465947	-20.009127	2.022883	16.043945	10.079606	-10.936734	11.384945	19.131432	-19.313746	4.210134	-9.694635	-3.726254	-3.371707	17.702736	-18.312502	-18.538150	2.384012	-18.526730	22.163622	11.013377	8.676823	10.165636	-19.496571	-19.754077	4.238625	11.641844	-3.099130	-22.164553	-11.578956	10.448898	2.360765	-7.389897	2.227779	-11.596148	-20.656041	-12.875251	20.879235	13.442762	19.525440	20.771214	-3.935124	-20.650215	15.016110	23.947557	23.209471	20.338551	
17.925148	-10.636130	-12.672095	-26.247956	22.337444	4.192548	-26.310126	-3.611967	-26.129391	20.334454	-18.473377	-21.271894	8.372827	23.211218	22.222350	6.005816	16.925037	-0.069602	-22.242595	19.734038	-25.258195	-1.544863	-5.203282	-21.762898	-23.399043	-14.836530	20.067658	-4.983181	19.160856	-5.926348	-6.881628	-3.633874	4.857943	25.487209	6.334032	12.911242	17.136931	-16.248719	24.688892	7.939081	-5.160865	-16.326982	-18.939920	11.317080	13.145622	-16.438227	2.225523	-19.888179	-20.055523	-5.788744	
4.359562	-15.930676	-4.567074	-19.633291	-14.902932	17.541406	-1.274686	-20.350275	8.398508	6.701497	-11.995257	11.303711	-6.273910	-24.638893	3.853212	3.185335	14.275894	-8.083265	13.764248	16.436713	-2.480034	7.890193	-16.773103	-6.863389	11.204868	-8.565294	12.145393	-8.224663	12.106648	-15.089975	-12.762577	-12.406905	15.483235	-19.167923	7.883000	-15.246142	3.342616	18.231169	6.602993	-19.239100	6.676979	14.273889	-8.399435	18.388000	15.173335	-21.288788	-17.577931	-5.017838	-14.625137	18.691177	
21.394204	-5.538026	-3.259405	25.667962	-16.562854	-4.696002	15.941768	22.154905	7.056425	-18.618390	13.051945	-24.062597	16.219554	10.954764	13.779163	-0.289019	-24.664517	-14.115396	22.864456	-11.200159	1.009036	18.209659	-13.162579	6.782038	-1.977029	16.952201	-18.224869	19.128446	-22.532438	1.921892	27.960661	-19.137457	12.448435	16.219370	17.082779	20.729151	11.658718	2.429683	-0.432732	20.751517	-1.586887	-21.517943	-9.549434	-17.814186	-3.721745	4.489382	-0.431946	2.824406	-24.898218	10.425370	
2.779648	17.722334	-17.406908	7.475329	-20.042100	-18.105492	-15.459824	-0.834290	1.883809	17.509119	-25.612999	-1.620868	-16.348115	15.499875	7.877705	-1.072307	19.838638	-14.492314	3.118184	2.784792	9.923671	-19.751062	-20.323118	-21.250369	-22.288007	21.507863	25.819407	-0.260610	6.468908	-17.667990	18.911485	-1.155145	-15.047765	-12.605603	-4.306547	-25.821328	-9.672032	-12.876125	20.040371	10.676855	2.387263	-20.235718	11.050350	-9.513759	-22.795887	0.961044	5.656732	6.110868	-10.676188	24.254521	
-6.052025	3.980289	22.157839	8.750205	12.601770	-22.890498	14.741448	17.108338	-14.450706	13.582221	15.625199	-23.267869	-0.515378	22.628368	-23.138629	19.876815	-7.320145	-7.340943	-6.135718	-5.393179	14.274391	2.681736	8.090105	-6.500443	-10.257725	10.903249	-21.421133	16.673318	8.879507	13.082942	-14.105669	8.642735	-6.298471	-0.018646	-6.950584	22.896127	-19.432151	-14.012675	-15.051350	10.119754	-13.186856	-8.720572	-7.550930	4.155664	3.874147	6.171186	5.555661	9.193605	-1.225123	14.226284	
3.302570	5.225735	-1.900837	-21.966242	-17.480669	2.433710	17.516164	12.435650	-15.677608	10.353558	5.726009	20.218317	21.792661	-15.914321	-4.986410	-7.823422	13.795019	-15.786706	11.985941	11.611106	-15.761694	-14.486417	17.779324	-10.115152	-11.491493	-20.793425	-12.469594	-22.933530	-6.798680	22.872427	-13.579217	9.784835	-8.176306	9.567500	-8.283359	-16.337412	-9.490283	18.939816	2.296208	-18.718754	16.056161	-18.611183	0.448871	-15.044224	21.042294	17.874855	2.741892	4.236724	5.477970	-2.370680	
13.324004	21.325480	22.981556	11.801011	-2.683345	24.999952	-9.539525	6.209615	11.030575	-20.872592	18.738429	20.544304	-10.187037	-1.330474	-13.061849	11.537659	10.273400	-17.316550	21.008419	17.429429	19.259631	16.708055	9.785738	-18.936208	2.518454	-21.404935	6.736048	5.910393	-20.444064	-3.436130	13.195365	5.875309	-24.347649	24.544388	-21.516218	11.894719	3.172935	18.900621	20.791865	-11.715170	-2.100889	4.767562	-10.077328	-21.916824	15.465450	3.171877	-0.185685	6.801104	-7.579379	3.814627	
19.196412	18.946299	1.366114	11.187890	12.389864	-4.895875	13.675376	16.797551	-14.212502	-6.721207	-7.549085	6.312460	6.619983	-2.201214	-13.726166	-10.066082	-12.898949	-15.413834	-2.266665	15.127214	-18.708138	-10.018541	10.027310	4.477317	-16.931868	-10.551223	5.710981	-2.400492	-0.746534	-10.240560	-8.297348	12.863940	-8.039744	-9.265692	5.832532	10.368784	17.931531	6.834011	-17.103053	-0.320838	13.111586	-17.664342	-1.601035	19.259175	-0.851367	6.336692	4.081064	12.740676	12.346487	17.390001	
-1.383116	-0.483200	10.417240	10.096430	-5.436263	11.359916	5.530565	11.972418	15.979480	7.214718	12.894817	9.472976	-17.804553	-5.190863	14.308210	-1.391318	7.442105	-5.388386	2.035506	-12.995952	-15.051626	12.801354	1.084874	-4.445093	9.760437	-14.788309	2.521421	-14.929448	6.879379	14.061645	-9.325402	-4.999001	-12.466798	1.141192	15.092891	17.290505	17.732619	6.198653	-0.295658	-12.260177	-4.742736	2.957183	-7.631810	-11.393136	3.548629	-14.021726	-13.219818	-7.263877	-10.751294	-3.097373	
-1.575319	-9.702507	15.934551	7.653747	13.570373	-11.409372	7.803318	7.093179	4.919893	-15.265876	6.127622	-11.153766	7.427968	4.325651	12.012388	-16.243080	0.814257	-8.314715	4.104558	10.631686	-8.258606	-12.450728	10.887970	15.105821	-2.310975	3.779308	12.843217	16.505972	-4.169080	-8.190131	-9.026361	-11.291539	-9.006508	12.862154	-12.759076	-7.622442	-11.477652	-10.569153	-10.906075	-6.669449	8.688696	-15.784035	-16.536305	14.245935	7.919836	-17.425147	-9.768856	-3.742654	-7.922249	1.030350	
22.811772	14.850549	-16.557522	-14.152115	-18.075792	-8.428952	19.605931	5.123554	20.736346	-16.154942	-11.374218	-1.645384	-23.464823	-18.148821	6.548345	23.247484	-21.475634	3.040242	-22.027391	-14.699027	-6.981526	-0.755800	-11.042959	8.086497	-8.023329	-5.078249	13.661662	-1.885070	-18.386590	22.029685	-3.723414	-3.912849	-22.506372	-5.408743	22.415598	-3.280551	15.014094	7.883372	15.196427	4.572026	-15.088072	-0.300756	-7.562808	-7.559986	15.198662	-8.455509	12.508443	9.022534	-17.824509	-11.813139	
-10.958507	2.330842	12.802463	16.236664	6.798454	21.814272	4.719589	-6.093769	-18.899005	14.042128	-14.497667	-21.013522	-7.564877	13.347340	-22.705744	-7.060386	10.268763	-4.027125	-11.127195	5.071858	-2.071951	-5.244675	1.837821	4.645356	17.472544	-1.662594	-8.439938	-21.796159	-4.516956	6.569998	-5.465035	8.690632	4.924108	12.923672	20.461748	-15.475867	22.458696	-23.205437	-11.592619	13.340285	-18.925749	-9.695685	7.875411	-9.397147	-6.643410	-7.330731	-9.158258	-13.989300	-6.310777	-6.123300	
23.565687	11.139660	11.577147	-11.228592	5.378360	-15.913923	-5.780323	-1.076723	7.090554	13.390823	3.369263	-23.700012	8.411947	-21.822368	-15.428973	21.635609	-14.268348	-1.387384	-23.837962	-19.307501	-6.267965	-8.951334	12.638474	13.271145	-11.079992	4.997788	-1.732092	17.511820	-14.759562	-5.122548	-21.279441	4.465466	-11.625470	3.325124	13.918709	16.178172	-9.464379	1.868715	18.738536	-13.007947	14.625357	-18.870066	-8.613583	9.212376	-13.186826	13.321359	1.343069	9.749756	-16.944000	-0.778255	
-8.354189	-12.802415	5.122720	-1.379316	17.633836	-12.826311	-8.948735	14.311117	-10.077992	13.603356	-2.508470	7.844011	10.073429	-0.937921	-2.334847	-15.893790	-11.761374	12.888876	-4.947357	9.700504	-2.517067	16.594195	10.274742	12.702418	1.609981	6.208559	-8.156604	-16.582542	-10.369259	-6.233696	8.762784	-4.044857	8.878651	-9.766137	-18.328642	-18.118174	0.185006	-2.681915	-13.520708	14.171835	-7.180763	-5.131819	-8.918675	7.320898	14.767324	6.093355	-3.411390	-10.157639	-12.369072	-18.543704	
10.823803	17.789806	-16.887094	5.781534	25.623307	1.493909	15.835845	10.904180	0.194604	27.476952	10.306818	12.069974	12.436173	-2.955783	11.625491	-10.319671	10.192709	-25.636470	-9.568414	25.803888	25.195840	-10.194851	-1.926190	-7.939009	3.150717	-23.743522	1.576845	-16.097053	3.519806	-1.264921	25.372485	2.731431	-9.615847	16.952738	-7.362155	-17.703223	6.617580	9.613154	11.078767	24.551002	12.063843	15.914963	24.605912	12.091836	-7.889257	-24.208911	7.327174	11.194539	-10.167794	-5.756342	
5.240356	19.935510	16.243384	11.149271	-17.519587	-15.348332	19.717946	-18.445190	-5.956027	-10.243502	10.709430	-20.547395	-10.191912	-12.812859	9.460988	-2.789712	-11.870143	-10.072077	1.608172	-9.501637	-15.973167	18.931444	16.728659	18.855456	-13.127906	11.445943	-16.316105	14.658151	11.014386	-10.684509	12.722530	1.893767	-7.900996	-0.270445	-16.811636	19.921439	-9.441383	15.733009	2.977115	17.104598	-7.478176	12.970098	-4.750705	15.882476	-15.213318	-12.160905	18.928168	-15.288842	6.759873	-6.830238	
-3.348930	2.139814	16.005853	16.346436	9.671225	18.641501	8.409959	19.619739	17.930865	-5.444454	7.374511	-12.732235	10.772916	13.342241	12.945642	-9.294306	13.690161	-0.662669	3.886139	-18.709206	-14.904939	17.055288	-13.328082	-8.763837	5.607254	13.562141	-17.604125	-15.255357	-9.262971	8.479101	19.828326	2.723057	19.031121	0.739953	0.022629	-14.661577	-5.474664	18.931596	9.746461	1.363415	-4.016510	-3.900688	15.123596	-16.230695	14.583955	-2.882150	1.643960	1.982492	-3.964245	-1.385081	
11.701270	0.395676	-24.327469	-1.769948	-7.759394	3.705320	4.239196	21.377125	-22.743154	-18.546944	-22.977227	-8.655635	5.768107	-1.242896	15.650979	-17.183707	11.832289	-25.677904	-1.654942	5.567352	-16.187139	26.142083	-12.181322	-16.661763	22.108839	-24.833464	-14.739146	-21.508122	2.849531	-8.151159	2.787253	6.243950	20.245121	3.035574	-6.674006	-11.484778	-18.474601	-20.361466	18.347430	15.674374	21.137404	18.259970	-17.404313	10.971170	4.270434	11.511334	5.610330	20.855893	-17.616967	-15.160023	
-4.576576	23.313531	-24.618056	-25.967737	2.368725	11.150855	12.347189	8.542029	26.865682	-10.638814	-24.049862	-7.190278	9.942448	-14.813102	-5.787116	-8.430315	-7.002830	10.339635	25.179376	22.436745	-4.772895	-19.699765	2.620642	-19.378833	-25.338472	-26.795971	-9.873061	-4.205240	-26.413876	-15.298635	25.376336	18.808785	26.373140	4.693140	-20.249853	-0.748874	12.977436	-13.686524	22.336591	-14.611054	-3.787541	24.849527	18.452409	-14.968178	-23.462438	-26.690251	11.070142	-18.034129	-23.243217	2.025660	
-15.375415	-24.787749	20.258398	-23.364418	-6.921873	5.092210	-1.842816	6.774427	18.272760	22.988060	3.844792	-22.238119	12.346929	-15.956667	24.917508	-24.681255	-12.509997	-18.058853	-15.432303	-0.330280	-9.247950	10.089591	-17.493369	-5.058270	-20.718975	24.139635	-6.260849	-18.699533	13.357880	14.189019	18.185985	-14.921750	22.214739	-24.177400	7.283188	-6.290272	-2.255485	-20.000688	16.139802	12.478607	-3.806645	7.960540	-13.781814	16.400463	20.100376	22.237539	19.653317	-11.562702	-14.042349	-4.690949	
-12.432359	0.280260	-4.305849	-5.634748	-11.533787	-2.693381	-5.572184	-6.010397	-7.729390	0.828388	-18.756694	-0.067082	16.962180	-20.215831	12.571153	16.676306	-15.688053	4.305682	14.127735	-3.961290	-1.266314	20.061834	22.369018	-1.665695	-2.340619	-17.252612	1.974868	-3.384950	-5.804439	5.170201	-2.049552	-21.761099	9.611151	-17.345978	3.133390	-4.663273	10.369029	14.170468	-6.130951	-8.871615	21.420871	4.727851	21.671189	-19.463989	10.346700	-0.498985	6.454848	-3.080781	15.517657	-18.796599	
29.051421	8.306295	-13.518244	-0.731805	20.482070	13.234585	-24.879904	-0.901686	-2.652060	-31.336397	22.846992	8.594409	2.156635	1.773291	-17.295569	12.664718	12.000446	-0.983629	-18.872038	-17.286268	-12.337663	-15.290945	-13.534815	-15.495344	-19.606535	-8.885524	-6.646317	-12.844269	12.073356	12.150858	14.861048	-21.385013	21.073288	10.251932	12.039978	-1.201785	-31.591538	-19.901420	-25.520188	22.172621	22.052330	-29.065210	16.176898	-9.748911	12.608899	1.213625	-7.310826	-21.848551	32.382679	-18.232144	
10.021640	5.265266	12.892384	-3.222371	20.484619	21.088624	-16.256798	14.593771	23.900849	-0.881392	9.027269	-11.172119	-22.709243	-15.857847	-2.910691	-1.906352	4.112551	-15.597994	15.121317	14.770181	-6.867562	-21.441924	-22.736838	23.521547	4.862566	-21.253216	7.703331	9.961313	12.430650	14.033451	17.797034	-16.836906	13.508714	4.443682	6.827471	-17.356109	-6.001504	17.100137	20.323930	-18.497756	22.107643	23.162089	21.195206	-5.639039	-0.557154	-3.687234	0.967227	8.335364	21.907212	-20.469454	
2.641184	-23.251872	-15.903258	0.406348	-4.387025	7.442705	-23.058740	2.086527	18.532462	21.531937	17.958630	-13.785102	10.208078	0.489532	-23.827519	-13.413218	-22.997598	-22.899509	-10.040811	0.466553	20.770444	-8.582162	-1.690696	11.265752	-17.726086	-1.122300	-14.377046	-12.241148	-17.140997	-12.550721	-23.018556	-2.542492	11.643573	5.166577	22.982584	15.237504	-2.279180	23.238508	-0.594175	16.121194	5.358468	12.367078	4.568804	18.774052	-16.005885	22.741569	-9.861312	6.470457	9.443307	-17.183284	
-12.689821	15.492740	11.258687	-6.991665	-19.008623	11.944710	13.515219	-18.797687	13.908476	5.036670	-0.584662	-0.020341	13.613934	-13.018925	15.827619	-6.177982	-5.198769	22.778844	19.840444	-1.439416	-14.952698	-18.607638	20.195523	-16.515667	-17.442555	18.514536	-16.396786	12.594416	11.466524	8.354498	-10.030676	2.173842	-5.992962	13.828059	-3.677517	-3.093197	17.073370	15.498871	-21.606436	19.039103	-14.206450	4.884451	-16.655827	9.900124	8.643681	-21.280881	-22.700669	-21.750014	-11.583752	-18.116140	
-6.110063	-0.629548	16.558973	-16.075564	-22.249642	11.474113	-14.280119	-15.147190	-26.772117	4.662394	2.463833	-27.445877	27.694408	-16.062465	-14.587984	-4.602838	-16.846087	1.386424	-19.957376	-25.225420	25.964840	-11.030964	19.709114	-7.435731	-22.023854	22.182238	-10.545287	-7.137724	2.798114	26.351153	9.965899	5.618265	5.378713	8.539018	11.579026	-11.914898	-26.448675	-25.376437	-6.456543	15.953253	-12.059653	14.225581	-2.111319	24.335338	-25.751024	27.918484	10.790769	-22.091101	-0.259015	9.370381	
0.021641	0.016844	0.009768	0.018327	0.013121	0.028053	0.019105	0.038255	0.016197	0.001306	0.016848	0.026271	0.004487	0.038055	0.032236	0.011009	0.010779	0.032999	0.004888	0.037193	0.012795	0.020854	0.017552	0.037363	0.016654	0.000913	0.033396	0.030275	0.008083	0.035622	0.006761	0.020120	0.008337	0.033593	0.000729	0.030091	0.011073	0.030692	0.033722	0.032290	0.000248	0.032227	0.025528	0.003742	0.037356	0.027845	0.036691	0.000070	0.005696	0.012301	
0.035492	0.028208	0.013840	0.012120	0.039657	0.021472	0.006402	0.037469	0.018499	0.009831	0.025180	0.005256	0.020541	0.018896	0.013606	0.018906	0.013251	0.037305	0.014829	0.021822	0.021503	0.009624	0.006090	0.036518	0.022552	0.021365	0.005456	0.000240	0.037720	0.018515	0.015607	0.015603	0.018884	0.032144	0.000835	0.038501	0.016341	0.022540	0.027652	0.034964	0.016077	0.024978	0.032205	0.006732	0.011194	0.003780	0.027348	0.028257	0.009291	0.024902	
0.006441	0.027926	0.027210	0.017770	0.043781	0.014191	0.012478	0.014177	0.028875	0.041404	0.034873	0.006491	0.000405	0.023449	0.021438	0.042002	0.007095	0.026701	0.007035	0.028382	0.026744	0.003190	0.040118	0.014843	0.035565	0.001717	0.019179	0.005124	0.016418	0.003929	0.000375	0.009611	0.028985	0.005766	0.022032	0.034307	0.018773	0.042609	0.012216	0.021185	0.044040	0.011858	0.021557	0.021581	0.025042	0.016268	0.002236	0.004787	0.042383	0.015440	
0.016203	0.038296	0.013012	0.005003	0.015140	0.003792	0.036274	0.042513	0.043397	0.027390	0.016399	0.027701	0.026101	0.011628	0.040267	0.022039	0.019712	0.000412	0.012313	0.021964	0.009728	0.031221	0.036963	0.030862	0.029620	0.003045	0.011469	0.028988	0.009971	0.030415	0.020090	0.028076	0.011147	0.042464	0.003111	0.036552	0.005192	0.003989	0.012118	0.035341	0.039310	0.006076	0.014974	0.010458	0.003395	0.022427	0.008602	0.031412	0.000505	0.002924	
0.015623	0.031840	0.029768	0.026697	0.022279	0.028614	0.038004	0.014636	0.024477	0.034239	0.036194	0.024712	0.037879	0.037061	0.023799	0.018050	0.016553	0.004611	0.002362	0.005505	0.034655	0.023376	0.004289	0.018061	0.000654	0.014811	0.003367	0.012264	0.037939	0.012747	0.005841	0.019153	0.003270	0.032896	0.027797	0.020161	0.003999	0.032989	0.003858	0.007844	0.015414	0.011916	0.036901	0.009638	0.022543	0.038394	0.028938	0.038413	0.002544	0.002420	
0.031245	0.002780	0.003383	0.036085	0.013176	0.009076	0.011743	0.000601	0.025296	0.020033	0.005370	0.040391	0.011531	0.005274	0.013868	0.015934	0.006381	0.028965	0.034104	0.007363	0.012175	0.024246	0.002023	0.005431	0.024763	0.029312	0.028831	0.029188	0.030279	0.040030	0.016324	0.028269	0.032197	0.026548	0.008861	0.003962	0.034404	0.022866	0.034960	0.036000	0.006271	0.027637	0.017649	0.013488	0.039728	0.030257	0.007715	0.038910	0.023530	0.001549	
0.004345	0.025937	0.023029	0.007166	0.009232	0.010486	0.006340	0.002294	0.034899	0.011404	0.000641	0.033703	0.028893	0.001061	0.034424	0.010029	0.013067	0.023020	0.029638	0.027142	0.030746	0.036839	0.001686	0.021478	0.015619	0.014311	0.010822	0.029195	0.015394	0.013780	0.020727	0.027973	0.025581	0.025934	0.023840	0.030100	0.020956	0.029021	0.013824	0.034827	0.031715	0.034243	0.029510	0.006254	0.012760	0.036145	0.012164	0.006854	0.015430	0.035523	
0.032039	0.026310	0.028832	0.005809	0.031280	0.014383	0.020877	0.033492	0.008242	0.000405	0.028054	0.009736	0.005582	0.018953	0.005378	0.030578	0.015500	0.022543	0.016834	0.013058	0.004262	0.024826	0.034201	0.019135	0.004102	0.012039	0.025284	0.024663	0.033125	0.035399	0.016166	0.020277	0.020828	0.032839	0.024585	0.028985	0.027743	0.004828	0.028374	0.023478	0.010061	0.030639	0.006818	0.035017	0.012870	0.005259	0.005485	0.032298	0.032135	0.016396	
0.018138	0.031125	0.034962	0.009464	0.035041	0.024497	0.001668	0.010152	0.003060	0.041448	0.018982	0.002488	0.005693	0.037488	0.041437	0.031597	0.001149	0.042176	0.023442	0.014776	0.000970	0.028839	0.005147	0.009292	0.016026	0.005551	0.000896	0.001858	0.027019	0.023406	0.040637	0.003390	0.037729	0.026389	0.042756	0.000166	0.003618	0.040655	0.025732	0.025316	0.033835	0.026582	0.009662	0.038976	0.039033	0.016322	0.020453	0.009206	0.008467	0.003289	
0.004127	0.025870	0.019872	0.016770	0.018642	0.032731	0.035019	0.001947	0.019555	0.021309	0.019648	0.026687	0.027100	0.026210	0.026406	0.027828	0.008900	0.025089	0.034889	0.010463	0.021776	0.027784	0.029131	0.041498	0.031308	0.021094	0.000764	0.028527	0.008781	0.001479	0.033788	0.037480	0.001448	0.014700	0.004046	0.001380	0.039233	0.012558	0.008993	0.029897	0.027284	0.015577	0.034465	0.022589	0.010647	0.022674	0.019834	0.007157	0.000503	0.014546	
0.037586	0.036713	0.029686	0.014763	0.036613	0.004187	0.023041	0.022461	0.027232	0.012436	0.022130	0.020601	0.006004	0.016173	0.033663	0.018729	0.015637	0.012488	0.037029	0.028417	0.002387	0.035121	0.037580	0.036982	0.004479	0.026767	0.015181	0.035691	0.017914	0.019404	0.009163	0.028577	0.021377	0.010402	0.021699	0.002579	0.002031	0.025371	0.037519	0.010439	0.035154	0.003627	0.033471	0.009384	0.012711	0.002828	0.024989	0.003312	0.011022	0.007249	
0.013847	0.002607	0.033915	0.039528	0.020616	0.016279	0.038357	0.011390	0.001960	0.003383	0.018406	0.009814	0.000410	0.002340	0.041918	0.023813	0.026845	0.006555	0.036180	0.041119	0.040341	0.031590	0.029737	0.013326	0.002540	0.025653	0.028123	0.025481	0.009438	0.032759	0.018758	0.034991	0.030645	0.013071	0.010791	0.013074	0.029541	0.040858	0.040122	0.013435	0.008794	0.012118	0.004489	0.027140	0.029109	0.013815	0.016434	0.003711	0.002363	0.008472	
0.009309	0.009578	0.007569	0.029329	0.021268	0.019197	0.022136	0.015314	0.035342	0.015761	0.019777	0.028615	0.021231	0.034808	0.018530	0.026336	0.013170	0.011286	0.025832	0.026336	0.006313	0.035913	0.021918	0.019810	0.008198	0.002888	0.031030	0.012877	0.022235	0.011123	0.013746	0.006147	0.016668	0.023584	0.033007	0.034435	0.032477	0.030544	0.002442	0.035096	0.015137	0.009030	0.030862	0.031557	0.029076	0.016333	0.010144	0.027386	0.016680	0.002618	
0.021361	0.032446	0.033035	0.026397	0.003521	0.036952	0.023073	0.036587	0.019321	0.017966	0.015058	0.004889	0.003794	0.002840	0.008614	0.029826	0.017033	0.007521	0.033039	0.033445	0.006803	0.034095	0.015332	0.027390	0.027580	0.020460	0.003918	0.002836	0.017526	0.010670	0.015873	0.030552	0.008653	0.030097	0.026476	0.037388	0.031693	0.029660	0.009290	0.002455	0.023707	0.004393	0.006083	0.010424	0.026497	0.018440	0.028592	0.033094	0.026662	0.026642	
0.000844	0.027251	0.021454	0.005171	0.035759	0.009565	0.019251	0.021573	0.024503	0.008617	0.008811	0.014654	0.015789	0.028798	0.019776	0.012333	0.034602	0.019893	0.041699	0.021591	0.000074	0.022369	0.006621	0.008515	0.024107	0.042521	0.006055	0.002870	0.024874	0.016091	0.023169	0.017054	0.022066	0.042687	0.011135	0.041900	0.033061	0.033760	0.015450	0.003571	0.026596	0.001777	0.029465	0.039613	0.006539	0.008210	0.013726	0.036960	0.020722	0.026507	
0.024126	0.003507	0.033812	0.006380	0.034296	0.009835	0.035589	0.012950	0.039309	0.014112	0.032962	0.005475	0.013048	0.019977	0.040982	0.014056	0.030234	0.017317	0.010141	0.008143	0.038986	0.039993	0.016538	0.037304	0.038523	0.026323	0.019081	0.003908	0.032505	0.005850	0.020116	0.024969	0.040832	0.017150	0.004847	0.008147	0.009370	0.031863	0.010313	0.013305	0.021488	0.016215	0.031653	0.000919	0.019863	0.038639	0.003573	0.020803	0.000318	0.000350	
0.020126	0.007583	0.032752	0.000461	0.030884	0.009575	0.034167	0.002584	0.035595	0.027842	0.005267	0.035950	0.036966	0.037637	0.012228	0.013934	0.025305	0.028767	0.023485	0.010003	0.028461	0.026193	0.000712	0.008230	0.033038	0.023919	0.027666	0.033976	0.001522	0.023462	0.014329	0.026524	0.012225	0.017554	0.039160	0.016876	0.014820	0.011442	0.002440	0.035639	0.015399	0.005325	0.015367	0.032820	0.023273	0.020874	0.007379	0.018797	0.018571	0.012895	
0.020692	0.002036	0.011261	0.035839	0.020910	0.019830	0.011375	0.032740	0.009381	0.014580	0.034392	0.014856	0.014122	0.036505	0.015980	0.021164	0.017943	0.011485	0.039213	0.039714	0.012629	0.017587	0.012944	0.018331	0.021876	0.034380	0.041197	0.009406	0.026064	0.005272	0.020169	0.023233	0.009185	0.039593	0.032214	0.024060	0.005418	0.009162	0.019243	0.004670	0.031818	0.009768	0.027055	0.018692	0.039763	0.011472	0.000824	0.024503	0.004222	0.021233	
0.024722	0.025787	0.028936	0.028604	0.030605	0.009186	0.015415	0.001953	0.027980	0.029954	0.015051	0.031715	0.024254	0.025561	0.023890	0.037954	0.022515	0.010817	0.015051	0.020024	0.003366	0.002202	0.038235	0.031682	0.019591	0.013281	0.022062	0.023323	0.031810	0.021977	0.019487	0.020726	0.004379	0.003332	0.006591	0.017066	0.030862	0.020080	0.024331	0.019987	0.006764	0.019234	0.000626	0.028332	0.015890	0.018884	0.031026	0.034235	0.018906	0.001757	
0.009717	0.018929	0.016214	0.024450	0.003536	0.019339	0.038817	0.016099	0.017826	0.023226	0.040343	0.041656	0.034920	0.038554	0.037776	0.011785	0.006643	0.004316	0.000695	0.035370	0.005548	0.034966	0.008122	0.028792	0.000880	0.022032	0.021292	0.007625	0.016104	0.008207	0.021413	0.023856	0.024610	0.003778	0.016580	0.027297	0.018452	0.022509	0.044971	0.007949	0.004720	0.026067	0.017295	0.023862	0.021964	0.020803	0.037961	0.011165	0.014340	0.016631	
0.031168	0.028802	0.016685	0.007129	0.032008	0.032575	0.014733	0.010165	0.022216	0.039452	0.005584	0.004496	0.009766	0.002388	0.037770	0.021464	0.006139	0.000550	0.014462	0.037138	0.026257	0.038581	0.018632	0.015436	0.000603	0.003305	0.020816	0.037172	0.036597	0.004872	0.014848	0.035924	0.015028	0.032804	0.031376	0.037881	0.019665	0.034317	0.005151	0.037164	0.002081	0.012878	0.029862	0.011201	0.021664	0.017550	0.035980	0.008092	0.003500	0.016073	
0.016416	0.023658	0.012806	0.020798	0.022972	0.010309	0.032453	0.015965	0.031246	0.022493	0.008527	0.014690	0.001972	0.017903	0.028810	0.018834	0.012688	0.024109	0.010118	0.028410	0.012851	0.026072	0.025483	0.009280	0.014575	0.025600	0.014690	0.014731	0.030189	0.007398	0.019030	0.031248	0.032933	0.002676	0.011537	0.029544	0.028113	0.030812	0.031364	0.030902	0.030735	0.031561	0.003948	0.029454	0.008400	0.032445	0.025107	0.010323	0.000865	0.022956	
0.026456	0.030996	0.010793	0.013130	0.013961	0.029433	0.007578	0.034989	0.028910	0.004143	0.028089	0.009687	0.029920	0.010702	0.022050	0.024261	0.021749	0.038264	0.029120	0.021080	0.010172	0.017338	0.012255	0.035681	0.014964	0.033558	0.019593	0.020266	0.024357	0.002805	0.026004	0.003540	0.005886	0.015225	0.003055	0.032405	0.024533	0.011873	0.013077	0.031123	0.006175	0.035445	0.006972	0.031830	0.022865	0.002448	0.039125	0.036944	0.008503	0.016673	
0.035689	0.020695	0.029780	0.034847	0.031184	0.024685	0.038554	0.031434	0.001547	0.039997	0.036772	0.036517	0.002498	0.027756	0.008335	0.007886	0.002782	0.019861	0.024768	0.008929	0.016229	0.024297	0.039158	0.009497	0.013625	0.019175	0.025186	0.032371	0.009867	0.029355	0.000916	0.007436	0.011287	0.026698	0.039194	0.023685	0.008478	0.023383	0.004897	0.008281	0.000540	0.008516	0.029216	0.018545	0.009122	0.020772	0.028189	0.012914	0.011658	0.022992	
0.002941	0.004290	0.008951	0.019140	0.003122	0.020696	0.024851	0.032112	0.035890	0.018338	0.031863	0.012035	0.011405	0.024066	0.034800	0.025791	0.034641	0.003333	0.030447	0.026212	0.004962	0.035347	0.019208	0.015676	0.033275	0.027995	0.006622	0.002712	0.000741	0.018412	0.030601	0.031331	0.008022	0.004870	0.025610	0.023890	0.019969	0.020695	0.027649	0.025740	0.012290	0.027306	0.002259	0.021973	0.008255	0.032284	0.013170	0.029592	0.031290	0.033328	
0.022352	0.006973	0.011253	0.025286	0.023798	0.023890	0.011645	0.020138	0.029491	0.011303	0.030440	0.007018	0.001019	0.033130	0.024555	0.020358	0.019955	0.013050	0.008136	0.008600	0.017059	0.024525	0.017981	0.033276	0.020982	0.021008	0.017631	0.023000	0.032483	0.005740	0.031385	0.017166	0.010997	0.020476	0.013241	0.031421	0.001457	0.032297	0.022845	0.016778	0.031168	0.024650	0.018126	0.013912	0.030509	0.017852	0.029932	0.015483	0.030555	0.023674	
0.007224	0.011833	0.003430	0.030863	0.004652	0.030257	0.016560	0.006363	0.024090	0.024792	0.020598	0.010223	0.020542	0.016555	0.030210	0.036103	0.016932	0.005120	0.018887	0.002214	0.032946	0.024199	0.019394	0.020586	0.025029	0.030000	0.039916	0.041170	0.013666	0.016801	0.029953	0.012175	0.035741	0.002534	0.039539	0.013574	0.008853	0.026139	0.002259	0.006181	0.025065	0.008194	0.031595	0.021905	0.008720	0.032504	0.009666	0.027989	0.034806	0.021454	
0.029803	0.016819	0.020755	0.028313	0.011160	0.034492	0.022448	0.027153	0.033818	0.015636	0.030530	0.017299	0.005126	0.032646	0.005233	0.004861	0.003692	0.000123	0.009928	0.023757	0.032354	0.018080	0.014766	0.030701	0.000094	0.034706	0.036481	0.016770	0.010698	0.017446	0.034231	0.021085	0.030471	0.013387	0.015369	0.017092	0.032739	0.033988	0.037835	0.022601	0.014411	0.011916	0.026205	0.005807	0.019168	0.036134	0.000023	0.011936	0.028290	0.001622	
0.031791	0.007135	0.029292	0.022026	0.020117	0.027934	0.018346	0.010013	0.025396	0.034448	0.014349	0.005594	0.010997	0.021625	0.017735	0.026117	0.033922	0.023483	0.002327	0.004448	0.020631	0.019484	0.002943	0.034715	0.031177	0.005449	0.001550	0.021888	0.018448	0.032390	0.013190	0.013087	0.018596	0.014157	0.020881	0.021592	0.026510	0.032947	0.003775	0.023453	0.033778	0.029510	0.015240	0.014438	0.023360	0.035865	0.018378	0.021467	0.028852	0.015156	
0.024003	0.004315	0.035641	0.024579	0.008580	0.004443	0.014265	0.038037	0.029609	0.025273	0.038933	0.001157	0.022439	0.005883	0.025179	0.029041	0.034485	0.024476	0.022722	0.005521	0.000225	0.030102	0.020359	0.033967	0.038785	0.003286	0.029516	0.011551	0.019104	0.006034	0.024931	0.008847	0.015198	0.018399	0.033527	0.033570	0.004371	0.024117	0.030633	0.000451	0.008433	0.003766	0.020640	0.023262	0.004206	0.024977	0.038671	0.020342	0.031275	0.018872	
0.029484	0.019516	0.027119	0.003846	0.035605	0.003981	0.019556	0.019400	0.031674	0.009735	0.006996	0.022675	0.042981	0.016070	0.017226	0.022281	0.038221	0.042398	0.043602	0.020447	0.039271	0.001008	0.007034	0.011095	0.030428	0.011681	0.012321	0.023547	0.018981	0.005922	0.021689	0.018074	0.001586	0.012486	0.020585	0.031380	0.043876	0.024350	0.003944	0.008391	0.006085	0.005848	0.011629	0.029963	0.040024	0.004240	0.003783	0.008383	0.042471	0.027112	
0.008731	0.022382	0.019700	0.037467	0.005724	0.028033	0.015223	0.014266	0.031870	0.018694	0.011376	0.030896	0.031934	0.000699	0.035258	0.027419	0.034257	0.026456	0.013292	0.031904	0.014840	0.033476	0.015168	0.022775	0.039203	0.005842	0.000865	0.029616	0.017634	0.007522	0.026424	0.001332	0.031212	0.014630	0.036923	0.021457	0.024303	0.032290	0.007331	0.007182	0.005113	0.024112	0.002573	0.012025	0.019898	0.037012	0.006667	0.019492	0.003080	0.034423	
0.018716	0.029285	0.000007	0.028032	0.019263	0.012681	0.001989	0.016434	0.033099	0.029555	0.032834	0.003633	0.007366	0.031221	0.036056	0.031762	0.028731	0.004317	0.012111	0.031547	0.033529	0.003161	0.005443	0.013746	0.018855	0.015288	0.004907	0.029379	0.035618	0.014512	0.033803	0.002592	0.009176	0.031614	0.016524	0.004905	0.036930	0.036737	0.033456	0.012406	0.034069	0.006896	0.022956	0.033557	0.012520	0.010522	0.013911	0.006201	0.022769	0.035380	
0.020531	0.004098	0.020266	0.024515	0.016156	0.004696	0.033037	0.020522	0.019151	0.008252	0.004722	0.038113	0.039838	0.036337	0.023098	0.038519	0.013290	0.005003	0.020394	0.011256	0.000512	0.022842	0.019336	0.016720	0.005228	0.004710	0.012535	0.003300	0.036698	0.008304	0.016687	0.036258	0.017168	0.037750	0.035268	0.027575	0.036215	0.035029	0.019505	0.003307	0.001207	0.036450	0.040173	0.033931	0.010738	0.036065	0.020526	0.003323	0.016370	0.004476	
0.007972	0.006050	0.041641	0.001716	0.018799	0.007535	0.005064	0.019408	0.036568	0.023904	0.010460	0.021730	0.036681	0.034963	0.034193	0.006021	0.037496	0.022660	0.027446	0.016328	0.036550	0.003325	0.021336	0.022877	0.034620	0.035385	0.001915	0.014172	0.041516	0.017795	0.040337	0.021816	0.004074	0.003126	0.002665	0.017883	0.004876	0.025790	0.000534	0.009059	0.023009	0.022657	0.040828	0.016214	0.035219	0.013822	0.014418	0.030601	0.013058	0.013888	
0.003581	0.034952	0.013081	0.026753	0.034014	0.022455	0.015905	0.030724	0.029516	0.014323	0.026812	0.015050	0.032460	0.013779	0.024506	0.007885	0.024516	0.021596	0.014120	0.033532	0.034348	0.006391	0.005510	0.017696	0.023935	0.002021	0.004432	0.020912	0.000272	0.008663	0.030978	0.014419	0.012035	0.036324	0.024862	0.019209	0.017798	0.029570	0.029500	0.025784	0.007127	0.006335	0.025956	0.029372	0.013793	0.021611	0.034039	0.027404	0.023654	0.006491	
0.002093	0.001872	0.035841	0.038018	0.027761	0.008655	0.002436	0.010599	0.039429	0.042314	0.012232	0.038601	0.002540	0.003437	0.028285	0.001956	0.042692	0.013016	0.001330	0.016891	0.025058	0.043664	0.014682	0.004378	0.001600	0.033092	0.033604	0.001156	0.011814	0.039036	0.017881	0.001924	0.031849	0.005352	0.010363	0.019462	0.018048	0.033183	0.025424	0.029191	0.025577	0.036329	0.031879	0.007548	0.016899	0.001915	0.020827	0.011193	0.034277	0.042799	
0.038802	0.034957	0.023669	0.003419	0.001282	0.037236	0.038131	0.000520	0.017969	0.002649	0.008439	0.004642	0.035276	0.043197	0.001534	0.020134	0.029157	0.029868	0.002227	0.015000	0.022208	0.008792	0.004309	0.027532	0.010379	0.018051	0.024491	0.015695	0.005669	0.023277	0.020658	0.017660	0.034485	0.018847	0.042310	0.018509	0.010239	0.037650	0.034870	0.011725	0.029460	0.007109	0.016908	0.021554	0.036396	0.032957	0.022808	0.019231	0.010229	0.007885	
0.036000	0.022253	0.015628	0.005608	0.014345	0.024526	0.033518	0.034791	0.029366	0.025396	0.005675	0.039412	0.009937	0.002155	0.021186	0.014109	0.004146	0.038439	0.005200	0.011589	0.028191	0.041543	0.034386	0.015287	0.011380	0.038119	0.018039	0.033835	0.016723	0.024571	0.006934	0.041092	0.003861	0.024233	0.004739	0.002965	0.028100	0.012131	0.041863	0.013094	0.015356	0.036476	0.005741	0.004682	0.036117	0.002679	0.003855	0.026739	0.015452	0.018541	
0.037975	0.005190	0.032461	0.029576	0.037999	0.001500	0.022496	0.002524	0.014404	0.007629	0.005455	0.019955	0.007818	0.019827	0.027883	0.012840	0.036349	0.013262	0.034314	0.002111	0.034593	0.007150	0.002906	0.027093	0.029819	0.037547	0.005179	0.009070	0.022978	0.011842	0.001658	0.013845	0.018253	0.030540	0.005053	0.000127	0.021442	0.035213	0.030925	0.022314	0.034520	0.032093	0.012427	0.023150	0.038618	0.037571	0.036636	0.009743	0.018704	0.017425	
0.013775	0.016605	0.023286	0.002482	0.003851	0.002149	0.030752	0.015616	0.032127	0.032223	0.007379	0.014268	0.037639	0.027748	0.038054	0.012427	0.009460	0.029479	0.017236	0.005915	0.026013	0.033490	0.030648	0.022197	0.011344	0.015438	0.017263	0.017004	0.033161	0.002889	0.025878	0.011976	0.034372	0.030288	0.027955	0.040938	0.020564	0.003228	0.007370	0.004823	0.000879	0.037622	0.032648	0.021552	0.017579	0.023659	0.042123	0.002384	0.006858	0.025390	
0.010634	0.005174	0.020448	0.034419	0.024081	0.025647	0.013495	0.032382	0.005887	0.011416	0.035283	0.028648	0.042982	0.020863	0.001251	0.002505	0.032999	0.020007	0.023399	0.019645	0.004320	0.017428	0.003705	0.038401	0.040181	0.030275	0.031025	0.017879	0.012812	0.023338	0.014015	0.000732	0.009489	0.001138	0.013007	0.040611	0.030126	0.021747	0.033241	0.015732	0.023819	0.025887	0.014766	0.003112	0.028745	0.015412	0.024934	0.027497	0.012775	0.012687	
0.018590	0.004250	0.005659	0.023378	0.032966	0.028557	0.023484	0.018220	0.024500	0.002419	0.018677	0.031088	0.027570	0.032748	0.001526	0.016254	0.030527	0.023564	0.010018	0.022403	0.017097	0.031541	0.015133	0.030370	0.021968	0.019843	0.024207	0.014517	0.029188	0.017670	0.011283	0.015887	0.026386	0.005290	0.028277	0.012351	0.006800	0.024155	0.015148	0.026109	0.030441	0.005491	0.030616	0.012963	0.020248	0.020222	0.009368	0.020063	0.030997	0.029972	
0.042431	0.005430	0.015073	0.043979	0.017953	0.024104	0.016011	0.037608	0.007756	0.021171	0.006380	0.003396	0.005367	0.013686	0.029854	0.004782	0.034942	0.012288	0.042937	0.039387	0.002643	0.039313	0.043390	0.015973	0.008499	0.014329	0.021242	0.040029	0.007646	0.024103	0.011529	0.003893	0.027867	0.017646	0.010096	0.040889	0.008394	0.010097	0.021519	0.000669	0.019909	0.038203	0.008770	0.011354	0.017269	0.032686	0.005023	0.031410	0.012653	0.028420	
0.035068	0.038168	0.001909	0.005897	0.011706	0.040920	0.021167	0.001664	0.039251	0.009003	0.011606	0.003121	0.024529	0.020149	0.001284	0.039831	0.016685	0.021368	0.027408	0.025444	0.016861	0.030252	0.028633	0.032658	0.021878	0.024020	0.037335	0.003938	0.016845	0.036380	0.012197	0.003584	0.020361	0.019223	0.025856	0.016009	0.006011	0.020139	0.037140	0.036814	0.008420	0.023157	0.010924	0.014016	0.000489	0.005245	0.026322	0.041506	0.026301	0.001309	
0.032590	0.018659	0.014951	0.027697	0.022213	0.034530	0.037634	0.019441	0.018755	0.002769	0.025407	0.010393	0.010758	0.008812	0.015423	0.017195	0.008766	0.028986	0.021392	0.014673	0.008193	0.038609	0.023126	0.018460	0.029583	0.034389	0.026824	0.024707	0.025545	0.013987	0.030131	0.009121	0.027978	0.026644	0.027769	0.032531	0.024992	0.022675	0.004934	0.030295	0.002477	0.006238	0.002644	0.014668	0.021086	0.008164	0.002695	0.027069	0.006818	0.036601	
0.008910	0.030805	0.023926	0.029752	0.034374	0.019742	0.020179	0.033211	0.034764	0.022235	0.023653	0.023263	0.008042	0.008687	0.014852	0.024697	0.030580	0.023960	0.028342	0.014344	0.021714	0.007262	0.007798	0.007216	0.020337	0.007256	0.005822	0.033219	0.006971	0.016750	0.016184	0.031261	0.006577	0.005425	0.023381	0.003291	0.020576	0.002433	0.033772	0.028896	0.033297	0.027763	0.033328	0.020880	0.008081	0.020189	0.029150	0.006081	0.026258	0.030514	
0.008510	0.025235	0.042849	0.034817	0.033215	0.009789	0.008733	0.008276	0.004717	0.027188	0.008179	0.002783	0.008915	0.019049	0.033631	0.001528	0.013636	0.008926	0.004331	0.037659	0.028399	0.045778	0.017943	0.011299	0.043859	0.001866	0.003939	0.009709	0.031184	0.018344	0.012203	0.022014	0.044458	0.015235	0.038145	0.008048	0.004609	0.007258	0.000236	0.004043	0.045281	0.044517	0.043005	0.023558	0.015557	0.022264	0.011082	0.045691	0.033334	0.005179	
0.031758	0.030866	0.008857	0.014965	0.023792	0.012782	0.007977	0.027631	0.020190	0.012856	0.008149	0.031288	0.033228	0.012112	0.009017	0.035551	0.036650	0.020741	0.004428	0.021766	0.009721	0.009530	0.037063	0.029578	0.007453	0.018919	0.021817	0.017379	0.022284	0.027583	0.000293	0.035760	0.000391	0.013667	0.019145	0.012376	0.038245	0.018074	0.022239	0.029011	0.023118	0.019781	0.020270	0.036828	0.030246	0.003783	0.024269	0.002047	0.028729	0.015799	
0.034368	0.000206	0.023476	0.040598	0.003309	0.001923	0.026430	0.016794	0.026998	0.003616	0.039076	0.003250	0.007369	0.034751	0.018184	0.002175	0.017815	0.007481	0.006507	0.005530	0.002700	0.017854	0.014328	0.017580	0.010996	0.036767	0.039171	0.033164	0.036993	0.017123	0.026767	0.030288	0.037486	0.036968	0.007902	0.000235	0.028269	0.000788	0.033160	0.004661	0.034854	0.024608	0.038517	0.014876	0.041497	0.028131	0.018420	0.009607	0.013245	0.023185	
0.009945	0.038739	0.018995	0.018804	0.035374	0.004608	0.024053	0.008459	0.036788	0.027645	0.027776	0.030841	0.014493	0.004531	0.015869	0.000356	0.030294	0.035426	0.012109	0.016589	0.011600	0.017484	0.033183	0.032183	0.033468	0.005166	0.004400	0.011072	0.001152	0.038836	0.034563	0.024225	0.013731	0.014467	0.013282	0.014328	0.020076	0.026416	0.019163	0.021835	0.011449	0.039251	0.034045	0.008637	0.028476	0.031507	0.016820	0.023343	0.003436	0.000708	
0.003852	0.024842	0.025741	0.031922	0.021199	0.025196	0.006821	0.035318	0.024135	0.033635	0.015759	0.035961	0.017104	0.005788	0.015510	0.019950	0.033126	0.023129	0.040288	0.010043	0.004599	0.000013	0.000922	0.005728	0.024549	0.009808	0.019973	0.024197	0.012451	0.021427	0.028661	0.040762	0.029918	0.019701	0.033216	0.018107	0.007365	0.027854	0.002180	0.022074	0.012544	0.005100	0.005494	0.025571	0.013851	0.012277	0.032288	0.037244	0.020939	0.031868	
0.002465	0.005635	0.012213	0.026398	0.001531	0.011959	0.023147	0.032410	0.017364	0.001820	0.031610	0.000531	0.005838	0.025123	0.029649	0.024625	0.022937	0.013233	0.013784	0.005317	0.014665	0.002247	0.027782	0.033931	0.026312	0.012395	0.045451	0.030600	0.002251	0.007987	0.014241	0.017779	0.039264	0.003037	0.012263	0.017855	0.029396	0.014251	0.017344	0.007385	0.022913	0.036731	0.037611	0.020340	0.044601	0.040587	0.021520	0.043596	0.010145	0.037933	
0.013118	0.002518	0.024539	0.016377	0.034380	0.020581	0.015688	0.037012	0.027075	0.017022	0.012822	0.015013	0.006476	0.009132	0.006940	0.017674	0.032339	0.013426	0.012312	0.036624	0.008973	0.022519	0.029901	0.006388	0.040159	0.031891	0.021013	0.002753	0.018845	0.005004	0.010862	0.004442	0.001589	0.019757	0.032109	0.000167	0.006122	0.041357	0.029149	0.009862	0.040629	0.034712	0.043040	0.007065	0.004885	0.024507	0.035001	0.021989	0.030977	0.043267	
0.016496	0.024866	0.019632	0.011879	0.034678	0.003558	0.035935	0.004873	0.014864	0.011094	0.025030	0.034937	0.027500	0.025194	0.029254	0.006328	0.034565	0.013566	0.032980	0.007865	0.010755	0.022483	0.014679	0.031079	0.013669	0.012231	0.019771	0.025162	0.001343	0.007019	0.001108	0.015154	0.036311	0.034505	0.003577	0.034173	0.025348	0.020462	0.011531	0.015232	0.024365	0.037398	0.037733	0.023413	0.034254	0.004886	0.001187	0.005274	0.036205	0.024599	
0.014754	0.000142	0.042642	0.008262	0.023904	0.041621	0.013644	0.040548	0.028343	0.010712	0.013435	0.014260	0.010506	0.014843	0.000474	0.013538	0.007897	0.006022	0.028058	0.026853	0.003618	0.039817	0.019748	0.028610	0.007632	0.043329	0.027088	0.013479	0.042195	0.003978	0.034716	0.039985	0.039117	0.039594	0.002228	0.004947	0.024922	0.028199	0.005956	0.001181	0.018143	0.004300	0.018956	0.037492	0.001644	0.032526	0.031963	0.015829	0.024037	0.004310	
0.005931	0.033414	0.023598	0.014608	0.035259	0.004679	0.016932	0.005455	0.005080	0.000800	0.024632	0.031548	0.013815	0.027939	0.005660	0.036036	0.029544	0.019887	0.029753	0.029146	0.012015	0.029746	0.000963	0.024021	0.021190	0.012124	0.022606	0.029253	0.027993	0.030289	0.018554	0.026562	0.013583	0.020004	0.012609	0.021886	0.031643	0.007492	0.017264	0.012680	0.019596	0.017062	0.033734	0.031380	0.007674	0.012239	0.021880	0.032315	0.012353	0.025570	
0.001173	0.031677	0.018375	0.019167	0.026210	0.004444	0.030321	0.001894	0.039276	0.035574	0.038664	0.014611	0.006864	0.009496	0.027507	0.025805	0.035668	0.030237	0.017277	0.027403	0.036364	0.013013	0.011125	0.017618	0.030706	0.017965	0.001443	0.029817	0.023000	0.026402	0.028522	0.014187	0.000295	0.007262	0.022101	0.007950	0.003889	0.037290	0.012329	0.027453	0.030755	0.005169	0.009179	0.021799	0.030268	0.020469	0.020668	0.012007	0.008297	0.031014	
0.043377	0.002516	0.000006	0.006886	0.015869	0.041107	0.005253	0.042113	0.007037	0.027412	0.016939	0.036142	0.006606	0.006991	0.030241	0.040276	0.022673	0.014195	0.002725	0.033492	0.023175	0.027250	0.001281	0.019748	0.017879	0.011820	0.026234	0.010979	0.018673	0.007111	0.039355	0.016437	0.011070	0.012444	0.016617	0.039388	0.018717	0.010318	0.008533	0.037995	0.023796	0.010418	0.037458	0.027467	0.020424	0.016613	0.030122	0.027881	0.011316	0.017622	
0.015788	0.019374	0.034630	0.008518	0.032894	0.022561	0.031398	0.024347	0.036435	0.026051	0.023053	0.007976	0.036276	0.005430	0.030111	0.018741	0.014226	0.021949	0.020278	0.018196	0.011690	0.003033	0.028399	0.027645	0.036791	0.032746	0.020766	0.009370	0.036747	0.018289	0.035016	0.010145	0.033014	0.030966	0.028436	0.021186	0.010406	0.026319	0.000271	0.010021	0.002438	0.006898	0.007230	0.000068	0.008284	0.011517	0.027336	0.026653	0.015617	0.014472	
0.003521	0.036043	0.014051	0.032337	0.036143	0.002022	0.008230	0.017497	0.008303	0.006653	0.027464	0.033093	0.011180	0.023107	0.025205	0.021578	0.029644	0.015595	0.006302	0.028781	0.002487	0.002466	0.034771	0.022019	0.018876	0.035718	0.007404	0.022027	0.020615	0.020828	0.030353	0.037475	0.019399	0.025493	0.027006	0.016430	0.033469	0.033467	0.010876	0.016993	0.009659	0.029614	0.007663	0.032080	0.035451	0.025419	0.012051	0.011722	0.008332	0.003089	
0.011833	0.007389	0.011948	0.014968	0.013337	0.001522	0.017613	0.046388	0.021459	0.018447	0.008994	0.003885	0.030561	0.006147	0.030816	0.024128	0.009990	0.027765	0.039140	0.019685	0.046950	0.024208	0.021906	0.001700	0.012324	0.039158	0.039884	0.023106	0.019847	0.035407	0.000702	0.020748	0.002277	0.009410	0.036305	0.030890	0.011513	0.005437	0.014682	0.026259	0.046492	0.026548	0.014979	0.037300	0.026656	0.000889	0.001651	0.006005	0.024682	0.026073	
0.030989	0.034931	0.038254	0.038620	0.019414	0.013436	0.038552	0.001607	0.008425	0.023719	0.014991	0.018231	0.013948	0.011510	0.002957	0.024090	0.005993	0.011150	0.029223	0.014842	0.010569	0.034192	0.018506	0.035971	0.022125	0.036518	0.025106	0.004141	0.025815	0.006201	0.038735	0.016607	0.017163	0.003021	0.013324	0.022289	0.017837	0.032240	0.013364	0.019920	0.022937	0.005078	0.010223	0.024099	0.028923	0.010812	0.012391	0.020575	0.018710	0.037730	
0.000894	0.029183	0.025456	0.010546	0.018875	0.006704	0.034266	0.012103	0.002652	0.013970	0.015676	0.039083	0.038541	0.027969	0.012066	0.021345	0.010035	0.034013	0.003957	0.012759	0.037937	0.036827	0.012150	0.006303	0.010226	0.021578	0.030670	0.029369	0.003029	0.010115	0.036515	0.038992	0.000491	0.024696	0.015852	0.011305	0.035502	0.039293	0.026711	0.013838	0.036645	0.037802	0.012029	0.032114	0.007863	0.029051	0.007855	0.009553	0.002919	0.012676	
0.029635	0.016407	0.019383	0.005489	0.012196	0.028902	0.010616	0.024391	0.015218	0.040310	0.005747	0.035143	0.033512	0.025374	0.040549	0.015495	0.001930	0.005689	0.017135	0.000955	0.029561	0.008421	0.043202	0.017652	0.000970	0.001168	0.001420	0.030442	0.015251	0.025769	0.038384	0.029517	0.004622	0.018607	0.014919	0.039140	0.023042	0.033390	0.013218	0.000096	0.021654	0.037687	0.041335	0.004003	0.023596	0.023432	0.008042	0.024792	0.039206	0.003386	
0.011040	0.021375	0.030609	0.002490	0.030247	0.045242	0.006123	0.002663	0.023276	0.032320	0.032498	0.020673	0.012591	0.002734	0.006141	0.038896	0.029133	0.035089	0.034077	0.015133	0.005601	0.004906	0.026354	0.036061	0.007411	0.028404	0.040830	0.019632	0.002989	0.013488	0.001051	0.007026	0.044896	0.001375	0.014920	0.028973	0.036577	0.027878	0.013904	0.027220	0.004757	0.011360	0.044167	0.005209	0.017859	0.020308	0.017107	0.022355	0.013527	0.021504	
0.030372	0.004823	0.017765	0.038658	0.012001	0.015563	0.038017	0.037438	0.016298	0.001992	0.017796	0.010646	0.028556	0.037425	0.020114	0.032381	0.028676	0.007938	0.008980	0.027439	0.023393	0.003126	0.014128	0.009691	0.026803	0.032609	0.036011	0.018950	0.009505	0.019327	0.007973	0.013742	0.040414	0.025064	0.019368	0.024450	0.002943	0.005912	0.014246	0.011136	0.038855	0.010595	0.039085	0.015632	0.009825	0.019616	0.003650	0.030362	0.002716	0.037997	
0.002770	0.040473	0.021473	0.022413	0.038937	0.028581	0.027054	0.007227	0.017221	0.026569	0.021032	0.013775	0.035211	0.013761	0.002112	0.033254	0.023565	0.005491	0.039662	0.035322	0.005818	0.010368	0.005961	0.023641	0.024394	0.029705	0.000126	0.032170	0.028448	0.004870	0.026147	0.002394	0.024500	0.005930	0.004889	0.019211	0.005427	0.012067	0.012955	0.037691	0.008603	0.038109	0.032676	0.006273	0.017010	0.035458	0.025057	0.032292	0.002543	0.029364	
0.036462	0.024689	0.039249	0.014729	0.014947	0.027240	0.011286	0.037599	0.001122	0.014192	0.016674	0.018278	0.033387	0.022527	0.009068	0.022572	0.027433	0.007359	0.021655	0.001784	0.009375	0.001090	0.020113	0.003004	0.010034	0.008596	0.024452	0.009207	0.040082	0.032052	0.004101	0.029119	0.024285	0.003424	0.012542	0.011764	0.020743	0.001541	0.036070	0.006238	0.018070	0.012987	0.040207	0.019117	0.036968	0.035762	0.037410	0.014654	0.040992	0.033751	
0.007644	0.036090	0.021303	0.023906	0.012463	0.024801	0.004128	0.007940	0.037866	0.020833	0.015364	0.024229	0.007190	0.034470	0.009724	0.030996	0.036093	0.017642	0.005772	0.030915	0.032678	0.010108	0.020828	0.012402	0.023139	0.009626	0.008724	0.026838	0.029254	0.001631	0.014019	0.006497	0.036236	0.003575	0.008981	0.028196	0.009190	0.013701	0.017827	0.016216	0.004802	0.037993	0.023521	0.033201	0.023843	0.037866	0.014003	0.035770	0.014170	0.035793	
0.003331	0.026714	0.005483	0.001174	0.002634	0.010168	0.005931	0.029572	0.029289	0.027818	0.032376	0.001908	0.018576	0.021278	0.031735	0.031450	0.010205	0.016010	0.026820	0.011414	0.002103	0.037965	0.030527	0.027707	0.028305	0.009767	0.026905	0.026377	0.028487	0.028029	0.001479	0.004266	0.035734	0.007696	0.005302	0.028520	0.015161	0.034173	0.007513	0.033934	0.022633	0.006534	0.027632	0.025601	0.031504	0.012749	0.029616	0.017097	0.029706	0.033094	
0.032401	0.042104	0.018435	0.019100	0.008160	0.029879	0.007081	0.031322	0.028299	0.015682	0.026339	0.024565	0.032660	0.026347	0.008534	0.001517	0.013897	0.026572	0.004851	0.006379	0.020487	0.016480	0.010987	0.000679	0.020687	0.010299	0.041463	0.009393	0.002911	0.006760	0.012325	0.042907	0.042495	0.016668	0.024863	0.002131	0.036403	0.007431	0.004322	0.003228	0.034329	0.028105	0.008738	0.005511	0.033972	0.034519	0.033943	0.033618	0.041420	0.008804	
0.033901	0.004351	0.004119	0.032685	0.015086	0.012413	0.019483	0.024011	0.008772	0.029037	0.017044	0.028246	0.003666	0.026148	0.016408	0.016978	0.003921	0.015902	0.005676	0.018765	0.009998	0.027540	0.039969	0.027387	0.024419	0.031354	0.001767	0.001401	0.030771	0.010483	0.009473	0.037602	0.010606	0.036889	0.036611	0.034201	0.012267	0.003281	0.034603	0.033451	0.005206	0.040442	0.015997	0.020508	0.031321	0.015848	0.003316	0.008686	0.037998	0.029993	
0.007805	0.012960	0.022117	0.028275	0.007746	0.004294	0.003556	0.007941	0.023965	0.028224	0.011450	0.021793	0.005706	0.035645	0.020765	0.013347	0.037574	0.007154	0.009552	0.034996	0.000816	0.026926	0.006557	0.038232	0.030020	0.005197	0.038265	0.035783	0.027241	0.000505	0.014241	0.033448	0.014041	0.023987	0.021452	0.014501	0.036590	0.031334	0.003455	0.006532	0.025816	0.033630	0.035472	0.017424	0.002357	0.028349	0.031199	0.032349	0.024999	0.014418	
0.014198	0.006137	0.013775	0.024254	0.007812	0.024955	0.017466	0.035306	0.028313	0.033484	0.031947	0.002107	0.034151	0.019253	0.030975	0.016818	0.034002	0.010349	0.014937	0.032787	0.003874	0.003040	0.007180	0.020317	0.009749	0.030162	0.003343	0.006070	0.030100	0.015037	0.010382	0.033802	0.030161	0.026223	0.004927	0.025472	0.029818	0.029539	0.008190	0.002722	0.018192	0.034477	0.034437	0.010281	0.006054	0.030577	0.011327	0.031962	0.030923	0.028635	
0.000231	0.029757	0.001636	0.018228	0.013584	0.026636	0.001850	0.015756	0.036285	0.023429	0.031832	0.028116	0.036305	0.034932	0.003962	0.037837	0.004350	0.028098	0.012473	0.010994	0.037472	0.034972	0.000828	0.036236	0.008830	0.033375	0.010319	0.004159	0.019685	0.023442	0.040283	0.005929	0.004686	0.034254	0.034320	0.003503	0.025171	0.023799	0.018708	0.006642	0.032630	0.030798	0.003832	0.028892	0.029551	0.011346	0.028496	0.014187	0.013744	0.003620	
0.018653	0.013260	0.022893	0.010105	0.035579	0.002773	0.036453	0.035425	0.011891	0.016782	0.017246	0.026578	0.032114	0.012401	0.020751	0.021279	0.013917	0.003920	0.035903	0.009875	0.033006	0.016372	0.024009	0.018379	0.000638	0.015847	0.025796	0.029770	0.019755	0.008960	0.024906	0.009434	0.012648	0.011115	0.021062	0.032477	0.032505	0.012470	0.023078	0.020305	0.031299	0.026327	0.006040	0.002661	0.027510	0.016372	0.031373	0.031987	0.017023	0.019077	
0.026558	0.022787	0.028742	0.017265	0.034597	0.000963	0.016301	0.004032	0.023239	0.019442	0.035835	0.035708	0.010188	0.029111	0.025393	0.013684	0.016463	0.031605	0.017632	0.034934	0.001251	0.028725	0.038925	0.034195	0.009146	0.008956	0.009298	0.015722	0.026030	0.007486	0.024812	0.000694	0.032464	0.003315	0.017211	0.001101	0.013490	0.023538	0.008242	0.029052	0.009306	0.021076	0.032199	0.030047	0.022551	0.012433	0.019952	0.027420	0.007647	0.039235	
0.035198	0.028108	0.034246	0.015896	0.029538	0.031331	0.030798	0.011909	0.011936	0.019286	0.003430	0.006638	0.017447	0.000968	0.004091	0.015886	0.013649	0.010416	0.005029	0.020915	0.029440	0.007122	0.004913	0.040680	0.030064	0.023218	0.031921	0.029606	0.037298	0.026156	0.009097	0.026342	0.012227	0.019552	0.016912	0.006030	0.023526	0.038503	0.006825	0.008068	0.003634	0.016433	0.040019	0.015432	0.033939	0.002512	0.037902	0.037120	0.018502	0.020294	
0.035303	0.014791	0.029839	0.026985	0.020572	0.014058	0.028468	0.027070	0.027536	0.016432	0.008115	0.034452	0.018581	0.029057	0.027154	0.018496	0.036219	0.034582	0.003893	0.005114	0.003451	0.034035	0.000481	0.037684	0.013908	0.010485	0.016520	0.029835	0.015573	0.000238	0.000951	0.037386	0.033642	0.034447	0.017701	0.021717	0.010866	0.010880	0.004320	0.019009	0.001983	0.022112	0.022044	0.008657	0.036911	0.023490	0.003227	0.030516	0.011026	0.030187	
0.014080	0.011684	0.038583	0.034049	0.010219	0.035872	0.011087	0.027412	0.011340	0.006894	0.005980	0.028162	0.017802	0.017787	0.008136	0.033865	0.022019	0.036536	0.002820	0.018239	0.001606	0.028914	0.038181	0.011508	0.020885	0.004327	0.034775	0.007497	0.022695	0.011225	0.017675	0.027685	0.012437	0.033043	0.043348	0.030239	0.037261	0.005736	0.025524	0.005769	0.011942	0.000536	0.017494	0.016644	0.002789	0.042420	0.010589	0.041495	0.034153	0.009042	
0.005229	0.017128	0.015649	0.031598	0.046932	0.010766	0.008237	0.034016	0.039945	0.044036	0.025270	0.000657	0.039530	0.002065	0.013152	0.033616	0.001608	0.001142	0.002818	0.039967	0.032210	0.009715	0.041231	0.003525	0.029492	0.001674	0.027289	0.008105	0.008064	0.039141	0.000076	0.012865	0.006165	0.018003	0.011501	0.040981	0.013124	0.007842	0.028758	0.018198	0.022445	0.038194	0.001696	0.024122	0.021018	0.031025	0.025568	0.006175	0.036641	0.021795	
0.026430	0.029607	0.005977	0.036031	0.027302	0.013297	0.016627	0.030815	0.015259	0.032592	0.008266	0.037131	0.030414	0.019698	0.021079	0.017094	0.021792	0.024136	0.003118	0.015953	0.036186	0.033935	0.008899	0.030664	0.018926	0.024779	0.025204	0.012762	0.018908	0.019897	0.031202	0.028090	0.013567	0.007717	0.009510	0.026399	0.008605	0.019143	0.015595	0.024777	0.002788	0.021109	0.031251	0.002014	0.005724	0.033472	0.012745	0.005099	0.035024	0.003390	
0.015184	0.021944	0.002612	0.022313	0.000437	0.041911	0.034302	0.005121	0.007311	0.013437	0.029122	0.026324	0.003088	0.014108	0.040919	0.014242	0.041697	0.008080	0.032411	0.029640	0.024718	0.010327	0.013218	0.005704	0.032460	0.015435	0.003920	0.021870	0.018165	0.027479	0.039548	0.038407	0.020290	0.005483	0.012915	0.007839	0.038111	0.033377	0.006506	0.026775	0.004729	0.031219	0.020282	0.012015	0.015220	0.025030	0.001383	0.031095	0.023242	0.029036	
0.031707	0.007397	0.031394	0.002116	0.024615	0.024406	0.002846	0.020710	0.005922	0.027510	0.014694	0.042888	0.017724	0.019949	0.012764	0.020969	0.022516	0.043648	0.010072	0.043534	0.021813	0.025335	0.007047	0.030010	0.031234	0.012773	0.013635	0.003116	0.011004	0.037785	0.012681	0.004645	0.028671	0.030352	0.021306	0.010229	0.036371	0.027163	0.020633	0.031662	0.024367	0.020429	0.037007	0.001093	0.001216	0.013331	0.029273	0.002486	0.021254	0.004698	
0.039861	0.020281	0.012988	0.021683	0.023116	0.030565	0.014258	0.009029	0.031474	0.014167	0.010204	0.026502	0.037832	0.025752	0.028389	0.027814	0.026806	0.001785	0.038011	0.002833	0.006088	0.012448	0.000353	0.024020	0.023404	0.032671	0.030265	0.029986	0.006649	0.015357	0.005645	0.020446	0.040276	0.004580	0.034878	0.029348	0.011562	0.018298	0.033509	0.001187	0.019427	0.019050	0.017967	0.016308	0.031566	0.002109	0.028169	0.002225	0.031500	0.007359	
0.015369	0.013948	0.027189	0.029406	0.028670	0.024745	0.016214	0.009215	0.036047	0.012510	0.010464	0.025855	0.023941	0.031302	0.027937	0.035727	0.019282	0.037899	0.020777	0.026650	0.004281	0.035589	0.004900	0.008486	0.003934	0.026931	0.038076	0.029481	0.004279	0.011746	0.012002	0.023756	0.006557	0.009430	0.021887	0.013198	0.017894	0.012727	0.021768	0.040065	0.001926	0.021507	0.008340	0.041905	0.027726	0.004440	0.008912	0.033549	0.030825	0.000739	
0.019811	0.036725	0.039061	0.034448	0.017367	0.001661	0.011563	0.008218	0.035288	0.011305	0.000617	0.010229	0.029788	0.002969	0.006248	0.039666	0.021446	0.027736	0.021715	0.015473	0.005640	0.011162	0.038259	0.022345	0.008290	0.010754	0.007314	0.042177	0.015474	0.014829	0.015847	0.012145	0.009575	0.038393	0.014785	0.042629	0.015055	0.000192	0.025924	0.004823	0.024413	0.027182	0.002548	0.022458	0.024166	0.040974	0.019997	0.026566	0.041095	0.023656	
0.007868	0.033402	0.001819	0.023981	0.032704	0.010641	0.016520	0.025320	0.026962	0.029321	0.025884	0.010113	0.000481	0.031983	0.030628	0.035616	0.035852	0.016027	0.032399	0.009188	0.032701	0.028566	0.028723	0.034205	0.004722	0.014181	0.009342	0.012420	0.036143	0.001456	0.010689	0.024882	0.032579	0.030793	0.029117	0.001009	0.004623	0.006217	0.003365	0.018150	0.031730	0.035218	0.025510	0.002733	0.009620	0.016342	0.018797	0.022732	0.032383	0.004345	
0.034699	0.027569	0.018546	0.024361	0.004636	0.018616	0.032924	0.035097	0.028250	0.000147	0.002907	0.031138	0.034656	0.027299	0.002513	0.034340	0.021863	0.033989	0.008347	0.009847	0.004144	0.025415	0.036408	0.025244	0.006570	0.003804	0.031924	0.028587	0.033273	0.019041	0.002821	0.020892	0.018414	0.035174	0.014245	0.034062	0.006354	0.028572	0.028661	0.031057	0.000745	0.015101	0.012674	0.009743	0.025722	0.006622	0.013405	0.034944	0.007925	0.006716	
0.027068	0.023440	0.032576	0.006980	0.008526	0.010935	0.014968	0.026676	0.026839	0.034541	0.025494	0.023417	0.035369	0.001495	0.001900	0.026497	0.013474	0.002851	0.031653	0.029513	0.011456	0.032056	0.000149	0.022031	0.014982	0.033917	0.027258	0.019072	0.029670	0.024481	0.034971	0.022816	0.020478	0.026733	0.033547	0.021122	0.008512	0.020809	0.024342	0.007970	0.011220	0.007733	0.006157	0.003711	0.019859	0.019403	0.035925	0.018265	0.020618	0.016525	
0.011940	0.000229	0.002066	0.028625	0.003484	0.023498	0.008935	0.016325	0.020735	0.036810	0.023904	0.032910	0.008570	0.007534	0.007245	0.037655	0.012213	0.027783	0.038289	0.028350	0.000515	0.009649	0.039131	0.003562	0.007076	0.036660	0.012122	0.041619	0.038601	0.035138	0.019208	0.023819	0.022913	0.041287	0.031332	0.025941	0.027754	0.007577	0.005776	0.002345	0.025353	0.017562	0.029811	0.013148	0.028232	0.027285	0.005270	0.007559	0.004546	0.032111	
0.031358	0.026385	0.002558	0.022186	0.028134	0.022153	0.004623	0.030105	0.026562	0.008874	0.025673	0.020871	0.018667	0.005030	0.038748	0.021824	0.015072	0.033033	0.033246	0.006269	0.027323	0.001893	0.026515	0.005870	0.004262	0.016523	0.029429	0.028226	0.021243	0.013891	0.030456	0.022101	0.007009	0.030948	0.022061	0.009531	0.038392	0.022767	0.031195	0.037780	0.001321	0.007195	0.021921	0.008701	0.024511	0.006324	0.032055	0.017597	0.025462	0.006126	
0.018601	0.022887	0.026380	0.003126	0.004322	0.002890	0.031148	0.036863	0.021108	0.022179	0.000729	0.015278	0.012167	0.041783	0.005958	0.012070	0.029191	0.000352	0.029779	0.037079	0.024534	0.017919	0.019312	0.013193	0.024372	0.040324	0.003435	0.034430	0.016203	0.021596	0.018185	0.000876	0.006357	0.029792	0.001664	0.036087	0.036896	0.003927	0.008098	0.027740	0.012135	0.037602	0.015453	0.015082	0.029642	0.017886	0.037901	0.011008	0.034901	0.029562	
0.015046	0.001767	0.007876	0.034892	0.023055	0.022593	0.023243	0.023829	0.025412	0.033867	0.018374	0.025868	0.020244	0.005497	0.005405	0.016861	0.030546	0.015735	0.016636	0.014055	0.017780	0.002067	0.013100	0.016622	0.031855	0.025993	0.026834	0.031134	0.018156	0.000155	0.004683	0.001505	0.017121	0.020429	0.008279	0.005098	0.018713	0.022641	0.020300	0.027640	0.032988	0.034159	0.022230	0.019849	0.031536	0.035418	0.034402	0.026424	0.028700	0.023387	
0.025344	0.032170	0.000183	0.002626	0.024441	0.025173	0.014431	0.024948	0.005051	0.038419	0.036769	0.024190	0.026888	0.010473	0.008355	0.019316	0.007948	0.036950	0.002678	0.002842	0.018409	0.032252	0.030987	0.004154	0.019759	0.035450	0.028968	0.005981	0.001825	0.031505	0.028870	0.035044	0.023516	0.008599	0.002840	0.029227	0.020360	0.002928	0.009407	0.032235	0.020272	0.031152	0.037784	0.036076	0.016283	0.018568	0.012777	0.033672	0.011253	0.010651	
0.040883	0.023664	0.036980	0.040235	0.027398	0.036960	0.008638	0.006756	0.028060	0.027368	0.035370	0.042896	0.026377	0.000599	0.006868	0.007636	0.005435	0.007966	0.010616	0.014088	0.013402	0.045144	0.005709	0.001826	0.025590	0.008073	0.027987	0.022350	0.027437	0.000724	0.003306	0.036079	0.026410	0.014634	0.014396	0.026959	0.002300	0.007313	0.016096	0.031760	0.034573	0.003716	0.032351	0.027455	0.004447	0.030070	0.027621	0.022381	0.024410	0.000688	
0.005954	0.035755	0.038424	0.011421	0.002746	0.015953	0.007081	0.032634	0.006461	0.020048	0.033055	0.033245	0.018221	0.020266	0.021016	0.000812	0.024285	0.034430	0.036517	0.033049	0.036495	0.003022	0.003250	0.017895	0.029928	0.004294	0.004881	0.007573	0.016146	0.017457	0.030505	0.000426	0.012553	0.032687	0.013063	0.037524	0.021925	0.023722	0.029987	0.028378	0.034836	0.035590	0.013934	0.003590	0.015444	0.025228	0.027812	0.012591	0.000122	0.027769	
0.014973	0.001381	0.029536	0.002653	0.008179	0.023160	0.011479	0.021816	0.026134	0.005647	0.028206	0.008517	0.018684	0.030743	0.013482	0.034759	0.004109	0.032973	0.029948	0.030851	0.031093	0.016680	0.019817	0.029859	0.017802	0.021157	0.026551	0.034967	0.004238	0.028048	0.027658	0.014072	0.032877	0.031330	0.022016	0.009925	0.014655	0.032204	0.022017	0.012628	0.001418	0.011107	0.028285	0.023511	0.015944	0.016155	0.024157	0.018890	0.016911	0.016796	
0.031861	0.009411	0.039402	0.015128	0.019317	0.023268	0.024337	0.010354	0.004212	0.013576	0.031996	0.020586	0.029146	0.027019	0.017928	0.001354	0.022558	0.013301	0.032553	0.017560	0.007407	0.032579	0.010961	0.008770	0.029816	0.016243	0.023940	0.003022	0.020907	0.010446	0.019553	0.032765	0.033491	0.029479	0.017018	0.009936	0.017221	0.028912	0.036947	0.030294	0.039249	0.017213	0.010108	0.017489	0.021331	0.015475	0.023588	0.014161	0.004571	0.012243	
0.22
