50
2
-10.440131	6.192847	9.141433	-14.748936	15.013201	10.534800	3.028616	9.119221	-5.550128	8.283367	2.929014	11.649351	-15.129460	10.313351	3.540492	7.968745	10.461421	-16.753785	-12.406839	7.330321	-6.952865	13.905179	-9.940461	-16.326041	-8.968288	1.564264	-9.463573	-12.644439	-0.937626	-15.290540	13.454507	-12.986417	12.175331	-4.092662	-16.763197	-16.696990	5.351715	-16.215509	16.894963	15.622827	8.665034	-14.399743	5.529128	-7.637456	1.091940	-16.920723	-6.914705	6.924598	-14.750662	17.148876	
11.960713	8.941236	19.793147	-14.513307	13.390536	-11.942103	15.454979	15.670008	-11.032844	-15.722791	-3.441898	-4.424063	-9.778063	1.824743	-15.203199	19.659150	-17.934313	2.819479	14.978455	17.834192	-0.134390	-11.816255	-17.340086	-6.495426	-7.545128	15.067457	-5.628311	1.962909	-16.224405	-9.329070	0.897515	13.294738	2.293535	18.278493	-1.162812	-12.796921	8.429092	14.428708	2.290426	17.675476	2.899155	8.209778	-16.393639	16.351504	13.047190	-7.281619	-9.809403	5.802258	13.286380	-18.906999	
5.530939	-17.075894	1.708799	-3.185440	22.058498	-1.226787	-14.083538	-17.570879	-17.571913	3.377116	-23.332619	-7.657271	-9.877577	-17.031307	-6.962000	-8.430078	-8.489894	16.034390	15.683624	-9.852340	-6.618736	7.408363	-10.363901	-23.389009	12.392795	-11.651699	-2.702077	6.460083	-21.877201	-6.311591	16.277924	20.862040	-13.387600	-5.799424	20.807043	-0.548676	18.206986	-7.387400	-13.789286	-1.750012	-13.400286	-15.778620	15.012026	11.185674	-5.039462	-3.272755	7.279101	6.013896	-19.004911	-19.467243	
22.046922	-4.439162	0.252616	-0.760414	14.746002	-5.798330	16.810980	1.469056	22.642696	-26.259525	23.113040	21.123270	-18.130610	25.506391	-11.257867	10.679344	4.956613	-20.095319	9.116208	-15.991317	10.484306	-11.407529	24.785240	-16.921520	1.194989	17.680770	-12.154759	14.242782	12.122169	21.075919	-13.201160	-8.399917	18.752047	20.649527	2.134932	10.635900	4.178654	-3.203324	1.723326	26.387774	-21.733356	-9.700111	-14.086564	-0.731380	0.978446	-0.573276	-19.073953	14.988708	6.081099	1.193961	
21.102273	9.620305	-16.532381	-22.408245	3.133383	10.505098	7.627697	7.771610	-4.014619	14.823622	-7.633048	-22.539813	2.093896	9.342697	-21.467789	-16.975648	18.839222	-10.543983	-12.401309	-18.751507	-15.638142	-28.012793	-0.854039	14.942757	-23.017762	3.153210	-11.456918	28.833233	21.886288	19.996347	-3.646271	-14.543088	16.095844	-6.686756	0.601388	8.678293	-1.016446	-18.850291	-8.536223	10.884184	18.161513	-23.438595	12.577190	7.658677	10.347034	-0.531865	-23.446349	-9.601763	21.420504	-25.144638	
-4.017619	10.102520	5.541601	-17.431065	-7.966187	1.416299	2.527116	-13.769444	9.473181	1.092819	-22.789119	11.526822	17.776634	-15.996717	15.579221	-11.195220	-9.792231	-7.619619	6.289877	15.200575	-4.112420	-21.101489	8.520434	22.261474	-7.390329	-6.571070	1.095893	-8.679119	-1.295146	-10.776121	-14.321157	-2.533554	-13.621876	15.588165	-15.980705	7.885913	14.538023	-6.986546	-10.890037	-20.333634	-13.326237	-7.413632	-12.459778	-11.390247	-9.354806	17.164728	-3.993965	18.339140	-3.331454	-5.638695	
9.419606	-2.853051	6.778752	-6.409153	2.348364	-1.892303	-7.380138	14.534467	3.099067	-4.377711	10.667416	-0.585518	-6.275738	-1.711928	6.791275	-14.686794	-1.036316	-6.439486	6.827023	-6.327962	-6.023850	-6.558841	10.557137	-3.461841	12.302201	14.195554	-2.296528	-8.545717	-3.439545	2.531969	-4.458860	0.992114	-5.017509	6.514279	3.987034	-3.125225	-2.014034	9.372703	-8.371361	-14.143124	-8.863845	11.615571	-12.759184	8.101594	-12.507789	-10.295676	11.706126	-6.755678	4.359647	10.939933	
-20.265765	-20.025957	-16.615706	4.401674	-19.756936	-6.603391	-15.259656	-16.182052	-2.151919	6.185712	15.092200	4.892946	-6.633721	-8.987279	-15.455021	-2.895550	10.270360	1.162452	-4.555279	-1.672533	-7.139481	-9.409594	6.432463	8.980249	11.270380	17.577161	-5.551998	0.561975	4.240288	17.115430	16.608953	18.672877	-15.568893	-2.493893	-4.016911	18.052069	-2.229754	-8.442211	-4.861646	6.657278	-1.611729	-8.946938	-5.496889	0.692722	-16.428732	19.701242	13.851644	-2.006538	-11.520639	-9.845863	
-1.060057	15.745967	-9.552739	-16.284450	-17.593051	-21.518725	-15.988048	15.653662	-0.597402	-12.342307	9.210638	-0.806360	2.213709	18.845289	-13.685716	-16.340424	-13.703701	13.770129	16.406909	24.835641	6.436035	25.554885	-15.721900	-22.111337	-8.735892	-22.022616	-12.904390	-18.020568	-5.255655	-12.017603	1.689201	1.417791	1.418888	-6.060243	19.545640	17.562334	-7.392472	-19.857968	21.998056	16.428723	6.231565	2.935961	1.488095	3.364391	11.260322	-16.764359	-23.380321	5.974192	7.636352	24.538102	
10.609684	-10.290242	-0.632658	-18.751986	-13.671372	-18.481957	-20.653897	-6.305474	-7.811982	-2.346330	-15.611120	-14.279358	-8.198624	-10.743782	-21.089264	-1.507179	-18.596493	7.854954	-19.444235	7.867729	-18.541618	10.231203	-19.478499	-10.750931	10.174513	0.123578	5.774187	-17.613935	2.624478	-9.938271	13.035166	-11.285186	-18.307382	-17.167585	-4.136770	22.282858	2.832912	-9.070068	14.524210	-1.802992	-10.335863	-20.460855	17.841146	-15.227006	3.698089	-10.531361	-1.142144	-6.401664	-2.572664	-12.037579	
-11.949515	-5.083287	-1.916542	1.784567	18.463992	7.406203	-17.494634	11.847585	17.403923	-23.822807	8.064145	-8.271002	8.388010	-1.509088	26.038040	-5.000544	-26.747071	3.767384	-3.483334	-5.531139	-7.750224	15.639836	-22.451380	-20.243768	-15.691322	-24.071723	3.994647	0.824360	27.756983	23.979921	16.081203	4.789730	8.810714	-11.362309	-5.104728	25.769251	15.738727	-5.223981	-5.253292	-17.414203	27.433059	-14.009609	-3.926072	17.098136	2.984821	-0.842856	-10.720239	26.808781	-15.059873	-14.025318	
-6.545910	-1.055899	6.004638	1.913639	-24.447155	24.940686	-10.181673	-6.686489	6.379482	3.191891	20.900844	-7.520050	10.551761	-26.548737	4.169490	19.714704	-23.934407	21.346887	14.379253	12.210190	-13.057645	16.205786	-8.155834	21.624878	17.681636	7.506157	8.644553	-5.047991	-23.885844	-9.278142	15.336029	-8.354193	-17.115477	24.913812	-7.782147	-6.885254	14.829197	-17.813294	26.724814	18.828667	0.211816	16.623704	26.657134	21.225449	5.222831	12.434082	-22.462825	-20.517672	17.728530	2.582590	
-15.441316	-3.144520	-5.277761	-19.067907	-7.420538	16.763841	19.397929	-16.898741	10.573328	-21.665868	-13.763709	19.088475	22.232008	8.713471	16.722219	4.637101	-21.688889	2.510864	15.181037	12.142515	-6.334270	7.746237	14.584903	-17.037554	17.134298	6.536288	16.373373	21.991132	13.087059	8.122845	2.478512	-4.137869	11.765657	-12.834593	4.132670	12.129337	-24.810408	24.785864	0.151813	5.180282	0.532046	24.319281	-9.045035	-24.146321	10.447006	2.445032	18.917980	14.706156	-15.496035	5.794932	
-14.748660	8.207403	7.742694	23.624060	10.519012	-3.128555	2.190424	-18.844490	26.740453	-26.720728	23.380071	-27.503207	-8.815634	26.447316	-23.073410	21.314230	-25.201284	7.564361	-22.840848	15.010844	-15.013327	-9.581750	-14.010537	-6.696797	-8.432163	-20.127270	-3.875821	-25.031375	22.068971	-7.699938	6.596238	-13.098916	3.773818	7.647056	-22.914991	-22.817616	-24.403384	9.298131	-15.204156	-7.124986	18.027816	18.397951	-14.578129	10.376693	7.675754	-8.825166	1.800434	-7.024705	1.053314	20.690705	
1.843379	-17.905625	19.465204	-13.324064	-20.131005	-6.871446	8.592996	9.804691	-8.452570	7.214976	0.603349	-10.668987	-8.248067	16.164509	9.139352	8.034593	5.307938	20.693611	-16.692638	-13.386751	23.407776	6.709901	23.963352	-13.840752	-2.054648	-13.450164	-7.287623	-1.191933	-13.843993	8.800908	23.199569	18.610824	22.981455	-14.520603	-18.085865	9.841534	3.094574	-1.045959	7.211475	-3.888123	-5.926652	5.057774	-13.761187	23.498019	-7.752645	-13.806828	-5.721140	-3.641204	-12.306680	-9.763853	
16.031593	5.639552	-14.545781	14.402047	21.745950	13.215165	-4.605483	-1.255378	19.612794	14.977440	-12.223408	14.986632	21.920667	3.541651	7.929037	-8.479582	21.414412	-20.775382	-25.395390	-14.952116	3.558511	15.420955	25.500012	-26.913689	20.846616	7.036821	-4.793429	26.536193	-9.241271	1.149273	-24.329008	-2.102231	-17.630228	-18.539607	5.994773	14.764267	13.896593	-3.914059	-8.205567	22.195257	-25.768221	-5.213774	-24.209753	22.391713	-3.111634	-0.195069	-21.320857	1.821016	23.067111	-21.626935	
15.334504	-3.579616	-12.712880	-11.652052	0.622728	-2.436809	-2.135378	-15.370851	11.104112	11.293594	-15.596603	-3.499965	-12.039026	-13.585996	0.795116	15.599190	5.711371	-8.497217	-0.150751	-3.129478	8.885076	8.598825	11.250166	-11.729958	2.325346	-10.140829	0.700749	-15.663926	4.688671	15.716105	-14.585445	5.521356	4.421053	2.839248	-15.029642	3.844887	5.604127	14.808127	8.818099	-2.724461	9.669568	7.321618	10.208337	-9.707855	-7.037905	-13.392237	-0.322439	-1.236994	-0.876396	-6.623430	
4.198363	8.912204	-19.035773	-20.995119	13.485843	-0.219126	-6.493774	10.765296	0.315319	0.504870	21.686021	15.354820	10.578260	18.385211	-20.200728	2.719815	19.429950	-18.596916	-4.005825	8.214898	10.014416	1.778098	-0.092272	10.394800	10.699353	11.226552	16.552552	-4.315233	-12.389111	-18.379896	20.239036	5.311735	-6.034716	8.602549	-4.056243	15.619069	20.845394	1.678834	0.018439	-9.363814	17.040884	-7.786076	13.325582	8.203907	-17.751859	-19.559120	4.819724	4.683261	6.172342	-8.735035	
-2.424205	-8.124901	-0.347013	-10.208592	-1.707228	5.287498	1.163453	-17.484930	8.148944	-10.533688	0.734801	-12.819677	13.009307	4.599788	5.716300	1.120551	20.464781	17.181803	-8.419355	-2.064787	-9.836270	20.194273	15.550642	-4.317392	1.775766	15.515171	-20.990612	10.974806	-10.403647	-5.224477	6.953682	-4.425487	-5.036519	10.884983	0.382471	19.624445	-1.313511	-0.182034	-16.181957	13.037749	14.039442	-20.462511	17.572077	-6.375845	-7.287719	-14.114514	-7.982314	12.919330	19.332723	7.430230	
10.028581	-21.494975	9.126161	22.056217	14.853812	3.152228	-11.670214	18.158772	7.385689	14.757350	9.888308	0.474099	-10.429914	21.422026	-25.427755	23.336813	4.581494	21.064054	8.468832	24.425370	14.567883	25.373909	7.232034	21.351695	-22.743973	22.254354	8.962464	-10.937193	0.843285	-12.237511	3.012821	-0.488199	8.916231	3.855184	5.768381	-6.754357	6.473637	-22.179358	-14.095393	0.693893	-7.088192	17.012732	17.146661	-3.109853	-18.635746	3.717349	12.936985	-23.655105	-14.784696	16.227262	
-15.213532	-1.313693	14.619438	-3.058488	-4.647717	-11.054629	-13.796314	-1.633941	17.956586	-8.278820	-6.939032	-15.700489	-16.891852	13.328895	-3.709799	-17.394730	-6.266121	5.739112	-4.558777	-10.413320	-15.658282	1.986613	-18.042182	-17.767664	-5.079308	-13.299896	-7.156957	-8.234453	-14.173208	-11.996408	17.894176	-5.351651	17.321184	6.006044	-18.581230	-8.323469	2.513203	-8.482824	-8.247892	-12.623420	-3.645286	-18.607556	17.048051	-1.028754	13.462788	-8.088183	8.526007	0.979076	13.568082	-1.809311	
1.724145	-3.719443	-13.370612	-19.544509	2.222250	0.047579	-6.111873	12.601823	20.937682	-14.443391	-2.661600	-4.495708	-13.602207	21.080183	21.991990	-6.601903	-8.982472	20.551176	-16.251000	11.504811	-18.453818	-4.456809	16.858370	-13.771155	4.267031	3.614522	10.866393	-1.758538	-14.206262	-13.635359	-6.672049	20.761124	-12.744685	18.190292	16.856566	-15.578987	0.361903	-15.147102	-22.944463	-2.045354	3.797336	19.976956	8.648571	17.628998	-14.809040	12.990604	-2.223645	13.267532	16.966612	2.799782	
-5.582297	15.513512	-0.824396	-23.874122	1.187840	-20.283906	-15.111918	-14.915035	-11.628479	21.483933	-9.629335	-13.320672	-23.965255	2.732311	-8.483793	-0.392905	-8.795336	-15.474747	-5.634329	7.211333	2.468338	-19.672654	5.436504	-7.244922	19.679266	-19.654412	-10.282105	0.503468	-15.990608	-18.714281	-15.041524	8.797409	15.902509	20.013012	16.671493	-20.452887	4.949290	0.956398	-10.632660	1.100569	-4.204169	-10.103270	18.938412	22.572055	-5.366122	3.222854	-19.478093	3.048548	4.632472	13.446191	
8.157417	14.080147	20.322936	4.663232	16.438592	5.256672	14.402541	7.034615	-28.735153	-27.094208	-22.048840	-18.488695	-18.381874	27.751133	2.532839	21.765689	-23.332137	23.239723	27.765770	10.452827	9.178058	13.231786	8.855282	22.341820	16.069647	-27.508302	-27.405698	-22.069894	1.991606	0.607250	26.278747	-7.726143	-26.132319	5.842062	2.385744	2.609219	8.679374	23.210985	6.880484	25.009207	-16.529964	-22.945822	20.482557	-11.577536	-12.456469	-28.156195	1.691817	10.914919	-2.980966	-11.904433	
5.727327	-14.414671	0.396636	15.494019	-5.152629	-16.237758	-20.386110	17.970007	-13.952747	-13.471776	4.043591	12.716053	4.595998	6.002395	-8.040551	-2.890825	9.519348	16.750605	-7.817841	12.747684	9.415268	17.679432	9.299203	2.364799	-3.302290	20.222440	-11.678708	-5.925640	-0.034310	0.951873	6.417216	14.819857	-9.772712	0.482744	20.613000	11.047265	-0.763514	-0.166252	9.004890	-8.668331	15.166234	-17.482523	9.738178	6.338905	-12.299904	-16.054071	16.802691	-2.576685	0.994920	-11.395033	
-8.134778	3.901424	10.834886	-6.016914	2.963923	10.560494	2.319585	-9.446181	-7.901479	4.796478	0.850521	-16.149665	17.758292	-11.275908	9.999432	-10.090774	-6.863129	-7.111960	11.109721	1.856604	12.301291	17.079858	-2.234000	-15.973018	14.063291	0.009533	1.395327	-2.613341	18.146432	-15.590332	-4.066698	-14.844560	-16.999945	-18.709221	-5.702816	-0.034268	-0.847650	-0.495197	-4.864441	-3.381701	-18.405775	15.591670	-9.244524	1.399190	13.705034	3.554239	-10.407416	0.138036	-16.097373	18.278550	
0.429889	-0.017982	-12.936644	18.226537	-18.934977	20.090165	21.928748	-5.185361	26.782404	-10.087865	10.395565	17.771972	-4.961407	27.637657	-21.374170	-17.862291	-3.574701	-19.506043	-11.269075	-11.563297	-24.353388	27.254067	-11.060550	13.954841	-21.527583	27.628560	-17.119794	-3.371945	-23.576689	6.802679	-28.598151	20.177901	-7.111495	20.228362	11.291502	6.904034	17.024846	-10.042493	-27.808166	-2.240685	-11.613715	26.546863	-25.137613	-1.915717	8.406658	14.295984	-4.191606	-26.375537	27.982574	-16.797855	
10.385793	22.298857	18.569458	-12.554637	-2.219269	-7.322750	-18.521334	18.466361	15.640943	8.291825	-5.817222	22.474023	5.973149	5.936224	12.458827	-0.463894	-17.033269	-3.313350	1.778197	-3.069770	14.881569	-0.100324	16.615749	-2.785301	-19.377722	-16.890160	-17.218309	22.731116	2.091350	-6.974373	-18.515355	-16.837028	-10.145324	1.729549	20.383148	4.137553	16.761357	-18.167928	20.504187	-5.673749	10.998974	-11.651930	11.290711	-19.313528	-8.469180	2.865106	5.267287	1.555100	-2.448140	-12.517979	
3.963342	1.555539	-22.104858	8.056695	-2.230211	-12.472915	-8.027352	19.044217	-2.137756	17.919815	11.093735	19.233309	-8.496768	8.622861	-14.404014	-18.442926	10.736949	8.168676	23.282478	-0.518774	0.627889	-1.055217	-26.505950	8.777904	20.350325	25.597634	3.823087	-18.408699	22.077013	-8.716724	-7.372283	19.351188	7.363645	-5.814903	10.959681	-1.789074	-16.271913	-26.306172	-7.446757	-26.523266	15.711543	-25.586109	8.611424	-25.999372	3.066498	24.798864	-22.144126	-5.219939	-10.522737	-21.204069	
15.818557	-2.222131	23.096019	16.509447	-4.283574	-9.897941	15.986658	-21.036903	-15.525918	-5.335228	-4.575754	13.283257	-11.240253	2.037804	-6.117344	-10.631206	-11.577916	15.852328	-20.238670	-4.230637	20.205697	16.166645	6.083277	-12.675312	-14.547812	-15.993914	-6.788372	-15.374261	-7.268384	-11.589700	15.615230	17.003082	12.715935	3.477911	-7.957544	-14.531740	21.495355	11.444308	11.444558	-11.387805	-16.324673	6.596436	-7.790005	7.297717	2.585487	-18.128543	-15.071983	20.276691	-22.236271	3.466841	
13.069956	13.708915	8.348252	21.834542	-17.474263	18.701692	-6.430267	-0.812486	9.201323	3.887818	-17.156305	-17.990235	-6.910578	-9.971704	-17.404235	7.405324	-15.350317	10.898089	-19.817178	24.881580	17.517498	-2.148447	-8.944354	23.582692	-19.898820	7.054356	22.361779	12.483157	14.682388	24.562949	19.908929	24.102808	-3.847155	-14.141695	2.036951	-20.128226	-14.019437	0.069206	13.659381	-17.074475	13.414376	-7.485334	-5.752706	16.317223	0.429090	-23.723033	-2.476897	-15.521861	0.290488	-23.390905	
20.410136	15.247231	-5.013657	8.395382	3.284883	9.195141	7.816381	2.335262	-18.196952	9.445304	-5.988017	10.341745	-16.595178	-7.049349	-12.904131	-10.475274	14.203275	20.892790	-17.279959	-10.330548	17.305112	-2.612642	16.099958	0.142565	8.450260	-4.316857	-1.719300	-1.294269	-21.277558	-11.873268	-13.639121	18.363636	-6.539638	9.236543	-3.502880	19.318215	3.870221	-8.203288	-1.915954	-7.183008	-5.262558	13.730057	-8.448147	13.318319	-19.958700	-15.480857	1.275483	6.616278	14.719231	15.889413	
-19.475460	-17.496407	13.786134	-8.874171	2.508591	-16.408738	13.895341	-3.484754	19.574904	8.553299	20.438565	-0.246585	2.392824	20.615514	8.992062	16.262587	-18.248131	5.366989	14.589720	11.837452	3.143007	7.111952	-19.197016	10.349378	-10.156043	-1.152199	-11.301267	-9.058247	0.857897	16.833455	18.701499	-15.329521	-13.800685	18.512914	-12.599421	4.453456	7.199557	9.914655	-1.546134	14.377144	-4.481056	2.696570	-13.537262	-12.261717	9.900362	-19.394200	-20.974133	10.085454	1.246532	-12.649623	
-2.943364	16.648823	-15.073576	15.928174	9.760856	-18.848904	-15.588853	9.431934	8.022115	-2.508373	-2.483320	16.745770	4.006918	12.746597	-15.056955	12.820158	-0.397522	0.810608	-5.967162	-13.722070	-15.940849	-12.281258	-0.858140	-8.586757	15.796714	-15.624557	15.604613	13.982565	8.379306	10.818715	2.182906	18.999739	8.209617	8.269918	4.868409	7.529821	-13.100906	-3.302756	17.055394	-4.730853	17.626130	-12.159418	-15.974183	12.291465	-19.914713	-2.306392	-11.509609	-8.240502	14.727636	-2.712644	
11.963002	11.510899	10.645021	18.230176	-4.583432	-19.264345	7.229629	7.079139	6.279215	-7.289660	-17.026856	-9.739230	-16.688593	16.336269	-5.819180	-8.783728	-16.865443	12.400893	5.249239	1.583746	3.926946	1.921272	-3.740368	-11.577101	-3.983909	-19.471568	5.469890	15.491108	10.307292	21.748763	1.857940	19.912360	-14.821637	2.745172	-3.766198	17.637782	3.385506	20.023817	21.286362	-5.804340	-12.437181	2.952698	2.970328	-20.813159	-13.167653	-5.497784	-11.222386	13.268216	-12.679231	18.610854	
-15.473205	24.281854	18.187530	8.941979	-23.921157	7.961010	21.425409	14.024360	22.337003	8.520978	17.095533	-10.494452	8.271727	23.842698	-15.841454	-5.318522	-20.469919	-23.585585	16.336509	21.386123	-19.356750	9.980209	-13.520438	11.494690	20.891696	24.898481	12.388671	5.061364	-1.533336	-24.733438	-10.188023	-16.258495	12.373390	14.011576	-23.361669	-7.416682	-17.836415	22.181120	13.246637	7.918315	-1.035620	-14.178280	-14.572854	-4.841566	0.870208	9.115904	-10.008531	-8.077509	13.122129	3.688595	
-1.282490	-25.645758	-5.690330	-4.066029	-7.573950	0.938987	27.117408	12.786851	-28.157927	-10.071889	11.762070	2.542463	26.120437	-22.936326	-20.468829	21.884926	2.651539	-9.394478	-5.535408	8.466105	19.750770	19.497927	-20.913384	-2.551232	28.980962	-10.530496	-25.298286	2.421574	-27.735523	-14.999352	19.112791	-21.527776	-9.088630	3.210774	2.347152	19.100463	-20.269720	-15.027687	-8.694255	-11.665411	-3.758207	15.248734	-7.825406	-23.900700	-13.466180	-24.580967	-23.530659	-16.487047	-23.534833	-20.260161	
11.956119	16.719000	-23.903091	-3.955453	-1.587589	-12.742736	-20.136782	16.033538	-23.233982	-3.654139	12.341009	-23.466095	-0.898323	-10.930821	16.568996	8.422407	-23.073365	22.107317	14.372568	-22.508701	-8.718099	3.664378	-12.173070	20.874612	-1.210539	-21.272479	19.558172	-9.155744	13.199898	6.255330	-0.801325	8.579131	17.158506	14.434884	15.187311	20.096705	-10.886168	-1.291091	-9.878180	5.927536	5.889091	-14.872499	2.965083	25.644543	-16.908238	2.847457	16.903084	22.015876	8.212298	-18.699091	
24.487052	-11.467844	4.133671	-6.753105	-21.544678	16.687589	-12.923339	2.375381	12.669266	17.334477	7.311005	15.551842	0.975175	-8.472165	24.677186	-9.201041	-9.898388	20.035100	-12.923796	-4.490686	-1.890582	11.785898	5.282063	-8.064070	19.511384	-22.283638	-25.433192	-16.745574	-10.639175	15.067470	-3.162811	-12.537920	4.441059	4.593253	-19.206214	16.766986	9.503753	19.555730	4.406565	19.247994	-22.802257	12.862910	-14.266118	10.310419	-23.621840	24.837139	9.085778	-19.903664	-22.748837	16.439221	
20.969052	-30.387844	25.642373	-2.027122	-25.438535	-13.206763	11.045600	-25.369545	14.823626	-24.126358	9.383551	-28.544698	-2.818931	-9.130638	-23.232563	-22.600715	-2.678714	-24.046471	-17.584285	26.418369	-29.595520	-3.204022	-12.877287	-11.511218	5.878017	0.804417	-29.903774	3.231667	10.989241	-28.863769	24.945199	-8.359134	24.248509	6.389500	-15.489833	16.858376	-29.132753	-19.673511	12.397938	-25.763736	-13.480883	-28.519098	-22.142005	-5.818870	23.185839	-27.000833	-9.172504	4.194913	-12.368196	17.937110	
-25.935230	13.690054	-12.127213	-12.919684	6.988892	-22.780046	-7.211084	-4.918825	-4.061957	-4.463240	-7.366653	-25.695076	-23.134854	-4.845953	8.139982	2.243752	9.748642	-2.131992	-7.188598	7.022318	-26.522904	-24.536703	25.279162	-26.870013	7.014349	-19.638452	-16.427493	21.635560	2.802343	17.257053	-23.325193	22.104934	17.605703	11.929112	-25.811920	-15.677969	-3.594111	13.746021	2.043350	16.048900	27.524860	-14.094634	-26.199608	13.511216	27.898354	-21.959366	-19.780550	10.380367	25.975103	27.279109	
2.155995	-18.103240	-18.544604	-3.262005	-0.118837	-6.424765	-15.663159	3.697304	-18.620344	3.124522	21.930494	-17.892956	-15.069467	-12.963583	-11.194535	-23.762186	15.197555	-23.855995	-5.782781	-9.325509	21.400286	-4.001734	18.438575	20.256162	9.582247	8.687967	7.577049	-7.510963	-23.742043	-21.382382	-3.753883	25.907852	22.791444	23.267739	8.686984	19.595414	2.066156	-24.951716	14.589323	-7.317314	2.586053	-24.991494	-3.170510	1.321793	22.765137	7.002678	22.912679	0.875748	-8.815636	1.947730	
-13.209746	-3.037152	-9.090125	27.918986	-26.566153	16.896894	-21.922010	12.869402	26.877724	24.968177	26.810120	-3.726928	15.551782	24.477090	-26.238940	-11.084054	-12.860583	8.184500	-15.479139	8.123624	15.165711	-26.063472	-12.561120	14.967418	7.846632	-7.578200	-16.327395	9.026725	-25.914061	-1.183234	-14.795544	12.045541	8.363834	-7.196154	8.696428	-9.991283	12.613215	26.971402	-1.272962	16.667083	-22.485703	-2.063884	16.457883	19.456482	-17.122121	-11.549573	-3.138631	13.892222	-14.915199	-25.343791	
20.635832	17.081274	-19.362233	-17.560950	-2.320416	-14.769447	23.352996	25.173001	5.420986	-9.836734	11.027088	-19.153949	10.207153	-25.144053	-17.486137	-1.011296	15.116894	-0.804738	18.817472	-14.653692	22.065084	7.881445	-17.330290	-19.290189	-23.953484	-8.828848	12.197895	16.925139	-4.434779	1.712461	1.553313	-12.288228	-16.985918	5.919451	4.530377	-7.924504	0.212509	21.220946	-5.266542	26.990949	10.412708	-2.336181	-19.708272	-7.888849	16.035596	-9.253039	22.940684	-1.203854	-26.939694	18.829047	
14.164040	8.166250	-1.997716	4.627606	11.880631	12.147308	2.854932	-13.099297	12.533274	-3.656885	-0.479545	12.877332	-12.568749	0.152661	7.478478	11.454610	-9.137753	16.274130	-8.560377	-11.040133	-15.764230	12.831470	8.184991	17.916041	-9.831793	2.298127	-12.120023	17.256701	-13.176509	-16.327443	13.887713	-7.831248	-14.572035	-3.797992	8.131083	-15.819102	-0.606981	-16.639410	-5.079086	17.923820	-10.324683	5.567587	-6.218338	14.533150	14.530325	-2.515187	-2.858997	-1.311267	7.230084	-12.237128	
-8.882845	16.555283	-3.717443	9.426488	-3.914255	-23.932979	24.714514	-13.830018	4.440755	-6.895259	13.501196	-9.670377	8.020049	15.903815	-23.224321	23.257893	-13.450105	-7.367794	-18.423002	6.319620	11.231679	-6.730642	20.627179	-8.053398	2.725450	19.268034	-12.217484	-19.716902	17.361741	11.586091	-0.435634	10.963634	-7.680422	-4.457859	8.264298	-3.884191	-5.626945	-6.558293	17.142362	10.527720	-8.443837	10.065767	-15.826219	-18.361737	16.683350	-8.183965	-18.825524	19.054257	7.006760	0.634693	
15.909218	-18.107534	-9.714617	3.097711	-14.916151	0.867992	-0.233630	9.843299	-4.476242	3.825286	-6.385745	-1.664978	-2.375584	-2.836610	11.470678	-7.532685	18.191594	14.001939	4.286839	-6.846492	-12.173654	-5.693391	16.983137	1.373656	13.362400	0.219479	11.624475	6.641505	11.575923	14.124009	-15.377184	13.055630	16.950778	-10.593831	6.756842	-12.977886	8.064795	9.889696	10.092187	-14.626139	4.438924	3.612234	17.516223	13.579838	2.701910	2.884992	8.096635	-15.543640	17.493322	-16.705973	
9.037511	-2.058949	22.378634	12.537034	26.475985	-4.796976	26.691681	3.357106	7.857738	-5.432428	-10.986882	3.635417	17.857542	0.099179	-8.272982	13.185479	16.910503	12.362078	1.831315	-17.946368	24.712883	-27.795554	18.348333	-21.821996	2.627180	14.559736	-7.212083	-16.318237	-18.820057	8.323184	-26.313920	6.050506	17.089282	-19.480242	-7.452659	9.206528	1.962704	4.166031	0.500448	-24.731287	12.948162	2.614834	16.727714	6.997557	-6.716222	-11.304002	-2.147148	10.026095	5.175022	8.691209	
14.927945	15.001167	-18.894238	-22.967014	-7.184016	-17.276593	16.495335	12.578692	16.631313	-23.473100	-10.181459	-17.003616	21.317351	16.542801	-3.898152	-2.622445	-7.151492	12.105235	2.582432	17.579846	18.371641	-17.622941	-1.725677	-5.036655	-13.791308	-3.903566	19.838104	-2.544545	11.000204	10.885759	4.575931	-19.730440	-5.383770	7.720702	0.080152	-21.724128	-7.393932	21.186002	15.429433	-14.022785	19.093287	-15.857473	18.361967	-3.417913	2.555754	12.006583	-13.137080	-13.635842	-18.711620	-15.362575	
-6.211319	20.545832	13.304015	-14.780408	27.256379	23.772341	-5.012978	8.823525	-6.689776	13.576566	-7.466779	-11.778470	-14.352438	8.732341	4.824325	20.893503	-10.557106	-21.956935	14.221232	18.896346	25.591611	-0.326300	-23.359467	21.801993	-8.524829	10.515855	17.241724	-23.216168	-3.168382	-26.952197	21.874173	-21.846524	-0.617607	20.154980	0.186892	20.577693	-3.627275	-12.449546	-21.986306	-13.943561	-5.458561	25.200075	-25.600157	-26.776963	-22.317548	-14.416967	-19.664762	-11.379339	16.347121	-3.371599	
27.867830	26.172954	-24.298179	25.241561	28.322330	-7.941685	5.555925	28.377813	25.573434	2.284714	6.649136	17.781729	-1.468401	19.018423	-28.788770	5.464932	-6.499856	18.037585	23.343498	22.519886	4.083913	-27.962668	15.951808	-20.389767	21.400993	-10.357159	-13.871044	13.640332	-26.898212	17.855604	1.253446	-12.543048	7.254777	-20.598752	-12.675310	-15.387126	0.394741	-5.966303	-16.947933	-20.593458	6.879149	18.657763	-0.747633	2.041585	-26.026812	16.864920	25.357881	15.260037	-3.066125	5.915164	
-11.376489	5.342435	-19.729675	-14.805738	-17.821022	-19.891456	10.818698	15.887663	4.760292	12.938667	-7.029334	12.302026	6.326616	0.648573	-13.012838	1.031008	8.867524	1.278449	-10.979338	14.905824	19.850158	-11.671920	12.194737	12.062009	5.968237	4.173059	-12.311519	-18.804234	-12.374291	-2.253541	0.541595	8.915854	1.518944	6.805979	-15.840382	5.826955	7.099991	-16.506310	18.616169	0.625594	3.401738	-6.590087	-0.801321	-13.136844	11.918458	-7.370780	-16.811303	-17.078433	-18.910235	-15.223988	
-15.952526	-26.008907	12.036730	6.733785	12.404379	25.471204	8.542289	-17.716757	-5.072722	-28.245256	12.736032	5.407963	18.757213	-2.926578	-30.143897	20.076861	1.590706	30.823370	-27.552135	26.214241	25.946863	-1.365886	0.700889	13.158255	10.759747	9.640980	4.417510	23.070416	19.682776	-11.556552	-17.311356	-24.389856	25.953899	-10.154670	-3.313476	-4.166878	18.239856	-12.515860	7.117835	-10.620199	-24.185924	10.765351	16.198284	-3.368938	15.330158	18.969555	-17.976323	-2.725793	22.075947	13.924489	
-2.112341	10.812113	20.350400	9.083794	25.927712	11.626145	-13.016673	-13.609207	-1.308357	14.955711	-11.972514	1.993215	-11.509396	-4.910432	-20.765693	12.448945	18.396473	22.892545	-4.167723	-16.246089	-5.367858	-8.936831	-1.792085	20.812161	5.197793	4.318667	-26.411916	-4.710708	3.502646	14.487122	-0.301645	-25.054589	-0.007142	14.263493	25.667930	-13.009412	-18.542378	-24.660449	15.119164	-0.063070	-4.366563	5.288532	-23.529188	23.745136	26.277064	12.441328	-4.550875	-4.227628	10.726401	-6.382822	
2.149013	4.618730	-14.568862	-3.281159	22.337550	19.721613	18.689016	-14.031345	9.273890	8.537764	-10.956991	7.850789	-20.058636	-13.353570	0.343016	-8.475726	9.301461	-11.857800	-8.521678	1.135534	18.851566	20.530363	-7.560938	20.271517	2.887568	-16.443141	4.381603	-2.536695	13.752721	-10.807406	-4.709121	-6.470562	-19.797368	0.596541	4.967235	18.224160	-6.655746	-2.089194	-3.191596	-21.673457	-11.653772	20.513229	15.723834	3.769439	-17.421157	-20.089881	10.947755	-18.022261	18.663426	-0.755940	
-5.654860	19.171691	-18.114730	13.187430	16.331974	15.876029	-21.073775	24.804301	-12.009950	23.204954	-22.682895	-10.881200	18.218729	-8.877898	-6.761381	-6.352856	23.521198	3.785748	-12.801274	24.366513	-11.559906	-17.439834	5.293866	-17.336849	3.399457	5.317714	19.087657	22.380437	-10.335215	4.195150	14.426986	23.677277	3.756584	-19.118327	-12.063784	12.742057	12.177804	7.775906	-0.657849	-14.795369	-11.300565	-5.946173	-18.423204	-14.616072	-13.652885	-18.286270	23.682011	19.815426	9.611468	-12.299401	
-11.098014	14.988021	6.956193	-17.602633	13.256355	5.800454	20.587549	8.503932	-23.191490	22.335358	-24.323197	14.888077	-6.956327	5.878744	-5.587235	18.735092	10.588792	26.846102	-22.419083	-13.782210	11.358753	15.078340	-19.141985	14.522804	4.974726	-15.459191	16.964975	-3.709013	-3.642898	-19.187083	20.348933	12.334523	15.904015	-16.058116	11.788177	8.766671	8.641485	-4.505899	-4.025659	21.029300	14.694089	-20.839177	-12.743929	6.189976	-0.599007	22.862292	9.355721	0.510342	9.950234	16.667835	
17.557295	-16.841248	12.228149	2.020790	3.529436	13.567948	10.190256	-7.885579	-11.349490	-4.469442	-11.918782	-6.588523	-11.386761	16.244414	-0.994149	-7.509606	-10.179648	-11.043981	0.609144	5.906769	9.864559	9.010836	-2.247065	-12.544068	-8.403263	-14.195919	-13.071600	-6.615349	13.241054	8.800660	10.593347	-7.600926	4.355046	0.877557	13.618371	-1.437798	8.742351	-15.610844	-7.595237	13.368079	2.070757	-14.403515	-11.610288	9.545409	8.251652	14.852155	-15.806646	10.993168	8.981663	0.527760	
11.772256	-5.850380	3.370140	9.262954	10.224811	-6.705642	19.279016	-18.705391	-5.245191	7.217905	-16.110754	4.528443	24.068076	16.893392	-6.464313	25.134429	21.738071	19.462632	13.372127	-9.522951	-0.306621	-23.038289	-25.976055	18.841751	-24.159872	-1.840427	24.067579	-12.099079	15.982754	17.346079	-4.285498	-2.738257	-5.347715	9.408921	-4.132795	-9.844388	-25.894827	13.212443	21.724089	-14.953901	-22.303804	-4.482035	6.800544	-19.898400	-15.196710	-8.072530	20.686397	-1.508619	-6.761647	-23.777926	
22.553347	-2.684392	22.431063	20.818744	-17.619294	-15.012090	22.869858	-15.083555	20.001926	4.995918	-3.795352	-8.995006	22.167199	-10.161684	16.635844	-6.749963	22.753145	-20.696915	-7.682480	-3.026288	-11.408601	-14.696131	16.146380	-7.153919	15.156133	-0.288251	11.157319	22.380006	-15.226043	-13.356748	-3.401106	-7.677948	22.108986	-12.821586	-2.842087	-4.261723	-14.684603	1.452842	0.243431	9.438933	-20.467307	20.927746	-21.960276	-8.663471	-18.449810	4.460649	-13.557355	-9.281904	5.624912	-10.226557	
-26.974897	-4.311812	-8.266742	22.797549	-27.491693	-21.194390	-30.035916	29.746818	2.113145	-30.236177	17.384133	-27.666915	16.130543	-2.497039	5.987939	30.160384	-2.436697	0.937517	14.229031	-10.407745	-27.433578	-18.735405	14.279962	-7.150279	27.355851	-9.382353	13.724134	28.325339	15.826727	-1.535235	-24.644953	-20.161940	-28.485881	-18.464981	0.498685	0.314383	25.860023	-17.737677	4.705347	-11.040359	-16.597938	-0.136855	2.774840	1.533573	-12.807894	-25.073166	5.910198	24.283060	3.553556	-16.515076	
9.981748	20.940981	20.002982	-9.551855	-3.669420	17.843645	15.189096	-10.559394	4.599235	16.563475	15.203560	19.810463	-7.878113	1.387691	19.394487	-4.181071	19.471157	-1.189947	19.405688	-11.092941	3.193239	11.024886	22.455370	2.292108	-3.128845	-6.902470	-14.667039	16.342875	21.798652	-22.384222	19.667705	19.169328	12.721505	17.908782	6.492330	-11.933486	13.055775	-13.084600	-2.569020	2.714251	6.934198	-9.738638	19.587130	-12.095680	2.555795	5.411844	12.778318	16.302860	-12.747934	11.796771	
18.351586	-2.176688	6.253163	-5.734235	-0.700872	-8.591484	-12.840521	13.219856	-15.584453	-6.131202	-6.607217	4.476145	-11.821091	-8.851000	14.195005	8.125313	-9.308902	-17.232361	-7.434265	-3.174417	13.703709	11.826770	12.106184	10.766220	-18.499188	15.172908	4.623660	10.357949	-2.072644	13.155373	4.529971	14.693252	-0.877858	15.529528	7.098421	-5.069017	-13.746129	-4.599199	15.958199	-1.859656	7.719997	12.478371	-5.218754	17.412817	15.048619	-2.886807	13.769540	6.881483	12.400649	16.434456	
7.285619	-19.234111	-12.281177	3.163092	-0.863141	21.748334	-17.049358	-14.419103	-11.577612	8.232550	-7.510323	20.695359	18.507437	-13.696178	-17.263995	-15.176601	-7.890664	-20.570463	14.510957	-14.313854	14.726712	-16.749195	-6.429126	-4.806049	-11.352430	-8.138017	13.358342	-7.444090	17.602015	9.986616	-3.386996	12.790691	15.666373	-10.996054	7.719138	11.616847	17.419821	14.517282	17.808883	-2.267322	-18.892886	7.820838	-13.297754	15.545745	18.721998	-1.990308	-1.123583	21.866269	6.316219	22.333242	
24.260613	15.453367	-7.072480	-18.925140	-17.677399	0.478545	-11.389206	13.377913	-21.255924	-3.591804	-9.631546	20.579966	3.396573	-3.789981	24.882277	-4.938947	-13.931553	3.904117	-19.666493	-14.166063	6.984372	-12.156847	19.699891	-24.995940	11.069649	-20.014480	16.052322	10.116986	21.580172	5.501230	14.839970	-1.595340	-12.239863	20.274212	18.562697	-8.024275	-9.707908	3.755156	15.285341	-0.829619	-24.926176	-17.934472	-11.320965	20.882987	-9.539411	14.632494	10.697960	-13.693920	-11.397185	21.035245	
-9.451387	25.283310	10.855019	21.314786	11.752313	1.077302	23.328347	4.887905	25.713073	6.887526	9.069544	16.719484	-23.830455	-19.547967	-9.765031	-7.927203	12.101604	-6.731168	-12.747499	10.005486	-13.954447	-2.609054	1.837021	12.870741	1.838789	19.451913	-23.597660	-15.561162	12.574234	-1.029796	9.819876	-18.340217	25.387592	-5.391682	25.924658	-4.813109	23.446825	-10.240905	18.937589	-24.189507	-11.682895	11.761699	-27.853824	-19.606199	26.013283	7.514220	6.728549	-17.797903	25.643864	-11.404130	
-12.725046	-22.230000	-21.755887	-26.400661	22.091318	-9.939558	2.305407	-10.389714	13.265862	14.711191	5.573578	3.041321	-6.328571	26.142754	6.764934	26.634995	27.805131	4.957479	3.310696	11.182873	-27.459373	-25.155170	4.969833	1.303856	1.541248	1.826993	20.940660	-7.833231	-4.890112	-18.897645	25.367039	13.581487	-17.624406	-20.823593	11.150365	19.562550	3.737067	-9.313420	-5.685585	-9.753759	-20.996367	-7.130227	2.787149	14.653356	-5.815037	-21.223287	3.622453	-22.830005	-6.885782	-25.085490	
-3.682009	-15.468288	1.661314	4.456831	0.671157	20.600339	1.321002	-9.317693	-13.298018	-5.367638	22.900325	-20.580776	-6.177772	14.542545	14.803077	5.239415	10.413511	4.363459	6.972187	-2.037532	-5.816439	-2.531245	-6.799282	-1.379186	-19.321304	4.234476	-5.398047	-8.273835	-12.631508	-12.536216	21.503591	-8.565012	19.181934	-6.228246	-14.130813	14.478217	15.703876	0.213687	19.390022	-6.851034	-22.919556	-16.001728	-7.815997	-3.707492	19.066150	-0.773474	-19.676701	7.736326	22.194982	-22.330348	
10.760291	6.997959	16.882763	-9.401084	12.602177	3.033618	-8.353562	12.214960	-20.971362	16.839592	-23.146823	5.496026	23.828884	-18.814289	22.703677	-13.503542	14.074930	25.514412	-14.259485	1.543430	5.320769	-2.585212	-17.446220	-0.119759	-13.990378	-15.472459	-6.950636	2.584385	-15.557432	13.200079	1.661471	-0.991643	18.020793	1.052117	19.998062	15.180017	27.171014	26.456471	4.028746	24.484963	22.332925	-23.164763	-22.478720	2.256396	-17.927903	-0.208256	-1.699153	-15.011793	-7.559980	16.428450	
17.370637	6.666833	-5.653113	-4.241788	4.518939	-3.131351	1.377144	15.204894	19.074010	6.387377	-4.200353	0.549484	-12.758618	20.632409	-12.066978	-15.817755	8.129352	10.907203	-20.309020	0.835302	8.794709	-19.104755	-21.662619	-6.415391	-11.150383	-6.276393	11.682915	20.473347	13.338240	-4.361210	8.388713	3.781001	-15.726239	2.429734	-20.240360	-13.356613	12.255089	-3.060193	-9.712397	2.766498	17.419330	15.390427	10.723725	19.237766	-18.114047	22.272710	-2.124365	1.326453	-4.614950	-20.324580	
-9.602688	-19.926845	12.182269	-10.223607	2.674152	6.150545	21.132721	13.643053	22.777461	16.283497	3.752996	7.760950	-14.422145	13.426339	5.419329	4.587607	0.313974	21.711450	2.023407	-20.611161	16.903162	-19.149055	13.285540	14.587946	9.550941	14.160498	3.134834	-2.995417	-19.397550	0.294254	-2.695351	10.293790	11.884170	5.591866	18.297871	2.788242	0.591947	-21.688167	-2.151993	7.156911	-12.071891	-5.116808	-3.131720	-0.480300	-21.615478	22.018993	-18.437035	-15.497188	-10.573539	-15.434851	
4.411269	17.309815	3.093568	-3.768567	-5.147605	-23.083867	22.924246	4.671726	-17.093452	-24.406178	-16.818206	-22.305553	-22.890716	12.817053	-25.731333	9.983368	25.544060	-3.474815	3.887701	19.027948	-9.811466	-4.477292	-13.079938	16.876272	27.291020	-26.185773	16.503357	22.221666	-17.217481	24.244866	28.672681	-8.557319	8.509483	-28.506956	-7.911370	15.942401	-22.977267	26.847336	21.564597	4.136993	18.235647	24.712701	-7.034304	-17.106934	-7.359625	20.536227	16.427688	-24.342958	-14.896082	-3.280733	
-5.610288	-21.978909	4.719213	2.344541	-22.747135	-7.177537	9.896058	4.171334	-7.999064	23.637680	6.369564	2.929666	0.121756	-5.551684	12.770995	-4.194069	-12.806997	15.987466	-0.663841	10.202311	-20.364764	4.833000	18.838985	-9.159134	14.744444	3.914155	15.181186	-16.639333	6.875622	20.441066	-25.796272	-2.943594	-3.956087	-1.392721	-11.862658	15.434603	7.020469	-13.012156	19.028633	-1.091606	17.553398	25.123754	15.631876	0.013457	10.044635	-16.919271	11.331474	-5.735039	26.262510	-6.729129	
-23.929109	-12.806321	16.155219	9.761462	23.258096	15.907258	-9.314349	4.617866	18.049685	-21.640149	-4.979980	-12.108384	15.902092	-14.831446	15.110812	-3.806623	22.641375	11.304107	14.054169	-4.546101	-8.642643	-21.916605	-5.608891	-20.927707	-10.308982	3.744740	11.510435	-13.664050	-9.593938	3.708281	20.582073	-10.879550	22.036929	5.778420	-10.130806	14.655952	3.904429	6.299551	14.641252	-3.907405	6.763799	11.131750	-20.534382	-6.076381	-20.660268	-0.364771	-17.302037	20.670865	8.063805	20.715618	
-15.296616	12.093855	-1.151139	-9.775885	15.341282	-11.597629	10.346243	13.338103	-24.320120	-5.065954	-13.065802	16.086499	-5.948944	3.110948	-8.395666	15.437881	23.075858	-17.408068	24.549715	4.775782	-14.240314	-9.193737	-21.940987	-13.082261	8.559892	11.929273	11.413078	19.492963	-22.018540	-4.928443	-0.620775	-22.746262	10.693799	-15.740783	-8.941638	19.717956	8.477763	-24.568962	-0.134888	7.458743	-12.517366	-8.318917	-1.634489	-6.621018	-1.135768	-24.791434	-12.886589	-16.681695	5.768699	8.935292	
10.055818	-14.634247	-5.048354	-9.709151	13.122141	12.521261	20.914631	15.210186	21.865029	-13.450297	5.018980	-11.669673	1.571575	7.993385	-12.576365	18.232151	13.646564	12.083013	19.917649	-22.786017	22.685966	1.033406	-13.796883	-1.930159	2.991242	-7.851411	-22.313169	-18.440209	-22.141983	1.412415	8.862259	4.312724	15.509891	11.140867	-4.562117	20.481245	-3.784714	11.683289	-15.545231	-13.321119	21.279757	16.432696	-3.971624	-7.923698	13.594275	-18.722547	-2.061516	11.949012	-22.325640	16.120073	
-0.590321	-8.657925	0.707828	-3.094270	-23.218685	15.521227	14.434653	-2.729741	-7.991916	-14.959446	20.402342	-0.613674	5.194627	15.672305	27.696673	-10.648611	-5.304887	17.770244	-18.822112	4.040385	23.613249	23.577979	11.250511	-16.303787	-17.136834	25.542481	-12.689997	-25.449511	-15.050322	25.498878	-5.197545	10.712585	-23.784026	14.386633	18.285272	-8.435571	13.546225	17.024948	-12.364718	10.621738	11.415761	-13.477610	-11.392199	-7.112225	2.676711	25.588339	-10.174024	7.181964	23.456274	16.495166	
-1.545709	14.094078	18.665379	1.532112	3.076398	-27.512909	17.686369	-1.445639	-23.368256	-24.449578	-0.528161	27.445301	-22.994741	9.350372	-9.528904	10.356924	-26.474037	-20.408179	11.812433	12.798006	16.574932	1.034999	-26.333724	24.231912	-17.347247	27.031684	-21.345653	-22.702164	4.018722	15.874753	1.097485	3.418277	-13.901267	0.286900	-25.373347	-17.477447	2.932462	-19.727729	-15.529713	-12.614775	-4.774036	3.907953	-6.335567	-11.805266	13.161046	-19.528791	24.859777	-6.284216	12.958358	14.290568	
5.304842	-25.612528	18.696247	16.173064	-23.755622	-1.737762	9.043821	-19.343969	-16.966866	18.880215	4.541578	7.838588	-19.570117	-25.753815	15.750975	-5.085347	7.331151	-22.967021	16.902854	-7.294884	-15.753956	-16.787635	-23.365928	16.645641	15.814637	12.613090	-18.812843	19.001149	-24.159704	12.105210	3.352475	8.402483	-6.000718	17.024207	-6.164721	-23.242550	-21.453582	18.780645	-11.882949	3.319960	11.501916	26.866379	-1.488525	5.467702	13.321201	3.891229	17.155358	-10.632783	22.334772	-25.466443	
-26.412760	13.210332	12.579602	-32.135510	-12.151574	35.516066	-19.054310	31.655944	-1.467680	-5.774451	-26.798677	-24.026658	10.817563	8.362280	-11.515332	8.265524	19.826460	-27.241662	-1.805075	-1.477059	14.643142	-20.395250	12.090227	-9.843705	14.470599	3.623813	-8.363004	9.863357	33.149983	31.183685	17.300018	15.881127	4.433096	-17.968492	-18.421720	-29.842728	-9.880987	-10.056102	6.748337	12.890727	-22.258712	-27.183845	14.067972	18.033833	-8.486051	-2.305629	-6.774756	-29.783150	-21.291504	-22.704939	
-0.283493	-1.116880	12.967753	-7.806259	-14.576318	0.780067	7.609833	-13.358287	-14.410565	10.828765	-15.095633	-15.460168	-7.799100	-13.320443	2.271429	-7.665981	10.763414	3.819522	-1.300420	-3.101607	-1.976204	-16.798636	-9.697937	-12.980910	-6.864946	1.144068	16.777002	15.132874	3.362413	-18.079024	-17.419358	7.011123	14.380511	9.518289	-5.318469	17.509943	-14.771070	12.009787	12.247918	-13.970604	-0.134445	16.362852	-3.703526	1.183046	-15.345016	18.038347	11.834977	-14.363697	-13.811597	-5.669206	
20.941451	9.244288	11.686437	-6.112100	-1.395156	-3.387179	17.129209	20.090793	-4.425497	9.903453	-1.064054	-8.298139	-14.084758	3.672440	-15.077387	18.411135	-17.823541	3.525461	11.008766	-10.825631	-2.476320	12.629470	17.558192	7.222612	2.591847	13.210632	8.396340	-15.133091	10.778887	10.670821	6.073374	-4.413276	-4.102763	-16.435000	-18.279114	6.259880	19.922935	-3.019242	-20.716021	14.370522	20.033779	15.481621	-17.390345	14.979303	12.719118	20.518268	8.670439	-14.557524	0.405608	-19.931008	
0.847073	-25.099937	-1.832666	5.040782	-8.781911	-7.120084	19.887453	9.883844	-0.906151	22.900796	8.658970	-21.460586	-20.469666	6.488806	23.941197	20.594261	22.961386	-14.809469	24.928995	-8.824210	20.057774	-9.711287	-13.075533	4.628100	-8.517060	0.689821	-2.844461	19.881610	3.724952	-24.924037	-26.280429	27.878166	-24.309527	-8.220884	18.238219	6.498042	-20.287088	8.382960	-26.258127	-15.685136	27.416848	21.186774	24.142437	-18.015895	4.449510	3.853850	-23.543564	-25.649420	-21.114060	-19.604199	
14.416477	22.712059	-9.592410	11.257563	23.909403	18.502833	9.813508	-11.218617	22.885127	5.202657	17.493719	18.441970	-12.028912	-11.496156	-11.096841	-19.619103	-7.735565	0.027029	7.334131	-4.859503	7.954202	5.580929	1.935292	-10.360338	-23.372151	-19.168909	21.361558	6.664208	8.485172	5.555095	-15.076373	-4.895114	-10.301149	8.927406	-19.156014	-14.427587	-14.414160	-14.819578	-16.496483	-15.693949	-4.840690	23.561091	10.792339	1.870531	1.057857	-19.362338	-17.133106	22.257024	-20.134791	1.115298	
1.536393	-25.877018	-5.565097	-14.923904	7.781206	24.522408	18.853503	21.999167	18.064597	-20.003561	10.179709	7.497346	0.827911	20.605050	19.107498	0.454790	-11.407507	7.092930	-7.942808	-17.532634	-18.365853	11.199471	-1.142020	16.357025	18.291192	0.045351	22.157812	-17.257735	11.967820	11.660159	25.964654	-15.256013	15.528019	26.403954	-21.399055	-14.925225	-4.330119	-6.548660	-22.861794	-1.656400	-12.022262	-13.470321	-20.080394	-8.893880	14.088522	-19.743194	-25.066336	-14.092037	14.779882	1.573176	
-19.426341	-1.846246	0.789816	8.375135	5.592942	8.517722	-14.444450	0.389781	18.748331	-4.169761	8.716277	-8.976827	-8.395046	3.958909	18.576305	8.792368	15.067124	12.326000	10.432920	6.207953	-11.050067	-3.567387	-9.778560	-7.834074	-18.875707	7.784651	-20.517250	19.891382	-1.177348	8.556143	-4.061178	5.434872	18.879886	5.689701	-20.492046	15.137492	-1.332617	-17.958489	-16.401114	-20.734320	17.831277	-15.506656	7.503377	15.408962	5.973901	-8.398904	19.860040	-4.477333	-14.414722	-0.225156	
-18.973981	4.303902	16.209635	-6.136260	-20.633942	5.088458	17.651663	23.022594	17.087130	-26.539447	10.586297	16.456599	10.373441	26.613706	24.986475	4.555629	5.031414	14.140152	-22.708916	-27.808887	1.677964	3.401244	-1.829938	16.940486	10.337619	28.760605	24.283398	11.398421	-13.155081	-2.776647	-13.942275	4.252746	4.105981	26.615176	7.779004	19.474416	24.631703	-25.949435	-9.294379	-8.227329	-22.160649	8.930940	21.602705	7.782235	22.050769	28.085530	-8.479802	11.336046	5.247032	-24.678845	
16.444671	-4.352410	-8.593358	21.891413	-4.546016	-0.252253	14.176285	4.521151	16.968328	11.423455	-21.249426	-10.150374	-12.594962	10.636635	10.940038	2.851500	-25.597340	3.974640	-15.456425	22.851526	-4.609316	-17.486035	-25.222259	-8.440989	1.002188	-5.251534	-2.905440	-17.528926	26.220697	11.575610	13.175469	21.222804	22.487402	23.347649	-20.465476	-13.434451	13.235403	14.049339	7.561385	2.085263	25.205295	-11.857643	-13.572987	-4.595589	15.114808	12.156048	8.544165	-0.972941	13.693029	-11.261719	
8.358575	-20.050858	-2.668717	9.366744	8.849371	24.995519	4.501615	-23.879499	20.966511	9.508888	-17.843418	-1.096590	6.832673	6.077375	22.437713	15.025440	21.547244	16.604498	6.778777	-18.647352	14.218070	10.781807	-10.548336	10.014051	-18.414573	-2.152743	13.308311	-16.013273	9.390699	20.623467	5.111262	22.651197	1.233306	-14.015131	16.113434	-1.944195	-11.165337	15.051493	15.696714	17.104512	-12.476389	-19.710211	-7.443231	-16.358594	-9.460691	-24.553943	2.042686	4.190654	8.900914	8.950234	
11.218366	18.335568	15.763204	-17.298058	-19.550301	-2.423222	-11.902606	-3.520555	21.477020	-5.290507	11.958309	11.382120	17.409524	-12.320193	-12.385410	9.420311	-19.635001	-5.435121	-21.551947	-3.164269	-17.765904	-11.627149	-9.255260	20.014193	13.296516	5.118477	12.114482	-21.553537	18.595171	15.315847	-13.211391	-7.018301	17.916740	12.219739	-7.418341	-13.463825	-14.035127	17.688244	2.984660	4.521004	-10.320044	19.386079	3.596722	20.764818	-19.045023	20.401029	21.574472	5.894687	3.687200	7.818581	
-14.270380	-12.896749	-14.154326	-16.271418	14.423908	-5.069497	-19.031926	-10.019892	-18.068130	-14.161825	-16.341882	11.557002	19.141109	3.368830	-2.061778	-15.270956	-14.132030	-2.316548	-5.542549	-17.030051	-16.060749	8.043648	8.073269	2.731558	0.576215	-8.259484	-6.883209	-8.089428	4.240869	-8.172902	3.262465	7.942345	-17.953945	15.014222	1.998125	7.278545	14.604179	-14.967446	-0.246245	-18.104526	-8.518314	3.683742	0.115537	-18.539216	19.538679	14.754564	-13.567130	11.662511	7.995674	-13.870285	
5.617048	7.431465	10.193081	-10.560311	-5.962563	-7.773606	4.920979	-10.157459	2.174584	16.451930	-13.649060	-2.038702	9.949349	14.422366	-5.120036	13.419131	-10.702346	-15.514334	-10.105168	-11.623028	16.624950	10.460428	2.593108	-0.915026	-5.949442	-13.283298	6.713694	15.398659	1.554008	-4.281230	0.150360	10.228612	-15.129145	5.662689	-9.383708	15.543577	14.054949	-13.772217	15.597498	-1.738151	-9.833278	14.014746	-9.882674	14.049173	-13.022561	13.293665	-8.286433	9.311141	-13.440622	9.297666	
3.412912	-2.739572	4.371201	-16.438266	-2.061161	3.046888	-4.178033	18.915863	11.147771	21.434174	-0.449067	10.687242	16.181330	21.031759	-16.607360	-17.229301	-12.318799	9.047873	18.862661	-4.930218	-0.952026	1.046227	-0.157175	2.063482	-6.861582	-14.015696	9.388726	22.999514	1.533127	20.877459	-18.561603	-6.633424	-3.704022	1.569195	-4.650339	16.274703	-20.627737	0.715753	-2.671268	17.790556	2.773320	0.634730	-15.579070	16.311569	-3.784761	-10.271529	-18.645648	7.028169	11.735542	4.128385	
-3.297833	0.546721	1.664201	3.157730	-11.738505	-10.659192	-0.163002	3.409535	12.427898	-20.859118	-0.248906	-18.518978	10.250490	-0.322933	-11.841179	-9.827239	-0.963754	-19.358359	-3.544910	4.250097	5.331282	-18.256696	12.117565	-5.137627	18.432991	0.696626	-0.826973	-17.200194	-8.801981	0.724387	-13.805583	-15.446110	-19.762635	-3.750312	-21.747725	3.253877	9.157314	-21.340829	16.770520	6.994634	-20.050453	11.415619	12.169949	12.060491	14.464507	22.526323	-13.398952	-7.495964	17.425906	8.553543	
13.223822	-6.480383	-14.790299	0.205688	-12.666539	-27.088017	12.266248	21.152450	3.329328	25.610006	14.135262	-24.642389	-20.543664	-27.626069	-17.655738	-3.576057	24.749653	23.510079	3.747881	16.531533	-9.544411	-1.508807	24.979543	23.860594	24.876392	-4.549931	13.877696	2.333439	4.667839	-7.766117	-4.008981	17.582426	7.377899	15.679654	-21.258331	-19.761362	2.531961	-8.996678	-5.598460	19.403798	-20.069362	1.642930	-19.270194	23.322225	-4.039289	-12.960827	-0.570679	9.266606	-8.922901	14.638836	
-2.594446	-6.285937	14.456130	10.858108	1.294682	-3.242670	-10.416770	-1.022218	6.117818	-23.795601	-4.618300	20.146507	-15.236720	16.591705	-24.624270	6.657192	-15.709188	13.044115	8.059322	15.731385	7.628010	-0.101362	11.916672	-2.184174	3.454331	12.743482	7.258090	-7.469182	-1.697350	-13.015045	-24.875566	-9.216718	13.773282	9.451275	2.060254	24.598415	14.837287	12.656074	9.478513	24.813953	21.153849	-8.073259	24.487760	-22.969293	16.024735	18.143094	-22.471222	4.714103	-22.044431	23.922712	
12.911898	13.846171	-11.779210	-4.404756	-4.714439	-9.167274	-3.146985	18.365887	-5.043955	-7.152211	7.457177	-15.425654	4.279457	-9.398621	20.301969	10.940110	19.564305	10.056005	8.303505	-11.429315	-5.546491	16.927662	-4.358425	-1.284690	1.603584	4.155946	18.128501	-2.468039	-10.432049	7.053784	-19.191769	16.322726	20.269765	-15.565753	4.772214	17.559622	-18.417268	-15.748559	18.576715	-7.253962	19.331585	0.594574	-11.970110	-3.812270	19.997327	-16.724174	13.608132	0.002116	-14.419209	9.679556	
-17.951834	15.564283	-15.686521	21.652183	-20.112179	-1.634481	-9.696449	7.645779	6.821420	17.740260	-0.981333	-6.674840	4.554610	5.388459	3.674321	3.467749	-14.020911	-22.776654	17.808609	-20.319171	-21.757554	-10.972488	-6.831625	14.366462	6.696682	10.801502	-21.546724	4.967294	3.906541	-22.739655	-22.162542	-21.679728	12.969499	7.470838	-5.802901	18.653319	-10.046737	-8.741790	-10.045405	5.046505	17.794606	17.229004	15.920757	19.824901	11.490974	22.241806	4.828556	22.309436	-10.455742	-9.970775	
3.066201	-18.889878	-21.615709	-4.824828	-14.646797	20.382310	15.207078	-19.027350	-8.033394	17.602889	10.577337	1.181170	20.983847	5.915950	-21.102712	-11.740619	19.363818	-10.805250	-17.210348	11.910115	-8.801314	22.074468	12.400242	8.705624	-6.352679	2.346136	20.472759	-14.334818	-5.984362	-22.904952	21.242045	-14.451913	-20.207737	1.125523	17.003282	-1.044750	-16.037172	-10.330519	-12.581299	-4.673911	-12.402521	13.223187	-3.379240	6.894737	7.081266	17.674414	11.825725	-6.507851	3.416164	7.132126	
10.447505	-6.363687	17.158226	-6.654635	8.924857	8.942045	5.686829	-13.307728	-12.705221	7.489322	-4.817661	-7.229392	8.296265	-4.189440	-18.912402	18.877383	-18.307169	5.230428	-19.747729	-22.486316	-17.207283	17.719086	7.586267	3.272600	17.816698	-3.896561	8.797060	7.428642	-4.524100	-14.301191	-13.527318	21.382353	16.100219	-21.783467	-10.097283	-22.843675	21.976705	16.207931	21.129055	-21.211977	14.024785	16.164361	-2.027186	-10.533130	-3.862495	21.368837	13.963903	-11.949319	-22.879731	-11.490723	
0.018286	0.008708	0.031595	0.009984	0.034497	0.006991	0.017328	0.017616	0.001260	0.008774	0.021343	0.001647	0.007836	0.028838	0.021411	0.026285	0.006285	0.027909	0.011961	0.027235	0.033364	0.014922	0.034036	0.026147	0.029562	0.003697	0.017807	0.030730	0.022466	0.031490	0.032889	0.012218	0.032572	0.032833	0.013393	0.034802	0.019736	0.017325	0.027307	0.018607	0.003554	0.035732	0.017888	0.005445	0.016493	0.020917	0.034270	0.024108	0.013396	0.006504	
0.022228	0.021785	0.043370	0.021525	0.010450	0.016598	0.005894	0.008497	0.003838	0.010783	0.009759	0.025165	0.014713	0.037120	0.045517	0.032042	0.036299	0.015332	0.003180	0.039545	0.018541	0.008235	0.005674	0.032406	0.003337	0.011127	0.031362	0.016529	0.029518	0.037734	0.005379	0.045310	0.024507	0.002861	0.006265	0.015951	0.019209	0.018312	0.022106	0.043173	0.046152	0.000632	0.011328	0.005270	0.027537	0.026071	0.024337	0.003290	0.018101	0.016109	
0.009250	0.025701	0.005553	0.026159	0.034234	0.022429	0.027954	0.018666	0.019699	0.026557	0.029950	0.035410	0.020390	0.004232	0.000761	0.011548	0.007146	0.013585	0.031635	0.029255	0.019878	0.022002	0.027930	0.004803	0.018988	0.012547	0.031062	0.023247	0.020940	0.017355	0.028474	0.003552	0.024374	0.028672	0.019858	0.020965	0.033278	0.027136	0.011996	0.011141	0.018595	0.003041	0.020946	0.011054	0.014332	0.030927	0.025620	0.028475	0.021528	0.017168	
0.036737	0.012454	0.035388	0.001932	0.000402	0.034226	0.030027	0.033869	0.014018	0.014696	0.031425	0.016736	0.001502	0.024667	0.007164	0.002864	0.013606	0.024018	0.019325	0.023289	0.029163	0.000596	0.026481	0.007293	0.018444	0.007881	0.034133	0.031265	0.028459	0.010501	0.029270	0.021556	0.033811	0.014391	0.014372	0.030739	0.009859	0.032062	0.025908	0.015086	0.017931	0.034677	0.005220	0.035390	0.013310	0.004207	0.008022	0.037055	0.028552	0.016018	
0.010575	0.014735	0.038399	0.034691	0.006158	0.028512	0.015809	0.023177	0.020488	0.003329	0.001360	0.029962	0.040489	0.027549	0.026175	0.003159	0.002384	0.000437	0.018663	0.041399	0.003263	0.029937	0.003529	0.029729	0.034160	0.039741	0.014588	0.033734	0.014515	0.035999	0.005368	0.043025	0.026517	0.025065	0.023483	0.009156	0.010827	0.040810	0.003991	0.000486	0.009695	0.019442	0.018206	0.012836	0.020793	0.029465	0.020737	0.017923	0.016076	0.019452	
0.028882	0.016736	0.031659	0.023863	0.036913	0.019840	0.025099	0.035228	0.027373	0.006567	0.026411	0.023912	0.033341	0.008628	0.013473	0.023667	0.003230	0.013945	0.008752	0.017183	0.016286	0.032239	0.025907	0.030758	0.010701	0.014857	0.019960	0.025281	0.032527	0.004170	0.033613	0.001926	0.011047	0.031166	0.010350	0.021168	0.005802	0.006142	0.030675	0.013198	0.036280	0.031428	0.024762	0.020437	0.006864	0.022154	0.026394	0.004721	0.010897	0.013584	
0.011832	0.019324	0.023638	0.023712	0.027208	0.024244	0.035728	0.035459	0.023708	0.027011	0.011309	0.010187	0.013075	0.011755	0.011687	0.026008	0.007295	0.033220	0.012498	0.027780	0.004658	0.032784	0.013502	0.032254	0.014615	0.000914	0.021408	0.010471	0.033165	0.013133	0.021579	0.023390	0.025972	0.036232	0.019619	0.033003	0.013297	0.001751	0.025498	0.008619	0.002867	0.000838	0.033625	0.034530	0.009092	0.014438	0.036251	0.002448	0.028585	0.034787	
0.026528	0.002564	0.028476	0.007093	0.035467	0.023828	0.036438	0.031865	0.021379	0.006946	0.037839	0.033956	0.024443	0.007449	0.001513	0.015228	0.024378	0.015382	0.027365	0.023491	0.006610	0.019334	0.024097	0.011940	0.007850	0.022089	0.028559	0.011848	0.002899	0.001488	0.026331	0.031489	0.034020	0.023667	0.024794	0.010352	0.020803	0.012004	0.004967	0.035278	0.005819	0.029013	0.007491	0.018019	0.018905	0.023938	0.030157	0.018709	0.031068	0.024832	
0.003920	0.023477	0.003543	0.011247	0.000120	0.002221	0.022000	0.035539	0.013314	0.040903	0.002046	0.030967	0.008194	0.033677	0.001474	0.047307	0.013923	0.014831	0.010725	0.045534	0.027159	0.032095	0.044120	0.038775	0.048346	0.015766	0.009422	0.020608	0.038142	0.032841	0.003526	0.014814	0.028404	0.017883	0.022893	0.020347	0.019134	0.010678	0.001055	0.009415	0.029800	0.015164	0.023193	0.005999	0.008184	0.041523	0.013257	0.013695	0.023587	0.005208	
0.024207	0.007154	0.021373	0.034623	0.013441	0.045385	0.002070	0.014706	0.014724	0.023313	0.006224	0.000373	0.039007	0.022744	0.006257	0.022751	0.014535	0.042474	0.000103	0.037347	0.005120	0.000665	0.033988	0.016064	0.014862	0.025141	0.022922	0.001152	0.040761	0.036596	0.006032	0.005906	0.012100	0.021326	0.000437	0.022705	0.023230	0.036526	0.028602	0.030423	0.040545	0.026305	0.037538	0.005793	0.030363	0.001463	0.030232	0.019155	0.015504	0.015734	
0.020118	0.014474	0.027049	0.012724	0.015402	0.006759	0.018862	0.020607	0.015640	0.023549	0.038128	0.028701	0.003184	0.024700	0.036929	0.013044	0.036253	0.023683	0.039647	0.027962	0.025454	0.026142	0.003861	0.031546	0.039654	0.005306	0.039145	0.038245	0.020854	0.004050	0.003767	0.014005	0.036080	0.021510	0.035699	0.003764	0.000873	0.007496	0.024123	0.002172	0.002399	0.009441	0.021746	0.038575	0.005165	0.017994	0.016125	0.029311	0.023929	0.004152	
0.033750	0.031168	0.005735	0.032714	0.011752	0.001425	0.015030	0.000300	0.033179	0.025640	0.033097	0.036461	0.020368	0.033522	0.017736	0.023999	0.020576	0.009416	0.014471	0.011771	0.024807	0.016068	0.018008	0.030189	0.014301	0.004254	0.024100	0.034898	0.017132	0.025799	0.035729	0.026261	0.023633	0.006041	0.015985	0.011684	0.011987	0.017288	0.005834	0.003408	0.010254	0.026032	0.011341	0.017941	0.033832	0.027305	0.029670	0.004319	0.030949	0.028841	
0.009239	0.036868	0.008602	0.023489	0.013727	0.001838	0.026520	0.037576	0.010824	0.002940	0.032222	0.002241	0.038992	0.005079	0.011287	0.002638	0.025992	0.032048	0.026330	0.038114	0.025624	0.015409	0.033241	0.014870	0.039756	0.018161	0.037855	0.025823	0.029781	0.022564	0.034212	0.004081	0.002242	0.008084	0.013961	0.021167	0.001187	0.012060	0.029893	0.019747	0.006792	0.033135	0.035979	0.034672	0.015209	0.016469	0.020787	0.015867	0.017825	0.006975	
0.040361	0.000520	0.018403	0.036532	0.003538	0.039104	0.004186	0.035853	0.014611	0.012819	0.003844	0.004261	0.035530	0.000459	0.024204	0.039386	0.006809	0.004140	0.034766	0.005306	0.023665	0.025062	0.003324	0.018053	0.008806	0.023155	0.009528	0.028412	0.030604	0.031144	0.005474	0.019890	0.033260	0.027314	0.027444	0.011146	0.003678	0.011344	0.022085	0.007220	0.037281	0.032378	0.027537	0.031274	0.010211	0.022140	0.027793	0.022269	0.021085	0.032791	
0.009433	0.033941	0.002052	0.010939	0.013645	0.008685	0.019687	0.001149	0.004477	0.010550	0.000887	0.025232	0.035998	0.010281	0.028860	0.021237	0.026327	0.028935	0.037324	0.020258	0.036724	0.019724	0.000400	0.032426	0.015120	0.002877	0.031557	0.017086	0.036203	0.029953	0.035263	0.019529	0.026642	0.026224	0.021698	0.020309	0.036596	0.020728	0.028527	0.028786	0.033941	0.015264	0.005838	0.018572	0.010545	0.027085	0.007193	0.022532	0.018347	0.004416	
0.010820	0.033810	0.033212	0.022488	0.030480	0.006673	0.036537	0.011607	0.025539	0.024942	0.020474	0.007508	0.035969	0.030908	0.009685	0.007052	0.004340	0.021054	0.022193	0.035166	0.020647	0.025748	0.031286	0.034090	0.012831	0.027009	0.036947	0.019043	0.003725	0.005152	0.036675	0.031289	0.001390	0.024281	0.021226	0.010727	0.001800	0.002468	0.000644	0.018360	0.004779	0.036236	0.020287	0.023890	0.003768	0.010244	0.029426	0.014694	0.036579	0.024304	
0.033116	0.011883	0.019832	0.019920	0.002090	0.007981	0.014906	0.024223	0.004018	0.042288	0.023872	0.004852	0.020934	0.000644	0.011417	0.023284	0.023781	0.040725	0.008443	0.000181	0.020855	0.009623	0.029756	0.010099	0.015768	0.001201	0.019276	0.037909	0.037817	0.038225	0.031686	0.033963	0.029337	0.033603	0.017690	0.000214	0.028194	0.035278	0.030123	0.007763	0.005199	0.024983	0.023537	0.023347	0.037076	0.010473	0.009567	0.031009	0.011821	0.016219	
0.008563	0.033892	0.002846	0.036149	0.022704	0.018572	0.020853	0.029786	0.039090	0.016778	0.007951	0.033768	0.036632	0.023258	0.027398	0.029148	0.032283	0.012441	0.014746	0.000160	0.037558	0.001958	0.013320	0.016883	0.001470	0.009816	0.001882	0.029599	0.034420	0.038555	0.031002	0.035001	0.019261	0.010374	0.007026	0.008177	0.005773	0.000502	0.029495	0.009184	0.019985	0.020797	0.033830	0.018263	0.008277	0.036458	0.024963	0.003691	0.029523	0.015942	
0.031454	0.018917	0.005991	0.012221	0.023724	0.028139	0.026025	0.027841	0.011308	0.028999	0.035540	0.016554	0.009003	0.000015	0.023347	0.027243	0.007844	0.016411	0.008063	0.008311	0.023376	0.026684	0.021240	0.025395	0.016275	0.034804	0.033824	0.032918	0.003603	0.031868	0.002429	0.024194	0.002464	0.034881	0.025573	0.016419	0.033916	0.001423	0.018043	0.030377	0.004306	0.000189	0.018328	0.035703	0.010143	0.016247	0.032024	0.020908	0.021336	0.034161	
0.019641	0.004554	0.016023	0.012871	0.033689	0.034175	0.035566	0.031433	0.018206	0.022272	0.026382	0.011827	0.022141	0.026204	0.014260	0.030842	0.009134	0.031337	0.010466	0.002661	0.033382	0.035988	0.019281	0.019063	0.031258	0.013313	0.009458	0.003692	0.006205	0.009493	0.011602	0.028521	0.026427	0.017593	0.006317	0.012017	0.019123	0.011293	0.013093	0.037056	0.000586	0.035130	0.032035	0.015972	0.004433	0.034101	0.010392	0.034315	0.037688	0.017489	
0.004588	0.007190	0.015636	0.031784	0.003155	0.030705	0.001029	0.007929	0.018249	0.017521	0.011858	0.000191	0.018044	0.023476	0.005062	0.024493	0.013226	0.022478	0.003598	0.031658	0.010461	0.027839	0.038326	0.006854	0.035125	0.005364	0.033179	0.033154	0.033977	0.010138	0.038177	0.038255	0.021560	0.027592	0.008082	0.017741	0.015715	0.028770	0.013199	0.023557	0.032957	0.024698	0.011306	0.022102	0.036540	0.026016	0.036136	0.014541	0.026273	0.010494	
0.009591	0.001998	0.023841	0.018471	0.009337	0.035649	0.041220	0.013286	0.008362	0.000448	0.038997	0.011189	0.004075	0.003547	0.036189	0.010522	0.003704	0.038499	0.041380	0.006726	0.004513	0.017776	0.003081	0.002473	0.001341	0.003589	0.036309	0.029723	0.028434	0.040482	0.028745	0.039554	0.008068	0.044677	0.039836	0.007703	0.031777	0.022150	0.016262	0.015539	0.043392	0.018654	0.026579	0.003242	0.016852	0.008863	0.034151	0.019860	0.012164	0.037181	
0.002067	0.036597	0.028373	0.018502	0.017400	0.035312	0.036734	0.015296	0.018440	0.037879	0.020189	0.000912	0.012217	0.003769	0.012496	0.004003	0.022761	0.021002	0.000552	0.012115	0.034135	0.031220	0.015207	0.031513	0.035152	0.003425	0.025471	0.011808	0.000920	0.029366	0.032577	0.029648	0.005117	0.014639	0.017424	0.018397	0.026454	0.004278	0.023060	0.027266	0.036504	0.007019	0.007115	0.035534	0.033676	0.031716	0.014281	0.015569	0.032293	0.012600	
0.008686	0.022470	0.029878	0.019329	0.001337	0.023435	0.032154	0.020828	0.024215	0.019623	0.001383	0.016962	0.038742	0.026858	0.028199	0.043109	0.016128	0.024677	0.011508	0.013645	0.040141	0.032802	0.006233	0.039044	0.019412	0.005795	0.007344	0.006345	0.006529	0.022555	0.005326	0.023500	0.008408	0.010773	0.035379	0.040709	0.037315	0.012830	0.013583	0.010310	0.012276	0.031055	0.037189	0.021447	0.012536	0.009706	0.014410	0.029141	0.004028	0.020715	
0.017267	0.036477	0.009397	0.016293	0.033393	0.027429	0.005021	0.030109	0.001390	0.011864	0.025498	0.035860	0.024722	0.037677	0.026194	0.007813	0.014015	0.029385	0.008220	0.010848	0.020972	0.039844	0.031938	0.011649	0.036678	0.027710	0.004271	0.030699	0.015299	0.001790	0.021114	0.032253	0.027032	0.009952	0.023576	0.012394	0.012511	0.028485	0.030975	0.023333	0.037127	0.002913	0.014803	0.003439	0.005273	0.039050	0.013763	0.000710	0.029569	0.002007	
0.030727	0.025486	0.017238	0.025617	0.019066	0.034871	0.022172	0.010390	0.022602	0.018451	0.001526	0.003373	0.032486	0.001437	0.028977	0.032946	0.025277	0.019546	0.019521	0.008393	0.035151	0.005922	0.034054	0.005470	0.018687	0.034130	0.021599	0.009610	0.029462	0.017272	0.009459	0.035063	0.017005	0.004735	0.008411	0.018810	0.027003	0.013091	0.013042	0.031622	0.009097	0.025572	0.015734	0.032245	0.004979	0.019939	0.029410	0.028711	0.023154	0.021460	
0.031478	0.030271	0.031038	0.023567	0.038020	0.000448	0.009962	0.021111	0.021683	0.006679	0.037252	0.017786	0.019145	0.016993	0.021347	0.007489	0.002039	0.014787	0.025963	0.033649	0.013624	0.032373	0.018457	0.037301	0.023783	0.035715	0.021644	0.014876	0.036946	0.010365	0.008781	0.025604	0.000581	0.000851	0.012893	0.004987	0.017186	0.029859	0.031391	0.008832	0.022165	0.016684	0.017834	0.030862	0.026096	0.017511	0.001536	0.027925	0.006523	0.036107	
0.013659	0.007285	0.020076	0.030621	0.018215	0.032778	0.019924	0.020742	0.020640	0.028839	0.022220	0.036885	0.008317	0.008783	0.015764	0.016999	0.037238	0.010194	0.012963	0.021604	0.017778	0.000951	0.040997	0.013154	0.037184	0.010138	0.030867	0.027452	0.006922	0.035814	0.038712	0.035534	0.003852	0.034127	0.017868	0.026857	0.001814	0.014390	0.035986	0.000119	0.015204	0.032587	0.017784	0.018764	0.005665	0.018376	0.022750	0.017281	0.015035	0.002293	
0.009584	0.031945	0.036082	0.022386	0.017396	0.015200	0.014256	0.034268	0.035844	0.006348	0.036326	0.008056	0.015536	0.012721	0.006547	0.020321	0.011607	0.031503	0.020699	0.003523	0.012430	0.037423	0.000372	0.032773	0.030647	0.028883	0.016576	0.025269	0.032377	0.005694	0.003691	0.010992	0.035154	0.030913	0.013573	0.023616	0.012042	0.023994	0.028063	0.027059	0.023014	0.011067	0.025947	0.035804	0.024960	0.003999	0.001863	0.019761	0.006995	0.024902	
0.029813	0.000900	0.017042	0.034180	0.031488	0.026236	0.025451	0.013854	0.021100	0.014567	0.011403	0.032238	0.009633	0.031929	0.018160	0.035444	0.001459	0.036166	0.021815	0.011885	0.032273	0.017155	0.023056	0.014939	0.026003	0.018371	0.029083	0.033924	0.029804	0.031307	0.010627	0.009665	0.016083	0.014630	0.019733	0.010032	0.027228	0.008048	0.013470	0.038704	0.002893	0.023121	0.006834	0.013929	0.032757	0.012966	0.006741	0.027189	0.003331	0.021342	
0.012736	0.024507	0.001915	0.012287	0.019660	0.025471	0.015974	0.029338	0.013887	0.010304	0.012343	0.034651	0.026080	0.023228	0.026348	0.034918	0.007061	0.004171	0.003815	0.033933	0.003796	0.015037	0.010103	0.000306	0.004198	0.023918	0.033468	0.029685	0.031750	0.029649	0.011233	0.030244	0.034185	0.025501	0.010264	0.031978	0.006490	0.016479	0.023317	0.038882	0.023130	0.008663	0.028007	0.012854	0.025434	0.028980	0.006444	0.035921	0.023033	0.024420	
0.032545	0.004363	0.035150	0.029773	0.029712	0.014148	0.016135	0.025819	0.020368	0.026556	0.021643	0.029203	0.007357	0.022890	0.037755	0.000986	0.026040	0.001074	0.005250	0.025866	0.033374	0.028698	0.021748	0.034091	0.010387	0.029645	0.019060	0.032348	0.012298	0.008928	0.033012	0.021495	0.016926	0.015049	0.019709	0.018868	0.036260	0.006661	0.011698	0.009480	0.034282	0.026333	0.013142	0.018367	0.006395	0.016054	0.021680	0.016925	0.001664	0.012789	
0.019166	0.007608	0.005149	0.033018	0.023908	0.018890	0.001239	0.010743	0.028604	0.015764	0.012414	0.019992	0.031882	0.016899	0.006669	0.003259	0.034858	0.033419	0.023815	0.004112	0.024792	0.032768	0.032777	0.012582	0.036808	0.001845	0.033369	0.001220	0.028336	0.033847	0.023203	0.011760	0.003243	0.037122	0.030927	0.034467	0.027705	0.024752	0.033120	0.023511	0.018776	0.029216	0.015291	0.013164	0.005043	0.003013	0.009675	0.017717	0.025164	0.023376	
0.020586	0.016893	0.011905	0.031637	0.026140	0.027890	0.011273	0.018566	0.035661	0.007596	0.006420	0.004850	0.011197	0.001554	0.011839	0.002786	0.030921	0.022183	0.032529	0.021402	0.002339	0.021078	0.005670	0.023621	0.005082	0.022590	0.003590	0.037395	0.010173	0.025472	0.008005	0.008850	0.036472	0.025167	0.014865	0.018488	0.028191	0.014978	0.021300	0.006368	0.035714	0.035322	0.035539	0.037327	0.032969	0.034149	0.007648	0.036447	0.035122	0.016244	
0.019718	0.022340	0.006106	0.008674	0.037048	0.028843	0.033866	0.016905	0.002673	0.024452	0.003869	0.019409	0.023890	0.010370	0.000750	0.018273	0.033427	0.019257	0.027792	0.037275	0.017498	0.008349	0.006698	0.005183	0.011071	0.008888	0.032695	0.022914	0.012057	0.010485	0.020859	0.031448	0.016277	0.032778	0.010708	0.038935	0.036674	0.005778	0.007711	0.027153	0.010261	0.035090	0.003050	0.038277	0.036902	0.019487	0.036196	0.021762	0.022570	0.017312	
0.025224	0.022916	0.027956	0.038311	0.019211	0.009827	0.036626	0.028359	0.018053	0.021690	0.030070	0.009809	0.014991	0.015523	0.010956	0.009606	0.020938	0.034202	0.027954	0.022317	0.012105	0.035353	0.005753	0.002204	0.008504	0.002745	0.010324	0.001361	0.025674	0.009869	0.026568	0.012838	0.013955	0.008831	0.009452	0.028664	0.031659	0.001872	0.034099	0.007027	0.036654	0.030799	0.023093	0.036131	0.028491	0.028452	0.004033	0.025706	0.026578	0.026666	
0.019161	0.032819	0.023550	0.001503	0.019864	0.021329	0.015830	0.007468	0.021703	0.028802	0.022143	0.009596	0.002869	0.022198	0.007417	0.017387	0.018687	0.011592	0.020368	0.017352	0.024449	0.010100	0.028364	0.034080	0.019624	0.008828	0.002407	0.022083	0.040526	0.039844	0.024315	0.008568	0.021847	0.031796	0.032613	0.007078	0.021292	0.006789	0.023954	0.028906	0.030932	0.031139	0.007696	0.023780	0.005379	0.005090	0.028005	0.037619	0.029852	0.021407	
0.004044	0.000079	0.014691	0.034956	0.015914	0.019787	0.034553	0.024790	0.002715	0.029379	0.023074	0.037082	0.001560	0.021621	0.026608	0.004695	0.019055	0.033791	0.038159	0.035073	0.000706	0.008644	0.041644	0.007658	0.009115	0.020247	0.000483	0.037856	0.027719	0.017175	0.011635	0.022958	0.000078	0.031184	0.017741	0.033622	0.022281	0.006400	0.014203	0.021128	0.036361	0.032931	0.001808	0.036183	0.012003	0.010715	0.017597	0.036416	0.037841	0.004047	
0.028799	0.026363	0.020443	0.031463	0.021693	0.015490	0.007917	0.025100	0.030939	0.004563	0.010289	0.013075	0.028214	0.017209	0.025242	0.035747	0.011910	0.036966	0.004711	0.025879	0.001359	0.029631	0.016485	0.033328	0.021941	0.000996	0.028255	0.029167	0.029702	0.025258	0.003853	0.011962	0.002077	0.017723	0.035472	0.033796	0.035677	0.030270	0.021790	0.006258	0.001447	0.031582	0.018267	0.018918	0.009938	0.011843	0.003636	0.026631	0.008186	0.032539	
0.013975	0.018607	0.003221	0.001960	0.025614	0.012406	0.011321	0.035591	0.013039	0.029940	0.013585	0.020573	0.022908	0.036996	0.038493	0.018748	0.003144	0.024788	0.009499	0.018685	0.031369	0.007695	0.035785	0.029295	0.026675	0.028870	0.010552	0.012598	0.026473	0.007570	0.021332	0.023517	0.025661	0.024313	0.011492	0.007975	0.039112	0.011556	0.024320	0.004390	0.026312	0.024221	0.026043	0.001024	0.016608	0.035143	0.013946	0.033968	0.017244	0.021846	
0.031206	0.026610	0.015114	0.024876	0.033387	0.012778	0.021767	0.028964	0.012457	0.012731	0.019146	0.016230	0.034880	0.035085	0.032693	0.011407	0.035510	0.024807	0.026802	0.021431	0.026061	0.000777	0.010027	0.008163	0.001018	0.032922	0.024763	0.023920	0.000064	0.029598	0.017606	0.006694	0.017925	0.034692	0.030717	0.023208	0.034063	0.017966	0.016105	0.035598	0.018773	0.018885	0.009982	0.027291	0.022674	0.014913	0.000980	0.000622	0.008676	0.007437	
0.020212	0.006666	0.008167	0.038019	0.004739	0.015296	0.008924	0.016674	0.011855	0.030475	0.014515	0.028257	0.022252	0.027555	0.023967	0.038068	0.023292	0.037563	0.010108	0.013129	0.026274	0.017134	0.037347	0.021610	0.028531	0.023854	0.023706	0.001453	0.006902	0.011903	0.012308	0.033313	0.023742	0.024975	0.031406	0.024835	0.027498	0.016984	0.018858	0.007433	0.015978	0.028814	0.001600	0.012677	0.030817	0.020854	0.032037	0.030176	0.004026	0.003219	
0.033860	0.017294	0.029393	0.000799	0.003854	0.022318	0.025068	0.002837	0.033887	0.003171	0.012912	0.005446	0.010314	0.028137	0.009543	0.008172	0.015788	0.026908	0.014350	0.026196	0.036143	0.029791	0.020668	0.023174	0.028283	0.018123	0.019464	0.035757	0.021002	0.031344	0.008655	0.031119	0.013301	0.025139	0.033481	0.000583	0.020563	0.023795	0.018269	0.024764	0.014098	0.036521	0.029906	0.016408	0.022792	0.024422	0.015160	0.008638	0.038007	0.000384	
0.014800	0.012687	0.007833	0.017874	0.024863	0.019233	0.006281	0.027348	0.011401	0.022403	0.008153	0.017623	0.026799	0.025946	0.012495	0.026646	0.042227	0.008598	0.025497	0.032677	0.033152	0.001226	0.013652	0.017313	0.014826	0.041111	0.021030	0.042361	0.012475	0.026110	0.020961	0.008181	0.009136	0.039796	0.039895	0.043649	0.002462	0.041861	0.013225	0.008320	0.026688	0.013409	0.026352	0.032978	0.004122	0.009139	0.005764	0.015041	0.012365	0.012013	
0.013331	0.017757	0.022020	0.035246	0.014543	0.019475	0.031245	0.029298	0.036103	0.002697	0.025577	0.029838	0.035837	0.019095	0.008309	0.036411	0.016010	0.004878	0.036235	0.029371	0.011705	0.009610	0.035974	0.000891	0.015658	0.016860	0.024828	0.019918	0.033942	0.000878	0.017752	0.018093	0.034417	0.034058	0.036691	0.018795	0.028498	0.033524	0.027382	0.003481	0.012502	0.013277	0.000772	0.007009	0.022979	0.002867	0.011556	0.011951	0.001614	0.029240	
0.008212	0.000807	0.002159	0.012368	0.034578	0.023316	0.005121	0.001764	0.014207	0.012662	0.021587	0.006802	0.007105	0.017066	0.012568	0.024926	0.007281	0.010253	0.033485	0.021703	0.012713	0.031100	0.013904	0.021307	0.003484	0.021061	0.041918	0.011911	0.028353	0.033568	0.037662	0.024806	0.036917	0.036699	0.026641	0.016339	0.030065	0.022749	0.042453	0.004301	0.018108	0.011147	0.007214	0.042038	0.022975	0.017052	0.031120	0.020340	0.016900	0.037182	
0.022019	0.019778	0.024080	0.014425	0.008304	0.019623	0.033494	0.035954	0.005690	0.032135	0.014712	0.037635	0.001630	0.030381	0.033318	0.008692	0.007751	0.037850	0.030335	0.031201	0.005463	0.013465	0.018643	0.006689	0.037307	0.012808	0.032303	0.017440	0.023729	0.031715	0.001898	0.010143	0.035985	0.034829	0.025356	0.017203	0.008257	0.005317	0.020675	0.012415	0.008338	0.029663	0.012097	0.004522	0.038646	0.001555	0.030102	0.032766	0.015091	0.006571	
0.013686	0.028976	0.034143	0.029522	0.031637	0.015800	0.002811	0.028922	0.015765	0.007835	0.003474	0.000880	0.034225	0.037711	0.024573	0.020730	0.003541	0.030745	0.031307	0.018593	0.036797	0.008305	0.007903	0.031512	0.015997	0.034624	0.028798	0.012747	0.013212	0.003868	0.013324	0.000882	0.029744	0.026756	0.013355	0.010731	0.023502	0.027431	0.000758	0.036019	0.024810	0.021000	0.030456	0.002193	0.029908	0.031167	0.029492	0.001374	0.021707	0.016749	
0.011556	0.034076	0.036943	0.021451	0.028534	0.000208	0.027575	0.004982	0.035489	0.002491	0.032799	0.004206	0.009837	0.015906	0.032714	0.033964	0.005186	0.023957	0.034049	0.014111	0.032637	0.001584	0.009492	0.028838	0.025725	0.010231	0.010133	0.010061	0.000950	0.023473	0.026578	0.007020	0.021223	0.012536	0.032471	0.008667	0.031979	0.021000	0.035526	0.023578	0.028157	0.023493	0.019551	0.027685	0.021875	0.019241	0.014123	0.018163	0.028516	0.015463	
0.009932	0.030917	0.018545	0.003673	0.027708	0.032822	0.027953	0.023739	0.017073	0.009013	0.018534	0.023757	0.037392	0.013879	0.021064	0.031218	0.020339	0.020241	0.027974	0.018002	0.025412	0.021657	0.001713	0.011824	0.032798	0.002334	0.033555	0.023701	0.024352	0.037134	0.021555	0.009920	0.032693	0.003800	0.013211	0.017403	0.017179	0.002447	0.008351	0.011934	0.011289	0.024117	0.036337	0.003651	0.039249	0.028429	0.016878	0.027567	0.007798	0.017940	
0.006055	0.030148	0.025494	0.036956	0.040727	0.000199	0.037547	0.008522	0.005311	0.005477	0.014961	0.035290	0.011444	0.009922	0.020001	0.019099	0.039454	0.031323	0.007104	0.028357	0.007157	0.030829	0.013924	0.002294	0.029163	0.011773	0.037194	0.000329	0.012093	0.024279	0.041022	0.013582	0.001013	0.021726	0.021441	0.025863	0.014222	0.009874	0.025459	0.019758	0.039500	0.017229	0.038758	0.002949	0.011286	0.016113	0.032043	0.016368	0.013287	0.036085	
0.035617	0.021399	0.017474	0.002305	0.023112	0.015264	0.007659	0.023770	0.000055	0.006373	0.010774	0.029643	0.022624	0.030386	0.012680	0.021826	0.034143	0.002183	0.009456	0.010162	0.029489	0.023699	0.034414	0.029741	0.024180	0.020323	0.000590	0.018596	0.010554	0.033922	0.006778	0.021124	0.029373	0.032954	0.021004	0.004658	0.019023	0.036937	0.011820	0.025263	0.034019	0.027510	0.035157	0.013426	0.020751	0.018999	0.021542	0.019040	0.005791	0.032416	
0.032983	0.026376	0.003019	0.023710	0.014061	0.035045	0.004319	0.024223	0.006699	0.035833	0.031877	0.029030	0.024500	0.012012	0.023543	0.002702	0.023309	0.030288	0.010451	0.035406	0.008872	0.023271	0.004564	0.004054	0.027039	0.003191	0.021276	0.019866	0.008355	0.013202	0.025457	0.001218	0.024491	0.029047	0.038232	0.032939	0.032428	0.020756	0.034567	0.005162	0.016296	0.021032	0.032486	0.000271	0.015654	0.008498	0.036692	0.013638	0.015176	0.032883	
0.031146	0.001196	0.035160	0.003237	0.024163	0.015818	0.014595	0.006511	0.012802	0.009130	0.015289	0.006982	0.030362	0.034522	0.033745	0.033958	0.003865	0.035762	0.032969	0.024629	0.025097	0.031786	0.027774	0.012269	0.017937	0.002618	0.015433	0.030476	0.007297	0.032662	0.018339	0.021687	0.014859	0.005325	0.025359	0.019845	0.018418	0.020112	0.016804	0.030759	0.032347	0.011162	0.036447	0.027191	0.018101	0.014255	0.013113	0.007101	0.028391	0.011193	
0.009973	0.020122	0.029121	0.036088	0.009664	0.009225	0.021395	0.033909	0.018363	0.035553	0.033745	0.011372	0.023855	0.011092	0.001298	0.029545	0.013348	0.024090	0.020684	0.018120	0.033972	0.034496	0.002524	0.008240	0.005429	0.014081	0.020038	0.013477	0.001003	0.025030	0.017589	0.030252	0.010135	0.031542	0.036505	0.038407	0.018142	0.011786	0.020943	0.033604	0.003368	0.038011	0.001627	0.002299	0.027629	0.034234	0.026010	0.012394	0.025937	0.010735	
0.032489	0.028744	0.017464	0.018061	0.005845	0.017576	0.019055	0.022143	0.024412	0.020415	0.018357	0.014722	0.026542	0.033808	0.019039	0.021988	0.007860	0.018414	0.034572	0.016167	0.022778	0.031913	0.022281	0.002622	0.025238	0.014002	0.000421	0.000734	0.010973	0.022070	0.002768	0.015531	0.028250	0.024498	0.011233	0.011036	0.030174	0.032629	0.025915	0.023616	0.017415	0.030598	0.029294	0.006430	0.033508	0.026294	0.030724	0.016711	0.029221	0.003451	
0.012083	0.030632	0.034828	0.024569	0.026309	0.001732	0.023090	0.032398	0.037157	0.011754	0.009449	0.031917	0.000409	0.030778	0.013519	0.024261	0.019683	0.032267	0.033038	0.031551	0.025538	0.023154	0.002279	0.006118	0.009366	0.018304	0.033606	0.006381	0.030593	0.030574	0.018478	0.014320	0.020085	0.034443	0.002516	0.013667	0.002270	0.014055	0.022865	0.010477	0.022236	0.029522	0.037179	0.011597	0.004060	0.004253	0.020231	0.011714	0.023109	0.035587	
0.030581	0.024477	0.005890	0.041089	0.036048	0.005700	0.038322	0.008899	0.028817	0.006848	0.001261	0.024740	0.019614	0.023264	0.016134	0.019865	0.006638	0.011000	0.011758	0.019433	0.023091	0.004011	0.021734	0.005310	0.008021	0.000840	0.002147	0.036477	0.029747	0.018451	0.034030	0.017987	0.027597	0.022499	0.035434	0.025465	0.025620	0.033458	0.022001	0.019900	0.012781	0.012191	0.002138	0.039176	0.034248	0.016873	0.017274	0.004882	0.041154	0.025086	
0.000605	0.026385	0.040297	0.025543	0.034046	0.006533	0.026775	0.026446	0.007314	0.025456	0.021857	0.007640	0.032602	0.009519	0.003778	0.018167	0.001621	0.004631	0.039905	0.037890	0.026326	0.002697	0.020235	0.013603	0.003186	0.016904	0.024455	0.018542	0.008507	0.027882	0.037575	0.015975	0.027446	0.023660	0.012037	0.014046	0.036469	0.020749	0.034672	0.015918	0.029561	0.024446	0.016395	0.022593	0.021902	0.018342	0.002428	0.031673	0.033140	0.001626	
0.025646	0.029364	0.010065	0.022933	0.004597	0.032544	0.000884	0.011066	0.017232	0.023628	0.012891	0.019732	0.029811	0.018912	0.023007	0.009755	0.029167	0.010499	0.005434	0.003490	0.009738	0.009161	0.013849	0.016158	0.020498	0.009394	0.033871	0.016981	0.012780	0.035139	0.032714	0.023329	0.020128	0.034075	0.004709	0.023054	0.027314	0.009828	0.036259	0.034415	0.028037	0.031003	0.028144	0.026469	0.027596	0.020947	0.007402	0.004680	0.025909	0.035762	
0.005370	0.039466	0.032646	0.037302	0.004308	0.032073	0.023016	0.018273	0.019422	0.001212	0.017414	0.040948	0.040628	0.040590	0.016261	0.000700	0.027147	0.009175	0.041129	0.029104	0.027251	0.025820	0.000448	0.010008	0.007606	0.012033	0.002273	0.041187	0.029847	0.000325	0.027227	0.012136	0.033364	0.002814	0.028096	0.016067	0.040862	0.010902	0.039094	0.023085	0.010666	0.011333	0.004256	0.005962	0.003636	0.037844	0.020054	0.012252	0.026340	0.001028	
0.017565	0.018119	0.028801	0.016258	0.019916	0.014883	0.034178	0.020789	0.001956	0.029715	0.034150	0.015194	0.018675	0.007406	0.032798	0.007733	0.009276	0.004362	0.000135	0.036539	0.012373	0.004027	0.007736	0.024035	0.034475	0.037302	0.021710	0.005642	0.020339	0.001587	0.009719	0.002865	0.031894	0.016195	0.024872	0.010971	0.024381	0.018993	0.037170	0.035265	0.029463	0.027780	0.008496	0.028912	0.021456	0.020315	0.029709	0.029471	0.021960	0.032440	
0.015486	0.018538	0.028368	0.020608	0.018161	0.024143	0.000596	0.027588	0.024678	0.015453	0.026223	0.030373	0.012607	0.016680	0.009909	0.018517	0.002128	0.021855	0.004727	0.016862	0.028993	0.005654	0.003203	0.028116	0.031742	0.003933	0.008889	0.035611	0.016008	0.012050	0.001597	0.028279	0.022331	0.035582	0.021109	0.022489	0.035611	0.027773	0.029693	0.017315	0.031520	0.033212	0.024019	0.013378	0.026554	0.022690	0.008867	0.025703	0.027740	0.016839	
0.031246	0.028306	0.003939	0.003031	0.039161	0.017252	0.027691	0.009138	0.000090	0.008883	0.032524	0.003849	0.002541	0.033623	0.034529	0.004196	0.009163	0.032772	0.029831	0.033103	0.030076	0.009399	0.017900	0.021087	0.008352	0.024783	0.022556	0.035834	0.006186	0.025247	0.025833	0.009710	0.031185	0.025882	0.034937	0.029791	0.002037	0.031113	0.039448	0.012341	0.017444	0.002721	0.034765	0.031254	0.001885	0.000626	0.037198	0.024888	0.009349	0.011304	
0.028515	0.023452	0.011494	0.011526	0.038157	0.027886	0.025811	0.011175	0.020149	0.029072	0.010796	0.002507	0.008112	0.018209	0.021777	0.002308	0.013783	0.027681	0.030534	0.003632	0.008247	0.010213	0.028433	0.032937	0.033753	0.005414	0.006220	0.006823	0.024699	0.033335	0.024536	0.007422	0.005419	0.016076	0.021123	0.000200	0.033707	0.030174	0.032716	0.028531	0.037913	0.024092	0.013071	0.035662	0.001918	0.028553	0.006322	0.039046	0.039330	0.017538	
0.022718	0.012917	0.000414	0.034674	0.010908	0.025018	0.034005	0.029603	0.011075	0.027552	0.004893	0.029170	0.022044	0.026836	0.023873	0.009901	0.035788	0.022030	0.012682	0.006917	0.016927	0.003703	0.003673	0.031129	0.002267	0.025433	0.017162	0.002090	0.020711	0.029766	0.033126	0.034635	0.005929	0.027826	0.031579	0.032161	0.014973	0.032080	0.028900	0.011385	0.008714	0.002186	0.021180	0.018833	0.033806	0.029890	0.002462	0.032030	0.030935	0.011494	
0.002897	0.009280	0.023076	0.023307	0.031593	0.028508	0.025546	0.026965	0.012644	0.039461	0.032542	0.006276	0.033053	0.014398	0.014199	0.000368	0.029900	0.008827	0.009301	0.017849	0.017983	0.037108	0.028234	0.032706	0.037608	0.026996	0.004555	0.010697	0.014618	0.035768	0.000323	0.008636	0.037397	0.040584	0.019536	0.036853	0.015075	0.031871	0.001018	0.030744	0.012915	0.038875	0.008862	0.002921	0.010970	0.035814	0.013545	0.001365	0.008200	0.008235	
0.012971	0.037212	0.016441	0.011156	0.041654	0.007969	0.035667	0.023829	0.015254	0.010295	0.004187	0.014111	0.036842	0.035715	0.000731	0.009520	0.040360	0.015743	0.004509	0.034483	0.029210	0.001431	0.007561	0.015325	0.018305	0.004292	0.018643	0.010068	0.015028	0.000936	0.031553	0.030862	0.041743	0.022149	0.035788	0.007181	0.022367	0.005179	0.033638	0.039423	0.038140	0.029433	0.041805	0.003479	0.005284	0.002560	0.015076	0.016381	0.012144	0.036366	
0.025376	0.009235	0.021641	0.011774	0.017519	0.006822	0.031129	0.000465	0.000961	0.040190	0.005445	0.036658	0.003459	0.028373	0.012642	0.038632	0.029011	0.011889	0.034747	0.028978	0.007283	0.022334	0.016165	0.045050	0.006496	0.041840	0.006793	0.029829	0.036591	0.007139	0.004621	0.016396	0.005605	0.021893	0.004040	0.013610	0.021401	0.021698	0.003243	0.009585	0.044353	0.002994	0.007175	0.027357	0.036265	0.026987	0.037881	0.033535	0.017086	0.029807	
0.021124	0.019341	0.019941	0.007527	0.023545	0.004258	0.041885	0.036187	0.026951	0.000424	0.001317	0.014333	0.009258	0.030625	0.042534	0.025577	0.003560	0.000417	0.009047	0.002652	0.009248	0.005617	0.039846	0.027761	0.032486	0.039882	0.021548	0.007438	0.002747	0.012884	0.005675	0.011626	0.019361	0.011989	0.040477	0.021939	0.035455	0.005820	0.036211	0.008946	0.041650	0.029693	0.007154	0.024858	0.043656	0.003179	0.032586	0.024913	0.039810	0.015043	
0.027180	0.004784	0.001068	0.022502	0.017233	0.006101	0.015500	0.017236	0.026015	0.027210	0.013877	0.028899	0.033872	0.030787	0.022563	0.028382	0.029203	0.034863	0.032592	0.013665	0.034439	0.030013	0.010028	0.013014	0.030545	0.011363	0.009420	0.020399	0.027989	0.015137	0.020271	0.010284	0.032668	0.024585	0.017053	0.028358	0.013483	0.022627	0.024137	0.020074	0.015155	0.005971	0.020706	0.009529	0.013036	0.023363	0.031612	0.005252	0.008733	0.017223	
0.025350	0.023405	0.031132	0.006991	0.015342	0.021153	0.014685	0.011266	0.024715	0.002496	0.022299	0.007026	0.028823	0.011334	0.027928	0.028138	0.018637	0.036622	0.019589	0.004402	0.030390	0.013334	0.030415	0.004917	0.014341	0.004232	0.002715	0.016344	0.025548	0.030811	0.002110	0.029177	0.019968	0.034852	0.037407	0.036045	0.025113	0.009917	0.018204	0.037909	0.019377	0.003411	0.023397	0.020657	0.013948	0.033169	0.000311	0.018821	0.028077	0.033748	
0.004332	0.000916	0.030830	0.030097	0.022363	0.000452	0.040647	0.005748	0.029949	0.010972	0.028017	0.017408	0.007643	0.020440	0.024537	0.021191	0.030534	0.021035	0.011846	0.002952	0.040159	0.030642	0.004531	0.039656	0.003276	0.008577	0.036898	0.002590	0.012422	0.023925	0.036153	0.010428	0.028133	0.030444	0.005192	0.039044	0.026761	0.009746	0.026470	0.024654	0.026958	0.008617	0.021517	0.036163	0.028882	0.012689	0.009245	0.020939	0.013509	0.019872	
0.009254	0.031103	0.000140	0.006257	0.022620	0.016641	0.026432	0.025176	0.009774	0.029663	0.002276	0.001421	0.005491	0.023209	0.034996	0.000606	0.004911	0.019217	0.005119	0.032244	0.017472	0.006551	0.037982	0.002572	0.019078	0.018962	0.031312	0.035114	0.036172	0.027642	0.012646	0.022429	0.027344	0.013983	0.036031	0.030476	0.038084	0.012261	0.011587	0.018206	0.007944	0.018551	0.029823	0.036303	0.018164	0.028192	0.015971	0.033582	0.037923	0.011100	
0.016308	0.032041	0.010428	0.022729	0.017880	0.030009	0.016370	0.020408	0.005096	0.007018	0.038951	0.014417	0.002829	0.009082	0.009160	0.028600	0.023529	0.027257	0.015670	0.014435	0.041942	0.026027	0.005918	0.026440	0.038447	0.003540	0.011458	0.007784	0.014876	0.015169	0.002779	0.017592	0.034756	0.023644	0.008126	0.013360	0.041301	0.005699	0.001769	0.046103	0.027403	0.020262	0.021611	0.045178	0.002511	0.019899	0.043709	0.016496	0.016131	0.037852	
0.038025	0.010127	0.037988	0.016585	0.000498	0.030645	0.033525	0.030200	0.008853	0.022926	0.036002	0.020916	0.011933	0.012485	0.001345	0.038604	0.033205	0.005953	0.025116	0.022652	0.004774	0.015437	0.031996	0.010235	0.019358	0.004435	0.021823	0.040365	0.005839	0.032870	0.025934	0.035118	0.015806	0.025239	0.029679	0.025667	0.004436	0.017949	0.017598	0.040020	0.004631	0.017389	0.013902	0.017561	0.002658	0.006419	0.012926	0.027314	0.030285	0.004755	
0.006840	0.009126	0.017673	0.026378	0.015331	0.041774	0.006818	0.015966	0.019643	0.008411	0.008980	0.040546	0.012309	0.003495	0.023752	0.024398	0.006496	0.024804	0.007587	0.043358	0.022724	0.032906	0.007471	0.022801	0.022329	0.006188	0.033723	0.035077	0.017201	0.014571	0.035276	0.010247	0.008068	0.031778	0.043602	0.003633	0.043207	0.012809	0.021589	0.025772	0.029750	0.004101	0.004509	0.007529	0.035369	0.042006	0.021151	0.007702	0.031692	0.001533	
0.021678	0.000302	0.025570	0.009274	0.031887	0.003110	0.022917	0.031000	0.008945	0.012098	0.019207	0.015000	0.029865	0.022106	0.015238	0.024786	0.014887	0.033759	0.007079	0.013946	0.017492	0.034777	0.030700	0.005951	0.016025	0.022322	0.015730	0.026603	0.033117	0.022240	0.033382	0.019440	0.001945	0.015515	0.031873	0.010322	0.033583	0.022930	0.001093	0.023210	0.005067	0.024583	0.027275	0.014063	0.032917	0.019839	0.030006	0.028483	0.017971	0.018890	
0.003737	0.016430	0.024371	0.009343	0.032640	0.005190	0.016302	0.018202	0.013500	0.018021	0.034277	0.023881	0.003033	0.021105	0.022763	0.025882	0.022233	0.016730	0.031189	0.036635	0.031346	0.009407	0.004776	0.033157	0.008962	0.008343	0.032251	0.016704	0.031924	0.038396	0.010640	0.035831	0.007633	0.024227	0.036665	0.014063	0.006256	0.005322	0.031266	0.001305	0.033293	0.008734	0.027399	0.037278	0.000624	0.014625	0.036422	0.028639	0.012696	0.016352	
0.007600	0.031479	0.001952	0.004823	0.022358	0.003881	0.039354	0.029936	0.020311	0.018999	0.021511	0.001313	0.001622	0.002466	0.021007	0.014912	0.033869	0.025379	0.033020	0.001812	0.028124	0.026800	0.004841	0.030959	0.039040	0.025949	0.021595	0.024288	0.023070	0.001263	0.033555	0.002328	0.013701	0.024240	0.030903	0.012248	0.017010	0.005413	0.009112	0.035676	0.029619	0.039429	0.022645	0.018718	0.031272	0.017687	0.023072	0.033264	0.021262	0.015310	
0.010450	0.042468	0.028812	0.021677	0.026355	0.017580	0.022191	0.004482	0.007551	0.041000	0.003204	0.027675	0.021871	0.032617	0.005563	0.008367	0.009570	0.036676	0.010597	0.023734	0.027356	0.015943	0.001490	0.001673	0.009967	0.010899	0.031987	0.020961	0.038998	0.041089	0.025901	0.003297	0.011670	0.023428	0.018017	0.041523	0.007611	0.040209	0.031251	0.008411	0.014190	0.029517	0.004672	0.002242	0.018452	0.032635	0.021135	0.010560	0.015213	0.037265	
0.010221	0.020176	0.018722	0.035787	0.030884	0.003261	0.022645	0.029994	0.008545	0.020850	0.017719	0.026876	0.032225	0.000814	0.007912	0.028043	0.035827	0.024775	0.027564	0.028596	0.020092	0.029469	0.032011	0.028073	0.008257	0.012189	0.027120	0.035154	0.016691	0.014037	0.016044	0.032840	0.017520	0.018639	0.002862	0.011899	0.011420	0.009356	0.005858	0.013528	0.033608	0.017194	0.027066	0.025445	0.035221	0.000650	0.024259	0.015080	0.021058	0.005923	
0.004993	0.019465	0.018500	0.025814	0.000419	0.036035	0.010390	0.019793	0.005540	0.026217	0.019768	0.024089	0.025939	0.040330	0.019982	0.029048	0.013391	0.034905	0.012327	0.038939	0.000714	0.027413	0.006538	0.019026	0.028242	0.036376	0.001767	0.002970	0.003784	0.033104	0.019909	0.003401	0.039287	0.001174	0.005547	0.021335	0.041727	0.019296	0.028639	0.004421	0.001078	0.042251	0.027845	0.018986	0.037128	0.018624	0.007830	0.037191	0.013278	0.025238	
0.031212	0.003737	0.004135	0.033693	0.012997	0.037488	0.014947	0.019407	0.035887	0.005661	0.032455	0.013496	0.031333	0.013690	0.010755	0.013245	0.014101	0.031159	0.022933	0.034080	0.033764	0.026948	0.003310	0.027538	0.000375	0.015605	0.008201	0.003132	0.017215	0.022236	0.016230	0.013512	0.034485	0.018804	0.010408	0.005190	0.013265	0.018808	0.003895	0.033957	0.023721	0.020366	0.016071	0.023340	0.029751	0.036847	0.001845	0.037741	0.038283	0.028745	
0.019769	0.032963	0.011993	0.008158	0.027804	0.002773	0.019567	0.018796	0.028141	0.017822	0.037350	0.001883	0.001312	0.021744	0.024188	0.008540	0.014841	0.010666	0.006122	0.026897	0.020518	0.034395	0.016530	0.019377	0.022783	0.001063	0.033511	0.034500	0.021050	0.035565	0.034453	0.028471	0.036847	0.002701	0.021884	0.017698	0.027977	0.028761	0.014137	0.003097	0.023946	0.014479	0.006793	0.029744	0.027683	0.018700	0.026689	0.010081	0.008300	0.036937	
0.026497	0.005908	0.001650	0.018490	0.036236	0.014854	0.013007	0.009384	0.027819	0.008903	0.016218	0.007952	0.015151	0.020348	0.030552	0.021850	0.031087	0.015954	0.008370	0.023754	0.029747	0.002037	0.001770	0.019880	0.034895	0.028180	0.031987	0.035648	0.001953	0.031382	0.013497	0.004561	0.019122	0.011953	0.029994	0.020818	0.035151	0.016510	0.034051	0.033695	0.019970	0.022624	0.017457	0.028359	0.031691	0.022067	0.004847	0.027154	0.025137	0.009878	
0.018256	0.026469	0.006731	0.028475	0.019770	0.006036	0.009850	0.016045	0.039895	0.018020	0.000573	0.001031	0.018592	0.015960	0.002171	0.040058	0.034246	0.036374	0.036499	0.037141	0.017842	0.037165	0.000732	0.031072	0.031124	0.017623	0.012408	0.023645	0.018908	0.003522	0.007433	0.010345	0.024993	0.009135	0.030793	0.038660	0.021191	0.009320	0.029312	0.035760	0.017533	0.026872	0.018956	0.037261	0.027206	0.012339	0.013233	0.012533	0.003712	0.007181	
0.001673	0.025521	0.027992	0.019149	0.024457	0.027382	0.029051	0.019531	0.026574	0.009475	0.007223	0.037308	0.003210	0.013523	0.012890	0.010790	0.014172	0.000463	0.019459	0.034455	0.000604	0.004532	0.010890	0.033728	0.010580	0.018474	0.026924	0.016441	0.003312	0.027787	0.026540	0.047432	0.004325	0.006429	0.028752	0.013894	0.008680	0.044534	0.006336	0.014140	0.046391	0.028057	0.028399	0.027439	0.003529	0.043363	0.018818	0.007396	0.030561	0.047416	
0.011937	0.010477	0.037845	0.041619	0.005833	0.017503	0.015026	0.017837	0.011128	0.031660	0.024220	0.022180	0.018307	0.025941	0.020993	0.037501	0.036404	0.009005	0.003701	0.003351	0.035668	0.006952	0.040189	0.006242	0.045317	0.008841	0.005944	0.018692	0.037517	0.011011	0.016472	0.012398	0.002150	0.014020	0.037186	0.004013	0.006582	0.030961	0.035945	0.016698	0.025267	0.034246	0.015045	0.028591	0.009994	0.003421	0.007255	0.009264	0.037251	0.034403	
0.041159	0.007782	0.026928	0.034903	0.000574	0.030655	0.012733	0.015956	0.025039	0.030012	0.020380	0.018630	0.023410	0.002886	0.026806	0.024060	0.004698	0.008578	0.007720	0.019454	0.038971	0.002996	0.014867	0.039718	0.003043	0.011857	0.008594	0.036857	0.016733	0.025252	0.035518	0.005962	0.024420	0.017222	0.041437	0.030462	0.016663	0.024525	0.033729	0.003045	0.016305	0.006281	0.008041	0.004863	0.017466	0.019055	0.031976	0.036407	0.014762	0.030614	
0.024082	0.001836	0.014868	0.001483	0.011794	0.014520	0.020009	0.041163	0.022762	0.008380	0.007726	0.003994	0.018738	0.040759	0.029484	0.003301	0.037472	0.034216	0.037195	0.033398	0.002551	0.008531	0.036426	0.002596	0.008037	0.019667	0.015672	0.009832	0.015171	0.006950	0.037097	0.006683	0.039909	0.016570	0.007102	0.030025	0.023684	0.008426	0.015837	0.035020	0.025824	0.036786	0.028258	0.028455	0.040166	0.011121	0.004735	0.033278	0.034286	0.004124	
0.034150	0.028899	0.013366	0.035565	0.032624	0.028246	0.032840	0.026924	0.013439	0.001726	0.018312	0.038342	0.009144	0.006513	0.003252	0.016063	0.035665	0.027474	0.006168	0.037757	0.007114	0.018851	0.014282	0.011642	0.010726	0.036029	0.038546	0.027396	0.018892	0.039102	0.022837	0.012382	0.026693	0.025850	0.005233	0.020269	0.018260	0.021311	0.007055	0.002925	0.029080	0.008574	0.013387	0.025871	0.012224	0.013153	0.005242	0.036942	0.020947	0.002712	
0.015528	0.006490	0.025643	0.019782	0.021168	0.033753	0.000701	0.010600	0.035912	0.029956	0.002499	0.006727	0.010784	0.008727	0.032926	0.022807	0.003951	0.005209	0.038989	0.037967	0.020343	0.015663	0.011372	0.003472	0.013471	0.031888	0.005907	0.008767	0.024047	0.004120	0.033379	0.038835	0.008559	0.040044	0.007617	0.013053	0.019451	0.037041	0.026371	0.039595	0.002162	0.016257	0.028667	0.028473	0.031674	0.016658	0.039071	0.003439	0.037665	0.022821	
0.037845	0.012334	0.014476	0.026983	0.007040	0.043950	0.004052	0.012328	0.013558	0.009281	0.007109	0.011114	0.023746	0.021653	0.014758	0.014563	0.033767	0.016879	0.035495	0.027690	0.008658	0.021812	0.032982	0.037935	0.019589	0.003593	0.008293	0.019404	0.000124	0.000525	0.028695	0.018837	0.012480	0.021606	0.007901	0.035147	0.036587	0.035810	0.025823	0.000770	0.039841	0.007306	0.005119	0.009296	0.038213	0.039481	0.028995	0.015988	0.033395	0.017175	
0.028109	0.002021	0.035648	0.012434	0.034966	0.007575	0.000778	0.028336	0.011315	0.019986	0.032833	0.030754	0.030727	0.000351	0.019209	0.028711	0.011494	0.030976	0.000976	0.029315	0.006271	0.019118	0.036189	0.022863	0.028474	0.034279	0.017857	0.002043	0.011316	0.019258	0.007741	0.013273	0.030515	0.020898	0.015783	0.009866	0.015732	0.009755	0.020121	0.020420	0.028212	0.021731	0.014849	0.006962	0.032647	0.012124	0.028372	0.035205	0.024536	0.037079	
0.025810	0.000896	0.025459	0.021613	0.036660	0.028502	0.025693	0.015034	0.004789	0.019484	0.014460	0.024765	0.004485	0.001645	0.033615	0.014984	0.024439	0.027874	0.016212	0.030117	0.033862	0.018732	0.014257	0.031359	0.006124	0.025228	0.005472	0.030986	0.015992	0.016140	0.019995	0.025141	0.021180	0.008322	0.023940	0.027883	0.008442	0.011109	0.027684	0.011819	0.002340	0.029170	0.029978	0.005869	0.019259	0.026787	0.021831	0.031966	0.019200	0.033398	
0.035146	0.033557	0.033055	0.014759	0.024972	0.013888	0.029199	0.029119	0.019466	0.027677	0.027891	0.025470	0.019152	0.021557	0.014228	0.026279	0.017283	0.031993	0.025702	0.030859	0.024906	0.022190	0.015638	0.021018	0.014177	0.021137	0.023681	0.001206	0.030709	0.015359	0.004112	0.033218	0.026692	0.010619	0.007860	0.007826	0.033179	0.002593	0.018110	0.014179	0.000423	0.004004	0.014834	0.027485	0.002211	0.033706	0.007989	0.010036	0.031567	0.018083	
0.004520	0.031062	0.021424	0.022674	0.000822	0.007691	0.010674	0.026378	0.002624	0.019959	0.011843	0.006855	0.033621	0.020571	0.010158	0.017939	0.032813	0.009137	0.013033	0.019967	0.029967	0.012004	0.009188	0.035987	0.034741	0.038068	0.003547	0.007352	0.033360	0.017839	0.034098	0.010471	0.000416	0.026525	0.021358	0.015476	0.037647	0.008939	0.032168	0.012917	0.038040	0.013027	0.020616	0.032879	0.009877	0.028983	0.015479	0.026698	0.031272	0.037297	
0.033517	0.011225	0.006791	0.010179	0.031345	0.034760	0.031462	0.022021	0.026811	0.016433	0.007087	0.034168	0.021374	0.029422	0.032235	0.009477	0.036419	0.033930	0.005436	0.011872	0.030752	0.014070	0.027903	0.037287	0.028597	0.001241	0.023411	0.009807	0.037454	0.035655	0.002538	0.032524	0.000879	0.028698	0.015853	0.003689	0.009788	0.024723	0.011281	0.008741	0.009491	0.014240	0.009234	0.013670	0.028076	0.026731	0.011619	0.010185	0.023517	0.022384	
0.038272	0.021891	0.018804	0.020920	0.021328	0.004432	0.005745	0.020440	0.042139	0.038810	0.004555	0.009184	0.004028	0.036482	0.003356	0.013797	0.041307	0.012724	0.031382	0.033336	0.035986	0.028004	0.032946	0.028907	0.008337	0.032632	0.003259	0.004531	0.008028	0.029201	0.006894	0.028463	0.017057	0.033168	0.039929	0.021392	0.010968	0.008008	0.004905	0.032452	0.016015	0.000566	0.010414	0.017626	0.026385	0.025011	0.029141	0.006561	0.020811	0.009472	
0.29
