50
2
0.401085	-20.003215	-17.531443	9.633894	12.101293	-3.797450	20.238598	16.334635	-6.076028	-8.636273	3.230976	-13.998298	-13.992064	-14.474457	0.806738	17.951350	-9.254296	-8.844905	-19.029940	10.843434	-19.455397	14.005417	5.998953	10.924968	-10.249559	-20.371992	-11.157401	2.984677	16.185459	-18.001047	-9.487517	-7.096032	4.701217	25.635546	9.057123	23.231410	-22.991283	12.996609	12.557363	7.758604	-11.726788	4.688859	10.850442	19.310789	21.035858	-22.716166	23.983790	6.135830	5.007753	-17.306045	
16.143980	-9.976748	8.742126	11.494206	-14.483645	18.453550	9.683129	-5.116520	5.169751	-15.106815	-16.711938	1.421649	16.927234	-8.023362	8.804884	-9.417850	15.603276	23.566053	-8.803955	4.241528	0.760060	-0.374822	-23.758445	-16.104120	-12.470740	22.336018	-0.904382	-18.986120	-23.317380	-17.807948	-5.275490	-4.447525	-7.398784	-12.745101	20.499554	3.318393	-15.282372	9.546903	12.721867	-3.674846	7.614871	2.333370	-6.947635	-13.685737	17.046871	17.386765	10.910366	22.105633	13.889979	-14.416570	
-13.855328	-19.234565	-11.488046	-0.760239	-22.234466	-23.358730	23.698558	9.819064	24.773779	-24.714911	-24.972864	17.301880	-7.139228	21.820682	-21.216258	-8.282416	-4.087347	26.166830	19.555920	3.420432	-12.064522	15.124666	23.902897	11.473594	10.680779	24.649834	-16.027362	17.891333	-6.074931	-26.304557	-20.069134	-16.903740	-25.991574	20.605949	-23.778101	6.480341	-18.821496	15.090610	-7.496151	-21.538810	-14.143530	8.809577	17.744463	-5.532235	-5.627632	1.114534	-13.297590	-6.836800	16.915336	16.164909	
15.748216	-12.040348	-4.956660	15.972577	-8.735698	-9.250707	-2.520995	24.919096	3.207673	3.866546	7.057402	9.755064	9.000787	-20.873914	-19.986882	11.171910	23.739845	-12.262822	-2.184849	8.646719	-21.254056	-2.493206	-5.183154	21.255591	14.246102	-19.105651	-13.443767	18.560708	20.879248	7.915700	4.935417	4.694188	6.304108	13.976716	-2.324252	-2.072971	-16.866665	13.810008	23.274466	-14.774983	3.583590	-0.632636	13.604858	-15.921618	-2.526747	-22.782128	7.857308	-7.757998	6.813096	-19.599004	
11.895828	3.507875	-13.789083	13.786182	-4.401795	20.735958	-13.519943	-14.149724	-17.296336	-4.275225	0.903000	17.899767	14.881996	-20.963233	-17.725081	-9.028364	-18.115728	-13.180572	4.168784	18.025438	-7.153613	1.970844	9.036766	12.716594	19.103302	11.684987	9.089565	-15.113026	19.902248	-10.008240	-21.794747	11.958896	-9.145428	16.699143	-12.946514	11.100155	-22.944621	-11.989818	21.048296	18.302085	-11.634193	15.113674	-21.251911	-13.163677	-1.041881	13.891807	23.979271	-8.976110	19.769514	-20.445905	
-18.914414	6.010805	20.868244	-13.947238	7.590578	-14.287886	12.790843	-18.115634	18.099737	8.387961	-8.751687	1.569365	-10.488345	4.569850	-20.235654	11.497528	-3.909836	-18.463821	-17.159085	14.786077	20.118142	-12.826347	-15.301332	12.401518	8.825760	-0.905247	-15.947929	9.843325	7.552562	-13.556098	16.497914	3.821375	2.929423	-1.832008	-17.112310	22.457564	16.569104	7.506601	-1.290156	15.287717	-14.368793	16.362355	21.323892	17.686579	17.767447	1.485204	-2.070778	-15.051411	-14.057692	13.166989	
-1.722970	-15.864783	22.389268	20.313496	1.265320	-16.089679	22.629147	-0.946661	-8.442572	-13.849904	24.630417	20.470690	5.611925	21.509202	-19.047027	-2.924978	-16.619452	-12.955530	-25.940997	-10.220226	5.594798	15.988387	-9.653910	21.112461	20.246754	-26.162995	-7.815637	-15.430433	1.144063	0.361414	-6.231215	10.034584	-15.859102	13.577594	-7.444506	19.490437	-6.398461	17.888314	27.558543	-21.244951	-4.126184	1.278735	1.468050	20.056267	-21.397359	-18.941156	-19.307592	2.747396	25.099716	5.957935	
-11.634082	3.913548	-18.089359	13.491213	13.249336	4.646490	11.719400	-10.363055	-15.830686	12.447180	-12.502475	-22.940460	-17.744740	-22.367811	-14.198139	14.220557	-23.608566	-13.237689	7.214664	-17.567968	-24.610060	5.350534	3.862250	-13.510193	-18.067810	3.527764	-14.350499	-17.627653	1.214738	-10.206719	-19.367811	-24.692382	10.027074	-7.131966	2.317571	-14.865578	-7.226154	-17.303676	-1.133329	18.604658	-9.423154	-1.171004	18.300189	3.222705	21.169140	4.910334	2.483306	14.796728	-12.478063	14.705861	
19.362986	2.727063	-3.037752	2.707651	15.233102	1.768413	-5.060842	10.079881	-5.832368	19.318980	6.645272	-4.784964	-6.572424	-16.119862	-14.788748	19.035322	-8.563337	1.056990	-1.088173	-6.077947	15.958710	-6.079024	-14.030135	9.519243	-15.083316	1.900939	6.317642	-1.657048	-12.191225	19.789899	-6.668906	0.739146	12.268489	16.531094	0.601379	15.001024	8.056125	6.445971	-19.956665	4.510094	-4.654276	17.530410	-12.810842	7.003867	-8.386879	-18.091682	-13.616050	-0.399671	-2.967862	17.789447	
-1.066486	-6.514541	9.327499	-10.659733	-19.927699	9.965928	-7.019755	-12.384267	8.086501	17.536177	16.432042	-22.105734	22.753002	-2.916316	12.113274	6.339332	14.008881	-10.250914	-11.042728	-10.673074	19.422691	-24.293622	-4.847567	7.866382	6.100827	-3.296990	0.028811	21.470794	11.910375	-4.576490	23.000041	-19.402134	2.202221	-9.139547	-11.253759	4.928435	13.638568	-11.910742	20.521368	10.592891	14.879001	-16.789834	16.506061	20.363457	8.758315	1.952458	-23.944271	-5.199039	-14.649942	-22.167127	
-0.534550	-2.469644	19.989919	-7.263307	17.318721	16.426736	-17.573483	8.239935	-23.176212	-8.234361	10.610734	14.633840	1.744559	-14.003864	-2.454276	6.061066	14.257778	-8.582396	-14.204522	-23.495927	-17.161385	-17.495161	-7.553883	-8.384136	-23.739085	-17.065601	4.504222	-21.070088	-9.514079	-14.588408	7.829135	23.999462	-0.096638	7.880205	-4.163149	23.204426	-21.665813	0.349345	-25.859572	-22.578326	-7.596192	12.072718	-19.491480	-15.174907	-0.525071	-3.070489	9.798277	2.698656	6.135901	7.685162	
5.411976	2.924076	5.598706	-18.229079	-10.630439	14.305062	20.498482	-4.865769	13.223275	-3.978763	13.549893	17.605527	15.065119	16.514604	-11.696203	9.782855	1.404731	14.190778	-5.894308	-17.552444	-13.232005	20.955589	16.250901	23.149525	17.595865	-11.177675	3.814682	-8.394715	16.262205	11.141879	-23.252917	2.098336	10.566509	-9.124924	6.388248	-7.223876	-6.558482	-6.250201	19.215933	13.561397	-11.232739	18.053224	13.331921	-9.870082	-10.109336	7.135239	11.335971	2.928214	-5.389015	14.056229	
7.901366	8.009657	9.387586	-6.385248	13.988687	16.905995	-6.120415	-0.668237	13.511959	-6.754621	-16.583801	-14.168883	10.726468	1.913336	-1.318671	19.344002	9.959874	18.986587	-20.263006	-18.934696	-9.632157	14.966467	-6.791840	-0.585057	5.931113	-0.915181	-12.537104	13.316819	-19.651675	-2.603093	-5.469829	-2.824801	-5.032605	16.682189	10.680144	20.187245	16.656862	-4.880978	5.390080	2.672062	1.605191	0.752173	-17.535570	17.513623	-17.193424	-11.969323	-2.274846	-16.486770	-5.251452	6.059915	
0.760726	-0.266061	15.701359	2.747075	-32.484750	21.707283	-17.938497	23.929903	23.122359	-9.594510	9.477042	0.695215	-23.979831	-12.743347	1.056892	30.065705	23.816264	-16.310236	20.943332	-7.805199	-21.902981	11.313855	-23.353901	10.594982	19.319683	-16.648146	-19.318603	20.532744	16.461910	-18.795428	13.019222	-7.866293	-31.547907	-26.929078	20.082681	5.105808	-32.427264	-16.739427	28.130657	27.820155	-9.307410	-13.658359	-18.072303	2.626427	9.550587	31.748078	-0.545538	17.585484	14.835632	-1.528778	
3.762038	-14.968001	-6.303462	-3.453759	18.807984	25.286479	24.731664	-22.350972	6.694989	19.003223	-6.304396	11.754012	14.853343	-10.730588	-16.674522	7.100188	24.677485	3.700178	17.500696	23.152527	16.492516	24.646473	-3.770098	-5.545923	-11.813482	-0.709379	21.128246	17.753038	20.834708	-18.110358	0.210558	-18.336630	18.525416	-13.610596	7.086717	-4.022697	-17.335212	13.820534	-6.387364	20.378944	-4.464904	24.445316	-5.332167	-9.195957	23.890690	-14.418009	11.374868	-11.637391	-22.622380	10.183033	
22.289771	-6.193890	-8.871658	3.516882	22.996105	12.397629	-4.649696	-18.807627	14.304511	-19.600519	15.688938	-1.542852	-16.421657	-21.425443	2.379745	-14.343658	-19.642576	-4.761785	-22.729613	2.952998	10.198024	-13.183139	-12.010228	-18.652185	6.752950	-12.389221	-5.933215	9.011571	-9.540090	4.994817	21.481953	-22.729796	11.209448	-16.458459	21.918995	1.507634	18.744441	-4.742408	2.519228	-9.628590	-18.392004	20.503625	-11.168579	-20.478769	8.083421	-4.642995	-21.730269	-6.531435	18.936417	13.307755	
11.302324	-16.248641	22.207499	-1.050420	-5.493903	5.641214	-20.901768	1.629987	10.781920	5.134932	21.395840	-12.669937	1.891776	-20.278306	17.409597	-19.587337	-16.176579	15.139240	-1.466432	-24.763686	24.703441	-14.698802	-1.952190	-5.518757	7.767375	-11.024685	20.442263	-12.298543	21.647906	-1.437775	24.367383	2.044532	13.835698	26.321690	1.093441	-19.586002	22.558981	21.265001	-3.496666	1.989746	-21.329813	25.629975	-8.113778	-21.204348	-24.313228	-12.437983	-4.573137	22.411414	-17.731237	15.955352	
16.660655	-10.983868	19.425741	26.698335	-11.547650	-21.693182	9.986194	-6.358041	27.122591	2.017700	21.450336	2.013209	-22.239635	8.954663	24.031303	1.724109	8.553789	22.745432	-6.946751	-6.922497	-18.426544	-0.491488	-23.632044	2.294036	-3.502435	9.984687	15.810630	14.110114	-6.896916	-1.336261	-18.575014	23.353349	-27.988216	14.394500	7.426989	-7.643026	6.179938	10.096659	-16.868661	25.178032	10.713588	0.455022	-1.221140	24.708762	-6.215065	-2.381236	-6.624943	-26.320274	-2.191765	3.479853	
-20.136440	-13.074254	-17.573347	5.657493	-4.921085	-25.084864	-0.832968	22.641126	23.354083	-20.787931	-20.288032	18.929771	15.331082	24.314845	-25.845190	2.268016	5.487967	-3.685277	1.874149	-9.540769	8.019578	4.841685	24.256908	15.236260	17.962406	-15.913152	19.289530	19.015731	16.158948	-19.085247	15.640546	-20.403384	17.829917	6.684558	23.479540	2.341301	-15.002850	-19.062924	-7.889555	-20.949871	-18.065319	24.531401	-3.965971	-16.401813	-4.773972	12.103305	1.843471	-2.476491	20.524320	18.329091	
-16.416580	17.206713	-7.014609	20.421965	-3.601463	10.184403	16.647614	-0.307179	-20.661191	21.069063	15.128637	-13.622258	-5.428107	-7.411083	-23.369718	9.286987	-18.426415	0.258440	-10.716400	-16.701994	-14.166976	7.447226	-1.448741	0.492558	15.839190	2.411337	-10.703940	23.788158	19.524108	16.319347	24.865236	-24.064195	19.572193	8.700361	23.364197	2.908415	4.951299	-19.834404	-7.220504	-6.587006	-23.445253	-27.730900	1.450006	-13.754474	13.116123	-26.110008	4.684106	-20.846079	14.775437	-0.258565	
11.726464	0.602195	-1.235176	11.194749	-7.073582	-23.397068	-5.061321	-22.965018	-7.954830	14.275458	-16.804939	-10.114193	-16.556852	-17.628724	-22.245256	19.535631	-8.808145	-9.396071	7.206565	-3.460555	21.845656	-14.553575	-16.947175	-15.723463	20.125207	17.982271	-8.193065	4.955087	17.546364	-20.048687	-23.493366	-10.891777	-8.027150	18.648464	-21.419921	-2.087130	-6.840057	-21.081968	16.838560	15.214496	2.117953	-4.275084	-19.460671	16.903511	12.123381	-11.052968	-5.885426	0.018049	-18.250808	17.689480	
-0.863714	19.296774	13.772229	-9.645894	26.905425	21.710724	23.035417	-4.736269	0.360695	7.147052	24.809551	21.710704	14.205812	-4.918181	6.039162	10.469321	-23.216291	-15.284276	14.692478	-13.700446	-13.698822	-11.748512	16.613338	2.777081	-21.090810	25.027759	-14.240748	-0.328944	20.037013	-2.778337	10.772991	-8.713451	1.887731	-7.697570	-27.767736	14.110902	20.293916	-6.675057	-20.175876	-9.062974	-12.396208	-10.444849	4.298874	21.536849	-26.060168	-4.917258	-7.476691	-21.047705	15.812542	14.854231	
-14.546235	24.899646	-0.583609	13.665373	-25.145683	3.571861	-0.606657	-26.193228	-27.061279	-18.717026	-8.230036	-24.856503	5.454504	27.848044	-2.472935	0.657393	-13.798226	23.252362	7.326640	23.129055	-22.060083	14.646302	1.805123	-13.016899	17.785625	27.117209	18.801763	-7.348887	-6.788918	-28.057725	-24.900108	19.937712	10.310484	-15.760216	-3.150403	26.093247	3.909936	22.138324	12.023862	17.559042	28.489229	-15.686810	-1.973447	-5.549206	7.587125	-25.030312	23.716281	26.275134	28.479068	19.434910	
5.633778	-13.130022	20.729557	-0.350928	-3.269667	-13.837939	-6.552161	-21.233468	23.565491	-22.420658	10.401779	8.069196	10.964002	3.232529	4.421662	11.650852	6.584531	-12.905609	-12.744128	-5.195900	17.567030	-2.546827	14.440879	-7.999805	-1.025706	-22.192272	-9.658397	2.004407	-16.365766	19.743333	-22.674094	9.039550	-4.407295	12.662724	-14.768160	20.638508	20.110628	-12.725779	-19.319763	-17.997672	-13.284753	-17.573986	0.025582	19.920184	-0.150839	-7.016403	-9.639166	-12.268545	10.313072	14.868044	
14.713089	18.320567	0.755201	9.099824	-19.911557	13.860272	0.201020	4.746833	2.211560	22.769265	-16.094835	8.816402	-7.081549	-14.378172	21.173135	-0.739911	-7.696602	10.241921	-3.211634	-21.061748	-10.053040	-9.202852	-7.323165	-3.622847	20.495588	-23.797533	-2.130174	19.928289	15.584953	-17.670928	7.759857	-22.426904	1.021897	-8.187164	-2.192212	23.587807	2.544603	-13.597584	-22.817899	22.952970	2.431359	10.455756	-5.699092	13.507983	8.687858	16.431305	-6.377501	1.830125	-0.308327	19.192544	
-11.077212	-13.708796	-12.202970	13.369622	10.046322	-8.403573	-2.931112	-14.001965	-11.715528	4.480781	20.417633	-17.975845	0.619158	23.664616	13.237071	-1.818883	-7.993708	4.822123	15.021714	20.793347	-2.772191	-20.744014	8.815121	17.004511	-18.611052	-9.006632	-5.394652	5.042315	-7.878377	14.853526	-23.677038	21.078689	-12.715938	-14.169081	13.391162	-0.661633	-20.731901	-4.040603	-18.891055	-18.214853	15.668124	-15.126393	-2.556781	14.083927	-8.674770	2.345178	9.449482	-23.221912	-11.871617	-14.183395	
-21.727456	-8.369270	7.776783	20.203017	-9.922731	18.849776	16.893529	4.612079	-27.838867	-9.200239	13.117512	17.090886	22.928054	-25.553409	9.341797	0.555955	-0.255797	-1.713792	-14.112671	6.745159	12.797178	7.112688	-10.098301	29.046072	7.230798	-16.994675	25.465059	-10.071665	24.053119	16.322130	-3.039922	6.631572	-15.690336	24.082385	4.705109	-8.218740	28.529610	-3.699063	18.396295	-13.360280	4.222164	-16.320803	18.763053	23.410257	-16.073745	3.595793	11.960417	-22.571524	-15.401752	2.027856	
-13.810513	10.076997	16.847013	11.570036	-12.295650	12.425219	21.287985	-1.250875	7.296327	7.242939	-9.829294	15.578497	9.487184	5.507737	7.084600	-18.587500	-5.032882	21.654068	6.837347	-8.216999	-5.084504	1.424401	6.438431	-15.498126	8.251913	16.320711	9.398736	4.044270	4.443589	2.924272	6.808530	13.648395	-21.594430	15.700055	-17.270487	17.536108	5.920642	-21.396991	-14.687981	17.730297	-8.340982	-2.023967	18.144271	6.528114	12.339820	-2.604515	12.975985	9.999144	-3.103271	-7.067334	
-1.432488	-1.886788	-0.389703	-11.974858	19.033295	12.261571	17.473106	10.913498	-17.022790	-0.743460	6.001150	15.463790	4.537082	-6.981897	7.317182	-7.864307	-11.101545	-17.165391	-5.394539	-15.595821	-19.720518	16.175975	5.007573	6.678647	-20.528003	5.700340	-1.701598	-2.339269	15.015827	18.674039	-7.998990	-2.806623	20.098728	6.067359	11.873659	12.079032	-13.891112	-1.110427	10.559779	-17.560314	-14.168066	-9.771534	9.318037	10.466461	12.325518	-8.273027	-18.522277	-13.964897	-9.363052	2.477504	
-12.770970	21.284030	10.445605	-1.980315	-2.300964	26.069669	17.864348	19.467350	26.546373	-17.104068	-27.045856	14.516654	11.834019	-0.775437	-17.980938	-3.749292	-19.270843	-11.836097	-0.255702	-22.717490	12.115502	8.395581	8.356564	-1.652705	-25.361195	21.152804	29.872541	-1.182268	-19.907307	-14.251520	26.802821	-13.430439	19.920717	-4.640573	3.614918	2.237758	0.008555	-20.880550	16.992536	-8.761824	3.246187	4.874654	3.025083	-5.624752	12.271556	16.615206	6.717855	-17.034063	13.439824	2.543786	
-6.184284	20.216283	6.540744	20.453218	16.937590	20.849377	3.017951	-17.242168	9.312784	-9.164799	3.233980	23.143792	15.964875	-2.441974	2.011814	10.928809	22.000426	-16.966649	-20.027778	11.636576	-17.965842	-4.696057	-11.833479	-21.330454	22.320323	7.456538	-19.725243	-23.330103	19.817871	6.068664	14.475421	-7.220177	-3.697793	-4.705334	9.919548	-2.255095	-20.182150	1.308708	-1.684700	19.459635	0.728596	-12.828457	15.033891	-14.988490	9.073230	19.850466	-4.019565	9.786061	-8.456102	-17.367480	
-14.775017	-9.334241	-19.396510	0.546642	16.258335	-13.915142	6.272113	14.730035	16.939844	-3.084211	19.734793	-4.578538	18.321826	21.454883	-19.333500	-20.611375	3.056459	-16.065987	-16.071353	-7.336641	-17.465141	5.544171	-20.244339	-15.915351	13.503642	-11.499693	-3.692940	19.851731	-2.330164	-13.949168	-11.741933	-20.515332	12.356273	14.358589	-16.060804	2.644571	-17.878410	4.772545	12.338855	-14.296775	-20.343506	-19.712523	1.715620	-10.805259	-16.624311	6.913954	-15.315708	-5.323421	-15.808461	4.914869	
9.328733	-22.491628	20.259233	-24.460145	20.020321	-24.638473	-19.997109	-6.213066	3.199811	8.238979	-16.837831	-8.768296	17.691219	-14.483223	-2.968211	22.134675	-21.152742	-5.418654	17.927101	20.123600	10.610912	7.434611	1.768104	1.142847	1.447321	21.448327	-9.188096	13.011621	-14.274110	23.732788	-18.815327	3.129907	-16.793066	-22.396724	4.353356	23.839534	5.901208	14.545261	-9.409625	9.981017	21.897831	6.916133	-19.759606	-1.964438	-8.369268	-12.134779	13.038004	-6.615216	12.246427	4.210051	
20.365606	-14.596983	-13.785347	-0.392432	7.188171	28.874888	1.394945	7.074451	-13.739543	-4.071622	13.418313	-3.557735	-29.501958	16.739736	27.464622	-16.926848	-27.805403	28.348742	-15.172102	10.363335	-17.463341	15.252814	4.844064	-6.278392	25.806325	25.805142	7.082215	15.099466	-21.756897	-4.111117	-27.293317	14.011388	-29.298119	-8.681828	-28.278759	-15.667966	15.159877	20.541507	7.819986	2.086737	-7.836337	-26.562383	8.528052	-25.248840	26.436348	3.225720	-27.793152	12.947530	-5.995120	6.376275	
0.359216	13.574882	-21.432582	-2.157208	25.777394	14.575664	-0.138761	0.500122	20.966694	15.369588	10.788719	17.157419	14.766812	-17.146139	-24.423809	16.617573	-16.559326	0.455426	-3.208681	23.852141	-22.643317	-14.099547	-20.211902	5.197462	20.032538	1.661562	27.867584	7.110060	-9.111339	17.497213	-20.465907	16.695624	11.561781	-20.053416	8.733104	2.135150	12.942960	14.464363	-10.968571	21.678213	-9.666680	5.185153	9.822157	-15.057158	-14.709065	27.048892	25.138944	-21.509464	-13.647652	11.311711	
25.261002	-19.394915	21.208990	-19.574538	-14.746910	-5.433666	-2.638327	-19.177131	0.593495	18.844346	-25.579436	15.296618	-11.235933	9.117369	-20.273222	-19.051397	24.595958	13.458567	-18.606346	-4.802358	-3.031231	-11.656077	1.410379	0.633131	-15.601128	-3.832979	17.565701	-15.377616	-8.142246	5.088259	-15.785723	2.524122	-14.281286	-16.378628	-1.201721	-19.905419	12.131997	-24.506618	-21.324866	-23.489459	22.393361	-20.175227	15.253859	7.371284	23.763277	-5.029889	-12.954501	-14.299421	-13.168828	-2.368939	
15.258132	10.141162	1.395573	4.446764	-13.792270	-17.885537	5.441882	3.422348	5.287706	-1.611815	-19.937967	10.655052	-2.407685	7.611942	12.920306	6.255508	-5.379723	8.826822	-15.715220	-15.962722	-19.181253	8.113055	4.980764	-11.317761	13.344447	14.704093	-12.206351	5.279230	-5.528263	-16.183328	12.502368	-2.744022	16.986217	16.147160	1.145056	-19.505552	2.442299	-2.037619	13.223286	-12.317466	-3.600128	15.783651	5.679085	-0.267411	3.429793	12.522375	-18.015173	18.129496	-2.453776	19.473775	
6.721835	11.264271	-10.426456	-17.219383	-17.573045	-6.066655	-16.689906	14.999709	7.555553	-17.542480	-19.954582	-7.419372	22.343134	-7.100508	8.256748	20.665760	6.020853	10.765360	13.797084	8.550758	-4.371720	-21.275044	-16.134437	0.816996	23.822056	17.537453	-2.067368	-10.629346	-20.931863	0.090717	22.521225	-19.093018	14.144754	3.303085	10.145616	24.146783	-21.572349	5.511961	-24.908039	19.168526	-16.471965	-1.548429	-10.564934	-12.883656	-12.626546	1.551542	20.575096	-20.651658	13.254055	-10.221110	
25.643519	-14.130733	-4.513773	16.607535	20.643348	-14.460195	27.174197	-10.997008	-18.029217	1.861907	4.593201	-20.526392	23.462468	-12.170438	1.227793	-29.913006	-18.937755	-21.780313	4.449742	24.395552	13.310383	13.886644	-25.756702	7.102824	-18.868192	-25.734781	17.071874	-18.674023	-29.827464	10.479293	-21.355362	-1.564748	-3.588703	9.866515	-28.202621	25.355260	-18.699882	10.384589	8.402078	-4.402811	-12.938242	19.277400	27.163741	-8.709271	-2.690474	-26.441543	-5.889994	23.042783	-21.984003	24.308124	
17.127128	2.514469	10.297140	-18.784639	7.926393	4.931848	19.547916	-13.844550	-20.565299	-12.256256	11.075420	-20.458428	15.293457	-17.341032	1.602932	8.259961	3.040400	-19.799273	-21.799950	-11.127891	-12.219732	7.658488	21.203858	-13.819387	14.401490	-6.921739	-7.188034	-19.307521	-18.670763	-4.417231	-9.101896	14.548924	16.987254	-9.892752	8.013348	21.288617	-12.732638	-13.883861	-5.217925	-15.088781	8.468570	6.294875	17.455193	9.941276	13.613285	-2.305923	18.048586	-17.885888	23.771466	7.345957	
19.465153	-2.332536	13.577021	18.490922	5.221165	-20.921503	16.219741	-4.993306	22.442327	-6.833479	-10.136648	1.217569	2.545800	-24.020963	23.153849	13.473462	-2.642092	-19.466744	20.630029	-0.154647	5.271080	-12.944621	20.645916	4.670645	-19.039211	12.177452	-16.470884	23.041457	-14.965190	-12.212966	-4.563044	19.560289	-3.772848	-15.381637	18.327161	-10.865618	-24.911160	-10.741828	-2.240813	8.148730	-10.547919	0.711878	0.107607	-9.350825	-13.015513	-18.016501	-11.563978	-5.190409	-10.745443	-23.561383	
12.993874	-1.305138	-23.937931	5.190697	11.171312	0.420791	-14.351236	-14.695879	1.128357	8.155749	-1.304912	-15.365958	-6.268792	-15.580130	16.668797	19.859683	-4.925329	8.864354	7.471332	-5.346236	9.852898	9.678995	-19.285561	-9.897630	-4.968012	14.458142	9.540665	-9.648326	-18.647961	11.903872	-11.915018	-8.761618	6.576220	-12.823327	21.913592	-4.634394	-22.912036	-20.537648	-8.817857	20.483476	21.707049	15.137809	-12.414827	8.301096	17.046254	19.102097	10.408875	12.566655	-4.937722	14.696861	
-12.772254	7.341347	12.062446	-3.263765	-12.254504	15.398797	2.131586	-20.976896	3.016947	14.329437	-0.215281	-9.760286	7.552542	6.320932	-11.979099	-3.049584	20.131721	-4.129071	-10.700527	-1.387014	17.750545	16.271872	5.045906	18.733771	9.036992	3.818714	-17.780592	-7.403820	10.948039	7.938603	-13.034053	19.590052	-20.067342	-15.099494	17.992502	-3.307257	15.785749	-1.308561	-5.256192	11.735619	-19.617570	-10.952070	8.704527	-4.278241	-10.343749	6.908053	-1.265111	20.068225	5.552063	19.413709	
18.290885	2.786460	-2.888333	-22.265883	-19.918070	8.281218	-24.036206	19.544053	-16.504336	-20.956487	-4.872070	-8.483615	-2.607802	25.818750	2.003705	20.973672	0.130163	-5.900574	-23.747354	-1.428899	21.466114	21.013148	18.190461	3.360065	-24.131395	-19.150171	21.072844	25.853708	-20.697980	-16.929297	16.891097	-7.531458	8.427995	23.917823	-19.491721	-15.627491	9.515756	-9.047411	8.787561	-20.260059	21.801377	-14.904073	-9.265484	-25.378195	-24.676230	-2.272361	-17.249871	22.196554	8.488001	24.310654	
2.752826	18.978733	-10.349457	12.439122	23.449597	3.475468	2.899138	22.449862	5.110156	13.300371	18.669829	21.609963	1.229864	2.525901	4.194225	-10.607452	23.199248	-14.491383	-6.834656	-16.581655	-13.303870	19.680629	-11.595050	-11.348291	-21.236923	19.783909	-16.651806	22.962949	-2.887239	21.245293	5.109280	23.865515	15.078896	8.168841	-20.099595	-19.407523	20.594653	6.156867	5.109681	3.709818	-19.213170	6.868927	-18.385273	9.523343	-17.558002	20.626923	-18.421779	-22.186098	-0.911957	-20.669086	
-10.460362	4.704735	-8.495639	14.971933	16.606291	12.861637	7.884117	7.332768	11.034284	-6.200956	-7.918137	17.806994	8.671979	14.519658	-17.350802	-25.580216	20.226818	-27.620999	20.691531	13.378149	1.970069	18.869989	-15.443437	-14.075405	-12.901273	23.950823	-8.916514	5.334643	14.366797	-1.979951	-25.639970	19.782836	5.600005	-2.826858	9.957946	-6.139757	3.587655	17.823433	-19.926645	-26.790959	18.883725	-18.290364	6.565605	16.960138	25.727759	3.366780	-11.967042	-2.138262	-20.661239	20.915761	
11.419893	2.328796	-2.570700	10.326294	2.096294	-6.161140	-3.207746	-9.820570	-5.104336	-11.492900	9.693502	-4.206725	17.224061	1.586569	-12.276782	15.517096	-7.569722	5.487827	0.456451	-16.324883	-9.411573	-3.469110	12.343656	15.722717	15.056349	-13.244442	-13.994340	5.114839	-0.745146	-8.627532	8.669773	11.123523	11.621410	5.738514	-6.477005	7.358360	1.755276	5.128793	11.479416	-11.188751	-7.481952	-1.648434	-8.624640	15.524787	3.675013	17.186057	-10.212621	-14.299464	3.573115	13.800997	
-3.334611	-13.645383	-11.814783	-3.794594	8.654049	23.380585	-6.178917	-12.815908	10.496009	-9.353408	18.358997	-4.459527	14.726517	-0.018565	0.977474	-11.865251	23.125766	-0.981765	21.919998	-8.593589	10.358880	-17.438518	-4.535804	-8.633974	-18.031124	-9.141243	26.548179	6.262373	21.894051	2.563141	9.247693	-17.783951	4.725888	24.584847	-14.792704	0.074226	24.744082	9.709371	8.856485	21.060114	11.098328	12.986148	-20.551275	-7.358948	-12.047017	-16.739736	-10.986644	3.855755	-24.608159	16.709456	
-0.548530	5.680156	12.048202	14.753942	7.785396	5.699552	-25.881210	11.943538	-24.068468	2.429229	26.602035	-6.306948	-21.268013	0.698931	-11.061521	-1.254148	17.223828	-11.000851	-19.496096	17.981442	-15.736943	10.680528	-15.260661	8.611115	21.154359	-10.352888	14.960227	-10.512823	-2.113112	-20.089836	20.561755	4.989980	-14.550993	-24.059598	-13.305709	27.508307	-5.481460	-13.340110	-11.823692	-17.282737	-18.530324	3.982697	22.402044	-7.663157	-3.347004	1.265893	-7.675652	16.699929	-18.686756	4.344033	
24.503814	-24.822029	2.127494	-14.730696	11.731431	12.841845	-13.456774	-12.671449	-13.972318	1.718026	-10.589730	19.038679	-12.925295	8.707971	-5.193425	-13.289714	20.738158	-4.989899	13.939249	-2.436454	-19.403172	-3.104571	-11.905940	14.182963	24.761492	-12.314162	15.370085	1.183810	-26.404362	-25.744521	1.944371	-13.381659	-17.132176	14.786728	-28.167838	-23.452091	11.133988	-14.276081	-14.797264	-12.762027	-27.741376	-8.251767	-1.941415	-0.247646	12.755926	-14.196428	-2.207663	21.775344	20.430877	-18.966899	
18.028640	11.700602	-11.735801	-19.311352	-14.291334	-19.971556	-17.822786	4.906456	-6.635918	-3.598699	13.553042	-8.682809	4.730861	12.969211	-8.560879	-2.127177	-5.429056	-13.478351	-7.550246	-8.921755	2.861471	-18.938849	11.307866	-20.600681	15.817855	13.680662	-12.349304	0.824927	-19.751887	3.726086	-8.182756	15.065269	-10.402447	16.294215	-9.018255	7.963339	5.614257	-14.624590	2.256293	-7.820688	-8.412149	-6.675411	13.923611	-20.491193	-17.031611	-10.541279	3.232190	18.811014	-16.101032	6.967991	
2.046126	13.894071	14.286435	5.396830	17.238434	-9.997029	9.728999	-11.382649	2.164059	-7.159196	10.320172	-17.999307	16.145243	-3.757019	14.370253	-9.802246	2.355949	-9.722923	-0.041994	-14.736846	-16.269698	14.184418	-21.696820	18.718799	-8.954389	-3.698493	-2.117679	-15.486389	-13.841487	-9.555700	-10.866447	-2.117822	-13.795813	-6.168624	4.056477	13.842511	-4.102813	-1.999023	5.998112	10.918194	-8.326546	2.437768	10.623797	13.759439	-21.613801	-3.411827	-11.404034	21.536737	-8.714863	-19.256371	
-13.965963	1.049122	-20.178907	17.451364	9.854694	-0.116513	20.022283	-21.428106	22.735490	-9.773597	15.890955	-15.651441	-18.209078	-0.829334	-17.077444	6.241234	-5.582614	-16.563503	-16.495215	20.967475	-3.835533	24.821985	-10.472299	-18.639597	21.463558	24.847160	1.111702	0.656752	-6.241033	-16.667132	-12.266141	-14.706397	-15.376881	5.760261	8.354964	-4.294390	-5.587183	10.138374	-16.858520	12.545156	12.668898	3.990115	17.693064	-13.655777	-15.396818	-16.133651	-19.649867	-4.672238	8.117468	18.836630	
17.645857	-11.829621	-13.091366	-19.943825	19.225967	12.618560	2.213133	-15.466003	-10.894125	-6.548011	12.739872	21.291044	8.515650	-3.463949	19.586063	7.408655	1.933489	15.147022	0.537253	-5.545456	-7.608468	2.910485	-10.950303	-17.202168	7.283285	12.465305	21.168774	-7.418937	-14.889215	-11.023615	10.805638	12.237487	-13.243025	7.313549	-16.896633	19.983144	-6.507172	-4.148067	6.582548	18.993875	-11.452910	10.438576	7.718209	8.125300	10.134855	0.214863	-9.681752	-12.898156	-15.172919	-15.330342	
-15.285950	-11.993924	11.658974	-0.713315	-6.270905	-5.745687	-10.638241	-9.187845	-12.957364	-0.069719	-6.167096	2.165248	21.676266	10.330492	-7.149915	20.639718	14.938448	-6.746974	-20.631430	-4.813781	2.337853	-2.496224	3.764495	-17.422897	12.208951	-2.172623	-1.873477	-6.928811	-4.031136	-19.168053	-3.804904	-19.476530	-1.326149	8.372288	-19.850271	0.272545	15.071836	15.039160	-12.916685	-5.932953	-18.759266	8.929474	14.256892	3.578312	8.048101	-15.544015	16.858649	-0.323215	-18.303763	4.970536	
21.280662	1.648747	-20.052008	-17.757160	10.177660	-12.425216	0.406568	-18.182290	-9.426071	-10.008313	18.698625	9.840871	-11.152226	-2.993865	4.100125	18.543835	-10.539266	-14.346136	-1.303535	9.827319	6.445178	1.495729	2.706123	-16.148764	-1.105268	11.005920	-18.425134	-1.154832	-1.046576	-21.087053	-5.238921	14.419729	2.720397	-3.106356	-4.105823	14.211374	-17.973841	-9.968974	6.694208	-17.339204	5.516478	3.984586	-8.122720	8.723720	-19.342547	-6.611439	-16.405449	19.263361	-1.437848	14.513064	
-21.374679	-1.269074	24.967516	-17.151420	-24.603485	26.096143	8.602754	8.077550	15.205669	20.677249	24.545315	9.507951	9.957048	-6.103954	2.921245	8.892806	-1.034007	22.819855	-4.379955	5.507138	17.662006	7.102871	8.901151	-18.514422	2.412314	20.847848	25.360555	5.586610	-24.006101	-14.042004	19.530943	-15.655983	4.246456	26.296768	1.428695	12.787800	-17.260967	16.549215	8.820048	26.011452	14.325488	20.597190	27.439313	-3.556845	-3.924115	-6.414772	-23.339731	-10.352958	-1.322248	17.251789	
9.311865	-4.016132	-2.195377	6.953060	-8.352097	-1.254215	-9.425801	0.743403	10.598048	-1.055745	-15.629255	-10.061026	-12.018821	18.731264	7.181393	1.472198	4.154204	22.446430	-8.726978	-18.488721	2.244399	9.850215	9.903780	10.154630	16.775492	-20.930859	14.628525	22.775858	11.336693	-20.847140	21.186479	16.804930	-17.327710	-14.998120	4.891717	-4.330081	-20.187108	3.892362	-17.662147	17.923673	-3.350623	9.047964	17.469944	-18.426726	-15.249436	23.146290	-19.150370	11.946545	-11.043401	13.828114	
1.705532	-9.630770	-12.539529	-21.472498	-17.720642	25.984248	21.259346	-7.000563	-7.914865	17.315481	22.897063	-16.296856	20.355357	-23.496802	8.208830	18.223990	-11.307596	-1.808264	23.229427	10.351520	19.959302	-4.559891	-20.053675	-9.230166	-7.893149	7.450255	0.580221	0.551819	24.131239	-7.314838	-16.051814	-2.511306	-19.520934	14.240333	18.929814	-23.653536	-19.814608	-12.939305	-20.456346	-13.262936	-11.586021	-25.067344	-17.570067	21.862752	-14.739121	2.272765	1.011321	23.782794	-0.630190	10.370167	
-7.668742	-2.023975	8.033824	-6.259954	-0.835011	13.745151	17.392059	18.545440	5.118834	-4.417326	-5.046064	16.031522	11.767238	-4.777002	-13.764690	-11.744883	-8.939657	-13.113925	-2.491098	2.735937	9.405227	-18.395097	-1.907435	17.459118	-14.929059	-2.105849	-4.765557	10.779174	11.940430	-8.922512	11.931700	18.401212	-17.102598	17.045966	16.380996	-3.284755	-8.224603	13.029563	-7.663826	-16.588732	15.043804	-16.228920	-0.306846	-4.737032	-3.781183	2.699748	17.089461	18.762345	-11.250015	13.822864	
11.325341	-26.719406	-18.419932	-19.739773	-21.489404	-6.093072	7.581527	-21.370965	21.921695	-0.804859	8.388716	23.578479	17.991082	-13.460690	18.302739	27.173516	-7.080357	-23.460545	4.896544	-6.926559	12.392753	12.319836	-10.318178	-17.322481	19.965498	11.682081	-21.562197	-27.978678	-0.596013	-12.402800	26.185013	-9.017995	-4.402573	-26.759358	23.893932	0.439242	18.249502	13.167556	-1.458243	24.136003	5.116609	-16.042114	9.380299	5.085709	-26.844654	14.829760	-15.165820	12.877805	15.878884	-8.255929	
15.543877	15.787027	-23.399359	13.235894	-18.597719	-7.280930	15.064846	2.439870	-19.204844	-25.297454	18.980176	6.801527	-25.211152	22.628949	-22.394061	11.678369	0.925230	7.928860	-6.237952	23.269638	-3.262596	-12.552094	9.871641	-13.557617	4.833393	11.415413	17.803210	18.077322	10.526764	-26.780931	0.312222	11.650319	-7.246875	20.199034	-6.912950	-7.654526	-12.204234	26.273646	9.127377	9.588851	-25.241879	26.467468	11.987221	16.057700	21.744414	-7.957385	-19.112010	-7.510916	21.763397	2.209262	
-5.779088	-11.797284	14.352551	-21.176599	-6.024630	-6.648365	15.297665	12.541117	21.010563	-7.936734	-2.806914	-23.550188	-11.897303	-10.293209	-13.285311	-12.556305	13.852970	7.839106	-19.772713	4.535791	13.775498	24.886703	-7.359226	-12.904358	-25.570039	18.566153	26.833224	8.851381	-11.029333	-8.364170	-20.643126	0.792164	-20.592702	-6.594985	-20.230394	-12.297215	24.642469	16.027640	5.457838	26.609315	17.296141	13.210240	15.401601	-19.842718	-25.717489	-9.900663	-8.357709	-5.000806	-2.900808	10.110538	
12.015268	22.622346	4.288476	-10.724725	-17.569099	-20.111716	15.183164	6.859000	-0.510066	23.059314	-16.361052	22.056137	-15.340972	17.713666	-0.044694	-17.809550	-26.018423	4.064059	-6.037920	24.411497	-7.220585	-14.180290	2.848700	-19.682981	-17.880135	-9.174194	2.287733	-14.412649	26.250755	14.091082	24.829448	12.022318	17.860948	22.381649	-12.960630	3.259985	17.978704	-29.426003	-29.923649	12.804736	2.983891	26.111853	-0.213968	7.424931	-28.953127	22.077296	29.845284	8.786987	9.281893	-15.067539	
-24.345790	-24.094210	13.878782	4.406571	9.799528	-10.044275	-29.528161	4.781713	21.969372	-20.159550	-25.868722	-28.087362	-2.834900	-30.367528	-23.339956	24.208274	-20.470445	-29.893164	0.542920	-30.750342	17.677718	19.900562	15.513505	9.669571	21.239197	14.502954	-0.746094	9.856377	25.212204	9.642857	-3.234364	30.993014	-31.062672	-12.705629	25.235175	-8.675805	-13.131043	22.244718	-3.754283	-25.889613	21.371482	25.232956	20.196630	24.510801	20.552424	-10.712114	16.790267	25.527188	8.254044	19.435734	
-0.195449	17.895170	14.462115	-1.737726	-0.315582	10.376769	-18.739121	-19.101609	9.037069	11.875349	-17.601445	-4.441517	3.020288	-17.245013	1.998204	-18.541080	8.834068	3.022497	3.245154	8.589076	-13.197067	-3.531120	-4.084279	17.393318	10.615942	19.021009	14.623209	-6.453613	-8.846606	9.063884	-20.405690	15.582521	2.638786	10.323801	9.172800	-1.717246	-19.925898	11.667366	-5.766851	-19.991814	21.172578	-3.939834	-15.014010	17.400104	-16.385671	-11.143096	17.394960	5.070723	-0.078690	-7.254232	
-1.823662	-21.569958	-18.661229	6.803108	-1.755969	8.822104	-12.407812	-21.743520	20.479767	13.760629	-20.319013	-6.645412	-3.415846	20.950726	-4.933779	11.847188	1.345954	10.311539	-6.416643	11.759226	6.758432	-4.596794	18.898391	11.297737	7.634167	18.852639	-20.128925	11.866094	18.991759	8.693922	6.669985	6.318618	-21.950213	-5.872110	6.268904	18.107534	12.886809	15.902231	15.858443	-1.210654	-10.198828	10.063305	21.242400	15.615021	-3.244126	21.077257	-18.337147	-18.804610	-18.439525	17.797551	
-23.880001	14.067008	7.438336	25.003923	-20.115600	16.862475	5.586939	-2.040894	-25.517800	-20.332393	-15.733475	-14.784025	-6.003873	-19.871722	14.039771	-14.336140	21.283652	6.408820	-16.467443	-12.012869	3.271830	-5.102057	-10.303910	25.348440	-16.335673	24.031339	1.063778	-5.043936	-1.114457	0.478373	-24.822870	-13.164719	1.056346	-12.630898	-24.458543	21.666960	12.612886	-3.775782	10.817797	17.762184	0.543457	12.771971	14.946215	26.021091	-10.579032	5.857655	-22.739447	22.335937	14.385115	-25.458431	
-3.584612	8.141635	-4.365497	13.026946	3.484275	-19.940848	15.961191	19.685463	4.924403	5.742662	5.441571	15.586404	22.780856	-12.388630	7.547949	4.605881	16.964748	-11.370225	4.800852	-4.661373	6.426102	-17.319856	3.217181	-5.718303	10.340406	-5.286907	18.345574	12.758848	-7.527046	12.164674	16.221036	-22.679141	-9.234990	-2.376653	-21.563457	11.188006	-6.186853	3.962669	-22.658862	-9.333476	-10.421828	5.117046	3.383091	14.893592	-10.878722	-11.270709	-21.379280	-2.537566	19.884424	12.190446	
-26.513762	-26.676382	27.319039	-13.824950	24.276917	-1.481535	-25.224605	-17.846210	4.747806	23.159023	22.269059	19.344838	8.535186	27.605245	19.644731	14.853091	27.355346	-14.512026	-16.462702	-2.473037	-0.845572	0.834970	16.250698	18.303102	3.417696	-25.214423	25.891168	15.551319	8.092098	-18.081872	-18.662090	9.697821	0.500055	-0.443048	-2.736058	0.531271	25.725113	11.774108	25.481822	24.272456	1.419439	-4.591540	-7.662603	-2.157642	16.886582	16.041030	-13.619283	5.734692	20.644363	0.568697	
-4.319157	13.204301	14.434005	16.127013	29.027944	-18.662566	3.327436	8.897052	-24.235634	16.218500	-28.936558	-29.391056	13.450118	6.878901	-22.419353	-27.111344	0.169260	10.675021	-5.201632	-8.587608	-2.232224	21.050640	-28.860397	19.316519	-4.232686	-21.477291	-25.555767	-0.316933	-5.649689	2.763122	-4.511288	-18.909157	7.226195	-5.232150	-28.805920	-1.444896	2.196711	-2.520548	-22.651004	-17.750872	-19.663636	-20.589836	-29.192076	-2.549358	21.457898	-24.456641	-5.726595	17.258256	-27.065593	28.414698	
-21.550880	-8.941273	-17.608717	17.474181	11.469216	-15.464508	3.234158	14.252367	-23.010873	-2.031099	-5.612109	17.505966	-13.122113	24.341549	-4.132039	-14.844763	-3.685887	-17.082766	-13.432006	16.175577	19.195326	24.999241	12.550409	19.993105	24.831089	-7.140548	6.990566	-2.540399	22.834080	15.323036	-5.265006	18.624085	7.570950	-19.013268	20.883885	-15.395948	1.580705	25.208388	-1.034939	17.129235	1.693149	-10.221199	9.004437	-1.646538	8.771313	9.292289	-2.290373	8.580491	-3.002088	-3.075314	
-10.143351	15.576700	-1.782800	5.422324	-18.542836	13.069035	-21.229723	-12.849546	18.415466	-17.924378	15.716404	-4.359773	-5.154361	-2.303801	-3.166975	-15.069130	-1.676512	-10.022535	-14.950193	1.889100	-2.877383	-12.884613	6.872398	14.232876	0.677641	6.710439	9.841186	-2.681608	-20.263422	11.336078	-8.428750	-4.922777	-18.741721	-21.287923	1.053072	10.311360	14.032582	21.720318	5.658834	10.279316	9.052298	-5.634910	13.093766	17.480600	14.180779	-1.283479	19.381223	11.696390	-2.298685	-1.649906	
-6.026762	-6.656044	14.387582	18.865868	-16.073975	18.389510	-12.372757	-17.367645	1.968504	-12.874163	16.240821	19.544369	-4.778921	-3.089458	11.793627	2.425324	-7.515994	4.514083	-0.684067	-5.673248	-6.456317	-0.685453	17.592345	9.581390	6.045368	-4.844061	10.272227	-15.030774	3.627922	17.088468	6.520211	-10.815794	2.905090	16.881789	15.620541	-19.856695	-17.618374	-2.905973	0.149051	5.119336	-5.838385	-11.682547	-4.621075	10.724677	-7.195660	-18.641955	6.386376	12.981784	18.676889	-2.310138	
7.279426	-18.635180	-13.012826	-22.235366	16.412902	-4.658917	-10.158542	0.875104	20.899054	7.647510	2.786277	-11.033942	-14.986177	20.395558	-5.691122	6.755430	14.073455	-2.695374	3.180669	8.801888	11.579057	-13.896908	6.524988	-16.058025	7.639150	-22.520471	22.239976	12.666473	9.693916	-7.441759	14.463726	-14.687887	-0.893765	-6.797962	11.402097	-2.639885	-21.272731	-22.995170	16.779155	-8.817463	-16.410645	1.693702	-9.689484	-6.441864	1.379048	1.176465	-2.125939	15.653640	-22.237672	-16.475231	
-1.050047	9.635579	-10.157009	11.480954	9.105897	-19.579332	17.304216	9.140027	-17.370992	-1.334213	-11.557719	3.087861	-4.290159	-14.744763	-9.108874	20.625979	-25.477337	21.927023	26.814664	-18.791193	-12.540222	16.700051	18.706378	-25.791177	6.206598	0.893192	-26.859254	26.017266	-26.942609	7.204880	6.691111	-18.975180	-9.496804	-16.380413	-3.378221	-7.844605	-10.377035	23.552959	18.695109	17.991610	-9.021728	-16.179658	-2.793423	-0.261116	-23.409970	-18.717195	-12.956682	-9.310848	2.977031	13.013601	
-4.951273	20.465173	-3.136362	-9.197436	2.564594	-4.786183	-17.727886	5.593828	9.657024	-16.492409	-13.128010	-22.930246	2.938847	-0.202249	-18.934854	-22.436771	-13.056738	17.758435	22.399163	4.052805	19.682368	-22.170695	18.841857	-10.681990	-12.713850	-4.269073	-5.510761	-10.662787	-2.355132	-5.638484	-7.610378	16.800882	-18.404595	-11.077336	12.218074	-10.855689	-4.921361	-3.705720	12.824996	-20.562978	11.673718	10.076964	4.680058	-7.193247	6.107787	14.011713	17.712271	-19.336022	-10.631833	-5.434357	
7.561199	-2.227524	1.330336	3.191437	8.186079	-12.332650	-8.220396	11.538422	-16.750006	7.181714	-6.444498	-4.185965	14.544903	4.834895	-3.093385	9.943545	5.116959	7.672084	-17.767508	-14.945245	-11.992162	-18.899450	10.605720	-1.773046	10.534078	18.456071	-11.176662	-12.087027	11.648734	-15.250097	7.767943	-7.144047	-13.215012	10.893266	17.669851	1.268005	11.941996	10.262367	-5.028726	1.240876	-13.755837	5.062787	-19.804215	9.309068	10.570901	-4.450296	9.591272	7.421550	-17.622701	10.866776	
-5.432497	-0.929114	-18.266707	-19.151228	-13.506537	-15.897314	9.329633	13.988557	-18.510367	17.210369	-14.201855	12.353197	-7.921776	-4.784075	7.050472	-5.478110	8.941712	2.110843	1.129499	6.348250	18.579798	-13.247452	-17.351546	9.161022	-15.280953	13.784187	10.180546	-12.853181	-12.517902	16.317458	2.779173	-19.915478	2.532904	3.768984	10.350015	17.530329	-14.109070	-18.641947	4.729948	12.759653	5.767092	-7.801914	6.323712	9.137800	-9.224445	-10.040259	-4.220351	8.266036	-10.505015	-5.524771	
-21.808658	-21.448579	24.805239	-11.706364	0.939933	-2.442138	20.023338	6.592522	12.401729	-10.858156	14.159629	19.982557	15.742194	4.056398	7.527249	-9.516637	-20.909893	5.759675	-20.575476	-12.959780	18.337411	-20.312511	7.556184	-21.124474	-18.791708	22.954301	-0.753474	1.447990	-19.210171	11.800450	-3.197944	12.730070	-1.656073	6.513505	-0.668765	4.168797	-11.046074	21.910813	22.826852	-21.726003	5.763365	15.854140	15.043467	12.708881	14.775507	16.544350	7.211249	-22.535142	-16.436841	11.657642	
29.532783	-4.414655	-24.010170	-29.662621	26.782917	-17.486755	-10.972144	6.690554	-10.718354	23.544199	-8.229747	1.144770	-13.636920	25.426736	-2.456218	4.368228	25.171258	15.877556	-1.801313	21.933673	-6.004403	21.072485	-0.685784	23.159245	25.308834	-27.552974	3.174280	-23.800334	4.097565	28.242942	9.513530	-11.572182	3.995314	-23.924140	-19.051010	-2.342105	22.917780	21.616490	-28.118381	9.933886	13.832262	-18.483603	-3.231475	23.640967	13.028816	24.921298	-14.548305	22.307593	-12.852306	-17.709251	
-1.609741	-17.462739	-20.154191	3.591277	-21.430165	-14.090508	-18.045042	18.381291	-15.640755	-5.678104	6.801366	-11.896584	-15.242528	7.530124	-18.847309	-4.175409	-1.447463	-10.084559	-6.521465	11.556224	-15.935934	1.492445	1.212919	18.308208	-9.058309	-3.012939	-4.870555	12.793293	-9.592184	11.199674	13.476763	19.774025	11.306420	18.511220	18.677693	-19.550203	-15.415396	14.059561	11.998638	11.634504	21.551105	-7.701684	6.010280	3.424081	-10.649836	-18.540432	0.156650	18.102466	-4.978730	0.856460	
13.877526	-16.697626	10.297701	-0.801456	0.416730	-11.787760	-5.181575	14.716617	-9.711931	-16.626469	12.071251	-18.877936	-1.768292	-15.841506	-3.993589	-9.796466	15.433843	-19.402356	8.235419	-19.503229	8.066349	-15.165925	18.217185	20.363261	-11.840580	-4.441134	-7.422797	-3.551029	-8.805461	-11.839828	4.911283	-4.304777	16.114209	14.962467	20.850463	-3.522473	-14.128017	-16.330493	14.848390	-5.203606	1.448605	-9.259347	-2.918964	15.430228	-14.833913	-12.798559	1.152546	21.176277	-2.827810	-4.947960	
14.659135	15.156776	12.505260	-23.902814	14.552266	-5.734776	15.641615	-2.201317	19.279710	-14.144816	2.857865	7.939068	20.340634	-1.938719	22.785155	16.959214	-1.530195	-6.826905	-16.013737	19.031627	15.991781	-11.236434	-17.741909	23.966006	-12.823943	-12.200537	0.377758	19.273396	-5.224131	-16.731028	-5.704630	2.484225	-7.478603	-5.333090	14.978659	-5.071453	18.225047	12.219848	-20.955185	-6.255261	2.154669	5.311986	23.288559	-16.595347	6.672876	12.020395	13.659961	-5.448748	20.492614	-2.569927	
-10.622219	-20.621201	17.292545	-9.642993	7.401518	6.911167	13.858868	7.118963	-23.855561	-0.460481	14.452081	9.609909	10.371522	1.570691	18.414340	-10.673800	-16.366538	21.245117	2.675683	5.259306	-19.859835	-18.811370	5.168234	19.511709	-3.368878	-11.587461	21.668908	-21.942852	21.873234	17.479364	-10.047344	2.945734	18.818503	-19.485654	-24.768883	-14.618286	-5.662055	12.408403	6.790219	6.161894	0.341309	-25.335198	21.155795	23.756445	7.387978	4.265884	14.310564	2.677527	-6.184920	8.089363	
-3.046742	1.727906	23.471034	-28.337821	3.318016	-0.512139	-29.577008	-6.859093	-0.932941	26.212601	25.978976	-5.855918	-17.439357	5.906819	27.733783	20.131691	22.758503	-18.897895	22.343672	32.826747	6.025972	-5.915562	-14.248168	-26.202055	-30.243724	7.440438	-14.483192	19.554840	-3.555972	-13.761969	-21.318086	24.918679	12.409719	-18.951512	22.764981	25.318011	-7.682108	21.780164	-20.384653	19.000828	-31.448985	-4.791971	-20.879137	5.959208	-2.207379	22.532923	13.437999	-2.540421	32.817861	-10.002220	
-9.275723	-3.572881	-12.655178	-18.094844	16.958934	-11.594135	-19.963288	5.838084	1.116640	-11.321245	-3.885053	19.083783	-17.286832	16.981813	-16.289948	0.748832	-5.162113	9.938743	-11.189076	13.084682	-1.091688	18.905629	-16.441536	19.921208	-11.359639	-1.197499	2.443832	-15.516797	-2.925164	10.534213	1.533919	-13.602683	9.757989	-14.916059	-18.387825	-11.433676	16.187325	12.040409	18.513901	6.937014	6.948300	-0.677128	-19.737157	-17.430600	4.926401	-8.848072	13.138324	18.103580	-8.402092	15.085183	
15.143377	-14.930416	-20.371092	-14.135836	0.130373	15.744295	-18.055721	-6.502342	-27.334730	1.617185	-21.319932	16.259597	-28.519625	28.696903	6.102530	21.227892	-5.152186	24.212346	-7.491686	17.231401	16.571566	-10.832693	22.775752	25.942334	-15.729291	-22.609445	-15.899196	11.910694	-0.228347	8.558465	25.838060	-13.956567	-10.455730	25.999545	2.819315	-25.443226	-26.009557	-18.792719	-15.536611	10.802555	-2.920625	26.751986	-9.667287	2.702151	-26.228805	2.751190	-21.139329	12.140229	-25.578134	5.763175	
-26.639581	5.965420	-23.560722	-28.620250	-28.994678	-27.925007	10.877002	-25.957098	-6.178452	-0.547430	21.723414	-23.817550	-26.032468	-11.412245	5.761609	-4.657613	13.436180	-6.720596	-7.581198	26.181307	28.645112	18.098155	-23.149498	3.598100	11.914228	-0.930257	-20.088507	-6.312415	-18.319900	27.870103	-28.805414	-6.355785	16.154218	25.915397	12.639988	-22.407234	6.014111	9.266551	16.696521	9.752085	-12.242616	12.399331	1.576164	-21.586290	-23.606636	2.608259	-0.569656	-22.891985	11.127481	16.581783	
-12.853062	17.343483	-17.444498	14.792510	-4.466345	19.207979	5.242880	-13.525274	3.401704	-12.776064	-0.584820	-2.032191	2.617274	22.368345	-4.290134	-10.273918	4.092898	-4.069218	-5.116644	23.169060	10.973961	18.555391	-22.226538	-3.696809	-3.922209	8.366167	-3.823565	19.973141	-20.522009	14.412173	-16.811613	-6.692762	-21.008110	-7.494911	17.148174	17.984346	9.102308	-15.419703	9.358108	-0.918584	16.126839	13.884521	19.356178	2.005913	6.100610	-16.358622	-8.485931	-18.427211	19.574981	14.814514	
12.962761	-2.303285	16.902227	-17.830678	9.017168	-16.799302	-9.444672	-10.436182	-11.415964	-16.525937	-18.629854	21.618222	3.484514	-22.261452	-23.005883	11.407653	-5.451331	-11.504302	-1.032936	-6.243677	-20.483395	16.553832	-6.601989	19.841031	-2.503506	2.318270	-6.778621	-8.888763	-20.203059	0.320768	-8.675299	-14.514724	8.390045	22.933106	-5.602971	2.390475	21.553566	-8.081840	-17.381626	-3.904492	-18.060120	-2.309242	4.695787	2.601131	-1.372556	-23.519886	15.627333	23.543754	-5.121374	7.425277	
-3.002524	-19.710867	-22.498524	-5.743191	25.966515	-21.592550	-11.159904	7.119144	-20.720123	-0.212966	12.443192	-15.952853	-20.710839	22.232028	-2.243551	-4.281533	-1.469389	-3.105646	-6.396706	24.537599	-11.357640	1.391909	-3.355355	1.484646	25.951127	4.614716	15.534397	-2.856548	-14.333428	-8.883235	-18.780578	-24.044154	3.758140	20.853414	-19.696077	-12.283075	-22.576225	7.868367	-1.427473	-19.394814	1.904047	12.649628	24.503287	18.553962	-24.770414	-6.943467	6.741119	-13.097804	15.084462	19.876390	
-19.616118	6.959422	-19.115521	0.774130	15.028939	-23.354221	0.039329	-5.516618	23.237004	11.147077	12.985699	9.690900	13.163259	-6.750600	10.155386	14.784467	-1.519339	25.630526	-17.444626	-19.428953	13.901702	1.252593	-5.163029	20.632259	-5.994066	-19.515865	1.820005	-11.384304	-15.548592	18.821951	0.459730	-25.898056	-19.675810	24.239714	21.913995	-22.429737	14.374176	-4.102049	15.866103	-8.876072	-8.158428	1.727480	-3.424846	15.032975	-21.318035	20.090515	12.925788	20.676800	-0.364350	11.643721	
20.229611	6.912528	-26.164406	-8.397733	6.368375	-12.373069	26.237718	21.277863	20.349034	14.822598	2.702407	-13.540708	8.060319	9.728880	16.017323	-18.034084	-25.205509	-25.149791	-16.605037	-21.743016	-5.804784	-27.407952	-22.972066	-3.709336	-27.112870	-22.313093	24.710994	-4.029839	-23.797182	21.256158	0.596657	5.311893	27.960496	-11.608925	-14.098935	8.528887	-24.693158	-22.550464	8.297490	-0.533523	-26.267923	26.541028	-12.786463	15.988796	6.742382	-23.186824	-19.204764	7.248190	25.811899	15.880484	
-27.408225	12.452210	-14.492954	18.993026	-12.172843	-22.316901	-9.298765	6.429998	11.938692	18.532849	22.306422	-18.697577	18.843296	-15.781347	21.192547	14.669385	-7.206238	23.292105	26.282102	10.941438	20.881288	-2.522889	3.903388	-23.836858	-15.508250	-8.409688	-4.988910	6.839300	19.798087	-13.369003	9.287864	-1.076425	1.669668	23.657726	-22.268185	-23.196531	27.848071	-16.326860	11.224945	4.373334	24.824930	-19.412217	-25.855513	-2.820908	9.972790	-26.578886	13.691792	26.940962	14.820318	-11.189162	
-19.397161	-20.251736	17.201225	-14.210681	-2.379997	-14.973156	3.699704	10.582195	5.686960	-0.681310	-4.907962	-5.481980	-1.484594	14.346432	-14.246791	6.917194	-6.643131	-6.997007	14.853099	-4.422616	1.824990	-10.600450	-12.677300	13.613941	-9.154022	4.197328	-10.046075	-11.710004	5.448576	-16.326434	9.022031	-19.397945	2.627066	5.821087	-2.520423	-3.393407	0.635704	-9.168879	-4.460438	6.677651	-9.959412	-5.616092	-17.889827	-1.117975	19.001371	-10.939635	-4.887147	13.353641	-16.723143	15.942059	
-14.022256	17.599467	-21.956151	-5.441030	5.542410	-5.617701	-1.102013	-8.945493	5.598265	-8.194712	19.954304	23.829805	-15.050073	13.115797	-21.388607	0.510638	-16.916333	-10.171417	12.894039	2.084944	-8.065922	20.703898	-24.527617	-9.485578	-4.852157	-2.492434	20.319998	21.658489	9.204776	10.783219	22.110627	-21.801150	7.146363	-2.486788	1.089260	-2.169054	-24.091961	8.577570	-15.359897	-2.198164	7.591753	20.905611	-18.349493	17.504931	4.504850	16.416249	-5.808080	-18.614505	19.325614	-1.675780	
-13.549970	3.094588	22.811945	11.805686	1.389922	12.392524	-7.855107	-4.518143	7.779589	-6.549738	-11.204061	10.022647	17.992251	-5.442180	6.948817	3.834133	-15.609826	3.108873	3.353903	-8.739954	-21.442653	22.268041	-8.310722	-2.160950	-10.918835	-21.682134	7.638671	-8.772238	7.470714	-5.559633	-11.021054	22.770446	-0.803810	-2.675744	5.979703	-17.128529	-23.603196	19.007132	8.692588	5.428583	-21.114480	-2.537843	5.093955	-11.632187	11.476450	-21.533457	11.012292	-21.646379	22.175333	-0.959271	
17.085746	26.289469	-1.612737	4.151117	-8.476036	15.160879	-7.413545	-25.990474	3.778204	14.980359	-0.448141	-5.877191	25.755235	6.804563	-21.827301	13.999276	15.076752	18.910590	16.294425	25.577163	-24.680933	9.901156	14.216672	-23.094137	17.291107	5.188445	26.258209	0.409922	-18.964244	20.906740	1.738561	-3.242839	21.574563	16.047429	10.051567	-9.327987	0.226509	17.014049	7.011738	8.912675	19.946385	0.569642	7.117771	13.959519	28.569197	5.222634	-26.736123	-19.352590	-12.586230	-26.625197	
-2.872368	-12.205148	0.411381	17.892103	21.314257	-18.894804	12.331888	21.226857	22.547349	14.167706	-1.410516	-20.670636	22.661237	-14.941934	-21.371422	20.557113	0.394345	3.243272	-15.876502	11.543581	-1.596020	24.229868	13.384369	-11.204619	11.772063	-6.039599	17.619820	19.420089	-12.078801	13.900745	7.140186	-13.195209	10.626898	21.896464	18.789738	4.427278	-14.742674	9.596640	11.434354	13.228652	0.577050	-17.140331	7.589472	13.862998	17.507330	20.201621	13.077449	-21.520520	19.252683	-21.773689	
0.023856	0.015549	0.020197	0.032087	0.032442	0.033412	0.028834	0.002394	0.005590	0.013447	0.027488	0.007486	0.000710	0.025243	0.006104	0.021848	0.031919	0.018363	0.012302	0.016660	0.029117	0.020067	0.034386	0.006241	0.027161	0.016636	0.033993	0.024143	0.011759	0.033588	0.033529	0.004166	0.021221	0.030322	0.018276	0.019750	0.024166	0.027137	0.016619	0.027204	0.001852	0.011090	0.031405	0.002045	0.008431	0.021646	0.026788	0.018541	0.032077	0.010715	
0.019459	0.020340	0.034236	0.039091	0.020315	0.030440	0.019569	0.016997	0.009958	0.038790	0.013985	0.030080	0.012231	0.006698	0.033483	0.027071	0.017919	0.030948	0.018384	0.007691	0.013068	0.023174	0.013819	0.039131	0.007292	0.004221	0.037685	0.013734	0.016259	0.032673	0.033414	0.003322	0.008273	0.029413	0.011412	0.026492	0.025566	0.007829	0.017255	0.010986	0.013396	0.032208	0.019793	0.009363	0.028635	0.011371	0.005578	0.022057	0.005807	0.029090	
0.000137	0.020217	0.015039	0.022351	0.008929	0.006220	0.025694	0.028542	0.016299	0.020468	0.013439	0.031519	0.027594	0.011800	0.025627	0.029978	0.009045	0.018015	0.025738	0.034454	0.026676	0.018440	0.019578	0.030112	0.018017	0.028712	0.030433	0.002797	0.034048	0.022877	0.002450	0.019100	0.030919	0.005660	0.026312	0.032721	0.011125	0.021904	0.015847	0.018173	0.026402	0.031449	0.030914	0.015421	0.019148	0.002095	0.026059	0.026454	0.001212	0.013842	
0.022210	0.033625	0.014267	0.031268	0.012470	0.010396	0.008708	0.004307	0.028118	0.004522	0.012143	0.019577	0.007686	0.011920	0.026280	0.028532	0.016826	0.023854	0.018823	0.037704	0.037560	0.032246	0.025570	0.036294	0.006241	0.027661	0.030072	0.036930	0.034900	0.032447	0.008886	0.018332	0.014970	0.018368	0.024289	0.032728	0.020170	0.002298	0.006430	0.009399	0.005149	0.015357	0.037821	0.012836	0.022638	0.004581	0.005038	0.029741	0.030633	0.007175	
0.003446	0.027779	0.000770	0.003871	0.014105	0.030550	0.006089	0.025121	0.002458	0.016684	0.041269	0.009014	0.003764	0.002777	0.042196	0.005907	0.042023	0.007758	0.025579	0.008320	0.039146	0.041372	0.032625	0.022924	0.030234	0.031699	0.026614	0.025682	0.001981	0.009587	0.010062	0.039315	0.030392	0.037463	0.019817	0.000246	0.013225	0.001661	0.027978	0.037766	0.024654	0.020343	0.006893	0.012928	0.031557	0.037580	0.014807	0.010435	0.017677	0.023854	
0.005459	0.030247	0.016018	0.027906	0.007245	0.030409	0.039998	0.003000	0.023995	0.019613	0.017160	0.036652	0.021715	0.042589	0.019452	0.013737	0.009079	0.016471	0.030074	0.024797	0.004045	0.032844	0.021536	0.029881	0.004135	0.040002	0.007966	0.010504	0.031056	0.040607	0.039815	0.003527	0.003348	0.012570	0.001065	0.036975	0.005156	0.023672	0.029467	0.040807	0.024471	0.008744	0.028314	0.003855	0.021751	0.007790	0.011535	0.012286	0.010151	0.016511	
0.005920	0.023563	0.018903	0.018389	0.007621	0.033855	0.034434	0.028986	0.001375	0.034297	0.024923	0.001157	0.015554	0.026176	0.019064	0.021857	0.024715	0.021135	0.021011	0.014628	0.031239	0.003751	0.017871	0.031290	0.031181	0.018616	0.021778	0.027973	0.032060	0.019316	0.022659	0.004816	0.017919	0.012387	0.007581	0.023109	0.018190	0.031336	0.004884	0.013235	0.028128	0.012733	0.033196	0.026516	0.006648	0.029696	0.016538	0.005379	0.020448	0.031963	
0.032026	0.022079	0.016277	0.040128	0.029121	0.026155	0.023178	0.034885	0.015412	0.016882	0.017218	0.023577	0.029607	0.030201	0.035265	0.006572	0.005522	0.026093	0.012195	0.024979	0.010412	0.003791	0.015465	0.024341	0.024275	0.026149	0.010570	0.000419	0.016369	0.033964	0.029737	0.011743	0.023955	0.007541	0.018363	0.022743	0.009639	0.030654	0.013496	0.001549	0.002093	0.016101	0.039533	0.027364	0.038565	0.007746	0.027963	0.007818	0.024374	0.005895	
0.029232	0.033765	0.014420	0.030351	0.033461	0.027418	0.023757	0.018581	0.023524	0.031112	0.020544	0.015488	0.017015	0.006792	0.016309	0.006243	0.009567	0.006501	0.015696	0.024641	0.033650	0.015921	0.012055	0.034602	0.005726	0.032285	0.001403	0.025486	0.034169	0.009891	0.010207	0.014164	0.010976	0.013252	0.033592	0.027469	0.004908	0.014381	0.031371	0.034757	0.035028	0.004292	0.029141	0.024243	0.022459	0.020789	0.010556	0.022753	0.000472	0.025586	
0.024968	0.035561	0.011358	0.037021	0.013764	0.035859	0.012211	0.014064	0.017780	0.032462	0.002286	0.025300	0.015726	0.006972	0.018435	0.030759	0.001885	0.006437	0.012368	0.034857	0.008758	0.028778	0.005623	0.000725	0.015168	0.028021	0.020499	0.002906	0.011377	0.028127	0.031007	0.036492	0.010155	0.036467	0.017724	0.032494	0.026682	0.005631	0.019811	0.019265	0.031631	0.033760	0.001823	0.026374	0.025145	0.017117	0.018770	0.026903	0.014016	0.028679	
0.009512	0.035677	0.027796	0.027998	0.005473	0.008203	0.028222	0.015574	0.036511	0.015317	0.001424	0.035717	0.006958	0.015256	0.000571	0.021948	0.033441	0.026129	0.025213	0.018954	0.022935	0.022260	0.022377	0.025765	0.010080	0.009481	0.041111	0.018360	0.009434	0.036564	0.023063	0.032252	0.031502	0.019146	0.001920	0.034279	0.000328	0.006580	0.022394	0.039076	0.040672	0.021831	0.031281	0.005234	0.030120	0.011387	0.008246	0.004527	0.010977	0.010923	
0.011822	0.038138	0.027632	0.020992	0.026730	0.020394	0.038487	0.007570	0.001588	0.004062	0.038815	0.005696	0.013448	0.020563	0.007350	0.022472	0.013290	0.039513	0.019337	0.004521	0.004750	0.021021	0.034970	0.039529	0.030323	0.017705	0.032029	0.033362	0.025635	0.024579	0.025002	0.000670	0.019451	0.018538	0.003513	0.024750	0.002442	0.013515	0.004869	0.027932	0.006141	0.031210	0.012161	0.037377	0.039788	0.035833	0.003307	0.003155	0.021565	0.022460	
0.010898	0.002783	0.009133	0.003693	0.013341	0.005275	0.016845	0.014298	0.022715	0.015941	0.000998	0.027778	0.006133	0.020525	0.016549	0.017428	0.015461	0.036352	0.031866	0.034393	0.006264	0.014986	0.011518	0.037284	0.031402	0.026460	0.000943	0.014461	0.023879	0.007726	0.034320	0.033881	0.033776	0.036643	0.009785	0.031233	0.015600	0.037438	0.033708	0.001702	0.024550	0.030016	0.016800	0.012564	0.027099	0.023148	0.012063	0.037810	0.020483	0.030054	
0.009821	0.012167	0.020665	0.035496	0.001428	0.040243	0.017505	0.036473	0.036113	0.023673	0.007832	0.028234	0.019403	0.028205	0.002476	0.040133	0.023725	0.015100	0.007074	0.017812	0.031893	0.012030	0.001031	0.008937	0.040503	0.034449	0.027930	0.012617	0.015632	0.027916	0.037024	0.013039	0.011047	0.007995	0.025672	0.008073	0.035124	0.007328	0.006757	0.034738	0.004895	0.007136	0.010342	0.028089	0.019184	0.007965	0.020252	0.036488	0.003731	0.038601	
0.034611	0.000461	0.001779	0.013896	0.007075	0.022141	0.001816	0.026583	0.020477	0.038853	0.023531	0.012186	0.005306	0.001459	0.033802	0.007554	0.024454	0.039307	0.016802	0.013348	0.009515	0.029734	0.034671	0.002189	0.018964	0.017909	0.033169	0.019556	0.025308	0.037182	0.014450	0.007082	0.009767	0.031430	0.025363	0.037431	0.025033	0.012715	0.024512	0.024945	0.028389	0.004745	0.040002	0.013695	0.024808	0.003821	0.015108	0.016755	0.023997	0.042311	
0.032874	0.004188	0.015029	0.030878	0.031531	0.020346	0.002499	0.002444	0.036631	0.002022	0.011786	0.023892	0.036374	0.003669	0.025225	0.030091	0.016094	0.024928	0.006032	0.026910	0.036013	0.030396	0.031057	0.030173	0.002941	0.017595	0.023438	0.007270	0.010045	0.027845	0.020893	0.000022	0.030230	0.021463	0.000678	0.001678	0.022734	0.023694	0.016500	0.008739	0.028735	0.014607	0.028028	0.034793	0.012903	0.016543	0.034775	0.026775	0.028105	0.027887	
0.017495	0.008704	0.028528	0.015406	0.015550	0.000231	0.000641	0.039510	0.032238	0.002120	0.017932	0.040558	0.028065	0.014410	0.038115	0.023699	0.017393	0.029432	0.008039	0.014290	0.024604	0.006243	0.039472	0.029231	0.005763	0.019331	0.031899	0.019410	0.017335	0.040244	0.011286	0.018220	0.002036	0.013848	0.016544	0.027764	0.011173	0.022474	0.018590	0.033957	0.006317	0.031389	0.030570	0.034661	0.014778	0.010731	0.000576	0.041348	0.010296	0.017558	
0.015806	0.033225	0.016437	0.029653	0.017984	0.002031	0.005109	0.029275	0.000355	0.028706	0.036857	0.033803	0.003328	0.006070	0.014190	0.006915	0.032305	0.039194	0.031114	0.038196	0.014961	0.031945	0.022033	0.002910	0.018808	0.009915	0.007625	0.022573	0.014603	0.011213	0.007717	0.022665	0.036428	0.027529	0.001180	0.021230	0.029170	0.005110	0.017335	0.032950	0.010233	0.036581	0.016944	0.036802	0.002339	0.014004	0.038659	0.026428	0.000783	0.038777	
0.003143	0.028159	0.003882	0.012601	0.032538	0.012340	0.000786	0.017435	0.032616	0.024521	0.004294	0.026003	0.012532	0.010543	0.013896	0.004805	0.015995	0.039696	0.040096	0.016048	0.038101	0.002959	0.006766	0.030166	0.031009	0.016070	0.010260	0.009570	0.011195	0.019934	0.017914	0.034643	0.036010	0.030260	0.028000	0.004254	0.019221	0.030358	0.003436	0.014893	0.037764	0.037612	0.036624	0.030856	0.010688	0.011605	0.006863	0.010760	0.031530	0.038746	
0.021718	0.032130	0.020875	0.001135	0.000831	0.001529	0.002350	0.030102	0.009444	0.031655	0.001082	0.030629	0.020469	0.015497	0.039072	0.034862	0.026011	0.035040	0.038058	0.018542	0.000218	0.020885	0.036720	0.013347	0.000948	0.035585	0.001352	0.019199	0.012716	0.035462	0.016693	0.034401	0.014496	0.035672	0.026355	0.018057	0.027075	0.029612	0.033185	0.002912	0.025446	0.002171	0.015476	0.032624	0.020127	0.008725	0.027825	0.021083	0.003162	0.017441	
0.011525	0.019102	0.017866	0.009097	0.012245	0.009171	0.033183	0.039231	0.006518	0.008716	0.026260	0.011590	0.016664	0.024171	0.033841	0.018993	0.005110	0.003770	0.019689	0.035121	0.001548	0.040719	0.018091	0.010936	0.031097	0.022267	0.033855	0.021139	0.035186	0.032026	0.040154	0.006578	0.003121	0.016995	0.023040	0.024177	0.019449	0.035219	0.037537	0.004543	0.001965	0.002627	0.013993	0.002595	0.034744	0.034996	0.022783	0.034786	0.019713	0.012258	
0.009549	0.023239	0.006295	0.005801	0.039240	0.014986	0.036481	0.020320	0.020189	0.002900	0.033638	0.036675	0.003114	0.004517	0.021508	0.017414	0.038422	0.013094	0.021145	0.000678	0.038404	0.035968	0.036856	0.001857	0.005524	0.028152	0.012502	0.036864	0.034628	0.000565	0.031435	0.023965	0.017269	0.034437	0.002402	0.005139	0.039234	0.024301	0.000446	0.024005	0.033031	0.015568	0.010962	0.016517	0.012739	0.019860	0.017983	0.029278	0.024159	0.016747	
0.012416	0.030404	0.015307	0.003011	0.043981	0.042939	0.029667	0.002473	0.008250	0.010353	0.038671	0.012531	0.013054	0.009826	0.042227	0.035864	0.024189	0.037060	0.006573	0.039223	0.043155	0.027761	0.001574	0.014098	0.026246	0.002817	0.002988	0.008689	0.001661	0.006162	0.005090	0.005275	0.018497	0.010228	0.001338	0.017243	0.002243	0.024727	0.001006	0.029341	0.011514	0.022985	0.010873	0.039057	0.035781	0.022938	0.030923	0.038793	0.039579	0.039399	
0.014841	0.018402	0.032896	0.036831	0.033172	0.008820	0.011014	0.024520	0.032773	0.010260	0.032991	0.011703	0.021407	0.008658	0.008532	0.022101	0.011124	0.016262	0.015784	0.019027	0.012434	0.020436	0.034613	0.019364	0.009378	0.034733	0.033082	0.022130	0.007892	0.010939	0.036353	0.001859	0.012004	0.009654	0.031071	0.033669	0.034620	0.003031	0.021537	0.015270	0.034833	0.029071	0.011321	0.023847	0.011402	0.012058	0.033235	0.022505	0.003092	0.023446	
0.032929	0.009164	0.005123	0.036042	0.024466	0.002265	0.000424	0.006297	0.035668	0.036963	0.024908	0.037607	0.026471	0.012208	0.025427	0.025428	0.038027	0.028852	0.017927	0.014860	0.025091	0.028649	0.035499	0.019664	0.031336	0.028701	0.033134	0.000448	0.013643	0.035549	0.038560	0.020666	0.033831	0.001815	0.007762	0.002473	0.017562	0.010392	0.009777	0.001179	0.039220	0.001734	0.006347	0.030450	0.029594	0.000653	0.018162	0.025503	0.006035	0.005516	
0.017992	0.018774	0.019015	0.023618	0.038200	0.021075	0.000859	0.021065	0.016294	0.018017	0.020641	0.038087	0.036709	0.002236	0.011734	0.039082	0.001355	0.035143	0.024414	0.002540	0.036799	0.010531	0.006401	0.006228	0.024919	0.033178	0.038183	0.033865	0.036231	0.027122	0.012413	0.020428	0.005419	0.004105	0.028502	0.023166	0.001519	0.007376	0.005673	0.027073	0.005308	0.013747	0.027385	0.016651	0.005793	0.023229	0.013470	0.025638	0.033859	0.038940	
0.024891	0.020082	0.018395	0.024032	0.012236	0.003896	0.026322	0.032881	0.019528	0.024962	0.009242	0.006320	0.015763	0.012040	0.023960	0.016837	0.025355	0.006997	0.002086	0.033167	0.031370	0.034879	0.016611	0.031632	0.015573	0.012195	0.008782	0.017969	0.031019	0.010392	0.028183	0.024247	0.015710	0.012629	0.035932	0.000820	0.035474	0.033252	0.027806	0.017054	0.019587	0.019073	0.020937	0.022999	0.000901	0.013752	0.032478	0.030469	0.007775	0.031506	
0.020221	0.009190	0.000249	0.025740	0.036869	0.015352	0.024049	0.033874	0.001471	0.021567	0.031001	0.023267	0.003172	0.044941	0.023721	0.005450	0.008534	0.034758	0.002157	0.041232	0.009061	0.023655	0.007970	0.023692	0.009338	0.013539	0.031070	0.004718	0.024194	0.008259	0.032626	0.029714	0.034094	0.007427	0.004739	0.009823	0.010175	0.030792	0.027118	0.033066	0.031551	0.032432	0.028622	0.013949	0.020257	0.006699	0.007182	0.037817	0.002720	0.036884	
0.014319	0.024278	0.008618	0.026658	0.036097	0.013790	0.023007	0.017334	0.031949	0.014528	0.034138	0.004775	0.020512	0.025356	0.014891	0.022192	0.024292	0.018019	0.008059	0.037082	0.001572	0.010686	0.014179	0.028747	0.019892	0.033315	0.013236	0.024110	0.020991	0.022118	0.024335	0.022579	0.020396	0.030697	0.011062	0.008944	0.023910	0.005078	0.031632	0.011847	0.009402	0.034888	0.008099	0.034291	0.023314	0.018635	0.030262	0.005236	0.021441	0.015211	
0.017939	0.032674	0.030891	0.038187	0.003549	0.004084	0.016994	0.027444	0.015634	0.036994	0.033087	0.035081	0.015464	0.037924	0.017330	0.006594	0.018918	0.015377	0.025560	0.017680	0.018532	0.004175	0.008778	0.011220	0.022897	0.024728	0.008098	0.008393	0.015747	0.025470	0.024981	0.021778	0.016995	0.021583	0.012530	0.004416	0.034286	0.023823	0.034199	0.031296	0.001864	0.037533	0.008121	0.024945	0.001623	0.035135	0.023537	0.000805	0.015541	0.029566	
0.001553	0.025012	0.029404	0.022114	0.025592	0.008178	0.014828	0.034608	0.021709	0.032460	0.032564	0.017141	0.030530	0.002869	0.014213	0.005837	0.008398	0.022400	0.035997	0.031755	0.031358	0.029285	0.029301	0.003710	0.035728	0.032666	0.016638	0.030485	0.031879	0.028807	0.007059	0.024720	0.032583	0.022961	0.009438	0.019000	0.018627	0.009761	0.033462	0.002490	0.021239	0.012353	0.004801	0.012202	0.015644	0.002812	0.005576	0.024587	0.001359	0.032307	
0.028133	0.026264	0.016070	0.021990	0.036997	0.034245	0.030015	0.035695	0.009309	0.033969	0.003305	0.025336	0.004355	0.037627	0.037076	0.037509	0.016952	0.021099	0.022033	0.014376	0.011037	0.001056	0.013985	0.021623	0.033265	0.005140	0.004022	0.024930	0.022285	0.037426	0.017315	0.008651	0.007608	0.015853	0.008944	0.014088	0.037365	0.020729	0.005664	0.013091	0.024842	0.017359	0.004043	0.039318	0.013786	0.003424	0.010619	0.026566	0.008185	0.035426	
0.037434	0.022435	0.013587	0.000320	0.000445	0.002737	0.010687	0.037018	0.029312	0.031860	0.031828	0.014175	0.017195	0.014946	0.008007	0.001109	0.031921	0.004482	0.038417	0.021106	0.028958	0.004477	0.027663	0.025033	0.020321	0.006177	0.026865	0.038772	0.038759	0.009109	0.002861	0.016867	0.006047	0.030667	0.018523	0.040143	0.019306	0.008705	0.016723	0.031587	0.034679	0.022275	0.019645	0.003998	0.038858	0.005017	0.033742	0.008307	0.011757	0.035141	
0.006768	0.000483	0.009813	0.027894	0.002720	0.016672	0.035259	0.013224	0.017122	0.000307	0.019876	0.023087	0.009748	0.020664	0.022021	0.011850	0.005949	0.017275	0.016084	0.019250	0.019330	0.017542	0.013004	0.014439	0.030871	0.026190	0.016386	0.034270	0.028714	0.024530	0.014020	0.029763	0.008785	0.036759	0.027075	0.012347	0.024050	0.014013	0.032030	0.036487	0.012419	0.037575	0.037037	0.007528	0.025996	0.011279	0.037986	0.024784	0.019402	0.029322	
0.023718	0.004308	0.017562	0.000130	0.006213	0.007918	0.035337	0.028729	0.027062	0.021773	0.019223	0.007329	0.023844	0.020504	0.030783	0.035327	0.026918	0.034163	0.028495	0.028478	0.034324	0.033356	0.018034	0.035455	0.015894	0.032568	0.018751	0.014615	0.003662	0.019468	0.011019	0.015179	0.034431	0.011723	0.007886	0.023599	0.016707	0.007792	0.010968	0.031556	0.016955	0.004982	0.022957	0.009188	0.022495	0.027307	0.020843	0.020452	0.003315	0.026705	
0.013175	0.014215	0.009038	0.033084	0.027432	0.006303	0.014170	0.024586	0.027236	0.017459	0.028813	0.016525	0.014782	0.034997	0.019921	0.020470	0.004287	0.024750	0.000060	0.035021	0.016831	0.037791	0.028387	0.012984	0.010444	0.024733	0.012418	0.031040	0.023670	0.031829	0.011718	0.013237	0.008858	0.026815	0.011158	0.036461	0.015892	0.002082	0.013643	0.034752	0.034865	0.011402	0.015249	0.013235	0.036690	0.026630	0.019561	0.015846	0.007845	0.027607	
0.004743	0.024590	0.031998	0.020600	0.012200	0.029771	0.036266	0.037228	0.038550	0.034026	0.037753	0.022887	0.013262	0.021978	0.002138	0.009738	0.003829	0.011828	0.006077	0.017151	0.036820	0.020215	0.008954	0.009190	0.006371	0.013720	0.031947	0.026089	0.020749	0.008833	0.016798	0.008892	0.014593	0.035511	0.015257	0.020351	0.023885	0.022044	0.033944	0.004100	0.011348	0.036638	0.001195	0.004069	0.033167	0.014298	0.026726	0.037336	0.001604	0.038744	
0.019892	0.018423	0.029294	0.005161	0.036395	0.005057	0.037661	0.038921	0.006745	0.006964	0.009852	0.008038	0.037211	0.014719	0.013432	0.027666	0.028881	0.007203	0.037011	0.038425	0.032803	0.021212	0.004372	0.011637	0.038141	0.019439	0.040010	0.006576	0.007331	0.017147	0.012822	0.003988	0.012082	0.034155	0.036662	0.001431	0.021219	0.039476	0.001251	0.040853	0.031418	0.005214	0.031799	0.015684	0.024810	0.001744	0.007499	0.009318	0.032581	0.010376	
0.006939	0.026994	0.014306	0.014059	0.020163	0.023580	0.015783	0.026185	0.015235	0.027510	0.021696	0.001331	0.033935	0.019705	0.034166	0.015811	0.018316	0.016478	0.018578	0.017048	0.014187	0.028298	0.010558	0.024247	0.001509	0.007147	0.021070	0.035531	0.031998	0.017065	0.012857	0.003216	0.001806	0.032461	0.034347	0.006122	0.013564	0.020295	0.031987	0.018100	0.025555	0.031243	0.036536	0.019807	0.019372	0.013972	0.018630	0.013149	0.033572	0.033982	
0.013165	0.024567	0.037806	0.038066	0.037171	0.022898	0.003594	0.014433	0.018560	0.032232	0.002813	0.032742	0.009083	0.009082	0.001355	0.028543	0.008598	0.026477	0.017793	0.034878	0.010700	0.022320	0.002192	0.025559	0.006841	0.010388	0.016207	0.018136	0.038790	0.007939	0.005953	0.024774	0.022005	0.030998	0.009249	0.021875	0.028665	0.037526	0.034770	0.000979	0.039339	0.000797	0.001653	0.038454	0.033353	0.001050	0.019635	0.016186	0.038426	0.021384	
0.032746	0.036241	0.034034	0.021660	0.033449	0.034422	0.026497	0.001083	0.030878	0.028876	0.002508	0.025676	0.002447	0.011319	0.030114	0.031555	0.002347	0.021077	0.003991	0.032808	0.025163	0.030057	0.009275	0.025102	0.000558	0.001199	0.013459	0.001938	0.035928	0.026804	0.001421	0.011309	0.014999	0.028907	0.009317	0.030906	0.034864	0.020823	0.023804	0.027227	0.001034	0.011151	0.015135	0.030741	0.023909	0.025191	0.015584	0.021981	0.028603	0.009884	
0.020966	0.005153	0.013375	0.030862	0.029545	0.019561	0.033371	0.030611	0.024411	0.025536	0.011188	0.026935	0.022243	0.028061	0.031673	0.006830	0.037821	0.027400	0.001775	0.001659	0.030701	0.008429	0.006762	0.001951	0.016595	0.011746	0.016622	0.016472	0.023732	0.000845	0.030572	0.019861	0.034629	0.012478	0.018147	0.026651	0.034095	0.012305	0.015098	0.040213	0.015140	0.022935	0.023445	0.000693	0.007903	0.033692	0.028984	0.037093	0.003248	0.019986	
0.001657	0.010713	0.003300	0.019274	0.000051	0.027953	0.003149	0.022026	0.041057	0.032315	0.005771	0.003580	0.009355	0.018845	0.029836	0.032565	0.022648	0.005964	0.043842	0.028803	0.011702	0.016329	0.020956	0.003510	0.023674	0.001810	0.004852	0.011101	0.020943	0.037892	0.038499	0.034381	0.027491	0.001160	0.042784	0.042781	0.028231	0.007555	0.035013	0.026883	0.029455	0.003595	0.007129	0.032017	0.039326	0.009030	0.005795	0.028164	0.019709	0.025532	
0.004287	0.012018	0.019250	0.018327	0.028045	0.025920	0.012637	0.034750	0.012835	0.015730	0.021059	0.014273	0.038073	0.010674	0.035994	0.032641	0.013202	0.001232	0.039301	0.004766	0.018055	0.008408	0.035127	0.030178	0.030644	0.015089	0.022314	0.008144	0.010390	0.024212	0.000443	0.026772	0.025069	0.017468	0.014129	0.022085	0.004888	0.012269	0.032866	0.008190	0.031066	0.029930	0.014971	0.027676	0.029169	0.008028	0.009102	0.039387	0.019598	0.029319	
0.029021	0.018590	0.031413	0.008339	0.022581	0.031595	0.027949	0.036359	0.010935	0.023517	0.034047	0.021346	0.027691	0.002253	0.005423	0.001098	0.036553	0.005977	0.007233	0.011612	0.019004	0.002627	0.017900	0.008832	0.036816	0.035740	0.015751	0.019654	0.034892	0.013023	0.019999	0.004711	0.024267	0.036632	0.012352	0.034063	0.021286	0.028053	0.019431	0.037785	0.022260	0.007770	0.037507	0.014916	0.008353	0.019509	0.019524	0.015030	0.000920	0.017862	
0.038364	0.027283	0.025889	0.033933	0.024820	0.014862	0.008369	0.026380	0.022700	0.033668	0.032507	0.010758	0.008166	0.025726	0.002773	0.014969	0.031835	0.005545	0.035400	0.004170	0.029509	0.004790	0.007773	0.011745	0.033612	0.027850	0.032092	0.034544	0.022454	0.004539	0.030530	0.004515	0.025855	0.011229	0.034505	0.032993	0.023168	0.008165	0.006539	0.017045	0.032339	0.003762	0.032639	0.023120	0.009381	0.012958	0.007406	0.004938	0.013043	0.028846	
0.040288	0.002609	0.005139	0.017500	0.003697	0.037509	0.033685	0.008899	0.023008	0.031978	0.039216	0.031220	0.000376	0.001962	0.034584	0.032131	0.023440	0.028196	0.001984	0.001346	0.005427	0.009960	0.049992	0.008514	0.022762	0.021913	0.008972	0.003241	0.027659	0.012414	0.003183	0.030668	0.022318	0.017067	0.005753	0.036611	0.013837	0.014881	0.011301	0.035126	0.005132	0.024787	0.034854	0.018402	0.035513	0.031804	0.020345	0.041542	0.017009	0.010244	
0.007530	0.037581	0.003642	0.001524	0.024493	0.039555	0.015755	0.014441	0.014640	0.023541	0.015112	0.021166	0.021184	0.019736	0.023448	0.037073	0.037876	0.017285	0.012595	0.006871	0.034045	0.032347	0.018708	0.028662	0.002865	0.013403	0.012299	0.027014	0.010598	0.006799	0.009620	0.020681	0.008271	0.036778	0.014085	0.029826	0.009439	0.017226	0.033879	0.026176	0.035725	0.003478	0.012492	0.006380	0.036795	0.031699	0.017296	0.035609	0.011004	0.021753	
0.030489	0.010164	0.014792	0.010889	0.036819	0.021037	0.015659	0.013948	0.001456	0.020781	0.009343	0.028865	0.034491	0.011071	0.033816	0.023597	0.037726	0.039533	0.039131	0.038216	0.008916	0.011657	0.035449	0.007926	0.001513	0.006136	0.014374	0.002977	0.018617	0.027880	0.011847	0.002829	0.004483	0.014105	0.018545	0.039317	0.039637	0.015945	0.019444	0.018257	0.026075	0.029331	0.024095	0.018581	0.026136	0.001131	0.021654	0.034703	0.011764	0.014857	
0.025747	0.026814	0.035130	0.027295	0.014996	0.023873	0.026198	0.025914	0.032861	0.023182	0.017306	0.027534	0.018186	0.031900	0.024656	0.001428	0.000858	0.032809	0.016748	0.016736	0.013396	0.004953	0.030714	0.027966	0.033320	0.022596	0.034503	0.005931	0.025892	0.036178	0.002138	0.015663	0.026127	0.008178	0.001190	0.018644	0.024936	0.011614	0.009675	0.002766	0.033498	0.001490	0.034146	0.005409	0.003292	0.015258	0.007236	0.028043	0.034394	0.030682	
0.030270	0.009765	0.030908	0.015143	0.002030	0.010216	0.034529	0.021058	0.006957	0.008153	0.034954	0.040230	0.035659	0.037847	0.034303	0.029069	0.015157	0.006625	0.001503	0.003964	0.009061	0.015846	0.006566	0.005417	0.033054	0.022886	0.035529	0.011430	0.031132	0.007501	0.012945	0.007988	0.030339	0.004315	0.039022	0.005025	0.018417	0.000356	0.031932	0.009291	0.038193	0.042816	0.028399	0.019050	0.031792	0.037928	0.010729	0.011043	0.002865	0.030794	
0.035075	0.037440	0.003993	0.043132	0.044468	0.003267	0.043602	0.005042	0.032956	0.047191	0.005140	0.009233	0.017065	0.021329	0.018888	0.021128	0.004936	0.010776	0.016556	0.016730	0.014754	0.031971	0.016671	0.021736	0.024488	0.015070	0.016448	0.000028	0.019725	0.020702	0.020851	0.030855	0.035020	0.023415	0.026470	0.002291	0.040513	0.006141	0.015678	0.043929	0.036734	0.000283	0.016117	0.015363	0.019467	0.018435	0.000857	0.013536	0.004532	0.009975	
0.001294	0.028224	0.008818	0.001052	0.005614	0.034203	0.022362	0.020326	0.022634	0.002640	0.014883	0.013083	0.031755	0.022549	0.022530	0.017389	0.004846	0.015276	0.021057	0.032760	0.039551	0.013876	0.016623	0.005983	0.019303	0.030548	0.001990	0.038127	0.029655	0.026444	0.000969	0.010792	0.037353	0.025298	0.016733	0.020086	0.020658	0.038556	0.007484	0.032008	0.039713	0.001225	0.007384	0.027718	0.032364	0.017520	0.021625	0.035710	0.011552	0.029858	
0.032930	0.037546	0.013111	0.020085	0.030069	0.006870	0.004136	0.036608	0.010729	0.001472	0.023017	0.026134	0.010736	0.014926	0.029230	0.027961	0.016591	0.016469	0.026050	0.017773	0.020311	0.008110	0.020666	0.032273	0.023346	0.034879	0.020392	0.008911	0.010245	0.017075	0.029001	0.029437	0.036547	0.016141	0.015743	0.015573	0.003146	0.030258	0.030191	0.008913	0.027500	0.020567	0.023753	0.016242	0.007295	0.026213	0.001631	0.024034	0.001447	0.037716	
0.033813	0.015967	0.039540	0.000620	0.019484	0.017287	0.008777	0.009419	0.010276	0.030372	0.029181	0.030585	0.018435	0.012512	0.020915	0.012991	0.018467	0.007022	0.040808	0.003093	0.004166	0.020884	0.037018	0.022170	0.011840	0.015279	0.000033	0.019657	0.026555	0.008831	0.042992	0.034144	0.017506	0.003093	0.029858	0.008587	0.035656	0.011725	0.010079	0.016192	0.044621	0.011457	0.040193	0.042493	0.000688	0.001947	0.028511	0.008236	0.030760	0.035266	
0.032184	0.037108	0.023509	0.020567	0.014672	0.036733	0.004455	0.034795	0.013586	0.020599	0.036392	0.030102	0.012210	0.037110	0.023185	0.009754	0.032884	0.004019	0.005569	0.004077	0.032948	0.001681	0.028079	0.008021	0.037742	0.018094	0.021981	0.010771	0.009213	0.012484	0.017903	0.013740	0.000882	0.023916	0.020973	0.031988	0.033305	0.013578	0.008665	0.007717	0.015511	0.032039	0.034769	0.022877	0.026894	0.017495	0.011066	0.011790	0.007889	0.032475	
0.020206	0.003210	0.025022	0.026240	0.018709	0.032903	0.023867	0.012843	0.001866	0.004900	0.003897	0.008725	0.034399	0.007814	0.032560	0.012247	0.026720	0.032839	0.022806	0.011561	0.014330	0.002617	0.028644	0.021642	0.012108	0.028945	0.006709	0.032767	0.010404	0.026181	0.009769	0.028882	0.027357	0.033408	0.036465	0.017592	0.030441	0.034218	0.023461	0.022072	0.019413	0.012210	0.025200	0.003098	0.006650	0.002846	0.031859	0.033230	0.024073	0.030074	
0.000870	0.019658	0.029581	0.004735	0.015885	0.007706	0.032186	0.018915	0.005430	0.018038	0.028788	0.020635	0.015330	0.024015	0.017545	0.038119	0.027707	0.004169	0.037869	0.033029	0.027493	0.020970	0.038871	0.017077	0.006100	0.009873	0.016500	0.011350	0.004108	0.013899	0.031068	0.021106	0.041186	0.016468	0.021370	0.027842	0.029697	0.003843	0.003004	0.005194	0.027203	0.002966	0.039000	0.031239	0.014346	0.005625	0.028750	0.029604	0.025823	0.028213	
0.004661	0.039963	0.008504	0.016090	0.004536	0.041572	0.016051	0.023032	0.002214	0.029022	0.014606	0.039118	0.036710	0.012258	0.024369	0.004439	0.014340	0.001648	0.010061	0.018108	0.030807	0.013595	0.009946	0.038898	0.036904	0.041048	0.037347	0.035171	0.009137	0.044321	0.032106	0.016363	0.010315	0.024180	0.028833	0.008542	0.027938	0.016631	0.006163	0.042170	0.004250	0.023296	0.000340	0.009415	0.000004	0.030662	0.011731	0.014995	0.022116	0.011471	
0.002467	0.030654	0.033744	0.009644	0.032972	0.002847	0.012675	0.023877	0.022238	0.019475	0.024061	0.014217	0.003926	0.016066	0.026600	0.021972	0.025312	0.023032	0.007690	0.027390	0.033957	0.022272	0.035857	0.034583	0.014898	0.000688	0.013251	0.004079	0.023264	0.030591	0.011968	0.036046	0.033865	0.001234	0.010199	0.035730	0.023789	0.004919	0.036964	0.025740	0.007612	0.029079	0.013774	0.000804	0.018280	0.035845	0.017260	0.025400	0.032619	0.004577	
0.029744	0.032131	0.039555	0.005530	0.016905	0.024480	0.001529	0.006687	0.027413	0.011891	0.015298	0.034740	0.003667	0.003907	0.000381	0.040353	0.023723	0.021390	0.026547	0.038838	0.014422	0.010026	0.039161	0.032178	0.026800	0.021726	0.006463	0.033355	0.001850	0.007424	0.016727	0.006203	0.026407	0.033334	0.002547	0.024604	0.010842	0.027556	0.033360	0.037530	0.036617	0.001795	0.009327	0.023890	0.025989	0.012651	0.008167	0.035693	0.001261	0.027387	
0.016728	0.028803	0.002737	0.027520	0.005784	0.011451	0.022393	0.019969	0.004003	0.014214	0.034926	0.026376	0.027425	0.004626	0.023742	0.036583	0.021378	0.013299	0.002257	0.039391	0.027013	0.009609	0.010192	0.016339	0.035399	0.024585	0.023221	0.010084	0.046426	0.004629	0.022866	0.006772	0.010154	0.015084	0.004124	0.026602	0.043952	0.021240	0.027114	0.042203	0.001705	0.000329	0.021445	0.019024	0.039098	0.001367	0.012418	0.046072	0.044786	0.002541	
0.026838	0.038931	0.021296	0.003568	0.011272	0.030592	0.036687	0.034343	0.031898	0.014032	0.025232	0.037861	0.020584	0.001138	0.037816	0.022392	0.035676	0.013123	0.003299	0.021752	0.020187	0.016166	0.035465	0.029613	0.015611	0.033547	0.029843	0.011371	0.023408	0.017869	0.012287	0.013357	0.015080	0.000111	0.030397	0.021346	0.000997	0.007773	0.001994	0.004921	0.005713	0.023341	0.012193	0.012392	0.022741	0.038579	0.007456	0.003598	0.030219	0.034092	
0.019081	0.028867	0.005324	0.033428	0.001525	0.037897	0.002339	0.017283	0.028939	0.044506	0.010868	0.004298	0.034264	0.024168	0.018130	0.002538	0.010449	0.032789	0.040846	0.012912	0.011724	0.010913	0.014640	0.014414	0.019237	0.021701	0.027389	0.031636	0.005107	0.027333	0.015433	0.013662	0.001695	0.016028	0.031139	0.002013	0.015336	0.028033	0.046586	0.034393	0.023966	0.029568	0.007308	0.011879	0.007171	0.026208	0.019916	0.033395	0.034011	0.007715	
0.003523	0.009584	0.043574	0.020601	0.003639	0.038554	0.033044	0.026869	0.036423	0.004559	0.031525	0.011688	0.034521	0.025049	0.002208	0.023781	0.007309	0.036447	0.040549	0.010408	0.028250	0.031438	0.011882	0.015869	0.011456	0.020064	0.017336	0.002601	0.012350	0.033883	0.027605	0.026381	0.004929	0.008476	0.016869	0.033137	0.006126	0.033912	0.010633	0.009721	0.027974	0.016785	0.002121	0.034050	0.027652	0.037791	0.017123	0.012101	0.015170	0.002460	
0.003169	0.004325	0.017529	0.036846	0.036737	0.024804	0.008840	0.010191	0.008846	0.033466	0.008350	0.004273	0.036474	0.005573	0.027242	0.011818	0.017903	0.018566	0.015981	0.011788	0.019417	0.005658	0.022871	0.033567	0.038018	0.004528	0.025994	0.010190	0.021534	0.015830	0.010916	0.010040	0.032962	0.038465	0.009187	0.034042	0.014600	0.013375	0.020279	0.006871	0.035850	0.030540	0.027870	0.004308	0.036566	0.023672	0.038554	0.030451	0.025284	0.015843	
0.025185	0.041991	0.025420	0.012841	0.007731	0.032836	0.010021	0.034795	0.040834	0.007236	0.004493	0.005894	0.027161	0.019210	0.016715	0.015259	0.010760	0.031783	0.007841	0.023361	0.029199	0.012472	0.035821	0.018544	0.000096	0.013399	0.022137	0.003727	0.002766	0.005146	0.036713	0.038294	0.018013	0.006205	0.035031	0.017924	0.010135	0.032104	0.041924	0.023429	0.027619	0.019436	0.020197	0.029389	0.029359	0.003056	0.025949	0.013968	0.003069	0.023510	
0.027447	0.036849	0.030056	0.002651	0.001601	0.015583	0.032192	0.025221	0.004531	0.032123	0.003020	0.018142	0.011626	0.035314	0.024281	0.020233	0.001286	0.032909	0.016274	0.026153	0.004661	0.031857	0.010776	0.019210	0.004912	0.030953	0.002003	0.021562	0.023190	0.030626	0.028033	0.031474	0.007689	0.000912	0.013360	0.007002	0.019575	0.023904	0.029673	0.003423	0.032491	0.015103	0.036401	0.034752	0.020708	0.029837	0.028196	0.028639	0.005864	0.025720	
0.011078	0.001349	0.004464	0.014603	0.010281	0.027766	0.029130	0.034771	0.037887	0.011954	0.027863	0.003727	0.024117	0.009831	0.001714	0.020004	0.008217	0.034499	0.023054	0.007240	0.033392	0.024743	0.010000	0.018498	0.026187	0.000053	0.031949	0.032048	0.034772	0.003791	0.022324	0.023616	0.036312	0.018803	0.033769	0.009966	0.022753	0.034020	0.035288	0.008524	0.030330	0.015418	0.030565	0.010011	0.018631	0.011290	0.013061	0.018397	0.026164	0.021780	
0.044793	0.018711	0.044111	0.024106	0.015370	0.038866	0.035420	0.026806	0.018450	0.002644	0.045343	0.006940	0.000667	0.026857	0.038947	0.025413	0.005391	0.004043	0.019196	0.006151	0.016304	0.018424	0.008039	0.014990	0.016095	0.000776	0.010733	0.023217	0.043427	0.031936	0.027458	0.010138	0.007025	0.012864	0.020252	0.033224	0.025638	0.028917	0.010021	0.046649	0.025466	0.001494	0.024081	0.012903	0.005630	0.014868	0.011067	0.014955	0.015193	0.019989	
0.012729	0.020825	0.032262	0.024633	0.000856	0.003425	0.036939	0.027365	0.025589	0.003373	0.039289	0.009662	0.003069	0.004499	0.023438	0.041112	0.020377	0.021786	0.035475	0.035739	0.022652	0.037812	0.011700	0.010708	0.005285	0.037447	0.024400	0.011046	0.014331	0.024510	0.001548	0.003691	0.023859	0.022540	0.010492	0.014517	0.015684	0.000303	0.039940	0.023364	0.018341	0.036522	0.025579	0.017290	0.000701	0.042008	0.016736	0.014790	0.022022	0.027740	
0.018594	0.021636	0.037475	0.003974	0.033721	0.025017	0.028825	0.007136	0.011567	0.005730	0.038144	0.019360	0.002917	0.035709	0.025636	0.031820	0.025251	0.005703	0.004999	0.011729	0.016998	0.037444	0.036939	0.014022	0.010153	0.038050	0.023162	0.015945	0.037174	0.020522	0.034462	0.015230	0.022286	0.011026	0.000041	0.016387	0.014084	0.022652	0.011893	0.033624	0.010004	0.019654	0.005033	0.031276	0.024046	0.001576	0.018623	0.024961	0.029581	0.008209	
0.002311	0.020615	0.031213	0.032937	0.021595	0.028195	0.016637	0.012864	0.036134	0.021083	0.023795	0.030714	0.004892	0.031343	0.012069	0.021781	0.031974	0.011846	0.005827	0.034918	0.031520	0.006067	0.017515	0.013860	0.017741	0.014372	0.017729	0.022599	0.023813	0.011281	0.015157	0.004733	0.025823	0.013395	0.033951	0.026307	0.028070	0.029926	0.014964	0.003404	0.028615	0.005603	0.026627	0.023248	0.011184	0.019794	0.012048	0.033429	0.015624	0.018856	
0.030079	0.036285	0.005824	0.019497	0.028764	0.039359	0.022467	0.014889	0.026922	0.034334	0.026297	0.020254	0.004434	0.027680	0.039222	0.003684	0.014612	0.033739	0.028779	0.031848	0.007366	0.029309	0.024269	0.037009	0.014766	0.025390	0.008751	0.034121	0.013197	0.022076	0.007408	0.008183	0.020712	0.002212	0.022435	0.001371	0.026400	0.003845	0.007158	0.015032	0.020605	0.016528	0.022431	0.028780	0.002640	0.026422	0.002728	0.013897	0.018971	0.027020	
0.030105	0.004013	0.027372	0.012422	0.004410	0.020978	0.036278	0.012508	0.026479	0.028955	0.022548	0.029277	0.009003	0.013880	0.011815	0.028368	0.005567	0.026208	0.022290	0.008951	0.028348	0.006593	0.031460	0.031898	0.031037	0.029847	0.017395	0.016664	0.000076	0.007933	0.019401	0.017750	0.031116	0.026180	0.006123	0.017206	0.020376	0.002910	0.033543	0.023460	0.036452	0.006527	0.021192	0.036108	0.026997	0.027507	0.030610	0.004690	0.015872	0.013301	
0.046246	0.037921	0.004280	0.015937	0.022602	0.006494	0.007527	0.005246	0.026543	0.033178	0.009340	0.003427	0.014256	0.003348	0.000111	0.019388	0.032019	0.001712	0.011998	0.029221	0.009016	0.046749	0.030749	0.023129	0.017953	0.014511	0.024964	0.013628	0.030505	0.008098	0.043194	0.044107	0.046563	0.012323	0.042797	0.002697	0.015090	0.029092	0.015004	0.026366	0.029265	0.016555	0.004241	0.003006	0.039978	0.013797	0.020007	0.017231	0.022419	0.006170	
0.021343	0.023750	0.022443	0.018725	0.010609	0.026239	0.034426	0.024988	0.023114	0.018376	0.020460	0.033563	0.021970	0.024740	0.017601	0.009982	0.017930	0.019466	0.028945	0.024008	0.000704	0.019563	0.024079	0.003261	0.019514	0.028717	0.032108	0.025063	0.015571	0.035418	0.018344	0.011283	0.019992	0.021917	0.019563	0.035368	0.025833	0.027346	0.017880	0.006238	0.005848	0.030318	0.021086	0.007389	0.022929	0.035441	0.002919	0.015966	0.005641	0.002025	
0.011888	0.011035	0.000532	0.030984	0.011768	0.042036	0.036216	0.014572	0.021925	0.000613	0.036122	0.026057	0.033225	0.036280	0.011194	0.015714	0.005589	0.019457	0.013767	0.023474	0.006629	0.041931	0.002822	0.018980	0.002791	0.036640	0.012199	0.004752	0.024191	0.026211	0.034812	0.009092	0.007565	0.040997	0.000156	0.009519	0.018060	0.032039	0.032313	0.024236	0.019707	0.017633	0.014433	0.005777	0.008342	0.033470	0.013706	0.028214	0.035252	0.035082	
0.032812	0.000935	0.046939	0.022385	0.007805	0.011737	0.000959	0.019980	0.000694	0.010693	0.007441	0.036738	0.002061	0.014818	0.006658	0.033024	0.025262	0.001157	0.016683	0.010106	0.045839	0.006624	0.023497	0.031499	0.040587	0.022392	0.006111	0.021754	0.018456	0.025635	0.023405	0.036145	0.004324	0.021137	0.044433	0.025689	0.016750	0.014780	0.023111	0.046223	0.021600	0.005731	0.039519	0.028309	0.028956	0.023365	0.028567	0.004573	0.002915	0.009184	
0.026149	0.002791	0.025698	0.026511	0.003166	0.024969	0.034605	0.016544	0.033438	0.003013	0.023193	0.027884	0.026941	0.029452	0.001967	0.023466	0.007603	0.031006	0.016849	0.018076	0.031472	0.028562	0.022388	0.002776	0.010848	0.032997	0.022751	0.033947	0.006860	0.024287	0.000690	0.022178	0.005649	0.026417	0.019176	0.025517	0.018650	0.019279	0.022395	0.026294	0.022994	0.008044	0.024493	0.032884	0.034410	0.003800	0.023384	0.008248	0.034889	0.000399	
0.012328	0.036203	0.010143	0.032264	0.031208	0.032434	0.013501	0.023783	0.007856	0.029193	0.001676	0.033761	0.017032	0.037239	0.025931	0.013197	0.016187	0.029669	0.019383	0.002560	0.001456	0.022622	0.031617	0.022059	0.019659	0.003463	0.014195	0.011992	0.037473	0.033756	0.008069	0.020076	0.011336	0.033973	0.037109	0.003412	0.012342	0.024145	0.002919	0.002727	0.018636	0.028101	0.012140	0.008381	0.015966	0.014092	0.034931	0.026607	0.036221	0.024977	
0.031775	0.026470	0.031907	0.005598	0.029763	0.008098	0.022764	0.013744	0.030097	0.011814	0.002488	0.021112	0.011821	0.033718	0.023631	0.011756	0.021429	0.004021	0.016900	0.036480	0.015583	0.027169	0.023619	0.019899	0.018006	0.001019	0.027120	0.003955	0.017955	0.026728	0.018809	0.032890	0.031064	0.027358	0.008245	0.035364	0.033766	0.036851	0.008886	0.027948	0.012534	0.024400	0.012946	0.031526	0.027276	0.001117	0.000368	0.008829	0.034960	0.008426	
0.003392	0.026460	0.008537	0.020110	0.041487	0.029334	0.031371	0.040334	0.040716	0.023917	0.013092	0.035097	0.020532	0.022354	0.024103	0.024784	0.001485	0.030441	0.028794	0.013787	0.028853	0.038542	0.001951	0.022834	0.001709	0.025892	0.009103	0.038399	0.016525	0.007015	0.025346	0.004305	0.006854	0.019720	0.011739	0.014381	0.029260	0.007675	0.011031	0.011116	0.003411	0.032584	0.035563	0.000945	0.008677	0.036913	0.006027	0.038490	0.008569	0.016445	
0.032971	0.008085	0.003181	0.027342	0.020181	0.026405	0.021435	0.029994	0.019348	0.003679	0.031829	0.005937	0.030038	0.021972	0.015642	0.007490	0.008252	0.035518	0.029539	0.019701	0.018637	0.018419	0.037091	0.021910	0.001219	0.033307	0.031586	0.015068	0.016633	0.009807	0.028313	0.014139	0.018505	0.024443	0.016328	0.020115	0.008158	0.013252	0.010501	0.033951	0.024659	0.037259	0.014230	0.031696	0.016648	0.008291	0.014951	0.010760	0.035177	0.016413	
0.009846	0.031557	0.035366	0.014815	0.010585	0.033367	0.035307	0.022684	0.001246	0.023227	0.018810	0.023106	0.018219	0.011777	0.006193	0.035916	0.033676	0.026396	0.018745	0.006895	0.012228	0.014051	0.021252	0.014326	0.032763	0.000821	0.022751	0.011236	0.022114	0.022253	0.027113	0.010292	0.023300	0.029983	0.035064	0.027569	0.024184	0.014372	0.027958	0.020623	0.011354	0.004157	0.009547	0.007773	0.013104	0.015712	0.035754	0.032956	0.024041	0.013615	
0.014428	0.014229	0.004326	0.029206	0.004217	0.024122	0.036853	0.038204	0.010674	0.008580	0.038128	0.034511	0.020789	0.019427	0.014994	0.041024	0.014519	0.001364	0.039032	0.017262	0.021039	0.015260	0.001809	0.032116	0.037883	0.034069	0.040699	0.037288	0.000570	0.011685	0.002047	0.010608	0.021758	0.032934	0.031141	0.008393	0.024425	0.004392	0.021634	0.012882	0.035688	0.005003	0.040751	0.000545	0.005329	0.029446	0.016016	0.018386	0.010636	0.009680	
0.035576	0.024218	0.028199	0.008768	0.024939	0.003116	0.036851	0.025217	0.008600	0.017369	0.026812	0.036440	0.016650	0.026384	0.004738	0.036805	0.032038	0.027850	0.027875	0.031252	0.007760	0.026964	0.010179	0.032062	0.002397	0.020112	0.008100	0.025124	0.002922	0.002784	0.027205	0.013278	0.002823	0.002227	0.004091	0.011438	0.029263	0.021730	0.010852	0.028159	0.018984	0.027304	0.035704	0.032731	0.006849	0.013777	0.021423	0.017781	0.026588	0.029692	
0.034433	0.023764	0.010006	0.006238	0.020816	0.002113	0.024640	0.041371	0.016966	0.029508	0.035029	0.005286	0.012147	0.029036	0.003673	0.046028	0.000395	0.043042	0.028065	0.014384	0.034699	0.039222	0.008533	0.025551	0.044050	0.041300	0.010631	0.001519	0.005108	0.022828	0.017702	0.037986	0.009395	0.003291	0.034742	0.044463	0.017215	0.027830	0.020802	0.002577	0.006168	0.010554	0.001583	0.007605	0.001438	0.006661	0.040428	0.011235	0.023633	0.014315	
0.025541	0.010307	0.037305	0.025837	0.038589	0.027113	0.037120	0.024102	0.019326	0.024341	0.038583	0.002864	0.002421	0.021954	0.030312	0.014149	0.015029	0.020804	0.020332	0.006078	0.015660	0.029631	0.034255	0.012572	0.031016	0.018689	0.001605	0.026664	0.007742	0.026831	0.007567	0.005626	0.027541	0.024645	0.033926	0.027165	0.000434	0.027623	0.034486	0.028134	0.014173	0.005187	0.004335	0.024664	0.039501	0.003021	0.010818	0.004682	0.013398	0.016301	
0.038736	0.014090	0.032889	0.005865	0.036945	0.036843	0.034879	0.020281	0.001803	0.013401	0.014981	0.025358	0.002067	0.003809	0.022206	0.006026	0.007035	0.018036	0.016961	0.014694	0.020132	0.039681	0.036914	0.033645	0.009360	0.027208	0.023714	0.014015	0.007387	0.035289	0.005152	0.033159	0.013368	0.017680	0.006887	0.009887	0.007350	0.031564	0.014544	0.021890	0.028456	0.022870	0.013542	0.000653	0.036011	0.023742	0.039346	0.020975	0.033448	0.005229	
0.037748	0.009233	0.013851	0.022623	0.015867	0.027230	0.032359	0.035375	0.000586	0.017320	0.037822	0.006764	0.010670	0.026982	0.002423	0.012477	0.009730	0.025238	0.030964	0.022726	0.010351	0.032178	0.024526	0.030507	0.025248	0.041887	0.031014	0.025397	0.002525	0.000442	0.006284	0.036691	0.033110	0.004676	0.043463	0.017641	0.000544	0.015455	0.010743	0.002971	0.040640	0.022581	0.003569	0.000716	0.014288	0.029915	0.009273	0.022882	0.021491	0.041004	
0.013150	0.015543	0.028824	0.007887	0.021960	0.034893	0.001453	0.020030	0.016012	0.025282	0.034192	0.032859	0.010046	0.030085	0.021922	0.011763	0.035227	0.008176	0.023548	0.030497	0.001380	0.003970	0.007115	0.006741	0.021910	0.037074	0.024739	0.025078	0.023029	0.015388	0.034076	0.004890	0.024701	0.013994	0.035093	0.005213	0.031411	0.024412	0.002847	0.001080	0.008692	0.004641	0.030198	0.032534	0.030050	0.023647	0.031495	0.028576	0.029420	0.013257	
0.000904	0.012596	0.013588	0.032113	0.015782	0.012632	0.004195	0.002747	0.022806	0.029002	0.013076	0.015294	0.029764	0.026712	0.011944	0.043640	0.035074	0.026441	0.036525	0.033256	0.019926	0.023886	0.044811	0.004054	0.044120	0.019995	0.001442	0.030499	0.010611	0.023403	0.011480	0.023583	0.011351	0.004792	0.033751	0.020990	0.030645	0.008385	0.027470	0.003818	0.010972	0.009913	0.023305	0.033622	0.004223	0.011013	0.037094	0.016000	0.033089	0.003666	
0.031413	0.003351	0.028850	0.026699	0.022102	0.009496	0.024175	0.029005	0.022256	0.012387	0.011729	0.030294	0.038834	0.012400	0.012400	0.013308	0.027145	0.016409	0.002224	0.002982	0.034679	0.029449	0.034108	0.010550	0.030067	0.027648	0.005906	0.034557	0.017947	0.018117	0.003779	0.038056	0.035156	0.017667	0.014072	0.016784	0.013473	0.025030	0.033575	0.031330	0.019226	0.035562	0.002163	0.004849	0.008536	0.023168	0.007599	0.037627	0.009757	0.002107	
0.010431	0.007793	0.031795	0.002218	0.027199	0.038704	0.027258	0.038123	0.017286	0.009358	0.023303	0.025746	0.029571	0.034048	0.022871	0.037774	0.022099	0.022407	0.036558	0.025160	0.005620	0.030662	0.029270	0.019225	0.013484	0.022364	0.023449	0.010241	0.028451	0.032888	0.003517	0.029047	0.014230	0.014751	0.000773	0.020468	0.011386	0.008054	0.001958	0.023343	0.009868	0.028414	0.018584	0.004928	0.028389	0.008109	0.011109	0.001314	0.030008	0.026395	
0.006595	0.013273	0.006344	0.028612	0.009813	0.034537	0.020263	0.033834	0.012496	0.006769	0.000278	0.008616	0.034519	0.021976	0.013295	0.020211	0.026135	0.036531	0.025341	0.019671	0.026196	0.009001	0.017428	0.034992	0.016030	0.034456	0.005983	0.006775	0.005645	0.017181	0.035348	0.025910	0.015926	0.023023	0.023262	0.035926	0.004933	0.004884	0.036036	0.023519	0.016238	0.034386	0.020644	0.022350	0.033056	0.009473	0.005566	0.032549	0.005646	0.038529	
0.007375	0.019825	0.017667	0.009302	0.027013	0.028772	0.013116	0.018210	0.002855	0.017549	0.026582	0.028057	0.005983	0.007002	0.028325	0.007960	0.027968	0.025042	0.022502	0.027740	0.024473	0.023263	0.020284	0.026708	0.017933	0.034505	0.000085	0.033613	0.014326	0.016770	0.027946	0.002820	0.036869	0.027298	0.024144	0.021034	0.003657	0.006369	0.006603	0.034832	0.010909	0.035027	0.024696	0.023017	0.006377	0.036429	0.026333	0.016237	0.018622	0.029972	
0.028660	0.028925	0.020251	0.013145	0.005968	0.032752	0.024495	0.010563	0.018754	0.008843	0.024116	0.008482	0.003873	0.031992	0.000981	0.022922	0.000707	0.013118	0.024044	0.032501	0.010433	0.011981	0.019251	0.034160	0.023882	0.027909	0.024026	0.028749	0.008081	0.021359	0.010465	0.021034	0.010161	0.032265	0.023735	0.006862	0.023146	0.032645	0.000310	0.027449	0.001412	0.016302	0.034218	0.029174	0.036494	0.026057	0.017841	0.016561	0.035521	0.033426	
0.018282	0.027102	0.003056	0.026850	0.004704	0.019709	0.019251	0.022961	0.036229	0.031484	0.008782	0.018317	0.024148	0.018037	0.012576	0.035773	0.033087	0.016180	0.031655	0.004840	0.006989	0.004388	0.035029	0.033774	0.026079	0.003132	0.019634	0.029146	0.000205	0.003157	0.031339	0.001740	0.023007	0.016600	0.011484	0.016452	0.036292	0.022669	0.035972	0.035315	0.015331	0.028319	0.021201	0.005820	0.035720	0.011520	0.007325	0.031369	0.015464	0.022501	
0.007303	0.018946	0.035616	0.033490	0.010606	0.022443	0.009457	0.034477	0.033918	0.020478	0.003228	0.018646	0.012062	0.035295	0.027740	0.003044	0.026363	0.033272	0.028463	0.000222	0.004045	0.033374	0.015967	0.020712	0.027063	0.006928	0.029642	0.028697	0.031801	0.030133	0.025423	0.000516	0.030540	0.001577	0.033312	0.006835	0.007055	0.019246	0.019851	0.012409	0.025555	0.027730	0.010535	0.030788	0.007787	0.003751	0.031088	0.021417	0.014699	0.026456	
0.94
