50
2
6.476203	-3.456859	1.624292	-16.631820	-4.551409	-7.501693	21.371907	-6.583831	-22.525026	0.146977	4.976255	-12.400854	-5.737912	-0.221418	-17.963305	3.863305	-17.884386	6.420095	17.437918	-15.887858	-19.579373	21.834379	-0.679788	4.852514	-6.787064	-9.036119	22.695231	-13.609300	18.248099	4.219225	-11.706600	-15.538626	-23.885086	-22.995398	3.414539	3.789449	-17.148102	-23.662861	7.568545	17.289043	17.599716	2.771048	-19.086271	-7.142222	2.758767	13.785652	-19.021190	3.150346	-4.705710	-4.269757	
19.345860	9.793090	9.613083	-7.612529	-18.476003	0.275257	10.725305	19.174601	3.525588	12.816478	-9.951069	-17.232306	-6.073139	4.809555	15.014253	20.416296	12.406886	10.946331	-20.888312	-16.872074	4.059312	17.372125	0.991050	-2.276429	1.973356	-13.158438	-20.694857	-3.822107	15.793611	-16.454896	20.122253	-13.980092	-8.654245	15.944933	2.401381	-20.004306	0.172875	0.013541	20.934180	-0.553941	-12.171384	-16.218129	-20.141672	-1.668646	2.249331	-11.437615	8.609189	-4.789778	-19.185633	11.533339	
-11.540391	1.776445	-7.966949	-26.303122	19.726483	-5.074703	-12.320723	-17.919555	-3.438280	18.424346	-5.632533	25.808711	-18.947764	-20.562446	17.006517	3.909629	5.397885	10.930005	-12.648070	5.646050	-6.628769	-13.718468	-17.218508	25.826037	15.447758	-25.126998	0.553151	-22.222097	8.550314	-0.052189	1.273873	6.196737	11.576766	-26.050444	-1.326444	2.652576	5.626458	-11.394058	-15.493401	0.476410	-10.025361	23.703102	1.657318	-9.340267	-22.192204	-11.893070	8.487807	23.071929	-25.707265	10.247628	
-21.439893	-3.663818	-1.000505	-9.948045	-19.985612	23.245503	8.354352	-21.719622	4.866741	-9.407328	14.502148	12.249017	-18.824304	22.610974	17.000308	18.027420	-23.546239	3.052805	5.905350	19.375097	-21.703531	-1.102605	10.237396	20.089091	-2.706619	-21.501288	1.513077	-12.544741	15.358198	12.974322	19.261601	12.740844	-15.883694	4.770619	-23.737553	-16.488917	14.923136	17.184236	-15.459181	23.531130	-23.326128	17.860362	-16.320283	-0.433571	-13.670433	8.937827	-21.340907	4.561894	-15.222565	-21.767392	
-15.212720	-20.144035	18.882301	18.520661	16.078913	16.984133	-13.922680	-22.939142	-3.863953	-12.714553	-23.011555	6.510919	7.291100	19.927543	0.211560	-21.286609	3.188518	17.192949	8.901744	12.050179	18.422809	-13.598840	-14.285986	2.680312	-12.449608	-8.620222	-2.034313	-0.214474	-8.817583	-10.109647	-0.210675	-8.683379	-21.731960	-18.043533	9.809006	23.520001	6.775104	20.627903	-18.902878	-21.185939	15.490480	-16.214722	2.146040	-21.865084	-23.799151	24.086038	-8.437838	-14.441351	-5.490590	-0.310816	
21.041417	18.954378	-6.631237	-23.002111	-11.006852	-12.023181	11.380752	2.233462	15.068577	4.101839	19.247551	4.512216	18.648029	-8.555912	16.539038	11.710887	1.774548	-22.758512	-9.590963	-9.323785	5.876343	-4.374427	18.204710	-11.206849	-5.497186	-3.950486	12.909334	23.726010	-22.211426	17.808620	-2.385901	-22.791737	14.777429	14.867214	-17.767308	-23.234972	-5.245097	4.849993	-8.669022	-16.116055	20.971595	12.987562	15.375800	-19.623493	-12.111535	22.021756	11.133855	22.027395	-23.728112	-10.459072	
-24.416157	16.534884	7.518878	0.966465	-20.567119	-4.904835	-11.535758	-9.638111	-17.299308	2.013976	12.834499	16.204048	-18.321688	21.351642	-18.334716	9.025898	9.668440	-13.036265	4.177247	9.233485	24.653630	-14.706768	15.446701	-13.446667	0.543112	6.689406	-4.952760	14.775018	1.837433	16.093843	-8.674944	0.312410	-14.505325	-21.792759	-6.263977	-14.659166	10.833528	-3.983609	0.235106	-0.000894	-12.006247	16.361544	15.067291	14.896209	20.786182	-20.699262	-7.582437	19.217635	14.811092	2.191862	
5.141946	-27.166271	-0.420422	5.248846	-22.134680	-17.234791	-17.339765	20.557714	17.094014	-28.390512	12.555603	-8.603374	22.485075	11.024240	11.331933	-22.145513	-3.870496	18.039567	-5.959286	-25.393979	-3.074992	16.336649	-14.132478	22.650048	-12.286274	25.560375	14.777359	-1.805701	-10.722084	19.262304	0.977144	-11.513982	-5.520637	-4.103157	-7.808950	-7.784307	9.061040	-22.393510	-20.777912	9.885692	20.760519	26.835339	-9.938293	15.203126	-20.232853	-11.128797	8.419889	22.264665	4.070715	-18.665546	
-1.219014	-16.362448	-0.025296	23.572612	25.992660	13.526363	-8.591297	-8.005619	11.982572	23.190288	15.761880	6.477250	13.675025	-9.471885	-9.700217	25.925053	-23.332185	15.295913	23.350299	24.771058	13.023136	-20.813686	-2.939688	-13.598089	-4.936564	-23.282789	23.595040	-14.106335	0.453897	14.231824	-16.750240	-20.370904	-10.617302	24.944321	-8.305173	-8.059046	20.272387	25.154263	-8.764690	-5.655515	6.669589	-21.549944	26.234656	16.795752	-5.495925	5.416651	-4.793167	-6.299690	24.598555	-2.055836	
9.999751	15.380980	-6.972828	-16.791521	20.364110	6.135501	17.638364	-5.423499	19.537866	-3.074809	-15.681510	16.038903	20.348379	16.461550	-4.105958	13.729255	-18.684576	4.482678	-15.731308	-1.975793	-11.283890	-19.494530	-11.436168	20.302246	19.144495	15.723461	14.510661	0.496699	-11.956874	-6.558670	-1.626362	-12.205807	-15.699234	-7.260614	9.203652	-17.462887	5.137715	-13.617595	-6.899624	-8.811572	-9.361929	-13.242162	9.815209	11.115717	-11.401167	8.554572	20.761134	2.486028	11.946631	-14.727171	
11.848716	19.258044	13.328954	4.908304	8.554077	-9.585963	-5.855556	7.224313	20.922699	-16.329875	-2.783976	-19.127768	10.257110	-16.259305	15.619547	11.214382	5.416540	-6.475893	-0.758948	21.295985	-11.784718	-6.481705	-13.224245	-18.791910	5.040126	-5.148458	14.998699	17.108200	3.723302	11.161680	13.359513	10.170216	-0.435667	-6.592808	-1.428402	0.794693	-8.146480	-7.459340	13.007791	1.689048	-17.436058	17.526622	-5.541520	11.398413	-18.810102	-5.837754	15.854650	-1.142366	7.008038	11.901038	
-3.124246	20.034270	-21.016888	-15.619868	-25.365486	14.452971	26.746691	-8.920591	-22.463124	13.293238	-20.140870	-13.667481	4.355417	-9.583205	-15.480917	-11.012252	-11.712203	-18.145156	7.903551	30.071569	8.520809	-12.241258	3.865551	-3.050743	12.990813	6.163954	28.807770	9.306794	13.798711	9.578735	27.577702	-8.719373	9.337398	-11.408297	-13.448700	14.779245	-25.717130	-29.738174	-7.171217	-8.617508	-7.636769	-6.572218	17.426992	13.510545	-22.626685	2.116680	30.999636	-19.770252	-3.148788	27.539412	
4.514879	-2.393668	-6.336367	-22.709774	-16.249014	10.505782	14.017753	0.075316	-17.906629	7.651183	-7.745013	15.827206	6.454488	9.492625	20.875493	22.400955	0.154267	-8.912670	10.884844	10.425069	-6.037545	-1.445542	-14.974861	-0.555246	4.230423	-20.467019	-21.819489	-17.832302	-5.159872	-18.366376	-3.507118	3.970352	-12.060222	14.209039	9.884730	-15.874257	21.429879	-8.624682	-4.560116	-1.561235	-3.689537	-4.004036	7.880985	-2.240835	0.106572	-19.067633	18.455476	-14.344677	-7.653531	-0.272107	
-6.504337	11.583663	21.441168	11.077642	3.535896	-8.531239	0.129875	-1.331571	-8.721154	21.741381	11.296017	-12.222520	-5.928518	-6.291363	22.124678	-18.422184	-4.253442	8.173995	-17.911583	-6.281198	19.475773	-21.898083	5.101289	-22.571855	-0.894208	3.311488	-10.741692	0.490283	1.049541	-14.996222	22.766009	-9.561492	-11.391060	-16.675405	12.411812	10.765606	-4.561402	15.987585	21.178023	-19.580740	-5.178411	3.816021	6.552413	9.918544	2.197666	-16.257052	7.196804	20.789591	-16.207765	16.624369	
3.879708	20.116881	-25.424454	11.820988	-0.154685	8.218192	-17.555665	25.580294	-17.192372	22.262476	16.573392	2.371246	-7.175992	-10.106975	7.570339	25.325095	9.711138	23.459934	11.088667	6.064029	-22.454905	1.871009	-13.375687	-23.048614	7.341120	11.847464	17.108748	-9.725082	22.018495	16.251281	-23.048506	-14.700429	-24.362646	11.823020	-11.322213	16.716358	-23.241271	0.068873	5.160059	24.668597	9.289381	20.756168	-17.153803	25.049586	11.546426	-0.015819	-11.694056	-24.682194	23.552617	-25.943634	
13.203774	14.344194	-0.295350	-11.569815	-4.242214	6.939187	-14.141931	-10.704032	-15.678181	-0.423017	-2.356546	4.615760	-21.205452	12.680529	-8.488882	-12.134416	18.570694	-21.211280	1.386886	15.645839	-21.777544	-7.575626	-17.107626	15.997970	17.900957	15.670846	7.694449	-1.618034	16.831025	-12.808382	-12.294489	12.254134	-2.684874	9.075201	15.596036	21.126767	-5.398335	8.598344	7.472968	-0.903736	-0.844485	2.714708	7.742023	3.942789	-5.743742	5.395965	-2.883139	0.798153	-11.206576	-11.940854	
-23.480000	14.052386	-19.066739	-14.422406	27.115845	-13.569028	-2.488456	27.010918	19.535071	-16.982593	6.693683	-4.145294	7.608503	-9.012623	26.335409	5.126737	-18.750419	9.747854	12.477574	2.986194	17.892327	-20.567627	4.242387	1.014361	-9.695953	9.157153	-11.227272	-24.316364	7.468630	-12.465189	-19.341282	17.223346	22.280540	-19.678372	-3.387870	14.307741	-21.720595	-22.862952	-11.218534	27.686496	7.492232	-7.269615	22.864160	-13.736683	12.659738	-25.075109	15.222663	-22.707799	-24.288749	27.303982	
-0.791068	5.202481	-4.461487	-0.572085	-2.928967	-3.384915	7.386424	-5.635260	0.294322	4.329957	-7.670320	-0.147152	-0.551154	3.086922	-3.066530	-6.246798	2.037313	-3.207296	-9.186381	-9.502933	8.107704	1.100781	0.028897	-6.116126	10.205823	3.946553	-0.141155	-0.570522	-0.143970	-0.023840	6.096892	-9.931319	9.477766	-1.198561	3.205841	7.307464	-4.817024	8.200851	8.230178	-4.741476	-10.670518	-6.972889	-3.838050	-5.049746	-7.924864	-9.024917	2.946457	-8.528033	5.441672	4.711011	
2.467955	-21.100144	-12.865283	29.430319	9.219150	-30.445745	15.265784	-5.560456	30.072617	-1.337974	31.120074	-13.327146	3.924815	0.403795	16.520045	-28.226946	2.099865	-16.497909	21.760818	29.226461	-1.952211	-4.487750	20.469038	16.052154	-24.692332	19.600934	-9.777263	13.743478	-6.149658	14.713989	18.020719	-13.297848	-8.901429	28.782224	18.995119	-17.796381	-3.174474	-31.749433	-20.953242	28.329624	23.078239	-12.681754	-2.959904	16.150569	13.448041	-27.529507	15.732907	4.033312	-11.520268	31.121775	
15.762432	6.131517	2.011090	-7.392229	-4.551711	15.718578	-13.607675	2.854432	6.529270	-6.390053	-1.534992	-6.872504	10.425651	-18.715664	15.839884	16.729305	-3.649389	3.080091	-5.416965	8.670901	3.206498	-16.499545	-2.164145	-5.875674	14.474422	12.622365	-12.296832	10.870739	-13.721482	13.367720	-2.385804	8.271018	19.243670	16.363334	13.231202	4.341895	15.938670	1.917708	-6.645688	-11.103886	14.232233	18.343652	-0.330107	-2.021935	-2.622648	14.543342	-1.438623	1.844301	11.440005	7.693372	
-0.240421	-4.595370	-9.036354	18.949023	0.158971	6.559587	-12.313849	16.233828	-17.234144	-18.737543	2.900110	18.616094	10.877260	0.910151	19.007700	-8.473889	-9.963024	15.280361	13.939018	8.833874	-11.589896	-12.685085	-9.441756	18.348727	-13.995058	8.115565	-6.976394	11.080576	9.305228	4.718072	18.186338	17.324529	-13.858801	18.967104	11.973325	1.446895	7.321151	-2.706585	-11.313728	11.280154	15.352525	-9.638608	-16.118071	9.090947	18.391357	6.433717	-4.654959	-1.495384	6.365287	14.284031	
-10.940256	-1.133097	-11.060961	-0.303756	24.055392	-11.815136	3.673681	18.350064	24.218088	-5.875188	14.179820	16.624351	-5.675746	-18.879431	-7.800302	18.515895	23.486402	21.824544	24.832508	-13.445357	8.704756	-25.244409	-16.776245	-15.491606	-25.070838	21.798432	16.514371	11.789705	-9.979577	22.505228	-0.567966	-16.704063	14.324187	2.164879	-19.525218	17.561701	-3.444162	26.697318	27.042994	1.858302	-26.235140	-12.321049	-2.668213	-14.912952	-26.641738	11.253719	9.478658	-15.194542	-26.395663	-6.955931	
-19.861046	-0.169843	0.166120	-19.607787	-6.838731	21.975112	2.589498	21.808492	5.003470	-18.630433	12.646185	-12.696546	-0.726954	-0.573156	-18.955676	-7.178161	-10.087630	10.310108	-19.632964	-3.203212	6.100069	7.920024	-8.075342	21.759247	9.996592	-21.854427	14.314563	-0.217219	5.879148	6.506069	-7.254144	15.622403	8.825203	14.889225	-13.110528	-4.057643	-19.769671	-5.535586	-5.008824	17.865335	-8.491462	-13.306874	12.930768	8.280636	16.477267	10.344747	1.601340	13.662274	-1.210843	-0.295690	
5.817857	-4.571683	15.728918	7.758336	-21.502808	28.937290	-8.380732	-6.536279	7.212444	-20.966542	-11.740082	20.483292	1.602834	6.314223	-21.383501	-7.801013	-9.897194	-21.677762	10.141867	-1.976650	22.756337	17.551187	30.957907	-5.088083	10.210588	13.712626	-18.102302	-10.439916	1.217619	-13.851554	25.544949	-10.057715	9.142627	-19.466518	6.152807	0.484260	24.302602	15.359821	5.583059	-16.073894	26.861855	29.341243	27.360540	16.937170	-6.753972	-14.870405	15.866622	0.332594	12.592217	9.880266	
15.358817	-2.372916	18.854551	-0.529863	9.777130	15.126403	9.073134	11.823870	-17.172228	21.102166	12.950083	-20.797755	-9.685068	-8.014049	7.533057	-10.040891	-0.836158	-0.170320	8.464085	-13.503133	9.676333	13.967842	-18.086143	-13.549267	14.368676	11.782193	-8.177023	10.069454	18.717230	-19.433320	8.481994	2.312962	-3.897879	-16.810759	-9.824105	9.049943	-4.350271	11.795269	9.905451	15.695271	-19.497297	-15.421281	-5.672591	-12.503420	15.646392	11.978167	-17.509488	-19.784872	-14.528981	-19.590415	
-20.240478	18.793542	16.204187	7.132866	-26.869551	-21.872999	25.673600	8.360717	12.316755	-8.789092	-1.224201	-1.206878	26.072121	13.756643	-10.406924	-23.527085	-18.934081	-21.395631	-16.478445	-24.663514	-2.811216	22.848486	-9.933969	20.961706	-8.382673	-21.557789	1.189404	-8.154118	-2.457585	-26.637524	-18.105905	-24.449305	5.188794	1.033716	18.054365	21.748145	22.046776	-17.609340	8.976655	-12.724393	5.594187	17.765958	-13.851485	18.930340	0.613422	2.470147	16.810848	-6.359192	17.943095	-12.528170	
-9.802175	-0.791420	-17.858467	-3.792184	19.634622	-10.569843	-8.446317	-13.948342	-9.031107	-2.801476	7.888957	-14.156059	-3.091171	10.560782	-17.777368	-1.523421	23.710060	-23.279650	19.110562	-15.540052	-19.725104	0.692413	5.525996	14.392297	14.147599	13.688358	16.009164	4.467435	2.882226	11.139576	17.132277	-19.347541	1.337673	15.257465	-18.479847	-18.745660	12.802382	8.251239	-6.738697	14.183009	-4.828100	-1.761770	20.938189	4.076599	8.792305	-21.162274	5.354325	7.716000	3.668335	-16.861841	
-6.456504	13.783660	-10.407782	3.796870	17.045435	5.090576	-10.022167	13.914094	8.516718	-1.398207	2.428758	-21.220095	14.216058	12.111353	-6.679513	-3.525330	16.198620	-7.554435	10.368057	21.377607	4.163219	21.856921	19.634924	2.226894	5.033115	21.307200	-1.317198	-1.270095	3.252083	7.908092	-15.233683	-7.921583	-0.026490	-9.770969	10.573776	17.547563	12.299119	0.781033	21.479729	-1.043644	15.324624	-1.856755	10.358347	0.073774	14.026252	8.637097	6.511540	7.280330	-15.628384	7.936035	
15.222954	-13.095999	9.389782	-2.966354	-11.832416	-5.088394	3.968187	16.639479	19.987806	10.894358	-3.695663	-1.393448	-11.360457	-3.489873	20.223577	-18.952525	-16.093257	3.900860	4.814605	14.597535	-4.481138	10.910219	16.006167	-14.120705	17.988834	5.810768	-0.977992	-17.319906	3.342699	-14.111467	-4.128661	19.244991	-6.246799	3.563302	-20.021736	-19.470400	5.721858	5.910361	15.699208	-13.250090	12.015150	-2.583987	5.277595	-8.042330	-15.541468	9.429251	15.330948	-14.006713	6.734305	-2.678932	
2.977441	-19.153696	18.314579	16.321283	13.685484	3.839454	17.495630	12.973472	25.039492	24.314218	26.431475	-24.768739	5.282584	13.881681	-5.119590	-27.128275	18.647223	-26.148905	-22.490042	29.057662	-31.622581	29.134615	3.429504	18.684555	6.467813	27.056790	-9.600180	-30.203125	30.061723	11.592382	-0.488823	25.068043	-1.959977	-24.551764	-27.172631	-8.899226	-8.672890	27.286997	0.656178	0.262607	-23.981795	-0.082753	0.278966	9.360078	-16.044322	26.109885	-26.066636	-9.515900	-28.709154	-14.841629	
19.530731	3.719412	-15.095101	10.862378	3.007275	-5.209097	-3.932477	19.274533	18.861696	-5.369657	7.437649	-5.196765	-3.025978	24.689056	15.515996	12.567004	-9.651609	2.755494	22.800161	7.767237	8.084875	-12.514914	26.237301	-4.407233	-21.010377	-9.620364	-7.635287	13.056112	10.870538	-23.264263	26.002057	-7.475124	-25.262254	-6.686414	-26.248792	17.715096	20.350611	-12.996894	-17.129745	9.343303	-8.083458	20.707818	-25.473240	14.917093	3.903674	5.196248	-2.133268	24.477803	24.297352	5.485719	
-23.537132	-9.295496	13.828605	-2.499299	18.101880	0.160219	-5.319688	10.888084	-20.025988	14.085087	-9.989733	-15.410591	-10.989399	-3.571509	19.247598	15.297918	23.658774	-4.517813	7.442398	-17.511733	23.719110	10.540604	3.870095	-16.882214	1.240691	7.554582	-6.216373	-10.196676	-9.977849	-18.779184	10.722257	-2.972232	10.807490	22.447642	5.187856	0.299667	-21.026864	0.777291	-5.985109	-23.919528	3.470337	5.388069	15.951427	8.783574	16.690370	23.291835	12.442864	-6.365213	-18.949258	23.773875	
3.588405	7.667547	-10.177130	-4.218711	11.564347	23.383169	21.599994	-4.592495	-10.805147	19.824416	-16.259176	-17.940448	-15.980456	8.078516	-18.518177	20.015965	16.636784	13.254033	19.537439	16.862952	-24.980742	5.766361	-13.700364	-9.495409	0.598153	-5.757932	21.247884	21.394156	-14.147325	23.741805	11.983777	-13.269606	3.013248	18.373284	9.483856	17.574088	-26.703955	-24.666077	-10.271107	5.613524	17.321801	-11.914256	16.590981	-0.491171	-1.205109	14.282262	-20.619115	-25.771217	-7.693139	-23.222484	
-6.567365	21.484691	28.984548	-26.550968	-30.178388	-20.437369	13.286698	14.073216	-25.352115	12.514968	3.266555	2.568278	17.487401	-28.647105	-26.925279	-23.658864	-12.575290	23.555693	9.412434	-9.833493	29.293688	-9.925241	10.359896	16.744152	2.528032	-7.734822	-9.902468	-2.201607	30.795096	30.943391	11.171028	-25.676646	1.881626	11.472441	-15.488615	-17.638600	-25.818037	-28.102450	-30.016297	-19.227744	-28.965583	-11.438735	17.140855	-4.355516	24.324275	-26.349354	-10.600506	2.688224	-28.843992	17.505184	
-11.026869	-17.667144	16.676065	3.834069	-7.756304	1.385443	8.375609	-16.101047	19.430261	-11.955417	15.166780	-8.488320	-10.145938	1.133735	11.659875	-10.072151	19.669645	-4.093187	1.444533	-14.021723	-8.370349	-13.848687	10.056699	-16.078288	-6.488464	2.215524	6.255604	3.941927	12.644145	-3.611821	6.158348	-9.884254	-17.120110	11.940935	5.292828	4.028444	-12.888564	-4.264663	7.750477	-17.199586	-13.546016	5.650486	6.553379	19.005097	-10.463504	-15.581584	-17.428829	12.689953	-11.003108	14.859261	
9.701695	6.125133	-0.989113	-18.070706	17.336803	-20.616113	-11.092084	-18.987172	-7.947823	-0.756108	-25.350394	19.207513	20.422586	22.447168	-2.866810	-3.335218	-5.910019	-4.479990	20.487313	7.318072	22.357222	-3.348261	-4.954043	-4.790709	3.039253	12.262766	10.999078	3.978329	6.748677	12.024921	0.266309	4.965362	-22.054386	-13.973317	23.110080	-3.007273	22.963398	-7.713367	0.152293	16.783319	-9.784729	25.959053	7.425739	4.054995	-17.174296	5.558888	23.576236	-7.960665	-21.843035	-16.837535	
0.143924	-17.202467	-12.989801	3.276348	-14.274186	-8.140366	9.574323	-18.376037	15.742491	-8.795558	13.426021	9.217855	-7.390445	17.745586	9.376191	18.752637	1.667922	-4.336230	8.766591	19.232123	10.189277	21.658731	21.888048	-11.738402	-8.911578	-11.660292	18.310617	16.755052	-21.645340	-18.482157	-19.247698	16.903900	-12.521996	-14.469684	-22.414749	18.495433	-19.496278	8.973712	-0.381225	-18.911787	14.070629	-3.266052	-20.057073	-0.118545	-4.025574	0.328960	20.226689	-19.131191	-9.947139	7.173329	
27.059954	23.457616	-6.194578	7.987123	-28.644250	20.605903	-20.258698	0.447841	-1.600929	1.995614	28.893236	-6.749287	0.097270	19.195422	-20.529159	-22.834126	4.608039	9.548733	27.654429	-9.317952	-21.176310	-21.666793	-22.682250	16.767212	-16.089217	9.863452	-1.251720	22.238051	3.912168	29.711487	13.433777	-7.323035	-22.238063	-18.705742	-13.556231	17.399753	-16.167459	27.831264	-7.290206	21.510588	25.099086	-5.999338	19.349808	-10.596589	14.183728	10.443050	1.137776	28.484793	-7.405468	22.742609	
-14.912795	2.104694	-21.514731	20.341114	-18.685193	-21.437330	18.293324	-9.437427	-15.689065	15.359671	-22.421360	-1.592363	16.984632	18.258515	10.757503	-14.770368	7.097285	15.647094	14.224916	-7.884081	26.617899	2.952392	14.440159	-14.301668	8.277593	2.466383	-10.089249	16.256774	7.629764	-17.222430	-22.553700	18.557739	-1.345934	-9.060297	-25.102789	13.624535	2.563454	-19.264464	8.051583	2.232016	-4.323954	-5.686649	-27.342263	-8.276017	-25.877692	-19.762871	-9.758812	3.719469	11.732571	1.370175	
18.466953	3.275995	19.804764	22.752068	-27.716927	-1.727514	19.017042	-21.124664	-4.556938	-16.160031	29.756272	-18.626855	-12.658814	-3.678644	-29.968020	13.121533	-14.984654	-17.529416	-13.757566	-18.912177	-19.262000	-2.001566	28.461539	-20.146770	16.239621	-8.558989	-16.009505	-5.292368	0.832037	-4.649394	-27.163859	-28.117717	19.790062	-18.671814	-21.637637	-10.432584	12.267791	-29.024382	-1.244434	-22.544484	16.722681	24.414527	2.818785	-18.851474	3.087023	-15.924558	22.032379	-18.929665	28.421497	-3.766858	
2.382390	-8.360828	16.958599	-20.166223	13.167738	-17.502214	-5.192253	-0.280942	-1.776231	7.531855	-2.634538	-1.921581	7.092438	-10.421329	9.805540	19.087054	-0.467058	-11.824888	-0.265262	-0.924618	12.455208	-7.770079	-15.587798	3.256232	-14.023753	17.093803	-5.465811	14.580936	-20.860215	3.295311	4.094948	-11.228985	15.030476	-17.282231	4.109534	9.872167	11.981345	-3.782622	-16.981172	12.533043	14.414490	-6.916860	-8.041546	11.180461	17.090766	-0.399525	-8.629549	6.521369	8.471275	12.569791	
18.724527	-5.225636	3.717353	-5.429948	13.447707	-5.225100	-15.246616	7.580872	-7.646994	5.704082	0.867143	-7.657564	22.429551	13.608916	-20.761854	14.928777	-9.173023	15.300900	11.981067	17.728363	5.737547	11.535812	19.902249	12.658374	-3.182543	15.198006	-18.803033	18.129368	-0.932762	12.964627	-8.386314	-19.585535	18.491127	-16.075658	20.609721	13.676815	-17.647848	-6.802843	-20.680180	14.682163	-13.665515	15.048091	-1.694450	18.569284	-7.446278	-5.145535	0.558860	22.439146	-12.308942	-11.541495	
-12.688876	-8.965180	-17.078784	15.881953	-13.419283	-18.230649	-15.633652	-11.106307	-12.968240	-18.559879	3.735918	14.955221	18.754934	-17.398129	23.755571	-17.956025	-10.431004	-22.979233	19.042469	15.766810	-5.613572	-14.018783	-4.740374	-3.288768	9.595798	4.313123	-22.039969	15.273198	-22.877901	-5.571750	20.191464	-1.121189	-2.370881	19.170246	5.187349	14.967641	10.653051	12.842810	-16.344470	15.251626	19.015253	2.404541	-5.957191	-4.961395	-11.921528	4.434317	-15.927096	-13.700613	21.366923	-9.448213	
6.426938	5.520833	-3.160792	-17.930602	26.124764	-5.622554	15.343617	3.150203	-24.101193	-6.090894	-20.965317	-24.248071	-0.787597	22.382401	-0.237293	19.119078	6.754395	-20.959066	8.647390	-22.337497	-13.980176	-7.225546	-4.696304	6.252396	-14.388895	-23.219155	22.806250	-11.233728	4.806583	-18.251297	23.654778	0.326809	17.210890	22.771927	-0.203084	-8.287390	12.783319	-1.593217	-14.196008	-18.576170	12.571273	25.859585	16.491154	2.321559	15.369126	13.848860	-21.217302	-12.296823	-6.126625	-9.503920	
-3.371994	21.529190	13.022020	-14.521716	9.968795	20.331121	-3.652884	-0.988884	6.579613	14.134854	-20.198132	-1.897444	-26.677988	-14.500044	-17.182029	3.925605	19.020717	17.296359	1.497902	9.721219	4.372044	-11.304560	21.342758	9.867308	1.659470	4.547644	-7.150262	19.525316	-7.354287	-11.126510	-4.336236	5.037175	-19.792969	5.292704	3.144607	2.206703	-12.523735	5.142593	16.778999	-19.429112	-3.463868	-7.417043	14.191062	6.910612	20.244233	-16.112116	-19.064501	-11.498555	12.338890	25.736440	
-30.280006	28.612594	-0.601164	2.739675	-17.155059	2.597505	-2.943456	9.899171	-9.206204	-24.035517	-9.717296	-3.168263	3.626505	-21.057856	28.684843	26.571074	0.993975	17.804235	-13.952748	2.514034	10.673102	21.033976	14.450517	-26.149939	-20.614568	-29.737648	-19.065846	3.845046	-21.178230	0.145670	-4.774891	-7.950377	15.538046	23.975960	22.064967	21.145698	-25.789683	-8.427901	-22.955559	-29.302821	16.863220	-20.317386	12.650160	-18.958027	-27.768804	19.025815	-18.794502	10.839627	-0.586235	-13.188849	
-21.791877	-13.639744	21.546504	-12.740725	7.070116	-12.653049	-11.830316	-0.116922	21.324445	1.019165	-16.626676	3.193152	3.917648	-20.831173	9.883942	1.828146	-2.253792	12.982089	5.701162	2.340073	13.303539	-0.391472	3.352959	-21.577363	3.229340	-15.012294	15.632476	1.748548	-14.101551	13.448296	-15.980511	11.350573	16.828137	21.669225	10.452207	-17.243399	-18.359852	13.697270	-2.289377	16.664871	21.713684	-4.526973	-6.575132	-7.067292	2.777447	-12.914010	14.604437	-0.652841	-4.954244	-10.995814	
20.979539	-4.215928	-19.824313	-3.422099	6.781492	1.697629	24.154513	3.767691	-13.212730	-9.176634	-8.317023	1.090470	-5.685206	-14.597466	-13.218136	-10.580328	-5.290369	-16.254369	17.892365	-0.527733	-21.566886	4.022625	-7.139508	-26.033999	23.869604	6.546784	7.097012	16.434496	3.784394	-24.437260	25.540722	-11.815425	18.901304	-14.670807	-19.119857	-12.283462	-5.972835	20.591973	-4.280189	-15.596021	21.284463	11.395923	-5.695956	13.966612	25.927589	-9.403565	-19.674158	-15.310503	5.363226	11.689158	
-16.198605	-6.646980	16.454620	16.371478	21.459745	9.893238	14.685053	14.136692	12.777672	21.991520	11.418866	11.963892	-4.608461	-19.700671	17.158786	-4.731182	-12.005638	-1.031782	-21.560432	-16.153887	9.771603	-3.097013	-3.384416	-0.019792	11.626086	3.120156	9.196524	-16.287282	-6.649338	-22.466259	-2.306311	17.558206	4.969552	-16.145449	-4.284955	23.474396	-20.745673	-9.098808	15.162655	22.810370	5.168220	-22.020643	7.080768	-8.147614	-14.074652	11.638861	21.948797	-21.974349	-15.585117	-0.577788	
-26.838952	-21.147740	20.949045	-8.490359	-27.805750	-14.640799	11.666312	-30.674962	21.383730	-26.888618	-6.117019	-22.927939	26.227113	4.759547	27.695881	1.728034	-25.211563	-3.850933	8.728692	29.298112	19.029319	-29.884669	29.192426	31.671320	21.639692	-17.517827	29.538762	-6.357101	-18.937074	1.754015	8.995713	-0.148226	-6.680010	-26.092426	-2.301295	21.770514	18.367392	-6.869758	-8.897047	10.363525	-14.583920	-14.853906	31.906137	29.395329	6.291538	1.941944	-5.873396	-1.734184	-4.035763	30.275796	
-12.775380	-26.900857	26.873314	19.798031	5.719336	-16.529747	22.525829	18.296035	5.776704	-14.883990	-4.075263	1.735929	11.249952	-7.550058	-25.805675	-22.055496	0.251110	-7.522079	-21.734440	18.947196	-26.506644	19.027841	-8.552694	14.009279	20.257998	-18.913917	-17.484949	-20.491181	-23.500806	-2.227836	2.567289	-6.904149	-15.455565	3.642834	-15.268437	-17.890464	-11.838311	21.784202	21.685119	14.176632	6.798312	13.493178	21.295471	5.350827	-22.582845	-21.929288	-4.042989	24.862150	-20.063024	-5.210397	
17.512397	14.896903	-26.810631	8.055827	-13.531629	21.770850	-10.590327	8.945966	11.757109	0.509844	19.293316	-8.239312	-8.954544	4.300816	-9.583222	-20.827451	-14.383938	17.623531	-24.540956	-19.620560	1.853816	12.798206	10.041945	-4.143059	-26.018607	21.257981	24.063765	10.798638	0.536147	-15.172205	9.355298	22.405656	23.424604	-8.974466	26.644940	-7.570236	8.191061	16.896560	-16.415684	18.021394	-12.169848	-16.933926	16.023734	-12.750770	-19.701314	19.443420	16.306541	19.599870	19.791550	-19.837969	
15.518381	-18.764294	-15.178768	-25.280583	-21.941104	-21.507406	-18.235947	24.606929	2.474399	21.204349	-12.728897	0.407417	2.313842	-15.586323	18.257574	-23.560819	9.298372	-13.106182	4.725498	-7.591349	-9.052689	24.188730	-3.687365	1.274843	-5.247324	24.856663	21.524999	-8.078335	3.634361	-22.208922	-23.549675	-20.760279	-6.550888	-8.324403	2.299149	22.285404	-15.507562	1.086086	21.558448	-3.559171	14.510688	12.529349	-0.025038	23.424049	-6.114165	-2.861997	-14.690973	20.687798	-18.327258	7.084285	
16.575924	4.180027	1.316909	-7.969333	11.919377	-15.791366	15.523739	-1.534011	-14.295181	-1.019851	4.073003	6.632162	15.547517	-10.504111	14.846976	19.146064	-12.539272	-20.503187	6.300834	3.904951	-5.626391	-9.756915	-8.142657	-10.610394	2.779299	-18.764732	13.571985	-1.595204	8.287290	-21.567166	-21.634817	-3.608677	-6.575949	14.030652	-1.890450	-8.058417	-16.587482	-2.523979	22.011997	-13.296672	-21.658237	4.435658	-1.877289	-13.716496	-3.322819	8.079320	5.397274	9.834108	-18.886131	16.793804	
-2.225001	18.002426	4.958014	7.451181	6.143654	7.235387	-5.190289	-7.041913	8.751364	-5.748612	11.125541	6.514817	1.706863	-0.995139	-12.380078	-5.412669	9.489349	1.468983	21.924320	-5.883583	4.024831	-4.094707	6.602204	-21.362393	-0.862616	-9.576913	-3.669274	-0.300168	21.338198	-0.187112	11.528461	11.030257	12.531365	-12.812474	-20.754750	5.137336	21.747519	0.673401	-8.634777	-14.225988	-19.928613	13.356448	-13.766510	20.006788	13.998198	3.363694	-5.717301	-21.453220	-8.935495	9.804030	
9.114057	22.038748	1.421386	22.877829	21.283782	26.678384	-24.230231	22.303765	-15.360804	23.371449	19.465128	11.843064	-22.645975	-25.542140	16.168447	10.853049	-26.313002	-10.647062	-17.032636	-25.460731	-3.342111	-5.731213	-8.838897	23.509679	24.637226	-15.895248	-21.738490	12.994501	13.339053	-14.466639	-4.329372	-8.994728	-24.220862	15.965644	19.188193	-12.960834	13.211025	0.087437	9.127675	20.169463	22.389676	-15.580288	-16.679745	-15.896006	17.955138	-5.686916	17.761819	-3.123416	14.814533	12.022858	
9.735369	-9.732717	-0.866109	-10.671871	-10.301145	-5.125242	10.804150	0.275192	1.713507	-9.626053	13.998226	4.366450	-8.264420	10.836669	10.464071	-0.020865	-14.266586	-11.631027	12.990463	-4.548833	-17.982923	17.955445	17.944220	10.427292	7.026415	17.687449	21.124398	-12.182985	17.992287	2.091495	3.379354	20.999357	14.068522	-9.692110	3.580382	-1.394987	16.997247	-1.215973	-16.813681	-14.394691	-1.204796	-4.021610	-13.858691	-21.794301	-14.330127	-11.527781	-4.370452	17.846354	5.041728	-1.822391	
7.261948	-12.317630	-8.219968	-14.170384	-1.253513	-3.021307	-7.344969	-9.184672	5.485197	-11.768597	-10.913493	3.116456	-12.582967	-13.753545	-17.964830	19.108829	-9.950637	-10.317750	-14.717721	-8.821394	22.059941	7.460963	12.991319	12.198642	21.940959	4.741111	-15.985909	-13.802588	4.276575	-8.337635	6.974196	18.105356	18.987144	12.055266	21.453332	-20.463604	14.391697	0.027846	14.019653	-0.847015	-10.806363	18.651732	12.767665	11.576237	13.684265	4.042022	-1.089675	-21.068165	13.935764	-9.451731	
14.123097	-24.057670	-9.081188	-8.369476	-21.253748	8.641459	1.394659	-10.632629	19.376880	14.044782	15.285215	11.724782	-7.036975	-18.555034	-0.621957	11.089085	3.288278	7.552079	-3.973589	-10.802837	19.326111	0.488742	18.990074	-5.402878	9.396705	11.262228	-14.169801	-22.651694	17.020066	-8.041213	-11.427363	-18.789064	4.245862	0.035960	-4.524928	-11.691042	16.547242	7.853314	-1.418829	-21.855921	23.789509	-14.943549	-4.734771	-23.008690	13.406143	17.157946	-24.482210	16.664634	-15.743307	13.758105	
2.871039	3.033188	22.225286	-17.214439	-25.923405	14.502611	-25.387008	25.124152	-1.116448	0.980603	23.162150	25.709315	25.689608	-5.048578	7.216427	-15.724346	1.304297	23.394418	15.253777	17.189391	12.378327	6.491140	19.164520	-15.822433	-14.979447	-4.437964	-15.336846	18.294481	-21.360497	20.236008	4.359735	10.652345	2.787560	-12.682741	5.072032	17.526141	4.539687	11.339853	-4.227747	8.387647	3.362179	6.749857	-11.378946	1.737637	10.400848	-12.199128	24.994107	6.653819	-12.448732	-24.788891	
-12.164482	3.137688	-2.427441	24.930289	-9.530420	-18.215709	21.504601	-4.013557	12.320149	19.287869	18.580516	7.215211	19.363214	-19.962884	-15.225913	1.228208	19.114199	8.413776	-6.391051	-17.356623	-2.282272	-5.342297	-5.553278	-23.786886	7.790166	18.091955	6.755052	11.248891	10.051047	25.758772	25.771319	-2.869316	9.315872	3.795126	-8.100022	-9.144924	-6.058807	6.829014	-3.518563	-7.401212	-18.371818	6.702524	-8.334758	24.485484	9.879117	-10.977964	0.596885	-12.368101	25.516665	-8.043301	
-13.458688	-4.837565	6.702613	17.236038	0.782489	-7.619300	18.675808	9.411493	-7.106212	10.668204	-15.360569	-16.881931	9.510832	-20.982570	3.444230	13.943180	6.077090	1.209801	-1.253390	17.220921	-2.346560	-8.706957	-0.955239	-8.991524	-18.754225	8.212790	3.256250	-14.993838	7.036054	-20.131617	-4.397447	7.167348	-1.851013	11.420869	8.886881	-11.900808	20.616952	-9.029223	-1.683638	-20.090520	6.604119	8.360882	-1.305829	3.703227	-1.742670	-16.713770	16.855266	-17.710860	10.722737	19.151558	
1.552641	11.276946	-19.259748	-18.890595	8.581698	2.083264	-0.260392	21.784653	8.621055	-13.993912	-23.544008	-23.303697	-14.122089	-7.346650	-10.055152	17.976290	19.772143	-0.246724	13.041965	-5.750801	-0.968569	8.444167	-6.663140	9.882528	-13.507644	19.501806	22.181607	0.651198	15.820148	-9.777877	-7.497642	9.284931	5.338048	-7.597456	18.163607	10.666921	-21.970658	11.716726	-8.612713	11.074546	14.990224	2.213927	2.169417	-1.208837	2.766737	-13.535216	1.668472	-2.724222	-7.584355	16.757484	
0.609509	-0.363138	-8.122987	-18.825129	6.888669	-6.789081	5.351485	-19.502215	-3.652749	-12.260335	1.670570	-19.735705	-16.042878	-13.249279	-5.552505	21.939423	16.971496	19.628256	14.248288	-21.137451	1.539241	-13.242132	18.682321	-23.717917	15.411554	20.960986	-1.806791	14.289327	-14.449482	9.055179	23.698655	10.975569	23.693170	-15.791958	20.013017	11.441418	-15.562550	2.739529	0.334181	-13.144034	-18.812594	-5.335894	-8.590684	21.491218	-21.296277	-0.550675	16.144413	17.983972	-11.980670	-4.622760	
23.146124	17.414892	6.256920	-23.331878	-15.303867	-19.726896	20.824610	-16.110018	15.399091	9.813782	-23.116167	10.877255	-7.683377	23.155848	-18.548546	-11.021741	-3.336138	-11.974626	-4.170727	14.122093	11.906862	0.704947	-14.581786	-3.921241	18.465902	-8.231146	-6.778833	4.039149	3.617311	-15.164418	5.871663	5.638546	6.353179	8.797808	-16.917922	22.809447	20.262635	-11.987841	10.898291	9.508149	13.827849	19.867556	-19.447213	-7.906835	-10.045098	-2.619643	9.451575	-18.636096	-11.638886	8.448361	
16.968061	23.622935	-21.217132	-24.034313	-17.199275	-0.806970	-20.752794	-13.687279	-29.241127	28.338596	-4.827291	13.580758	-18.622931	-24.125686	-4.873942	-24.644348	23.508120	19.279985	2.442788	-27.524617	7.502871	14.336792	14.569727	6.629593	5.912989	-13.359148	-2.710954	-12.745358	-16.346074	-2.253424	-16.234193	16.933063	15.489486	-17.505693	19.999139	-15.267805	0.698107	-7.135778	28.302349	-10.814927	-6.083786	9.833761	1.149891	1.819049	10.546482	-6.053029	-10.205504	18.404197	9.389240	-8.422694	
-12.176500	-22.542439	1.030811	-12.966792	-21.131337	18.155060	-20.993127	21.005204	15.270171	15.379093	-10.298455	-12.710288	-13.354792	-18.241630	-19.968466	10.537671	-6.260031	13.123073	2.651951	14.865295	3.244944	-15.535635	21.261992	19.097355	17.412115	-15.724255	21.284544	9.456033	15.709863	22.075689	1.272794	-1.037561	19.810226	11.460632	1.421807	-5.386582	2.370692	-20.063084	-8.748633	-5.869091	-12.056962	-0.326224	-8.031183	-13.997678	13.444620	-21.585409	16.174848	-9.649383	-12.120511	18.738331	
-13.861398	-7.486459	-6.126346	-12.016187	-16.020631	-18.030027	-23.212858	-10.433595	16.147147	22.537414	-3.005329	-22.219383	-19.091373	16.864044	-14.279439	-25.887275	14.302733	24.723949	21.420807	25.351873	-24.483093	1.157435	12.622338	28.929762	19.267522	-7.925436	19.033813	-7.410972	25.261484	13.192429	-8.598358	-3.182153	24.046543	-7.208113	12.910730	-9.440617	5.546923	-6.459044	-23.733006	18.829333	-25.510590	5.578455	5.566184	-3.409665	-20.736530	13.844567	-1.667190	-11.628109	-16.842605	19.464258	
3.028086	-4.073406	10.074813	18.608752	3.598670	0.437320	-16.708357	-13.772227	13.381070	-7.283526	9.135888	2.192922	-12.706926	-2.690877	9.316538	7.451968	-9.741323	-10.981540	1.551574	19.974403	-5.412987	12.618796	20.140368	22.850982	-20.307042	9.283186	-18.704962	1.372186	-3.164530	-13.096577	-2.396691	-3.780037	-14.042856	7.501829	-9.707284	20.010601	-14.397782	-15.928683	-17.099679	5.705600	12.842093	-11.250084	17.828002	-3.799224	-9.295929	1.173508	-14.966639	6.879395	16.188043	17.783403	
2.898753	23.418083	-2.204980	-2.883420	1.350682	-11.565161	-9.104505	-24.544205	13.123944	-9.031643	8.145457	17.232041	-2.698914	-9.864071	8.175393	-25.952466	-2.960527	-2.216711	-4.873190	-19.113496	-8.245601	-0.385077	8.762306	-23.533312	-6.625594	-8.426382	14.325802	9.453231	-13.483688	13.821258	-15.068994	-24.078580	-0.753773	-8.924056	17.573590	16.692112	4.703685	-4.906000	16.361853	24.144853	3.414180	4.192845	-3.981331	-0.758493	4.141393	20.388585	5.291441	-11.105777	13.183033	3.807412	
22.779778	11.235523	7.853174	2.303470	-18.958348	19.433947	-9.469604	-24.250854	24.087656	13.282039	3.296924	-5.267180	17.739827	-9.774694	17.959390	22.212851	-4.690395	19.676630	-7.925174	23.225374	3.418638	21.941638	19.555018	12.707921	1.691165	2.553830	-12.700340	-23.059266	7.166584	-1.569460	21.739444	-22.251224	-22.479850	-13.714417	19.090371	11.248746	26.333794	23.482336	26.144120	10.023762	-7.472135	20.974553	-26.194961	-25.374302	-17.783334	25.790700	-1.517735	-19.792171	17.506557	17.577272	
7.354611	-8.132469	3.462172	22.109646	-10.872333	-18.035380	-9.915875	24.688139	2.863094	-27.092681	1.097169	15.052058	22.537788	-18.993101	-20.242175	-25.403582	22.682159	-7.695960	-1.626132	-5.600355	23.451115	-16.111579	-25.145761	16.102723	11.800305	-4.063114	-5.551210	2.221773	12.472078	-7.398505	-0.327325	-21.625021	-21.487016	-24.560099	18.712913	20.810756	19.979634	-18.598655	-24.354945	-22.847648	-20.396067	-9.940787	15.500464	-5.459368	-27.884461	15.797398	-20.657298	25.945690	7.811406	-20.668336	
-5.156964	-27.022516	-4.310366	-19.562823	-14.011698	1.547219	15.222512	27.399098	-15.109737	-12.921733	12.306144	5.884805	8.464605	-12.596888	15.330690	26.076148	8.470487	-5.166064	-10.994313	21.053065	10.242042	21.866055	1.520102	4.916641	0.824072	20.165279	26.229196	-8.259612	3.595326	14.169556	0.519274	27.820584	24.500463	-7.980484	-6.073140	23.504742	-26.424688	-27.421782	-0.273893	-26.629635	2.054024	-9.029567	13.404496	14.077978	23.025950	18.733061	26.615166	23.878693	27.565386	18.057963	
-24.630276	7.973319	21.641424	-18.923164	15.122610	-10.568093	24.427343	23.206894	15.739481	-7.301506	4.335899	-4.391885	-10.567129	-13.143438	10.065889	-14.423142	5.325874	18.462867	2.648578	-10.277122	18.282974	8.639077	-24.028681	14.795645	-19.956660	10.561409	25.722628	24.396795	3.080650	7.836876	17.077250	-5.456255	18.252041	-12.704401	-2.823899	-11.038859	-12.304254	9.444854	-23.531580	-0.419995	-1.495929	-8.471889	18.985938	15.138994	-2.458960	-9.729300	-6.641031	17.380264	9.790283	-5.080799	
-4.851445	-13.611428	3.044103	-9.623404	8.693390	-17.501245	-4.070645	-21.242045	-17.767402	-20.487339	8.529256	-6.774682	-11.762074	15.399624	-1.663264	-0.236217	-5.064671	-2.354366	22.554775	4.334049	18.038245	-6.109068	-3.145019	9.063734	14.637007	-6.501431	22.583586	7.051258	1.637847	7.459409	-19.460227	-1.268003	22.247757	-7.358150	-15.491633	-5.237029	-17.262788	-3.750096	0.395674	-22.255966	8.461347	-7.573689	-17.115948	-8.704319	-7.210886	-8.052597	12.878475	8.813311	9.964902	12.129679	
10.973096	22.944411	21.578994	-6.702260	24.334825	-24.806263	16.728161	19.903060	11.225552	16.052721	20.393461	14.970528	-20.509957	5.471573	21.758310	23.639375	-17.805409	-15.654955	-11.106902	-0.388612	-7.613881	24.392812	-17.753763	-12.158775	-10.595680	-16.296676	23.875606	13.937207	-13.120267	11.134327	17.459367	-1.591006	23.858807	-16.882042	14.228322	-14.435904	2.096250	4.427619	9.493408	-10.548400	16.964625	7.066187	17.324292	15.279060	13.577478	1.329797	-4.793687	-3.078673	5.747055	21.857947	
-20.511664	8.362111	6.325372	19.487142	-17.848048	5.667297	6.649616	-21.143153	8.792348	-8.642648	-19.499542	16.067881	-7.173344	18.866506	-21.432749	6.464338	15.132409	19.677124	-17.188411	17.253909	6.563982	18.890607	9.492854	12.131133	14.866227	-10.623641	-14.626476	2.367150	-19.379927	-2.073943	-17.832111	-13.512759	-18.124059	-16.609455	13.479526	-6.439282	-10.930184	-8.465555	18.766475	-16.754008	-15.287217	14.350662	18.987221	13.034394	-1.108589	-3.682429	-3.736868	8.097371	4.359609	6.113081	
17.441970	-6.035596	3.587064	-11.601454	-0.076029	19.128543	19.385341	13.106963	22.207588	23.873022	19.140549	5.926782	12.831246	11.231841	-27.383809	16.567957	-0.659958	-10.810193	-22.715221	1.361154	5.630200	26.976263	1.965955	-10.092533	-2.814872	-7.732031	-14.406410	-20.721088	19.940959	-23.509140	-20.990017	-5.704696	-20.395841	11.670176	27.324958	-14.322768	-9.805675	-26.151101	25.943237	5.331472	-16.697330	-5.283210	4.752582	15.189805	4.715833	2.747619	12.380454	4.466515	12.064656	-15.203423	
20.871805	17.239180	-16.239623	11.536435	-15.432985	-7.906820	23.576253	-4.896419	9.985198	-5.190130	9.496307	-18.288519	10.535781	11.961982	-14.366310	-9.397800	9.441119	1.408778	-21.459227	-7.288058	0.680757	-19.402140	6.570060	-19.106022	-13.697351	-6.621250	19.140386	-0.322273	4.688290	-23.678182	4.337385	3.469592	8.298276	16.606038	-7.949280	5.914832	-13.647313	-22.421033	22.497685	-1.733449	-22.142925	-1.642298	23.650820	-17.285333	22.424139	-17.095395	22.932086	23.878245	8.091934	-1.557451	
9.072018	-27.047296	-11.993531	0.636365	-14.067968	-6.424912	4.045578	26.089904	-5.593359	12.896513	-14.730610	10.499713	0.243055	13.806962	-9.963019	0.512308	-6.370203	-9.392627	-13.551650	-28.215177	10.457152	-23.837442	19.179047	21.902104	-8.812149	-6.505025	-19.485263	17.304033	-27.572246	-20.541413	9.199657	-21.268418	-14.213359	-0.325079	-25.742399	-19.549627	12.336137	-17.683021	8.247837	-5.435846	21.674637	-3.009701	-3.695644	7.053708	-27.281851	-1.598301	16.439592	18.562775	17.578381	-29.677535	
12.227248	8.378889	-4.989807	10.835974	1.930081	5.201912	-3.990695	19.539430	0.745049	11.415884	-16.958335	12.491306	-17.737177	23.472673	20.199775	-17.473324	-20.123347	-14.660587	2.773724	1.248478	-20.163212	20.090478	4.231383	-1.585156	-22.124091	20.718793	23.101837	15.858062	3.378857	23.044605	-15.396972	7.975918	3.384205	8.634160	-15.152977	5.650656	4.607206	-3.283872	-6.401206	23.968719	14.764374	17.835585	1.970739	-8.795297	16.915563	23.390445	9.922347	5.300383	-21.366729	-20.698578	
-3.182461	-25.661662	-2.380600	-8.247584	27.843472	-21.221936	2.801552	-0.521596	-17.970885	-22.745759	-13.123073	-5.190991	10.297991	-15.115834	-18.493006	2.402454	-19.878922	-18.538422	-12.332473	-13.258161	7.288422	-24.223726	2.629173	-25.651035	17.200252	27.764797	-10.169739	27.859701	13.933287	13.834638	-3.945608	22.866197	-7.121058	13.472181	-20.948710	1.662571	8.260012	-20.080913	2.487228	18.887878	-16.238411	25.409399	27.326526	26.593556	0.223379	5.264842	-26.616522	-18.265811	1.194104	1.146489	
-20.270478	-16.857199	-16.724338	3.661087	12.203504	-0.530612	-20.364869	12.260887	-13.527587	-8.997146	7.629353	-7.608584	11.657128	-21.072375	-17.227765	-20.176734	-12.611146	23.215871	2.005001	-9.727367	-19.928984	11.644865	-12.325716	3.245917	9.032081	2.755125	10.330290	18.050056	-12.613393	2.953182	21.745092	-13.944105	8.342958	-23.077015	-10.089454	-14.868464	18.690021	14.169520	-6.896835	16.761467	2.372503	12.568235	-19.292736	-21.098957	-7.548205	5.762554	2.610700	19.479494	8.484782	11.672296	
-7.185183	13.719774	3.378593	1.067238	7.743941	-15.854566	-10.729781	8.328335	-24.689592	7.892850	-26.109266	3.862097	-5.376422	-5.398654	-11.027577	-13.098783	-23.581311	-24.844310	-3.124771	8.441339	18.886195	10.556385	-2.143100	0.489082	2.566581	26.283154	18.938614	-1.798077	16.100811	3.831893	-8.261986	-22.272503	16.505377	1.605367	-1.575927	21.122552	-25.012048	-2.040143	20.319434	-23.731371	-8.095609	-1.672620	-1.775793	-12.296385	-17.495526	-1.411980	17.321396	-24.281205	-5.363358	10.912119	
-5.642118	-3.162830	25.725058	-11.766783	-19.293979	-18.530275	14.771529	-21.573378	2.077946	-5.359058	-3.488536	24.334037	-15.768682	21.730836	5.247559	-4.429910	-5.487120	21.354507	19.776785	6.528623	23.356562	24.587513	5.209971	6.192802	0.438056	15.697267	25.823088	21.491358	26.133638	-24.373426	22.187177	15.374352	-11.787807	-14.800539	21.752461	15.630289	5.548820	-7.133792	-5.987445	20.734176	0.881701	25.668358	-2.767783	-1.493736	13.387687	-11.290948	6.931030	-5.744487	-22.567227	-14.164961	
18.454116	-6.102767	-17.965836	-13.072179	-17.121920	17.254819	-5.520216	22.312061	-0.974385	-2.778534	-19.370853	22.435754	-15.090437	22.541827	-12.534392	-12.171462	6.268518	9.474197	3.855206	-14.124545	2.370391	8.709356	8.823199	-15.496440	-5.294735	16.262178	10.715728	0.971766	12.994072	17.197642	16.310735	19.833791	-13.036403	-3.058285	16.536735	-15.241470	-13.695031	-2.544193	-17.016889	-8.270204	22.301565	0.768975	-12.349444	10.967447	-20.516006	14.512712	10.350175	-4.975118	-12.066636	9.281471	
-2.343725	0.836718	21.005032	-15.368001	-20.747464	16.978163	-15.324535	-10.081295	12.304417	3.265135	0.171458	-5.188630	-1.404923	-4.078704	-11.931688	5.190789	11.718776	18.818467	-21.667404	5.066174	-5.445089	12.846365	-15.591125	-15.229116	16.997594	-12.258656	-10.571249	16.741624	-6.961781	-17.144165	17.781941	-8.045931	-0.715138	-8.719125	8.859847	17.575509	-1.418905	-5.871347	-12.882279	2.818415	-7.419396	-14.439436	9.111706	-14.995348	5.616576	5.512130	17.692833	-15.760966	-13.387647	-20.439111	
-18.294689	-9.465419	-6.871164	16.591279	-14.863709	-7.214675	-7.263147	4.841101	14.804584	14.817153	18.214065	-20.380565	-8.913615	-7.137914	-20.679733	-6.035638	10.065198	13.894152	12.007316	15.495762	5.616020	3.375953	5.291518	-13.064021	8.846210	6.763067	-12.431544	4.818673	-13.677899	18.477048	7.606916	15.277948	-14.155239	-7.976413	-15.289323	-13.445993	18.704325	3.527539	-19.074882	11.562984	-16.774801	-4.784925	-4.834119	-0.055734	12.950455	13.291374	0.136582	14.040999	-3.954539	-2.127306	
-6.714152	24.284705	-11.540713	-4.776862	-9.964869	-5.193893	2.324771	-21.191245	1.753832	5.609804	-5.123863	-17.612289	22.681637	-17.058641	-17.525695	18.668045	8.014583	-4.929896	8.244160	22.478140	24.386013	18.878421	9.709122	19.469821	7.499846	18.834446	13.070464	3.006035	17.380218	-2.085693	7.034252	-3.865193	-20.135228	-17.001267	16.298877	15.448512	-7.666587	9.349927	7.541343	-8.000550	-8.273949	-4.989645	9.090848	-0.273151	-3.029942	17.093326	-0.439990	4.258618	-22.132983	-21.586896	
14.507255	0.676566	-20.087043	10.589549	-19.449902	-4.769750	3.796736	-18.326330	-12.491451	11.364316	-3.420966	-0.700911	15.859460	-6.652239	-17.745054	10.832498	-0.385881	-12.130119	-6.561166	1.171922	9.695563	14.729593	11.200375	20.281196	5.253023	-2.454696	-21.056935	4.615087	-11.270829	-7.575722	17.601395	14.911927	20.324968	-12.092629	12.674213	17.300859	-4.060797	17.234330	-11.937875	-2.184619	-14.347567	5.366437	-9.584819	1.964428	-18.453184	-2.490898	-16.316896	-6.134111	-10.507938	-15.595903	
-7.811129	-16.876951	-16.335958	-16.812781	-1.176774	-11.839152	8.695455	-14.418414	-1.231990	-12.083983	-19.518774	-13.050605	0.975765	-0.819919	-6.106939	17.795880	9.053670	4.199900	6.169038	-4.902071	4.321214	-15.491888	17.942903	-11.266008	2.443193	-6.146252	17.034840	-1.101634	2.200120	-1.919462	-9.608575	12.374849	-11.691343	4.577716	-17.241199	13.319120	-10.883926	-13.441152	14.333053	-0.368351	16.586132	2.730510	8.451814	6.340013	18.818925	3.975916	3.033173	17.833763	-3.388682	13.881516	
14.409703	1.176306	12.689362	17.802499	-10.821485	28.274502	-26.366273	22.018135	-7.373791	-0.306179	1.707307	-28.387675	0.667809	19.580004	10.298758	-0.208097	-6.220901	6.968089	-19.733468	-20.297147	-10.910034	-27.501703	11.941241	-9.006410	-19.277524	4.137769	-5.299298	-22.581788	4.589576	-22.707732	20.464820	23.596819	-21.231137	-10.329114	11.784304	-10.011616	15.981298	-15.386132	-4.920452	-3.313307	26.968230	-9.327639	-24.027972	-27.655560	-19.520180	-4.973705	3.819493	10.278004	19.166210	11.425681	
15.097893	14.487034	-9.080956	7.268199	3.537151	-6.139412	0.227778	19.624621	11.491774	7.500703	12.484529	11.402252	2.172183	-1.678159	16.210215	1.752689	-12.870892	9.555912	9.406559	-4.518026	-7.513914	6.277462	16.430159	18.312049	2.987123	-16.920297	6.507803	17.180483	9.503316	-0.473786	7.590498	-9.218824	2.776340	13.473879	-13.354832	-19.550376	-19.048967	14.124726	2.944876	-17.460045	-0.258705	-13.225214	-8.373574	-11.772110	9.723462	-0.481997	19.032110	4.048263	9.600119	-6.358023	
7.183297	-14.259209	16.930310	-14.893927	-6.635827	-1.197055	8.218344	1.607852	-12.601099	-18.241516	10.178782	9.870253	-17.066315	-14.664690	-9.483283	15.311994	2.745369	-2.612167	13.281604	-12.081823	13.182563	3.484208	0.597079	3.929647	-4.880756	-3.920811	-6.826419	-3.868467	-18.427678	-17.520383	9.908802	10.103452	-10.384531	-3.155185	-7.114175	15.934039	3.206573	-3.766811	-11.884029	0.842687	-11.241836	16.058778	-15.083715	-8.299174	-5.200604	3.256368	-3.028205	-7.130026	-12.485297	14.585759	
15.642265	14.905461	-8.372512	26.759204	-1.030626	-23.630231	-18.858656	-5.942041	-8.048145	6.678949	10.335244	-16.201531	-25.078429	-9.042462	-21.629914	-9.167623	23.680900	17.668218	11.333352	-11.142198	-10.036209	-18.190978	-11.515772	2.609594	5.916372	-0.635632	-15.741914	26.688856	1.390937	-19.343325	-18.945633	5.638426	26.541881	17.111175	-0.399171	16.601747	16.112119	-25.298528	1.961486	19.920473	-18.869350	-1.993889	19.287870	-20.142407	1.747763	-8.964760	14.230946	13.593480	-16.176363	13.820010	
-12.979469	16.179305	-10.220799	6.100761	-25.602734	25.628874	-1.464037	-14.543439	21.645967	-4.678590	-19.684458	20.667171	27.095777	12.204349	1.531630	6.065195	8.220457	-17.573744	7.454173	-6.485174	-0.327429	-13.407419	-6.865994	-19.070108	25.257087	-20.740680	13.887325	-23.283042	-22.800211	-1.592080	-15.503986	27.276228	0.059273	26.527039	23.920693	8.229987	14.055830	3.555244	-16.351271	-24.009843	-13.241545	27.649954	-6.603875	-7.948700	-19.002221	21.686617	19.943484	9.407051	-21.039059	-9.551963	
26.442360	-8.850259	9.165557	-3.592942	-25.393453	8.363095	-15.954641	-1.907412	-18.307229	6.254929	-17.997219	1.532394	-20.137878	-24.711721	5.552329	16.517870	-10.827396	-3.008443	-23.292239	-16.752249	12.229813	-25.159638	13.236946	19.482166	14.766070	21.152064	-20.297465	-8.279158	1.090592	22.553339	-0.529690	-6.220133	8.061220	26.974586	6.023545	-26.229684	-6.285280	-25.680001	-5.948450	25.682819	-23.242377	-19.021890	-4.682184	19.772132	0.148267	-3.011209	-3.795953	-11.005058	-20.232611	-19.153176	
11.767055	22.004252	21.208552	13.048233	16.245532	-17.556353	-17.140265	-25.401974	-15.998386	5.348677	-8.006384	-10.703821	16.310990	-2.082309	24.931576	24.462925	-16.050046	22.016065	22.264066	-5.680722	21.625096	-12.118037	22.033518	6.852706	18.089521	-9.628997	18.457289	26.933229	-19.424366	-17.363868	21.406489	17.299716	-23.766799	18.881491	19.548452	8.338724	-18.602702	-0.312307	20.931928	10.184062	0.626781	-12.921580	-1.347053	11.215868	-24.272778	23.289200	-19.016875	-17.697488	16.385741	15.132970	
10.676307	16.734009	15.862774	-19.823208	-24.964217	12.470897	13.723893	0.302166	-12.609751	-24.095493	-7.720742	-7.522396	18.777426	-3.125243	0.878837	24.729185	10.231369	-21.833242	-5.775741	22.687258	22.612806	-18.179561	4.565311	-5.490291	-23.251889	2.818122	8.443453	1.929516	-7.854476	-23.517925	2.822139	-12.245031	9.976776	22.090853	-3.370947	19.807404	-6.828418	-3.138158	-17.145430	-10.562753	-3.647169	1.563298	-17.968098	11.187131	-25.964237	-18.092083	7.035873	-25.436315	-8.216074	7.540667	
12.961775	11.095530	-14.019399	-2.199439	3.382369	6.255639	0.575381	-10.023250	-21.442336	-5.926369	-23.403580	-20.684817	16.889358	-9.562940	-17.897964	15.489178	12.213823	-6.347808	10.939897	0.475612	-23.746296	20.920658	3.315213	12.540024	22.658305	-17.608319	5.662794	-3.532733	4.111623	-21.116583	22.599013	-5.464900	-8.204301	7.494032	-7.379611	-5.713513	12.261986	-18.318514	18.698578	-3.980557	0.541226	-23.227691	0.848934	13.693784	7.714040	-13.211078	-4.104333	-24.478086	0.168770	24.725490	
0.012389	0.007873	0.020333	0.031454	0.031211	0.036333	0.015565	0.022136	0.034332	0.002412	0.018837	0.032465	0.036919	0.011661	0.023990	0.023245	0.001330	0.010828	0.013605	0.005154	0.013071	0.034368	0.023403	0.025301	0.017209	0.033394	0.035444	0.013785	0.027338	0.016559	0.006516	0.021720	0.022915	0.004893	0.035136	0.006956	0.020968	0.008319	0.027541	0.021695	0.018793	0.025930	0.016670	0.017577	0.014020	0.003811	0.003181	0.034189	0.026347	0.030875	
0.010317	0.022220	0.002306	0.015988	0.025955	0.023361	0.021433	0.028623	0.026199	0.026879	0.033238	0.004320	0.028307	0.027030	0.017890	0.000355	0.027742	0.016263	0.034332	0.028318	0.017183	0.005089	0.003676	0.031252	0.030984	0.021017	0.031950	0.033260	0.033178	0.003290	0.030627	0.030342	0.017770	0.005479	0.008486	0.031047	0.011237	0.024641	0.002721	0.021792	0.028293	0.027351	0.018157	0.021658	0.027316	0.019991	0.019607	0.018284	0.000681	0.002566	
0.036432	0.006790	0.018473	0.032172	0.032584	0.026793	0.025342	0.035906	0.001735	0.025482	0.016292	0.017428	0.035477	0.000424	0.031731	0.027978	0.025520	0.023442	0.022798	0.002111	0.033416	0.003567	0.017211	0.004302	0.010224	0.006519	0.032039	0.003941	0.028629	0.015736	0.012373	0.031145	0.011601	0.026184	0.017287	0.009503	0.037552	0.035963	0.025618	0.024268	0.012447	0.017874	0.015119	0.001602	0.011999	0.027166	0.029126	0.035761	0.003393	0.013525	
0.004751	0.007199	0.010922	0.003522	0.001828	0.002276	0.016802	0.014788	0.046195	0.003575	0.019882	0.028530	0.023296	0.044750	0.045641	0.005449	0.006478	0.010034	0.041454	0.011741	0.016505	0.038877	0.003656	0.030733	0.017096	0.022489	0.023768	0.017254	0.014008	0.030185	0.000658	0.043136	0.041711	0.041642	0.007445	0.002066	0.023335	0.001820	0.017116	0.013706	0.038924	0.026806	0.038632	0.019516	0.013622	0.006252	0.033085	0.036403	0.019393	0.011052	
0.003835	0.021718	0.034658	0.002909	0.014409	0.027404	0.019079	0.034354	0.030455	0.001237	0.014355	0.034075	0.014429	0.007116	0.023480	0.006455	0.010524	0.032598	0.013261	0.028096	0.001780	0.018456	0.014302	0.025019	0.004596	0.014517	0.031648	0.008438	0.026996	0.001938	0.035711	0.033707	0.026827	0.011460	0.022362	0.026714	0.016940	0.024662	0.016773	0.029106	0.032836	0.000786	0.018219	0.003140	0.028208	0.030178	0.035661	0.028939	0.034780	0.020854	
0.007427	0.022948	0.014114	0.022019	0.029235	0.036039	0.034059	0.003495	0.000641	0.026504	0.031015	0.032500	0.028666	0.008349	0.029559	0.027297	0.027464	0.032482	0.022407	0.013176	0.007917	0.029237	0.001470	0.029069	0.021118	0.008524	0.035392	0.005446	0.011414	0.025381	0.022830	0.016538	0.018360	0.003883	0.015631	0.030111	0.003059	0.027120	0.016340	0.017123	0.010552	0.017644	0.027079	0.034620	0.009054	0.010809	0.027788	0.032339	0.004057	0.030700	
0.038534	0.004747	0.019156	0.004661	0.007167	0.036081	0.023176	0.032705	0.036218	0.005296	0.038790	0.016314	0.036044	0.013205	0.006720	0.036613	0.006706	0.010094	0.038690	0.019419	0.027657	0.014780	0.027224	0.022291	0.027171	0.020506	0.003425	0.002117	0.040001	0.033333	0.035663	0.022009	0.009766	0.007490	0.008192	0.020743	0.027012	0.001436	0.032738	0.000529	0.004812	0.002913	0.019835	0.018341	0.021838	0.020598	0.017228	0.018969	0.027482	0.033566	
0.016951	0.006370	0.033731	0.026509	0.022644	0.041579	0.000665	0.021855	0.038572	0.028049	0.039339	0.031336	0.006619	0.034292	0.001440	0.002477	0.010400	0.025391	0.005800	0.014326	0.000901	0.017913	0.024222	0.005785	0.017745	0.026378	0.024614	0.031170	0.002495	0.030589	0.013400	0.006835	0.031729	0.028947	0.015280	0.024148	0.039603	0.020314	0.016469	0.022687	0.020412	0.030287	0.006235	0.004182	0.023211	0.029187	0.010047	0.026206	0.035313	0.005352	
0.023961	0.003444	0.032347	0.014356	0.021914	0.026249	0.019875	0.015451	0.034017	0.008073	0.000924	0.013324	0.001145	0.038294	0.011728	0.005189	0.028214	0.009125	0.037224	0.000139	0.034449	0.000631	0.024088	0.016436	0.016996	0.034051	0.028741	0.033580	0.011074	0.021148	0.024015	0.001536	0.022859	0.003283	0.018295	0.038376	0.000129	0.037759	0.024455	0.027037	0.026327	0.000769	0.029119	0.020448	0.023083	0.033996	0.034653	0.014180	0.019750	0.033744	
0.018807	0.003686	0.022803	0.003748	0.014024	0.037130	0.018868	0.007734	0.017254	0.015055	0.000412	0.009193	0.029480	0.019342	0.007336	0.013404	0.035091	0.029602	0.005480	0.005211	0.034972	0.029957	0.019896	0.012463	0.023665	0.037801	0.035454	0.008810	0.019261	0.009107	0.003204	0.024218	0.019918	0.034630	0.021561	0.034588	0.026797	0.023348	0.033477	0.038635	0.005948	0.008934	0.031024	0.034278	0.010136	0.012440	0.027828	0.021283	0.032184	0.010524	
0.031059	0.026984	0.016879	0.016893	0.000447	0.032561	0.031641	0.034455	0.019441	0.033499	0.010973	0.001152	0.021294	0.017219	0.022402	0.012589	0.008137	0.034230	0.014860	0.002472	0.014934	0.037922	0.036821	0.005084	0.006006	0.004771	0.001989	0.024359	0.025568	0.038272	0.015366	0.018570	0.038623	0.014533	0.039503	0.036414	0.018563	0.026252	0.025863	0.026113	0.020893	0.009509	0.004200	0.037726	0.003213	0.001618	0.005659	0.017066	0.016916	0.038488	
0.037077	0.011795	0.027067	0.010309	0.003046	0.021867	0.014714	0.025096	0.001242	0.009637	0.012392	0.029487	0.035209	0.006581	0.035547	0.027634	0.011312	0.010125	0.022934	0.003084	0.017652	0.005380	0.010298	0.021630	0.000864	0.020854	0.023951	0.034399	0.031129	0.000722	0.030714	0.011781	0.003451	0.021940	0.017129	0.021393	0.021584	0.034284	0.026370	0.010424	0.030526	0.015472	0.033820	0.017968	0.035124	0.033897	0.015507	0.028291	0.035897	0.031395	
0.014498	0.010434	0.008111	0.044642	0.039858	0.000949	0.026271	0.022858	0.008536	0.006292	0.033148	0.005309	0.039544	0.006137	0.030210	0.002455	0.000599	0.010366	0.033672	0.010411	0.009016	0.042313	0.017180	0.012610	0.011019	0.004106	0.012132	0.025815	0.029943	0.014296	0.011868	0.038042	0.027654	0.011757	0.012462	0.005798	0.023539	0.047987	0.015834	0.018838	0.033039	0.022036	0.013059	0.025902	0.010562	0.037160	0.021195	0.021271	0.031140	0.038122	
0.006282	0.036685	0.039403	0.006676	0.024893	0.029878	0.006590	0.035771	0.038950	0.038674	0.015148	0.039452	0.011612	0.012781	0.029542	0.010798	0.002228	0.034753	0.026803	0.040335	0.018246	0.023685	0.009814	0.020906	0.012850	0.020626	0.014937	0.004860	0.016516	0.014289	0.002218	0.017799	0.010062	0.016963	0.025411	0.021503	0.008075	0.032090	0.026344	0.015153	0.025358	0.003210	0.036900	0.003836	0.007886	0.029927	0.026379	0.008046	0.033170	0.005685	
0.001535	0.032927	0.011611	0.032757	0.032325	0.031001	0.029622	0.011642	0.014249	0.033374	0.002126	0.026161	0.013285	0.000458	0.024788	0.008869	0.008390	0.025685	0.005452	0.025502	0.002590	0.004030	0.029705	0.022236	0.024786	0.033846	0.033768	0.026876	0.019916	0.013303	0.034904	0.020080	0.035189	0.009327	0.018134	0.033237	0.015325	0.028110	0.030237	0.005494	0.014011	0.032907	0.012924	0.029474	0.024517	0.013894	0.002333	0.007234	0.034532	0.015321	
0.011359	0.002588	0.033542	0.042798	0.001194	0.042798	0.002155	0.009346	0.012951	0.019972	0.037012	0.012690	0.011675	0.015270	0.032818	0.027132	0.025332	0.041820	0.026494	0.009794	0.014498	0.019453	0.002217	0.006140	0.010980	0.029668	0.027828	0.000663	0.025527	0.024289	0.038759	0.014140	0.037404	0.021738	0.003787	0.004950	0.041522	0.000096	0.042345	0.020995	0.018820	0.000809	0.035044	0.032795	0.021598	0.024116	0.001700	0.032420	0.021416	0.005540	
0.033079	0.016705	0.029832	0.014319	0.032849	0.022871	0.027848	0.025012	0.018692	0.020264	0.019856	0.028963	0.028598	0.004509	0.020826	0.029024	0.018515	0.012954	0.004939	0.028944	0.034298	0.011266	0.032807	0.020001	0.026856	0.018173	0.004899	0.016595	0.020641	0.028708	0.017488	0.034411	0.025830	0.016343	0.020463	0.033425	0.021452	0.008403	0.002055	0.003906	0.025479	0.021522	0.012875	0.003490	0.002010	0.022226	0.019526	0.029003	0.002035	0.025214	
0.011869	0.018692	0.034634	0.023282	0.036875	0.010575	0.034229	0.006947	0.016901	0.036369	0.009716	0.013646	0.016948	0.022256	0.012492	0.018632	0.020928	0.023067	0.004366	0.001685	0.035912	0.009269	0.024932	0.023243	0.001679	0.035569	0.038352	0.004397	0.030876	0.034041	0.002671	0.003868	0.013908	0.018664	0.017724	0.011740	0.023685	0.037619	0.032155	0.007770	0.036504	0.029302	0.004561	0.017043	0.030064	0.012549	0.033853	0.028975	0.023597	0.001370	
0.005935	0.016853	0.018297	0.031027	0.025019	0.033898	0.033509	0.006590	0.002842	0.038758	0.009024	0.036230	0.036473	0.021608	0.020332	0.019031	0.025718	0.026319	0.004596	0.021565	0.028065	0.000422	0.001082	0.014820	0.006781	0.027281	0.011240	0.013090	0.029872	0.034897	0.017224	0.013771	0.003690	0.002793	0.033860	0.007849	0.010132	0.037983	0.014181	0.003768	0.038313	0.006951	0.028504	0.011907	0.033676	0.019029	0.023746	0.029209	0.030830	0.031411	
0.005504	0.011116	0.037950	0.010233	0.014700	0.043875	0.039357	0.023685	0.018767	0.006770	0.023988	0.016422	0.002345	0.037156	0.019975	0.012762	0.026744	0.029072	0.033207	0.033655	0.002230	0.032400	0.015411	0.008118	0.003906	0.027900	0.021691	0.047298	0.032777	0.032195	0.010027	0.004507	0.003283	0.005902	0.020913	0.024232	0.011997	0.039518	0.004254	0.034274	0.006218	0.017819	0.016537	0.043041	0.016557	0.029258	0.003794	0.010629	0.004285	0.021746	
0.038823	0.023169	0.039165	0.035835	0.005772	0.030261	0.021390	0.019084	0.002787	0.006642	0.019225	0.030860	0.015360	0.019541	0.004787	0.006508	0.002308	0.024940	0.026943	0.015445	0.021251	0.030399	0.000963	0.040101	0.025766	0.028334	0.023048	0.005564	0.027974	0.033527	0.023104	0.011089	0.004079	0.028563	0.025028	0.033030	0.009628	0.022788	0.016630	0.000190	0.020053	0.025321	0.027880	0.014876	0.022646	0.014525	0.030209	0.016637	0.023156	0.004794	
0.026546	0.007522	0.023899	0.033167	0.011242	0.017383	0.002240	0.028805	0.024872	0.009627	0.017441	0.024442	0.025296	0.005989	0.022947	0.019874	0.030895	0.019047	0.029667	0.018427	0.019750	0.001590	0.023775	0.012427	0.008110	0.013420	0.018459	0.004569	0.021851	0.028854	0.034659	0.024438	0.028010	0.021538	0.032457	0.004654	0.017835	0.019679	0.016229	0.022647	0.026315	0.034472	0.025468	0.017589	0.020412	0.011554	0.027803	0.028769	0.014739	0.018601	
0.020885	0.025545	0.002526	0.018410	0.009800	0.015567	0.022842	0.028098	0.012917	0.005905	0.008309	0.012209	0.023550	0.001217	0.030155	0.016385	0.033181	0.033831	0.027531	0.033071	0.002382	0.006178	0.026003	0.026864	0.009820	0.021399	0.023319	0.035633	0.029421	0.038858	0.037050	0.014765	0.012486	0.007928	0.015420	0.038415	0.020004	0.037896	0.008080	0.010917	0.019585	0.035264	0.026538	0.010448	0.018893	0.015513	0.034384	0.005613	0.014478	0.014511	
0.028733	0.035994	0.027725	0.004640	0.001123	0.022152	0.028059	0.015711	0.025125	0.031793	0.034762	0.010256	0.019706	0.001173	0.031317	0.004982	0.013766	0.011601	0.016970	0.009189	0.019222	0.027851	0.015475	0.026067	0.031692	0.033535	0.036365	0.020935	0.017340	0.025089	0.022644	0.016166	0.035331	0.037566	0.016208	0.022973	0.007599	0.010901	0.036574	0.010298	0.007697	0.013621	0.008142	0.011179	0.008479	0.028104	0.032069	0.022195	0.003837	0.020072	
0.029740	0.018750	0.025691	0.021704	0.022894	0.026205	0.029998	0.030055	0.002312	0.029836	0.018140	0.014685	0.032661	0.032901	0.017469	0.000815	0.023813	0.029850	0.006375	0.028522	0.018021	0.011479	0.015651	0.025729	0.004071	0.012828	0.009959	0.028120	0.030402	0.002305	0.004720	0.032656	0.009841	0.019941	0.020846	0.021328	0.033465	0.006818	0.025790	0.015712	0.031395	0.004864	0.032475	0.019616	0.006996	0.023970	0.024867	0.025819	0.005930	0.031975	
0.021400	0.005304	0.003898	0.035602	0.032535	0.037225	0.020391	0.004019	0.021358	0.010787	0.039874	0.018778	0.007436	0.016354	0.002833	0.011562	0.035007	0.039285	0.033243	0.005716	0.007720	0.020829	0.017146	0.004450	0.005145	0.031693	0.007502	0.022826	0.032801	0.000831	0.038665	0.024205	0.001875	0.038760	0.037458	0.037460	0.005665	0.008937	0.002921	0.034872	0.022641	0.002405	0.002328	0.040064	0.006161	0.004743	0.040097	0.035477	0.039405	0.022310	
0.024296	0.031617	0.032640	0.029941	0.021071	0.005710	0.000524	0.031308	0.001909	0.029623	0.032733	0.034709	0.010287	0.009947	0.024858	0.032251	0.018944	0.008503	0.005180	0.030263	0.029735	0.000456	0.028583	0.026536	0.028179	0.027936	0.015479	0.021666	0.008289	0.031031	0.009623	0.034638	0.015963	0.018427	0.033445	0.027385	0.024243	0.024009	0.007332	0.002540	0.012236	0.032888	0.014612	0.014328	0.007559	0.034609	0.017172	0.014680	0.008543	0.011562	
0.025175	0.034424	0.014836	0.025346	0.002924	0.012884	0.001807	0.004388	0.024116	0.022506	0.022374	0.004543	0.031627	0.034542	0.014815	0.028943	0.028543	0.031999	0.023104	0.003025	0.021827	0.029929	0.019970	0.021729	0.010560	0.003418	0.032578	0.029613	0.033169	0.007849	0.011128	0.030008	0.032215	0.022239	0.011809	0.009289	0.021095	0.032234	0.030668	0.020669	0.025003	0.021248	0.017419	0.013711	0.030773	0.024467	0.008431	0.025518	0.000464	0.009048	
0.025647	0.018200	0.015712	0.004004	0.029789	0.017760	0.004009	0.034230	0.022639	0.026481	0.014362	0.022415	0.005155	0.018849	0.016089	0.004942	0.023022	0.024620	0.007376	0.014431	0.036099	0.025511	0.011201	0.006151	0.017130	0.013921	0.036530	0.022176	0.025291	0.003449	0.029432	0.008333	0.024203	0.016363	0.018490	0.024184	0.029341	0.035044	0.036987	0.008690	0.032533	0.026407	0.033689	0.014739	0.015323	0.028402	0.021076	0.011938	0.021459	0.016177	
0.014839	0.017728	0.016138	0.031225	0.025984	0.008319	0.026983	0.034187	0.008991	0.016605	0.009434	0.017863	0.015922	0.021173	0.024249	0.033271	0.022241	0.033108	0.039124	0.008693	0.030364	0.036073	0.018097	0.019386	0.011040	0.011191	0.021206	0.022278	0.003155	0.010737	0.021703	0.028865	0.002792	0.030666	0.038601	0.008360	0.043095	0.018302	0.009418	0.022114	0.031303	0.020299	0.021999	0.018225	0.015540	0.012111	0.003705	0.004867	0.030014	0.008415	
0.027429	0.031380	0.022793	0.015489	0.001134	0.006140	0.036119	0.009735	0.001775	0.036017	0.026391	0.000402	0.003466	0.005064	0.024431	0.032180	0.023506	0.016178	0.037325	0.009307	0.025425	0.003554	0.014185	0.022908	0.023278	0.033602	0.021444	0.024253	0.037889	0.037876	0.036029	0.013019	0.006644	0.037490	0.025706	0.006620	0.022274	0.004387	0.006994	0.011296	0.032751	0.021243	0.007198	0.038480	0.023731	0.021225	0.016084	0.027540	0.009213	0.021399	
0.024829	0.019853	0.008366	0.023357	0.014949	0.026199	0.034608	0.005991	0.027850	0.033036	0.030308	0.034123	0.021781	0.005814	0.035231	0.026518	0.012088	0.030653	0.011927	0.006572	0.022430	0.018217	0.007350	0.002535	0.002028	0.023366	0.000598	0.031007	0.000697	0.025239	0.024493	0.007373	0.025790	0.009793	0.033218	0.018031	0.019582	0.018845	0.036014	0.006401	0.008005	0.023657	0.031922	0.033219	0.032392	0.007245	0.031898	0.030762	0.024506	0.009327	
0.014973	0.009552	0.010629	0.003978	0.016845	0.027339	0.004326	0.021220	0.008975	0.031559	0.034862	0.016798	0.022300	0.004563	0.014279	0.017857	0.004916	0.034891	0.002187	0.039638	0.021668	0.015319	0.029792	0.037997	0.034982	0.016399	0.017297	0.025705	0.024545	0.013386	0.035268	0.007841	0.025586	0.009857	0.021563	0.009174	0.028772	0.029467	0.017423	0.034362	0.028311	0.031233	0.002587	0.024583	0.020881	0.016836	0.005856	0.034693	0.027725	0.009206	
0.012898	0.005567	0.011221	0.005693	0.024416	0.002131	0.020909	0.023858	0.037514	0.009237	0.032648	0.028615	0.002231	0.014272	0.034454	0.015858	0.030458	0.025157	0.012231	0.028100	0.003110	0.030587	0.003612	0.010767	0.038671	0.028133	0.024722	0.012029	0.007639	0.030258	0.041358	0.016595	0.023636	0.043742	0.006400	0.025168	0.010364	0.004025	0.034332	0.014555	0.039200	0.032684	0.044973	0.017744	0.030010	0.010537	0.001254	0.012062	0.002586	0.021779	
0.015294	0.012145	0.031886	0.035316	0.019746	0.020687	0.029664	0.028988	0.015175	0.010235	0.035472	0.008226	0.013965	0.015155	0.024061	0.019405	0.025632	0.012198	0.011771	0.029050	0.004256	0.014361	0.025414	0.035334	0.031013	0.016037	0.007667	0.026329	0.025742	0.003913	0.032024	0.017393	0.030288	0.008671	0.008723	0.028926	0.028990	0.027837	0.018002	0.026744	0.020928	0.002416	0.033971	0.020207	0.008997	0.012352	0.018669	0.031514	0.014746	0.004468	
0.011784	0.015996	0.030937	0.026049	0.016195	0.001063	0.032901	0.031322	0.019073	0.030268	0.011276	0.002028	0.027953	0.004006	0.005403	0.028498	0.016409	0.026286	0.023639	0.033387	0.019491	0.017016	0.014013	0.004283	0.013978	0.005976	0.031810	0.036670	0.036852	0.018645	0.027201	0.003102	0.032695	0.016155	0.001972	0.021955	0.034417	0.033573	0.017690	0.009609	0.007313	0.022408	0.027563	0.024862	0.021152	0.018268	0.039966	0.023957	0.017548	0.005388	
0.038005	0.033333	0.032673	0.005536	0.003059	0.014440	0.016348	0.013918	0.032055	0.031678	0.040042	0.029704	0.000364	0.033991	0.004817	0.018586	0.025140	0.013140	0.006971	0.034166	0.017558	0.002355	0.011124	0.005827	0.000162	0.000415	0.025986	0.031438	0.032231	0.043494	0.041121	0.012741	0.017582	0.002967	0.043565	0.009799	0.012711	0.041337	0.042978	0.012277	0.004023	0.004510	0.000805	0.027018	0.019335	0.014517	0.042121	0.023381	0.012837	0.015818	
0.034811	0.013929	0.011611	0.029253	0.003222	0.015998	0.019700	0.036146	0.024519	0.010718	0.024425	0.022944	0.008109	0.012738	0.018830	0.004952	0.001239	0.036571	0.019768	0.010394	0.040006	0.031677	0.032330	0.001389	0.018552	0.001895	0.012826	0.013205	0.007084	0.035141	0.017734	0.037842	0.004507	0.037121	0.038243	0.019819	0.019493	0.007321	0.036850	0.018280	0.029604	0.002680	0.038210	0.020340	0.011820	0.019168	0.022626	0.007178	0.036604	0.020580	
0.006763	0.008471	0.004704	0.032181	0.009561	0.007396	0.008956	0.026163	0.013304	0.020868	0.040493	0.005026	0.022508	0.009183	0.030517	0.033702	0.026297	0.008212	0.031348	0.009177	0.012933	0.005215	0.031142	0.026279	0.009961	0.017828	0.016613	0.013460	0.035252	0.026900	0.012890	0.017647	0.043370	0.006311	0.018691	0.017178	0.025662	0.042509	0.014024	0.018409	0.024933	0.018104	0.013678	0.016158	0.017584	0.034199	0.032815	0.020147	0.031694	0.023585	
0.006573	0.010303	0.043160	0.012081	0.020882	0.025152	0.016309	0.028602	0.007363	0.008514	0.036653	0.009819	0.023595	0.032437	0.020058	0.006660	0.046702	0.003628	0.035660	0.016356	0.027969	0.009217	0.040515	0.012832	0.000926	0.005016	0.036171	0.032815	0.037471	0.011322	0.006606	0.016339	0.023856	0.014499	0.004033	0.033879	0.028601	0.018013	0.023126	0.003939	0.047007	0.006213	0.019669	0.008788	0.037133	0.007703	0.018584	0.000447	0.042825	0.013978	
0.018540	0.033600	0.015782	0.014188	0.035729	0.016329	0.029359	0.023563	0.011135	0.036520	0.024760	0.024998	0.023188	0.011859	0.030003	0.011387	0.006819	0.034400	0.027422	0.010480	0.021712	0.010439	0.015627	0.024204	0.008928	0.035295	0.003651	0.033069	0.012857	0.034886	0.031754	0.001963	0.028499	0.000353	0.008242	0.021430	0.022431	0.027042	0.024270	0.010364	0.006089	0.002333	0.019529	0.017768	0.015143	0.014818	0.029812	0.032416	0.029896	0.015119	
0.017984	0.009844	0.039951	0.006677	0.011463	0.045844	0.044983	0.027267	0.027635	0.037980	0.025053	0.003823	0.045380	0.034963	0.003799	0.012653	0.013219	0.012284	0.030798	0.017818	0.006668	0.007883	0.031661	0.015717	0.003094	0.003512	0.008080	0.027540	0.038916	0.031932	0.020114	0.000103	0.000623	0.016624	0.005390	0.044012	0.005009	0.026662	0.012976	0.012286	0.016844	0.014581	0.032266	0.016468	0.025261	0.019878	0.022304	0.024075	0.020908	0.019194	
0.030946	0.026609	0.027553	0.018043	0.007525	0.015641	0.018470	0.000579	0.028060	0.022939	0.033772	0.034322	0.014146	0.025440	0.029612	0.002033	0.030831	0.004872	0.023074	0.017711	0.035349	0.001452	0.006658	0.013268	0.036014	0.021168	0.028073	0.004617	0.020651	0.011510	0.011596	0.027211	0.034900	0.041048	0.017936	0.002350	0.003660	0.029068	0.030747	0.002854	0.008142	0.000744	0.020808	0.026258	0.005309	0.015009	0.024451	0.028258	0.039900	0.038813	
0.037519	0.002161	0.003837	0.029520	0.029175	0.035389	0.021054	0.008905	0.014099	0.003811	0.032401	0.034801	0.018927	0.019552	0.036639	0.025974	0.024057	0.037896	0.025657	0.031377	0.034944	0.032371	0.009310	0.033675	0.012254	0.000674	0.039685	0.039391	0.025524	0.002188	0.002495	0.001981	0.002762	0.015006	0.032986	0.008573	0.006736	0.027645	0.029672	0.033866	0.015510	0.023981	0.008513	0.001432	0.018752	0.035428	0.002987	0.011990	0.000027	0.016894	
0.002410	0.008122	0.032177	0.000958	0.027271	0.007909	0.013174	0.024354	0.013743	0.029347	0.006666	0.025069	0.020799	0.021054	0.002300	0.016555	0.005791	0.022497	0.031974	0.012743	0.026750	0.045572	0.034815	0.018006	0.007793	0.003659	0.015640	0.003557	0.017821	0.019417	0.009126	0.008544	0.004433	0.028990	0.007285	0.012635	0.027115	0.045569	0.024539	0.036238	0.046573	0.036640	0.005275	0.031847	0.025511	0.038733	0.029632	0.000258	0.044951	0.018165	
0.034038	0.007470	0.020078	0.034329	0.002503	0.016211	0.021170	0.034048	0.026874	0.026408	0.013417	0.018637	0.018943	0.016715	0.023705	0.006901	0.022896	0.025788	0.018860	0.023264	0.010689	0.027089	0.012708	0.001551	0.027279	0.012305	0.032492	0.024658	0.030163	0.018808	0.027850	0.014064	0.021985	0.002350	0.027535	0.030716	0.016679	0.032965	0.004783	0.032029	0.017408	0.015749	0.000343	0.023145	0.017754	0.008478	0.033957	0.028331	0.004564	0.029318	
0.038399	0.017437	0.040498	0.034605	0.040652	0.011831	0.020668	0.037031	0.041041	0.010003	0.017177	0.028641	0.021795	0.036482	0.019274	0.042585	0.007418	0.031747	0.020304	0.022141	0.011533	0.014846	0.009600	0.008309	0.015781	0.023305	0.034611	0.012116	0.024584	0.004447	0.014613	0.026223	0.018196	0.016740	0.017763	0.014913	0.013664	0.024592	0.002292	0.003939	0.028408	0.009777	0.015698	0.003077	0.034636	0.014060	0.032967	0.003100	0.002379	0.004107	
0.010035	0.034798	0.006245	0.038896	0.022059	0.014090	0.034802	0.025704	0.030718	0.005539	0.017820	0.010739	0.026757	0.001990	0.023042	0.022096	0.015393	0.019432	0.031958	0.032644	0.025615	0.036311	0.012894	0.023805	0.021564	0.033748	0.007186	0.030953	0.007580	0.017756	0.027076	0.014815	0.014816	0.017967	0.011289	0.021928	0.036350	0.014180	0.005737	0.023000	0.002350	0.018456	0.003651	0.021570	0.029951	0.024784	0.023726	0.002546	0.006213	0.037424	
0.010842	0.006318	0.018163	0.028275	0.017048	0.011565	0.014732	0.019450	0.000520	0.016833	0.024349	0.020304	0.017367	0.021912	0.019801	0.034299	0.034353	0.030664	0.025650	0.030365	0.002481	0.019177	0.033649	0.029498	0.035092	0.031693	0.022337	0.004347	0.004814	0.028768	0.024433	0.014563	0.028133	0.016734	0.005143	0.022002	0.022254	0.019740	0.015461	0.024131	0.014968	0.008223	0.009407	0.023488	0.013174	0.029820	0.024664	0.017213	0.018717	0.033066	
0.017154	0.037458	0.034472	0.000184	0.007093	0.014692	0.007770	0.005885	0.028407	0.003254	0.005013	0.028092	0.004634	0.011760	0.025316	0.002162	0.005200	0.034389	0.035375	0.024048	0.006399	0.028011	0.008076	0.032779	0.039304	0.014698	0.004871	0.035126	0.029806	0.029138	0.034752	0.005217	0.010216	0.028865	0.018093	0.002059	0.031746	0.031310	0.019413	0.024679	0.024526	0.006660	0.036102	0.027051	0.025970	0.024545	0.019927	0.019859	0.029884	0.018557	
0.007238	0.037218	0.028789	0.029005	0.039013	0.036665	0.009853	0.036231	0.003530	0.002382	0.007059	0.017809	0.021913	0.016613	0.005039	0.041364	0.036960	0.008413	0.018026	0.028595	0.015959	0.029396	0.034632	0.007552	0.001324	0.013520	0.013374	0.020125	0.032368	0.004963	0.039188	0.010626	0.010200	0.035657	0.005941	0.028250	0.020599	0.006592	0.028519	0.010151	0.015841	0.021142	0.033670	0.037516	0.030861	0.007635	0.014362	0.033373	0.002282	0.002670	
0.009190	0.021925	0.026528	0.002396	0.022741	0.016123	0.029346	0.002503	0.038685	0.021912	0.031070	0.030081	0.022051	0.038372	0.010268	0.028321	0.012409	0.024718	0.038753	0.031009	0.013538	0.026576	0.021279	0.005195	0.005481	0.016009	0.023784	0.019022	0.026083	0.036290	0.026814	0.006406	0.019298	0.019273	0.016809	0.008241	0.031253	0.003113	0.008361	0.034047	0.027038	0.035245	0.027058	0.025500	0.006315	0.025865	0.024972	0.002164	0.000516	0.000052	
0.000845	0.033118	0.023107	0.033572	0.004713	0.010085	0.003847	0.005753	0.019467	0.020787	0.030526	0.031964	0.031815	0.010827	0.019423	0.011738	0.000842	0.030756	0.020675	0.032711	0.024544	0.023217	0.002782	0.019441	0.022643	0.030392	0.014849	0.004606	0.035436	0.016553	0.029830	0.007441	0.021142	0.020467	0.019178	0.015976	0.022362	0.029793	0.017416	0.024872	0.023099	0.034059	0.001481	0.022475	0.032202	0.025388	0.007719	0.028267	0.034240	0.011555	
0.014089	0.006511	0.038231	0.025326	0.009524	0.037690	0.019437	0.033523	0.008251	0.005879	0.001635	0.024591	0.013992	0.012946	0.033818	0.008761	0.007362	0.004400	0.013414	0.037573	0.016792	0.031841	0.007864	0.025953	0.013604	0.035644	0.028278	0.002870	0.020231	0.002083	0.030227	0.017936	0.008301	0.014693	0.028398	0.009914	0.012220	0.038192	0.036597	0.001559	0.030121	0.024959	0.034042	0.027655	0.041301	0.001084	0.007047	0.038448	0.026569	0.028630	
0.022038	0.039869	0.023214	0.026025	0.003939	0.022012	0.020073	0.001906	0.021353	0.019112	0.021844	0.039617	0.038903	0.015501	0.036572	0.015925	0.013845	0.006792	0.036134	0.010579	0.001553	0.000716	0.032976	0.034260	0.004532	0.006905	0.019384	0.042092	0.015372	0.037060	0.007897	0.002546	0.016439	0.000618	0.033480	0.019523	0.015445	0.011263	0.019576	0.030135	0.028482	0.007627	0.029676	0.013029	0.003172	0.024170	0.037214	0.036536	0.022239	0.010828	
0.021664	0.032241	0.006841	0.041104	0.007822	0.034975	0.027533	0.035458	0.006730	0.008616	0.012627	0.033500	0.001671	0.020355	0.013874	0.039207	0.037229	0.012708	0.028206	0.008053	0.011688	0.014245	0.011410	0.024786	0.034125	0.017407	0.012146	0.001371	0.015816	0.008495	0.015743	0.041352	0.016146	0.004581	0.023529	0.021741	0.036000	0.014675	0.037691	0.019295	0.001867	0.000079	0.014871	0.041231	0.001323	0.038498	0.011568	0.037032	0.016488	0.024387	
0.010785	0.023847	0.018138	0.000183	0.034331	0.027238	0.020112	0.028426	0.032438	0.030348	0.028347	0.035200	0.024067	0.004813	0.014353	0.018019	0.028576	0.013738	0.002260	0.031549	0.018718	0.019515	0.033387	0.029661	0.003601	0.006723	0.034618	0.035647	0.029382	0.020287	0.027379	0.023921	0.009913	0.006500	0.007789	0.025205	0.008591	0.027654	0.014693	0.026898	0.003276	0.007149	0.028714	0.018692	0.032424	0.004519	0.004589	0.017124	0.022130	0.024533	
0.007214	0.000160	0.027745	0.020598	0.013279	0.023599	0.032401	0.015907	0.012227	0.014123	0.006121	0.000454	0.008985	0.025230	0.029557	0.010993	0.034129	0.015744	0.024072	0.028107	0.005885	0.019238	0.019305	0.022116	0.000418	0.033754	0.020696	0.019654	0.014735	0.001597	0.032162	0.021282	0.013368	0.014217	0.032426	0.017363	0.026320	0.010201	0.026806	0.023798	0.032498	0.028605	0.032382	0.034270	0.013658	0.026589	0.036102	0.018872	0.025305	0.025735	
0.009325	0.018373	0.030888	0.001473	0.008320	0.019711	0.035785	0.014634	0.007508	0.030135	0.032504	0.030290	0.016934	0.020962	0.012935	0.015914	0.029439	0.005581	0.008110	0.029363	0.005362	0.031800	0.038938	0.041378	0.039039	0.033799	0.007453	0.004752	0.041774	0.023814	0.024935	0.003647	0.031966	0.001800	0.027953	0.002106	0.039285	0.030232	0.006464	0.014991	0.011962	0.008569	0.006662	0.018078	0.007543	0.029967	0.028878	0.007802	0.030796	0.020070	
0.028855	0.009352	0.025107	0.015663	0.001547	0.012487	0.003271	0.011207	0.011487	0.036950	0.039853	0.035612	0.000595	0.027273	0.015277	0.027675	0.022279	0.022044	0.004026	0.015365	0.030759	0.004837	0.017630	0.032945	0.023645	0.034370	0.005437	0.007222	0.021944	0.001725	0.000980	0.023350	0.037395	0.039641	0.019264	0.025150	0.003317	0.002542	0.028399	0.034717	0.039385	0.029949	0.020707	0.018921	0.033348	0.017793	0.007717	0.029458	0.022969	0.018559	
0.039019	0.032018	0.032547	0.017001	0.020415	0.011542	0.000470	0.025022	0.022484	0.016631	0.010649	0.018959	0.002959	0.005353	0.028866	0.036373	0.028386	0.004900	0.031749	0.008515	0.021482	0.040025	0.017498	0.002102	0.015514	0.023843	0.006725	0.037893	0.027805	0.006454	0.016427	0.021540	0.026917	0.026850	0.013089	0.010499	0.004849	0.011078	0.033807	0.034375	0.034462	0.030354	0.008186	0.023423	0.007711	0.018340	0.028819	0.019659	0.018151	0.018262	
0.021961	0.018933	0.040959	0.034974	0.016831	0.034245	0.025639	0.011969	0.002790	0.015979	0.022922	0.006069	0.002548	0.012075	0.015505	0.025569	0.032330	0.035096	0.043145	0.008689	0.025461	0.010785	0.003875	0.015044	0.001576	0.027864	0.000620	0.044590	0.023454	0.022113	0.007200	0.043405	0.018540	0.004743	0.032863	0.000099	0.021054	0.009572	0.000895	0.039922	0.014212	0.009615	0.022528	0.035633	0.035943	0.016264	0.033812	0.002967	0.022034	0.025085	
0.024831	0.005496	0.035059	0.024928	0.015835	0.007725	0.024012	0.011249	0.010075	0.017651	0.014588	0.021367	0.020606	0.004827	0.015416	0.011667	0.006077	0.029274	0.009899	0.034712	0.029411	0.010881	0.027544	0.006230	0.031104	0.037126	0.033367	0.022495	0.035915	0.033527	0.030320	0.005939	0.001508	0.012563	0.012528	0.004374	0.018306	0.038052	0.022901	0.018021	0.024273	0.021598	0.032909	0.004561	0.019117	0.013954	0.030571	0.036023	0.022413	0.017172	
0.031748	0.039580	0.011347	0.009524	0.035473	0.002627	0.046101	0.024593	0.030628	0.024099	0.036252	0.017977	0.018947	0.030824	0.028899	0.035252	0.042469	0.003020	0.010090	0.012791	0.005609	0.014702	0.042189	0.013867	0.008356	0.014964	0.023494	0.022190	0.007598	0.011557	0.014034	0.003580	0.026040	0.011547	0.003159	0.028288	0.037418	0.013025	0.002166	0.015994	0.041150	0.000462	0.036571	0.011644	0.022635	0.009725	0.000149	0.008226	0.034342	0.023076	
0.004575	0.038162	0.011296	0.040013	0.026123	0.026935	0.003141	0.028014	0.009175	0.002827	0.031633	0.008739	0.023054	0.005722	0.003466	0.040316	0.026194	0.018146	0.033369	0.020501	0.027901	0.027541	0.019489	0.014400	0.004506	0.022959	0.014663	0.019439	0.016143	0.001863	0.040319	0.016613	0.009938	0.002335	0.010619	0.020512	0.026243	0.039449	0.002334	0.028624	0.008429	0.014008	0.036592	0.032154	0.010342	0.024287	0.020781	0.010327	0.040407	0.035379	
0.012243	0.026876	0.034462	0.009643	0.008118	0.009093	0.011400	0.009726	0.003447	0.011101	0.001354	0.022263	0.030037	0.027239	0.025253	0.005490	0.038105	0.029948	0.006923	0.026456	0.033284	0.029353	0.024270	0.019704	0.037013	0.009136	0.037386	0.035762	0.038886	0.004640	0.025596	0.010042	0.023582	0.026981	0.007186	0.017211	0.012645	0.027187	0.004209	0.038660	0.007825	0.011743	0.022163	0.029011	0.022438	0.036490	0.010153	0.017110	0.028545	0.002611	
0.000810	0.025003	0.011266	0.002490	0.019276	0.007534	0.010166	0.030224	0.033001	0.012744	0.013145	0.008700	0.018965	0.016025	0.001894	0.024078	0.029055	0.025952	0.025078	0.013459	0.016433	0.037529	0.010162	0.034733	0.008620	0.030559	0.035917	0.024950	0.030183	0.033488	0.031225	0.016479	0.010091	0.032476	0.019375	0.029038	0.005957	0.033776	0.005582	0.019176	0.017503	0.020593	0.037412	0.031473	0.013804	0.014112	0.000537	0.000013	0.038961	0.030977	
0.007434	0.013519	0.026902	0.036093	0.026447	0.004872	0.038319	0.004395	0.033598	0.038312	0.031555	0.020688	0.004297	0.013369	0.035053	0.026704	0.001571	0.002730	0.023405	0.027241	0.034786	0.012604	0.003009	0.002287	0.018107	0.012703	0.033094	0.008340	0.008405	0.022217	0.025708	0.001434	0.032702	0.039022	0.017203	0.001205	0.034963	0.037401	0.029335	0.004915	0.023897	0.020708	0.021930	0.006633	0.001924	0.039400	0.031017	0.013892	0.011022	0.033634	
0.007439	0.028744	0.026601	0.011701	0.010550	0.030433	0.022052	0.020865	0.028112	0.010801	0.022622	0.026624	0.005751	0.032342	0.026069	0.001883	0.034022	0.022318	0.002405	0.015909	0.031077	0.029121	0.034532	0.033213	0.008995	0.027633	0.026885	0.017961	0.029009	0.006644	0.010411	0.024495	0.032959	0.031928	0.033340	0.008191	0.004398	0.008075	0.023090	0.021757	0.034141	0.025114	0.030292	0.031575	0.021520	0.006529	0.003885	0.013511	0.000082	0.002394	
0.019144	0.007056	0.019191	0.021587	0.025194	0.022331	0.012790	0.016476	0.025625	0.011796	0.004959	0.005286	0.031390	0.030134	0.001552	0.037868	0.025704	0.020452	0.014348	0.037071	0.017026	0.004583	0.004736	0.034371	0.028112	0.027437	0.019367	0.012777	0.026244	0.021626	0.014700	0.037124	0.005216	0.008785	0.004465	0.037586	0.006609	0.018088	0.036612	0.034228	0.031942	0.011025	0.006374	0.022064	0.029425	0.037480	0.000455	0.034270	0.025880	0.011441	
0.024758	0.009229	0.020448	0.025301	0.024981	0.013813	0.031597	0.013805	0.005273	0.022908	0.009771	0.010359	0.018395	0.016432	0.024569	0.032723	0.015020	0.034318	0.032207	0.022727	0.013710	0.016316	0.031783	0.034372	0.029772	0.006335	0.024519	0.036373	0.024070	0.002795	0.018793	0.015418	0.019898	0.014720	0.006221	0.036146	0.013909	0.017887	0.021549	0.014006	0.004045	0.023800	0.018769	0.025521	0.018680	0.017849	0.033692	0.008214	0.026360	0.015846	
0.012979	0.000991	0.000322	0.001203	0.007142	0.009870	0.034359	0.012754	0.021725	0.018548	0.025299	0.043164	0.003135	0.035982	0.013768	0.014056	0.030227	0.019642	0.011020	0.017425	0.013945	0.003244	0.042066	0.026187	0.027844	0.004132	0.037517	0.018241	0.010515	0.020745	0.015474	0.038817	0.024260	0.041188	0.001484	0.008673	0.030083	0.024557	0.020884	0.039339	0.025741	0.018887	0.019720	0.003567	0.013332	0.031196	0.017402	0.010994	0.044502	0.031855	
0.023857	0.003425	0.023197	0.010615	0.014965	0.010394	0.001060	0.008303	0.027946	0.024242	0.017637	0.002167	0.008888	0.029755	0.013838	0.021018	0.032367	0.009281	0.024824	0.025807	0.029226	0.031816	0.009196	0.032391	0.025055	0.003457	0.015112	0.034594	0.034804	0.001402	0.028854	0.022123	0.029639	0.004992	0.023577	0.019846	0.026457	0.025847	0.021660	0.034261	0.028748	0.025467	0.004903	0.013131	0.025731	0.012212	0.032738	0.034707	0.026859	0.007612	
0.025264	0.033516	0.035650	0.014371	0.021054	0.014011	0.023703	0.007947	0.024887	0.035239	0.033623	0.009360	0.034230	0.031897	0.016748	0.034341	0.016147	0.004263	0.028520	0.030960	0.009367	0.006670	0.030961	0.013269	0.012622	0.010570	0.019963	0.036373	0.012090	0.016991	0.004447	0.028254	0.006567	0.025273	0.018095	0.030603	0.012068	0.015020	0.031511	0.019274	0.007448	0.032963	0.004925	0.014139	0.003491	0.027318	0.019228	0.018863	0.026399	0.009509	
0.006765	0.006081	0.029605	0.005818	0.024354	0.007657	0.028540	0.037643	0.017641	0.031949	0.013136	0.034343	0.022929	0.001357	0.018505	0.037790	0.017825	0.024599	0.033756	0.029458	0.020349	0.020687	0.025514	0.035122	0.001385	0.020912	0.019881	0.032657	0.007534	0.037894	0.023014	0.014725	0.022707	0.002760	0.021948	0.023138	0.010895	0.013886	0.009904	0.006768	0.012745	0.010710	0.022505	0.040211	0.036071	0.021156	0.002929	0.008009	0.018612	0.025622	
0.003788	0.025773	0.021699	0.012347	0.035168	0.031762	0.020104	0.024664	0.021287	0.026001	0.020435	0.032662	0.033523	0.014248	0.028054	0.010251	0.030082	0.006693	0.007270	0.006393	0.000899	0.034167	0.013347	0.009130	0.010903	0.033248	0.034576	0.030535	0.006022	0.029727	0.034921	0.029576	0.005335	0.016918	0.023818	0.014035	0.012765	0.029907	0.027524	0.017727	0.000047	0.013375	0.027409	0.000600	0.018654	0.030837	0.014197	0.029775	0.032427	0.005396	
0.006657	0.034076	0.032044	0.037819	0.004955	0.030540	0.022914	0.037013	0.024378	0.024093	0.000023	0.034159	0.027600	0.003265	0.038284	0.031083	0.003027	0.013580	0.028508	0.002880	0.006083	0.027016	0.013897	0.022088	0.012190	0.001823	0.037571	0.015770	0.001415	0.036926	0.021505	0.023192	0.034268	0.023611	0.026283	0.021399	0.018919	0.000745	0.028320	0.025451	0.018484	0.003224	0.037134	0.036237	0.000377	0.004021	0.009524	0.022385	0.009831	0.023412	
0.032198	0.016439	0.006618	0.021046	0.004595	0.027569	0.040377	0.029139	0.038261	0.012095	0.000227	0.017711	0.020304	0.018308	0.026511	0.006003	0.039915	0.026557	0.019234	0.009499	0.014877	0.003197	0.019299	0.015643	0.012131	0.018374	0.007454	0.001104	0.037391	0.031454	0.018206	0.024117	0.015860	0.018008	0.040607	0.030772	0.022858	0.017764	0.026447	0.007713	0.000469	0.038148	0.034076	0.033884	0.010137	0.003399	0.032359	0.001844	0.011677	0.038125	
0.029931	0.001326	0.019023	0.015686	0.011830	0.001489	0.000039	0.015047	0.034236	0.005801	0.026916	0.033907	0.013624	0.028645	0.038327	0.038290	0.008688	0.008408	0.010500	0.000437	0.032180	0.005713	0.025412	0.027315	0.027094	0.017775	0.025078	0.027997	0.038306	0.038212	0.021383	0.018954	0.012291	0.035608	0.007007	0.011520	0.014965	0.001840	0.032491	0.030272	0.022143	0.030374	0.014266	0.036725	0.001170	0.026668	0.011497	0.025969	0.024034	0.013590	
0.028219	0.010299	0.022644	0.007989	0.003446	0.015073	0.008794	0.024060	0.016666	0.009339	0.034105	0.026780	0.034072	0.032349	0.034305	0.003413	0.022931	0.016327	0.015450	0.010964	0.027550	0.030257	0.011270	0.026313	0.015800	0.028905	0.033567	0.017729	0.029513	0.003656	0.013010	0.014003	0.007375	0.001926	0.027767	0.015038	0.001350	0.023334	0.035678	0.013942	0.005143	0.031744	0.012133	0.037628	0.027028	0.035082	0.035834	0.036778	0.014145	0.009275	
0.005546	0.035839	0.001886	0.023052	0.009327	0.037553	0.010676	0.007045	0.034725	0.005038	0.001096	0.026908	0.032383	0.010923	0.032642	0.025692	0.037546	0.036815	0.031053	0.005184	0.032105	0.033634	0.005718	0.012137	0.022232	0.032880	0.013234	0.015523	0.018412	0.021340	0.015178	0.004572	0.028986	0.002687	0.020593	0.012363	0.029294	0.004468	0.005789	0.019457	0.025179	0.026873	0.031721	0.009005	0.013271	0.031445	0.026461	0.037597	0.008826	0.028094	
0.005741	0.027708	0.016095	0.024049	0.011345	0.035081	0.023334	0.032182	0.030049	0.026307	0.036190	0.032534	0.022876	0.011043	0.036414	0.018096	0.009271	0.010705	0.013956	0.021541	0.005333	0.038864	0.004778	0.009373	0.028227	0.026768	0.022330	0.001184	0.018876	0.009853	0.017697	0.018809	0.001049	0.017482	0.010184	0.039418	0.009404	0.027028	0.012983	0.007033	0.006809	0.027494	0.033524	0.035181	0.024444	0.019896	0.030130	0.024203	0.017550	0.009580	
0.038757	0.019226	0.023902	0.002352	0.020677	0.037198	0.004783	0.013747	0.029366	0.002303	0.030621	0.022851	0.017606	0.016792	0.013774	0.022239	0.030346	0.033967	0.003891	0.032673	0.012223	0.016665	0.033114	0.020290	0.018138	0.006690	0.031498	0.032329	0.002117	0.007759	0.024393	0.007110	0.014048	0.036535	0.003189	0.023059	0.013846	0.002700	0.029995	0.029973	0.019226	0.022958	0.037490	0.026823	0.032036	0.007257	0.028306	0.009271	0.016806	0.017082	
0.025940	0.021232	0.024968	0.008096	0.002071	0.020120	0.030198	0.003685	0.020268	0.021502	0.008049	0.035714	0.022489	0.026481	0.020723	0.020275	0.023001	0.011780	0.012982	0.004056	0.031768	0.013869	0.022478	0.037012	0.000817	0.030543	0.000259	0.019222	0.022227	0.006812	0.028644	0.030670	0.030109	0.017211	0.002873	0.037229	0.004246	0.030020	0.035425	0.029529	0.016700	0.027492	0.008148	0.015642	0.028142	0.007131	0.022558	0.019286	0.033163	0.027144	
0.003987	0.007583	0.006495	0.008515	0.038274	0.026648	0.014728	0.030352	0.000641	0.029765	0.019055	0.033022	0.000110	0.026924	0.026861	0.012609	0.035401	0.023914	0.011081	0.020820	0.002765	0.005713	0.015038	0.029989	0.025899	0.022103	0.032281	0.014112	0.002319	0.016331	0.037222	0.006558	0.009659	0.036701	0.004120	0.002009	0.010493	0.036162	0.028865	0.036602	0.015152	0.017511	0.037047	0.031894	0.015704	0.006327	0.038963	0.025189	0.025138	0.035349	
0.034333	0.001458	0.033268	0.002483	0.040294	0.033725	0.004502	0.029071	0.010545	0.015143	0.001907	0.014698	0.036122	0.017941	0.009287	0.031079	0.017144	0.000193	0.040181	0.018097	0.006380	0.012168	0.026864	0.031858	0.000385	0.029744	0.035012	0.031653	0.005712	0.003218	0.028632	0.030600	0.041519	0.036070	0.002427	0.002339	0.025458	0.012278	0.018624	0.015467	0.035319	0.028830	0.004373	0.001771	0.027369	0.028771	0.024027	0.029314	0.002628	0.029723	
0.014532	0.028130	0.025879	0.040319	0.000668	0.021358	0.036904	0.004063	0.035432	0.004879	0.034428	0.026047	0.001419	0.023883	0.012065	0.024941	0.011446	0.017825	0.016628	0.017995	0.036056	0.039143	0.008737	0.013005	0.005527	0.001039	0.038745	0.010845	0.036500	0.038665	0.039621	0.037279	0.011572	0.018665	0.032221	0.033381	0.012105	0.018299	0.002306	0.024760	0.007449	0.033986	0.037118	0.002801	0.012901	0.003309	0.018471	0.006283	0.001630	0.018741	
0.034622	0.019895	0.004693	0.020110	0.028286	0.003809	0.024551	0.030747	0.026140	0.015426	0.014197	0.016325	0.034178	0.029220	0.029164	0.023201	0.002482	0.031944	0.026908	0.015568	0.035496	0.005083	0.016160	0.032575	0.034346	0.011569	0.008135	0.009587	0.031838	0.019656	0.012505	0.015492	0.021655	0.029307	0.001802	0.012059	0.021594	0.012294	0.000036	0.007614	0.022154	0.008985	0.030468	0.025128	0.016821	0.032822	0.035389	0.014346	0.029584	0.014036	
0.037285	0.036971	0.033515	0.013366	0.009744	0.020432	0.012203	0.038349	0.027520	0.009998	0.026559	0.022545	0.028242	0.009215	0.026399	0.036173	0.015215	0.025990	0.029322	0.026571	0.035327	0.029885	0.011195	0.028181	0.007542	0.001642	0.015234	0.008094	0.008154	0.002477	0.029331	0.020849	0.005224	0.013699	0.030256	0.018996	0.014524	0.021021	0.017529	0.011787	0.024002	0.003660	0.022495	0.023772	0.018186	0.026286	0.005623	0.012479	0.012092	0.034843	
0.035684	0.024204	0.040121	0.032998	0.005623	0.006205	0.041137	0.041847	0.025984	0.011569	0.020354	0.004516	0.022458	0.022644	0.041734	0.001695	0.002758	0.016035	0.006573	0.018549	0.008562	0.012044	0.018344	0.012394	0.027397	0.024219	0.002279	0.014746	0.000058	0.014428	0.037295	0.017091	0.015025	0.026666	0.002240	0.027739	0.042342	0.002209	0.024483	0.018728	0.012757	0.028189	0.029119	0.004774	0.036261	0.036064	0.029604	0.013397	0.014655	0.024204	
0.022907	0.006945	0.035725	0.026256	0.035848	0.007282	0.018283	0.011092	0.014994	0.015369	0.023454	0.024727	0.036736	0.025616	0.021035	0.009079	0.023693	0.003626	0.038004	0.010276	0.005218	0.024257	0.033866	0.002426	0.016309	0.038514	0.010737	0.024929	0.001556	0.017666	0.033010	0.019253	0.023795	0.022610	0.007553	0.007914	0.010451	0.033230	0.022978	0.013929	0.029626	0.028013	0.023501	0.019273	0.027490	0.014025	0.003524	0.008429	0.026154	0.038816	
0.018159	0.013551	0.010127	0.031475	0.014170	0.029047	0.014473	0.001973	0.010058	0.036518	0.001720	0.019400	0.031530	0.038702	0.033525	0.009386	0.019051	0.001932	0.008098	0.007133	0.011927	0.006343	0.027097	0.002699	0.031991	0.008681	0.019267	0.024623	0.017965	0.019479	0.013689	0.027551	0.017318	0.027392	0.034213	0.016118	0.022743	0.032458	0.039373	0.034037	0.020724	0.034427	0.031412	0.009927	0.037334	0.024067	0.020662	0.002553	0.005347	0.028554	
0.019704	0.010019	0.033068	0.033130	0.003807	0.015039	0.032640	0.010801	0.013156	0.036814	0.024767	0.005970	0.031475	0.028154	0.025537	0.020368	0.014647	0.015274	0.025070	0.024418	0.036608	0.028221	0.013148	0.028800	0.007971	0.021821	0.017512	0.000778	0.025071	0.006614	0.016034	0.036677	0.013745	0.019310	0.018413	0.006573	0.005818	0.003319	0.038914	0.036638	0.036741	0.008628	0.021969	0.030933	0.000023	0.031985	0.018566	0.030722	0.004642	0.009952	
0.019412	0.014457	0.028486	0.022154	0.028979	0.004032	0.021286	0.012612	0.025392	0.013993	0.012560	0.004343	0.036023	0.008563	0.011654	0.000223	0.019379	0.023951	0.035090	0.001440	0.039344	0.024880	0.033004	0.023119	0.029755	0.013737	0.012169	0.007529	0.025051	0.019358	0.025693	0.009333	0.011320	0.029945	0.038920	0.012984	0.010502	0.032523	0.031750	0.002468	0.016785	0.000070	0.001959	0.043313	0.040849	0.007167	0.041319	0.015865	0.022873	0.032389	
0.005382	0.020557	0.039809	0.033987	0.034337	0.030025	0.019494	0.014379	0.040997	0.009589	0.010568	0.024994	0.019138	0.041025	0.019790	0.032319	0.029516	0.011451	0.003355	0.002030	0.021829	0.030787	0.013526	0.007044	0.033059	0.020892	0.010438	0.007135	0.006876	0.014139	0.011167	0.034680	0.028918	0.013771	0.006692	0.040007	0.006063	0.022467	0.034578	0.017358	0.009881	0.030603	0.003612	0.023352	0.028148	0.008041	0.005067	0.038650	0.012337	0.016137	
0.007382	0.022725	0.032648	0.021067	0.023181	0.002113	0.002593	0.004783	0.033714	0.003464	0.043215	0.028713	0.029932	0.007887	0.031264	0.019478	0.027634	0.018451	0.019069	0.003713	0.043747	0.020544	0.002556	0.003075	0.021275	0.015292	0.005948	0.025956	0.020758	0.018789	0.014478	0.009975	0.034977	0.029007	0.033721	0.038698	0.000867	0.007140	0.018026	0.034262	0.006269	0.020201	0.027855	0.027182	0.021756	0.036953	0.022254	0.015189	0.034913	0.005313	
0.031573	0.009076	0.003674	0.029897	0.029451	0.017011	0.029304	0.019114	0.030153	0.008127	0.009959	0.009502	0.043945	0.000615	0.001051	0.035058	0.003684	0.022034	0.028461	0.004928	0.020614	0.007613	0.024148	0.001171	0.011501	0.028855	0.014488	0.036904	0.015724	0.034814	0.020250	0.018592	0.008130	0.032223	0.038157	0.029699	0.021429	0.027189	0.007723	0.003557	0.000856	0.044205	0.020380	0.024347	0.006015	0.045589	0.012961	0.039246	0.016603	0.020405	
0.039409	0.005032	0.001133	0.005037	0.015604	0.029933	0.020246	0.023166	0.030193	0.006806	0.010868	0.006195	0.027383	0.032583	0.008264	0.034235	0.034628	0.039305	0.024777	0.008703	0.001263	0.030090	0.009918	0.024719	0.009953	0.006781	0.012287	0.035633	0.018266	0.022392	0.040815	0.030125	0.004914	0.032863	0.039303	0.036772	0.010868	0.031638	0.012003	0.012510	0.004378	0.025410	0.024153	0.015169	0.001528	0.008777	0.040576	0.006213	0.041888	0.005294	
0.035648	0.038262	0.024388	0.029736	0.030533	0.027856	0.011735	0.040405	0.014848	0.013011	0.033111	0.015265	0.015343	0.002047	0.010633	0.038282	0.001340	0.031761	0.008400	0.017744	0.038572	0.016858	0.029763	0.009045	0.011201	0.040241	0.000407	0.016892	0.026144	0.021264	0.035913	0.000974	0.010653	0.001830	0.032307	0.005151	0.034592	0.011843	0.032075	0.016903	0.014835	0.009387	0.015815	0.011031	0.033304	0.005972	0.022704	0.007507	0.030366	0.016105	
0.002163	0.013739	0.028612	0.027122	0.016669	0.027923	0.010106	0.009941	0.024383	0.037934	0.014063	0.018485	0.027082	0.006447	0.037024	0.011246	0.009691	0.012077	0.031982	0.034722	0.011827	0.029928	0.011684	0.022043	0.024733	0.014080	0.030343	0.034695	0.004374	0.014668	0.000579	0.039936	0.023180	0.019519	0.017685	0.016942	0.038002	0.021855	0.023104	0.008958	0.025855	0.008923	0.040894	0.017648	0.036800	0.002362	0.020996	0.004754	0.026491	0.005732	
0.09
