50
2
26.312237	20.732508	-12.792721	13.767346	-5.504493	12.155926	-12.441018	12.053527	-24.523304	-8.399518	-24.848974	-0.871047	-15.223727	10.580146	19.458326	-19.287515	-28.800132	13.993825	10.894716	17.944510	-17.316074	28.955280	-2.811674	8.509717	-9.614914	6.016706	21.454620	-27.797880	-4.527995	7.508994	3.959369	-5.809873	-29.401809	23.346457	29.188148	-15.333176	-16.483839	-9.666792	3.712453	19.606701	-28.196120	8.739718	1.150603	-17.676280	-12.111704	29.632188	8.473592	-5.713427	1.115577	-3.746891	
-0.961124	8.437930	8.163605	11.503828	4.142773	14.804465	-20.993371	-13.011406	20.845212	-16.730129	18.373203	-17.662934	-4.274278	15.476059	-21.974579	-8.027291	14.081630	3.874463	-13.036781	-13.926373	11.077915	-0.208695	14.029676	8.134707	15.794398	10.537746	-14.916049	-20.416619	-18.048853	-10.241962	16.756740	12.019721	9.193368	2.196129	4.391039	-7.357927	-13.429366	5.777469	-9.443801	16.212065	-21.010286	-15.447663	7.206689	-2.407533	17.804183	-6.268695	17.077959	-11.581449	15.446121	12.390705	
-12.319925	7.205981	0.528937	-5.153631	21.631339	19.207024	-9.699849	26.648158	16.001641	-20.943171	-15.318070	-20.701989	17.390805	26.138542	22.429557	-19.893006	-8.909607	-1.907377	8.247207	-13.177295	23.031054	9.175119	-26.483352	-18.585667	-7.492614	-23.920903	-8.891209	-20.068667	8.082886	17.222370	-18.712751	-7.791203	16.012737	-17.383991	16.947631	-23.238659	-17.367096	19.532400	23.838513	-21.417103	-14.477765	14.581896	22.911354	-22.676413	-5.423346	-16.420109	15.718116	10.483277	-22.574495	28.201604	
-5.191418	0.755645	-17.710713	-0.274542	9.471163	-5.541719	-13.818337	-3.714064	3.262381	-15.982956	12.881031	4.426270	6.259261	11.274109	-5.061779	-15.750525	-17.445566	3.766607	-1.206449	9.028254	-8.857884	-4.052371	2.426084	4.770087	6.450709	14.497614	11.866940	-11.789191	1.421199	-0.538736	-12.737273	15.869266	-12.156638	-9.653558	7.523356	1.303683	-14.040803	9.356514	3.167898	5.791657	-14.827044	7.397144	17.697113	15.893613	-8.602232	5.873960	9.317471	17.792870	7.795897	-7.936302	
12.370584	23.382510	-17.031881	6.500856	21.258763	-2.374733	11.918628	25.301919	17.877196	-24.084427	12.133913	-7.950400	-13.884176	13.958395	-19.787905	-18.192816	21.231748	-16.216786	-15.705084	-10.071319	-20.341079	-2.122259	-23.632900	23.693897	0.593474	16.691078	7.226037	-14.305388	5.137346	-19.992813	10.472272	15.780950	9.910347	-14.119014	20.695071	-6.858059	5.617577	11.735368	-4.416851	16.544323	-19.955384	0.925450	17.044644	-12.617651	16.845404	19.940798	20.716159	15.960538	-22.131969	1.130890	
-23.266146	1.237514	-25.977922	-2.194488	18.235653	-15.162679	-20.341683	-20.476624	22.482798	19.779167	-22.072090	-20.887805	25.673443	25.758646	1.933160	14.046809	-25.721350	0.257404	-4.123097	-3.331022	-19.893769	-4.058535	-22.580399	-17.518770	16.002549	-2.984213	18.072949	-18.724350	1.348930	14.638576	14.125361	-19.620131	-18.439454	4.248214	-9.863996	-14.545028	-10.634519	4.255526	-13.745833	-8.846185	-22.773344	-9.436035	-7.951536	-6.125885	-16.637521	-24.288801	5.839359	-9.439543	12.865475	-1.075441	
-10.296202	25.877388	21.826330	26.363100	17.497908	24.151819	10.375054	-18.691976	-24.324736	-18.225505	-24.148953	1.261357	19.032421	-15.122907	5.156893	22.044090	-5.905007	-12.478666	-10.269116	-26.210547	10.505519	-6.732974	20.204885	15.865387	-2.363483	22.755365	5.775561	20.863795	6.743115	9.378925	6.050609	20.359372	-22.734963	-1.610495	15.343177	-14.760759	5.535408	-22.685146	-15.358032	10.595514	-0.320272	-20.832885	12.454334	19.746409	26.929023	-3.190704	-18.914620	-4.425361	6.996234	-14.289006	
9.576903	26.878310	14.827085	-1.533618	20.541003	13.761287	-7.089021	18.719339	-5.033843	-4.962583	26.659777	7.870737	-12.568549	-21.493332	-12.587428	-0.516364	23.367661	-16.134364	2.273366	12.640206	-16.081589	17.146871	12.917485	3.131878	-23.126264	19.245320	0.617769	18.752834	24.181224	0.406801	17.455357	-17.078507	-5.383324	23.714916	-20.750700	3.479848	-17.848710	24.428744	-23.877627	6.888275	-8.554994	-24.389732	4.705849	-16.992258	22.531920	24.786220	16.590709	-8.578404	-23.765379	9.271567	
12.375190	23.277494	17.178994	-18.672249	20.676037	18.272278	23.223126	18.747617	20.198285	-1.212303	5.960011	-10.134743	-12.671118	15.102455	15.866015	23.378132	20.059447	-2.633189	-7.686357	-8.778906	-2.364123	15.944255	-16.108712	23.150478	12.507296	6.109306	-19.379557	14.350051	6.397827	-6.057799	-0.622450	-8.577390	0.804086	-3.882781	-12.931838	-16.902590	-12.446123	-20.981864	22.373617	19.586895	-7.992695	-21.515187	19.708577	-14.768035	8.742550	7.283256	-14.622345	-3.386995	21.132165	10.012557	
27.003274	6.431536	-22.497297	-5.247638	-28.099634	12.255910	5.180068	-19.444497	-13.687492	-9.232652	20.853720	-24.300797	-14.697730	-14.820231	12.113800	16.244071	-14.445198	-28.135315	25.217420	-27.440763	-27.594243	-4.176360	-1.154428	7.256448	23.943408	-10.949147	3.527147	13.750390	-17.297428	-21.594770	11.538277	-10.842845	-22.045856	-13.061131	2.397161	14.858398	-14.444609	29.201867	-11.399839	1.519379	11.530898	11.958223	-8.087223	17.993510	-5.072653	4.187410	-22.779990	23.618895	24.277992	-21.383543	
-15.399862	14.801417	-25.855468	10.640363	17.257624	-21.071916	18.969494	0.330223	-2.785374	-2.918516	19.702476	-19.235669	11.364645	9.648309	-10.424546	19.969192	-15.870736	-20.118866	-3.430371	0.703886	-27.513966	16.564379	-5.670249	12.644311	-22.056351	-5.173974	2.971692	14.249946	-24.499629	14.239994	-15.224204	-18.780264	-5.463856	-14.757092	-11.631928	0.366287	-20.089813	12.360993	-13.254107	-5.311543	-1.567711	16.893846	10.179257	17.766599	6.894532	27.943303	6.563519	-22.510437	-24.456502	-4.793290	
5.299924	7.783716	-9.216857	16.728953	-18.312622	-8.850233	-8.414877	-22.104020	-17.324610	22.604433	-11.117894	3.412074	-2.648803	16.359581	-11.205746	20.897337	14.799511	-6.480922	-10.500304	9.908461	-4.096784	-0.690313	0.922833	-0.703836	10.678125	-2.130008	22.569385	12.476630	3.402051	-11.042114	0.462186	-20.495782	14.341489	17.299453	-17.996257	-22.806916	5.475079	-0.840554	-13.516550	-21.463479	-1.979581	14.280467	-6.172717	-8.372678	0.523309	23.384779	-7.383828	-19.591633	5.215131	-19.194728	
16.738562	-17.218883	16.184486	-12.821419	14.585716	15.122691	4.776564	-20.917922	5.980381	-1.849919	-19.460880	20.241169	3.841503	-22.597927	-3.243209	12.330597	-7.911367	-8.386759	1.247320	8.712929	-9.503599	-22.919529	1.245210	-5.601741	13.451712	-15.813429	-22.759547	-11.994762	-13.338996	-12.042431	20.258135	1.242711	11.970776	-8.586648	-4.187500	15.865481	17.488409	21.288495	1.704693	4.787022	5.994146	0.525897	22.460126	-15.125658	16.213230	20.493177	-11.903677	9.640204	10.132833	4.582426	
-15.744477	13.322176	-13.611647	4.236704	-3.292077	-12.877246	4.080214	-15.692227	16.470187	-12.444593	7.124998	-5.213833	10.836713	-0.893724	-2.227993	0.411386	11.663467	1.746005	-8.685217	6.445612	-16.683220	7.836185	-10.695784	-2.482656	-8.622192	13.050135	1.092151	14.605244	-15.696317	16.653761	-1.210238	13.848203	-10.619889	4.444661	14.017426	-9.865227	-12.973611	-13.278257	-15.511914	-11.073479	-15.292181	3.755252	-2.310112	1.644593	-5.537511	-15.430894	16.479201	1.594236	6.201762	-9.253375	
26.090509	-21.688279	-12.237395	-1.783376	8.264598	8.327380	-26.205251	-5.835947	23.039182	-7.246634	-19.151479	-25.031011	-0.453408	16.034214	-18.445943	20.684951	-1.347826	-1.793227	15.893506	15.859089	26.949851	-24.954696	14.208995	-12.010228	-5.420633	-25.214765	12.433067	-18.779596	13.189369	-10.601481	12.550094	24.099230	-22.020724	10.429786	20.605711	-5.416223	-11.338402	15.218831	-13.877446	-20.941485	24.986369	-1.745749	-0.876534	13.003643	5.200542	1.872726	-1.485081	-21.500529	1.551706	-17.121572	
2.647598	-13.495087	16.870897	-8.729444	-24.410570	-10.381387	8.934480	22.797733	1.786348	5.522230	14.204837	7.091954	-24.122499	-20.840251	22.512652	-4.265511	-24.177510	-18.300286	-7.557252	-20.169691	-21.521780	-16.743431	-10.961122	8.453649	13.818036	4.037016	21.749060	-1.512113	3.448115	-8.668571	-21.334436	12.355814	18.871870	13.792857	5.984883	-17.852452	15.093669	-24.534684	1.372065	5.189720	9.148225	19.319365	20.393948	-17.616121	-3.183609	12.150011	9.266559	13.607535	-4.022031	-11.961236	
7.655853	-17.794714	8.702607	-16.209969	4.245154	-18.885566	11.517742	20.489914	0.155106	18.007256	16.104931	0.865632	9.967991	-15.971225	15.340833	8.456589	-20.396188	-12.590008	-1.779590	10.717635	4.227333	9.126638	-18.039828	13.384195	4.765256	-9.538887	16.862450	19.718765	16.492627	10.318587	-7.748119	-5.275039	-16.737265	8.502627	1.755705	-4.082245	11.830808	-11.786046	-0.449027	-9.354053	3.645754	-13.048506	-6.871405	-20.386135	17.542113	3.240588	-9.564354	-9.027364	9.574156	-17.365651	
21.507749	27.696565	-19.423996	21.434218	-22.579549	-27.191946	0.149751	-18.607378	10.815590	4.288801	29.005432	17.499552	-27.694499	-10.437308	18.183884	15.188748	16.921923	-4.854589	5.701310	-18.862285	-7.019905	-1.723508	-8.273059	-0.425674	-0.030238	8.997632	13.457699	-6.815799	15.790901	17.903367	9.703481	-20.312773	3.109585	13.608390	-21.580761	-14.757201	13.553224	-27.907451	-5.211937	-3.144975	-2.444646	-7.789545	29.040045	2.442667	25.433214	24.229859	-22.399231	24.470311	5.545263	-29.084692	
-8.479076	21.076860	-15.466501	-1.084499	-18.033348	-0.692913	9.385903	-22.654518	-8.331489	-1.708495	-7.265130	-12.937982	13.140365	16.512247	14.846073	15.891420	-4.801606	-13.584598	-0.037459	-17.042947	10.034597	5.240877	-6.737954	0.670546	5.660758	8.062223	10.874518	11.086203	7.378973	-13.506646	20.115628	24.579238	5.762465	2.020065	-6.215258	12.869271	18.766614	-24.209577	-24.639274	6.817976	-3.396626	-16.715090	18.684242	-13.424303	-16.618662	4.879166	-16.725217	-9.159943	-17.780833	-0.857841	
-7.325067	-26.845002	-26.481327	23.867986	-6.788209	-20.215869	-10.901212	3.687926	7.168924	-17.713645	-4.513412	-26.465129	-3.270180	19.728644	2.468735	-24.812550	-10.878001	-2.746619	16.901992	-15.509238	-4.187043	0.709126	4.998954	23.202608	20.389877	9.310536	-12.580572	-11.191784	11.546561	12.336142	21.889044	0.451342	-6.461672	24.646137	1.826481	7.139755	-8.872370	-25.573893	4.304048	-13.401565	-11.152992	-8.774697	17.390718	21.659774	-15.917494	-13.917285	6.511501	-1.184661	-20.558480	-4.191905	
-3.900547	-14.275182	1.198828	11.976525	-4.522159	-4.133936	-11.989893	-2.877430	14.669514	11.068891	5.469087	0.391916	-10.919266	2.589535	2.443458	5.379007	-17.413751	7.194738	7.850248	3.401842	-3.127130	-9.268608	11.445881	-1.243955	10.010055	-14.088663	3.078426	13.297072	-15.229990	12.165274	-6.656442	-1.114232	-2.915981	9.086865	-1.320885	2.691883	-1.310533	8.243071	17.254467	-5.409672	14.533519	9.743258	-1.353216	17.566723	15.606366	13.077724	-13.072896	-3.105917	15.841406	-4.234644	
-9.421403	-1.757881	10.730684	-3.773622	-20.463144	17.425762	11.134676	-18.226923	4.368001	-5.883347	9.303402	-9.014249	-13.193364	19.008767	-20.176822	-0.961021	6.539696	20.633542	18.344448	7.861416	-3.637454	-4.869185	1.469855	2.398511	-1.013307	-5.593717	-6.020163	-21.557930	-6.635042	-20.043740	-1.006080	8.074447	3.854776	-4.258964	11.863362	3.328718	10.592688	-4.113415	-3.075986	-16.830128	-1.405810	-3.387591	3.565567	20.422060	-13.137585	-19.538996	-17.192090	-18.269703	-6.614319	20.520694	
-15.377816	4.710562	-17.949794	-13.244790	-3.749861	-12.763165	-14.311375	-7.053868	-14.639501	-20.432896	14.333327	5.901952	7.545847	-22.615781	16.004667	-13.077240	-14.813868	18.749076	19.295764	-17.935561	-15.177635	22.730852	12.100982	-14.137996	-5.592336	15.174985	17.194039	-5.869258	-2.617386	-21.504157	10.777700	7.591057	20.769148	13.462653	-9.535902	12.440103	1.371118	-4.222635	22.490520	0.332610	-19.010308	-20.454875	-9.915064	-1.071382	3.505244	-4.653625	-3.437239	-0.584588	17.223639	21.684891	
-5.817395	-4.141145	15.231684	-9.284124	-5.642253	-4.548236	-12.503718	-4.414081	-9.731253	-10.501351	18.873924	6.006075	14.879796	18.354363	-8.850996	-1.306704	-15.279811	1.365748	-1.873337	8.267424	18.558021	5.601440	5.715586	-7.433683	0.992322	2.769443	-7.229109	-2.202779	13.429618	-1.637934	-15.548700	-9.233402	0.086678	9.878083	-13.306505	5.345407	14.087175	14.545837	-3.499691	0.783076	-14.764488	-10.564158	1.319408	4.063890	-3.567862	2.455091	-12.193905	6.558631	-9.636772	-17.331456	
8.467391	-0.497558	-0.784824	-22.168453	-3.921688	7.727710	-16.131312	12.873991	-15.778629	-24.387610	-18.126888	-5.211033	-11.263407	5.838126	9.604707	-8.341672	-13.852689	24.103284	-4.271721	25.538085	-17.035208	21.314182	-13.819879	10.655669	13.485580	13.517322	-13.511386	-15.096326	-9.109838	-22.854960	2.694445	11.744867	9.207571	-3.191127	-23.607019	-24.985342	-17.304145	13.917076	24.778645	16.129843	19.904265	17.854175	17.066269	0.138733	-2.952463	15.619046	7.594174	20.557527	17.006385	-15.529417	
7.744145	-6.056681	7.468633	-16.104251	-1.935271	-11.462132	24.920527	-1.030256	-21.002599	16.016590	-8.062617	11.358347	-16.598429	-2.339437	-9.475499	23.838704	-10.727893	26.526572	14.075594	26.604051	13.161415	18.067602	4.363437	-22.270931	-0.892520	-14.765893	-12.485150	-4.245123	-23.585533	-16.625004	10.594198	-10.926997	12.634463	-15.410699	-9.225780	-0.873721	-6.247417	7.829349	-14.735135	16.762494	-11.693802	17.487376	-9.903904	-20.853339	14.906800	9.263576	-6.550889	0.069304	19.852856	0.447209	
-16.700699	3.458333	-1.849271	-24.184940	-26.279465	24.088530	17.806091	19.096557	-4.965900	9.241288	9.970330	-1.920994	22.725971	6.344064	1.315311	28.599515	1.525589	-29.792310	-3.824036	-21.832417	-10.776049	-10.500939	-12.640851	-13.500778	23.842874	-4.825627	26.965273	-28.265976	-25.959865	16.312820	-10.618915	-12.129574	-27.272880	-6.214842	-27.987131	-11.782134	28.812067	-8.154572	-2.118778	23.520997	-0.766252	-25.212923	8.697926	-22.590078	-22.589674	15.241200	-24.979909	1.832753	-4.963305	23.699417	
-21.550549	4.749039	10.640857	11.774382	5.472249	-12.427473	-22.061931	25.026153	8.188423	-5.371915	-23.321079	-26.993989	-23.033495	29.270495	10.795998	6.001995	17.496243	-9.455553	-26.387964	4.064053	-8.721688	21.752224	-26.691862	-7.207421	-1.344711	21.051257	-10.155256	16.003165	2.522228	16.230110	28.478501	-21.259694	21.748761	13.862718	7.640848	28.303401	7.360112	-4.126286	-3.576209	-23.580735	-0.405221	-3.637253	2.800472	24.819877	-24.953865	-5.911359	-13.083312	17.407742	-7.386308	-27.871032	
17.073062	22.977955	-10.032542	-8.431412	16.150656	-9.975309	20.449427	-19.447097	-3.249874	8.676782	-9.570345	-6.123842	3.821107	14.399021	-22.297231	2.984750	-20.763302	19.461514	-9.130918	-3.282100	-5.238066	16.862753	-13.106072	6.717344	7.827019	-17.444327	-16.132595	-2.085338	21.168917	11.351896	9.694819	10.617983	-2.801774	-3.901167	-4.926873	22.462417	15.222553	3.481839	12.933512	-10.139371	14.391034	-2.085576	14.399568	-5.533691	-0.383236	-22.629279	20.493971	-4.894343	4.226196	9.811540	
15.654306	14.367554	-17.082719	11.728599	21.239395	-21.528571	13.934876	-0.832860	-24.196997	13.690325	-1.715917	1.821584	-13.490680	-2.197210	-14.481427	-24.417965	-14.083571	-2.766398	26.964797	9.044844	-10.230680	19.834517	-10.007134	-23.906392	17.990417	-0.351541	-16.741630	5.652150	-7.233692	-7.075289	-22.522853	24.504827	24.449696	14.257211	-13.594525	9.641945	15.402264	-4.302087	22.889525	22.342689	-4.328565	-16.066681	17.830508	16.094018	13.451216	-15.620691	-4.837538	20.391838	-0.954738	24.355721	
5.562926	5.475122	-17.640818	-12.464004	15.226992	-19.218525	-21.672026	13.382578	-22.660772	-23.655654	16.538674	-6.211780	3.327646	14.098229	-2.292531	22.911529	-15.863264	11.591357	-5.185965	2.576370	5.371137	0.830711	18.938155	6.323452	-0.081906	21.042771	18.038693	-11.269392	21.937790	12.948499	-18.727191	8.798984	10.585001	-20.114819	-0.983407	22.985528	22.192126	-21.325729	9.287253	11.225328	17.331653	-6.905341	-1.569188	13.034964	-21.567186	-13.505763	3.140459	-3.367468	4.934620	-3.748439	
10.384695	19.563759	-6.149781	11.439463	-4.349466	-3.404970	12.464307	0.195035	-17.534730	-8.908506	-13.890935	-0.931036	23.291398	-6.025367	-12.831450	23.653932	23.056772	1.737148	0.163659	-16.770211	19.397095	-5.447927	9.665776	5.846166	19.448141	-9.925039	-15.862929	-5.890613	9.407675	-5.543714	9.284074	2.908681	-20.519390	-17.938531	-10.773150	-21.919540	18.852569	-2.461241	19.610967	-22.580818	-5.795533	12.169531	-23.198926	0.370514	6.854993	-21.981768	20.839081	14.442543	18.917914	-23.184491	
-1.807146	-3.689879	0.417720	-12.683598	6.626388	-19.592441	-18.908349	-8.319102	22.445518	13.123693	17.025917	9.042053	-9.630576	-8.920035	-11.047510	-24.767783	17.571308	4.603906	-14.972798	19.896272	11.238689	3.272705	25.408990	-18.474743	16.725693	16.417584	3.415993	-26.739313	-2.413592	25.706016	16.358261	25.508270	18.895007	11.925405	8.262322	18.283385	6.009472	13.519862	6.815752	13.943776	-19.924160	-13.185655	21.700153	18.511148	17.112342	6.358905	18.412840	13.486306	20.318404	9.182398	
21.688679	6.976559	15.910554	17.847023	1.563206	-27.717966	12.530317	-9.286187	-29.627663	3.438967	-27.675432	-6.879025	-5.827956	26.900511	-27.275198	7.962021	7.614054	-28.882894	-17.996062	15.850618	-6.346144	10.371410	10.157534	-5.297494	26.489200	17.790309	13.795250	-7.482159	4.129747	-10.874364	-1.607557	6.573166	12.652645	-28.879798	-15.648041	15.930110	4.425204	18.268827	12.483579	-7.237836	10.010302	-11.113844	11.998001	15.842847	-24.393443	26.240492	-6.976882	-3.701233	-21.398947	-29.095898	
4.652645	-7.999569	-13.003549	11.149812	-8.226293	-20.797486	20.382189	-18.551098	-1.402515	2.897240	-11.125735	12.160959	-13.240183	20.996105	-21.235644	-0.388221	24.348268	-8.860025	-24.755846	21.011236	3.159113	13.587566	19.301331	7.407972	14.508149	-21.303199	10.982907	25.337675	22.041508	24.253895	11.095946	14.100863	-1.433325	10.109385	-4.794301	-3.102309	24.087929	21.013464	-10.534051	-22.992388	1.800420	-0.014744	-2.261989	12.793033	-8.569785	-5.121560	9.068651	23.986711	-3.212188	24.928001	
20.948977	10.133894	-7.254116	-6.549157	22.325542	-0.644426	13.560765	6.821497	25.209344	-21.644167	-18.485726	3.643766	-16.099888	-2.625888	10.292935	-9.464333	-6.711364	-26.015671	10.167239	19.876085	-2.342503	-12.212685	6.288095	-15.767928	31.776395	-18.166918	-14.561933	-5.135502	19.675460	-30.338087	-24.830751	-19.854117	5.473489	20.253204	28.092678	-25.270500	-11.429520	-19.310848	-30.936925	-22.529499	29.445776	-8.057289	-21.883514	0.307226	6.410549	12.663456	-2.508214	17.587218	-0.157569	6.977119	
11.914076	-16.765731	-11.157846	-8.111705	8.225796	-2.361529	-5.829896	1.862136	15.983275	-3.432279	7.337881	9.219093	-9.358027	6.325935	18.111134	19.279957	-15.544227	18.088455	-19.189964	1.450381	-17.758363	-13.550096	-1.600133	9.605513	-2.623016	11.190456	-2.430867	-19.678424	19.730343	7.351028	-7.247740	17.303000	-14.625165	-4.465014	0.436361	9.090018	0.980486	-7.806008	-15.156043	12.893415	10.283056	-2.298896	-13.751577	-19.071784	15.937000	-1.482501	0.238772	-1.126338	-13.089188	11.489948	
25.278509	1.324455	-25.475732	-14.520174	-15.138860	4.320616	3.234565	16.363586	10.423269	-24.682813	-1.332093	-18.440453	-23.586828	-3.836813	-11.300647	-17.751145	20.300615	-4.801880	21.730280	22.216259	2.255818	-24.896947	19.443693	6.402410	-1.687647	-2.176066	14.453742	-16.321746	12.033022	-7.173008	7.496480	18.101789	25.194717	-21.076828	-3.868036	15.860606	-18.811338	4.503990	-12.265574	7.969427	-14.874199	-5.674675	23.673015	-15.009845	8.790639	20.704868	-7.448620	1.847936	0.535883	-16.737276	
25.695895	11.449490	-18.219240	-7.302935	-16.996877	-5.942698	-12.563372	4.135657	15.733161	24.306842	8.608604	-0.153341	21.852634	26.870656	-14.478371	-1.417199	-7.660067	-17.806715	4.323672	-17.725564	7.438458	-11.449147	-26.825711	-7.949512	19.555505	-6.339736	-0.599537	-11.679259	18.768954	-26.949017	-26.351147	-26.476320	-4.308179	-7.782036	15.448389	-20.482905	12.777294	-15.528085	-8.173792	-12.933165	-15.001652	-11.022302	-0.243870	-22.601311	8.250488	19.452153	-26.173209	15.446209	26.012453	-12.956677	
-4.438279	-5.742254	11.305149	12.649842	-16.515149	-6.172012	-16.699144	6.968054	-12.382242	9.176273	-17.551514	-6.168290	-18.285161	-12.065606	0.530362	10.637594	19.683520	-6.252122	-17.495182	7.808061	14.786735	12.335500	15.520386	6.744758	-7.429213	-1.539084	14.443668	2.932501	4.298738	8.915859	-10.320198	-18.169225	-0.286929	-16.320257	12.318433	-6.371739	9.952326	5.844711	-17.544499	-19.408911	-12.643186	-9.527815	-15.635296	-2.736366	10.818507	-9.966007	-5.261236	-7.496402	8.391705	2.493437	
15.065514	-1.070849	8.823374	16.565757	15.960944	-3.527041	-8.620212	3.358359	0.011375	-7.820992	6.674349	5.840571	9.051141	14.155781	-14.910225	-3.319020	-22.028204	9.863854	-16.189816	-14.453349	19.810184	6.208516	16.309726	22.300863	-2.292135	-8.720909	21.698153	-10.076385	-21.202249	17.894019	10.142078	17.269404	-15.262119	-12.281809	8.536011	18.159855	0.629779	-7.273829	-15.790935	-21.431216	16.635418	9.057187	11.956922	15.196706	14.479446	20.568721	13.409196	-22.163784	7.497809	-9.091341	
20.932408	-29.336127	2.834026	-6.526336	14.150899	-15.569045	28.813805	14.693152	-16.454498	11.291495	6.806648	22.666626	26.310899	-16.625662	4.331979	13.986322	-23.615153	-15.189491	25.480400	3.936974	-20.801484	-7.712902	-27.008607	0.608618	10.317256	1.713767	8.347954	-9.384943	-5.375257	8.492490	1.917395	-23.316609	11.454249	1.815977	15.870732	5.347167	13.303090	12.080219	-3.163176	13.526811	-29.994788	-14.436373	-1.283409	4.529252	11.290608	-8.437547	-28.895415	2.049377	29.332294	23.746804	
-10.961731	-5.601197	10.212662	-9.847697	21.661209	-20.459806	9.595995	22.713299	-21.661458	0.675807	12.542849	24.770473	7.562175	-6.538308	6.119375	17.721538	-7.459408	-5.284972	-26.517572	-1.071540	15.111553	-5.531414	-19.463214	-24.486707	5.967973	4.088147	-8.562492	-13.906795	14.317055	23.170297	2.272910	12.208469	-7.083160	-15.780285	-15.005437	22.475190	-11.885894	24.562693	-25.946472	5.596099	0.029300	-3.014468	-14.529194	11.642993	-10.574517	-2.534105	18.077465	10.716029	11.157748	-7.900254	
-10.102493	1.431957	-1.427313	-17.663637	-18.979633	20.093375	5.128129	5.678405	10.686386	-18.403510	7.128230	-8.197595	-6.944965	8.103516	4.208053	18.589070	17.777416	11.389966	-10.740527	4.244895	18.237652	-21.364286	-14.033603	-22.159886	6.940171	2.700059	-21.422466	1.739715	11.884590	11.998414	21.145612	9.908245	-19.989579	13.170114	-13.576306	-0.964855	0.896837	-20.858728	-9.180971	11.701507	22.948427	17.547648	-0.536282	-3.213246	-7.558523	21.919356	-15.869564	16.690995	-12.056787	-16.709846	
10.720259	-19.747316	-8.769172	13.133932	-8.712325	-16.198507	-2.594617	-1.361209	-9.122566	-11.739703	-13.683924	18.120590	-15.205184	7.506683	5.086054	10.598417	11.858598	6.090319	13.709003	-4.562575	6.258519	10.739960	-1.067999	11.319144	-7.915581	-1.236867	-17.842928	-0.423582	13.624804	3.239884	-1.400093	-8.877076	1.761798	-6.460270	15.384070	19.873489	9.007112	5.961183	6.734897	0.654603	13.482955	-11.305818	-14.997021	-7.033507	-18.093937	-15.586997	-6.459850	6.391549	-7.492698	7.654087	
3.311530	25.307986	10.128187	12.456289	-2.522182	13.338968	-24.780415	11.437984	-17.117281	12.119270	-4.842883	-19.696787	12.228113	11.494410	-6.235696	9.561871	0.228292	-21.867962	10.924662	22.046311	1.423339	-6.182567	-19.665437	5.168654	-27.586677	-18.422862	15.351025	0.389546	17.539743	-20.145313	21.693800	21.839779	-4.190444	14.679348	-19.641534	-0.256945	-5.718242	15.728344	-20.684096	0.025116	-1.109590	9.678128	-23.827810	-17.838392	1.914403	-10.703462	-26.728161	24.131846	-24.331805	-12.950849	
5.545633	11.807596	-28.586704	2.457749	-2.799868	1.862297	-24.316200	19.642912	19.495765	26.196943	-22.983390	-18.275675	12.997317	-11.866330	13.529524	6.269081	28.205546	-17.546624	-17.903216	3.086315	27.331665	-14.645765	-22.192257	-4.827908	-19.210418	-15.699651	23.982729	12.710768	-25.260940	26.193463	-3.782685	-26.158981	-4.330332	3.128378	-7.942638	-2.510693	-13.429990	-28.191515	10.305284	13.335736	9.757947	5.467688	22.437118	10.791374	-28.129805	-14.220306	-9.431803	-28.514426	2.651254	-27.239161	
2.242981	11.642947	6.032232	-16.693961	-24.709862	-11.386475	5.939886	4.227481	22.213492	-9.022805	-4.597284	3.066730	-17.505271	-13.989413	20.266034	0.380892	22.992393	-0.308036	-25.716419	-14.508668	15.037787	23.731811	2.665014	16.054493	-3.020282	22.483174	-9.102555	4.351833	-12.373270	-21.491890	-23.682827	9.968646	-1.437126	24.717896	-16.486852	-24.345612	8.606532	-17.277742	11.696082	-9.629256	-7.012688	-14.909651	17.793693	25.989784	-20.001739	-15.078513	6.840040	22.562723	-14.551096	-16.166586	
-25.683398	-5.352460	-5.395110	22.989533	-25.686441	-30.369639	-23.974269	-23.533289	27.121606	5.978093	-26.767679	20.777277	7.276603	-26.148096	-22.147123	-11.356861	20.358093	-23.617193	25.820894	10.915161	-20.326230	-29.414839	-2.634111	-30.607081	21.832142	-2.186639	-15.629354	31.897916	9.784828	29.813206	-32.804082	31.454841	-20.105364	18.358231	24.074334	26.003523	-30.812809	30.276541	22.093849	6.237653	-30.314366	-24.519834	14.313656	-22.096836	17.449598	10.993275	-0.489638	25.467579	-16.365170	1.223570	
-19.424012	21.094086	16.325545	20.275396	-27.219228	-18.380171	23.274693	-16.867104	2.732551	19.626083	6.060089	7.834148	14.612893	10.937696	14.420650	-0.432553	18.120546	24.399675	-5.301732	-1.610108	-11.942406	4.581788	-10.861319	12.051305	17.913561	8.815183	14.941778	0.970576	11.592349	-11.286089	25.010650	0.021338	26.744747	-0.903187	15.049663	7.219394	20.766962	22.042711	19.951083	-15.524435	-4.690430	0.910593	4.918351	8.638776	-13.190596	-14.366748	-25.947537	0.984701	10.109201	-2.755400	
-8.573587	-10.405860	-20.378248	2.370607	-23.827182	19.458736	18.624157	7.213370	-16.685224	9.700829	6.478803	12.261605	12.986529	21.998569	-1.253856	-19.997371	-18.607665	16.089440	10.039529	15.930481	-22.041379	-8.036327	1.974065	-13.493131	-3.496995	19.247258	-19.666671	6.891543	-0.311364	-13.629644	-6.991733	8.147336	-19.042346	15.490172	-12.704296	23.061001	-22.130071	9.680444	14.186230	-9.030097	11.583856	23.907441	12.645039	1.009815	20.226187	-19.229245	-14.452747	-10.326610	18.314485	2.052927	
14.151682	10.751877	7.695718	16.904963	-18.929841	-22.311285	-0.376126	15.549775	-1.441491	-0.499472	-11.859117	7.972645	-2.363195	16.961811	0.917825	18.170783	21.673741	6.439041	21.129435	18.770764	4.989326	-19.126494	-21.977028	-15.983797	-13.454857	18.408264	21.628438	7.011816	8.079798	6.864961	-10.694039	16.113340	-20.295993	-3.722637	-8.576179	1.913418	-17.512773	21.537472	-10.194718	17.169959	17.305940	1.469577	0.940227	-12.859553	21.409126	20.185789	-11.887928	5.397632	12.081158	6.786751	
5.950425	18.592764	-22.860887	21.493166	13.062473	8.077105	-5.578370	0.204327	4.762258	6.832263	22.792960	20.165188	-15.739850	-16.076053	-6.346879	-14.651923	16.097017	12.271334	19.408282	19.082588	-8.082779	14.604420	8.093638	7.528741	-3.360683	-15.656540	-2.558107	12.226692	6.492104	-11.171820	18.468226	-9.777554	-8.633458	-18.119513	-13.431196	-0.994262	-5.382896	16.431080	-20.427515	10.800611	5.801053	2.766637	22.251662	-8.591220	19.583868	-20.108900	-5.067257	-16.081077	-19.000674	-4.692184	
0.133837	14.049294	-14.079861	-20.857987	8.890733	6.269685	21.712875	11.100136	-9.956319	26.994328	-13.738259	8.268734	-19.709441	22.666000	-19.055289	-21.293651	-3.269890	26.770523	-14.905650	-9.936888	-2.151752	11.737237	1.833432	-19.780295	-21.161721	-16.884781	19.755442	19.608616	-3.359139	-21.607657	19.167728	-14.009162	-18.748445	-23.669924	13.546304	14.282573	5.109865	10.222506	21.177633	-25.970154	-8.987033	1.831076	-22.378290	10.728011	26.817116	16.945018	-14.019720	15.996887	-9.930665	-9.856833	
13.424467	-22.442867	-11.178717	-2.205788	22.968804	7.419901	4.854143	6.123092	12.964614	5.870032	15.505444	-11.418504	-22.112998	-16.094298	-1.607141	-13.474078	14.797935	-7.621828	-15.585694	1.912174	-23.793845	-16.924806	10.372002	-12.351051	9.331211	6.620799	19.401441	-15.349098	-16.584993	5.759691	-1.396130	11.830102	-0.940894	10.897335	-1.597082	-10.665258	1.273131	21.337924	3.051334	21.452029	9.632568	-2.781067	-2.778491	-19.734647	3.256219	-14.830908	23.659443	-7.710100	22.252497	3.597501	
19.639486	-18.168684	24.946532	-10.289018	19.321762	-14.704927	-28.561785	-16.195642	-23.913376	19.276803	26.333260	-12.838790	18.660389	-32.356432	15.842158	30.048180	31.439786	-24.617022	-11.085912	-28.029401	13.342898	-2.022680	-10.828743	26.051023	-3.268112	24.265010	11.948951	-11.741384	11.219742	31.734769	-16.126879	4.765686	-8.895437	19.626122	7.036737	-22.500141	-25.848705	3.779743	2.057722	-15.278938	25.143920	17.044996	-7.382301	-29.355488	3.707528	9.652997	29.876638	-11.082856	-1.150294	31.119748	
18.274943	7.831307	-16.072385	11.479292	-4.759726	14.719742	-5.382889	-0.057592	8.960613	-10.938078	-14.026607	-13.467311	-2.737239	-17.216132	18.704938	-10.562854	-3.362996	3.859347	-3.788774	9.192788	-15.696163	14.498491	10.099687	14.640049	-19.082629	-10.003790	24.980219	-10.881907	13.988613	-17.997578	2.387664	-3.784487	-17.052555	-24.210064	-23.037213	-7.972239	-5.193486	16.803467	-21.774393	13.907431	7.869424	-7.071680	16.667848	14.823047	24.747034	10.044416	-23.113554	-1.421645	-24.491010	-24.150287	
-23.634089	14.497985	27.058001	17.170641	10.874026	28.352683	20.955357	9.566493	3.801080	-26.127903	16.982918	9.710698	-27.776718	5.638551	-25.963870	-27.038729	19.174400	-18.422402	-13.095874	-4.718896	26.996907	15.108589	-25.699535	-16.137094	-5.429083	-10.206592	-0.870105	-10.197001	3.539331	8.011136	-27.672596	24.920771	14.330509	-3.704312	4.610737	-5.678455	-0.069034	11.047130	20.152492	-7.349976	12.676750	-23.207046	-17.784581	-9.168979	24.054241	21.586270	3.379267	13.425923	-24.316124	17.606497	
26.530237	22.068089	-14.745427	4.756793	14.857856	21.524146	-5.665803	-10.579072	-22.351707	19.880693	-22.861094	-18.329491	25.394568	-23.239573	-26.799394	-22.255165	-4.567022	21.755216	9.039469	10.918767	-17.016716	-19.829041	20.696504	-6.504465	18.981985	-1.660049	25.082751	-0.403435	14.907627	-2.036587	-14.671081	1.099458	-14.500087	-23.683487	24.301652	-23.069439	0.854204	-22.097218	6.275916	15.611888	-6.994604	17.614979	14.589850	17.778980	1.511238	21.494983	12.476251	6.309263	12.602330	13.404742	
-25.621952	-15.526748	7.574479	-0.107371	-19.800943	-8.818796	3.341285	-8.744727	19.602176	-20.579184	-4.364703	8.528994	17.188207	23.811546	8.350734	-16.845554	24.179796	-12.960671	-6.347320	6.461079	-3.650175	19.259254	10.588253	-0.387781	0.866354	-21.209797	-3.059246	3.345227	-12.895543	18.222466	-16.027063	10.351694	19.239954	7.599474	-20.859257	-25.176140	-20.505465	22.614186	25.812032	-6.207184	-4.768980	-0.535189	-17.255780	0.632741	9.575995	-9.823494	-16.163654	-22.226281	-20.916759	1.432977	
-1.327770	-20.502223	-11.658581	23.762287	4.405106	-16.361926	7.463431	4.955989	-15.555288	11.520612	10.713061	5.506712	-4.264524	-19.191703	-6.885299	-21.342647	13.492565	9.475412	2.699169	21.431005	-6.399684	16.993446	-22.810362	-23.751351	21.975815	0.217253	-21.898384	-7.073570	9.463781	-7.109717	11.330208	-22.525759	1.851971	10.966267	-2.930784	-11.493046	-23.512522	21.409405	8.190864	-15.245048	-1.418702	9.568083	-21.704026	7.601132	-4.116600	13.806385	-10.459484	19.472061	-16.155968	3.871900	
-22.649283	-9.890697	-4.574372	-5.769264	12.227283	-15.878048	-13.578443	19.895363	-14.172409	5.031515	21.457565	12.642770	18.301714	-15.313715	10.452460	-18.904018	-14.793871	-24.998043	-15.474112	-3.727076	4.047051	7.512410	11.634363	9.263268	-12.865283	-4.288739	-19.166717	-25.700144	-2.297544	-13.773166	-9.924341	-14.513694	-0.093508	21.496239	-10.411012	2.976839	-14.000983	-21.263708	-17.750601	3.173908	-7.353176	-1.069173	-4.124116	22.427216	-18.335008	-15.673632	23.183082	-22.894975	-19.591825	18.581276	
15.766465	6.436025	6.151099	6.578151	11.153011	-15.602361	18.976778	21.766338	-13.267857	0.163785	-15.261685	10.326458	-9.395143	8.754730	10.155581	15.836753	7.258705	-3.212854	-17.927198	-10.687615	-20.290868	21.708439	-22.432253	19.984038	23.144163	24.899080	-16.136672	10.094143	-6.889341	0.873348	6.983476	23.917068	-3.893304	15.134250	-25.174948	8.431731	-5.159996	-9.797803	18.779702	2.122817	-25.016010	23.236136	-18.450319	12.794785	-0.367969	-26.770819	16.243244	26.395898	22.461401	-4.022140	
-0.046438	18.244878	-12.527930	22.045285	11.406797	-17.606925	-23.544206	-0.436517	21.324551	12.616403	1.833439	15.362943	-12.904835	-15.733735	10.151581	-14.509111	8.948691	4.414675	3.388215	16.328011	8.634896	-12.381213	10.043728	2.329285	19.012617	-8.030898	-9.617207	-3.851725	-18.113535	-4.249199	-13.818133	2.824325	12.293988	12.086543	-22.589248	21.961782	-4.553739	17.426681	-7.626573	-23.609959	5.289553	10.587316	4.213198	-19.162058	-17.053912	23.842606	-13.670486	-22.844696	9.633118	-3.393633	
14.089521	8.251889	-21.380464	20.101905	22.778720	-15.962893	6.605033	-19.692772	14.955480	-19.431957	-14.374409	8.151602	13.298724	-9.763190	-13.332864	-19.834134	4.734393	-15.532106	-6.404451	14.536529	7.536921	7.520761	6.555468	4.348793	-17.179147	16.750182	17.726467	19.897863	-0.371222	4.458350	21.011976	19.598876	-5.321336	-10.714666	11.491353	19.757113	-23.365641	-2.426090	16.711047	7.276838	10.286478	23.426284	15.594321	8.943303	11.944336	1.839060	-15.356844	-4.778572	-2.919209	16.533749	
10.623539	28.923710	-23.199239	12.645924	-21.020741	-3.519850	24.133747	15.421305	2.437763	9.971323	-4.855032	27.489626	6.022450	-27.499777	25.608444	-3.889235	-5.096266	-19.441938	7.315257	3.841232	-23.247764	20.670291	-23.667640	-2.921536	11.785221	14.506995	12.519261	19.671585	6.166130	-12.472974	20.460708	7.465337	3.176962	-18.433272	2.865483	-16.407618	-2.517931	-1.674308	-12.355968	25.558410	20.541243	5.626666	-6.586284	-4.571824	-11.704570	15.719794	8.100864	-21.384533	6.226428	1.565323	
27.750468	-9.941404	1.570635	-15.833351	28.423743	-2.068653	-18.694813	12.714220	0.745675	-7.856887	18.804611	3.925795	2.755584	-25.460794	15.086496	8.571453	-25.872753	11.370229	5.216276	4.330763	10.899279	10.463933	19.506782	-8.025284	-6.369875	-22.537801	-16.955421	7.027790	29.767583	13.270234	12.379471	-19.083496	-19.580219	-1.159294	3.477161	-19.442202	-1.004882	-6.746931	6.902751	-23.126588	-21.037332	-7.822446	18.971120	-18.768155	28.140067	26.496606	-14.386837	19.484255	-20.431398	24.837820	
-4.355667	-2.879893	-6.917712	9.258662	12.717498	-4.491881	-12.940034	8.341100	11.870137	8.756936	9.640856	-10.753252	18.207984	5.063945	-16.437992	-18.313650	-3.497223	-7.692955	-12.071194	-2.909073	15.208240	-18.202506	-3.871069	-8.751994	-17.668187	1.969126	1.635995	20.106086	10.959818	1.842455	9.899186	-9.937469	-15.760625	13.631303	-2.954561	-16.292419	-12.480413	-12.859919	12.970720	6.432077	11.529927	-15.911332	-9.172845	-14.462378	17.106460	2.542279	11.526113	16.355801	-7.878847	2.446436	
2.840304	8.131246	10.781975	-7.271491	-12.549240	-19.242218	-7.880249	-19.592112	-26.914379	-15.581739	0.583715	8.143531	-3.691657	-4.153100	23.146757	2.890360	-14.853925	-0.469822	-3.731171	-14.425292	-22.454777	-20.895985	-4.532472	5.487762	16.730454	18.627451	-16.704566	18.974589	4.656137	19.159419	7.586494	1.178122	-9.957620	21.876469	1.626498	-20.479186	14.232581	9.200637	-1.183651	-26.651196	26.276758	-25.316595	-2.851862	15.272021	12.411441	-11.641130	-1.346542	-23.820328	-9.096838	7.046509	
1.692297	8.191728	-2.181659	-11.255523	-14.796028	19.319750	-8.561869	18.469152	8.944027	10.638239	-17.059175	21.020013	-9.186650	20.065082	-5.700918	0.904176	8.603549	7.781487	-13.687576	-9.630964	19.422398	-18.481047	-11.946856	-12.647197	-21.060745	-3.325647	-13.853532	-21.580746	23.709884	2.213946	-16.981876	-13.475224	24.646065	20.385932	15.778495	-25.915120	2.265511	1.750982	21.095085	-22.728537	-17.728136	-14.816683	10.920796	0.359552	-17.232191	-24.349400	6.084278	23.767141	-16.841779	25.111790	
21.132961	-14.307694	21.749276	15.007529	-19.246771	11.685903	-17.576462	-4.754433	0.743715	-24.584929	-1.650863	-11.013735	-12.661005	3.709700	-17.311849	13.641495	-8.815990	-12.185200	-8.435696	-18.234644	-10.170413	6.902534	18.217807	4.704453	-8.874022	11.861266	7.907268	8.114191	5.712537	-11.333071	4.555457	9.071887	-16.229112	-6.383248	14.348261	-7.041510	-0.416138	-18.808137	-20.536923	-10.569673	-13.430084	0.225759	16.492790	21.350469	24.008308	3.018294	-9.066172	-5.910244	-10.167687	-8.885872	
16.814020	-22.234191	16.961931	-9.432294	-18.228848	0.246097	6.161328	0.374557	-27.423225	-19.311259	24.805308	-18.519675	0.289268	21.995486	-15.146349	10.712841	-25.275581	-12.704913	-8.591032	-13.153042	5.140939	12.476320	-8.653738	18.082946	-6.374612	-8.982547	26.270299	-19.742493	-9.157162	27.904857	5.400506	22.222757	24.381416	-27.662106	-28.814783	-15.077507	24.578742	2.507460	3.209661	6.067220	26.771290	-16.487478	27.773927	22.250435	19.233903	4.036670	-21.234351	2.043149	1.911712	6.919724	
-8.231106	10.341528	27.420446	-10.033821	14.422664	18.383114	-15.485170	-23.812502	5.721438	29.225428	17.952233	8.816269	10.904282	10.867719	25.115730	-25.925113	-17.403416	3.680831	-9.584384	-20.306282	-3.637238	21.521948	-31.866488	-3.732988	17.793018	-8.113197	-28.700595	4.290257	22.115093	15.333542	-5.315762	26.965043	26.677438	-29.251635	-8.050966	-21.685217	7.605601	-17.089872	23.418087	29.323666	-24.887697	-22.438857	-27.499799	5.232199	10.420421	28.678118	-21.210948	6.634371	10.824717	-5.163068	
20.042209	-3.387485	22.660697	-6.794088	-24.999758	11.909057	-19.887875	3.891972	9.091328	24.297742	-23.492027	24.651721	6.394558	13.561055	-19.447696	13.213158	-17.522993	-19.817886	-2.955051	3.253421	11.522200	-19.025329	3.580707	-20.151869	-1.580232	-6.915671	-11.333191	-11.613794	-10.830800	7.130371	17.277040	24.576764	7.948560	-15.911370	-22.752311	-19.112486	2.887132	7.099971	15.746635	3.768821	-4.227860	-21.465922	6.482594	-7.575866	20.788785	-15.305161	3.198393	24.860099	-15.742510	-0.469708	
-19.689357	3.781492	21.119022	-2.640021	13.937655	-15.521543	0.554086	-7.616355	-3.204289	-9.115359	-12.562575	-16.290695	-3.467164	12.555478	22.139070	19.266383	-6.620694	11.884931	17.057707	20.744232	-14.759909	19.256326	0.872975	4.604292	-10.219175	20.812454	9.111420	-7.659602	9.449043	-18.022440	5.722104	-19.867366	-6.256793	22.077793	-8.307636	-7.070195	5.587857	-16.332863	6.936383	-6.645343	22.461869	-1.354693	-17.902213	-11.477411	-1.271662	-1.501010	9.530074	17.886544	-2.319560	22.846914	
-0.820146	-9.290923	0.698623	12.077857	-16.600836	-15.660482	10.417769	21.683959	5.696497	4.565740	1.357995	12.978307	14.152356	18.606043	-20.954230	12.866498	17.106162	11.112031	-0.270679	7.272039	20.740804	5.153735	19.725969	3.342593	4.366401	10.223155	-5.855953	-5.040340	9.060573	23.531615	12.497090	-15.892137	-14.712959	-14.638796	2.511864	10.792947	20.492718	-9.959632	-7.558065	23.143826	18.521915	5.192978	4.789448	-15.903948	-16.697571	22.066646	10.815366	11.717182	16.606285	-13.158167	
-8.098841	-18.096775	10.483974	-12.605320	-16.166149	-21.044936	14.967455	2.423865	15.697059	19.565073	-4.564177	19.812607	21.073111	4.264010	10.001040	10.809443	15.206307	-7.763959	-22.583276	-8.275581	-4.081926	-22.571331	15.861673	12.635139	-7.279215	-11.600052	-22.532912	-10.047271	-20.994621	-8.712181	0.780821	8.031345	20.285485	23.798634	12.552761	-6.683995	-15.642033	-8.110996	-11.548334	19.227910	7.108379	1.251061	17.520553	21.750796	6.411356	6.535830	15.700509	-6.189226	22.246302	15.752004	
22.806336	-13.746703	-10.659924	2.196154	-24.907264	-4.036227	-12.241424	-9.589832	-5.150621	14.822510	-14.557751	6.359605	2.363820	-11.060151	-18.160320	-24.274503	-14.053836	15.042904	-16.549018	-17.555769	-5.185207	-22.517135	-4.144531	-0.778267	-3.255405	20.425862	11.007473	19.868031	1.776667	-7.774452	-12.729206	-13.335835	17.781294	11.600075	-5.810731	-15.271479	-1.053833	12.138796	-16.535804	-17.983106	-8.895411	-1.343814	21.424595	-22.336637	-4.158077	-10.868398	-21.262256	0.218330	22.550337	-10.463461	
14.056291	2.744533	-3.866229	-14.326760	9.351835	-3.585978	-9.533018	1.257735	-22.313650	4.261463	6.988666	10.430233	-23.371561	-23.107025	11.695533	-9.722718	13.352806	-20.798108	-3.931009	-12.152178	22.830938	-5.089699	17.622008	-12.757386	13.387436	-22.439527	-3.511072	2.741989	1.231076	-21.626723	0.015725	-22.293840	-11.082188	17.984320	3.292506	12.538912	3.535630	-19.778173	-0.479870	-15.398757	-1.982742	-24.178826	13.212893	-9.786908	5.965320	8.695337	-20.045201	-25.361550	16.128027	5.467796	
-26.170335	5.269710	32.897492	-23.813126	-0.322688	28.278631	0.518592	33.919244	-12.660561	-8.809626	-5.547466	20.592210	-18.610792	6.649896	-32.979706	-16.829365	33.299678	-18.838103	26.254805	-0.590380	-16.173541	-24.157552	33.853462	-9.886279	9.705171	27.480134	11.905645	19.769582	-24.246457	-33.183827	-1.344215	26.163513	-31.678129	-33.829548	21.210133	18.993537	8.269126	12.845759	-23.791141	-3.915434	-5.869308	-0.345758	22.784497	-25.628661	32.811020	33.841716	-18.361685	9.623745	26.662315	-18.344747	
-4.586284	-14.879874	-11.218976	2.456845	-22.447473	11.760005	10.003322	5.618025	15.286776	14.559320	-3.211383	9.238320	-22.500023	-9.546943	1.068059	-12.626531	-8.600955	2.469770	15.218515	12.407374	-11.396402	-22.857396	-3.970130	-16.939650	9.139075	-8.548516	2.777937	-14.989606	-14.600970	-3.022157	1.687522	1.172596	12.214497	-13.592753	15.064449	-13.668767	-10.175102	12.186686	12.682561	14.806868	15.018179	-2.566041	14.061241	-4.211184	-8.850626	-13.690256	-2.680670	9.134524	15.490140	7.577202	
17.038105	10.944729	15.116397	-21.776130	17.670157	3.023425	-16.285121	18.055754	11.288669	4.126474	-17.053317	18.105368	-9.849935	-12.251154	-16.628410	8.310302	-19.809866	-10.136165	-1.205412	14.420335	5.705882	0.961496	-7.596529	-17.390086	-7.621861	-18.910455	-12.395502	15.624307	12.446116	10.895952	-18.414974	-12.374970	-10.835396	21.831490	2.654764	-17.097854	16.180169	-10.202127	-10.243541	14.263330	9.397149	16.563951	9.648842	-12.677292	-18.846284	-9.124702	-1.980749	1.582235	-21.877898	-16.936481	
-29.766999	17.395707	-30.840512	4.741127	-24.385053	-16.140661	-21.484290	-16.578465	-3.921305	-23.382685	-7.357745	-22.983049	23.108994	1.024431	-1.913221	18.540605	1.504135	-11.621698	-9.953032	-22.114251	-2.907280	29.126150	3.486295	25.396856	18.938943	9.125008	-21.217995	10.339267	-12.689544	2.405971	12.181681	8.871206	21.393266	30.949624	-0.934981	-7.515283	22.815614	-11.163918	3.495663	4.942280	-30.816300	-29.509200	9.536249	5.219222	-11.899283	-13.094045	8.243102	3.573908	12.439810	-13.059470	
4.550580	22.659828	-12.911675	17.381567	-13.711060	-5.683928	15.227995	-1.647109	21.289277	18.733517	-23.944917	-16.003751	3.524821	-9.037963	-4.692120	-5.469738	0.990140	23.215329	-15.001705	19.845464	11.694783	-13.400288	-10.871153	-12.344522	20.566810	4.305172	-5.704251	11.475918	18.623200	-23.800960	-6.774449	22.970369	19.529094	13.309821	8.499541	-21.942755	1.765834	-15.761826	-0.240251	6.486428	-15.099807	1.205566	-8.193314	20.527662	22.996174	14.335921	8.558820	-22.041425	-9.374525	18.082741	
-14.365702	-15.366817	2.557735	-5.383774	-13.491391	14.041242	0.337664	9.240871	-21.873982	-3.248375	-9.611865	21.752516	0.730227	15.980751	-2.192806	-3.875719	16.249400	20.627526	20.942261	9.466155	14.710124	11.932584	19.424342	-15.080626	-2.162852	-16.901512	18.054819	-9.904773	21.893828	-16.591793	9.537723	-14.093077	-15.423184	-17.543756	-20.432187	-6.162002	3.995386	-5.695685	-17.160403	3.452711	21.766296	6.027511	9.719480	9.540277	-10.393452	11.149978	-2.332077	-19.364072	-8.076025	-21.288343	
8.088546	-19.121877	-17.742810	12.256743	-14.900643	6.537967	10.437187	-2.229626	-11.464954	-13.691821	-7.041527	-16.920892	-20.439943	21.258863	-26.585927	3.996140	-9.653894	-17.085756	3.612154	-21.936994	6.514993	-7.767913	-0.095744	2.391384	-1.566131	-15.285190	-6.283680	2.045615	9.614385	20.946705	-4.898366	11.780305	-20.991642	27.386540	-25.406622	1.960222	-6.959974	23.005670	26.475285	16.903516	-18.389804	1.290274	11.344913	-26.784211	-10.014064	26.741030	12.940683	-5.994538	23.275566	7.923615	
-8.494581	6.181502	-4.162433	-19.077269	-21.227228	19.495335	-9.678639	21.952365	11.527323	21.998245	-1.852522	18.344566	-9.085407	17.277446	-13.812999	-20.910605	19.402638	-18.208995	-15.268870	-22.041553	1.289292	21.052977	12.576349	-4.328509	18.230348	20.355342	9.011525	3.180116	-0.427155	12.933055	20.773935	5.119198	7.053801	-5.645727	-10.117997	-14.521393	-20.636001	-8.755359	18.462617	18.099528	8.046456	-8.272408	-0.950461	-17.523781	-1.204801	13.453291	8.025939	-20.128764	-14.450247	19.537039	
-15.874266	13.639938	19.740472	-2.369871	1.880294	8.041696	8.787013	-9.545015	-17.479394	4.910690	-17.813395	-10.416989	-3.855215	13.109263	7.961143	6.610559	-6.289802	8.516685	-13.242068	-6.234022	-3.641188	13.203143	9.176481	5.450510	11.141504	13.306408	-6.225490	4.751115	-2.348551	-18.137131	-18.108272	-8.541618	-13.617119	-15.760749	-0.468703	1.461884	12.298604	7.676786	5.725262	18.833445	9.132876	-7.930301	15.304504	-16.764886	6.788929	0.851497	4.688399	-12.047793	0.045934	-5.444265	
25.170835	-6.047581	13.190852	-20.563004	6.674550	-7.529567	25.328445	-11.630089	20.807067	-14.944415	12.295861	-11.871858	-17.906993	2.946505	2.745921	-7.468004	14.667292	-0.670452	15.006348	-19.754224	-7.041541	24.295799	3.818279	-22.154180	8.833342	22.846451	8.041712	-15.834496	-7.097553	-18.987863	18.967820	-18.696665	-18.438984	25.423082	-5.814500	-12.657785	-26.417805	6.908813	-12.372237	-21.784360	-19.356584	11.508962	17.430791	-11.795602	-21.630919	-8.719551	-3.908029	11.436959	14.397527	11.873477	
-5.741165	-10.828438	20.141834	1.436192	-20.548121	22.519821	4.765998	4.244528	8.152909	-0.852167	22.084374	3.002821	3.075442	-14.040421	5.697222	1.006520	20.848905	-21.309328	-21.055810	16.335380	-9.413730	14.571102	-20.917607	5.374034	8.202265	17.708907	-19.808634	-17.942660	1.780347	13.832741	15.563124	-18.648649	-3.054836	11.452279	4.281623	-1.592862	-3.555970	15.098629	-2.349956	-14.436518	-3.982051	21.589921	-22.271358	14.916448	-0.643004	-2.714071	-10.640470	15.869956	15.861109	-3.331677	
2.904965	-14.280387	-16.042035	-3.781694	8.623985	21.686116	4.986955	-3.029490	-19.399837	0.018788	-11.293155	-15.638377	-0.916443	1.892748	24.826546	-14.979699	-12.225275	21.946879	1.948171	-0.147255	3.557654	-11.717614	-9.280633	-24.004442	4.901252	-11.296447	15.202070	-17.896714	-17.978410	7.055367	21.563989	-19.167483	17.103737	-10.057776	20.525724	-8.090581	15.820332	-11.108702	8.482729	21.496492	7.988595	-11.356527	-22.334736	0.698504	2.960801	-14.391007	-18.027398	19.597042	-12.786702	0.220044	
-22.375610	1.369928	0.329736	27.619596	25.326144	-16.031992	-21.824615	14.616953	26.860487	-17.846119	-10.275728	4.931055	-20.688989	-19.078262	-7.061473	-17.252467	-7.831925	-15.040277	0.224487	-2.532491	4.370904	-3.479339	28.510936	-29.216471	5.174553	23.835516	1.365863	-11.131552	26.759584	-18.693085	-13.361800	-27.586531	-10.088461	-17.620333	20.566409	-24.041485	19.602350	28.681439	28.583345	-28.987934	-24.391581	-11.082794	-2.838441	24.857365	-23.469147	-23.636601	-8.019654	29.893976	18.050793	0.391111	
4.553814	5.458127	6.517336	13.041253	19.072565	-13.933754	15.928448	-16.338507	6.956481	8.706451	1.974555	19.532588	-20.503656	11.128868	-1.872846	-13.315629	10.260607	11.941622	0.051680	-11.056633	-14.168899	1.838609	3.712655	-17.032594	-12.593285	-1.445707	4.147607	8.264045	-14.770300	-10.869116	-9.394098	4.037169	-11.177832	-1.769823	-20.438323	-14.225612	3.708390	-10.784646	0.306711	8.959873	13.202397	14.708001	7.113848	5.816380	-10.948125	-18.499273	-4.076646	7.872440	-12.279260	21.684492	
-14.956831	-2.591689	-10.577343	-11.934699	-6.565161	-16.833699	-5.337693	-2.524950	15.824689	4.284301	-2.087400	15.804881	-14.615673	8.348718	-8.340093	7.556539	-17.131661	16.509502	1.766696	0.366221	-2.033839	0.027965	11.829046	7.799562	-2.284142	-3.711472	8.265819	2.150100	-2.287822	8.718715	12.733781	17.042754	16.756179	6.356338	12.329172	-4.889636	13.464784	-7.763619	8.386133	11.519162	-11.586717	0.335888	-17.624486	-4.185671	2.506067	1.788514	1.106546	17.120941	-8.620196	-12.079734	
2.852980	-1.117628	20.780247	22.437355	13.247979	-21.285203	10.585237	5.594794	7.106058	-23.654206	5.886439	4.040587	-6.722150	11.876330	-22.400061	-3.121152	-1.500887	-5.165830	-3.431483	-16.277138	18.581012	13.853188	12.793471	-11.563746	-6.949288	4.564958	-19.652594	-19.059407	13.239048	18.256443	-21.943370	-24.777833	-13.511097	-0.204491	-9.725390	-3.563968	13.196176	-3.860067	-16.855359	8.203782	-18.477697	5.631140	4.667952	-14.965507	-11.695530	-17.522248	20.875628	-0.090925	8.825456	14.891234	
17.158578	-17.255770	-1.956886	-0.447817	-15.211009	0.868260	20.934332	7.160139	17.072740	5.714902	17.093465	-25.224336	-11.720812	-14.318977	-19.186103	-7.198737	-25.538840	-16.509558	0.316686	-20.579063	-4.414117	9.886919	-19.243364	-23.146801	14.197221	-17.281542	-12.865031	-19.229582	8.708680	5.099993	7.388357	-1.309142	-13.391958	21.019513	-7.318743	-10.132877	-9.757654	4.361110	24.785777	-7.845854	5.257840	21.849649	-25.829208	-17.097524	-12.916298	-7.885356	24.329052	-14.537203	6.358424	-6.334740	
11.902842	-3.494364	-18.377613	11.946310	19.295829	-8.751385	-0.513004	-0.219008	12.754613	5.312862	-22.284872	-0.936976	19.910615	21.095610	-7.345371	18.528042	23.206428	-17.139344	2.646645	19.020536	2.870542	0.949509	-10.086161	21.030141	9.064135	11.630418	1.530960	-13.863222	-17.001605	5.340723	-9.771045	-9.900771	-15.658563	-8.428252	-0.578521	-18.291998	-5.628413	22.522647	-8.139474	-6.466387	-1.276757	16.528920	-4.640771	-19.882354	-10.391995	2.792750	-20.173146	16.832605	11.650229	6.359638	
13.510275	-15.969341	-13.153069	21.866389	16.349479	5.033448	4.105010	-24.147035	21.559364	-15.957511	23.576339	20.094845	-23.783914	3.832629	5.636441	3.831047	-21.653510	8.242895	-12.145298	-8.213513	9.639368	7.237081	22.164256	19.774256	-2.311730	9.836419	-3.196008	19.075513	-20.414521	-22.387596	15.517188	-1.697556	19.878996	20.293230	19.754030	9.975219	7.819127	23.528859	23.785065	-9.370663	3.198755	22.884123	2.913844	-9.030104	-10.496449	-10.270572	-24.146532	20.448114	-4.491884	-3.575614	
4.720807	-6.367503	-12.258778	-19.449383	4.727367	-16.502170	0.415391	16.600753	14.452673	-11.581960	-5.255974	-15.332923	2.056101	4.365148	4.514592	-1.939992	24.930504	-21.874685	8.817201	-6.636069	21.162708	-10.974918	-5.944552	10.925469	17.974272	1.584901	-22.141517	28.835452	-19.718194	-9.918347	3.654439	-3.059568	28.832903	-23.693382	21.959156	21.783605	18.069752	0.585302	-11.178549	27.892274	-18.744758	2.320132	14.370595	-25.176296	-18.803032	-19.951344	10.501715	0.295834	-1.902242	24.804238	
-9.545750	-1.238310	7.116582	-12.679478	7.258827	-11.352470	-3.133190	-8.099440	-10.632391	-0.515125	-10.192722	4.082386	2.725153	12.042898	-7.775370	8.362130	-2.415251	-8.051671	-4.787802	-17.350493	7.781089	18.643848	10.220885	15.369229	12.736081	9.336283	6.940863	11.453323	-3.065889	12.799389	-3.357517	8.157081	17.243632	11.927280	-15.431016	-0.489563	-18.848011	-12.193624	-14.808655	-10.883320	-5.924320	14.024876	14.663928	11.211835	-6.812671	6.086968	18.642845	-14.662809	-0.489006	14.029387	
0.008973	0.019285	0.017967	0.036658	0.009175	0.024279	0.011426	0.021670	0.010690	0.021802	0.012866	0.022430	0.009977	0.003884	0.007810	0.006195	0.036868	0.012397	0.011247	0.000267	0.024649	0.032742	0.024674	0.025349	0.035864	0.030068	0.031539	0.040443	0.021490	0.022045	0.003421	0.000786	0.010889	0.031768	0.039967	0.012973	0.020546	0.008377	0.028203	0.034502	0.031888	0.013692	0.005762	0.007480	0.031827	0.005157	0.033444	0.028831	0.028562	0.027198	
0.016156	0.014592	0.033299	0.000948	0.031373	0.027020	0.021256	0.018093	0.017633	0.035710	0.003042	0.031613	0.021253	0.012582	0.034095	0.002002	0.018859	0.023808	0.002308	0.034138	0.026083	0.019484	0.012876	0.022184	0.027927	0.001612	0.037085	0.034549	0.004085	0.037817	0.017811	0.007682	0.016930	0.038210	0.028096	0.021410	0.037271	0.015196	0.015839	0.019677	0.006502	0.019219	0.012545	0.025775	0.001784	0.023341	0.009200	0.008686	0.021854	0.029489	
0.004292	0.013838	0.034178	0.033386	0.021198	0.019272	0.036901	0.034470	0.028678	0.028996	0.009221	0.027880	0.026497	0.019950	0.022803	0.003198	0.000679	0.030300	0.005456	0.008213	0.030181	0.002769	0.003320	0.028013	0.022634	0.033561	0.037989	0.023774	0.018771	0.011696	0.003844	0.000456	0.032598	0.010047	0.034135	0.014128	0.039446	0.037136	0.031341	0.008768	0.027151	0.034672	0.005597	0.002057	0.003950	0.005180	0.023455	0.038982	0.006362	0.018583	
0.002688	0.011885	0.020541	0.015335	0.011756	0.009298	0.009689	0.008564	0.024427	0.032675	0.027212	0.016023	0.035208	0.011384	0.020406	0.027699	0.025746	0.018098	0.022531	0.024390	0.021045	0.032783	0.015545	0.023642	0.011025	0.009716	0.016785	0.030987	0.011393	0.025022	0.034962	0.034139	0.026858	0.001870	0.022540	0.012932	0.033097	0.029227	0.023386	0.031297	0.010475	0.026553	0.032821	0.024568	0.012803	0.027692	0.001454	0.000937	0.030915	0.007976	
0.011927	0.000828	0.033715	0.027046	0.035154	0.017135	0.033136	0.018373	0.010524	0.026687	0.032489	0.014124	0.017854	0.018054	0.032255	0.016611	0.022004	0.016482	0.000964	0.016145	0.007983	0.023761	0.019828	0.025572	0.029449	0.014036	0.021481	0.035126	0.021511	0.005276	0.015644	0.000280	0.034408	0.010210	0.033405	0.027045	0.018010	0.004987	0.018479	0.012345	0.024827	0.036026	0.009596	0.014530	0.025469	0.018519	0.013515	0.031465	0.017980	0.027732	
0.019800	0.017176	0.032063	0.009512	0.027446	0.034549	0.030842	0.009574	0.014732	0.000892	0.001097	0.028291	0.010645	0.021629	0.029923	0.016280	0.012641	0.019379	0.014729	0.005407	0.029412	0.008677	0.018860	0.019150	0.009815	0.021085	0.011304	0.006356	0.021922	0.013222	0.034048	0.024376	0.017279	0.033883	0.027872	0.026967	0.022663	0.021861	0.024601	0.022512	0.024833	0.005671	0.032441	0.021016	0.032089	0.020742	0.020351	0.025955	0.032865	0.011565	
0.030190	0.008285	0.023364	0.007025	0.002934	0.018953	0.010237	0.031937	0.004833	0.020805	0.020133	0.004111	0.015438	0.008295	0.014777	0.035635	0.029412	0.011154	0.034260	0.020844	0.000891	0.034257	0.038967	0.015559	0.002047	0.032820	0.032398	0.039305	0.004604	0.007333	0.020270	0.001417	0.027520	0.025808	0.028147	0.031889	0.020844	0.026524	0.038825	0.019061	0.009346	0.019981	0.011351	0.023346	0.030587	0.038894	0.015467	0.020830	0.020165	0.008923	
0.007439	0.027768	0.005998	0.030170	0.026018	0.020901	0.029010	0.022805	0.025578	0.027739	0.022196	0.014145	0.010789	0.002154	0.011457	0.005022	0.006044	0.040043	0.010128	0.033951	0.035282	0.006141	0.036816	0.000989	0.037079	0.006257	0.003176	0.024703	0.034005	0.033453	0.001684	0.028484	0.021374	0.032542	0.000387	0.036989	0.035551	0.026902	0.025935	0.004481	0.008146	0.006016	0.014840	0.033876	0.014470	0.008839	0.035603	0.028119	0.003182	0.035325	
0.025634	0.029300	0.024381	0.007992	0.015670	0.026086	0.035981	0.001341	0.032895	0.014822	0.010635	0.038802	0.004131	0.018544	0.020735	0.006576	0.005701	0.007586	0.021389	0.020577	0.003904	0.020152	0.033776	0.033398	0.023622	0.031938	0.026997	0.017791	0.014757	0.004390	0.010822	0.022789	0.015078	0.011940	0.003381	0.013213	0.029074	0.006707	0.025711	0.036445	0.037007	0.019525	0.035807	0.026771	0.017659	0.020633	0.023715	0.022962	0.019093	0.022165	
0.009723	0.020203	0.025236	0.031805	0.020954	0.020445	0.003351	0.028462	0.021544	0.013734	0.023853	0.000974	0.006638	0.023485	0.015422	0.022661	0.021072	0.029528	0.006185	0.020367	0.024262	0.026246	0.005436	0.028945	0.003670	0.028938	0.027190	0.030269	0.012262	0.023484	0.008145	0.024222	0.020423	0.032293	0.007719	0.029861	0.022031	0.028357	0.031015	0.032697	0.015854	0.013599	0.004139	0.023042	0.033444	0.028348	0.027080	0.022138	0.014395	0.004856	
0.021945	0.015248	0.020450	0.022961	0.020325	0.018121	0.004746	0.035122	0.018144	0.037379	0.026905	0.028524	0.007882	0.016331	0.024562	0.005058	0.024402	0.016906	0.034689	0.000296	0.016292	0.027784	0.034240	0.032005	0.000165	0.024525	0.011808	0.037089	0.038599	0.028913	0.010763	0.002783	0.034215	0.028372	0.033419	0.014722	0.004196	0.019897	0.020969	0.020161	0.015921	0.003441	0.000084	0.001447	0.012759	0.031364	0.022948	0.015692	0.030118	0.025315	
0.002444	0.037949	0.032728	0.027008	0.010527	0.011948	0.004833	0.005985	0.016227	0.020726	0.031443	0.019721	0.006766	0.011237	0.011503	0.041680	0.041463	0.006636	0.021489	0.015155	0.000838	0.041459	0.017836	0.022617	0.001533	0.004658	0.008142	0.041887	0.032507	0.037774	0.002811	0.032444	0.035214	0.027276	0.038597	0.022874	0.021433	0.035215	0.002490	0.008987	0.007548	0.022382	0.020965	0.029064	0.016444	0.034195	0.023993	0.009201	0.007491	0.014660	
0.038894	0.018828	0.004333	0.032501	0.007829	0.021450	0.022194	0.028884	0.001816	0.002950	0.041108	0.028916	0.038024	0.035132	0.000482	0.006410	0.032342	0.032812	0.027357	0.032952	0.001465	0.017758	0.040921	0.029358	0.037364	0.022495	0.019906	0.013908	0.006070	0.003137	0.000959	0.038233	0.006425	0.030969	0.034381	0.029351	0.008505	0.008107	0.006097	0.022272	0.010400	0.004007	0.033176	0.034473	0.008892	0.010164	0.010171	0.019403	0.025862	0.010552	
0.029513	0.002418	0.027988	0.003443	0.023186	0.030944	0.010136	0.031152	0.027597	0.007079	0.035898	0.001875	0.000570	0.033049	0.024247	0.024892	0.031994	0.035507	0.008693	0.022205	0.024461	0.015909	0.015376	0.018792	0.026551	0.007055	0.023713	0.027215	0.034267	0.007532	0.034012	0.019503	0.009538	0.028503	0.014810	0.033356	0.036670	0.021089	0.006079	0.001013	0.028556	0.007041	0.021171	0.015028	0.031179	0.005260	0.023865	0.008499	0.023479	0.018087	
0.041957	0.024019	0.002659	0.000053	0.021937	0.010904	0.028067	0.034061	0.018397	0.007721	0.035619	0.007539	0.034642	0.020027	0.028189	0.026275	0.028212	0.007100	0.041742	0.017117	0.010391	0.008029	0.009476	0.027197	0.035407	0.009103	0.018385	0.031633	0.017008	0.023571	0.005835	0.021418	0.027159	0.008974	0.013641	0.014247	0.000270	0.028185	0.023677	0.033536	0.032101	0.018052	0.004419	0.018983	0.030301	0.000372	0.039224	0.025164	0.002587	0.025415	
0.020934	0.026251	0.008361	0.033099	0.036623	0.015819	0.030332	0.005328	0.031072	0.002178	0.016188	0.012651	0.016750	0.014219	0.019259	0.013853	0.024125	0.023318	0.005519	0.039908	0.003017	0.012603	0.009951	0.036599	0.020672	0.034474	0.013205	0.023840	0.006610	0.003027	0.028495	0.017867	0.037742	0.031985	0.016197	0.029144	0.016944	0.012860	0.028103	0.008667	0.024548	0.015990	0.007238	0.026292	0.033490	0.014416	0.028953	0.026373	0.004263	0.030648	
0.027265	0.027343	0.005209	0.025096	0.017866	0.016974	0.020014	0.020156	0.020796	0.025077	0.030910	0.024983	0.023491	0.026239	0.020648	0.024061	0.012736	0.005739	0.016865	0.020877	0.009412	0.010453	0.008568	0.014279	0.034357	0.032365	0.029391	0.017384	0.021834	0.014504	0.016289	0.031238	0.001348	0.018060	0.015092	0.031279	0.017895	0.017881	0.027045	0.013110	0.006179	0.013040	0.032421	0.024214	0.028051	0.021693	0.005608	0.027265	0.028973	0.018425	
0.009456	0.012581	0.027498	0.019749	0.026292	0.022852	0.025078	0.001341	0.030010	0.005864	0.034307	0.010597	0.023850	0.020332	0.027047	0.007058	0.023668	0.020940	0.008663	0.025880	0.029711	0.029006	0.016623	0.028985	0.003396	0.025870	0.028930	0.018745	0.012323	0.015704	0.032340	0.033788	0.018264	0.023355	0.026576	0.012710	0.014340	0.014174	0.004972	0.008462	0.015645	0.034683	0.032030	0.020930	0.022391	0.012282	0.026692	0.023906	0.016953	0.013154	
0.025872	0.014110	0.015629	0.024190	0.028406	0.000620	0.032931	0.012766	0.018823	0.004051	0.016730	0.017935	0.011897	0.013240	0.001693	0.021701	0.001608	0.019051	0.016891	0.008988	0.003783	0.027854	0.023371	0.010548	0.005309	0.010632	0.029646	0.034536	0.031512	0.026385	0.024469	0.028952	0.037627	0.032197	0.030444	0.035638	0.028872	0.035372	0.033665	0.037671	0.005335	0.025026	0.010509	0.018609	0.006548	0.008588	0.021451	0.015583	0.036503	0.016232	
0.011333	0.014225	0.034180	0.004260	0.006939	0.015539	0.009427	0.008456	0.004689	0.022962	0.024972	0.036750	0.034607	0.012815	0.031695	0.018316	0.006309	0.010150	0.019566	0.017246	0.036092	0.024719	0.003451	0.030227	0.032484	0.007315	0.022477	0.034177	0.032678	0.017514	0.032861	0.008940	0.029230	0.035135	0.019452	0.030865	0.004241	0.005634	0.019535	0.031616	0.023584	0.021039	0.034007	0.006692	0.029510	0.021295	0.010687	0.039160	0.006248	0.004700	
0.027049	0.009396	0.017373	0.007454	0.006396	0.014507	0.015807	0.020574	0.012432	0.020176	0.004021	0.034727	0.001101	0.039499	0.032048	0.025864	0.026904	0.020482	0.037269	0.011456	0.019900	0.007042	0.039145	0.017956	0.025497	0.030847	0.006360	0.025717	0.039116	0.005742	0.005187	0.038979	0.025392	0.035700	0.016400	0.001641	0.007201	0.014583	0.036965	0.030850	0.032612	0.011419	0.003195	0.018621	0.028434	0.020882	0.018890	0.029542	0.005539	0.016114	
0.021251	0.039236	0.008030	0.003303	0.019155	0.035740	0.028575	0.047449	0.005764	0.024350	0.032474	0.001203	0.025002	0.051825	0.033323	0.007551	0.003361	0.021027	0.020933	0.016641	0.007783	0.006237	0.033866	0.010322	0.009704	0.013558	0.021659	0.003535	0.003318	0.013289	0.039553	0.015995	0.010534	0.002521	0.017759	0.013687	0.026701	0.004942	0.020250	0.002550	0.046014	0.021480	0.031539	0.036985	0.019001	0.002071	0.012447	0.022318	0.033594	0.050595	
0.019840	0.007534	0.021285	0.034701	0.028401	0.012917	0.036226	0.014683	0.011815	0.011971	0.013257	0.036099	0.037579	0.023307	0.014177	0.033913	0.038084	0.025583	0.018343	0.038170	0.020689	0.021369	0.007516	0.013760	0.017783	0.019918	0.013429	0.029208	0.023139	0.010181	0.009880	0.031586	0.004607	0.007244	0.029071	0.010578	0.012806	0.034547	0.034197	0.033956	0.015797	0.000985	0.010910	0.004910	0.001884	0.020924	0.017566	0.015910	0.024580	0.023185	
0.001398	0.015745	0.039725	0.026133	0.008975	0.021457	0.033571	0.019568	0.006058	0.029160	0.005529	0.009711	0.021720	0.020613	0.007670	0.020841	0.029382	0.027406	0.006670	0.022425	0.017844	0.025626	0.028065	0.016113	0.009085	0.025732	0.011416	0.036697	0.027969	0.029132	0.024451	0.027002	0.038804	0.033436	0.010334	0.028779	0.006998	0.029129	0.000461	0.017118	0.004760	0.038960	0.004449	0.012587	0.031642	0.008741	0.026279	0.001590	0.017696	0.035346	
0.006299	0.009213	0.003472	0.036136	0.000738	0.006241	0.014900	0.014471	0.032445	0.004632	0.028894	0.028040	0.031765	0.030847	0.005913	0.027602	0.019292	0.023763	0.004330	0.007414	0.031332	0.027026	0.004786	0.005785	0.024933	0.023819	0.022014	0.001732	0.033715	0.026169	0.031617	0.014336	0.028770	0.039146	0.002727	0.032662	0.031879	0.014318	0.032168	0.019959	0.035135	0.009086	0.039401	0.036441	0.011397	0.001985	0.030549	0.028503	0.019057	0.003148	
0.030027	0.018773	0.004017	0.009904	0.012144	0.035454	0.002095	0.012422	0.020867	0.021926	0.011177	0.020565	0.007931	0.027511	0.027980	0.015205	0.023331	0.034641	0.018905	0.031276	0.018860	0.025975	0.030326	0.002223	0.022429	0.031836	0.021277	0.036488	0.029719	0.029866	0.022283	0.009613	0.018895	0.000902	0.006641	0.015046	0.036887	0.000267	0.009930	0.033260	0.032374	0.023879	0.029408	0.014325	0.027164	0.006721	0.009107	0.000524	0.030794	0.036825	
0.003829	0.027589	0.013146	0.018289	0.039381	0.011137	0.007883	0.026495	0.025722	0.027899	0.017886	0.022466	0.015786	0.025615	0.002245	0.030144	0.024190	0.033099	0.008687	0.000135	0.005917	0.018727	0.022803	0.037790	0.017150	0.027594	0.029539	0.034241	0.002683	0.018084	0.039216	0.003282	0.024833	0.019929	0.007966	0.000735	0.003021	0.029378	0.005430	0.037749	0.034467	0.023882	0.017824	0.031261	0.033575	0.026896	0.007779	0.012862	0.019991	0.023773	
0.017692	0.031419	0.034784	0.026018	0.012693	0.029346	0.012977	0.021004	0.014445	0.033440	0.005592	0.019573	0.017892	0.035242	0.000273	0.025594	0.015156	0.000361	0.026320	0.022171	0.016059	0.018122	0.025299	0.030433	0.000291	0.001099	0.019388	0.021026	0.024322	0.028219	0.020595	0.021973	0.016287	0.005848	0.019669	0.029545	0.005853	0.027081	0.015851	0.030467	0.036293	0.022349	0.028092	0.034159	0.024788	0.003156	0.026116	0.006754	0.035386	0.003488	
0.025610	0.001195	0.029388	0.017872	0.022124	0.023743	0.032686	0.008806	0.033322	0.032450	0.028283	0.028487	0.011805	0.010236	0.034588	0.027534	0.029543	0.018426	0.014089	0.034421	0.005027	0.010100	0.024928	0.018571	0.032099	0.020432	0.018640	0.034399	0.014282	0.022906	0.021593	0.005366	0.009255	0.004147	0.010270	0.031933	0.021199	0.025052	0.007119	0.018018	0.028883	0.000605	0.029919	0.028021	0.024305	0.014689	0.016919	0.010819	0.015063	0.010834	
0.010797	0.030809	0.026995	0.020205	0.038711	0.031741	0.029624	0.024772	0.016739	0.006588	0.029584	0.004378	0.012880	0.018434	0.028171	0.006005	0.035331	0.004794	0.012967	0.032665	0.023930	0.012515	0.016412	0.000070	0.039043	0.003832	0.007224	0.028334	0.035942	0.034728	0.001216	0.024927	0.022095	0.016236	0.033741	0.003367	0.013955	0.006241	0.036004	0.008151	0.021896	0.016933	0.036442	0.013319	0.007320	0.036653	0.019932	0.034629	0.021802	0.000920	
0.027095	0.026479	0.004346	0.014361	0.002660	0.019550	0.010117	0.000718	0.033828	0.013125	0.006936	0.012253	0.015692	0.024689	0.003355	0.006308	0.033878	0.021526	0.017238	0.021558	0.011837	0.034316	0.032927	0.016466	0.030518	0.000530	0.026088	0.007454	0.011707	0.015746	0.019513	0.033470	0.029961	0.020960	0.034514	0.014501	0.015185	0.021867	0.025726	0.006172	0.027373	0.029830	0.028187	0.028320	0.029922	0.022802	0.024920	0.018789	0.030836	0.033853	
0.020806	0.003778	0.025994	0.007468	0.002513	0.022010	0.029702	0.006793	0.030689	0.040507	0.022305	0.004685	0.036109	0.028492	0.007528	0.037741	0.008940	0.000179	0.028553	0.016026	0.003284	0.012246	0.025784	0.002419	0.022368	0.025370	0.031256	0.032447	0.028275	0.008622	0.011465	0.008811	0.030329	0.031562	0.003910	0.000261	0.033836	0.035540	0.017154	0.029872	0.010045	0.021281	0.000891	0.034351	0.021317	0.027097	0.027164	0.042002	0.021367	0.018854	
0.043552	0.028744	0.022811	0.003332	0.014593	0.040734	0.033920	0.003339	0.039938	0.039776	0.003042	0.020536	0.008023	0.023038	0.003530	0.040135	0.014754	0.033333	0.031533	0.002809	0.023197	0.001592	0.014288	0.005045	0.013251	0.037711	0.016167	0.023805	0.004266	0.017369	0.029619	0.013073	0.033772	0.029477	0.041924	0.014162	0.008542	0.004262	0.009305	0.043881	0.013762	0.024039	0.007805	0.007394	0.002239	0.015611	0.041384	0.012570	0.005557	0.033459	
0.016569	0.009659	0.026612	0.016754	0.025802	0.028474	0.000514	0.035590	0.019955	0.009689	0.019790	0.025868	0.029189	0.013518	0.005517	0.038241	0.020502	0.014237	0.013171	0.016088	0.008772	0.029455	0.035430	0.028680	0.035383	0.037574	0.036214	0.003737	0.002272	0.006233	0.021370	0.004050	0.022479	0.029731	0.037774	0.034115	0.001462	0.031781	0.029304	0.019178	0.005083	0.023844	0.026109	0.016957	0.012580	0.015875	0.029190	0.008415	0.011412	0.009802	
0.003884	0.000662	0.028044	0.013484	0.020290	0.020880	0.035082	0.032298	0.027187	0.008360	0.015510	0.034003	0.019629	0.032389	0.031199	0.032818	0.017352	0.031987	0.011962	0.003477	0.022245	0.030596	0.004844	0.017385	0.003413	0.034998	0.023737	0.035209	0.027524	0.012773	0.003524	0.012413	0.033794	0.017922	0.004868	0.019311	0.034672	0.029132	0.015556	0.011490	0.018030	0.030246	0.001334	0.015454	0.003023	0.035554	0.005089	0.009795	0.031053	0.034520	
0.023205	0.009348	0.016556	0.019687	0.000449	0.005402	0.031929	0.035304	0.013254	0.029162	0.028729	0.026494	0.019768	0.016076	0.027203	0.035119	0.032233	0.001689	0.009984	0.001272	0.000630	0.023549	0.033161	0.023970	0.028314	0.028872	0.035590	0.013969	0.023444	0.013456	0.031149	0.012127	0.024712	0.003316	0.031082	0.011024	0.035459	0.031176	0.017674	0.012971	0.016444	0.020460	0.013735	0.013605	0.025056	0.027668	0.005681	0.003451	0.029536	0.025859	
0.004597	0.013675	0.002697	0.017349	0.018701	0.040215	0.024915	0.007925	0.040975	0.024621	0.032117	0.020829	0.014324	0.026749	0.031048	0.039243	0.008664	0.027356	0.010409	0.008485	0.010039	0.024536	0.000643	0.028245	0.029142	0.013402	0.024495	0.026988	0.020237	0.027332	0.014025	0.021752	0.000259	0.029247	0.008743	0.031453	0.017311	0.035315	0.030767	0.014257	0.040956	0.007746	0.037965	0.011222	0.012948	0.039585	0.008353	0.000679	0.013174	0.004292	
0.005079	0.000155	0.034846	0.006152	0.021535	0.029811	0.020867	0.010593	0.014853	0.017558	0.033964	0.026086	0.031010	0.017515	0.037644	0.031760	0.033594	0.008039	0.035436	0.022320	0.033235	0.019449	0.007197	0.017998	0.017691	0.019131	0.022505	0.029630	0.029871	0.020045	0.007131	0.011831	0.006442	0.020271	0.005659	0.003385	0.031862	0.023778	0.001108	0.024633	0.028028	0.006057	0.032609	0.006592	0.003796	0.025922	0.034772	0.027167	0.017753	0.025636	
0.036352	0.032475	0.023022	0.014345	0.025067	0.007345	0.012398	0.013571	0.004408	0.013925	0.029610	0.027188	0.001996	0.001725	0.024713	0.011245	0.005679	0.012347	0.037281	0.016807	0.035621	0.002066	0.026215	0.002013	0.024779	0.021000	0.010295	0.029062	0.032488	0.026451	0.007480	0.020500	0.015984	0.033115	0.034107	0.011298	0.029190	0.038067	0.011139	0.026961	0.033367	0.030367	0.001434	0.031790	0.001822	0.018555	0.020624	0.031526	0.018177	0.023004	
0.035024	0.015728	0.042645	0.013397	0.031697	0.003228	0.022673	0.015703	0.006037	0.036510	0.037547	0.010257	0.016097	0.014859	0.000478	0.017229	0.032953	0.009371	0.031110	0.032763	0.024568	0.005584	0.030530	0.027801	0.033609	0.009449	0.021319	0.023772	0.007851	0.041089	0.004121	0.033958	0.027593	0.008443	0.004161	0.002339	0.044492	0.011222	0.006482	0.020923	0.025270	0.015585	0.001691	0.000460	0.041866	0.000295	0.022605	0.007879	0.033877	0.035857	
0.015790	0.010985	0.033997	0.013723	0.029226	0.013009	0.005550	0.011761	0.030265	0.009108	0.018246	0.021376	0.021699	0.036210	0.003931	0.029890	0.000158	0.035139	0.000500	0.024130	0.022907	0.018920	0.025949	0.018449	0.024830	0.002772	0.034913	0.024327	0.022352	0.027326	0.022725	0.010220	0.027582	0.019645	0.028566	0.023319	0.020161	0.036352	0.033539	0.003409	0.029252	0.008370	0.018964	0.002308	0.034986	0.028418	0.036060	0.006538	0.006266	0.015885	
0.024628	0.021229	0.015786	0.016369	0.024434	0.005033	0.006567	0.002635	0.018835	0.041369	0.007584	0.021129	0.012706	0.037215	0.017544	0.031660	0.041976	0.029694	0.028954	0.035183	0.025201	0.018319	0.015743	0.034162	0.026705	0.034295	0.034249	0.009920	0.024331	0.005002	0.012908	0.033630	0.008249	0.002358	0.040143	0.021573	0.003215	0.005757	0.041511	0.006425	0.039899	0.008114	0.028633	0.012883	0.020061	0.010525	0.011030	0.010532	0.005921	0.008180	
0.030019	0.007956	0.007076	0.009989	0.039469	0.012137	0.005925	0.023369	0.037439	0.018079	0.019170	0.004628	0.012165	0.033821	0.021989	0.012603	0.013066	0.011302	0.016163	0.041909	0.011406	0.021883	0.027560	0.008243	0.027263	0.005949	0.000069	0.009116	0.026343	0.042757	0.006337	0.019298	0.039149	0.044843	0.007867	0.025806	0.005820	0.042907	0.003379	0.024177	0.032433	0.012329	0.007832	0.012304	0.022237	0.036826	0.032904	0.039528	0.016222	0.008939	
0.007794	0.008621	0.031401	0.033284	0.023703	0.038590	0.002534	0.029522	0.026714	0.022588	0.020739	0.029737	0.002461	0.028312	0.007612	0.014924	0.008954	0.013834	0.034458	0.012799	0.027114	0.015450	0.037451	0.028907	0.034176	0.007788	0.012550	0.025683	0.032313	0.031085	0.013028	0.028057	0.007159	0.027730	0.031609	0.012489	0.027526	0.002830	0.013214	0.033524	0.001523	0.024362	0.034193	0.005580	0.024756	0.016313	0.016300	0.016774	0.002788	0.009147	
0.042730	0.016152	0.017069	0.013000	0.028251	0.028148	0.029703	0.003175	0.035583	0.023513	0.030298	0.040001	0.025271	0.039621	0.038844	0.008491	0.000260	0.035298	0.011804	0.036185	0.008656	0.033183	0.026349	0.015170	0.013945	0.013207	0.031528	0.032554	0.001321	0.007190	0.001900	0.035189	0.022383	0.040086	0.002548	0.004108	0.007776	0.003553	0.029565	0.025873	0.017641	0.008296	0.004854	0.019114	0.022351	0.022279	0.011919	0.023895	0.004892	0.005279	
0.018792	0.034627	0.011989	0.035066	0.016862	0.004088	0.025949	0.000925	0.006496	0.037383	0.024724	0.032155	0.020052	0.015505	0.022271	0.025283	0.026147	0.034481	0.012591	0.028137	0.030997	0.033809	0.016319	0.005101	0.017296	0.028610	0.003660	0.029714	0.028760	0.021805	0.020413	0.020281	0.022180	0.009066	0.023094	0.008752	0.037617	0.006383	0.029721	0.026219	0.012021	0.012845	0.011362	0.003273	0.030567	0.023242	0.001108	0.022347	0.014151	0.015767	
0.033104	0.011338	0.025790	0.033818	0.012988	0.005613	0.013998	0.031118	0.027282	0.037121	0.015953	0.011420	0.020957	0.014495	0.028454	0.024342	0.007064	0.034880	0.007620	0.023734	0.022021	0.007484	0.024907	0.017349	0.024099	0.009778	0.013610	0.002788	0.016324	0.028765	0.002972	0.024834	0.032342	0.021934	0.017885	0.014397	0.017126	0.035215	0.011750	0.024976	0.025840	0.015864	0.003088	0.000391	0.021183	0.021909	0.025590	0.036228	0.031880	0.026381	
0.014493	0.001387	0.020032	0.029721	0.034242	0.026214	0.032895	0.032857	0.020901	0.019655	0.029873	0.008669	0.036597	0.040966	0.013287	0.031107	0.023969	0.002843	0.010427	0.034450	0.018506	0.000814	0.000782	0.005082	0.005561	0.004092	0.035818	0.038192	0.007220	0.031916	0.014808	0.000453	0.031864	0.042169	0.016828	0.028701	0.012372	0.036446	0.021865	0.023384	0.005910	0.003783	0.024935	0.034664	0.004914	0.009990	0.030977	0.006527	0.004573	0.032266	
0.003957	0.003936	0.031617	0.025674	0.021403	0.001173	0.029368	0.014145	0.034035	0.000868	0.023252	0.033062	0.036632	0.017055	0.028620	0.009908	0.014448	0.038511	0.033844	0.003953	0.016641	0.037764	0.013889	0.012714	0.018879	0.029993	0.034309	0.018986	0.037548	0.014555	0.037202	0.034666	0.001523	0.023543	0.000084	0.010119	0.023023	0.029453	0.032282	0.008906	0.020001	0.017003	0.016360	0.023879	0.007847	0.023580	0.002652	0.023621	0.018126	0.005388	
0.027086	0.018304	0.011035	0.015541	0.003283	0.008134	0.021719	0.032791	0.005983	0.016350	0.000784	0.003502	0.037991	0.035853	0.034821	0.017777	0.009073	0.007414	0.031075	0.038281	0.002535	0.018614	0.035551	0.011045	0.021029	0.026997	0.034803	0.003346	0.029494	0.039196	0.015035	0.024788	0.000887	0.011291	0.022352	0.027235	0.015700	0.026064	0.004340	0.039342	0.003321	0.005148	0.029819	0.035770	0.039160	0.020714	0.010249	0.012218	0.032415	0.024746	
0.018577	0.020264	0.015657	0.024727	0.002826	0.033364	0.007599	0.027021	0.008882	0.035180	0.018449	0.034164	0.003491	0.024122	0.009199	0.007489	0.025718	0.029925	0.004860	0.009266	0.017157	0.036438	0.011741	0.025248	0.014850	0.017178	0.007194	0.008275	0.001139	0.021760	0.023965	0.025650	0.016425	0.012264	0.030276	0.019308	0.021847	0.030917	0.018405	0.037923	0.007130	0.016660	0.031825	0.028710	0.029348	0.020345	0.036296	0.035191	0.008010	0.027746	
0.000400	0.023957	0.013346	0.022566	0.013510	0.025402	0.009554	0.008892	0.001380	0.028095	0.015307	0.002214	0.005597	0.002242	0.010311	0.031488	0.010386	0.029357	0.015186	0.032622	0.034641	0.030132	0.029909	0.016995	0.017239	0.013298	0.022804	0.030722	0.010356	0.020029	0.030088	0.024908	0.028921	0.027628	0.014006	0.014471	0.031859	0.032458	0.022438	0.031312	0.014699	0.027590	0.021920	0.015034	0.018417	0.019349	0.020004	0.010834	0.033212	0.032912	
0.041314	0.012595	0.022863	0.007118	0.031010	0.035268	0.026525	0.022946	0.038455	0.030540	0.013855	0.002961	0.012749	0.032908	0.006628	0.037531	0.017030	0.017591	0.003787	0.020209	0.040628	0.004453	0.001610	0.004443	0.009231	0.016512	0.014195	0.008292	0.036693	0.012230	0.037370	0.005111	0.036530	0.036762	0.001542	0.041150	0.026838	0.018784	0.005474	0.018375	0.002940	0.032748	0.032264	0.007235	0.000309	0.014716	0.028892	0.023696	0.032412	0.014683	
0.006562	0.017772	0.004830	0.013360	0.016459	0.029866	0.019025	0.030881	0.026728	0.018560	0.020211	0.006626	0.006935	0.022559	0.038247	0.018312	0.032301	0.021802	0.039673	0.031183	0.020978	0.021817	0.016898	0.032646	0.024082	0.015765	0.003725	0.002339	0.022207	0.004202	0.043456	0.027455	0.015713	0.032301	0.007623	0.010452	0.024599	0.004113	0.016960	0.000267	0.033552	0.000167	0.041746	0.023104	0.010053	0.007019	0.037208	0.024968	0.040566	0.012128	
0.018420	0.020562	0.034736	0.004769	0.030791	0.000880	0.037228	0.023831	0.026638	0.024287	0.034385	0.007493	0.035123	0.020609	0.020372	0.000737	0.035973	0.037222	0.004048	0.013692	0.007031	0.039670	0.006887	0.012303	0.009111	0.005137	0.007418	0.024718	0.036277	0.037662	0.033131	0.000637	0.026181	0.004475	0.026151	0.013380	0.018569	0.023888	0.033781	0.020969	0.013193	0.033734	0.024219	0.003484	0.036328	0.005226	0.008026	0.013398	0.033977	0.009241	
0.010910	0.011403	0.008286	0.030256	0.003030	0.032501	0.017219	0.010919	0.036197	0.017903	0.017214	0.025983	0.026971	0.005100	0.036377	0.000617	0.024237	0.002638	0.034486	0.036195	0.028918	0.016217	0.011901	0.028062	0.018675	0.005372	0.035759	0.000610	0.032012	0.004653	0.033608	0.012324	0.022396	0.023837	0.035956	0.014392	0.032950	0.032017	0.034584	0.020427	0.021234	0.004915	0.027933	0.003561	0.033095	0.008878	0.020778	0.003087	0.028643	0.014765	
0.034234	0.025206	0.003399	0.034683	0.021030	0.021758	0.015950	0.015455	0.004707	0.026524	0.035327	0.013407	0.035073	0.029580	0.012328	0.026774	0.027770	0.017632	0.016824	0.003950	0.025886	0.010799	0.033752	0.026273	0.027965	0.005454	0.029247	0.003289	0.024401	0.022948	0.017734	0.023995	0.033921	0.009498	0.023410	0.016752	0.021268	0.025522	0.015229	0.006082	0.025829	0.021110	0.012793	0.009524	0.018737	0.007490	0.005719	0.034696	0.011036	0.028027	
0.028758	0.002897	0.035896	0.007079	0.003785	0.037076	0.012375	0.032486	0.017951	0.030546	0.006934	0.010175	0.013071	0.027983	0.018374	0.028335	0.030869	0.024645	0.018954	0.028579	0.004308	0.018475	0.006669	0.031640	0.036348	0.002127	0.037293	0.023387	0.002974	0.022864	0.030688	0.012377	0.013949	0.033846	0.025731	0.001969	0.017736	0.019397	0.028190	0.004138	0.006961	0.017612	0.006122	0.037012	0.023522	0.033237	0.030806	0.009634	0.029668	0.014553	
0.035055	0.039255	0.027690	0.017347	0.031034	0.008250	0.023259	0.042265	0.010045	0.002918	0.003037	0.040356	0.010533	0.004230	0.040134	0.001031	0.014539	0.030430	0.015851	0.028464	0.014513	0.013966	0.025949	0.006047	0.006879	0.036349	0.019454	0.000188	0.022103	0.017706	0.022612	0.008243	0.018092	0.019612	0.034351	0.016990	0.001718	0.005857	0.038762	0.011243	0.034189	0.020294	0.026270	0.040829	0.013766	0.012784	0.017230	0.017231	0.037922	0.013126	
0.001427	0.012571	0.012109	0.007634	0.000247	0.015499	0.039927	0.016648	0.040896	0.000207	0.028685	0.031445	0.000545	0.016928	0.019788	0.036024	0.015988	0.015222	0.007222	0.023258	0.010025	0.031409	0.034481	0.019339	0.014228	0.020222	0.025656	0.024234	0.011780	0.001635	0.030835	0.035501	0.026567	0.025312	0.023701	0.029446	0.010360	0.012276	0.027597	0.005297	0.013851	0.035729	0.007501	0.035775	0.010968	0.014057	0.018630	0.034104	0.036215	0.030997	
0.020235	0.010151	0.002137	0.011673	0.018741	0.041890	0.005180	0.004221	0.004503	0.005981	0.013303	0.036419	0.016429	0.001640	0.026157	0.045847	0.041438	0.006561	0.003523	0.007994	0.027474	0.041593	0.013710	0.026694	0.037491	0.017794	0.019070	0.015271	0.045816	0.009694	0.031711	0.034414	0.015972	0.016075	0.007589	0.002187	0.032582	0.003039	0.012408	0.032900	0.003870	0.045158	0.018959	0.020376	0.001812	0.017531	0.034976	0.021637	0.027928	0.040245	
0.003165	0.016604	0.031633	0.026712	0.030096	0.033982	0.025942	0.029287	0.015350	0.011066	0.004519	0.023464	0.029910	0.034644	0.028051	0.026021	0.017315	0.022783	0.032477	0.004716	0.016784	0.001331	0.034398	0.019787	0.028570	0.005921	0.006442	0.000827	0.009815	0.000919	0.007335	0.036882	0.035268	0.026591	0.024935	0.031538	0.001626	0.007306	0.021106	0.004331	0.029229	0.021111	0.026515	0.013088	0.010690	0.005819	0.022873	0.037027	0.037050	0.027148	
0.033314	0.036414	0.025059	0.005684	0.023424	0.014073	0.001050	0.019597	0.015546	0.029962	0.021569	0.027246	0.000527	0.020014	0.020781	0.002327	0.006841	0.025180	0.004061	0.029368	0.025236	0.020615	0.036219	0.028453	0.027321	0.029491	0.027879	0.012043	0.015334	0.027808	0.017929	0.004423	0.000977	0.006488	0.030303	0.011017	0.012523	0.033349	0.008328	0.026738	0.023577	0.036294	0.026788	0.027095	0.004898	0.035664	0.012719	0.023165	0.029219	0.016073	
0.000340	0.007326	0.004282	0.029121	0.023507	0.011807	0.011411	0.035589	0.028201	0.028845	0.021309	0.025166	0.015313	0.032724	0.025896	0.018181	0.019284	0.008053	0.025794	0.038124	0.014850	0.015779	0.030299	0.036408	0.001551	0.020755	0.013657	0.019211	0.033445	0.020216	0.025013	0.026009	0.012042	0.024124	0.006265	0.004609	0.031847	0.017426	0.009846	0.035341	0.002634	0.007885	0.032669	0.038349	0.018461	0.030918	0.005987	0.024616	0.002291	0.027222	
0.009805	0.031443	0.024857	0.032860	0.033672	0.015004	0.002635	0.022170	0.004420	0.021325	0.006533	0.007597	0.026252	0.001494	0.026800	0.024248	0.018558	0.034849	0.007903	0.023899	0.005066	0.028714	0.013707	0.022161	0.023477	0.004737	0.012663	0.008893	0.027312	0.033441	0.010565	0.022727	0.011902	0.035657	0.021407	0.022725	0.010523	0.024480	0.034670	0.029424	0.032547	0.027654	0.034278	0.020570	0.012322	0.025444	0.011050	0.014478	0.014544	0.026537	
0.002254	0.004482	0.035637	0.009389	0.029563	0.025596	0.011186	0.002923	0.028894	0.033343	0.035386	0.031401	0.003692	0.011159	0.006238	0.027825	0.032992	0.029079	0.034296	0.034494	0.037228	0.011040	0.014681	0.019187	0.006280	0.003704	0.001905	0.027602	0.000710	0.025448	0.027996	0.014488	0.012067	0.010237	0.036039	0.037569	0.030000	0.002869	0.023220	0.020431	0.022394	0.018778	0.032055	0.013832	0.024954	0.003354	0.032227	0.034112	0.021110	0.004654	
0.027653	0.002132	0.046689	0.029989	0.011395	0.005625	0.041795	0.022830	0.022090	0.016531	0.000036	0.022871	0.025215	0.041623	0.001232	0.026449	0.014603	0.029038	0.010848	0.008970	0.016301	0.009287	0.000158	0.033496	0.016228	0.013566	0.001052	0.000784	0.036542	0.046918	0.043082	0.019608	0.007397	0.028958	0.015660	0.012674	0.006656	0.003137	0.027368	0.039680	0.001981	0.029765	0.033089	0.019091	0.006678	0.012283	0.024021	0.030613	0.034157	0.022158	
0.001649	0.002357	0.038394	0.018132	0.030735	0.011440	0.020683	0.012681	0.022445	0.024194	0.013026	0.024211	0.014356	0.020140	0.031972	0.010296	0.017515	0.006268	0.020145	0.009653	0.025295	0.008614	0.011733	0.010753	0.022937	0.039680	0.015745	0.016667	0.031519	0.031149	0.028883	0.033879	0.003566	0.025363	0.004885	0.000992	0.020463	0.031482	0.010469	0.003977	0.037067	0.021913	0.012476	0.009827	0.036447	0.035649	0.037012	0.039325	0.006304	0.035639	
0.020129	0.028827	0.010773	0.025097	0.020969	0.022163	0.031727	0.028819	0.026614	0.024895	0.023018	0.015109	0.031627	0.032714	0.015024	0.011618	0.010394	0.014583	0.033914	0.031699	0.023233	0.014844	0.004327	0.029862	0.030184	0.003742	0.025927	0.029493	0.031400	0.019040	0.006015	0.014559	0.019666	0.032704	0.008596	0.018824	0.008156	0.017009	0.016381	0.022572	0.007406	0.031758	0.030760	0.017837	0.002747	0.017750	0.027128	0.007933	0.005829	0.014603	
0.035032	0.021594	0.013443	0.030603	0.030100	0.012526	0.006237	0.013358	0.024441	0.001907	0.019197	0.006899	0.001448	0.036390	0.002232	0.019599	0.025591	0.011263	0.031455	0.027722	0.020737	0.004859	0.032613	0.028817	0.028266	0.011783	0.019100	0.009798	0.035387	0.023473	0.002876	0.003968	0.035427	0.006800	0.035410	0.031932	0.032983	0.003999	0.021454	0.012989	0.018079	0.026798	0.033875	0.031997	0.017234	0.032809	0.014055	0.017213	0.020337	0.013894	
0.001997	0.016936	0.016603	0.025711	0.036398	0.020818	0.014529	0.008929	0.023538	0.016625	0.014874	0.005839	0.013501	0.033219	0.012245	0.009743	0.027213	0.015096	0.023451	0.029026	0.000756	0.029121	0.005461	0.003534	0.022781	0.035422	0.010512	0.000761	0.014456	0.012575	0.029721	0.039320	0.033987	0.005210	0.019612	0.040907	0.002833	0.006512	0.036397	0.031891	0.008072	0.035567	0.038029	0.007771	0.012044	0.024377	0.023726	0.039080	0.030840	0.032433	
0.027191	0.033310	0.021055	0.012858	0.032657	0.039508	0.028256	0.019589	0.013858	0.032360	0.007703	0.036875	0.041676	0.016310	0.001763	0.000987	0.009014	0.006430	0.002564	0.033468	0.039915	0.040019	0.034956	0.029944	0.000595	0.034926	0.016815	0.029735	0.035399	0.035219	0.014796	0.007433	0.003864	0.007886	0.004138	0.033704	0.036793	0.022803	0.001747	0.034312	0.018727	0.006936	0.012265	0.021428	0.003593	0.000965	0.013943	0.005676	0.015172	0.018864	
0.030960	0.028667	0.025882	0.023334	0.035159	0.018099	0.018893	0.033383	0.007993	0.012401	0.008790	0.011324	0.002417	0.017211	0.018572	0.019307	0.009101	0.033116	0.025088	0.018293	0.026634	0.027696	0.021018	0.030956	0.009556	0.018564	0.019595	0.036002	0.001807	0.014096	0.011394	0.015003	0.026733	0.037000	0.017801	0.028295	0.020035	0.017354	0.010929	0.027738	0.027899	0.014792	0.031339	0.001762	0.020199	0.036385	0.002101	0.023792	0.016923	0.008610	
0.012061	0.022843	0.033120	0.025918	0.010552	0.018413	0.025209	0.033244	0.037313	0.027426	0.030836	0.008705	0.014766	0.014534	0.033638	0.001336	0.012165	0.018794	0.038271	0.026835	0.003156	0.001460	0.033066	0.000083	0.037484	0.010296	0.026720	0.025304	0.023662	0.015623	0.014014	0.038190	0.010174	0.029600	0.001673	0.025090	0.030230	0.018928	0.004943	0.028528	0.035595	0.021162	0.006374	0.003318	0.030860	0.018702	0.021574	0.001513	0.027501	0.009198	
0.020326	0.026625	0.009674	0.001821	0.023821	0.029808	0.022587	0.011188	0.030197	0.032686	0.010446	0.029374	0.026445	0.029718	0.034542	0.025985	0.026660	0.003613	0.006210	0.029972	0.018263	0.011015	0.033262	0.035332	0.000227	0.026462	0.014713	0.032099	0.035312	0.015656	0.010588	0.003794	0.035386	0.024563	0.009913	0.031699	0.025759	0.004809	0.008815	0.016613	0.004643	0.015070	0.009763	0.012341	0.028129	0.029602	0.027725	0.007308	0.014367	0.025075	
0.016147	0.023824	0.012551	0.001703	0.041200	0.022460	0.017174	0.009093	0.006552	0.039846	0.012801	0.005202	0.032448	0.027393	0.020610	0.008360	0.027401	0.040032	0.005756	0.026607	0.023548	0.022170	0.007500	0.015234	0.037478	0.027699	0.007633	0.036318	0.004335	0.000624	0.022748	0.020068	0.015519	0.031696	0.025779	0.038100	0.003061	0.040324	0.027788	0.008546	0.012914	0.016624	0.010678	0.004866	0.015940	0.009852	0.014543	0.041587	0.036552	0.023115	
0.032163	0.014462	0.032701	0.031182	0.017636	0.022831	0.013358	0.006091	0.015097	0.018844	0.022304	0.032749	0.015387	0.029137	0.010837	0.025635	0.024178	0.030533	0.002118	0.021662	0.021279	0.018659	0.031550	0.014688	0.009773	0.006858	0.031639	0.016530	0.000359	0.032407	0.026419	0.024146	0.018636	0.029990	0.017565	0.029181	0.008261	0.019807	0.025005	0.023149	0.030044	0.021542	0.031268	0.009359	0.024284	0.027752	0.000192	0.004408	0.014510	0.011836	
0.001259	0.018342	0.033275	0.010615	0.018649	0.042925	0.030041	0.010424	0.015271	0.010175	0.009378	0.000308	0.027074	0.004004	0.012879	0.028310	0.041205	0.009082	0.009477	0.007077	0.000319	0.032273	0.039439	0.005754	0.015448	0.016809	0.025742	0.013675	0.010447	0.036360	0.026752	0.008514	0.007040	0.014681	0.032158	0.001129	0.028954	0.022048	0.042786	0.025108	0.025627	0.038625	0.042363	0.030056	0.024821	0.024567	0.028242	0.004249	0.006542	0.029701	
0.029567	0.021186	0.023817	0.000002	0.016578	0.004027	0.021235	0.033062	0.025532	0.004270	0.019738	0.021833	0.004800	0.029963	0.006902	0.026371	0.004598	0.016899	0.010513	0.017233	0.029364	0.021904	0.029283	0.009611	0.024493	0.025576	0.036174	0.017203	0.037958	0.031158	0.018361	0.036982	0.001362	0.011313	0.026933	0.003250	0.015016	0.008787	0.014482	0.025410	0.011783	0.025617	0.026632	0.034581	0.011197	0.016178	0.022245	0.027363	0.027595	0.034065	
0.036369	0.014556	0.003457	0.016108	0.040710	0.003317	0.038069	0.030330	0.025562	0.013846	0.030502	0.019505	0.003128	0.015994	0.023584	0.017244	0.000188	0.002715	0.011609	0.026110	0.006085	0.007395	0.024249	0.030411	0.017627	0.016438	0.039429	0.010191	0.026661	0.017618	0.022819	0.026412	0.035229	0.015847	0.014891	0.030368	0.020680	0.005168	0.016562	0.008687	0.033289	0.006948	0.040657	0.012479	0.013227	0.038621	0.038023	0.008573	0.038581	0.003932	
0.023446	0.013491	0.019422	0.031394	0.009553	0.018689	0.026075	0.006466	0.029324	0.026584	0.027134	0.011471	0.023703	0.018095	0.024316	0.019930	0.014717	0.010371	0.031141	0.021888	0.028962	0.018219	0.023206	0.003543	0.032594	0.022114	0.024150	0.016354	0.034847	0.006185	0.016923	0.005216	0.026833	0.029872	0.024066	0.007573	0.028313	0.031783	0.016672	0.015063	0.015170	0.018430	0.015777	0.001756	0.025356	0.033819	0.020015	0.034950	0.004373	0.010653	
0.023712	0.019657	0.020636	0.033823	0.023455	0.002096	0.024568	0.038002	0.030062	0.012679	0.028775	0.027801	0.006364	0.005979	0.003515	0.037302	0.031609	0.004220	0.012481	0.016279	0.020449	0.037106	0.034426	0.026731	0.028746	0.023809	0.020053	0.032026	0.014667	0.009747	0.018369	0.022695	0.039094	0.000758	0.032351	0.009188	0.039023	0.010463	0.017155	0.015937	0.003954	0.007736	0.014666	0.000566	0.035341	0.004610	0.023499	0.007395	0.025314	0.021109	
0.009551	0.007878	0.033601	0.016574	0.001196	0.013399	0.029743	0.013803	0.013701	0.028474	0.009203	0.006720	0.027440	0.025809	0.013947	0.001935	0.032350	0.008207	0.011055	0.019127	0.025752	0.034446	0.010081	0.023048	0.022068	0.005564	0.024482	0.028631	0.034184	0.015004	0.035395	0.033420	0.036362	0.022795	0.025373	0.032739	0.008991	0.002445	0.006622	0.035358	0.016861	0.029989	0.033159	0.020891	0.003149	0.019062	0.009265	0.032847	0.033734	0.014569	
0.040668	0.029164	0.002010	0.011338	0.039440	0.004092	0.009156	0.040678	0.015396	0.041816	0.043466	0.040050	0.004848	0.030832	0.024547	0.008519	0.008173	0.027544	0.025851	0.001979	0.006580	0.021538	0.024233	0.012392	0.009135	0.019961	0.037859	0.002101	0.020299	0.001771	0.024003	0.019563	0.031227	0.011309	0.006401	0.005515	0.018461	0.034788	0.001887	0.000181	0.038587	0.025262	0.011326	0.035480	0.041353	0.043133	0.008760	0.020109	0.003752	0.013470	
0.001955	0.038711	0.017598	0.029767	0.008384	0.020527	0.026825	0.030422	0.031558	0.032954	0.009754	0.001797	0.031616	0.021362	0.014133	0.008044	0.007568	0.034619	0.032233	0.012231	0.006058	0.017146	0.005139	0.013350	0.030555	0.037744	0.006207	0.004231	0.032824	0.006958	0.030244	0.028783	0.032810	0.000316	0.013645	0.038981	0.010692	0.016109	0.035846	0.008649	0.038053	0.036685	0.020581	0.027409	0.010417	0.023932	0.009274	0.004780	0.005398	0.035129	
0.000115	0.003895	0.011231	0.045905	0.021915	0.015899	0.010295	0.046743	0.027268	0.006294	0.005274	0.001218	0.043325	0.029554	0.019949	0.001254	0.027682	0.042629	0.014052	0.015770	0.025579	0.007785	0.023708	0.015169	0.006495	0.037467	0.021483	0.008909	0.017374	0.009086	0.005917	0.026108	0.022069	0.022687	0.011037	0.024151	0.000605	0.019041	0.038857	0.015294	0.048715	0.019023	0.018407	0.035748	0.045884	0.013372	0.028626	0.000691	0.028112	0.012331	
0.023998	0.023452	0.001844	0.005946	0.008703	0.028294	0.034450	0.025315	0.004111	0.036639	0.012894	0.007427	0.027337	0.004052	0.009506	0.018695	0.015122	0.003524	0.029741	0.008979	0.034443	0.008743	0.022482	0.008129	0.024047	0.010922	0.011285	0.031511	0.029794	0.031453	0.034691	0.020453	0.009205	0.025667	0.033241	0.010838	0.023610	0.015411	0.013059	0.009827	0.027095	0.015158	0.025222	0.031972	0.014579	0.033714	0.034773	0.014630	0.036006	0.028011	
0.007363	0.032005	0.029876	0.030608	0.030052	0.012653	0.020164	0.004558	0.006248	0.013228	0.007552	0.013989	0.021218	0.007800	0.017379	0.035135	0.024006	0.020046	0.020237	0.018057	0.009276	0.026268	0.031765	0.030265	0.018391	0.030202	0.014236	0.024197	0.005198	0.020255	0.033154	0.009433	0.027555	0.036133	0.019826	0.023077	0.013783	0.028750	0.015221	0.017713	0.026099	0.005750	0.005152	0.008447	0.020682	0.007939	0.030207	0.028337	0.037293	0.023222	
0.038621	0.018263	0.004486	0.029941	0.017379	0.012149	0.002051	0.003432	0.005404	0.032989	0.006284	0.006614	0.018093	0.036096	0.032356	0.026908	0.015276	0.011845	0.017192	0.002075	0.019941	0.008496	0.023608	0.014308	0.018722	0.005608	0.022406	0.010721	0.002650	0.039601	0.026882	0.026592	0.029545	0.031811	0.023527	0.026395	0.020662	0.027147	0.032714	0.035492	0.024702	0.010276	0.030765	0.013615	0.034515	0.013410	0.013874	0.016056	0.022676	0.035830	
0.015502	0.029774	0.031207	0.014007	0.002054	0.034502	0.020806	0.000442	0.016164	0.036777	0.018608	0.010026	0.035850	0.003036	0.025433	0.042178	0.040068	0.016258	0.000770	0.014226	0.036000	0.007645	0.002423	0.028579	0.017500	0.022593	0.011698	0.032902	0.004693	0.000437	0.042199	0.009290	0.012743	0.042321	0.011731	0.037146	0.039182	0.001374	0.033354	0.007178	0.015637	0.028960	0.031456	0.028403	0.003505	0.022682	0.018769	0.004294	0.015825	0.021793	
0.005117	0.015549	0.014013	0.014796	0.025199	0.014934	0.011118	0.008947	0.003235	0.011632	0.020776	0.018321	0.023907	0.005787	0.037725	0.011503	0.016265	0.004162	0.036850	0.028701	0.017180	0.019496	0.016796	0.000183	0.030630	0.009900	0.023862	0.020189	0.037075	0.016840	0.036542	0.000835	0.037105	0.020000	0.040649	0.020824	0.014771	0.013617	0.036482	0.007173	0.028296	0.008207	0.026446	0.037908	0.031962	0.019455	0.023635	0.033824	0.018146	0.023441	
0.002398	0.025606	0.033500	0.004610	0.035530	0.009377	0.033502	0.010956	0.025117	0.023136	0.001058	0.010851	0.024957	0.010796	0.027450	0.031771	0.009425	0.018782	0.030217	0.026498	0.034835	0.031997	0.000784	0.015281	0.007005	0.021775	0.019789	0.021894	0.012419	0.001963	0.000524	0.033582	0.003167	0.036351	0.035352	0.031346	0.028766	0.021446	0.015047	0.012416	0.033200	0.026828	0.024101	0.015313	0.026623	0.033064	0.005025	0.008889	0.025763	0.019917	
0.014483	0.031073	0.036990	0.017739	0.002346	0.012719	0.031973	0.031712	0.005018	0.015576	0.044374	0.012561	0.006972	0.019548	0.034207	0.014800	0.003185	0.000376	0.039276	0.014533	0.039635	0.007294	0.043564	0.008407	0.007066	0.008503	0.022561	0.000095	0.040897	0.010432	0.003425	0.020289	0.018882	0.002573	0.008493	0.041725	0.010176	0.021336	0.025661	0.032943	0.018651	0.002851	0.034505	0.009509	0.038106	0.009357	0.045346	0.012007	0.041946	0.024303	
0.034999	0.016333	0.010238	0.027905	0.031572	0.033716	0.016002	0.022958	0.000758	0.036378	0.021754	0.030965	0.029161	0.005734	0.009541	0.012203	0.008028	0.004907	0.031997	0.019310	0.038230	0.029929	0.014819	0.007572	0.015963	0.010330	0.008357	0.018909	0.011540	0.037985	0.000888	0.038406	0.009353	0.026403	0.014368	0.006029	0.015637	0.026230	0.018192	0.038916	0.021523	0.034601	0.032671	0.016102	0.007465	0.000871	0.027527	0.002265	0.034997	0.029465	
0.022827	0.012326	0.022463	0.030008	0.021804	0.031625	0.011313	0.025006	0.035713	0.006679	0.001187	0.018320	0.015255	0.009239	0.023485	0.014400	0.013156	0.007320	0.035381	0.016850	0.033579	0.014220	0.003254	0.019592	0.021374	0.026537	0.030660	0.017821	0.020446	0.022897	0.019809	0.016348	0.001401	0.034416	0.019420	0.020940	0.032902	0.028040	0.031505	0.011754	0.032967	0.027865	0.009115	0.007596	0.027548	0.036382	0.019005	0.015393	0.003614	0.019242	
0.026966	0.011184	0.023768	0.033872	0.030282	0.025176	0.025179	0.007910	0.030590	0.011610	0.013586	0.000586	0.032472	0.000457	0.028980	0.035671	0.035261	0.012092	0.023077	0.007670	0.010798	0.020934	0.009036	0.032801	0.011195	0.034466	0.032466	0.034085	0.002164	0.018519	0.030811	0.034415	0.022441	0.019580	0.015325	0.004696	0.015516	0.008727	0.017438	0.025377	0.036170	0.022872	0.011170	0.024161	0.035397	0.009147	0.002009	0.001253	0.007503	0.033142	
0.006399	0.000079	0.002035	0.040730	0.020553	0.026946	0.017604	0.000275	0.000792	0.030637	0.031143	0.014950	0.024483	0.035471	0.030549	0.005632	0.021462	0.027421	0.014501	0.002842	0.001799	0.038259	0.028293	0.010028	0.039868	0.011778	0.020508	0.008867	0.023098	0.042529	0.018035	0.014933	0.031715	0.036129	0.001396	0.028852	0.019309	0.023757	0.015890	0.031992	0.000631	0.003503	0.033654	0.028880	0.012939	0.027699	0.040885	0.018435	0.026042	0.005796	
0.037056	0.034428	0.015679	0.021289	0.037884	0.025970	0.025917	0.003863	0.006886	0.042193	0.013338	0.021969	0.010024	0.015796	0.014345	0.020308	0.028623	0.010771	0.031841	0.002177	0.025183	0.032926	0.030123	0.010585	0.013733	0.022956	0.000150	0.019554	0.026508	0.000006	0.029947	0.019253	0.039729	0.038972	0.038341	0.018175	0.015220	0.012924	0.028940	0.010830	0.037415	0.027123	0.007003	0.017629	0.003266	0.002076	0.014298	0.002948	0.024790	0.009040	
0.013377	0.027310	0.022766	0.031906	0.034932	0.017717	0.027997	0.029454	0.012435	0.011274	0.018655	0.002534	0.020442	0.016108	0.002246	0.032105	0.019531	0.032422	0.033115	0.013269	0.012912	0.026591	0.015041	0.003784	0.004797	0.014291	0.013279	0.016474	0.019221	0.028601	0.012751	0.036666	0.016552	0.025007	0.012595	0.038050	0.035974	0.007303	0.026297	0.019156	0.011284	0.018099	0.009420	0.032645	0.003569	0.024004	0.028499	0.031849	0.025346	0.010351	
0.017659	0.012348	0.010595	0.011534	0.011555	0.021474	0.025883	0.002485	0.028376	0.021839	0.012938	0.013651	0.018959	0.002877	0.000152	0.032887	0.003516	0.026587	0.020797	0.032330	0.012668	0.026669	0.005275	0.026974	0.034013	0.022582	0.013007	0.018382	0.006220	0.015772	0.035973	0.032361	0.004220	0.035567	0.021659	0.004561	0.021047	0.009078	0.009555	0.033610	0.031258	0.031146	0.003283	0.023592	0.026694	0.033147	0.030059	0.033690	0.036003	0.033492	
0.11
