50
2
12.396545	-5.137660	18.214211	-20.965626	-2.089383	-15.356431	21.555797	18.664013	-12.706339	-11.811061	-9.019939	-18.921596	21.174394	-5.013838	-13.154329	-17.404288	-9.557929	-18.477629	2.308788	6.920526	0.014542	-21.546653	1.774919	-18.944826	-12.195921	11.555796	8.406588	-12.520040	16.579224	20.042296	6.244802	4.774750	18.058380	4.207411	17.355342	-0.472535	-6.511419	11.254091	-13.749467	-8.491579	-20.931546	-10.117151	16.780262	-4.108890	4.283874	3.606917	-6.754115	13.608644	10.661301	18.912112	
23.127976	-9.098255	-23.412316	7.535281	-19.468366	-16.180338	3.598196	-0.186004	-1.302233	11.089671	10.752284	-6.304562	24.767266	-10.292124	-20.916545	-5.689192	27.637100	12.810951	-26.413845	-21.883176	4.795333	14.685156	0.533602	-22.774538	-22.513612	-12.931925	-9.727852	-24.429266	-11.919763	-8.456314	-9.756367	8.338355	5.995074	12.141817	26.811892	-27.075411	4.523624	-17.793019	27.057232	-9.595232	-5.897288	4.147695	-19.227328	27.652496	16.246849	-25.495682	1.537510	2.998593	16.712459	7.992453	
19.878667	-16.132504	9.478378	13.113367	-0.798135	2.897409	-20.233867	-18.856176	7.475612	16.398298	-18.120488	-19.494551	-3.541182	11.789567	0.357901	21.383327	-1.305247	1.963971	20.848741	4.815696	-17.544678	-12.112225	-12.940430	2.274831	14.386596	-13.840928	11.903685	-7.870720	-10.048860	-21.489907	12.628420	8.130924	6.391926	-9.231440	-14.878095	0.543175	14.227970	-0.758060	9.175246	-13.925159	21.088415	7.102839	-12.944021	14.614607	12.075092	19.801295	-7.406008	6.234981	9.879496	-13.951558	
18.555036	15.292725	5.877348	3.621267	-1.263965	4.021924	22.339236	0.221767	-4.331807	-9.206268	-6.766900	17.937930	-3.184101	-10.718134	-20.203694	9.426427	-13.975284	18.439254	-1.229111	-23.429588	14.754949	3.973456	1.166147	21.806187	-12.088545	-11.266389	-11.772288	-9.113387	-10.497372	-18.364757	21.721705	7.329853	-5.366525	2.820961	5.982214	22.623531	6.916516	-10.601444	18.988031	-9.029367	-16.115893	26.876514	27.017314	-20.619436	-1.602250	0.388275	7.114182	18.055667	-18.017544	17.830831	
-19.877270	8.879805	20.721699	-15.937782	8.083846	23.150190	12.089639	-1.446930	11.742480	7.137281	1.788738	20.962639	-15.169774	-16.328124	13.612405	9.135206	-8.028644	-19.830436	-2.098254	-9.115564	22.719497	-14.953074	-22.243641	-3.484194	-8.011540	-0.029758	-6.856955	-5.634605	17.388938	-8.548193	-22.981783	2.018913	6.254843	-16.111658	-10.616106	-23.857140	-8.314181	9.827479	-9.080411	-12.231475	18.556891	-6.808447	15.622533	0.986092	-8.898557	-23.123094	-23.850377	22.831268	-20.958005	-19.230734	
10.056803	2.526000	-15.737895	11.624212	-6.514399	-6.619022	6.920130	-13.206844	14.865412	21.749094	14.213721	8.988036	16.140740	-6.017902	-25.954180	-25.458042	4.385593	19.131634	-15.634973	24.787389	14.167909	-13.252373	10.977687	1.006467	14.935345	-21.674251	-25.300995	14.726346	14.816798	10.034504	14.337687	13.990884	11.110418	23.276724	-19.897740	20.642859	0.417010	-19.379904	-3.521314	22.090063	11.458577	-2.670748	9.048060	11.864028	-6.097539	-14.575547	21.277931	-11.862351	0.867167	6.801043	
-0.266766	-11.884462	21.353709	-2.999531	26.244836	-21.126865	26.280257	12.472253	-10.643067	23.149932	3.906944	25.129616	-20.292286	-18.477485	19.755301	11.718106	-27.792662	-23.163412	-3.638381	19.341011	26.789242	7.849779	-4.486188	-25.868083	6.699807	1.141429	26.106667	12.363777	-5.615780	-27.749327	18.863035	-5.599335	0.578026	3.474261	-16.571850	21.568439	-19.018096	-17.660693	-23.320038	-13.280371	-16.595507	14.534928	-6.627970	-21.224705	26.513004	15.401379	-27.957967	-14.665443	18.237616	19.464215	
23.163823	16.072364	13.221877	1.037163	8.885421	-17.498187	23.838177	-1.417711	-7.553009	-8.022571	-24.903786	2.819378	2.029936	4.490213	16.165314	7.636011	-20.466903	13.343761	-19.205725	17.042888	9.748377	15.982232	24.277318	23.716530	0.933365	16.938363	-13.827396	-18.798387	20.775387	-5.143042	24.320643	0.305392	1.863647	-2.119798	-5.019431	9.008496	15.250292	-0.938463	-5.957039	0.685577	-20.510786	13.615927	-14.730891	-17.870498	17.439962	3.757123	2.436932	23.662775	-18.338602	10.675434	
16.756832	-3.044701	-19.300753	18.293531	-1.636453	17.018647	-11.371946	-16.120301	-8.768282	-18.820892	-4.519220	0.632693	16.127709	-20.150621	-20.254901	15.024077	-10.675323	-12.146288	7.400982	8.019021	2.480589	21.317383	20.497851	15.766040	12.825078	-14.607867	8.662402	15.846834	23.353018	23.156832	-18.674857	16.972485	17.203700	-9.583798	2.215782	2.174445	-7.028999	-11.030951	-17.279414	-17.166436	4.867178	18.806556	11.182813	6.563558	11.415616	19.597277	-20.876050	-0.975563	8.630582	-10.478340	
18.349723	-17.002669	11.038955	-19.324488	14.298088	-4.758614	11.187520	-7.325526	11.605059	12.644697	21.354007	-14.865776	1.386168	-6.671991	-18.915331	-13.122999	5.006753	-5.669635	8.173073	1.953494	-11.961331	-6.574725	20.450112	-5.311539	6.528566	-16.280212	-3.699285	-9.358753	20.874018	20.998274	-14.111121	-15.264980	-19.103585	-7.375437	19.145414	-19.063820	1.240597	2.979883	-16.058583	11.324007	11.135271	-3.528400	-16.555581	-2.269496	-0.830621	2.019408	14.424036	-21.532672	-8.016088	-13.826916	
13.627448	16.131371	-7.617351	-20.916709	-9.153859	-21.415601	-5.128765	-19.829705	5.714013	-17.224829	-9.094975	-22.393679	-9.013126	19.992339	-15.924745	-2.158905	20.265380	-13.701520	13.383761	-21.459271	12.598776	5.190971	22.916501	-11.064444	-20.594608	17.825332	-12.422389	8.406998	4.803918	-1.844400	-9.020098	-11.371459	-4.157820	-18.795380	18.621966	-8.248136	-15.847375	8.395494	-18.777988	13.985900	21.056481	16.327187	-10.711871	-1.264824	-1.640136	4.240393	-22.265268	14.927654	21.897513	-19.918397	
17.300925	-29.406692	-23.924363	5.462055	6.237183	-16.451518	4.919404	28.794535	28.995342	-0.246388	24.571992	-23.009479	-19.000994	0.590220	3.105947	-11.448919	-2.905736	27.191218	-1.807844	-22.262535	4.505956	-0.630671	12.569023	3.596708	-28.010479	29.256451	-8.386835	-3.754635	-23.748917	-29.227892	28.662809	-28.674581	-0.963012	11.323132	-0.235900	6.769821	19.272492	-11.994504	8.172653	9.872344	-16.143669	24.210469	-5.339116	9.764092	-25.851000	-25.677347	7.264747	-5.224658	-8.463564	14.376631	
-9.205931	-19.561651	-9.318666	1.335192	17.859403	-27.240613	-20.390280	-3.167411	21.944257	13.494859	10.106035	11.409976	7.610111	2.825660	-0.097092	-0.728933	-17.296398	2.801310	-0.757981	24.835581	-13.216812	1.293839	25.341820	-2.936891	2.390735	-16.605022	24.470129	-4.652032	-22.434925	28.644596	-28.412998	-6.742778	13.437766	8.419166	22.249757	22.209720	-3.920096	-1.673668	28.545649	29.733798	-8.230705	-0.731196	8.947586	19.831883	15.495050	18.626430	1.660856	26.364289	-13.258591	-28.525297	
12.492548	6.204854	18.803140	-14.923999	18.864546	-4.221731	-3.895009	-11.451411	-7.562591	3.319810	-10.208017	-7.430628	-15.416869	-1.585288	-15.707147	-0.006913	-2.817459	13.199395	16.472919	0.163057	12.173403	13.792374	7.657075	-1.762745	7.092217	-8.235616	-13.885220	-5.988853	-1.974666	-3.108236	14.203679	17.549404	5.080017	7.854741	4.427222	16.198692	4.627410	9.995982	-15.826699	10.263198	11.133629	-5.370914	16.081190	9.770875	14.670901	-10.001504	-13.285089	3.143015	-3.884454	4.817815	
9.358224	5.524396	12.838197	16.813171	-15.358248	12.699209	-16.708663	4.570969	-7.994527	-10.287879	-21.501791	-4.341452	0.469892	-19.649057	10.395072	18.921563	0.785212	-19.167576	-13.017812	8.349279	20.464455	7.425824	17.262193	-3.464265	-5.223924	-14.081470	-8.865775	-20.405205	-16.688621	20.700685	20.492929	-17.141603	14.476558	22.506626	22.824330	4.239672	-4.617327	12.593299	20.013512	-8.927788	18.145472	-10.528962	-14.539417	1.377915	-20.790998	0.217563	-9.472499	-9.913636	-17.545684	19.533568	
1.894701	-7.530168	1.229080	-13.046475	2.163421	20.942305	13.299730	6.457375	-15.934121	-17.703568	-8.741355	20.266988	-8.310343	-18.893688	-12.812267	4.460307	17.588403	20.654062	-8.328760	-19.139267	18.017480	-8.791634	-14.034903	-11.312340	-9.909095	3.288054	14.413409	-8.189565	-17.964262	4.695081	9.099737	3.216317	7.709747	17.694591	-4.797562	15.565629	11.884142	-19.432720	5.387221	-12.731399	1.408742	-5.296031	-20.400007	-13.599604	-9.147787	8.101775	0.751841	20.392397	2.537128	-1.037158	
10.587135	-9.643801	13.928704	-3.953271	13.592174	19.645095	-20.476805	-9.337848	18.597415	-9.715490	-3.574615	21.318075	10.206301	15.332423	-14.638086	6.474436	-20.910799	-18.667448	18.817914	-18.310219	-0.384143	6.525631	4.555617	-12.168964	-12.233165	13.174780	-13.249325	17.119156	12.530169	-6.199290	11.163455	-14.077027	-3.618395	-7.281696	-1.609309	-8.127514	-5.961887	20.431024	21.461531	9.456828	-2.297786	-19.348570	9.897378	10.014371	-10.786188	-19.747978	-15.304009	-3.406461	-12.240929	5.198571	
-1.091856	12.336734	-20.471433	-16.219605	12.646441	24.393812	9.959138	8.440518	-5.281046	-19.199063	27.337565	17.516598	-3.919614	-14.567257	-15.950988	19.339793	-3.205970	11.149282	-9.164243	14.642565	-23.183955	25.794497	28.591577	-19.242868	-5.939121	-24.505580	-21.236121	-3.546623	1.623882	-19.542935	15.061089	-15.403683	-20.216481	-7.679838	-27.058107	3.771300	-23.550268	-6.065252	8.660448	16.880748	10.748471	-14.184544	-19.413131	28.083256	6.596533	-4.129735	-27.125890	-2.126720	-2.189250	-3.285325	
-6.247961	2.439668	-12.480004	-14.581248	-8.895081	3.805197	13.457300	-16.756601	13.178581	4.503524	-19.182175	10.294288	-20.378082	-17.718671	19.223299	18.517137	-13.891253	1.246352	19.540798	15.460533	4.717538	5.446454	-0.493247	-21.534410	9.075376	20.142623	16.692063	5.856411	11.577806	-6.913369	-18.563691	-1.975802	6.638091	-19.489954	20.337181	-20.083237	-0.829156	16.471664	-16.946808	-12.455689	-17.095836	5.642966	-2.710156	8.517755	21.221158	-9.724255	15.637283	8.785023	-9.226058	-12.840281	
-24.507078	29.826395	7.205154	-12.348571	13.723629	24.015223	13.159406	8.616542	27.258388	1.051514	6.303139	22.777172	27.568246	-5.951351	4.061990	0.124748	23.613730	-19.077223	-17.799204	15.007908	2.692072	-17.592949	19.656071	30.495290	7.259475	-22.444394	-10.026893	-24.083566	5.099387	3.028000	-18.962306	-14.529637	-3.507469	27.639451	12.034473	-18.908070	-8.273202	-3.926990	-10.394881	14.422825	-27.456429	-18.988115	-18.686749	-11.605355	12.364908	-5.028495	-18.111436	-3.155068	30.172712	4.423353	
10.653551	-10.043808	-13.073284	-15.964615	25.417866	22.376318	-21.494622	3.073170	-8.074995	18.879106	-12.490137	25.499064	-23.184649	10.475097	-26.853185	-17.839281	-5.297857	7.217829	-11.211099	10.762192	-7.596023	10.095341	20.479678	-13.003573	-4.976114	-3.467975	16.624295	-20.797622	-21.891382	14.422083	-18.604113	15.228998	-11.551306	-16.924853	-20.688265	3.578338	-13.064510	-7.378296	-23.310332	-14.805029	-19.044511	16.803397	-26.773790	10.742855	22.103921	-21.728052	24.262295	7.081178	20.435362	15.490350	
-3.224423	-11.377944	16.530993	-7.037209	-9.358210	11.303669	-7.636490	-17.123504	15.624957	-5.431459	17.509263	-8.145872	6.463649	-19.228843	-11.831033	-2.120955	-19.207705	8.420880	-8.494825	13.512134	-10.326473	-16.833205	19.529523	-10.711240	-7.371963	-11.920051	-1.066592	-0.821961	-7.265231	-12.628533	-13.026595	-1.549271	0.133851	-8.186391	-17.217549	-6.755199	9.873664	18.466095	19.341576	-1.496630	16.456511	6.179989	13.760844	6.809484	12.122593	-11.649818	-11.631863	-17.763216	-8.604251	-14.001218	
1.690152	14.155931	-6.887678	10.697874	-17.704405	7.796746	10.503195	16.879545	17.754781	-8.407934	13.851739	-21.772822	14.669800	-5.597360	-5.060107	-0.755370	23.482033	-10.957803	-5.455547	20.950703	16.409033	6.411262	9.517313	-14.086489	-17.101078	23.293274	-13.556781	12.104212	-4.042231	6.010504	9.616519	-8.164297	-0.451445	-22.776572	-2.391392	-10.019309	4.008508	19.996619	-6.751749	-0.276397	-5.793543	-18.304466	17.603044	-19.110023	-16.446469	-6.171546	-3.366297	-17.100928	18.603005	13.316565	
-14.615891	8.901056	-5.785973	-17.379097	-13.717475	1.722799	-3.951124	-5.643811	21.856778	-4.225446	19.014729	22.924945	10.422329	20.946433	8.869760	-12.712136	9.741075	-11.045447	-12.813215	6.479475	9.025745	-8.624039	1.809224	-20.499868	13.004895	5.047281	22.503844	-16.422565	-6.184089	-13.942946	7.236553	6.918777	-7.603671	17.030145	20.398428	19.328585	0.834451	3.572621	10.363452	-3.148483	2.408545	2.304606	3.761029	-7.270528	-8.046958	10.517914	20.157679	15.663125	1.118430	18.445419	
-20.236051	8.387030	-22.213900	-10.739808	-8.345466	-23.128482	15.277881	-2.966480	-9.475891	-12.283328	-14.232433	-24.110880	-17.535330	-18.430903	24.914523	5.943994	-25.035632	-24.815261	19.515526	-23.143174	-26.144292	25.464445	14.381073	5.797459	23.619795	3.359150	16.075854	1.664587	6.815014	-21.741651	-22.773000	-24.576212	15.717931	20.837326	26.439928	0.483614	-17.101866	-14.384219	-24.751217	-24.201272	-5.191155	-9.909007	-13.773517	16.259014	-0.811180	-22.323982	-9.088694	21.438044	-0.091567	-1.471942	
-17.197606	7.182822	-1.643607	24.449176	-7.987357	10.212464	16.286708	10.513938	15.874735	-19.231741	23.616857	1.114640	-12.420327	-9.013160	23.859310	-12.696049	-18.903572	13.827224	-0.856607	2.907084	-2.436471	-2.060253	-4.921651	14.358981	18.873178	16.051528	-13.338403	-2.998043	-16.278750	12.136944	-22.654914	16.436448	22.951370	9.412288	-19.120691	13.918334	-5.623819	14.009314	-19.586082	15.648526	-10.217289	-23.023871	0.787999	19.637234	-6.945799	21.209993	7.891594	-9.203120	22.456459	-13.433662	
-20.957633	12.801213	-0.461423	21.612341	-1.980570	-8.292928	-11.127598	23.710637	4.811740	-19.186034	1.600401	-6.729733	-5.050344	12.103647	6.326295	-8.435656	-4.470497	-1.277331	6.461434	-23.290564	23.087164	-16.962787	-22.916477	-1.147900	13.506974	-12.090195	-11.556566	16.358844	18.697867	-20.085843	-22.700383	-12.498920	11.268520	-17.487425	-4.568093	-21.229151	19.425596	-17.478846	5.564970	-21.417973	-4.388190	19.354508	6.290957	-13.838510	6.810719	21.551986	-20.617321	-16.781669	-9.934829	17.167312	
13.942721	2.495975	15.154636	1.073835	10.840929	-10.293734	-5.025366	7.075691	-13.692380	8.935662	-15.833435	-3.227016	5.081878	-6.938830	12.680332	8.860995	-3.888829	3.404177	11.969641	12.385338	-10.608866	-3.016005	2.115248	-11.262483	1.750455	-14.466558	4.287935	18.297554	-14.264105	-10.692075	16.935722	-3.262873	-17.647258	-5.756365	-2.781179	-9.407036	-2.072969	16.172921	4.848763	5.513493	5.943960	-2.973928	18.346121	2.053528	-2.933281	-8.615706	-5.388795	15.069021	-12.043439	-14.938793	
22.506151	-5.330994	-7.180121	-17.208276	14.481560	-4.700933	-19.234718	17.208992	17.894513	2.001711	-19.874686	2.795804	-10.319944	14.242424	-11.095570	10.572307	-20.457626	19.758598	-0.402410	-6.659414	13.743754	-15.209183	6.084220	-17.077064	5.498317	-7.544050	-6.224840	13.467643	5.473332	-8.104340	-15.476339	1.327404	3.924257	20.356611	21.859127	15.630229	18.483140	-22.653608	-11.377621	-22.762786	16.891531	-14.251355	-16.413016	-5.522670	-10.331039	-12.826865	15.467609	7.445682	-9.335432	-7.691326	
21.416162	-22.608041	8.842582	5.312977	9.548670	-15.402766	-26.105256	2.685059	-16.433193	-18.850405	-1.889054	14.502195	-24.095599	-26.687215	26.328242	-8.910314	-10.248353	19.362185	-1.215768	23.606011	-25.385690	-14.341056	-14.340826	15.401162	-21.006896	-5.703299	-22.026673	23.654958	-26.542544	-22.360446	25.605528	21.681648	-10.350615	-14.726330	4.432095	-27.790553	18.170745	11.519792	17.296234	-4.028900	22.729579	1.295910	18.981754	13.593836	-7.821187	22.672707	8.035630	-10.235580	-4.796120	10.775077	
-20.573841	18.608885	1.802400	-0.331037	-12.570759	-13.942018	-20.640031	-10.051953	16.467984	-9.525979	-7.711945	15.195615	8.861017	0.517403	14.335692	-17.743277	15.468597	-12.477804	8.422257	-1.171254	-4.135624	17.292502	13.911269	20.953126	10.865278	-0.077004	-15.372213	20.082185	10.965578	10.578608	-13.127903	-20.063813	-13.457885	21.779686	-0.966291	-3.985829	-7.124361	7.645259	-9.822597	7.492373	-19.770524	-7.837887	9.165388	16.697273	-15.038414	-13.909243	-11.849495	-8.240132	2.989606	-10.083095	
6.371091	7.267564	4.313870	-2.595834	7.992784	18.860208	-15.945836	-9.175678	-0.492402	-4.359485	-12.681486	2.564984	15.989099	-0.736694	-7.363399	1.263914	-16.769317	-4.880296	6.459196	-9.772248	-13.601720	-3.317934	-15.780991	0.841819	7.587739	16.193367	-18.636158	-6.091989	8.221377	15.498015	-3.995061	15.726560	17.525976	-1.422069	15.411400	14.122617	12.735125	-2.746028	-6.841002	-9.590512	-12.851388	9.198921	6.949134	6.960538	5.052066	-2.534106	-11.669474	1.930458	18.856262	6.957638	
19.053597	-8.285806	19.262566	16.766915	19.341129	18.419412	-8.170003	-11.847388	-13.412432	-4.567939	-0.185580	-2.557604	6.226961	-7.708647	4.989222	7.596413	11.670408	-17.029467	-13.449740	-11.872011	-12.762321	-13.677078	17.302778	15.010758	-13.209699	10.637410	0.171140	13.560027	4.011988	-7.921207	18.352965	-3.001313	8.230106	8.589610	17.822413	-8.684397	-9.986136	2.141801	-5.711394	8.087293	4.816359	15.582737	15.855793	-9.518960	-3.477927	8.893101	10.442075	8.192688	-3.555768	5.344567	
-10.007805	12.975805	5.037661	-22.700993	-18.584949	14.662330	15.685473	-12.218008	15.957291	-9.572915	-9.557921	-4.040741	12.692575	18.147064	-16.606919	4.482664	11.457813	-17.581871	22.957228	-17.598462	16.869343	-16.909700	21.758288	15.991300	18.229611	-2.390996	17.698374	-2.720782	0.930740	17.441513	-3.696402	6.466038	19.904482	-9.653957	-12.558667	10.788008	-5.582225	17.979348	8.198104	-9.667654	12.430225	25.245538	-21.615221	20.405297	-18.442639	-24.348604	-3.194090	16.177354	-6.424112	7.300399	
-27.161880	29.630024	1.001300	26.546656	1.074627	26.615246	-28.258223	5.221533	21.485935	2.751382	11.453026	-15.325412	22.914274	-21.186280	-24.644168	-6.768117	-28.384871	-19.669216	8.353420	-12.325088	-17.763717	18.917214	-4.830056	10.501036	27.500104	-4.803324	-24.841621	20.142658	-16.491384	-15.788459	-22.353966	18.574053	4.784850	28.815785	14.730528	0.017753	0.582759	2.112552	-1.645172	12.567563	8.627489	11.080752	3.606389	-27.211820	-9.212084	6.207210	-7.582789	-30.624970	-10.092089	-12.479962	
-16.241783	17.074088	-26.406303	17.258870	5.128218	-28.351539	23.528176	29.409563	26.827290	25.892204	-24.579984	-28.577107	-2.169194	14.045671	10.619477	23.527150	18.262058	-26.630519	16.667781	-28.064568	3.469223	2.618016	14.674381	-8.165754	7.516092	24.613926	-3.991373	29.484290	4.495868	16.991357	-21.385012	5.676977	-9.850777	-18.853532	15.932385	-29.324509	29.394308	-15.009204	28.561447	-5.586441	-12.114164	-22.060168	-6.590805	2.464307	3.690624	25.676313	6.244593	4.593364	-27.646375	-21.118520	
10.546879	-10.994405	-25.699485	6.915453	-12.207561	12.525348	-17.380308	-3.407390	-5.863890	0.854512	-22.007485	-18.271767	-16.646526	-9.277588	-7.282520	-26.154158	15.242428	-5.453527	-24.523941	-1.111059	15.505948	-23.492414	0.582927	24.154528	-15.094246	-22.397695	-10.624007	16.640400	9.110506	13.856306	0.980897	-12.052896	-18.858166	11.098550	-14.627938	21.064926	-11.145796	16.190099	7.462384	3.241724	25.529679	9.691067	-5.914592	-4.970316	-5.243437	8.387721	-5.307996	3.531213	-1.827193	17.089921	
-18.439028	26.913960	11.980431	-19.221269	-9.580637	-21.697553	25.712912	-10.053764	-18.737625	28.261726	-4.459008	25.769642	10.846414	21.429435	0.886759	-15.358681	10.437391	-1.774698	17.909982	-0.243997	28.656865	0.106071	16.615606	17.741659	7.034456	12.630433	-17.785024	22.110002	-26.572225	14.458752	20.516644	17.314292	14.151888	20.064262	7.104619	12.580190	22.520764	25.757200	-15.382029	27.420998	12.267420	-0.919193	-11.308518	25.651340	-21.402599	-15.758191	-4.579186	-18.976853	-25.408748	3.277125	
-15.409843	-12.470120	-5.196242	-7.647599	2.677016	-20.764750	-2.912327	-16.317493	-23.870095	-5.107576	8.104766	-1.324524	7.638152	9.929216	3.470859	-10.508109	-16.645302	18.775596	-23.851482	-11.313326	-8.966906	9.258192	0.173148	-10.639790	-5.071895	-11.379982	6.547012	-6.148700	-14.321927	10.812446	-20.304532	-4.234254	14.282948	-20.973296	-2.739036	-17.140242	-14.552333	14.518049	3.644161	-22.104639	11.033369	-21.221060	16.881847	-22.349817	-11.963486	-16.249786	-14.780043	-8.692800	1.083770	7.190464	
-11.331393	7.627213	0.922504	-4.634793	-5.761487	-7.869126	4.056949	-12.021672	-18.203867	-19.178860	13.612810	-13.047587	-5.785588	-9.377359	7.825980	-4.986748	-10.584594	20.562091	-17.495096	7.479426	3.955248	1.547567	5.660081	0.315226	5.990941	-5.477825	-20.128209	1.375464	-14.991629	7.275795	8.758582	1.991596	-20.055168	5.172616	-16.915328	-16.063610	3.567872	-8.001595	3.872363	-8.286398	0.346200	-19.739641	15.257701	2.570226	-9.831702	-4.501415	20.748827	-7.832157	7.651419	-1.586640	
13.519494	-9.985545	6.929305	19.933449	-11.473410	-1.831598	-3.440795	18.459893	-7.727472	12.687009	-8.892794	19.166874	-5.021601	5.448145	17.536887	3.387858	-4.331714	-7.238253	-5.765739	-0.245034	8.619043	-17.553420	-17.672201	8.121341	9.379437	13.138482	19.376740	8.877478	-13.192604	8.041670	0.872094	14.307938	-15.246062	-14.385645	19.197062	12.467120	-2.825081	-6.233696	-5.951065	-0.050449	8.399038	19.926897	7.852927	8.368840	-17.544085	-1.348818	-7.465249	-9.838162	-14.877015	-2.186995	
-22.183984	-11.769311	-10.704489	17.716241	11.811669	-15.787787	24.048887	27.316160	10.309841	25.655172	-2.395573	-7.386759	1.077410	-19.622701	3.970509	4.420638	-8.984128	26.573324	-15.809179	2.737684	19.445099	6.624185	16.527503	11.136326	22.690318	-20.907631	14.402144	5.796393	21.557412	28.762797	-28.978947	9.847382	-27.648975	12.108968	14.128299	9.286067	20.295526	4.417395	20.955514	-22.879280	-24.808035	0.497271	11.749201	-12.334375	-28.343244	18.777818	24.850255	-9.308023	-11.369817	-16.698838	
-8.145811	-1.987243	19.029568	15.985585	-7.179615	9.942372	-15.329662	9.944938	4.744628	18.159907	-18.178604	-0.907205	-14.081525	1.176303	0.612765	0.721169	0.957568	-5.590873	8.924558	14.296704	19.762167	-15.584857	5.713460	-13.829789	-6.245004	19.166717	6.580693	-20.671655	5.879674	15.650400	14.297063	-2.284835	-16.298979	3.595299	-18.497475	-20.529189	17.881541	-3.945342	-3.046069	-12.555622	-11.968281	12.010185	-20.139661	8.086832	5.930463	1.061775	-20.243465	-16.825181	-4.683888	10.620713	
9.740727	-9.120625	-11.493652	-20.173442	-10.836546	0.451902	17.528318	19.275684	-9.255065	-6.680273	-16.219280	-16.261223	20.755303	13.483660	-11.220468	19.789100	18.254698	-9.988742	13.446526	-21.899718	-5.889884	-0.314371	-4.900260	-9.206860	-16.304700	22.966552	-1.575552	7.152174	5.455685	-23.068249	-6.518218	17.750288	-7.841099	-16.955093	2.138423	15.280580	-14.609913	14.955261	17.710048	-8.074064	-13.283867	22.181995	-2.847772	-11.055579	12.901691	5.312666	2.557973	-1.288670	-6.594316	10.080470	
9.485606	-16.551563	2.071980	-20.422716	4.483972	15.109385	-15.968537	13.335291	12.722360	-20.112809	-7.147960	-4.716891	-8.391011	-13.653657	-15.005137	-10.148569	16.936225	4.313460	15.800315	2.683313	-8.134053	-19.821560	1.113743	18.618459	14.920661	-5.905722	-15.374000	8.769051	-4.643711	-15.231745	8.514170	19.099199	7.019434	-1.296870	-14.512720	-3.057449	9.147435	9.464054	-7.273087	10.207047	11.870382	-11.291439	14.192456	-1.461595	18.961571	-10.662008	12.845046	-19.241318	14.929590	2.607751	
-8.069423	-7.880744	12.370730	-10.942968	-18.884208	-17.954505	17.931364	13.753139	2.362277	15.107533	-7.382769	-6.886949	17.033084	-25.566255	-26.592877	-21.631643	-3.175391	25.184489	24.260835	-7.630565	-9.257732	24.308599	23.636557	-1.415360	21.935543	7.725685	10.045946	3.648401	3.376862	6.116980	-27.479091	23.666466	21.580335	18.573816	26.503453	-16.604578	-19.278741	-4.560341	24.435998	-19.493432	-13.267537	-19.231567	27.003767	-21.009313	9.920006	17.787326	9.623838	-17.323057	-16.411811	18.526232	
-14.586217	7.173094	4.013958	11.279839	10.560542	-2.243711	-11.165782	22.265386	-5.562466	23.723981	-9.003359	18.838545	-21.756470	-21.846847	-2.184791	21.769861	-15.557933	-8.034674	-18.652086	-12.618232	1.900884	-4.567657	-23.827700	-14.179036	-3.153150	5.033367	8.702902	-8.578656	-10.101958	-23.284332	21.334182	0.066499	-0.223815	-22.430150	9.103648	-17.990698	-4.218704	-22.634881	22.647345	-3.669527	1.916249	19.088464	11.812677	-0.011408	3.137119	13.757844	22.866154	-11.905763	16.385931	22.114405	
7.231517	-4.519842	18.781699	-0.950441	-16.685749	17.319390	4.551357	0.587931	3.614673	-20.246016	-14.935924	8.053229	-17.871803	-11.256636	-20.469801	-7.399654	8.284530	-12.743714	-1.539049	15.610449	17.988493	17.640373	16.466664	-18.961646	-14.285598	0.511438	-0.481488	14.941739	4.750570	-10.229433	-13.666103	-18.731742	-14.302732	-9.440681	20.882868	-2.449436	5.848286	1.582343	12.916570	-0.015268	-2.850095	9.089474	-16.298817	6.640600	-10.770587	-7.432286	3.990149	18.010008	-15.063922	11.830313	
-10.697230	-2.824222	11.003806	-11.721675	6.678300	0.738062	8.922737	-11.109573	18.845057	1.617848	-12.133891	7.505355	13.879357	-23.350945	17.480162	-8.813822	-12.162054	-18.605618	-25.647431	-4.953995	4.893880	-26.361979	25.922052	-1.788310	3.285018	22.010936	9.328859	-27.126477	-3.531777	-6.264870	-15.651212	-25.693298	26.371076	11.138047	12.539631	-0.274309	20.700578	-20.235584	-7.800665	1.336443	16.974852	1.497100	20.834388	-20.796676	-1.525424	-5.627299	6.557490	5.414139	-12.004385	10.869421	
-8.566698	2.793660	-13.318894	-11.819994	-20.749618	19.783398	-23.056055	18.559988	-11.650826	24.557581	-14.684496	-0.990994	-23.339621	-7.829891	-2.732856	-14.551798	-9.283986	8.279934	-12.430425	-19.949221	8.858719	-21.160169	14.571529	-7.444093	15.104080	19.001639	-8.042286	-1.276537	16.696417	-22.952917	12.300931	-12.148610	-20.349706	-1.026096	-0.674686	-4.886602	-24.792431	19.813499	5.715773	-7.839229	-8.588710	-8.797894	13.846694	23.461919	24.164515	-14.164588	4.091625	-24.474251	-12.241279	-7.848068	
-4.427539	-6.187781	27.046193	27.352685	-6.094850	-9.021916	-8.597741	26.626541	-28.211866	-27.719610	-10.865775	-20.154524	21.785613	15.397079	27.106369	-26.098717	15.558581	8.905766	17.475072	14.801111	21.305921	27.694676	-18.943138	9.069479	23.449585	1.838279	-8.228059	13.867578	6.232339	-23.106054	-21.865329	-28.732229	-23.474649	-12.275267	26.859202	4.890425	-21.488736	-2.076191	3.001443	12.681320	16.841239	-13.418858	-7.253208	-21.853078	15.703864	3.756433	10.814740	16.307481	-0.999190	-24.104741	
0.519567	13.199407	-7.766024	12.442139	-23.675110	-10.280964	-11.590325	3.154322	-2.960151	12.813192	-0.670402	-6.879754	6.020803	-20.453718	-17.955461	-7.897266	-1.813102	23.242245	16.457757	-17.899283	-24.894142	10.282722	3.863795	20.995318	-21.911834	9.237108	13.821928	-12.673790	14.625766	10.151367	-10.758145	16.005739	-12.077839	-22.433561	-13.205974	23.802275	-11.657283	3.371683	7.540737	6.448562	24.438306	-9.330842	-18.023321	0.467616	22.684476	-0.255439	-19.581945	-6.470664	10.024488	-10.752467	
-2.334097	2.260364	10.729662	13.297762	-9.031646	19.935386	-0.550449	6.221964	-1.871785	14.580682	10.527027	-9.557500	9.358360	14.495805	20.909426	13.327375	-7.811882	-18.486456	-19.791012	1.750678	-8.183737	-18.428916	-3.282280	19.950557	-5.933421	-7.032991	14.915641	18.320329	-16.597044	3.350159	12.803151	-5.193289	5.374669	-2.009408	-0.778444	19.298354	13.418234	19.705845	18.593268	10.822252	-11.302428	5.538767	-13.909242	20.161949	-5.576400	20.952034	9.405543	-2.951475	13.311773	19.715362	
-6.683763	-9.241379	14.126958	-4.572504	-6.415280	19.836681	-6.179681	-15.047151	-11.811447	11.895900	-7.021476	-13.675246	22.035685	23.748999	7.517039	21.469947	-18.065689	-19.601016	-3.195679	7.425002	7.324697	-12.921555	21.961826	-15.983008	10.643390	-1.283180	21.819329	11.710456	12.051189	18.750538	-21.711399	-13.726099	-13.633529	-21.019230	-21.687606	21.543144	0.090857	-0.239917	-22.007939	1.285605	-14.338299	16.919824	10.015639	23.381357	26.243928	17.705988	-9.960815	23.555941	16.809412	-5.447243	
-14.675862	-11.588004	-17.908779	-0.865643	-4.316285	22.537961	4.275167	2.162377	6.944532	-20.156705	-2.777952	22.943319	-1.671185	20.511090	8.045885	-19.829016	-20.210042	17.989665	0.853072	2.458056	-4.237310	11.950336	-18.088775	-8.533184	11.037200	6.111638	22.188208	-7.614693	-19.945228	-18.453165	23.145160	20.196336	24.946570	-18.370246	10.033031	20.889997	-20.667840	-22.668864	-19.522669	-17.021055	8.017114	-22.483208	-11.430806	-4.817540	2.997639	3.595170	-24.110758	-12.202999	-22.542771	14.845088	
-15.417181	-22.965053	9.779794	-24.863601	-18.840546	-13.932739	-6.419849	-7.097862	25.613360	-3.326080	-26.217734	-19.180913	11.193065	11.689211	11.479353	-17.423607	23.805467	15.124243	25.038296	-11.120012	-9.108129	23.491814	-14.093069	18.735719	-23.885435	-15.516858	-18.178250	19.968450	4.021844	-6.377891	19.118938	3.831683	-22.019975	-5.999947	15.507657	7.353543	-7.489057	9.931865	19.199528	-11.120333	-26.766258	-21.677509	-19.321085	1.319781	-7.327352	20.800140	-5.915629	9.176655	9.608163	14.127387	
5.802298	-24.055755	-12.147116	21.044022	-8.126508	-8.582322	-20.203938	13.672373	-9.252019	-13.179963	15.168202	-1.369197	18.216372	21.290232	1.950075	11.023923	4.972752	-2.201988	15.465345	-9.981081	-21.466717	-6.748502	-15.581063	16.597305	-10.642732	0.904969	20.235182	13.205634	-10.566805	4.317520	5.804773	6.130054	-14.442365	-21.434253	8.263368	20.125159	-11.374699	-18.823520	17.346062	12.403237	23.242868	0.789307	18.698433	-0.463027	20.503755	-2.257449	15.813124	-9.926533	2.500042	-25.244562	
-24.528228	-6.574263	11.701590	18.650209	-11.257501	23.869396	-28.115690	-21.686189	29.150653	-29.409131	-28.933228	-7.424482	-0.885267	-15.281007	7.290989	11.607291	28.088517	-10.142057	-9.240677	-26.212416	17.096864	2.961546	17.570740	-7.540084	-29.338525	22.127653	-17.535151	23.606866	23.354009	1.003953	-11.433751	7.790745	-22.817427	-30.147109	-28.192387	-4.165045	-13.685045	1.980798	-20.145393	28.654609	3.177777	20.032676	4.050116	12.392982	9.088748	9.888582	-25.444973	17.054521	4.499974	23.926870	
-12.293112	-24.009653	-26.996452	-10.576416	29.691649	-28.215169	-16.933494	-8.162656	1.520892	13.937768	-9.491327	-12.744582	-19.753282	18.272277	-23.354940	-29.450924	-16.068951	18.114601	-4.890066	-21.333017	24.412966	9.984498	-22.217380	-14.185215	-2.954003	-2.987389	15.452292	0.391432	15.583604	-14.793132	-18.278948	-26.332097	-24.560088	-8.300837	-14.224678	25.205434	16.794589	-3.975212	12.543652	-15.537316	11.520938	-28.599330	-5.330319	20.030545	0.615548	22.849464	21.234302	10.644802	13.258842	4.456152	
8.977475	7.651589	-5.640997	10.851349	-11.867730	-19.460991	2.231333	9.379625	-21.299293	20.038057	-12.432944	16.077496	-19.707211	15.218127	-14.632251	-14.227323	8.548051	16.629347	6.500180	-16.413675	21.680016	-8.857000	19.870713	-12.529988	-21.463979	4.065540	-13.604466	15.073197	-6.574482	22.845781	7.102826	-6.155760	-7.604085	-18.812820	-12.331601	11.482903	10.268266	15.428267	-12.911068	-0.506320	11.707301	-3.982160	-4.507095	16.046268	-13.905955	6.262513	18.837876	-6.141967	-13.556802	19.934796	
10.199443	12.884508	5.950618	5.967282	-6.226547	-0.185850	12.787274	-6.331095	-3.221930	-7.319619	20.933767	-7.504867	1.822458	14.411104	5.044572	-4.915584	18.111649	-15.146092	-20.319916	11.225229	-9.197629	5.277990	-20.130219	-6.311051	-17.537910	1.644013	-20.309867	4.516403	-16.415305	-0.250923	9.722077	1.675129	-10.599827	-16.491285	2.012414	-16.694865	15.002423	-5.668130	-16.789795	-17.968726	-20.330535	17.293586	14.219115	15.084139	-20.053852	6.974193	4.650870	-6.171848	-16.115955	5.507033	
-11.649009	-4.766281	14.175890	5.854237	-15.794878	5.501548	-3.179354	5.631103	10.278667	-18.722981	-15.685506	9.982037	15.254366	9.288773	8.539006	18.362760	-10.342463	-0.931792	-7.448691	-6.441420	-9.086023	-19.110306	6.767300	8.506379	1.531672	10.218965	17.871528	6.071105	-12.721086	-9.470924	-0.950592	-1.495280	12.029428	-15.357062	-15.950420	11.953760	13.699385	10.901563	-13.235100	7.069356	21.151772	-9.687186	-1.621013	10.118575	-3.525149	-18.096980	-3.569343	-15.965284	12.377198	-4.367751	
4.159095	-8.768210	17.557065	-7.359179	11.648694	14.901713	-6.747528	-0.658628	9.829145	-9.583182	-16.259638	-4.573297	3.388484	-0.678638	-15.238656	-1.155919	-1.161150	-4.002918	-7.815636	16.182718	10.240508	-7.692205	-7.263322	-1.320130	4.419277	-2.761246	-7.287127	-6.150176	17.845064	-8.589969	-5.869684	-16.242730	-10.473766	7.362075	-15.290650	15.215009	-11.758707	13.742042	-16.721628	1.222220	-17.939881	13.321303	-10.773774	5.638676	10.534356	11.496028	-12.623847	-11.201861	9.967500	-5.498211	
-12.856443	-21.620915	6.838882	17.394183	2.897783	11.372837	-20.844301	-20.138177	-9.151875	7.786750	4.618911	-11.997178	-4.321230	3.190208	-24.674275	-3.568987	14.631504	-4.340346	21.735119	11.575654	26.911808	10.941492	22.651718	-2.849075	23.057287	2.054328	13.618351	12.607291	9.867261	3.670475	-2.449468	-22.879930	9.805785	-18.019960	17.986133	15.742756	20.251750	-2.423984	-13.546104	7.291100	-0.710433	21.908595	11.269545	18.653009	26.556261	-6.119168	-11.000065	-11.432941	21.536696	4.313710	
11.677888	-6.035442	2.395008	6.101752	12.584190	-6.824879	-13.056887	5.069397	9.404607	6.402366	-17.952135	16.225148	-16.914036	-9.611573	-10.647790	-1.178882	-6.560903	9.293298	-11.663960	-8.046880	8.117481	1.967355	3.195551	18.388883	2.521377	-1.553768	12.821122	-20.561559	-1.936171	5.335412	4.293093	-14.162389	16.786728	3.030841	-6.217204	13.890483	-0.921967	-11.219682	2.536649	9.651191	-2.024348	1.046800	-2.852846	11.258445	20.997377	-3.414683	19.009462	7.390621	-14.332648	5.161330	
-8.754669	-1.320443	-3.775593	1.737743	-9.259032	6.081261	4.559058	0.975683	-8.400315	3.525376	-8.853132	13.762139	4.597954	0.103123	-20.823952	-6.797270	9.316640	-9.777994	2.318252	8.217814	-14.183172	-21.491806	-1.867080	-6.343964	7.045383	3.344648	-13.527104	13.208040	19.148447	-7.463257	16.114769	8.622276	21.195136	-10.252607	-6.463130	-13.173305	16.013002	-9.973613	2.701547	14.961514	16.336756	-1.938066	-21.769035	-20.643993	21.154532	-21.766064	-10.908156	-9.397329	-10.546324	-4.488416	
1.292704	13.731280	4.654437	-7.079129	-15.719182	1.284128	6.572211	-5.706402	-2.995290	9.885640	15.952290	-2.541015	-3.380492	-10.299044	14.171262	22.264541	-0.704329	-15.008212	-21.321110	18.127927	2.333558	21.707132	-5.395498	16.414523	0.585643	-5.743767	5.280506	-6.598878	18.929253	21.263097	-12.812112	-9.015436	-9.704373	-9.970418	17.572621	-14.451334	-21.646755	-18.304721	4.489471	-20.600069	-11.690521	-7.078006	22.165284	14.983255	-15.387524	-8.288374	-11.495876	9.112234	6.774754	7.999401	
0.487721	12.055334	-15.461804	-23.583786	16.345216	7.148927	8.237701	19.359536	-20.665457	18.339113	-9.998243	0.211102	7.163625	-6.402158	6.215623	16.285393	-3.164344	19.568818	-9.909270	5.329924	6.004915	21.790727	23.915293	-5.608613	7.134293	-18.048465	22.734533	10.246806	-22.933506	15.984591	12.670603	-14.984990	17.774647	-20.502516	0.463755	-15.809776	-22.115285	20.644262	-0.274386	0.511266	-16.444069	15.883485	9.651365	-11.962609	0.587735	-16.530641	-4.156826	18.580336	8.245740	16.628142	
-22.560086	17.746167	7.852242	-11.490866	-7.106136	-13.979791	-19.432674	-14.311895	-1.059987	3.785695	24.818389	-21.454907	-8.166781	-20.638131	-24.707768	18.243103	24.181209	20.043191	9.514617	23.214680	-5.009434	0.602141	19.419320	23.821634	22.420822	23.552457	19.441038	-17.383431	7.893106	4.067016	-20.807775	-7.614174	12.153393	4.631539	-23.985843	24.841402	9.509531	-21.751180	-17.267366	-8.004696	9.775461	24.689965	13.557410	-11.173223	0.777832	19.215994	-18.782483	8.996871	-24.743406	-3.051253	
3.746480	13.025140	-4.381239	-20.141927	11.858193	-12.327529	-8.632982	-16.270245	8.955774	20.569022	-6.617739	-5.635956	-10.495395	20.383290	-9.244732	11.136646	-12.300159	11.557834	4.320319	-4.532658	-19.662960	2.931689	-11.112421	2.950277	-0.138057	16.435239	0.166696	4.837888	10.731243	5.043386	0.860894	10.585878	-17.171261	11.973870	4.617720	-7.418858	16.075292	-0.357741	10.589124	-8.496155	17.288389	-11.074020	-2.645486	-5.277873	11.612336	-2.175670	4.498472	-14.048121	-2.229611	11.923223	
20.878962	-15.007669	-16.064773	1.792972	-19.437837	12.721874	19.420560	-7.615311	-15.382725	10.669024	-2.569681	-7.734361	-8.573190	-19.042785	-17.372564	-5.718096	-16.659900	18.600228	-12.855699	-2.751737	13.711054	3.605323	-11.940603	19.116768	15.529384	12.637055	12.060145	16.883078	-1.111459	-6.465436	-11.181717	-0.388545	15.101095	17.442534	-8.102454	20.428490	11.410164	6.203974	-4.777622	9.361511	-2.905644	-6.166004	1.762527	-0.494307	1.202094	-8.912499	-19.429127	-11.223660	19.154208	-4.866596	
-18.347378	-19.478396	-27.955076	-13.418395	16.491608	19.877618	-27.796329	-28.653400	-2.483568	6.795861	11.322530	7.203344	2.932931	-18.804729	23.269146	-21.074702	10.721309	28.402845	14.834116	-12.635423	-19.217912	17.405364	-21.416580	23.265079	-21.874994	-28.995092	4.729957	16.950245	-12.474167	11.564475	9.472297	-6.511724	7.801251	0.489703	15.081364	7.858253	-10.067277	6.919255	-16.596319	17.798153	15.791470	24.994808	23.659465	11.114790	-0.042684	-16.805202	17.339012	17.940551	2.962919	15.595250	
6.172302	1.021753	-0.999469	-7.394584	22.992443	10.106078	14.715466	-21.430040	26.691635	22.862400	-5.786457	-3.912466	1.996874	-7.101018	25.162263	-14.549201	-6.595421	-8.755139	13.075982	-13.191043	14.018297	22.227472	11.424869	-3.675514	21.776776	2.363210	21.971693	13.095409	17.846760	5.756136	22.377694	-16.932319	22.212627	17.100172	7.813919	14.091748	-5.883584	16.649483	-13.471314	3.549924	-1.971012	-10.278211	5.485859	-2.418364	-22.752640	-13.463095	25.949854	-7.239585	25.894366	-0.929257	
-13.239394	-19.318338	-25.646862	-20.203112	20.335381	14.150669	-22.840523	12.895594	-18.811722	-7.467742	2.838747	2.385965	-7.073843	24.699009	-15.939563	4.014399	-6.290029	2.550129	-8.675999	25.090905	-19.233575	6.454140	17.414206	12.334561	20.516287	-7.269667	-5.104706	14.902248	10.667112	-11.400717	-3.068272	1.731969	10.244111	-15.574625	12.911917	-17.465766	1.755716	8.355621	-13.223897	-20.423057	12.786264	22.193876	-24.076912	-1.945664	-1.436865	-20.536120	8.907024	16.316824	6.520958	-6.446091	
-9.696823	-12.733071	-21.121530	1.658422	-4.733399	4.336621	-19.731956	5.734080	-0.660072	11.277691	-3.884753	-7.028210	19.401040	-9.612880	18.020025	1.899053	-8.158795	-15.779544	16.937431	-22.942790	6.795299	5.456366	20.996270	2.708488	1.141572	-22.780333	15.236164	14.012399	10.626970	6.437021	-15.780079	-13.175681	-10.815014	7.493724	-8.393304	14.946964	9.075672	-12.169474	5.463418	-16.457789	-2.064414	15.872614	6.975992	1.170317	20.520748	-19.650012	2.200154	4.970000	-16.452689	6.973848	
11.339887	26.308898	-5.196693	6.886464	-19.251427	21.899725	26.272421	-22.414263	-23.912715	16.489205	5.394118	2.126290	-24.901300	-1.637020	14.764698	6.197524	14.900844	-14.015616	12.416868	-14.824605	13.089734	11.574655	0.891208	23.916637	-4.643383	-1.534944	1.593603	-20.782412	3.324463	-11.555955	-25.807641	10.207233	4.515229	-22.706704	-1.049494	-18.586640	1.229510	6.422496	23.953552	-13.578308	23.093929	-1.364141	9.225029	3.780779	12.222900	21.708757	-24.836112	3.517832	-20.778854	16.349193	
-18.067787	6.543322	21.829824	8.050179	11.307134	5.618362	-1.800591	17.782791	14.133865	-21.202606	-16.173080	16.941184	14.431457	1.643126	-7.923765	9.873368	5.681389	-8.662939	12.258451	8.481130	-9.359223	1.033853	19.474543	15.769145	1.351021	9.569244	-11.284738	9.840628	0.056956	-19.729258	21.239471	-2.905359	-20.296391	-1.877918	10.095088	-10.313421	19.658402	12.665481	-10.439083	8.068452	7.858679	-4.353013	20.812638	-9.386985	-0.833124	5.165804	3.042965	17.723642	-4.357131	-20.661423	
-10.325215	9.035612	1.345396	-25.217682	-18.371059	7.278465	22.775285	24.689152	-2.980051	23.881374	-10.484834	-12.250670	-9.049926	-11.028465	1.490483	-15.070404	-13.387685	-8.369442	25.068097	-0.349421	-12.782067	-1.317199	-12.221279	-25.067942	19.435807	-7.486783	2.923933	0.373296	-14.843137	-5.556421	3.202228	8.641150	-16.956276	-0.194074	-9.472902	-15.198643	-17.533414	12.874289	-13.720674	-23.724301	-0.001079	-11.103039	-8.774785	8.855105	-9.503697	2.698908	-15.787774	-24.953482	-21.888199	6.902822	
-6.821571	28.873417	20.561670	12.616196	-19.309527	-28.347324	-27.623751	-17.719466	25.404126	5.585194	25.065681	-1.033899	-23.785978	-11.168562	15.062831	-26.798001	13.960324	-20.567171	-25.014714	24.233645	-18.340491	-24.431682	2.510445	16.628930	-14.676070	-15.633103	21.395520	0.710484	-6.237200	-16.046522	-1.017473	-20.718895	-25.869024	17.106620	-4.561007	13.622749	16.974698	-1.079824	25.290251	-7.809367	13.299514	-11.467843	9.018521	26.254016	14.968340	25.474342	-12.263126	17.179046	3.993786	23.259650	
-8.791873	-14.774292	17.065534	19.380370	-19.110902	-11.398000	15.856271	-2.128764	-19.056253	-10.877616	15.784573	-8.155963	-5.053211	14.729384	-10.934623	-19.929642	-2.028269	-19.465919	-2.849208	-10.828711	-19.806352	-2.017161	9.910991	12.602270	4.016053	3.934834	-11.691065	7.322261	8.644672	19.676975	-2.428541	7.976087	-15.896926	-18.997408	-7.336434	5.947603	2.361101	15.846927	-14.888513	-18.970580	-19.361244	13.575445	-10.663778	-1.219652	19.735864	17.707860	-7.618950	-14.393168	-12.139292	-10.035688	
-0.786439	-20.737079	-7.559344	-24.479076	23.738579	-2.743372	-19.479582	11.136838	-10.431618	17.696844	19.500818	3.949947	-3.706521	8.138406	-3.665071	18.252677	-8.850729	17.055370	15.204313	-14.364899	-18.278727	1.281583	-2.757300	4.786784	21.113342	10.067455	19.148922	-11.266732	-9.803224	-11.283509	-13.731924	-20.335208	-8.426433	-7.215975	-3.598995	17.563881	-3.916911	-14.993353	-9.092435	4.623797	-6.448560	-23.240096	-12.590296	-3.077913	-2.920401	-10.818085	14.840868	-1.919943	-9.482116	0.336891	
5.532170	-14.337190	8.476801	1.623949	8.405349	-9.848269	14.710609	-18.922526	-17.056742	10.728119	-15.795816	-19.402290	4.502503	13.974568	-19.843081	0.044555	17.959785	6.612087	-20.984986	7.512978	-7.390927	12.548260	-17.294623	-5.828818	12.547021	18.386214	1.937322	0.990997	-9.369901	3.318976	-4.877336	19.202031	-0.286833	20.132757	14.010818	21.504534	-21.246061	2.409095	-20.533056	-10.375759	-11.020974	21.322997	5.930133	-12.804659	4.670390	12.079930	-11.676044	15.145544	-0.067724	-10.188404	
-3.745225	20.809742	-2.682117	-9.769794	20.983028	3.624058	7.359695	0.193037	-1.632245	2.269218	12.568673	-18.042549	-18.922322	9.471908	4.986160	11.670756	22.308754	8.824619	-8.199913	18.946295	2.114016	-22.053783	0.946479	-21.544009	-18.148976	21.411213	3.983570	-2.983964	-13.431689	5.955747	18.810045	-3.994857	4.293432	-18.515133	-6.645038	-6.529714	-12.678688	13.565378	-3.418332	11.892199	17.290619	-3.157666	-15.047190	-2.816261	22.541988	-1.446376	-18.054938	12.250222	9.846256	-10.413853	
24.198447	22.971498	-28.567649	17.257119	16.472044	6.357087	17.101042	-12.859202	-0.337663	-24.745564	-12.492579	23.952469	-4.487445	3.119837	-22.093341	14.945281	6.196662	13.690319	-18.236700	1.337280	-24.121900	-0.685318	25.404626	-19.271202	1.951320	7.820876	4.106251	2.588467	7.315932	10.717103	6.848188	-1.431585	22.200491	10.507877	-13.959322	3.936713	-4.792733	11.998377	7.146723	23.355701	10.519665	-5.664381	-2.634265	13.465498	18.214736	23.606951	0.503737	4.963329	6.943890	27.701011	
6.195690	18.051669	3.357270	-20.635948	-12.651209	8.698075	22.046059	-7.520977	-21.918152	5.613347	-1.817437	-16.134371	5.805928	-4.205876	2.956397	-3.869605	-10.110384	17.363583	8.915210	3.822171	-0.593648	17.706256	18.304973	17.271025	6.643176	17.921983	-1.180311	19.650633	-0.799711	-6.573836	9.427321	19.285373	-17.305780	11.617307	3.014396	-5.817545	-19.123341	18.680688	8.312829	-2.403119	-4.305401	-3.507529	11.383313	11.900282	-19.489713	-1.665079	21.213923	21.725439	-3.931830	-8.529644	
-17.357059	-23.843546	-2.060494	5.262565	-24.358244	-1.500436	13.379557	-22.321745	5.660173	-25.063493	-16.054777	21.297571	-7.484966	-20.910941	-12.085695	-21.265948	5.098279	-5.160388	9.216352	17.268158	-24.372924	-12.723319	24.070613	-22.796584	3.116910	-26.551793	-2.981184	9.845970	-1.670741	19.458458	-24.880158	22.856742	-0.813927	22.304219	2.364063	-6.722578	2.137430	-4.980106	11.022262	-0.573843	-6.535643	4.362218	-17.057858	3.156966	-26.864858	-3.892779	-7.111549	15.932083	-20.564897	-2.851967	
8.917979	-9.934751	16.411227	-12.814638	1.243990	11.472563	8.473669	5.735478	18.978281	11.061787	-2.428746	-13.415907	13.359464	-8.421339	-8.356789	2.967815	-3.963029	-7.226826	-16.772254	14.871721	-8.817346	13.522365	-4.880383	-19.643779	20.702046	-17.057032	-11.707626	23.778103	18.171076	7.738063	-15.555158	-17.235014	14.387341	-7.951562	-21.850048	19.934322	-10.723939	0.770536	18.568171	-9.895488	17.579939	11.748839	22.118474	5.020920	-6.087616	-4.477550	0.452747	-18.410276	2.430083	23.862051	
13.868933	-14.820085	2.996109	16.139364	-20.074166	-14.981472	18.399168	17.293332	19.225288	7.805169	-13.340526	2.648708	-6.280384	-18.584504	-12.433102	10.380283	-17.985816	-6.208460	3.783250	-6.948480	18.429185	17.387699	-10.126003	4.634308	-2.963976	14.338821	-6.862964	18.849195	20.154111	17.587341	8.475821	7.411323	21.667409	-7.231114	1.910755	-4.397235	-14.702631	-1.350115	-3.876881	3.418083	-14.074854	-1.166156	-17.160895	-7.336207	20.253977	15.443162	-10.277309	-21.467511	-18.986629	-20.674646	
7.265635	-11.229744	16.367192	-7.869927	19.218821	-8.005992	-19.606771	16.115106	-6.435847	-5.987779	-2.958325	-12.397660	10.775979	20.088746	-9.483525	-18.862819	3.049954	-16.931220	5.858790	10.502515	16.657076	16.041731	-11.799330	20.681430	-15.464220	-15.760248	-0.410621	19.916471	-14.017531	1.823094	17.099294	0.824944	7.315517	17.453918	15.493938	-6.767762	-15.733865	-7.223927	-1.933401	9.870497	-19.631201	17.438841	13.700926	2.449748	-11.017104	5.476025	0.318471	-17.433724	18.866153	1.853331	
-9.204378	-12.562063	-25.867174	27.292512	-17.225256	-17.807842	-5.803535	9.409278	11.526210	-4.206343	-21.891736	-1.893153	-17.027515	-4.234448	11.588197	-24.208663	11.388915	9.180326	9.384144	3.462929	-12.819918	-22.235212	0.288236	-19.203737	16.564538	-2.108409	-18.979206	9.358084	-15.105286	-26.973517	-20.006599	-3.836063	26.359594	-21.153020	13.451691	15.437722	-2.875051	19.725737	14.276463	0.881145	24.934242	-19.356620	-15.597141	-13.405362	-11.009516	-0.187645	20.470724	-2.149710	15.416691	-21.637950	
-4.159253	25.643718	11.376181	-20.938717	-4.008834	-28.655014	5.426022	26.514490	-8.431347	-11.057127	-6.671515	-25.969277	29.068675	5.799589	-27.214977	26.118913	-24.441194	22.843382	3.210861	20.596135	16.204247	-28.224197	12.119109	12.683923	-22.610194	-15.010640	23.567147	27.857977	-1.162356	-16.828527	-2.911347	-0.967273	2.762957	25.305961	-15.021641	2.192793	-8.643296	-10.091087	-6.764379	9.569514	28.195346	-26.901263	-11.792602	14.946466	-16.774066	19.018444	9.096930	8.975834	-29.135615	8.102947	
-16.057926	-6.438788	12.282889	9.156106	-4.071160	-7.587177	6.383500	-8.639174	19.596027	0.113142	4.013568	-13.335137	-6.647453	-0.760451	16.168365	-12.183795	4.743057	-19.071644	15.703234	-9.081735	0.752069	6.670704	-2.193141	-8.276224	7.745174	-14.144550	-17.648789	-11.938555	-10.202731	-19.648930	18.750537	-13.947205	-13.967151	14.790273	18.872360	16.872865	15.099697	-18.680580	4.517470	-21.058755	-0.225415	20.044740	-22.520044	20.527057	14.297118	2.107257	-19.053983	-6.702528	12.385803	3.941762	
17.476277	4.099013	-5.332598	-14.024648	-15.929899	11.833691	19.510378	10.027506	-3.700890	-13.652835	-11.595913	2.925273	7.662713	-11.774123	-1.996294	13.821309	-6.419555	-15.187535	18.154383	-5.024035	10.470406	13.785493	-16.961160	7.373629	3.554152	12.956629	-2.535915	4.627613	16.353617	-10.176134	-12.515534	-20.129450	3.610982	15.705079	1.802151	-13.471082	13.575071	11.813659	20.242494	-9.342778	6.188579	2.305086	15.556077	-5.380588	-1.540369	5.057803	-19.856867	14.586200	-19.232386	1.691320	
15.082074	-14.367562	22.788918	-6.913923	-24.550277	9.444997	8.159425	26.091752	-22.978913	15.261963	-8.758112	0.938819	24.277993	-23.180235	-2.073674	-30.816546	28.094879	-0.099673	-19.401581	-7.443051	14.311933	11.626631	13.334247	-19.819493	-31.629738	-29.837536	-6.733434	-4.821881	21.760529	-31.134975	7.766387	-15.165088	3.257405	13.655371	-13.496377	-29.278405	-23.246037	11.733514	10.997645	0.031628	-11.564745	31.629179	9.210864	27.266758	9.510996	5.177743	-18.092723	3.905861	-14.029495	-15.325256	
-24.992785	-25.964890	3.423495	23.881599	-10.957670	14.233619	-3.166352	0.174363	16.092459	20.373900	15.007469	1.637652	-15.158646	13.984594	-5.738181	-25.899136	23.035712	2.985132	-3.426192	1.928555	18.817660	-14.085089	3.567786	-12.208944	-6.691893	-6.550471	18.459480	22.538631	1.463385	-25.410053	-9.303197	20.073833	-27.081202	-5.823934	2.798802	-12.348007	-8.181498	3.098502	1.856429	-25.433259	15.591423	-24.686411	-14.522257	-6.960362	-25.405006	27.190971	-26.891956	-26.783453	2.072571	-6.146179	
-16.989605	1.560484	-4.309832	-7.612241	16.663279	26.631394	0.387364	15.467056	22.514218	8.352814	9.434051	4.820493	-10.359349	22.021159	-12.502348	7.073703	1.998637	-9.264697	17.291997	-10.671055	17.573867	-26.394882	18.895473	-0.142689	5.075504	-20.230851	15.530134	-15.062106	-0.027367	-0.416303	16.252162	-14.896162	-2.218015	9.775549	24.872384	26.695293	-0.429348	-3.270232	15.923080	-8.923913	-2.860599	2.920358	-8.253342	20.819216	-17.979633	-13.654051	5.643363	-13.122108	26.055000	-26.094165	
-3.827164	3.543475	-21.378542	12.737018	-10.294572	6.247699	-16.541191	18.242075	-6.177636	-18.797257	2.840459	16.362578	1.081638	-16.540496	18.378699	14.892000	-20.222981	-6.790175	0.980382	-11.383097	12.308721	8.339240	-19.315173	-15.696687	-7.151047	4.011755	-5.806162	-4.162685	20.215602	4.552443	-21.628339	4.985185	4.853920	6.813699	-3.397952	18.402737	-12.315755	19.393502	2.373171	8.778729	-20.026292	11.696679	-2.412128	-9.568153	-17.935561	-2.506495	-1.758102	-1.823008	5.052754	20.497061	
1.610604	11.911875	25.530508	4.041427	-20.617203	-13.141192	-18.308860	-3.490397	-19.821417	19.275236	-20.668217	23.394672	0.007373	-4.124553	25.657339	-20.275143	26.646698	14.950700	9.162067	12.725822	5.856004	-9.007044	-26.482767	6.388011	-24.020003	4.187965	24.440795	14.875070	-4.341433	9.253659	-7.281658	19.361065	-11.966357	-23.524554	-2.285800	5.309664	10.088139	-19.099017	23.971156	19.485351	3.459597	8.327804	7.105165	2.644757	-10.245093	-8.174875	8.541832	11.817274	21.355782	-1.393255	
-17.509838	-0.689326	24.436272	-1.278709	-6.298995	-10.154909	20.589558	0.578066	-23.687266	-3.475976	9.384429	-16.139249	-0.140286	14.586134	-1.508463	6.937644	25.620738	3.635108	0.873320	7.229225	5.448098	-11.328597	-21.990340	-2.749348	-15.903331	5.281250	25.077012	-25.128022	5.920819	-0.968535	22.486203	-25.370146	27.723834	28.540488	-17.427562	-25.851579	11.041382	-4.067607	13.317426	-20.803687	-24.462131	16.111714	20.713771	-9.379218	-22.608428	15.200568	-13.304554	23.647769	-23.969954	-21.150472	
21.264572	-2.934180	7.275001	3.823127	-0.524325	-8.664889	-7.400688	-4.684160	-5.307384	-21.704915	5.229103	-1.563899	-11.547984	3.188445	-20.019304	-18.123046	16.234921	6.883891	-15.040393	18.843856	13.886563	-5.512531	-15.340893	-1.113429	1.394631	24.929997	7.966914	-0.326671	4.170205	15.378537	1.604693	-11.741966	2.799563	16.236433	-16.051510	13.338246	11.693339	-22.298449	-22.460049	-13.782845	16.330613	-11.522845	23.720861	4.382194	7.101989	18.184307	-20.923989	-19.056772	4.536661	1.807401	
0.000191	0.030813	0.026384	0.013464	0.013348	0.019096	0.020689	0.038799	0.037071	0.031315	0.007314	0.006066	0.001269	0.010434	0.014314	0.037871	0.014304	0.018922	0.007750	0.035777	0.008352	0.033011	0.002040	0.009077	0.031242	0.008624	0.011725	0.016288	0.019324	0.007224	0.005589	0.004261	0.017250	0.032454	0.037020	0.020908	0.024191	0.013730	0.033861	0.022699	0.037785	0.033716	0.014486	0.011193	0.029743	0.005216	0.037283	0.025508	0.034800	0.026208	
0.027873	0.006580	0.024649	0.012948	0.040153	0.000793	0.028540	0.011793	0.027017	0.021310	0.037315	0.009501	0.016126	0.000020	0.017971	0.025383	0.020469	0.037512	0.015642	0.035182	0.000186	0.040739	0.027261	0.001203	0.027941	0.000695	0.001561	0.037185	0.014663	0.034181	0.003304	0.030668	0.036867	0.006336	0.025617	0.041788	0.022651	0.023248	0.033437	0.002179	0.019671	0.010849	0.015142	0.020183	0.019933	0.002484	0.019550	0.029739	0.008745	0.025212	
0.015779	0.030580	0.036518	0.020185	0.035225	0.041842	0.008343	0.022860	0.036571	0.015895	0.025551	0.005377	0.020118	0.016406	0.013389	0.032854	0.004317	0.001782	0.004395	0.011292	0.033685	0.036088	0.002922	0.002936	0.000242	0.008926	0.022125	0.011902	0.041617	0.009796	0.041989	0.014171	0.027009	0.004827	0.028583	0.002816	0.036015	0.039944	0.027049	0.010956	0.028721	0.000207	0.042010	0.005413	0.021206	0.002417	0.024677	0.003472	0.025509	0.043490	
0.031148	0.011745	0.029297	0.025046	0.027693	0.007511	0.028472	0.006934	0.007028	0.024622	0.006275	0.040264	0.012800	0.006110	0.015021	0.013362	0.031144	0.002383	0.017324	0.029437	0.022538	0.044209	0.041117	0.028057	0.009768	0.016097	0.002312	0.014792	0.001695	0.013102	0.043064	0.003383	0.015613	0.037227	0.018241	0.034189	0.022062	0.018811	0.041469	0.004086	0.002967	0.036889	0.020998	0.022353	0.015406	0.006228	0.008907	0.021232	0.022574	0.036998	
0.005631	0.013809	0.002421	0.020238	0.035931	0.036219	0.023771	0.029228	0.026754	0.001906	0.016231	0.023714	0.024910	0.018228	0.027047	0.019958	0.028906	0.014970	0.026743	0.022074	0.035165	0.015846	0.017814	0.034038	0.002314	0.007212	0.015938	0.036335	0.022192	0.003105	0.030892	0.016736	0.022554	0.022748	0.005746	0.030806	0.007935	0.003101	0.004405	0.037249	0.015309	0.006167	0.037581	0.009690	0.025307	0.023709	0.022038	0.022133	0.022117	0.025130	
0.003828	0.018044	0.000037	0.004471	0.033199	0.001366	0.012985	0.012382	0.033725	0.015370	0.036861	0.028832	0.018572	0.032654	0.023362	0.018316	0.031888	0.003359	0.006394	0.002118	0.008213	0.012029	0.027305	0.013606	0.014371	0.020285	0.031453	0.023734	0.022079	0.015059	0.000164	0.014680	0.039005	0.016778	0.034617	0.010370	0.031944	0.009909	0.024045	0.001370	0.034817	0.035799	0.006459	0.006952	0.035946	0.039213	0.038867	0.039130	0.012910	0.041126	
0.011744	0.035675	0.007280	0.033994	0.021178	0.002830	0.011000	0.026226	0.025788	0.034313	0.009215	0.003910	0.024138	0.021289	0.033625	0.013046	0.035385	0.034768	0.014449	0.016425	0.023264	0.018968	0.015723	0.021069	0.023817	0.016973	0.016835	0.004981	0.024181	0.014559	0.036368	0.022540	0.029662	0.012720	0.024167	0.014266	0.036877	0.014208	0.023226	0.017295	0.021703	0.018657	0.018139	0.011978	0.037382	0.006305	0.012428	0.026763	0.012766	0.005902	
0.029837	0.036566	0.018730	0.012846	0.038533	0.030397	0.027130	0.026896	0.003630	0.023214	0.010138	0.030667	0.019559	0.033579	0.038584	0.004047	0.005170	0.014313	0.017982	0.003516	0.024148	0.001450	0.004016	0.030805	0.031411	0.006603	0.001344	0.039115	0.017925	0.015446	0.004436	0.027312	0.038692	0.034539	0.001260	0.002236	0.037687	0.000885	0.016975	0.016124	0.033886	0.010907	0.019810	0.021894	0.008490	0.017346	0.016286	0.036242	0.018801	0.038602	
0.006835	0.006787	0.015288	0.028913	0.019213	0.035533	0.027996	0.036708	0.032262	0.013101	0.013531	0.025046	0.029438	0.022770	0.034808	0.029304	0.029651	0.006881	0.019413	0.005099	0.012798	0.029075	0.031935	0.019665	0.007407	0.006693	0.024884	0.012619	0.025657	0.022439	0.003475	0.025241	0.029757	0.002848	0.024470	0.013882	0.004996	0.023137	0.012525	0.025793	0.029154	0.022684	0.014441	0.024454	0.015780	0.033133	0.014984	0.001540	0.025307	0.020650	
0.022766	0.032649	0.008742	0.011174	0.000749	0.021752	0.027188	0.031869	0.029842	0.010604	0.034055	0.017725	0.002815	0.000072	0.002330	0.028636	0.012489	0.034077	0.029456	0.022808	0.014345	0.021430	0.018915	0.021158	0.001171	0.033314	0.026197	0.029032	0.031601	0.031128	0.030261	0.004756	0.026586	0.008717	0.007989	0.043262	0.041546	0.009359	0.002776	0.020955	0.022256	0.037349	0.023884	0.020953	0.019833	0.021077	0.018492	0.000651	0.005057	0.024157	
0.006228	0.023462	0.023693	0.037408	0.022819	0.005375	0.021036	0.017994	0.036243	0.008994	0.007340	0.025534	0.000782	0.034593	0.008275	0.012117	0.014933	0.001143	0.036497	0.024726	0.015976	0.018411	0.030082	0.012575	0.034308	0.026144	0.024579	0.031124	0.009632	0.027372	0.023475	0.001681	0.029314	0.021079	0.003536	0.017959	0.037144	0.037368	0.008180	0.012264	0.029893	0.030682	0.020820	0.026823	0.015139	0.029398	0.012661	0.005330	0.031874	0.005984	
0.027639	0.016118	0.000846	0.027206	0.024941	0.029901	0.039200	0.032855	0.008217	0.037671	0.037480	0.036320	0.020221	0.000420	0.005861	0.030103	0.023690	0.030723	0.008195	0.008776	0.031525	0.033193	0.001654	0.028126	0.038442	0.010154	0.012800	0.011646	0.005232	0.024816	0.035994	0.000249	0.032394	0.010725	0.011624	0.025519	0.001030	0.005520	0.000326	0.004949	0.032291	0.039253	0.023295	0.005743	0.039490	0.007768	0.034769	0.008150	0.033978	0.002963	
0.015567	0.012770	0.033943	0.009841	0.030521	0.032373	0.039157	0.034107	0.036660	0.037107	0.002151	0.018655	0.030758	0.021545	0.033273	0.002655	0.012133	0.015763	0.033914	0.033033	0.017312	0.025643	0.008465	0.004388	0.033911	0.022362	0.020270	0.031768	0.012987	0.030571	0.010705	0.014707	0.036622	0.024878	0.001598	0.029447	0.013959	0.019712	0.002010	0.023658	0.017041	0.002979	0.038347	0.026408	0.011923	0.001216	0.014230	0.000140	0.013707	0.003109	
0.040792	0.023491	0.032500	0.041800	0.019993	0.006209	0.021867	0.024905	0.011886	0.001704	0.038083	0.021151	0.023839	0.012794	0.007294	0.027136	0.013790	0.023885	0.007765	0.025992	0.037127	0.022260	0.020146	0.015198	0.001420	0.001338	0.034723	0.039837	0.034681	0.020991	0.008666	0.008291	0.025954	0.023156	0.033584	0.025793	0.012639	0.036134	0.008941	0.001288	0.025039	0.030377	0.022003	0.005028	0.000647	0.007662	0.006613	0.021491	0.016047	0.026051	
0.006116	0.037217	0.013624	0.029551	0.022780	0.032911	0.010527	0.014116	0.007156	0.012174	0.038126	0.014208	0.018960	0.037393	0.037207	0.030624	0.034429	0.023995	0.012606	0.021089	0.034423	0.029093	0.024081	0.013376	0.026249	0.002525	0.011359	0.026156	0.017453	0.041798	0.017098	0.008515	0.002311	0.004626	0.015774	0.002354	0.000987	0.020055	0.015542	0.031507	0.039412	0.010726	0.015624	0.033541	0.028552	0.016079	0.003109	0.034370	0.002552	0.015944	
0.017171	0.012909	0.008071	0.025926	0.024754	0.030786	0.028424	0.040204	0.009435	0.025059	0.023629	0.020127	0.018170	0.005329	0.003702	0.030346	0.024971	0.014982	0.020826	0.020486	0.004397	0.019755	0.036355	0.037872	0.008628	0.009336	0.020101	0.030961	0.023769	0.024587	0.016993	0.012976	0.006889	0.023022	0.039428	0.040217	0.039669	0.033444	0.016315	0.002359	0.017695	0.005203	0.000605	0.021383	0.031374	0.010762	0.013750	0.011179	0.008963	0.026707	
0.009926	0.012939	0.029807	0.028095	0.012913	0.020416	0.008476	0.033412	0.026233	0.004811	0.017417	0.028030	0.008540	0.001939	0.013664	0.036203	0.007735	0.032574	0.001235	0.014254	0.010985	0.014420	0.007955	0.010967	0.023237	0.004893	0.005354	0.031031	0.028460	0.038594	0.004457	0.027275	0.030837	0.017253	0.026622	0.022236	0.010862	0.038338	0.013190	0.014556	0.034004	0.028421	0.005312	0.027059	0.028617	0.018056	0.032010	0.038682	0.026354	0.031343	
0.006477	0.011365	0.009706	0.008247	0.034572	0.018692	0.006381	0.017114	0.033774	0.030720	0.012646	0.030497	0.012397	0.014870	0.031923	0.003797	0.015814	0.024192	0.028320	0.026986	0.034331	0.014574	0.026277	0.015904	0.030431	0.016327	0.009167	0.016731	0.007510	0.005132	0.034356	0.016311	0.033817	0.033385	0.028205	0.033720	0.024319	0.022192	0.019170	0.002122	0.000664	0.032495	0.035029	0.033772	0.027341	0.016224	0.012806	0.023156	0.007599	0.008444	
0.007943	0.002288	0.016966	0.014082	0.007341	0.008743	0.000855	0.000821	0.035894	0.038361	0.027421	0.040426	0.038383	0.025948	0.030040	0.022395	0.040280	0.023712	0.007675	0.025986	0.036858	0.017661	0.032386	0.013087	0.004656	0.037011	0.015746	0.016717	0.030032	0.021715	0.030852	0.037876	0.001245	0.018765	0.020668	0.027255	0.021746	0.038644	0.010924	0.010577	0.014188	0.000285	0.006531	0.021060	0.005341	0.014969	0.005509	0.039451	0.026877	0.005806	
0.012076	0.003109	0.037376	0.000252	0.021561	0.011752	0.027031	0.015743	0.024251	0.017138	0.018915	0.002473	0.016977	0.023163	0.036240	0.023059	0.014438	0.017648	0.031573	0.025107	0.013608	0.008391	0.020577	0.013939	0.039035	0.013539	0.027287	0.015065	0.023457	0.006159	0.009720	0.007997	0.043391	0.035979	0.019848	0.017678	0.020420	0.011848	0.024374	0.032262	0.003580	0.027550	0.015701	0.005510	0.020375	0.042404	0.007361	0.015053	0.035604	0.042405	
0.019777	0.003963	0.019035	0.000572	0.004235	0.048197	0.019445	0.000460	0.003464	0.037944	0.009491	0.038414	0.039878	0.030184	0.039890	0.018024	0.014526	0.036447	0.008538	0.006891	0.010958	0.009877	0.006568	0.013984	0.027369	0.021057	0.010097	0.025519	0.026728	0.043748	0.015584	0.013545	0.013957	0.033951	0.002586	0.017461	0.021408	0.025419	0.018195	0.032934	0.021119	0.044972	0.026475	0.015682	0.000593	0.020512	0.024791	0.007001	0.007908	0.040625	
0.022381	0.001901	0.002348	0.025883	0.031658	0.005988	0.016263	0.013299	0.011078	0.010357	0.038631	0.033530	0.015641	0.018378	0.031822	0.005431	0.031971	0.036881	0.012248	0.014851	0.041043	0.030220	0.000776	0.002254	0.007056	0.038595	0.003154	0.036606	0.032151	0.020330	0.026866	0.008334	0.003170	0.019938	0.000501	0.028201	0.033874	0.027275	0.033264	0.019629	0.008501	0.005260	0.029853	0.019189	0.030203	0.019694	0.011278	0.027299	0.033941	0.021009	
0.020818	0.040476	0.034488	0.015739	0.009177	0.015945	0.028351	0.032732	0.012009	0.022594	0.010498	0.016513	0.007116	0.025757	0.019474	0.019334	0.028768	0.019221	0.029556	0.012608	0.014886	0.024172	0.010965	0.014968	0.017120	0.040965	0.019403	0.015882	0.030565	0.031052	0.008434	0.015030	0.008711	0.038348	0.014805	0.021629	0.025789	0.009337	0.040077	0.023051	0.004856	0.012209	0.009652	0.014477	0.036310	0.004380	0.003324	0.038074	0.022023	0.008332	
0.010015	0.038609	0.025725	0.018953	0.037230	0.031762	0.017840	0.033918	0.021658	0.011751	0.005141	0.020982	0.009276	0.008191	0.009923	0.021828	0.029566	0.028914	0.010715	0.020643	0.015970	0.037459	0.002942	0.026331	0.006851	0.025188	0.030862	0.000156	0.038828	0.012834	0.034053	0.002341	0.030928	0.020746	0.000967	0.024627	0.004105	0.026846	0.011883	0.024849	0.031152	0.018797	0.034300	0.023702	0.009820	0.030523	0.015988	0.023672	0.002579	0.018060	
0.017026	0.031674	0.008007	0.021513	0.014437	0.027285	0.029843	0.026275	0.032244	0.001752	0.015311	0.018072	0.030697	0.028331	0.021541	0.028200	0.005680	0.004493	0.005876	0.029162	0.002136	0.024460	0.016642	0.031632	0.036964	0.002073	0.011408	0.011284	0.007169	0.031542	0.042186	0.026879	0.017470	0.032075	0.021811	0.019469	0.027440	0.040054	0.021594	0.025975	0.006124	0.006449	0.015774	0.010436	0.000384	0.033813	0.011628	0.010268	0.033851	0.023587	
0.008952	0.038476	0.006329	0.010688	0.003679	0.037187	0.018963	0.038619	0.032390	0.002802	0.030680	0.034679	0.027682	0.009950	0.027262	0.002997	0.035702	0.026721	0.022092	0.029167	0.005905	0.011970	0.006302	0.009118	0.021527	0.007049	0.023292	0.015935	0.040054	0.024785	0.027252	0.026560	0.023921	0.018356	0.039283	0.013999	0.002937	0.013656	0.005255	0.030107	0.004019	0.006794	0.012852	0.030056	0.039040	0.014712	0.009525	0.034729	0.025749	0.010243	
0.033693	0.019802	0.031875	0.011938	0.001340	0.023619	0.003242	0.013015	0.015037	0.026191	0.010938	0.037980	0.003940	0.038943	0.022829	0.030382	0.013854	0.038375	0.004318	0.031482	0.024825	0.037028	0.015003	0.015132	0.001193	0.013556	0.004393	0.038889	0.009222	0.019109	0.007486	0.012130	0.003463	0.030217	0.000301	0.034448	0.029229	0.015395	0.033801	0.038527	0.023740	0.024294	0.021258	0.015958	0.006640	0.027949	0.013673	0.000476	0.032418	0.037457	
0.037325	0.037739	0.035743	0.034431	0.010162	0.009447	0.032925	0.008244	0.011402	0.023680	0.029551	0.014539	0.034004	0.002398	0.034112	0.021688	0.011542	0.004083	0.002502	0.018904	0.021709	0.013265	0.003141	0.001535	0.033760	0.002571	0.016690	0.000466	0.005230	0.034791	0.039179	0.040192	0.006595	0.041053	0.012895	0.025051	0.015815	0.036499	0.029408	0.003209	0.013300	0.021287	0.013225	0.012623	0.031620	0.009734	0.022830	0.024321	0.034301	0.019286	
0.036068	0.013275	0.024599	0.018339	0.022401	0.030820	0.011543	0.025808	0.020968	0.014572	0.022142	0.026973	0.009788	0.001312	0.012138	0.007706	0.036077	0.036149	0.035995	0.020229	0.010488	0.036843	0.012148	0.002803	0.012867	0.001028	0.025548	0.031301	0.004642	0.018933	0.004138	0.030077	0.012051	0.010376	0.036545	0.021141	0.006574	0.025287	0.032042	0.013260	0.006431	0.022800	0.027756	0.023770	0.022476	0.037066	0.018123	0.031828	0.007169	0.027587	
0.028374	0.001012	0.021810	0.023895	0.030580	0.037886	0.010903	0.037045	0.026616	0.001375	0.021779	0.037354	0.030431	0.003426	0.002987	0.015567	0.000962	0.037748	0.017902	0.009718	0.022711	0.030033	0.009905	0.018830	0.030340	0.011277	0.028483	0.000999	0.016264	0.036097	0.012500	0.014635	0.027776	0.033717	0.037921	0.010522	0.013266	0.034664	0.025002	0.019736	0.006864	0.003691	0.034485	0.036880	0.035541	0.006645	0.003524	0.011729	0.013186	0.015407	
0.026796	0.021486	0.015437	0.003054	0.009214	0.002286	0.024915	0.010946	0.020429	0.012995	0.007490	0.033425	0.014207	0.008628	0.025636	0.005026	0.026219	0.017319	0.025827	0.003437	0.028880	0.030622	0.017991	0.005305	0.030396	0.017401	0.025545	0.007918	0.022351	0.017693	0.024141	0.010072	0.033823	0.002192	0.013338	0.034285	0.016017	0.022410	0.029235	0.015415	0.033854	0.022435	0.021721	0.024033	0.021619	0.023995	0.033937	0.031555	0.031900	0.035150	
0.032576	0.032027	0.020224	0.002081	0.001608	0.007057	0.027140	0.035228	0.024660	0.012947	0.006584	0.016238	0.029231	0.036908	0.031604	0.007504	0.032252	0.020836	0.006636	0.012060	0.026322	0.010026	0.020713	0.030401	0.033892	0.022195	0.014278	0.025027	0.034139	0.035993	0.035320	0.003080	0.017551	0.031480	0.005699	0.015333	0.003626	0.016280	0.003364	0.029711	0.011787	0.012203	0.029034	0.023934	0.002637	0.019668	0.028183	0.037459	0.015526	0.009738	
0.008254	0.027240	0.011153	0.010998	0.027356	0.017372	0.027603	0.017891	0.010753	0.000612	0.037044	0.031209	0.033112	0.035612	0.014887	0.016989	0.013481	0.036621	0.023466	0.026235	0.036396	0.036303	0.025942	0.006140	0.014792	0.003213	0.030297	0.014453	0.033612	0.024337	0.004764	0.008952	0.029988	0.004717	0.003771	0.016401	0.008255	0.010435	0.018933	0.026208	0.023581	0.000801	0.003374	0.027555	0.036251	0.019008	0.016432	0.032557	0.019792	0.034852	
0.019200	0.009363	0.026627	0.009871	0.021604	0.028991	0.015422	0.013040	0.006986	0.022586	0.033237	0.003726	0.011211	0.023916	0.014244	0.031914	0.012970	0.010317	0.009000	0.008736	0.026358	0.030993	0.005278	0.039518	0.007101	0.030964	0.031002	0.041855	0.012631	0.012501	0.007903	0.015011	0.040234	0.038713	0.034125	0.014379	0.042164	0.019796	0.036556	0.000175	0.020978	0.021018	0.017806	0.036944	0.002839	0.012750	0.034701	0.009226	0.008216	0.015302	
0.024045	0.035642	0.019075	0.028621	0.034160	0.020983	0.035896	0.035624	0.022235	0.006049	0.019202	0.020834	0.033554	0.022875	0.025624	0.006672	0.016715	0.012730	0.030455	0.003447	0.012484	0.028442	0.024379	0.006344	0.031988	0.001779	0.018497	0.028492	0.016417	0.005588	0.018794	0.019929	0.026186	0.016260	0.019521	0.021219	0.008456	0.011865	0.034675	0.017387	0.000413	0.028748	0.022108	0.005488	0.009177	0.020495	0.027388	0.007912	0.027430	0.027702	
0.027582	0.009225	0.009524	0.036344	0.003581	0.016658	0.035089	0.009474	0.015954	0.015660	0.043152	0.021753	0.026736	0.032418	0.025533	0.028634	0.013588	0.005369	0.002789	0.008610	0.032656	0.040566	0.001094	0.006581	0.019596	0.035005	0.027750	0.002456	0.009349	0.012054	0.030723	0.019492	0.021531	0.016743	0.012199	0.021960	0.008844	0.028602	0.043348	0.002133	0.034567	0.014364	0.000337	0.020008	0.021805	0.003151	0.040580	0.044047	0.014674	0.026111	
0.011106	0.009770	0.018381	0.005666	0.040871	0.003241	0.003407	0.026747	0.031234	0.037973	0.038677	0.000102	0.003689	0.011287	0.033646	0.029369	0.004087	0.007484	0.053036	0.013924	0.016523	0.032718	0.036404	0.046674	0.002721	0.008708	0.000109	0.002047	0.055402	0.051448	0.008112	0.039182	0.027962	0.001989	0.037525	0.024406	0.028074	0.006733	0.005124	0.016409	0.003899	0.017054	0.019622	0.008111	0.007647	0.014972	0.000350	0.040059	0.054666	0.001653	
0.008149	0.031936	0.007649	0.007732	0.032430	0.032868	0.024810	0.029122	0.002251	0.018015	0.024724	0.035715	0.031558	0.005505	0.002241	0.013151	0.024923	0.029727	0.001198	0.009205	0.019973	0.002355	0.017887	0.014256	0.004447	0.031069	0.037953	0.036658	0.037039	0.018445	0.015819	0.023992	0.018192	0.025325	0.021281	0.030437	0.023493	0.028271	0.032191	0.001420	0.008598	0.035033	0.019800	0.008709	0.035899	0.017701	0.014211	0.004753	0.036852	0.005035	
0.011475	0.001551	0.011205	0.031455	0.015816	0.006602	0.008521	0.016960	0.016663	0.032561	0.038857	0.012480	0.036153	0.039046	0.016519	0.031780	0.016822	0.011989	0.000268	0.033338	0.028257	0.032225	0.037240	0.005385	0.002675	0.019555	0.027950	0.020176	0.013259	0.007033	0.021707	0.037474	0.011965	0.001100	0.000112	0.001811	0.000586	0.022975	0.014973	0.016254	0.036772	0.031066	0.034001	0.035864	0.026494	0.039069	0.030049	0.016868	0.010764	0.026278	
0.027391	0.042348	0.004746	0.008194	0.033248	0.035434	0.005817	0.012639	0.027617	0.037149	0.024098	0.011629	0.004233	0.025739	0.035722	0.003741	0.029702	0.015240	0.000621	0.017617	0.032933	0.028684	0.045581	0.017007	0.017376	0.003738	0.004913	0.005371	0.027980	0.026102	0.013486	0.002516	0.006913	0.032308	0.000121	0.017779	0.006438	0.030377	0.008603	0.026132	0.010444	0.004658	0.043140	0.044787	0.006954	0.019042	0.005716	0.017797	0.048192	0.041990	
0.026530	0.012093	0.003432	0.024866	0.003413	0.036000	0.038702	0.020053	0.030907	0.034465	0.025665	0.030239	0.019379	0.017875	0.010287	0.013991	0.005483	0.038129	0.016938	0.003982	0.037335	0.016652	0.030569	0.029084	0.037435	0.021650	0.033339	0.019728	0.028819	0.003429	0.023672	0.017869	0.002753	0.014468	0.020193	0.034998	0.005071	0.034976	0.007015	0.012693	0.004812	0.005035	0.019036	0.003461	0.036423	0.007648	0.025224	0.003186	0.036467	0.014529	
0.012237	0.027855	0.030821	0.010503	0.029625	0.032381	0.009333	0.031029	0.016033	0.018587	0.036141	0.025678	0.022701	0.000656	0.027787	0.017694	0.007558	0.030255	0.020403	0.004256	0.035592	0.013889	0.002457	0.013648	0.035112	0.015941	0.036329	0.017016	0.012708	0.002198	0.031192	0.008698	0.002732	0.032308	0.011590	0.021500	0.023889	0.025047	0.032479	0.013974	0.035444	0.018263	0.008020	0.000742	0.015016	0.016345	0.033198	0.010602	0.029371	0.033167	
0.016358	0.032652	0.032479	0.002340	0.018911	0.009563	0.034332	0.021599	0.019464	0.034923	0.009339	0.000886	0.011468	0.027363	0.038958	0.011476	0.006427	0.023711	0.003223	0.014260	0.010450	0.022492	0.018910	0.013257	0.031642	0.023836	0.007849	0.006419	0.024430	0.037056	0.029789	0.028072	0.005295	0.038254	0.015761	0.040081	0.020187	0.003915	0.030927	0.021763	0.030331	0.003353	0.003869	0.004118	0.026819	0.033493	0.019106	0.025317	0.040145	0.013330	
0.033550	0.009017	0.013497	0.038714	0.025075	0.038063	0.000965	0.019821	0.032778	0.027224	0.020557	0.008839	0.014572	0.008290	0.003898	0.031623	0.010992	0.012961	0.032581	0.014060	0.027373	0.016938	0.017975	0.036356	0.026618	0.033480	0.033031	0.019339	0.017644	0.029422	0.005866	0.011651	0.016740	0.028478	0.000437	0.023378	0.031507	0.017366	0.016226	0.000994	0.012752	0.006221	0.017800	0.006770	0.038370	0.026824	0.028284	0.025180	0.017377	0.012523	
0.013334	0.012054	0.012200	0.008266	0.040064	0.016605	0.026749	0.006408	0.028249	0.031028	0.024120	0.017786	0.036333	0.019504	0.002586	0.032877	0.034668	0.002973	0.028225	0.009433	0.032236	0.021268	0.033361	0.035023	0.005317	0.028257	0.006767	0.033756	0.008201	0.033967	0.011948	0.007412	0.009639	0.019793	0.039353	0.007536	0.030330	0.001198	0.038964	0.037695	0.002434	0.018895	0.022159	0.021728	0.006559	0.009847	0.009207	0.016427	0.039808	0.007453	
0.001471	0.017092	0.007975	0.023881	0.033543	0.017839	0.041388	0.016266	0.033211	0.015646	0.018341	0.007478	0.030276	0.008061	0.011218	0.041583	0.012015	0.037993	0.008439	0.030228	0.007094	0.032628	0.005682	0.017887	0.000439	0.017643	0.006937	0.032300	0.008743	0.034209	0.021856	0.009494	0.035986	0.042351	0.037485	0.029292	0.023378	0.013813	0.002748	0.015976	0.005778	0.024417	0.011963	0.042277	0.016906	0.040328	0.006823	0.019943	0.014109	0.007571	
0.012771	0.031655	0.000260	0.027686	0.010460	0.035855	0.013727	0.019409	0.036959	0.019651	0.009748	0.030629	0.029999	0.041494	0.012364	0.013433	0.039845	0.019165	0.014019	0.016480	0.002546	0.019909	0.017137	0.011614	0.007752	0.003404	0.010917	0.027769	0.023810	0.004073	0.041244	0.027901	0.027374	0.002946	0.008815	0.020302	0.038564	0.013877	0.013768	0.032600	0.003676	0.008891	0.032247	0.036986	0.006495	0.000768	0.042108	0.031892	0.004742	0.040261	
0.000244	0.011990	0.019296	0.030450	0.010702	0.010792	0.026209	0.036236	0.003670	0.034764	0.029716	0.013409	0.001650	0.015595	0.035111	0.014710	0.003596	0.012872	0.001161	0.034471	0.029248	0.019399	0.035663	0.021710	0.025429	0.019009	0.008526	0.029898	0.024224	0.027444	0.018473	0.020381	0.017998	0.001524	0.025693	0.025505	0.005085	0.026685	0.026565	0.009035	0.028936	0.013395	0.037971	0.016204	0.026592	0.035488	0.024881	0.024323	0.016698	0.011372	
0.008776	0.015099	0.020885	0.023827	0.028755	0.019750	0.006837	0.019906	0.022616	0.021428	0.005580	0.027857	0.029015	0.018119	0.010453	0.023519	0.027466	0.017183	0.036708	0.028842	0.032018	0.006722	0.001442	0.027909	0.038033	0.027121	0.017471	0.023776	0.011685	0.011936	0.025977	0.032619	0.028728	0.035937	0.023186	0.019802	0.022238	0.000174	0.011719	0.015599	0.001820	0.007191	0.002971	0.006032	0.017393	0.036996	0.037083	0.026151	0.011437	0.026215	
0.004595	0.027388	0.006889	0.021987	0.027327	0.032203	0.030347	0.031188	0.002748	0.000944	0.034452	0.034457	0.023454	0.006563	0.030546	0.022358	0.022360	0.024306	0.018482	0.007597	0.024762	0.022950	0.016221	0.024742	0.028808	0.016494	0.021364	0.016240	0.034287	0.003294	0.022068	0.006784	0.026918	0.026136	0.035133	0.015772	0.020248	0.012617	0.015731	0.035220	0.000871	0.012054	0.023014	0.035214	0.004920	0.000965	0.034285	0.011890	0.010886	0.029919	
0.001660	0.004826	0.040000	0.005605	0.015195	0.033351	0.018654	0.003977	0.024329	0.008306	0.009048	0.043081	0.008859	0.014262	0.013537	0.005163	0.040682	0.033963	0.009321	0.035782	0.007717	0.008862	0.017319	0.000085	0.003766	0.033722	0.034553	0.009801	0.011799	0.028670	0.031352	0.026655	0.034104	0.000387	0.013913	0.041675	0.016128	0.017240	0.003741	0.035926	0.031575	0.036740	0.036612	0.029418	0.033981	0.001434	0.005524	0.023294	0.021465	0.032943	
0.008711	0.018862	0.028788	0.025559	0.005797	0.032467	0.021745	0.015847	0.019328	0.032204	0.009311	0.025578	0.027027	0.028510	0.000196	0.009497	0.032450	0.020771	0.022712	0.015498	0.028862	0.024676	0.033430	0.030684	0.011715	0.013058	0.011785	0.026094	0.023824	0.017159	0.026243	0.033572	0.027480	0.003741	0.031432	0.004082	0.028401	0.009268	0.010958	0.030969	0.002790	0.018799	0.007704	0.023643	0.031663	0.007293	0.008018	0.029691	0.030734	0.011373	
0.027595	0.026533	0.030710	0.020089	0.000405	0.030900	0.025126	0.004384	0.027253	0.034500	0.023921	0.030893	0.004966	0.015055	0.030367	0.023911	0.025649	0.033171	0.024282	0.009937	0.005798	0.036558	0.004563	0.033770	0.022665	0.007879	0.004786	0.029849	0.015643	0.006545	0.011598	0.025855	0.036659	0.020354	0.035487	0.026056	0.011654	0.013388	0.039660	0.023577	0.006524	0.015340	0.000509	0.017047	0.022116	0.036989	0.004806	0.006613	0.012680	0.015386	
0.012819	0.009534	0.032382	0.004289	0.033414	0.013417	0.032363	0.024053	0.023304	0.033364	0.023078	0.026058	0.009622	0.032404	0.013352	0.012188	0.013886	0.014718	0.031904	0.003959	0.025511	0.015261	0.000202	0.028832	0.022362	0.013568	0.014149	0.003945	0.033682	0.014099	0.026984	0.032436	0.030415	0.027648	0.032549	0.017731	0.006177	0.018980	0.005402	0.021835	0.031018	0.028284	0.024821	0.024028	0.033310	0.001599	0.028302	0.024403	0.006017	0.006340	
0.022845	0.015559	0.008654	0.019386	0.036828	0.009485	0.003133	0.024245	0.036531	0.017916	0.032723	0.006435	0.036426	0.032251	0.035154	0.034421	0.028982	0.005069	0.013570	0.009437	0.013648	0.035157	0.026474	0.018068	0.019646	0.002030	0.034679	0.015925	0.037380	0.014355	0.025931	0.022759	0.017450	0.012913	0.028515	0.020798	0.015350	0.020579	0.003295	0.004508	0.006878	0.031335	0.010970	0.012174	0.018951	0.008423	0.026603	0.016700	0.014914	0.034540	
0.030096	0.020830	0.035883	0.021816	0.014341	0.036328	0.016755	0.023893	0.035109	0.026864	0.013813	0.017199	0.023618	0.005242	0.006091	0.010485	0.034139	0.030441	0.016089	0.029445	0.036579	0.031926	0.013292	0.004985	0.028501	0.008509	0.015680	0.036087	0.003630	0.006938	0.034218	0.005073	0.037345	0.011004	0.023059	0.015107	0.002046	0.030272	0.027120	0.026036	0.000295	0.017957	0.021556	0.030223	0.021653	0.013925	0.004273	0.012470	0.023489	0.008276	
0.010296	0.013339	0.022439	0.004737	0.037783	0.008839	0.018634	0.009001	0.003816	0.002900	0.022663	0.026529	0.016957	0.024307	0.007444	0.007741	0.021468	0.007727	0.037346	0.028152	0.022383	0.026116	0.005177	0.011340	0.031513	0.039637	0.019262	0.037632	0.016102	0.037487	0.033641	0.002034	0.026046	0.012125	0.029810	0.028633	0.000734	0.025259	0.023858	0.018164	0.001898	0.036045	0.032687	0.007904	0.014818	0.013909	0.037806	0.039266	0.036032	0.000565	
0.027625	0.027003	0.016723	0.003771	0.012029	0.034900	0.018262	0.016399	0.032700	0.025693	0.038390	0.003994	0.015740	0.021640	0.028797	0.009801	0.013564	0.031991	0.033088	0.026578	0.008038	0.005500	0.032741	0.003693	0.019236	0.019779	0.012597	0.009991	0.037483	0.034750	0.021760	0.008070	0.000555	0.025769	0.004146	0.031032	0.032269	0.014108	0.030649	0.020225	0.000306	0.026378	0.014845	0.030112	0.039456	0.019489	0.011971	0.002271	0.023203	0.020892	
0.030218	0.001312	0.026237	0.004911	0.023094	0.019209	0.006637	0.012251	0.016474	0.020592	0.018840	0.011445	0.000548	0.027969	0.029356	0.005220	0.005294	0.015017	0.032664	0.037595	0.010457	0.033753	0.033607	0.029019	0.001011	0.026707	0.037699	0.019357	0.021390	0.037887	0.013545	0.031972	0.024728	0.025982	0.009442	0.013335	0.005557	0.028946	0.008187	0.006423	0.035441	0.030065	0.022320	0.023014	0.033474	0.025709	0.021530	0.014610	0.023232	0.006715	
0.012148	0.000633	0.000753	0.031800	0.002371	0.014561	0.019459	0.011979	0.029747	0.007083	0.004763	0.005636	0.006705	0.010298	0.005116	0.028208	0.039870	0.020905	0.040968	0.032018	0.010550	0.036034	0.000308	0.038977	0.013004	0.002796	0.018496	0.034772	0.029176	0.034962	0.005043	0.021275	0.037230	0.014036	0.020299	0.033984	0.001344	0.038419	0.027855	0.012313	0.040903	0.022062	0.020536	0.027563	0.037699	0.021469	0.019478	0.013454	0.027947	0.012997	
0.003333	0.035925	0.032749	0.017337	0.030911	0.029281	0.000092	0.031628	0.001780	0.025356	0.011612	0.035106	0.012962	0.018233	0.034805	0.023278	0.029251	0.035552	0.000598	0.034256	0.006705	0.020437	0.021211	0.004984	0.002868	0.002399	0.016484	0.017763	0.029620	0.004676	0.013212	0.028266	0.033712	0.024970	0.030811	0.022228	0.026351	0.001684	0.038906	0.007707	0.019336	0.024349	0.035817	0.010828	0.024699	0.021237	0.024609	0.009545	0.022850	0.007693	
0.017744	0.018516	0.000852	0.021627	0.036335	0.001466	0.018857	0.017913	0.025796	0.019167	0.022823	0.026788	0.001214	0.018708	0.022900	0.008352	0.016272	0.023029	0.030978	0.031397	0.003536	0.029342	0.019718	0.029021	0.011746	0.031193	0.003860	0.022378	0.027091	0.030813	0.018080	0.004536	0.031165	0.016354	0.018852	0.030413	0.009391	0.029988	0.026296	0.020679	0.018077	0.020126	0.030202	0.016290	0.034490	0.010897	0.018622	0.028167	0.010148	0.017797	
0.014507	0.014125	0.015367	0.031027	0.027485	0.009010	0.033410	0.014368	0.006762	0.034502	0.002126	0.001194	0.006936	0.004380	0.002523	0.023570	0.026582	0.016955	0.032948	0.031097	0.026030	0.024703	0.002984	0.032082	0.032963	0.007845	0.012695	0.030703	0.016041	0.033227	0.000426	0.028974	0.017875	0.029958	0.012339	0.015822	0.024234	0.030988	0.013346	0.009271	0.031725	0.018058	0.006178	0.025799	0.023219	0.027400	0.027782	0.021571	0.031798	0.035092	
0.024104	0.017137	0.029103	0.018845	0.008919	0.031680	0.030262	0.019388	0.013177	0.019234	0.015578	0.032900	0.011746	0.022571	0.015133	0.020764	0.032196	0.032977	0.019764	0.001678	0.030951	0.022851	0.015132	0.030387	0.017967	0.023530	0.027170	0.017318	0.034238	0.007022	0.015587	0.006276	0.006418	0.014219	0.026715	0.034854	0.007774	0.001215	0.030431	0.008383	0.029545	0.029858	0.035444	0.011702	0.005940	0.022521	0.023961	0.025528	0.000553	0.019351	
0.033862	0.003205	0.000050	0.022837	0.011280	0.017245	0.031762	0.002417	0.020367	0.018698	0.002584	0.021965	0.005293	0.008973	0.023807	0.001661	0.042031	0.012873	0.026498	0.009865	0.006647	0.013494	0.036802	0.038112	0.024482	0.030597	0.007635	0.023624	0.040689	0.002913	0.015959	0.019363	0.035574	0.017941	0.000087	0.007168	0.008004	0.038142	0.021133	0.038622	0.027665	0.027243	0.026661	0.002133	0.011967	0.021064	0.039776	0.039899	0.034678	0.024654	
0.000268	0.021864	0.001388	0.007239	0.022188	0.029739	0.029055	0.032413	0.020649	0.025383	0.020708	0.000465	0.033494	0.012951	0.010627	0.022727	0.003892	0.045070	0.002759	0.043015	0.038569	0.028219	0.001912	0.018824	0.003611	0.028823	0.010107	0.013049	0.033015	0.036327	0.014313	0.014224	0.006586	0.026653	0.034400	0.027578	0.006103	0.008034	0.016810	0.041875	0.020288	0.022422	0.024211	0.016299	0.034345	0.023095	0.009440	0.026065	0.016960	0.011952	
0.036189	0.008703	0.013791	0.005489	0.031768	0.028065	0.026409	0.013465	0.026370	0.013724	0.007696	0.009069	0.031539	0.035313	0.004537	0.004456	0.017371	0.008612	0.016607	0.035482	0.000034	0.022452	0.025291	0.022727	0.002005	0.025501	0.018092	0.026074	0.035000	0.020188	0.000278	0.012842	0.011392	0.022884	0.035868	0.022725	0.019140	0.004827	0.040016	0.034571	0.020529	0.033586	0.015174	0.016626	0.035000	0.036806	0.019178	0.018386	0.005953	0.022199	
0.005365	0.000374	0.000825	0.036387	0.038927	0.010360	0.013908	0.018161	0.014193	0.034864	0.013199	0.009142	0.024535	0.005699	0.025305	0.027560	0.022000	0.024529	0.006574	0.002764	0.036808	0.035479	0.016561	0.000879	0.009781	0.018550	0.038370	0.030776	0.021618	0.029944	0.001620	0.008241	0.012843	0.020150	0.032734	0.010132	0.016805	0.026120	0.011128	0.035274	0.036552	0.018822	0.022223	0.029136	0.037963	0.025013	0.019788	0.027895	0.028837	0.005284	
0.022549	0.003953	0.050946	0.012270	0.018962	0.033431	0.038543	0.004326	0.000370	0.004199	0.014455	0.023572	0.026038	0.047895	0.023179	0.036967	0.013828	0.042420	0.047828	0.003980	0.024165	0.018712	0.036950	0.046352	0.025558	0.016761	0.016384	0.027852	0.018862	0.010254	0.027869	0.038748	0.014147	0.001574	0.001189	0.001575	0.008923	0.000159	0.003766	0.001377	0.008995	0.012772	0.043591	0.036726	0.051110	0.000534	0.004651	0.001898	0.011792	0.017042	
0.007842	0.000867	0.015997	0.003243	0.028146	0.014281	0.000466	0.009319	0.021469	0.007439	0.039147	0.001791	0.001628	0.027111	0.011616	0.018860	0.007372	0.002910	0.030799	0.029850	0.021512	0.019229	0.038931	0.010392	0.036290	0.035465	0.008947	0.012098	0.037713	0.034000	0.032947	0.033037	0.032340	0.014328	0.021146	0.001372	0.030947	0.022534	0.008270	0.010374	0.024808	0.038691	0.039684	0.018213	0.015709	0.027812	0.026365	0.025409	0.033157	0.008127	
0.016050	0.001295	0.026972	0.039473	0.031314	0.002245	0.028757	0.023951	0.029184	0.029936	0.022326	0.014311	0.008886	0.026323	0.026770	0.003602	0.025586	0.015947	0.011508	0.009818	0.014858	0.022789	0.041831	0.042711	0.014698	0.015416	0.037834	0.022320	0.009677	0.042556	0.000355	0.026593	0.030397	0.001338	0.018691	0.032910	0.040473	0.024229	0.019341	0.012871	0.006842	0.006954	0.021107	0.023597	0.010136	0.010866	0.019497	0.001401	0.015777	0.017682	
0.005006	0.006328	0.005169	0.043133	0.018058	0.033856	0.027329	0.007916	0.028801	0.017907	0.041832	0.014490	0.039662	0.029736	0.007997	0.002243	0.028855	0.001467	0.004681	0.010631	0.040962	0.044204	0.016259	0.011743	0.014492	0.041676	0.010163	0.018897	0.015429	0.004046	0.013684	0.022551	0.008768	0.025466	0.022371	0.041112	0.028399	0.006029	0.006145	0.003285	0.034159	0.041776	0.000131	0.015866	0.037275	0.031530	0.000739	0.036158	0.017185	0.014402	
0.036228	0.000197	0.026280	0.020622	0.006539	0.014898	0.012754	0.000648	0.004665	0.026703	0.026391	0.032551	0.015724	0.036188	0.007089	0.030963	0.015957	0.023207	0.008133	0.002362	0.000044	0.001637	0.036870	0.032419	0.021686	0.016593	0.013817	0.032232	0.018410	0.024506	0.036092	0.015335	0.008143	0.030298	0.016979	0.003417	0.033658	0.002361	0.028685	0.036151	0.011611	0.035440	0.034043	0.023324	0.036590	0.033388	0.025042	0.029481	0.006062	0.007585	
0.011511	0.007308	0.038387	0.003459	0.016099	0.037465	0.017960	0.013462	0.021608	0.030404	0.033622	0.007550	0.006251	0.025187	0.013511	0.039996	0.027909	0.035750	0.037913	0.035802	0.004669	0.010760	0.004073	0.000064	0.022923	0.036581	0.024233	0.031257	0.003212	0.002107	0.015837	0.018156	0.034509	0.040087	0.023674	0.012036	0.028022	0.013984	0.007610	0.020323	0.037078	0.039191	0.005843	0.004132	0.005802	0.019639	0.005456	0.038358	0.010276	0.018954	
0.042013	0.015534	0.008253	0.015505	0.005757	0.004692	0.033782	0.027103	0.006417	0.004539	0.002897	0.029240	0.004386	0.020371	0.022129	0.012636	0.020556	0.033460	0.025394	0.003174	0.024388	0.015662	0.031848	0.005427	0.018021	0.019357	0.013416	0.009065	0.002558	0.012830	0.003023	0.022494	0.015145	0.036621	0.021329	0.041360	0.015433	0.000105	0.027084	0.040461	0.028045	0.044605	0.033150	0.005510	0.036303	0.022480	0.041897	0.029908	0.001165	0.043471	
0.021016	0.023888	0.036550	0.020186	0.012401	0.010543	0.016220	0.016818	0.045666	0.009526	0.004266	0.020698	0.007330	0.028005	0.007097	0.039889	0.006684	0.002759	0.002214	0.008310	0.014314	0.007500	0.012358	0.039925	0.024900	0.045231	0.017851	0.028551	0.029867	0.038476	0.005647	0.003805	0.011494	0.029655	0.006302	0.000433	0.008361	0.040938	0.031509	0.027771	0.044181	0.024418	0.006503	0.040754	0.018937	0.012129	0.042264	0.010036	0.007834	0.027990	
0.000497	0.027209	0.020463	0.007759	0.025026	0.018024	0.034684	0.028388	0.012190	0.000143	0.016031	0.022325	0.013979	0.021191	0.027084	0.038232	0.015811	0.016949	0.034918	0.003517	0.002152	0.015037	0.037180	0.012307	0.022848	0.031842	0.021914	0.003237	0.017599	0.023960	0.003552	0.023572	0.032955	0.007823	0.017552	0.004559	0.032557	0.013726	0.035600	0.035449	0.017690	0.030704	0.014322	0.025760	0.026826	0.031207	0.006662	0.025638	0.007009	0.034342	
0.026286	0.021824	0.007368	0.019669	0.021405	0.009293	0.033893	0.025073	0.037022	0.011888	0.003111	0.015757	0.033408	0.015553	0.026661	0.026843	0.033213	0.004893	0.021242	0.012867	0.015132	0.008046	0.016800	0.013036	0.017506	0.012677	0.002268	0.028355	0.019839	0.020670	0.010667	0.034501	0.019462	0.034948	0.020725	0.035543	0.036380	0.034889	0.006169	0.014272	0.010775	0.033545	0.029498	0.008293	0.004670	0.018143	0.036067	0.009119	0.014093	0.026642	
0.012370	0.011722	0.030599	0.015774	0.029541	0.025630	0.025230	0.015374	0.025359	0.009729	0.030741	0.029527	0.036331	0.012809	0.028851	0.007310	0.002654	0.017868	0.020558	0.009440	0.025660	0.003611	0.016007	0.030880	0.016008	0.004530	0.000243	0.006413	0.000399	0.004195	0.018122	0.026511	0.032379	0.034303	0.026086	0.034351	0.032642	0.027703	0.023938	0.023873	0.019363	0.016976	0.027861	0.029747	0.003024	0.016656	0.019353	0.036414	0.008404	0.036934	
0.002368	0.048847	0.006522	0.017222	0.019645	0.047401	0.032789	0.034400	0.028626	0.007519	0.016497	0.003048	0.007048	0.030589	0.045306	0.032910	0.020343	0.001514	0.032551	0.007952	0.003878	0.021716	0.034684	0.018680	0.024581	0.008654	0.005289	0.003657	0.028715	0.008895	0.014343	0.012747	0.033434	0.013253	0.026975	0.025618	0.016497	0.013155	0.012662	0.001684	0.006194	0.042006	0.034140	0.005217	0.002052	0.032045	0.020253	0.003004	0.042950	0.039926	
0.014203	0.018200	0.029659	0.004249	0.007689	0.039280	0.038245	0.005971	0.021262	0.007466	0.040686	0.027881	0.016187	0.016814	0.022128	0.010679	0.019717	0.032953	0.040385	0.013374	0.028265	0.013628	0.001355	0.013599	0.034365	0.040599	0.007404	0.014317	0.010865	0.004577	0.034371	0.027945	0.023297	0.037088	0.005890	0.038767	0.035487	0.014328	0.012577	0.034717	0.008791	0.003756	0.014838	0.021179	0.005210	0.029750	0.012483	0.007682	0.013143	0.022699	
0.040187	0.019093	0.025719	0.009043	0.008035	0.023505	0.037052	0.015788	0.000473	0.026383	0.039513	0.031122	0.010285	0.011674	0.003722	0.021917	0.025705	0.016442	0.015528	0.021004	0.006622	0.000888	0.003076	0.015725	0.037207	0.032002	0.030920	0.002635	0.030212	0.028071	0.009864	0.038019	0.011201	0.024664	0.020895	0.030594	0.006478	0.000230	0.034494	0.039637	0.027702	0.000028	0.008748	0.022547	0.016162	0.028035	0.008165	0.009184	0.036697	0.037108	
0.011207	0.000993	0.034905	0.004614	0.025040	0.030533	0.031745	0.006538	0.038374	0.017579	0.012604	0.031957	0.016584	0.021691	0.029832	0.007339	0.001451	0.031333	0.028810	0.026038	0.035607	0.013274	0.006708	0.012347	0.037642	0.018617	0.033738	0.017441	0.013832	0.030202	0.008134	0.020726	0.000529	0.027972	0.037417	0.030857	0.017728	0.004529	0.027831	0.013145	0.012676	0.006576	0.026008	0.006102	0.005802	0.015438	0.012933	0.038611	0.037746	0.020664	
0.012731	0.006297	0.000723	0.001324	0.032675	0.013613	0.005685	0.003568	0.033923	0.031455	0.030880	0.015547	0.008735	0.040390	0.042339	0.036206	0.022836	0.009569	0.017728	0.002975	0.026829	0.042619	0.014987	0.016217	0.020438	0.013628	0.013261	0.022960	0.028955	0.042371	0.021190	0.037415	0.022222	0.032175	0.025036	0.010995	0.010571	0.003465	0.025058	0.015628	0.022349	0.013380	0.007660	0.034007	0.021401	0.026925	0.008941	0.019132	0.005445	0.025543	
0.004840	0.035105	0.034613	0.013885	0.037098	0.000026	0.001411	0.016393	0.022013	0.009941	0.037306	0.041072	0.001712	0.039825	0.014883	0.032058	0.030523	0.014329	0.014753	0.037251	0.008035	0.011323	0.041297	0.015555	0.022472	0.011072	0.003620	0.034044	0.019308	0.009812	0.007009	0.014273	0.005101	0.017790	0.023731	0.021921	0.040528	0.022005	0.016688	0.019623	0.010546	0.007373	0.021905	0.029380	0.004084	0.019389	0.037336	0.041698	0.001930	0.022113	
0.034166	0.022345	0.029457	0.036636	0.034938	0.028011	0.036196	0.027378	0.021269	0.014998	0.010698	0.033448	0.009945	0.011931	0.006845	0.035762	0.000965	0.029102	0.001434	0.013022	0.012751	0.001469	0.037204	0.004379	0.026716	0.023056	0.022637	0.015046	0.004386	0.032428	0.017584	0.011702	0.032080	0.036728	0.030548	0.012797	0.017441	0.033928	0.006352	0.000193	0.029420	0.033123	0.003103	0.005448	0.016690	0.024447	0.007368	0.015244	0.019801	0.027384	
0.002787	0.017880	0.026723	0.025621	0.036018	0.009046	0.029044	0.020969	0.026231	0.026556	0.004720	0.001259	0.000629	0.011256	0.014239	0.014216	0.025702	0.017279	0.013997	0.007066	0.038200	0.019072	0.033396	0.004229	0.010704	0.019188	0.037833	0.010208	0.015485	0.015609	0.020441	0.038795	0.012159	0.023081	0.004797	0.032245	0.030862	0.014129	0.005443	0.014454	0.022467	0.026030	0.014763	0.032961	0.031727	0.020680	0.036208	0.025875	0.031780	0.025941	
0.010941	0.018103	0.017329	0.006872	0.001867	0.021298	0.020833	0.024994	0.026927	0.004213	0.035380	0.030993	0.030263	0.006766	0.013766	0.009610	0.036021	0.013384	0.017366	0.011383	0.024328	0.030490	0.029086	0.031978	0.009340	0.010604	0.031830	0.022869	0.032354	0.025586	0.029465	0.022007	0.018314	0.031174	0.007101	0.005142	0.019692	0.018439	0.034387	0.016473	0.010629	0.006950	0.027512	0.007105	0.023925	0.008874	0.031062	0.022817	0.020959	0.031201	
0.014875	0.027671	0.023651	0.035303	0.013353	0.010847	0.020042	0.032761	0.029739	0.007205	0.020414	0.019820	0.010818	0.007346	0.009049	0.001218	0.021261	0.018697	0.036136	0.011233	0.028866	0.038796	0.034181	0.027781	0.006260	0.021206	0.001741	0.000678	0.008548	0.039243	0.021982	0.011989	0.036765	0.038818	0.038183	0.034763	0.000207	0.012829	0.007047	0.002981	0.021793	0.026070	0.036633	0.017422	0.004582	0.036329	0.003569	0.007439	0.020064	0.041793	
0.004350	0.031457	0.007936	0.033771	0.002159	0.012750	0.002747	0.026704	0.039039	0.018610	0.027202	0.009416	0.011573	0.043835	0.002097	0.025984	0.019166	0.007230	0.017565	0.029503	0.037774	0.009032	0.015835	0.019781	0.012813	0.000646	0.009468	0.031652	0.006356	0.006461	0.022604	0.013197	0.045000	0.021818	0.014398	0.041576	0.026964	0.029924	0.012883	0.004909	0.042487	0.031311	0.016070	0.010435	0.035732	0.017411	0.040548	0.029603	0.019830	0.000387	
0.021234	0.016280	0.009955	0.031957	0.022647	0.004019	0.018427	0.029150	0.037483	0.018721	0.024648	0.018688	0.010265	0.025922	0.010041	0.003417	0.024933	0.008796	0.006945	0.023392	0.035945	0.025641	0.015826	0.008841	0.018647	0.017237	0.028315	0.012661	0.017472	0.005680	0.029770	0.010350	0.023912	0.013301	0.021285	0.017210	0.030498	0.038825	0.036441	0.037386	0.005868	0.005544	0.024026	0.008058	0.027428	0.022002	0.012759	0.028666	0.017500	0.035987	
0.007205	0.022417	0.025704	0.026539	0.024315	0.004572	0.004933	0.042344	0.031203	0.012593	0.017744	0.023955	0.020353	0.033287	0.000855	0.005697	0.007620	0.009476	0.019499	0.044391	0.036199	0.019725	0.023509	0.043175	0.040608	0.029074	0.001255	0.022393	0.018943	0.012595	0.024644	0.009550	0.022296	0.017557	0.001723	0.027636	0.031603	0.008908	0.037206	0.032815	0.012498	0.022443	0.008520	0.018739	0.011642	0.018368	0.003043	0.023400	0.001232	0.033999	
0.014442	0.037138	0.004725	0.034459	0.018923	0.022489	0.030475	0.003455	0.025339	0.040285	0.030179	0.004891	0.026813	0.012426	0.007038	0.022353	0.015893	0.026558	0.008471	0.020220	0.024332	0.024609	0.023213	0.013753	0.017574	0.028751	0.022191	0.037901	0.009959	0.023100	0.013002	0.006496	0.023989	0.037142	0.023134	0.039189	0.003434	0.008984	0.024087	0.015846	0.004679	0.036321	0.011376	0.005218	0.031119	0.009708	0.000572	0.039054	0.009592	0.025105	
0.010723	0.014072	0.026266	0.020535	0.013910	0.023918	0.017521	0.011253	0.009264	0.038041	0.007750	0.031332	0.026491	0.012555	0.032981	0.028512	0.033942	0.016639	0.012558	0.017293	0.036301	0.012597	0.007363	0.029335	0.016384	0.023721	0.033449	0.003132	0.030109	0.006645	0.022174	0.000401	0.025297	0.022239	0.010711	0.003764	0.025945	0.030490	0.001801	0.017707	0.026756	0.009173	0.032723	0.006905	0.036055	0.023830	0.022584	0.015587	0.037511	0.023754	
0.029678	0.011920	0.026457	0.022791	0.005194	0.030756	0.023209	0.020173	0.010131	0.023594	0.021899	0.022121	0.017474	0.002264	0.032667	0.019063	0.034684	0.008644	0.038172	0.013043	0.000892	0.036159	0.017428	0.031959	0.010848	0.025568	0.003766	0.017540	0.010028	0.025197	0.031959	0.002335	0.023674	0.036798	0.003338	0.022116	0.035880	0.009949	0.014176	0.016459	0.024566	0.023963	0.023746	0.030778	0.024056	0.010822	0.013881	0.020703	0.019998	0.017487	
0.025610	0.021357	0.018416	0.001703	0.023160	0.024763	0.000671	0.022756	0.028778	0.029738	0.012209	0.031554	0.029078	0.000036	0.021309	0.032183	0.017714	0.033929	0.016269	0.031475	0.023447	0.025078	0.018450	0.037904	0.017565	0.036300	0.010851	0.008777	0.036114	0.009919	0.014903	0.000641	0.036900	0.011195	0.030861	0.005576	0.024479	0.025664	0.002161	0.018154	0.036146	0.009134	0.037534	0.001029	0.023133	0.031397	0.010242	0.020280	0.008102	0.005355	
0.034267	0.003807	0.011962	0.020189	0.021791	0.029327	0.019669	0.020266	0.018760	0.028602	0.015763	0.037230	0.034939	0.013895	0.007178	0.019012	0.017103	0.010836	0.009883	0.001176	0.016320	0.019998	0.013330	0.013913	0.009736	0.009147	0.020217	0.030417	0.022873	0.022058	0.001225	0.009850	0.037800	0.026962	0.022559	0.032192	0.034865	0.015924	0.029919	0.033539	0.007754	0.014270	0.004261	0.022265	0.027729	0.036810	0.015977	0.028364	0.033971	0.010098	
0.011092	0.028393	0.022245	0.008023	0.023101	0.014938	0.012897	0.002313	0.030174	0.035459	0.021275	0.026575	0.019218	0.007222	0.011728	0.009093	0.033263	0.022389	0.036534	0.029679	0.019176	0.026852	0.026300	0.034209	0.014793	0.034580	0.002093	0.001823	0.033272	0.035924	0.028710	0.007163	0.022954	0.003828	0.031087	0.001388	0.005433	0.000911	0.003580	0.017790	0.016928	0.020900	0.031431	0.001709	0.031721	0.037379	0.036456	0.020821	0.028280	0.016900	
0.026900	0.011397	0.016878	0.020825	0.002619	0.001724	0.039484	0.029568	0.035241	0.024846	0.031497	0.005026	0.003047	0.025883	0.013020	0.027940	0.003268	0.019660	0.037124	0.008025	0.033167	0.029098	0.029628	0.014528	0.019337	0.035680	0.017966	0.018089	0.036786	0.031909	0.030926	0.000623	0.035777	0.033560	0.018812	0.001317	0.015022	0.007454	0.020303	0.036354	0.025988	0.010761	0.021220	0.005001	0.013849	0.014721	0.010681	0.020791	0.017297	0.009382	
0.002363	0.034144	0.032229	0.031350	0.013471	0.010381	0.033419	0.012299	0.026184	0.020490	0.000126	0.031323	0.024606	0.038199	0.014983	0.004251	0.023517	0.010161	0.003828	0.037373	0.015971	0.028648	0.007865	0.020469	0.025798	0.006933	0.018465	0.012612	0.038809	0.019205	0.000269	0.004138	0.008588	0.031536	0.020698	0.036475	0.020474	0.037890	0.023830	0.020813	0.038557	0.009524	0.026029	0.012089	0.011082	0.021969	0.000081	0.034694	0.010537	0.031255	
0.21
