50
2
21.478241	8.262942	-7.298147	15.640528	12.665245	4.721928	25.451431	13.815555	-8.364011	14.719484	-2.412688	-21.243123	-23.084821	26.769240	-3.330905	-23.664939	-6.370208	21.106946	18.264584	-3.690773	-0.891829	-8.991353	10.610996	24.550934	15.836150	-13.984953	-6.494248	-8.245724	24.790698	2.348635	-22.248213	-10.990579	7.803988	21.631691	20.920501	22.267441	20.588450	-2.640308	-7.867198	-25.750083	-21.737211	-12.105979	22.842807	24.703646	-26.074954	12.688511	1.460264	-18.484403	-2.158829	-12.694311	
4.498398	-14.099962	-8.309315	2.111818	4.113140	-2.237862	-9.501252	-14.775497	-2.038910	-9.428906	-2.522915	15.497702	-22.850933	0.955816	20.261801	1.149697	15.347217	17.660308	9.017643	11.161625	20.816317	-10.608540	3.369483	-23.836168	18.243510	-22.153095	-14.894258	24.582755	-24.633610	-2.898154	-1.901408	16.230958	14.710559	15.989928	22.035021	-6.086926	4.348757	24.283415	-9.507062	-1.895553	-22.115444	-1.566658	7.571444	4.370820	-13.446283	12.758490	-21.175564	3.741782	-19.853177	-5.778194	
-8.987751	20.407402	12.890776	10.235441	7.619437	4.515581	-10.965855	20.997094	-10.143805	-26.452277	23.858666	-3.986235	-24.876500	-14.889096	-7.961278	-20.991318	20.445351	10.698698	-4.767195	2.513937	3.658044	27.229431	17.912051	2.966362	-7.459591	2.108541	10.247455	-17.510435	-26.573100	25.323316	-5.084624	-13.210191	-12.402812	-8.203961	3.141259	-20.843618	25.842341	16.789425	-14.215363	16.348706	1.560981	-7.911554	-4.111981	10.737846	9.301715	-17.876547	-23.243675	-24.154114	15.406249	12.235547	
21.869184	21.133127	14.698779	-18.131855	-22.053728	14.229442	15.287368	-21.992583	-19.171680	-3.799676	-9.960833	-5.193662	-19.335545	-17.563760	-4.117639	-14.772167	19.420812	-23.529424	24.457384	-4.769522	0.645726	-0.963598	7.021787	22.594011	-14.630856	14.770376	-10.151031	8.569009	24.005924	-12.717804	4.052652	-20.545012	-15.540621	-22.135843	-21.829716	-15.451402	1.279754	-11.516883	-10.943446	-19.198085	2.266807	3.128609	13.359735	-19.340668	8.396460	6.894071	5.706384	-9.215675	7.865206	13.551569	
-23.852596	12.100231	1.073039	8.551496	-12.657532	-4.529281	-21.123288	19.202681	-14.020132	19.064507	-27.983668	9.438652	1.417420	-25.641711	23.697116	-8.461995	-6.350540	2.221006	26.190413	10.170200	-24.300325	4.979508	13.878572	-26.454167	-9.498432	0.455212	28.149128	29.875889	15.130947	12.276919	6.652932	-6.358725	-22.220869	22.215133	-24.027597	16.812279	-24.911654	10.429509	-13.418865	-28.592235	22.923861	12.258125	-7.114203	-17.990577	0.064196	3.764723	-10.695523	26.275882	-20.999881	5.508708	
15.184584	6.905416	5.583686	-4.748646	20.466221	14.461839	-1.173648	-16.353057	-13.785648	14.377850	-0.207956	-18.947212	-17.571706	-17.813693	4.941738	14.760473	0.904009	5.538848	-10.682378	21.217987	13.214787	15.883745	-3.229621	-12.147907	-5.829182	15.879517	-12.154682	-21.390813	-19.983081	10.598587	19.148242	2.613416	-18.440189	-17.200031	-2.308018	5.802589	11.858404	21.915596	12.540869	9.198621	21.704320	6.193577	15.304049	-11.971834	11.305784	-8.062497	-7.144947	6.227871	-6.909888	-5.538331	
-8.568402	-7.904500	26.224361	7.362826	-19.421833	15.804798	4.626309	-21.001353	17.298102	-0.699261	23.355906	-10.803634	14.152128	6.577429	12.487516	-24.188636	-1.384316	-14.212246	-13.252368	11.527715	11.201562	13.128240	13.623495	-23.020064	11.221522	-0.058809	-9.784050	9.031417	6.793213	9.700487	-11.126940	-7.665676	6.033997	-15.337686	-5.788568	18.587184	-8.645941	-9.965601	-3.487491	-21.730439	0.037543	21.936262	12.060868	-4.788406	-1.071079	-14.692841	-16.857651	-2.687900	-26.013403	-4.055318	
-10.650679	11.572379	26.259646	14.078549	-12.381079	-0.031780	26.564322	-13.089203	3.495944	19.794085	12.848432	-23.464152	17.882883	-6.684326	23.827631	-20.224560	-2.244421	-20.354714	4.403425	3.158236	-22.451959	-21.447379	-23.151541	16.761866	25.644668	-2.669102	5.056707	-12.625152	-6.818387	13.511791	17.237845	-9.978585	20.062508	-1.605392	17.946906	22.225286	-26.816278	-2.072547	20.546329	8.890376	-7.225623	18.731659	16.662373	10.608083	-20.249653	-8.523724	-18.961763	-1.871970	-10.924585	-16.963163	
15.460794	15.067213	20.052441	-11.517340	22.596293	26.134023	7.388846	-19.399720	-5.034933	-3.870339	-11.634298	19.647981	-25.098125	-0.129222	26.212980	7.184600	0.254019	-9.501254	-21.318265	12.127530	-4.431275	1.118464	24.781781	3.120045	-23.513523	-10.571278	18.334447	-21.688548	9.736583	-6.785303	11.092295	1.112371	-14.785651	16.638424	23.114695	-19.605665	-26.531558	15.431358	-23.601543	23.798117	20.430913	-15.208159	19.534103	-3.627389	-16.869341	4.428257	-13.434757	24.977002	-24.099668	-10.839201	
12.447663	-10.136713	17.738496	0.211893	-22.691599	16.307933	-10.103292	-19.325847	2.180497	17.781584	-9.922831	17.490419	12.099163	22.242654	-12.705779	22.989731	7.515354	-6.032125	-14.683928	6.496515	6.732323	17.458017	9.635242	-14.769537	12.861564	-9.588928	-16.690967	-18.691546	-22.479582	13.263510	1.981392	-0.924952	17.067167	20.614359	-4.563094	-4.233339	-0.973900	11.564325	-22.829903	-10.143361	-3.013148	-19.204064	-4.966403	-21.198630	-22.065630	-21.472265	12.804564	5.217987	16.331811	-22.016571	
-7.748596	-19.909953	-1.252927	-2.617822	-8.897277	4.774022	-3.232097	1.557776	22.903432	7.007412	0.112446	23.201779	10.944467	18.392162	-18.208734	17.529922	-15.251634	-17.531104	-7.540755	3.805039	-7.540051	18.397484	5.978752	-18.474917	-0.067054	12.757539	-3.500091	-22.452578	8.859378	7.088416	-21.692581	-1.361449	-9.460372	-14.550375	-10.077235	21.427960	-10.473159	-19.834384	4.195204	15.247676	-13.346853	6.320630	-18.462776	22.469858	-6.113918	-12.252013	14.121569	11.335860	-16.986239	-1.751606	
-9.626479	4.113886	22.914797	21.692797	17.666623	-5.457299	23.882873	7.316418	23.810460	-20.758517	24.197571	-10.759658	-28.088597	-7.512531	7.923491	3.787127	-18.935477	25.849706	-0.233699	-7.222037	1.864467	9.184641	-23.790282	5.030532	-7.247261	-5.129407	9.656434	5.917287	11.670617	-29.218762	4.231542	-11.175797	-12.679229	-1.152825	25.118078	23.464545	-8.869848	-28.567559	17.819891	-17.919039	-27.866837	-7.081775	-21.485397	-14.663169	0.321861	6.930558	-17.012311	-6.356290	-12.365852	16.502696	
-5.264593	15.970091	19.218643	20.859256	16.122762	2.117215	-1.081227	-11.534840	3.454982	3.434262	-0.586793	-8.925928	-19.300366	-20.073358	-0.564911	21.462627	-12.211153	-21.119813	-0.131199	-12.149544	18.182398	-7.777380	-6.634972	9.715775	-3.683611	-19.045173	5.954826	22.602902	-13.048115	-13.056082	6.134274	13.127278	-16.376655	-11.053916	-4.737992	1.604895	10.118029	8.472628	-10.806952	17.968030	-14.094787	20.354277	-4.310273	11.152358	12.137042	-3.599555	-22.684454	-4.296255	12.536762	-20.678505	
-13.256652	11.489545	18.058840	13.986495	-5.954919	6.726851	11.794844	-15.135658	2.095465	10.246756	-0.771157	-9.803088	-18.763838	-13.130467	6.526893	18.164012	8.027930	-18.038236	14.944860	6.625544	1.222793	8.650316	5.101327	16.455663	2.343624	-14.231336	3.180070	-4.575463	15.315076	15.302166	-12.797773	-14.574230	-0.014408	-7.540307	-7.479816	4.196751	4.646225	18.035406	-7.188987	1.763915	12.468156	-0.388327	-8.476789	8.731902	15.235954	15.247441	2.618694	10.572347	-18.664686	1.987921	
-29.212574	-9.864034	-30.429768	25.368485	-17.363775	-30.337464	-3.430895	-19.627697	-10.799770	32.416736	-16.309955	32.582061	-21.307512	19.786464	26.757074	-3.202117	-32.444368	-23.732766	-8.464772	27.741039	-28.209752	-21.390299	19.739440	25.817290	29.711505	-28.913591	17.331932	21.204791	-30.607870	2.679281	-7.070824	-10.089407	28.675811	9.177985	-1.960776	-28.407609	-12.677473	-25.880481	-30.326735	-4.167272	-25.903858	1.958310	24.685293	-19.450358	7.419569	22.910297	16.363483	-27.017380	-6.631851	-2.184515	
7.379863	-5.681707	-6.897112	1.031244	-19.415556	11.550558	12.186530	12.058657	4.164748	12.403782	-19.525436	-16.664535	-7.130294	10.152264	-1.124922	1.559266	14.678574	1.398018	-4.834093	16.617512	14.739729	18.806359	-23.169595	-11.224522	18.323706	12.507462	0.628472	0.888911	-6.611558	-19.734539	-19.917064	-19.535520	9.584733	22.691080	-3.520429	12.493281	4.036193	22.960727	-7.732617	20.958726	-19.530598	17.351314	-3.734448	-21.883164	-9.981565	21.274495	10.543196	-4.590849	-6.931678	-20.329959	
14.237495	-12.249275	-23.775249	-15.943005	-16.793273	-20.840268	-20.422715	8.009994	-23.019144	-24.641619	-24.484911	17.792251	6.030546	2.894122	12.245082	16.960137	8.337936	8.321466	10.271912	22.345883	-23.999084	-19.524070	2.422380	-17.741451	-10.545351	-10.317244	8.137493	7.059885	15.412341	-6.349393	-12.354356	-0.408788	-3.996400	-25.279794	-7.164923	-2.499870	-16.476153	-9.909693	23.003376	-10.412859	-6.874581	17.353584	1.991427	21.448092	5.281883	-5.499370	5.853629	18.907855	23.858607	23.971520	
-23.117692	-27.807039	15.148011	8.273871	12.428257	-8.365673	-13.490709	-8.285473	-14.565471	-13.928948	10.117192	-1.616422	23.005242	-23.603072	-14.872813	5.821553	4.355316	15.487367	-5.208773	22.984069	12.584832	-13.112725	-7.203285	23.971680	2.799739	9.568410	2.268632	20.137769	5.411885	27.291351	11.442824	5.560247	-19.580741	-12.927523	-12.269668	2.543689	-8.096815	-13.803401	-17.500235	27.965915	-20.690112	-1.573176	20.518804	-5.936943	-9.787230	17.880007	-21.242061	7.076329	-0.789719	21.137988	
6.062502	10.336107	-13.111871	-3.284607	1.170297	12.966928	3.642450	-8.061899	-1.900608	12.694362	18.999346	2.793208	-5.034499	-13.204701	-2.426543	-14.805365	-11.969710	12.032609	-0.130535	13.445178	1.844290	6.358992	-13.612518	17.510044	9.159927	0.746398	-13.770436	-3.249713	8.300547	-16.982998	-2.794561	14.591100	-11.094704	11.931211	0.912359	-16.003540	2.101203	-17.839581	7.573066	-7.092539	6.622193	-4.361319	-10.346823	6.038463	18.651643	10.910673	-3.382790	-4.923847	-12.301251	-18.884559	
-26.428629	-25.944561	24.400999	-21.256868	14.140794	-20.177437	4.455258	7.036331	20.999180	-22.988913	-24.175474	-13.138787	-2.903016	-10.282011	7.767844	-8.395550	-4.605191	-27.409188	-2.160330	5.445093	8.333994	6.975745	-18.527180	-12.207402	2.984200	-17.837249	-12.220946	25.472672	-26.724445	11.233589	5.351110	-31.878161	31.503397	22.898089	-1.645173	-4.502422	23.755620	-15.295226	7.140352	23.276894	-23.862583	-12.512974	9.114415	-13.512012	-16.059569	27.445213	-15.105568	1.750155	28.291288	-14.882508	
-10.687807	-8.944762	15.208831	-15.356757	11.545109	18.617824	4.467843	7.439853	-20.261799	19.436005	8.447807	2.731635	2.287400	16.224845	-17.034230	6.110658	11.107674	11.160338	-15.200108	-16.017512	-0.508842	-0.681309	-5.976077	-6.473271	13.635916	7.184876	5.472391	-8.352706	-6.928577	-1.489477	3.729599	11.551118	18.500688	-19.307302	-6.529975	18.077307	-21.197209	0.142804	-5.658139	6.868315	14.539331	15.053295	14.318029	-2.420142	9.152275	-10.688706	-5.565282	16.391705	7.466774	-2.629509	
-10.558085	-18.320426	1.174628	-16.946611	-14.218627	4.196523	-11.640834	-12.148411	-13.041780	17.115856	-18.843659	-5.637286	8.155404	15.152433	-13.937546	7.164315	-18.357776	-11.335868	-8.286875	-13.448380	18.636745	-10.028774	-18.163353	-17.012686	-16.784393	11.662592	-16.765269	-9.695991	1.323497	13.314080	-18.354184	-2.990960	18.701361	11.256633	-18.873712	-9.531762	-4.431662	1.283848	19.616485	-1.780591	-2.573394	-7.494092	-3.087006	11.551843	-6.743426	7.900382	-7.145113	2.389376	-4.675925	-17.381301	
-10.479692	-17.088680	-21.295147	-29.377308	5.926604	3.376160	-19.488834	14.477472	-3.101839	-9.841426	24.725410	20.263110	20.428384	28.207796	-25.700059	20.082680	18.360997	29.646721	-27.663142	-18.715054	-5.398370	19.963092	14.292344	6.094023	9.295581	1.149276	-0.694763	-16.337442	-11.332427	-9.664438	-16.677886	15.064411	23.891896	4.133304	-20.652798	2.477105	29.375601	13.868371	-20.698847	28.724142	-2.532554	8.766657	21.799434	-5.024342	-3.305232	6.777618	20.346847	0.587632	-23.470844	1.822194	
-14.055770	-33.989656	26.055314	1.115403	26.224815	29.791748	-28.250798	-14.196313	28.392638	28.358607	-1.080477	20.485557	25.488697	29.707793	-20.698882	-4.937018	-32.759758	1.079227	-13.330532	21.125395	-25.398624	-32.832142	32.981035	-2.250049	-3.716454	1.699634	31.210746	14.699634	5.738554	-27.032513	-13.386832	-25.613087	-22.582761	-27.514857	5.798315	7.931147	-1.024311	16.063768	30.028389	12.801136	5.376451	-24.348904	-26.607847	8.727562	25.055071	-20.271709	-17.603209	-22.039512	8.423759	-6.398197	
1.052906	2.198425	-11.586659	10.609792	2.298709	-9.995319	-4.366194	-10.466281	6.593749	4.597703	7.412079	-6.952033	-12.992797	0.372031	2.773359	-2.974446	-3.141397	-11.357821	-12.924095	17.188137	-1.267283	-9.203432	6.122570	9.322897	-20.949942	19.111310	-6.219805	20.735060	17.589392	-1.342539	14.513203	-16.853150	7.531415	-6.916964	15.701856	3.772904	-2.758771	-17.647939	7.579771	15.300784	-9.448185	-2.883352	2.525074	6.261936	-9.167763	-12.084157	-20.322853	17.121936	-14.694252	9.204833	
23.781935	11.645644	17.757101	-0.962230	-19.715735	5.140932	-2.213590	4.504094	-7.101980	25.003115	26.184376	14.486197	-16.485134	13.229749	-0.638015	-19.960421	5.291893	23.366739	24.196053	-20.153538	-8.813565	1.798179	4.459923	22.712379	10.705372	15.454783	-22.900473	-13.568879	-4.059668	3.671597	-0.626983	-17.897715	18.001701	6.074828	17.237692	-10.575028	7.464114	-16.659644	-15.254012	9.146176	0.988552	-17.365328	5.208579	11.332754	-24.563297	-3.130827	11.830523	13.589470	10.013569	-18.201503	
9.510446	-18.225390	-3.510307	-23.562761	26.180885	-15.299737	-9.671478	-0.205972	-2.410501	8.674828	-22.246255	0.946814	-12.462008	2.604498	-1.169753	-15.911778	20.374985	25.315891	-5.740833	12.854338	-1.938877	-26.436102	10.914746	-0.750863	26.755132	-19.868815	-13.013690	-17.929793	17.980404	-3.374840	-10.178695	-24.836620	-21.720070	-23.443442	-13.092243	13.777152	-16.513396	20.848469	-18.573742	7.572866	-13.415036	22.867355	-11.659268	-21.340447	-12.152133	6.408564	21.493342	1.154809	-17.367466	25.143851	
-16.108310	13.254886	3.688144	16.871834	-0.101656	20.237478	5.819637	-12.556327	-21.565307	6.847799	15.693612	8.202786	9.818841	11.490633	18.864527	20.080670	-1.492986	8.934969	-5.645367	1.220647	19.378286	0.175297	6.524925	-19.600423	-19.995879	11.684830	-16.881416	-2.932837	-13.237978	17.702810	-23.716471	-16.802312	-21.233310	1.888580	-5.813559	21.597357	16.989378	11.635839	-10.645269	-3.384093	15.897423	-15.874664	-2.375967	6.728280	-15.447116	-13.092641	-17.968559	-17.986033	23.105963	9.788452	
5.211075	-13.416070	-16.533737	17.884505	16.229378	-23.794607	-0.627304	-6.228103	7.205270	-0.772378	-21.999312	13.231347	6.801726	-23.599978	-9.740849	17.068649	-22.821205	-11.413915	-0.964622	5.759189	13.952854	23.467843	-21.031556	-15.095207	12.828913	3.620603	1.237214	-22.421787	-18.377847	-7.996583	21.466067	16.053698	5.752729	8.366498	0.776703	-4.033433	10.126395	-1.135961	19.060864	-22.227689	20.927083	6.439304	-23.358585	-10.006177	5.250442	20.125995	-12.688120	-3.989814	-8.118844	-16.879453	
-9.681571	18.912264	-20.645038	3.391322	-13.250875	2.653685	21.053835	-4.705171	12.909658	11.115116	0.558292	-11.415796	13.337256	-14.742953	12.050229	2.966889	9.413811	-16.968981	7.789533	6.813307	-19.571176	21.419826	14.233562	4.162855	-20.890734	12.417407	20.151393	22.253982	22.855704	0.337604	12.157457	-9.112717	-7.664445	-20.718345	22.034151	3.796181	12.988296	-15.151087	18.009585	21.559748	19.552085	-17.186945	16.495798	-16.563413	13.201489	-17.733109	-15.332983	14.486163	16.780570	-21.299813	
-23.395749	25.402194	-23.153468	17.696396	-11.848887	-24.719315	5.212390	-7.853170	-6.785625	-6.172762	-13.962987	-12.015394	-14.929799	10.609352	21.624021	15.930275	-6.400356	-18.463749	1.063732	-5.760127	-23.202101	-13.235776	12.752583	19.394264	19.757964	17.987681	23.091789	-0.280930	-1.617422	12.614075	-8.739140	-0.784944	-17.609936	-17.940547	8.910765	14.221599	-1.210188	25.202570	9.960327	-21.921013	13.263127	20.729406	-13.485655	17.716811	14.114648	-19.073174	-4.922752	1.221462	-17.167675	-8.478448	
-4.526370	6.802526	13.779315	22.990571	-16.572237	1.604796	22.330906	6.357878	-17.081365	-13.492295	-21.626103	2.430734	7.830273	21.469602	0.387102	21.729108	-11.929704	-10.502476	-4.107715	-6.974313	-6.269102	18.532644	-2.524363	-22.310075	-16.031455	-13.465086	9.440987	-22.294799	-20.165918	17.819679	-1.743218	-17.922851	-14.929721	-16.532883	-22.845167	8.282505	16.808450	-5.797753	22.288684	24.934688	20.908517	-5.405150	22.012397	-16.163754	0.147257	12.513592	11.198358	-1.202706	-13.945711	-10.463422	
-4.591652	-18.587318	26.335434	26.094091	13.893667	0.423629	-16.419692	15.679940	32.690380	-25.628985	-22.691152	26.359285	-1.895594	20.898499	4.475025	-29.612007	-23.556256	-30.436464	26.089251	-22.633185	-17.643037	-7.028375	-19.446386	12.062576	-10.869092	1.707490	22.102000	15.217255	-10.593898	21.578770	4.604822	-1.307605	-1.143005	-12.378116	-23.096329	-30.269109	2.077298	-30.093405	31.228011	12.679611	7.734241	25.634239	1.777509	22.805655	12.811208	-6.588603	-8.715664	-19.482198	-24.784221	-6.967683	
18.975875	-16.406966	-14.173020	-23.996986	18.964902	14.574898	-4.297319	-13.810237	-1.318443	-23.280178	4.350364	-7.204954	-4.154478	22.603129	20.541450	17.396595	12.711045	-13.596538	24.085961	8.986880	-20.267010	-17.845844	-7.001747	-15.327211	-10.551673	9.115436	-9.388071	-21.418771	-25.387525	-2.906102	-10.920937	-2.914257	-16.821134	-17.286712	-19.035783	2.119393	-12.627864	2.136943	-15.398536	10.060179	-5.237944	10.294074	-27.758155	3.148420	-17.365995	-6.028424	-19.535890	-0.809537	18.158948	-1.582295	
5.414643	3.094963	12.839360	-4.723258	-16.728980	15.712915	-15.690532	-0.850246	-12.255053	17.138155	-1.188768	2.578058	-5.272135	10.870304	-16.127162	-10.164890	20.898942	6.763134	-5.466508	11.861289	-17.383323	-24.063247	20.733635	11.575842	-4.229034	-9.988553	24.472482	-18.549473	24.109034	-14.560883	-25.885982	-6.024481	-2.796175	3.692594	-4.573875	18.025363	-13.509314	26.855795	-7.041273	1.987091	-25.763100	20.551027	-15.298926	-24.524797	-10.821837	-22.957594	-13.561705	2.687062	-4.006009	8.521690	
-17.724595	25.214197	-16.259184	-3.400676	12.856463	-25.547844	-16.323109	13.166131	22.761658	-14.912195	6.910908	-10.550849	17.765023	-18.616667	13.615658	7.167036	-21.180926	23.623346	10.339617	-27.606919	7.879386	27.620017	26.695761	22.273516	-20.659549	-8.302418	7.002139	8.765705	-21.136737	12.846678	7.896415	25.883315	-24.156112	10.554101	-10.170911	21.107015	-9.500208	-20.515717	-14.651749	-6.027650	5.401675	-3.709885	14.168467	3.416212	3.410000	24.918769	2.123252	-11.608783	1.126878	-5.644330	
-11.706499	17.764870	2.774863	-2.645093	10.002540	-19.576541	21.888814	8.265614	5.868921	-30.377557	30.940365	-15.662671	27.714696	29.076353	-30.347625	-9.309686	-25.146996	17.670287	31.905002	-31.438076	-0.970756	6.758133	-18.919869	27.068955	4.825840	22.252248	-13.399224	-2.507119	-8.831420	-16.965575	-3.818810	-9.307597	-22.519373	1.662048	-15.893857	-0.717115	-7.288756	-1.605534	-11.845818	22.322802	-0.411610	20.438537	-1.625490	31.917231	-0.477166	27.118356	19.069276	-29.445328	-13.778412	-13.118021	
6.784901	20.504504	-7.220154	25.863420	-21.571503	13.717403	-20.308276	28.532538	-13.325897	-18.361667	-18.840933	-22.826977	6.323022	-3.434918	27.079108	22.078405	-8.047533	-11.486487	2.964169	4.869304	14.807510	19.640185	18.531537	6.561080	11.836478	-21.591829	19.370750	-12.624525	11.242254	0.605489	26.396371	-1.577439	-9.355934	19.849004	-21.901096	-13.279518	9.691216	-7.699462	-25.049999	-14.044653	-23.150150	11.630373	-15.841609	27.913197	4.502897	-3.886271	-2.227632	23.407905	-5.066345	-27.312290	
-0.526983	18.601027	12.499055	8.072830	3.592416	-10.277634	-2.581400	-15.692630	-8.405824	17.256146	-1.830563	11.003358	-8.482781	7.974212	3.786528	-16.486993	-20.132108	18.659559	-8.854838	-9.269750	8.541384	10.031878	-18.525733	-13.128602	4.898357	-8.838939	-7.819400	-11.773708	-4.756936	8.266751	-15.119731	10.096393	19.807950	-11.921182	-19.827816	13.197719	20.352529	-3.957381	-15.665584	11.828073	-17.315382	-7.578442	2.858204	0.378565	1.445709	8.375054	-5.990200	-10.697735	-0.121888	17.462930	
-13.161051	9.127374	9.312977	8.841027	-23.126187	-3.640184	-2.788455	-5.613621	7.195746	23.909983	16.794679	0.983937	12.979847	-5.471334	14.562005	16.009206	1.880362	6.653199	19.245425	-18.167710	-23.830724	-10.916732	6.160801	-2.711013	-19.770762	10.483856	7.731312	8.350257	19.691600	-4.583806	6.770884	2.379738	4.995452	-6.985382	0.024901	-18.909130	16.129223	-23.318480	-5.007477	-1.710182	10.823230	-1.712430	-9.302430	-15.641577	0.107599	15.973094	-8.648206	-6.250278	-7.090894	20.712936	
13.515141	11.035425	19.578328	0.509690	5.917697	9.880978	2.303103	15.154742	2.666908	-21.067987	10.513941	-1.307858	11.740829	-0.060820	-12.574423	23.161922	23.313913	-14.625002	-2.035192	19.188294	-21.440217	-16.042566	-18.224358	-22.755481	-3.158542	-7.799833	13.113328	6.626691	22.758951	-2.269142	24.286698	-18.409441	0.746955	7.818870	-2.622428	3.298419	-11.135150	9.058450	5.717657	13.554870	21.523513	-8.977890	-14.804021	9.151954	-23.962722	-12.984299	14.368935	-10.770411	-24.341932	7.464273	
-11.391129	16.442939	-14.047571	-17.949401	-15.527067	-20.975612	-5.272785	13.266977	5.196669	18.754969	9.217116	-5.781065	6.981690	4.893153	4.400324	4.548362	5.115467	-6.305512	13.020304	-10.678638	16.215734	13.729874	-3.558519	-3.126763	-3.439216	-15.582478	3.780611	18.007105	19.703332	6.754581	-3.551502	8.839607	-18.155977	-8.462567	14.901570	-16.482344	4.693152	1.205882	13.242739	17.220669	11.583773	20.611193	6.009078	6.934444	12.045692	-0.919710	-0.407325	15.997372	20.402375	7.708752	
12.213204	11.099492	27.262164	8.635357	-7.051615	-21.182768	21.439469	-17.815244	4.459211	-21.318577	-10.339251	20.391591	16.468954	-5.922118	-10.371751	-10.375432	-25.707506	6.751266	-13.176279	-23.632220	-13.041412	-12.064003	18.812558	-23.556042	-19.791840	-1.448488	14.251559	-7.606440	-10.129474	1.827318	-5.147262	7.753212	-11.332033	-3.613702	19.353801	-13.601431	20.101929	-13.895795	-21.946166	14.244745	-2.539078	-11.383174	20.680699	13.362599	8.472418	-14.170069	15.743338	-19.837811	15.605619	-1.501257	
12.116908	19.600589	21.935881	-1.074746	6.420580	-12.285561	-19.446797	-14.917659	-9.735725	25.610307	7.569733	15.226081	-10.904143	-6.196220	-20.739958	24.887292	-16.701796	27.270809	10.385861	-12.304997	6.430229	-18.441264	7.615290	-21.406952	-18.159087	-12.669357	14.378606	26.518811	18.101777	26.546467	18.926112	-24.533674	3.653541	5.682894	-19.815940	17.287061	11.981314	15.387103	27.002566	-1.480921	25.052830	26.821201	-0.111819	25.883110	2.036955	0.309327	21.051918	-3.205271	-17.128371	-7.531963	
12.226355	-22.712799	-14.628137	-3.164921	-3.448845	13.117956	8.299726	-16.353636	-13.421650	-15.601456	16.105818	-13.734482	21.943049	-24.571454	24.748145	2.338343	-20.060669	8.337122	11.575266	18.424346	-14.048502	-7.966280	-11.286673	23.385071	-1.169062	16.662173	18.813030	-2.814527	-20.589793	-8.984449	9.643939	11.314490	-1.645687	-24.566248	-8.098671	-26.367064	13.657739	24.696089	-24.029351	-24.254481	-22.813711	-22.702287	-1.980000	-2.885209	26.850125	-2.296091	5.493561	-11.473777	18.162750	-9.891670	
19.542671	-2.626572	-17.248481	25.170670	24.240161	-21.286848	16.502356	-7.260404	-23.657970	-2.452394	-0.668120	4.979990	-18.980146	-14.193047	-21.750541	-26.984484	2.616188	17.967165	26.062221	3.953673	2.650243	7.584728	19.652406	-7.144680	25.126032	4.758025	-20.051404	-0.071816	9.570984	-16.860786	11.335588	-25.130686	9.404613	-13.613476	7.547970	20.757055	20.378240	-17.959827	20.698308	28.856135	8.057992	-28.923436	-12.122678	-25.950672	19.958718	19.029270	16.827840	-20.982010	-14.827384	-20.337580	
16.983691	-14.788619	-0.442421	11.452170	1.123955	-6.196320	-22.545156	-18.876549	-22.893669	-1.263515	-12.109275	15.938021	0.047757	0.266830	20.499406	10.255013	-17.897040	-12.475235	-6.475074	5.416423	-12.538479	6.853768	21.874447	20.958976	-21.505399	15.032436	-16.103006	-8.137289	-15.283055	-18.176481	9.593687	-17.175440	2.048323	-4.071497	-10.308559	-14.753962	-6.501154	-1.147505	-10.835981	-13.289265	-6.498433	17.595076	-17.069843	-6.557576	2.935408	-2.054000	1.836866	-9.940934	1.164677	1.665045	
9.381298	-10.819389	9.448490	18.343250	21.382800	-6.630831	-2.679931	-1.941588	7.167647	-3.252963	14.403889	10.386819	21.332227	-21.520534	-18.506022	-23.246612	-23.925742	16.231801	4.835144	-19.339890	1.910689	-0.597169	-17.502051	-22.520983	0.686929	-19.664927	0.271543	0.456882	-12.744803	-16.493321	23.618889	-8.137640	4.931736	-6.851071	1.529785	4.249592	15.059797	-13.263718	1.297592	1.748073	21.576877	14.579114	17.085833	0.250861	-0.005341	20.784141	-7.505223	9.824565	-20.454651	6.166790	
-4.497548	26.163960	1.623194	-11.168998	-15.389239	17.618471	23.452447	-8.212326	6.828689	-12.919177	-9.370641	-21.019188	11.810234	0.991175	-17.537185	28.115265	-20.175787	-27.885474	-9.512247	10.038517	-16.332456	15.648195	27.887941	-10.913200	10.230763	25.868952	-1.932995	-13.661663	-2.427721	28.969206	3.803243	-1.164779	25.443117	-8.044692	-9.165825	22.530503	20.238922	0.423835	6.656151	21.840058	12.722670	0.278468	12.668035	5.881129	14.395043	-26.034012	8.046316	-22.318218	25.828622	26.802899	
-19.772538	-17.876853	-3.983593	-23.698577	19.822843	1.303873	18.934227	-1.218630	-10.147671	-20.124016	-9.117521	0.781170	-5.130234	-2.888563	1.754398	-6.287327	-1.262586	0.207825	-0.007725	-0.223288	-1.191010	5.086087	-13.272533	5.431222	-10.504000	-0.971010	12.876353	-5.632915	-20.880728	16.970933	-4.700484	-2.047111	14.148800	4.155183	-23.761187	8.545863	18.926218	9.547780	-19.648756	4.879481	-13.994870	3.624570	-10.273398	17.534103	9.670828	-12.537576	-11.899207	-22.568792	18.622471	10.759873	
3.518774	1.357734	9.043213	-4.187193	17.093699	-4.248551	-19.922596	-18.207461	15.491113	15.834522	21.156480	-10.169911	17.556134	-8.648401	3.584926	-19.953088	-21.039684	22.057161	-10.969235	14.270632	-6.808604	-10.344618	-1.919575	3.916686	-11.193805	20.158967	13.862164	-11.628227	-3.181614	18.526113	18.850114	11.449820	5.268248	1.453198	-5.200416	4.758308	12.167834	4.199757	-1.866477	21.480863	19.118179	-8.965135	3.786587	2.915300	5.001155	10.030917	8.259972	5.017754	-5.193577	-21.433794	
5.219170	18.459880	-16.798190	-4.421799	19.337430	16.229889	8.511087	8.847327	-13.782265	21.521772	-5.039770	16.458280	-11.373745	-20.056462	-13.033411	6.412686	16.027039	17.106377	-12.726869	-7.347291	17.953255	7.526883	14.732822	8.484118	-19.693184	-3.897658	-18.539168	-2.518853	21.160663	5.519448	7.155050	12.033046	19.822445	-15.958753	-20.918336	-21.162902	11.678604	7.411040	17.298375	-5.757747	16.936438	7.693451	-13.636607	7.622941	-16.775451	4.531859	5.420636	-7.936307	-12.578162	-1.106674	
-17.796898	-14.430670	8.981198	-13.007418	-15.834681	-22.432723	-16.902668	-1.513309	20.057869	-0.864745	1.207085	-24.944407	-5.501794	-13.967643	-10.593215	1.681764	22.990208	1.491524	-2.576973	-22.775718	18.488964	14.088212	-11.384582	-26.755710	-22.497800	-22.703965	-13.272973	-0.536569	-16.539775	15.531979	-4.925435	-1.143849	-6.849658	-10.963213	-13.712502	-23.704687	24.783880	0.084431	-26.756086	18.347922	10.052482	26.363350	14.032604	0.370506	-15.618890	-4.475133	23.618475	-22.135033	3.977491	-1.964184	
-6.036203	-8.104402	20.931130	-0.777538	14.376930	16.912560	9.929014	20.515462	3.447758	-6.496213	-3.222611	-12.992559	-15.679328	14.962011	-14.512748	-3.141390	-15.051053	1.982595	19.218491	20.012064	-1.526762	11.771871	-1.377119	3.292184	-0.238108	14.132606	8.404885	-17.794507	7.596134	9.629014	11.712217	9.841076	-8.359850	11.493007	4.668911	13.866198	0.892026	15.327795	-13.326478	13.275464	-8.385613	-18.558504	-11.797733	20.296925	8.401398	-5.319999	-4.246168	-10.646726	0.309335	-14.645052	
11.317978	20.766369	-22.156458	0.634300	5.335998	-25.186983	-7.102478	18.902866	-14.505976	-2.824333	11.049459	12.319505	17.971877	23.279367	-23.048892	4.174573	12.009523	6.634196	6.150614	-1.448436	-15.749710	15.345009	-7.605193	24.267142	3.076024	24.574400	6.902519	-9.327769	17.671801	-18.810310	-22.922120	5.789109	-12.782060	-1.567701	0.132238	8.233502	-8.903301	-11.136951	23.625870	7.250729	-20.282864	12.251562	9.230604	10.301877	19.124478	4.946152	-21.251120	17.685574	-21.546703	12.743119	
5.120276	-21.616554	0.855032	-17.006896	3.782608	18.251280	-10.184197	-20.219727	-20.175282	-13.611643	-19.011053	-13.390312	16.385869	-13.580821	2.257628	-1.804531	-15.064377	16.261963	-16.302900	7.467118	6.712573	-10.694896	-0.905164	-2.693206	14.484693	19.866810	14.531130	9.845627	-14.357759	-0.476236	-8.465902	-13.599957	-20.912401	7.931155	-9.684203	-10.814750	8.353842	-14.179160	-0.186241	6.841108	-5.523082	-16.093132	-8.516162	17.533132	5.140477	5.638675	16.537200	-4.040829	-5.318188	8.341228	
10.320423	15.052889	18.151377	13.521686	20.520372	0.174720	-21.295648	-17.982192	-17.493092	13.793305	14.892076	15.927009	21.159657	20.836006	6.108710	16.403600	-10.338443	22.725199	-8.408394	20.413633	-3.082012	10.974216	-3.424709	-15.267796	20.630581	-22.937921	3.629076	4.622413	-13.445437	-19.717994	19.503924	-4.903184	17.572128	20.583145	-9.858503	4.168853	3.276266	16.168725	-10.543747	10.348232	-13.632362	-4.864629	1.052212	8.003262	7.658038	-0.309334	4.789381	6.829313	15.821111	7.368109	
19.838603	18.689411	20.722818	-17.081766	15.769233	5.261290	-3.140196	12.918401	-22.632445	-4.722482	-17.528994	22.272327	-7.623108	-17.850673	-1.536867	26.752385	-7.077019	-23.973953	-27.646255	11.298385	18.325037	21.731914	-18.356948	18.854415	-1.702407	11.363049	-4.148833	6.698290	-6.103625	3.035676	-11.269692	12.876396	4.442768	-8.700257	-19.132746	27.436538	-2.431398	1.324231	-7.470172	26.101817	6.182165	12.359443	17.398126	-4.527506	-7.710953	-22.625514	-1.997778	26.541525	4.876893	6.234123	
10.422641	1.848001	25.009839	13.183199	6.956675	22.746087	13.396144	9.505148	-10.888553	0.244110	-4.806908	19.325769	-2.653391	25.141750	23.197500	14.137688	-23.055828	8.766893	7.165143	-17.750902	-18.995483	2.595588	-5.677318	-22.403161	6.266230	11.078161	22.484258	-9.075717	-9.713884	2.595645	10.631315	11.492072	1.464729	11.726755	-25.915374	22.771975	8.354429	-6.854608	24.704668	3.247112	23.372897	3.957566	-7.485536	-16.507105	2.791523	-16.777964	19.659108	-22.953735	8.548253	-22.099345	
21.134306	11.011583	-14.339108	23.514849	-29.171723	-2.060331	-10.737560	12.179351	11.222696	-24.345334	-15.423028	25.008621	-27.245510	-14.587312	27.419402	27.978052	-21.742123	12.807884	-26.314998	3.202830	21.632723	0.431279	19.610807	-2.018502	-17.706932	-2.831836	-6.149218	3.631740	26.243246	-10.576510	18.582784	10.981912	-24.785884	-8.364866	-6.120274	-10.903009	24.796069	26.155503	14.314814	-12.005278	-19.003715	-10.297090	-21.294200	7.281718	21.235046	12.902003	-14.882076	-5.311595	14.974555	-4.982160	
21.013614	15.752834	7.942149	22.375192	-16.786198	-3.962093	10.163529	-6.201423	-15.545195	-22.855704	17.067200	12.368426	-21.376050	20.697200	-6.223230	-6.004226	-9.788321	-21.760950	-10.960253	9.050737	-3.321331	6.642851	18.942246	3.073063	-2.870454	-15.496305	-6.837118	9.031396	-4.324660	-7.570273	20.180899	3.153678	-9.135509	-12.272917	-11.574285	-11.683867	-21.233965	-8.801597	9.008201	-2.188624	20.335426	18.938325	-14.849532	-15.710291	2.523928	15.440108	10.948249	-7.717805	-12.790475	11.757909	
24.635308	19.674364	2.980157	7.388805	14.064035	-11.358547	17.888724	-14.596124	-1.247820	11.489910	-3.595129	22.862589	12.905579	10.617772	16.264248	5.918908	2.534803	22.374958	-17.960086	23.984613	-4.877157	-2.171243	-9.288080	20.471033	13.096875	-2.188540	7.607668	-23.301727	23.072595	-24.308919	-22.419962	21.525053	-10.663099	11.480469	-0.608897	12.490092	-4.032390	-19.890258	8.082076	-26.896141	-15.631109	-21.264566	-6.386479	-18.133897	-25.583871	8.658081	-24.387309	-11.746262	21.659965	13.750924	
8.408205	-5.746616	6.312781	-0.025228	-7.437206	10.143098	-4.681986	-0.496618	8.798137	17.501360	-9.964602	0.592841	-11.059982	15.478547	13.273077	1.098959	14.545267	12.923795	12.831265	18.017026	-7.359977	-3.788800	-10.477463	-14.940968	6.962310	-14.793254	-7.695499	-12.303399	5.545750	15.807395	6.621288	-8.874996	-1.603152	14.917587	-11.711341	12.435014	17.477493	-10.242977	-6.531349	-7.628903	-13.855132	-18.712741	-4.652361	-16.824082	13.949753	-9.415517	-17.741539	2.859904	-10.937491	-2.980772	
9.491781	8.900565	-21.923938	24.897923	-11.034757	-21.230601	-16.229710	2.592240	15.465772	-19.953232	19.106268	-20.154133	2.837144	15.489185	-0.354652	-0.855896	-13.043195	11.605965	-2.547596	-24.738886	19.323497	-14.972320	18.705725	-19.512643	-23.359579	-23.770955	14.974007	11.309752	4.498994	5.910922	16.067510	14.126449	8.354323	22.548984	16.858127	-4.886349	5.875787	13.608760	-13.166491	18.371767	23.841988	0.219923	-13.966368	20.066611	17.547378	9.826142	-11.816237	-22.022780	10.911557	-20.826349	
6.919156	10.786812	-13.824443	14.083670	23.063591	-16.022368	-3.529202	-20.522335	16.294903	7.047123	4.086068	17.136063	-12.615537	13.660616	11.179226	1.137173	4.461297	-0.959218	11.942819	18.999718	-9.687967	-10.693650	8.186397	13.157350	-13.784141	-9.522351	15.599523	-12.924294	25.967258	16.768326	1.936198	7.698838	-19.543635	-17.203989	-6.411484	-25.675181	-4.419996	-12.235224	-24.980315	4.830412	9.280691	-20.626889	-16.835631	8.454475	-1.977182	-11.761361	22.582662	-8.546756	19.642639	17.847364	
27.411665	-10.888040	19.534748	29.321814	-4.721432	26.288984	-17.067668	-23.742548	6.492666	-10.997743	23.486314	-29.111349	-18.194600	4.575519	-20.816472	19.760378	5.015952	29.163904	-12.298330	24.817805	18.391365	-7.087518	2.762399	-7.446933	21.584929	-27.901197	-12.901814	-28.214699	-25.164467	17.824448	-23.210193	11.424133	-14.340232	22.553890	1.620305	1.787114	2.629136	-4.836983	7.859489	-0.785699	6.414221	20.810841	-5.335166	-22.733296	4.609860	-18.031794	-24.510839	6.896558	-25.748322	14.694853	
-17.426499	13.866043	-2.999374	0.373776	1.448709	7.055417	-12.091493	9.697599	-13.478941	4.294754	-19.050099	6.096147	-6.694674	-17.787454	-12.392020	-0.366175	-9.849906	9.609591	12.213302	-15.641056	1.095048	-5.524640	-4.423243	10.046128	14.449575	-13.781059	9.171078	6.699424	-17.458651	-8.341981	14.342115	-4.204086	-8.483758	19.908572	-12.690015	-2.046494	9.219381	-17.850699	11.517177	-1.047657	-1.967266	-8.702966	7.081659	10.619153	10.412689	4.335860	-1.978999	-12.281471	-3.567154	12.346443	
-7.510529	24.218121	-28.077609	22.735244	-23.389583	8.638846	-26.149413	-10.935194	-1.408118	-9.215983	-17.946553	8.833440	20.102301	-10.367655	-2.005050	12.142444	-16.073573	25.495306	-11.163577	-13.225988	-12.541138	-26.369847	-27.868292	18.872544	-4.099703	4.246549	17.298650	16.377567	-10.380153	18.317449	-26.146339	-2.892451	-16.928394	27.744522	20.475725	25.041734	-25.508547	-12.319917	22.751092	8.783188	12.988720	13.407772	22.619356	-5.911488	15.495188	-26.527947	7.887050	-21.050642	7.665587	25.016938	
3.305711	-21.186813	-11.595012	-25.686987	21.839626	-18.127580	28.425007	-9.301873	-26.403854	26.149069	-28.320413	-16.113368	-5.834775	-9.880525	2.309532	20.650936	-18.419376	-23.844080	-24.912610	2.756189	0.500803	2.482394	-4.601611	28.190269	-21.930866	-22.659879	-23.103241	-10.952757	-13.688318	-18.774807	26.716641	7.171251	16.275667	-8.866588	18.952820	14.543903	-19.785115	-1.076520	-25.931059	-14.980771	-17.538540	-22.220768	-28.917019	0.577614	1.385078	11.350459	5.675155	-8.318095	-8.182560	-8.874516	
25.973570	3.969611	-25.415690	25.674303	16.670457	-8.581878	6.471855	-15.473595	22.273184	-7.862081	12.250191	22.187804	1.200160	-7.832004	21.973467	19.610924	17.771930	-9.646126	-10.741820	25.905895	21.107941	14.985163	11.592373	-16.838600	-20.514636	-8.188357	-3.735730	14.519728	-1.706671	-12.721606	18.426778	-23.081011	11.017681	15.124740	-1.031823	25.245242	-16.049550	-22.378707	24.215409	-21.336559	0.353281	9.414048	20.237210	15.035280	3.779982	-0.791039	-3.554565	3.386251	10.104259	0.321409	
5.159626	-11.158020	11.502410	12.198796	-21.842192	15.343616	14.194011	4.299767	19.126781	-2.255100	8.869829	-10.986019	8.951537	-20.932913	20.892165	-8.977886	6.212078	9.007001	-9.263708	10.231812	18.280900	0.127560	3.512127	-0.634436	16.203464	-15.722013	-11.596105	11.928159	0.948904	-8.639655	-5.777939	-6.793274	-1.195714	-2.727468	-12.069873	-11.887962	21.748025	-10.287486	18.972657	13.368386	-2.095846	-22.220046	-3.412226	11.304915	13.436967	7.093240	4.207345	-23.666819	-5.334415	-21.452309	
-1.872660	-12.436230	19.528159	-5.475154	-3.781649	-19.501717	-21.151902	-19.043302	15.907900	-16.306015	-20.671664	12.910179	16.898269	-0.291000	19.873277	-3.587057	-15.083471	-4.660529	6.679455	-7.086623	-11.311666	-17.425522	10.838876	19.070865	-15.689824	12.837321	1.390101	12.210814	-9.635912	-10.539285	-20.620474	8.426018	-13.945691	-17.375194	-10.279000	12.175440	18.662588	-7.998363	16.679264	14.480557	-13.950365	-19.107997	-19.729289	6.580122	-4.768289	7.946388	18.446537	11.592604	-3.802655	8.645627	
-8.339611	9.711568	-3.317648	3.365368	-22.232837	-20.322108	12.487488	-3.217632	-11.537021	6.478178	18.624241	16.083269	-19.547802	13.170510	8.605074	-12.684257	-12.868815	-12.672281	-2.290791	-16.917102	3.031777	8.105509	-14.169190	8.949097	21.444859	21.201042	-2.621420	-8.040504	-4.565221	12.742914	7.247111	14.068375	4.966306	19.894326	0.405565	-17.567699	-19.548057	1.681618	4.586688	-0.606052	-5.878039	-7.569978	-18.701935	-11.566036	-2.393781	15.595918	-8.146759	14.039287	17.356489	-15.967160	
-3.206493	3.498240	5.174861	0.728355	-14.308919	-20.367820	8.743630	17.139261	-1.250476	-24.940195	-4.810603	-5.442294	-10.959264	1.835002	-15.993275	-14.396651	20.286208	20.470393	24.431278	-5.109896	15.251658	-4.734680	-21.897243	-2.231258	14.991084	-3.086602	-3.345846	21.697636	22.985736	-24.053954	24.518464	-8.825416	10.939104	23.385471	7.879255	4.749850	-23.170568	8.978595	11.536356	-25.950188	23.960140	10.996231	25.979194	2.107958	7.117459	-9.702544	-5.786591	-20.353859	-16.711594	-15.836629	
-4.496471	19.019616	-5.642479	-9.948197	-14.159590	17.203056	24.097455	-8.730844	-16.239511	20.120466	-15.947122	-4.955014	17.393841	16.589954	-13.167520	0.311049	10.223941	9.399909	16.040744	-7.598195	22.299341	-3.827245	20.052950	13.211918	-22.032664	16.551413	1.573941	-12.931154	7.848130	5.829367	12.152934	-16.360794	12.328264	-19.325924	-2.053813	-1.486716	-0.241902	-20.717147	8.436738	0.860519	17.876024	6.913820	7.951387	-7.817921	-18.972288	-19.562574	-10.711689	8.378368	-20.593677	-4.252259	
-12.333832	-6.681385	16.175160	15.840877	6.556333	7.320555	-12.250998	19.526077	-19.799285	-0.116037	-18.634711	-20.782772	-15.929875	-13.884803	-18.609846	-13.335358	-14.731840	2.997966	15.771670	-12.476641	17.882240	-11.197392	-2.397973	-12.276450	3.255058	12.594766	-20.055468	-19.862896	10.553796	17.398140	-4.712898	16.596372	14.172914	-13.042342	2.471242	-17.395016	-0.230386	13.601853	-13.614966	3.507821	-4.056853	1.772303	-0.309189	13.787653	7.133801	-4.943864	14.376967	-4.844270	15.783998	6.623256	
18.393962	24.645437	17.360781	12.745138	-24.508765	11.843469	10.548889	3.766301	3.674467	-6.757582	1.514038	15.362620	-12.572410	10.732681	-18.881220	-22.055487	-4.874277	12.156761	4.425724	-16.768569	-19.033208	12.268427	19.286065	6.702763	-8.680079	-5.132559	-5.815801	-3.855436	26.255769	-12.603557	7.985265	14.309316	16.960413	5.609709	19.264985	22.754581	-16.237663	-2.286487	-3.598533	-20.322551	18.705244	14.406639	-25.558974	-7.596754	17.858315	0.867647	-14.921838	-10.005441	-6.436563	-3.571221	
-15.348916	-14.131857	19.199410	1.394109	-3.802009	-3.921792	-3.397505	9.215144	14.891442	-18.497195	26.032363	22.264109	-6.508734	-5.507734	-3.868721	-26.151343	17.373456	-20.767630	-10.063163	19.705456	-12.647406	-15.654355	-25.952957	-23.014260	-2.963391	-26.957591	0.841193	12.436720	-9.441258	-16.221701	-11.355910	2.525575	-16.945333	8.746650	27.196161	2.986855	-12.908164	18.501033	-7.526414	-11.139428	27.466500	-0.145903	13.884744	-8.507134	21.272653	-0.880000	9.364173	-27.147054	23.663255	19.289419	
-4.557428	-4.344709	-15.232257	6.618028	16.978237	-15.120809	-14.503549	-15.287935	-2.126063	-2.885416	11.123042	19.742938	2.036714	13.115494	11.974530	-2.351863	-15.476306	18.499131	0.691501	-6.055369	-14.211180	-17.231570	-18.970603	-16.709778	13.325130	-19.677844	-18.851715	-3.657228	-16.063173	-17.901876	5.709323	9.180799	12.807432	-13.663689	-0.597208	2.686622	-4.934496	18.058011	-18.147550	9.415849	19.243778	10.308384	14.464747	-16.226008	-4.207352	1.044873	7.100187	-19.818392	-11.124399	8.820745	
2.604578	8.251170	-24.572769	2.196018	-22.269508	-15.297244	10.344537	-9.232402	-13.233759	22.408696	-7.784877	20.683752	-3.304673	24.258707	14.370117	-13.994171	-22.745230	-21.654212	25.630856	17.472853	-24.554160	-10.049679	21.272587	-10.389183	-21.533987	-14.808644	-21.255819	0.163926	1.040186	9.916236	11.153035	-3.795219	-12.536543	1.298953	-7.037903	12.652640	-17.743308	7.065684	-3.621900	14.959171	-3.840822	15.292472	16.709531	-24.681245	-15.846755	-15.281407	-15.983626	-15.807946	-9.389831	-17.414459	
-1.119396	0.961861	-10.848256	-6.304686	12.449003	-7.971369	14.550459	-13.670064	0.466578	17.933955	5.077078	14.066465	9.188532	-17.474190	16.073146	14.292295	-15.998463	6.133923	-0.213300	-3.907518	4.108879	17.961833	9.689741	5.333918	2.954828	15.524865	-4.200523	-4.507795	-7.271098	-13.250177	-17.733561	0.780184	-16.061456	-7.123782	-6.381706	-4.747790	-12.102378	-4.394023	15.530822	-12.657676	2.892650	-8.210303	-8.218920	14.759835	-8.013282	-10.228982	-1.004467	4.722998	15.851221	-0.336518	
-16.912506	21.887623	-10.387175	1.755946	-15.945473	-20.953813	7.007477	-7.213326	-11.927631	-15.851316	10.741130	2.046220	20.266744	-17.036416	6.880646	-5.588684	1.892131	-0.726354	21.134922	-15.033336	-18.799087	-21.766148	-9.640697	11.296712	-21.084603	17.376092	8.467280	8.684839	-8.958281	-21.105820	1.303617	-0.465039	19.221019	-20.394915	-17.388203	11.803777	0.994916	15.556529	18.573442	9.108431	-12.030137	1.910939	-3.197908	5.757370	-14.068855	-8.788482	-18.159217	4.650662	2.119467	3.003660	
21.499150	-8.081818	12.232544	-1.779635	12.703175	-24.000620	-3.765124	-0.810463	-12.274942	20.626548	11.888657	10.517022	1.597983	-24.282833	16.388812	-10.837350	-11.196163	14.079546	9.700374	14.539014	-2.025715	-22.519629	10.917757	-15.552684	-6.046908	-5.662107	-20.084847	-1.905805	-10.670539	16.778158	-17.447442	-4.176597	-6.897139	24.661054	1.731919	-10.385492	19.535092	-6.499409	-10.104826	7.702561	-9.531872	9.919875	-20.703549	13.789815	12.469477	0.507095	-14.161013	-21.422832	-9.896605	7.212952	
9.129779	-11.281464	-1.609471	5.449963	1.024820	10.140923	21.180281	5.499499	9.914600	9.296946	20.397989	13.922171	20.438144	-12.092406	-19.434339	-18.761684	-14.022555	-11.062232	-6.821974	-8.695187	11.941277	-11.526568	17.602178	14.003936	14.666391	10.299226	-16.928563	-1.209378	16.242886	-19.505417	11.469422	-12.820697	7.315314	-5.397359	-14.228675	-14.239165	-12.691445	6.253061	-14.311835	-7.352509	-0.438665	-2.379813	-0.418383	-10.415354	-19.243303	19.630943	10.499338	-9.680287	11.990296	-11.672677	
8.920466	2.932463	-15.774852	16.549917	23.270553	-17.309781	-23.441800	2.060496	27.248589	-16.766654	7.081896	-25.892565	-26.368900	16.286700	-26.396559	-2.608738	12.620019	-28.955171	-2.347007	28.231676	-23.817149	-17.059896	19.237035	-12.845192	28.012875	5.025986	22.255741	-18.503461	-29.644423	-12.137144	-25.427269	20.952291	-13.121619	4.632053	-3.343177	-29.484619	3.023880	22.131837	22.695704	-12.244903	-20.562554	23.224976	0.622395	22.977562	13.653423	-13.991487	29.303234	-16.357187	19.763986	-28.605524	
-15.127411	-13.033709	2.910499	17.763036	-13.482379	4.591160	12.869339	-7.517936	-10.851594	6.614648	-4.811755	-1.401620	-11.198736	-8.427314	1.944496	-18.897388	-1.105390	7.684422	-0.115605	2.631112	17.842065	14.729893	-11.786371	21.595894	0.754602	19.149113	0.727153	-11.657448	8.496927	-20.657250	22.490197	-20.770729	2.055120	5.355441	-16.325256	5.600562	15.121287	6.831953	9.421348	-13.132850	-4.678594	17.469596	-21.776455	-11.472827	7.484170	13.026461	9.945232	5.464696	18.498446	-0.219135	
-4.138310	-13.478116	11.911030	-3.305301	8.690297	7.930304	10.683395	15.878004	-17.138953	16.169264	2.351831	14.865821	14.720680	-7.613600	-3.216774	-10.728011	-8.146678	9.270747	-13.771040	-12.544009	-11.811964	-0.799481	-2.605515	11.058846	0.347906	18.365711	5.619995	-6.602756	-6.728892	-17.937828	-17.092836	19.705864	-17.731421	2.328024	13.492184	9.936434	-2.933523	-2.943955	13.057171	4.746192	-4.906027	11.173674	-4.443473	19.751086	2.741092	3.870354	17.127687	-7.447878	0.795773	-1.693501	
17.423036	15.751908	-3.030783	-20.080255	-12.812227	-0.100657	16.712171	-10.286400	0.686423	2.552242	12.240395	1.026540	-23.308100	-7.422315	-3.176268	-15.125580	-3.340244	-1.913221	-7.852362	21.059991	5.038768	-6.408178	15.040350	-7.906886	-10.940325	17.967527	6.395815	13.464235	6.485290	-10.162900	6.892816	-5.328323	18.917382	-4.276938	16.623511	20.218974	-14.527532	-10.056551	8.181888	15.962392	-7.132548	20.364068	22.800383	5.124950	-23.188330	0.716159	0.470433	15.067663	23.322216	18.091981	
6.844617	0.640871	16.300076	15.975726	13.226477	-15.248400	-4.778951	12.387922	1.424145	13.191499	11.176089	-8.904857	-3.314685	-3.657230	16.340169	-10.627383	9.890704	0.337134	-19.745374	-17.222435	19.219842	-18.172274	-1.283906	-4.694208	-12.943326	8.901075	20.133377	10.332983	21.717506	20.991971	8.474653	-20.474942	-10.649018	5.962213	15.068471	-13.673570	-20.081370	-12.187599	7.509812	-11.500697	6.325210	0.497738	-16.996387	11.824008	-0.332375	-11.884661	-8.437231	-13.425597	-17.238625	-17.063879	
-25.646488	20.382891	9.554706	-17.428669	-19.515468	3.549599	-8.337731	14.948290	21.506110	-25.787194	3.449291	-11.391940	-18.273928	12.286751	-14.029855	-6.835247	-20.568853	17.062679	-21.573533	-13.012325	-15.910705	27.762975	29.944855	-6.023651	13.227517	-27.351313	28.776859	-24.790739	7.964820	9.342618	11.806087	2.759487	-2.142116	-18.900162	-23.222169	21.996970	-10.539279	9.596729	-27.837895	24.788332	8.975493	9.574285	-8.709009	-10.229118	13.272738	15.105228	14.513383	26.780159	5.385667	-13.771900	
-21.587679	23.094018	11.407607	24.058790	-18.196965	-6.433576	6.621814	-13.627443	7.956369	21.115488	-12.613153	-10.161812	3.920442	-22.073786	19.992839	-4.100220	23.288687	18.335243	-26.695117	22.830608	12.580081	4.712272	22.222128	2.655233	6.246274	-15.778527	-5.179250	-14.829493	20.755801	-14.375184	26.670296	19.850869	24.665388	26.438357	-20.991150	7.035219	-16.702131	-5.941021	24.136623	0.562089	-26.250032	-22.355665	7.458691	-18.844756	-1.170330	9.693507	7.775093	-21.604446	-26.431163	-15.569959	
1.254070	-17.869954	0.050311	-10.283550	-5.915175	18.857664	-9.879934	-0.374886	-16.869198	21.176738	-15.526071	-18.316640	11.918010	24.520296	-15.800082	23.357928	7.550142	11.043583	-7.887611	0.337087	-11.685117	-18.172384	16.592569	-20.721730	-4.045787	19.212033	-7.003463	7.975287	-22.316702	-11.911513	3.484950	-21.424761	-20.753573	23.226358	-3.390800	-18.826452	-12.221505	-6.700867	-11.491220	13.212504	24.960437	14.677426	-10.766757	1.307035	-15.698871	-15.851722	-18.474494	-18.764609	-24.516241	18.059528	
-1.244182	-0.959599	-15.164589	-9.095278	-11.080111	1.233595	-4.467061	-6.740186	-5.402815	5.783596	-8.403420	-17.280208	2.337219	-19.256806	16.281168	5.291564	-1.716179	-10.855339	17.580060	14.929954	18.537861	-11.345073	-8.919889	3.276723	2.944186	-3.587217	10.541646	-15.472515	17.961869	2.128235	-13.721642	-12.178823	9.700422	-12.666679	4.489554	-12.287084	-10.157715	15.326855	4.961655	6.860136	0.380335	17.040676	7.830054	1.319122	9.640595	-18.610573	5.882653	16.626145	-11.146137	-8.670591	
-11.158330	-1.909408	-11.190523	-10.768827	-24.363814	-4.631340	-12.871408	11.938046	-21.704469	3.954330	2.162151	24.250655	-18.046836	19.739493	0.807827	22.510410	-4.118816	-8.412441	-20.546962	3.862548	19.081701	0.757367	5.562203	-6.069156	-24.826744	-17.064746	-5.662650	8.205560	-14.233775	-5.625141	16.607560	20.128759	-10.735502	4.416849	2.854803	-22.205796	5.688886	17.586973	11.647011	0.870382	-10.752458	-14.030792	-21.244961	-1.742107	19.804824	-1.368251	10.613890	-1.140663	4.050914	-11.658835	
-8.673166	25.028715	-22.964898	-14.647145	-11.505623	20.215229	10.978380	7.082172	-22.901919	26.759855	16.791134	5.521614	19.278779	-23.267360	4.668301	-18.234834	-8.806090	-7.894646	-17.753134	21.208203	-21.608988	17.920518	-7.474059	11.345069	22.041584	-21.900769	-0.846058	-0.867831	-4.476956	-7.008130	-11.596720	-2.907463	-21.079308	24.775583	7.482108	1.422565	-13.448658	20.774452	17.905012	-2.554984	8.724331	22.858209	-3.400424	19.483763	-2.254821	13.972159	-20.997467	-22.148320	24.625817	23.478664	
-12.739399	-2.709025	27.598715	-8.706634	26.715578	25.464834	4.337607	14.837356	6.162800	25.416751	22.806352	-21.649906	8.646664	18.579716	7.523641	-24.726301	-25.327130	-7.670991	24.999814	25.569628	-24.870095	26.819868	3.521860	-20.079629	-19.793292	-8.677912	-6.230808	-9.657771	-18.985276	20.768411	10.735777	-27.327285	7.605559	14.018350	-27.471900	18.446045	11.738894	-9.470490	-7.750774	0.406733	11.604565	-3.579944	24.827409	14.121089	-23.118200	-20.503214	-24.458180	-1.882241	21.388573	-19.983215	
-14.879537	-21.591074	-9.216105	-19.828208	-20.678075	-21.993669	0.775522	-22.920037	8.150341	-11.421727	-1.174378	12.665992	-12.688716	-4.793523	2.292037	9.561232	14.219550	-21.613879	-12.641921	13.703463	12.614747	1.222195	15.521344	4.429187	10.410475	-6.191903	0.108158	3.648684	-6.293312	-4.157058	-14.124121	14.374294	-18.541493	20.929750	9.582660	-9.691634	15.981974	19.668173	14.430813	22.186714	7.570921	-20.820410	-20.457211	16.873191	-19.558177	17.152166	-7.169614	12.852374	18.613175	-14.369153	
15.533157	-11.307219	-9.333876	-19.379926	-14.536543	-19.400734	20.294485	-10.916781	13.986061	-4.367653	13.592298	0.351547	-5.117270	10.556660	6.325825	-8.590783	13.188236	19.781678	-6.824026	-7.069715	-7.826617	-3.987336	-19.470041	11.351055	-19.408611	-12.196705	6.532676	5.099669	16.200039	-14.131508	-9.227912	-13.847664	-3.398093	-3.789618	6.034795	-7.876653	-4.567144	19.739403	18.467016	-5.733883	14.152534	-18.577839	-3.575788	12.224031	4.048380	1.984577	-18.539389	18.689340	8.295345	-18.719031	
21.426225	2.211374	-9.944642	15.593814	27.841012	11.603165	8.234952	-6.558086	-21.133983	-6.568754	-4.490173	22.642471	21.348938	20.194400	22.802003	15.371208	-12.551798	25.891946	3.741134	-15.097055	1.096584	-6.696508	21.875741	-3.780685	-5.186174	-9.820347	8.208638	-17.382426	-7.506077	5.595281	-16.165467	24.573923	3.656338	16.172033	3.450982	-14.604330	17.829258	-14.516028	-15.782548	22.645022	0.848998	-20.685159	17.956363	20.664097	-2.406251	19.762267	27.249736	11.057726	1.926577	-4.571258	
-16.443378	-7.400015	-0.635978	-4.951525	-11.721701	14.986653	-19.378814	0.412384	-15.913151	6.249074	-0.129981	18.638813	-7.177988	-9.152978	25.727612	21.622915	-24.005893	24.653249	21.694009	-22.566973	9.555753	4.020311	-20.236115	14.927660	5.001229	-10.621499	-8.694304	-0.642459	-20.264787	7.193292	21.485928	-1.095071	-7.145614	-16.303432	-14.897535	-25.377455	-1.235451	-15.332758	-14.493797	-25.829059	-25.394487	-6.235309	15.888289	19.591958	2.890746	-16.653509	22.932733	7.634773	-11.061188	10.938104	
0.033062	0.025485	0.033195	0.024421	0.003210	0.000271	0.003649	0.036785	0.008573	0.013516	0.036771	0.008575	0.015358	0.024482	0.021352	0.030699	0.003062	0.019433	0.011356	0.019013	0.004245	0.007933	0.041172	0.005106	0.018404	0.010517	0.007747	0.034680	0.016123	0.036287	0.013445	0.022036	0.011798	0.030129	0.002078	0.020669	0.010924	0.037471	0.040154	0.042326	0.019183	0.027616	0.006764	0.026354	0.039924	0.029383	0.017318	0.003571	0.026188	0.018187	
0.033362	0.016075	0.009881	0.030762	0.030228	0.037355	0.011053	0.008694	0.001893	0.030446	0.032164	0.003321	0.024535	0.025918	0.008815	0.019397	0.032617	0.018282	0.004278	0.027964	0.022447	0.020722	0.026013	0.017857	0.017292	0.009488	0.022044	0.026174	0.006011	0.012050	0.022318	0.012015	0.034920	0.035562	0.036977	0.009946	0.024647	0.008899	0.017742	0.000832	0.027570	0.028044	0.034318	0.001343	0.035150	0.017372	0.017326	0.021241	0.019018	0.007627	
0.026008	0.006694	0.032007	0.014562	0.027563	0.024541	0.015036	0.007478	0.036096	0.021588	0.041730	0.021647	0.027130	0.039615	0.000319	0.028022	0.009728	0.021830	0.007942	0.036680	0.027587	0.004015	0.027271	0.024852	0.009062	0.028818	0.007199	0.015042	0.017349	0.020376	0.008416	0.016662	0.012966	0.020011	0.010601	0.037276	0.002316	0.020356	0.010718	0.009568	0.033351	0.010832	0.015894	0.012150	0.032026	0.016814	0.015807	0.026031	0.032589	0.027829	
0.006108	0.026371	0.035231	0.007379	0.033769	0.007062	0.025406	0.037085	0.023358	0.014816	0.016529	0.034031	0.034180	0.033628	0.000226	0.033400	0.016828	0.003126	0.024828	0.034986	0.028708	0.005050	0.001484	0.031979	0.030552	0.005341	0.004237	0.000443	0.034066	0.006354	0.029212	0.015219	0.018926	0.000050	0.033636	0.010180	0.005758	0.036634	0.019410	0.002871	0.020170	0.030338	0.010352	0.013623	0.033013	0.039073	0.014336	0.036727	0.022452	0.011457	
0.027158	0.034173	0.014868	0.010226	0.027288	0.011160	0.030621	0.007730	0.016133	0.011953	0.003907	0.024525	0.004138	0.011903	0.006873	0.014379	0.021418	0.020440	0.008023	0.014419	0.040451	0.041875	0.001480	0.003250	0.007706	0.023344	0.037769	0.018866	0.011234	0.000895	0.028301	0.032790	0.014437	0.013992	0.032702	0.041849	0.024311	0.040156	0.039273	0.028742	0.020220	0.021607	0.012839	0.036945	0.025539	0.001147	0.013521	0.001134	0.032102	0.030189	
0.026903	0.031266	0.010153	0.023661	0.019121	0.011624	0.012294	0.034552	0.003225	0.024936	0.036983	0.020280	0.024737	0.022342	0.004812	0.018577	0.015798	0.018236	0.032870	0.020873	0.034611	0.000036	0.024601	0.005550	0.005814	0.037382	0.026394	0.021993	0.004570	0.018528	0.007504	0.037131	0.026699	0.015134	0.022064	0.030280	0.036734	0.014643	0.014143	0.004925	0.028502	0.035887	0.031141	0.006751	0.020319	0.016558	0.007625	0.011234	0.036813	0.003194	
0.023129	0.011207	0.020905	0.009235	0.015764	0.025352	0.012432	0.000254	0.028628	0.017844	0.037313	0.021503	0.013100	0.022635	0.006673	0.032842	0.012723	0.000171	0.023667	0.019178	0.013450	0.034874	0.025396	0.042448	0.024432	0.004951	0.001469	0.000509	0.008279	0.025581	0.002059	0.044790	0.013819	0.036038	0.024750	0.004077	0.042118	0.014023	0.008840	0.012598	0.029130	0.000126	0.020139	0.038019	0.036716	0.026079	0.002256	0.032662	0.031356	0.044462	
0.012955	0.004322	0.024898	0.009326	0.021816	0.025570	0.025878	0.002121	0.006104	0.004272	0.033302	0.030249	0.027534	0.025551	0.031852	0.024487	0.028123	0.015023	0.030404	0.018718	0.021490	0.029782	0.023382	0.027061	0.027024	0.031367	0.008893	0.014703	0.026550	0.029460	0.023997	0.028598	0.007864	0.010696	0.014182	0.014904	0.010691	0.016514	0.025426	0.034063	0.025059	0.029261	0.022015	0.004042	0.018406	0.024451	0.010371	0.007108	0.029326	0.000805	
0.035700	0.026741	0.030674	0.025734	0.030126	0.035855	0.010510	0.030286	0.013148	0.027152	0.006142	0.011486	0.034594	0.005428	0.008762	0.027284	0.034512	0.004253	0.022493	0.014778	0.008743	0.016760	0.003627	0.013190	0.006093	0.016941	0.018364	0.035664	0.028351	0.027871	0.021311	0.022563	0.032766	0.033376	0.008707	0.035027	0.035872	0.012872	0.006621	0.022375	0.024741	0.025458	0.003889	0.003515	0.019834	0.027106	0.015640	0.000842	0.010823	0.025402	
0.023321	0.032956	0.009295	0.036053	0.021568	0.034392	0.010284	0.007488	0.013073	0.013395	0.001527	0.032895	0.034175	0.003553	0.010274	0.012006	0.019954	0.031509	0.033071	0.019709	0.022288	0.022015	0.006483	0.031326	0.022657	0.007429	0.024241	0.007848	0.016144	0.032573	0.029347	0.011350	0.000594	0.019599	0.034117	0.002370	0.026089	0.012316	0.013189	0.024456	0.004274	0.030675	0.028836	0.035372	0.033686	0.020351	0.033942	0.019940	0.012557	0.013436	
0.025777	0.009252	0.027605	0.000322	0.025542	0.024197	0.011734	0.021906	0.029879	0.024275	0.026783	0.004792	0.012326	0.003685	0.008852	0.030326	0.007937	0.028188	0.012657	0.007084	0.035926	0.022521	0.032746	0.008476	0.030382	0.023903	0.007434	0.030426	0.005314	0.013999	0.034018	0.019448	0.016570	0.012852	0.023056	0.028708	0.002979	0.012126	0.027138	0.030458	0.020276	0.023410	0.022038	0.037125	0.036045	0.002193	0.027554	0.023366	0.031473	0.014924	
0.001298	0.001367	0.033823	0.026495	0.023967	0.023252	0.037484	0.020430	0.005209	0.021806	0.016117	0.012669	0.024574	0.022627	0.002783	0.018386	0.008273	0.037070	0.000384	0.035255	0.013677	0.041148	0.040631	0.000996	0.007193	0.042685	0.003358	0.035632	0.013438	0.010223	0.020871	0.000858	0.028582	0.016320	0.018488	0.036422	0.023164	0.005103	0.022669	0.023612	0.044229	0.011033	0.041850	0.011570	0.007536	0.025341	0.002089	0.016785	0.028727	0.032503	
0.033775	0.011304	0.004320	0.011100	0.041744	0.034003	0.030720	0.005196	0.012675	0.009972	0.037205	0.038233	0.001086	0.008862	0.028701	0.039292	0.000217	0.023613	0.033911	0.006896	0.003717	0.038229	0.014763	0.039422	0.020274	0.009742	0.039781	0.035832	0.003032	0.025634	0.040101	0.000569	0.012687	0.021774	0.027828	0.023954	0.016134	0.042635	0.000461	0.003366	0.013558	0.010464	0.010990	0.013831	0.031236	0.019661	0.022115	0.022814	0.004652	0.017917	
0.025850	0.008333	0.035710	0.008045	0.024335	0.016442	0.013300	0.016172	0.030057	0.021963	0.004654	0.020668	0.026674	0.032834	0.027404	0.026183	0.020599	0.000973	0.013879	0.009855	0.031674	0.003434	0.013665	0.003992	0.006907	0.020430	0.033130	0.021036	0.024830	0.028903	0.013986	0.026781	0.009673	0.024052	0.029664	0.033395	0.019624	0.013990	0.016094	0.031976	0.032897	0.016143	0.015676	0.003212	0.023230	0.014350	0.030342	0.034736	0.024898	0.013353	
0.022379	0.004511	0.026181	0.003844	0.014987	0.036005	0.010108	0.037467	0.020162	0.003199	0.017109	0.015189	0.004446	0.018955	0.007277	0.027966	0.023490	0.016890	0.015094	0.036477	0.006442	0.026804	0.021197	0.008101	0.018226	0.022574	0.034275	0.032815	0.002090	0.026420	0.018114	0.018487	0.013947	0.016100	0.012314	0.023492	0.025489	0.027473	0.032320	0.035697	0.028058	0.025443	0.022169	0.039084	0.010050	0.023721	0.017611	0.003455	0.029594	0.016698	
0.032567	0.017519	0.020302	0.019623	0.020858	0.033757	0.004010	0.020059	0.039318	0.005933	0.020991	0.028997	0.032119	0.036459	0.024966	0.038044	0.015947	0.003672	0.033033	0.019797	0.002610	0.014665	0.018287	0.017980	0.026795	0.021094	0.007258	0.035947	0.000542	0.011202	0.021145	0.014534	0.009700	0.021584	0.031102	0.013480	0.011811	0.017129	0.034577	0.020961	0.009611	0.018886	0.035159	0.041287	0.005509	0.031859	0.012244	0.000871	0.007241	0.016959	
0.026338	0.021720	0.020465	0.014209	0.039660	0.039365	0.005552	0.007949	0.027113	0.008568	0.022236	0.005312	0.025257	0.019153	0.022653	0.008855	0.003076	0.011221	0.022767	0.029820	0.019824	0.028827	0.038180	0.005368	0.038890	0.033441	0.038245	0.009692	0.026951	0.034072	0.039433	0.012462	0.023698	0.005410	0.021272	0.029532	0.022567	0.001252	0.015403	0.019609	0.022406	0.009026	0.001790	0.005507	0.017385	0.030538	0.012028	0.000191	0.013790	0.041922	
0.022618	0.018283	0.037425	0.029975	0.003489	0.034742	0.032144	0.013848	0.018021	0.021519	0.003349	0.007571	0.009545	0.010338	0.036310	0.009046	0.030418	0.017101	0.018927	0.010132	0.002175	0.008076	0.031303	0.025699	0.013828	0.024012	0.028351	0.020350	0.018515	0.026096	0.024136	0.009253	0.020150	0.032514	0.000923	0.014514	0.036030	0.016570	0.026899	0.023910	0.037197	0.002508	0.032974	0.028256	0.014275	0.019446	0.006025	0.030970	0.004817	0.035430	
0.017285	0.003773	0.019172	0.010712	0.005520	0.032320	0.037152	0.005521	0.025959	0.035180	0.036436	0.018827	0.008216	0.004495	0.005767	0.025452	0.001308	0.026688	0.011781	0.007044	0.022454	0.006396	0.005675	0.036534	0.012378	0.001263	0.030079	0.018751	0.027284	0.032482	0.036551	0.033964	0.001432	0.035930	0.027453	0.037381	0.009136	0.029696	0.024478	0.027161	0.023632	0.037867	0.001558	0.013362	0.025395	0.012751	0.013456	0.033175	0.025312	0.018406	
0.007376	0.031988	0.010245	0.015953	0.040519	0.014192	0.003374	0.014052	0.007239	0.031352	0.027203	0.006519	0.010220	0.034706	0.016013	0.019265	0.028813	0.040171	0.030947	0.010399	0.026254	0.021057	0.008121	0.019762	0.016835	0.020407	0.015552	0.011329	0.029523	0.006252	0.010174	0.035133	0.035443	0.005003	0.008173	0.017298	0.022825	0.025173	0.026989	0.017502	0.016048	0.027251	0.040242	0.021604	0.015092	0.017336	0.025541	0.023097	0.002584	0.031855	
0.029725	0.006695	0.024014	0.016160	0.014536	0.002817	0.004010	0.028419	0.018288	0.013647	0.022534	0.015927	0.030522	0.014394	0.003651	0.033312	0.010194	0.016675	0.001400	0.017587	0.020352	0.037529	0.015823	0.030137	0.011555	0.037945	0.018109	0.036691	0.028096	0.031739	0.027950	0.011269	0.006458	0.027524	0.015008	0.025790	0.030187	0.034784	0.020381	0.020209	0.030999	0.031996	0.006609	0.003120	0.013156	0.034510	0.008878	0.008595	0.025426	0.024668	
0.040362	0.000855	0.040490	0.004154	0.007673	0.030235	0.010274	0.038703	0.034466	0.025677	0.017548	0.023237	0.007954	0.009005	0.028009	0.006643	0.006544	0.001344	0.007586	0.028344	0.007881	0.032410	0.024613	0.008386	0.027239	0.012937	0.017207	0.038390	0.033228	0.026442	0.018408	0.042071	0.035074	0.038004	0.013844	0.003234	0.033930	0.011030	0.004394	0.015185	0.002836	0.016851	0.035153	0.041447	0.023098	0.005431	0.006859	0.017673	0.017397	0.020243	
0.038551	0.017178	0.016004	0.007371	0.030780	0.015318	0.020182	0.008941	0.002794	0.040647	0.013045	0.009039	0.000135	0.039364	0.035859	0.030383	0.018305	0.009992	0.027869	0.009459	0.019013	0.025452	0.018673	0.031277	0.016639	0.017037	0.018074	0.031025	0.019081	0.027045	0.005143	0.004841	0.035059	0.011676	0.038890	0.010501	0.021340	0.019500	0.035711	0.001481	0.030724	0.013480	0.016924	0.003260	0.003251	0.022466	0.024219	0.034766	0.014688	0.037550	
0.034048	0.002432	0.036183	0.031464	0.023077	0.029163	0.000213	0.036508	0.013552	0.036964	0.004473	0.027127	0.004369	0.000711	0.000272	0.017211	0.029847	0.031319	0.020362	0.017760	0.030632	0.015191	0.012408	0.025243	0.035219	0.012303	0.027355	0.013602	0.012426	0.023735	0.009086	0.022714	0.031575	0.014817	0.027312	0.011852	0.029703	0.004570	0.033553	0.008242	0.016053	0.023967	0.032915	0.007396	0.016987	0.015347	0.011033	0.024756	0.036064	0.016892	
0.004815	0.035556	0.036028	0.036252	0.035879	0.024424	0.020346	0.024839	0.004730	0.019968	0.019423	0.008488	0.016909	0.011694	0.008638	0.005152	0.026378	0.006018	0.025471	0.024062	0.017854	0.006006	0.025725	0.022195	0.034946	0.028986	0.016849	0.030443	0.015069	0.021991	0.008614	0.022358	0.030117	0.021757	0.003620	0.030843	0.001735	0.014354	0.011295	0.027274	0.028361	0.012730	0.031003	0.006431	0.028216	0.019943	0.011869	0.026350	0.033681	0.014319	
0.014901	0.026417	0.011922	0.018971	0.036264	0.001690	0.015119	0.021098	0.038263	0.019393	0.038408	0.026830	0.013589	0.036952	0.029370	0.012802	0.021668	0.009089	0.019007	0.028723	0.022691	0.025817	0.014501	0.021083	0.008520	0.033209	0.015160	0.008259	0.001430	0.017604	0.013096	0.001235	0.032216	0.034573	0.005024	0.009268	0.016042	0.035143	0.021514	0.024969	0.026747	0.020731	0.030628	0.027058	0.022755	0.017602	0.015998	0.032315	0.002598	0.001740	
0.007011	0.012685	0.002111	0.037112	0.033853	0.018532	0.014452	0.030770	0.030124	0.031153	0.005305	0.012051	0.027636	0.033854	0.009206	0.003888	0.003908	0.023706	0.035774	0.008387	0.019471	0.034934	0.035666	0.030201	0.007901	0.034362	0.008527	0.002729	0.026375	0.008413	0.007350	0.034728	0.033112	0.003518	0.011769	0.001492	0.008495	0.025660	0.018146	0.012297	0.022014	0.003865	0.030103	0.022740	0.037551	0.030395	0.033854	0.028183	0.014850	0.029784	
0.013525	0.010644	0.004647	0.001455	0.026746	0.040525	0.014299	0.008804	0.025694	0.037111	0.028647	0.031280	0.004937	0.029869	0.001677	0.014598	0.013355	0.012883	0.001816	0.024551	0.004096	0.003995	0.033681	0.021482	0.021885	0.034299	0.006089	0.040072	0.024777	0.006521	0.034507	0.037873	0.012757	0.006862	0.015775	0.028089	0.038179	0.035390	0.015900	0.005614	0.006362	0.031665	0.026255	0.031306	0.008078	0.036063	0.021360	0.028959	0.030108	0.004935	
0.011057	0.018506	0.004698	0.020828	0.025930	0.031304	0.011068	0.032762	0.006849	0.027978	0.008007	0.021581	0.026196	0.035024	0.037043	0.022568	0.022051	0.006546	0.013679	0.001481	0.004482	0.028549	0.010642	0.014962	0.037781	0.035871	0.003831	0.033186	0.013219	0.017456	0.022021	0.027263	0.004847	0.013952	0.036734	0.017706	0.010049	0.031662	0.037835	0.005388	0.031667	0.011612	0.013873	0.018442	0.027470	0.010835	0.026908	0.022301	0.026456	0.017845	
0.026526	0.014468	0.019281	0.022091	0.026802	0.020683	0.015478	0.005661	0.016102	0.017028	0.003500	0.006256	0.004027	0.037305	0.031280	0.010517	0.000995	0.012657	0.001579	0.027313	0.040951	0.040286	0.039699	0.037188	0.037557	0.014558	0.038432	0.015793	0.039521	0.040821	0.017742	0.025105	0.037720	0.017270	0.003203	0.009888	0.031382	0.009636	0.003121	0.023329	0.024412	0.011362	0.019025	0.009973	0.017071	0.009350	0.011107	0.033181	0.014250	0.007520	
0.035522	0.031291	0.003567	0.001721	0.029912	0.017885	0.008051	0.016011	0.025174	0.020080	0.009887	0.027896	0.011885	0.006353	0.001105	0.026205	0.006295	0.033789	0.021276	0.025939	0.026548	0.038081	0.002851	0.018385	0.012430	0.039358	0.030828	0.023207	0.030235	0.000034	0.027134	0.018259	0.010395	0.023357	0.021189	0.011367	0.022704	0.002429	0.031105	0.034168	0.037368	0.003083	0.021805	0.012248	0.019834	0.014010	0.028500	0.010949	0.035467	0.032829	
0.010224	0.029234	0.033323	0.022481	0.023318	0.006025	0.024635	0.005557	0.038223	0.035485	0.003249	0.008863	0.021857	0.023683	0.005037	0.005699	0.027330	0.011954	0.025565	0.010836	0.000532	0.024702	0.033753	0.027932	0.012966	0.003582	0.029787	0.026683	0.006118	0.016316	0.010848	0.026728	0.024621	0.027333	0.018643	0.025319	0.026831	0.019954	0.032294	0.037627	0.008134	0.030916	0.017678	0.002375	0.019143	0.019962	0.012550	0.019241	0.028611	0.036244	
0.030430	0.007582	0.037220	0.033754	0.016071	0.038952	0.003532	0.014375	0.004367	0.027897	0.022812	0.007330	0.034532	0.021430	0.005722	0.028987	0.035280	0.003291	0.040177	0.040426	0.019762	0.025178	0.039613	0.019528	0.003450	0.013932	0.027992	0.033821	0.002317	0.018987	0.001588	0.002792	0.022636	0.037696	0.018113	0.007090	0.004827	0.016173	0.019567	0.030045	0.003050	0.035949	0.008134	0.008643	0.022440	0.039089	0.011688	0.007005	0.023807	0.020921	
0.017777	0.028843	0.000763	0.001922	0.014493	0.032759	0.020528	0.036900	0.028131	0.021111	0.039469	0.005308	0.018228	0.017748	0.035266	0.005308	0.035967	0.027565	0.010238	0.025934	0.023061	0.020630	0.017108	0.029443	0.012853	0.005378	0.003675	0.032844	0.022116	0.009966	0.012275	0.015950	0.025198	0.038601	0.017810	0.004464	0.002493	0.013593	0.036321	0.014338	0.032032	0.007416	0.025109	0.020473	0.028499	0.030659	0.005692	0.035282	0.017779	0.014681	
0.025445	0.004244	0.004473	0.023240	0.030685	0.007158	0.015877	0.009768	0.027226	0.000662	0.026594	0.007258	0.038417	0.013775	0.029636	0.025844	0.019397	0.032930	0.016059	0.020974	0.001964	0.018056	0.003563	0.029256	0.010108	0.019079	0.033039	0.037731	0.031271	0.039079	0.008555	0.010711	0.023698	0.033225	0.026875	0.029616	0.036063	0.012578	0.025706	0.030009	0.010274	0.009192	0.029789	0.030185	0.000943	0.026294	0.000080	0.011524	0.006512	0.035363	
0.035377	0.005627	0.026551	0.009316	0.027611	0.014892	0.030250	0.002119	0.013037	0.032954	0.009267	0.005475	0.035999	0.023583	0.025124	0.016904	0.009827	0.035308	0.005661	0.008308	0.035074	0.037654	0.025806	0.024276	0.016728	0.026247	0.024292	0.012083	0.037904	0.031885	0.010178	0.003692	0.032921	0.030399	0.016023	0.012187	0.024496	0.002335	0.036930	0.031762	0.004407	0.005776	0.023674	0.005399	0.011812	0.000822	0.037995	0.029358	0.025061	0.009633	
0.006933	0.024842	0.023428	0.025853	0.019676	0.015157	0.029863	0.007629	0.027630	0.026563	0.029396	0.014477	0.019647	0.019628	0.019865	0.032894	0.002739	0.009767	0.003311	0.011607	0.020645	0.005335	0.034584	0.014324	0.000578	0.021510	0.006828	0.036232	0.028841	0.025921	0.013206	0.028165	0.036358	0.035579	0.032111	0.017156	0.012133	0.034584	0.030833	0.033596	0.005947	0.003060	0.007306	0.022100	0.033693	0.023605	0.009386	0.005135	0.026061	0.024283	
0.008672	0.004956	0.036972	0.005664	0.015254	0.037073	0.020536	0.021451	0.011174	0.022863	0.007450	0.034026	0.030574	0.010553	0.003716	0.014026	0.024583	0.023584	0.011954	0.009067	0.018200	0.006876	0.037775	0.014923	0.007989	0.016572	0.029106	0.034298	0.023959	0.012904	0.032542	0.036850	0.019612	0.003181	0.037077	0.013985	0.009298	0.035526	0.017126	0.027578	0.034067	0.013535	0.010051	0.012392	0.019980	0.032921	0.033331	0.012390	0.031126	0.010681	
0.007120	0.026701	0.034390	0.030508	0.015796	0.033890	0.021316	0.011824	0.017789	0.009083	0.031016	0.026126	0.028700	0.025642	0.011498	0.023526	0.023547	0.017941	0.039392	0.028340	0.000696	0.029445	0.002910	0.019204	0.030740	0.031513	0.014188	0.037208	0.018004	0.017130	0.012830	0.001672	0.006422	0.027682	0.010824	0.001135	0.023539	0.023840	0.028512	0.027140	0.012478	0.019599	0.024503	0.018156	0.015467	0.012615	0.006874	0.019326	0.019646	0.022560	
0.030206	0.035553	0.033749	0.016850	0.017067	0.014937	0.030276	0.019728	0.030463	0.027364	0.017565	0.011465	0.028586	0.017100	0.006844	0.022772	0.021611	0.013726	0.033250	0.015501	0.014492	0.024675	0.020200	0.024779	0.023594	0.019610	0.007528	0.008054	0.019181	0.001539	0.025132	0.019309	0.026027	0.037387	0.003319	0.012666	0.018429	0.020808	0.004376	0.006551	0.015800	0.037339	0.010863	0.020730	0.026869	0.017265	0.032016	0.006165	0.018115	0.032568	
0.006367	0.017598	0.001406	0.011467	0.027305	0.034736	0.004168	0.030750	0.035242	0.012751	0.020933	0.025528	0.003275	0.031773	0.035519	0.036476	0.007531	0.010679	0.011818	0.021800	0.037876	0.030113	0.010495	0.000351	0.025986	0.004522	0.020207	0.015071	0.004827	0.012706	0.013973	0.037640	0.007385	0.007594	0.037389	0.029057	0.003622	0.039208	0.008181	0.033902	0.036968	0.035541	0.008223	0.023331	0.017872	0.019452	0.026183	0.029881	0.004849	0.030472	
0.023511	0.025613	0.031461	0.037729	0.032021	0.012442	0.000953	0.027836	0.009302	0.009373	0.004238	0.002673	0.016765	0.010959	0.008728	0.034056	0.015863	0.039100	0.030001	0.036100	0.028884	0.007413	0.035709	0.002018	0.020952	0.013986	0.024045	0.017721	0.013877	0.034261	0.012313	0.007735	0.005724	0.022368	0.034885	0.035681	0.039077	0.003666	0.024861	0.006721	0.011492	0.028296	0.000136	0.034581	0.019068	0.036570	0.003586	0.035857	0.007031	0.022762	
0.016641	0.005313	0.017543	0.030935	0.015435	0.012708	0.040940	0.041408	0.003600	0.030720	0.003162	0.042475	0.009961	0.031302	0.032746	0.009104	0.000515	0.014161	0.030469	0.031574	0.034224	0.032427	0.000015	0.016138	0.015745	0.012041	0.011454	0.007057	0.009055	0.022967	0.024836	0.020569	0.005965	0.031487	0.033804	0.026944	0.018816	0.030629	0.014106	0.037348	0.000101	0.030168	0.029049	0.031149	0.025840	0.000716	0.000785	0.003326	0.032755	0.019772	
0.011092	0.025747	0.012680	0.014928	0.032839	0.016736	0.029381	0.031361	0.009680	0.007895	0.015605	0.007446	0.015441	0.022444	0.029609	0.026496	0.013063	0.024343	0.032019	0.024570	0.003377	0.022673	0.024770	0.015762	0.023988	0.016661	0.033862	0.019930	0.006730	0.019191	0.008421	0.033535	0.024946	0.017908	0.033158	0.016016	0.030112	0.022147	0.007492	0.001634	0.010283	0.010494	0.018547	0.032244	0.034122	0.028277	0.012247	0.031228	0.030240	0.006630	
0.034695	0.030740	0.029263	0.036200	0.022012	0.024799	0.028141	0.027850	0.012682	0.020758	0.008249	0.017238	0.035404	0.015671	0.019928	0.019713	0.025589	0.031363	0.025163	0.014252	0.021568	0.007572	0.000980	0.028519	0.002179	0.032570	0.036409	0.001102	0.027523	0.002987	0.001186	0.006048	0.029011	0.002434	0.018486	0.004255	0.030108	0.024245	0.031161	0.024491	0.019690	0.012822	0.002693	0.031578	0.009847	0.020035	0.034648	0.007114	0.018908	0.030122	
0.028066	0.004833	0.022203	0.003300	0.007280	0.008475	0.039024	0.005415	0.000060	0.025530	0.006973	0.005298	0.032389	0.011081	0.001073	0.008599	0.028394	0.038451	0.032663	0.006347	0.016859	0.022683	0.035268	0.034019	0.011048	0.033678	0.025513	0.030982	0.041580	0.019585	0.037542	0.020100	0.015583	0.002587	0.042397	0.000444	0.009747	0.021634	0.025415	0.025899	0.014571	0.001827	0.012060	0.010258	0.030594	0.038083	0.029592	0.033042	0.014197	0.027756	
0.034076	0.027496	0.029744	0.007380	0.020844	0.018281	0.008352	0.006207	0.028248	0.026607	0.020205	0.005821	0.010411	0.009119	0.000121	0.017056	0.017528	0.008233	0.037547	0.044027	0.007508	0.041886	0.022391	0.014574	0.020211	0.042989	0.022704	0.000092	0.001720	0.004827	0.002216	0.015399	0.005221	0.018744	0.041621	0.036142	0.020592	0.042586	0.037539	0.029990	0.003482	0.013299	0.003021	0.018612	0.023421	0.024662	0.038198	0.034624	0.000040	0.034386	
0.011293	0.000578	0.028856	0.006506	0.010375	0.036166	0.027327	0.016671	0.004877	0.019476	0.031491	0.025392	0.001495	0.029022	0.019242	0.026310	0.014285	0.012280	0.028717	0.025356	0.033706	0.015131	0.015452	0.015747	0.032903	0.018823	0.034921	0.034092	0.021248	0.011624	0.034613	0.010916	0.031941	0.017160	0.011354	0.016175	0.033328	0.028232	0.007533	0.018745	0.019824	0.029699	0.008569	0.030339	0.004665	0.032236	0.015290	0.014292	0.018024	0.007704	
0.037234	0.003318	0.002788	0.025074	0.009414	0.025242	0.011810	0.023474	0.036698	0.026322	0.001104	0.019110	0.023390	0.025285	0.035551	0.021124	0.038569	0.037362	0.017851	0.021492	0.018422	0.037450	0.032986	0.008429	0.001376	0.036935	0.014195	0.004784	0.019816	0.030275	0.020328	0.029928	0.011093	0.007976	0.011177	0.016511	0.030884	0.015273	0.011212	0.006719	0.011787	0.031950	0.013248	0.034804	0.019824	0.001927	0.009517	0.030488	0.024091	0.014384	
0.025475	0.011030	0.010898	0.030658	0.009451	0.025280	0.005165	0.001390	0.012744	0.030243	0.028775	0.006837	0.015258	0.025604	0.007253	0.019099	0.021116	0.032758	0.012254	0.014738	0.023626	0.002976	0.012808	0.004589	0.037427	0.036516	0.042257	0.026107	0.028723	0.024802	0.032250	0.020333	0.035955	0.023362	0.010354	0.011140	0.044067	0.033584	0.035318	0.028683	0.018228	0.008025	0.029213	0.005627	0.021646	0.005293	0.003450	0.003396	0.036672	0.007546	
0.018925	0.025323	0.028143	0.019396	0.029210	0.031248	0.001349	0.004827	0.037738	0.017759	0.024610	0.006877	0.019501	0.014053	0.005552	0.000679	0.027234	0.029408	0.000034	0.025470	0.029413	0.031847	0.032869	0.008411	0.002125	0.034833	0.035242	0.005958	0.003747	0.028012	0.013333	0.022876	0.035516	0.025771	0.007052	0.025207	0.010095	0.040546	0.017839	0.025364	0.027951	0.033135	0.030935	0.011912	0.001547	0.014765	0.017097	0.004544	0.014121	0.040602	
0.018311	0.012127	0.014961	0.003736	0.019887	0.013541	0.037840	0.015111	0.008263	0.012304	0.002900	0.007315	0.013031	0.022920	0.039596	0.012211	0.033804	0.000505	0.004554	0.037988	0.019934	0.007504	0.008867	0.012160	0.032084	0.024210	0.028459	0.025808	0.028072	0.011018	0.027888	0.026843	0.024234	0.021591	0.006467	0.022524	0.008548	0.024769	0.015002	0.027684	0.022582	0.033572	0.024626	0.027876	0.039194	0.002089	0.032781	0.021830	0.025144	0.035733	
0.026681	0.035936	0.025849	0.026079	0.023999	0.008069	0.008894	0.028358	0.028809	0.038002	0.020779	0.021385	0.015048	0.008305	0.007686	0.017401	0.026748	0.023076	0.004324	0.026571	0.021387	0.021956	0.030989	0.032489	0.019650	0.011123	0.035400	0.029474	0.026885	0.015917	0.035097	0.029838	0.002946	0.013907	0.006878	0.007691	0.016566	0.006641	0.038127	0.014877	0.038499	0.026007	0.000528	0.016308	0.022261	0.009366	0.008364	0.028221	0.010139	0.000470	
0.037808	0.025863	0.006863	0.031097	0.020731	0.028320	0.002337	0.000517	0.015761	0.038923	0.003766	0.006902	0.014442	0.018375	0.032540	0.003868	0.028564	0.003661	0.031499	0.000696	0.018228	0.026975	0.028542	0.006813	0.001264	0.009946	0.019870	0.001153	0.041825	0.010009	0.010132	0.043704	0.026447	0.034247	0.034630	0.024437	0.013779	0.018622	0.033386	0.039613	0.011684	0.040261	0.028735	0.002045	0.036777	0.032445	0.007195	0.009624	0.023633	0.011444	
0.037729	0.019544	0.029259	0.022718	0.036254	0.033079	0.033456	0.013400	0.006532	0.019378	0.008673	0.028616	0.037073	0.003014	0.029440	0.036020	0.001342	0.025302	0.004710	0.020379	0.000931	0.019652	0.027459	0.030355	0.003805	0.040767	0.015642	0.004188	0.042359	0.025305	0.014205	0.016741	0.033904	0.003779	0.013326	0.021581	0.014686	0.002398	0.034280	0.000691	0.008815	0.007218	0.003073	0.005127	0.003130	0.031391	0.027263	0.028467	0.035819	0.037728	
0.027241	0.009697	0.036950	0.011285	0.036252	0.011808	0.040018	0.000076	0.028430	0.019183	0.016127	0.012544	0.029786	0.010873	0.030705	0.024918	0.007265	0.022217	0.014412	0.012380	0.004686	0.012848	0.024285	0.008648	0.015444	0.016096	0.028985	0.005558	0.015323	0.012893	0.005295	0.010129	0.027946	0.000355	0.038178	0.037630	0.040822	0.018553	0.020726	0.036691	0.035102	0.039177	0.004033	0.023222	0.025476	0.004750	0.017029	0.028627	0.031956	0.007372	
0.010959	0.015670	0.001890	0.024842	0.030324	0.034918	0.033005	0.039637	0.034250	0.021816	0.019790	0.039870	0.013388	0.010706	0.028571	0.003730	0.005430	0.002736	0.013348	0.034614	0.010825	0.023408	0.023041	0.029315	0.003916	0.000791	0.030353	0.000154	0.015448	0.026352	0.009392	0.012474	0.028171	0.032192	0.021422	0.010600	0.027081	0.031366	0.035410	0.020357	0.005126	0.024855	0.002180	0.033833	0.023013	0.029701	0.024764	0.022952	0.002989	0.019026	
0.025641	0.002538	0.029444	0.030217	0.034778	0.010003	0.018169	0.034364	0.027257	0.028434	0.034305	0.001772	0.029875	0.000475	0.020307	0.001371	0.035052	0.030646	0.034206	0.010697	0.035270	0.034870	0.019029	0.025772	0.017351	0.010231	0.016053	0.031539	0.002876	0.003630	0.032058	0.021418	0.028502	0.006317	0.001613	0.023966	0.020425	0.025791	0.005490	0.002974	0.020491	0.034674	0.016433	0.004227	0.022203	0.012174	0.035438	0.018769	0.011747	0.019117	
0.013391	0.030918	0.015711	0.017864	0.016744	0.025148	0.023943	0.007646	0.003549	0.013305	0.029134	0.017326	0.021011	0.008655	0.012456	0.016307	0.034161	0.006784	0.023723	0.006323	0.014323	0.008485	0.033253	0.015205	0.018610	0.030171	0.021188	0.001053	0.035110	0.034628	0.015484	0.019447	0.027983	0.015282	0.009789	0.035023	0.023323	0.021085	0.010104	0.016520	0.018956	0.035586	0.028915	0.027088	0.029185	0.008861	0.032100	0.027052	0.023619	0.018470	
0.005372	0.004527	0.020902	0.026107	0.033540	0.029790	0.004662	0.005728	0.034523	0.034504	0.021499	0.032212	0.033776	0.032342	0.000750	0.006433	0.019872	0.028172	0.030376	0.002776	0.014155	0.036034	0.027549	0.018004	0.014721	0.032755	0.006109	0.035178	0.011516	0.005713	0.003392	0.033290	0.028922	0.017551	0.004998	0.030819	0.006230	0.027340	0.036174	0.035978	0.017168	0.035166	0.002653	0.002496	0.010349	0.008348	0.035286	0.004576	0.015717	0.033949	
0.019537	0.007194	0.033035	0.009795	0.032017	0.011806	0.027210	0.015906	0.015991	0.032211	0.019809	0.011254	0.031900	0.030323	0.004532	0.031283	0.030382	0.005452	0.030088	0.015336	0.037892	0.028333	0.009795	0.011775	0.031256	0.032204	0.018320	0.035328	0.009460	0.023092	0.016039	0.031191	0.030104	0.006202	0.008384	0.005431	0.020307	0.023701	0.030627	0.014876	0.008375	0.003324	0.001093	0.027766	0.022985	0.023326	0.008710	0.021161	0.031041	0.012844	
0.005057	0.017231	0.029471	0.039082	0.014463	0.019323	0.027615	0.035113	0.023292	0.018161	0.016096	0.002689	0.029005	0.030294	0.033140	0.000484	0.027166	0.018987	0.031816	0.038244	0.018770	0.000482	0.037575	0.023467	0.034066	0.028657	0.036137	0.028049	0.023689	0.029053	0.019843	0.032421	0.007729	0.020688	0.035072	0.024885	0.000380	0.001146	0.001090	0.004955	0.006789	0.011836	0.007900	0.008923	0.037231	0.005603	0.007610	0.015103	0.026777	0.007348	
0.030643	0.005726	0.032314	0.012263	0.021332	0.032976	0.011584	0.010583	0.005707	0.015238	0.003058	0.037358	0.023688	0.010763	0.019209	0.021907	0.003465	0.002333	0.034914	0.000355	0.020075	0.027399	0.037706	0.035238	0.013190	0.036934	0.011224	0.023805	0.008875	0.019454	0.030561	0.027537	0.027395	0.038804	0.028775	0.039145	0.006336	0.013289	0.001035	0.022115	0.004280	0.021665	0.017787	0.024392	0.025422	0.017092	0.001566	0.018270	0.038710	0.026508	
0.022534	0.011427	0.017724	0.000593	0.035337	0.036886	0.029309	0.016237	0.015902	0.007443	0.031036	0.032741	0.024466	0.017571	0.008604	0.014176	0.023326	0.022409	0.024938	0.031466	0.008471	0.005633	0.018927	0.014748	0.025420	0.000327	0.019590	0.018142	0.017448	0.032721	0.015587	0.032364	0.036032	0.003058	0.017290	0.012912	0.006719	0.023070	0.024610	0.024764	0.008027	0.025517	0.030579	0.030552	0.005062	0.035103	0.025721	0.013018	0.016885	0.027579	
0.026489	0.025080	0.010419	0.010061	0.032068	0.034969	0.031565	0.033767	0.007273	0.027951	0.005889	0.013855	0.029760	0.024260	0.028675	0.035408	0.008653	0.003235	0.007625	0.031928	0.034280	0.002520	0.000874	0.011650	0.008619	0.021277	0.028349	0.006928	0.019724	0.037401	0.013051	0.036210	0.035193	0.025531	0.026628	0.027985	0.014194	0.026969	0.003390	0.032599	0.037201	0.015342	0.002875	0.008490	0.014480	0.025678	0.030881	0.021187	0.000490	0.001075	
0.015395	0.014351	0.018371	0.007004	0.001143	0.036623	0.004434	0.019486	0.037852	0.039484	0.019468	0.035398	0.000907	0.001335	0.001508	0.034856	0.027747	0.027240	0.011912	0.036869	0.006143	0.030584	0.037157	0.004631	0.024498	0.021682	0.006029	0.012501	0.037825	0.019124	0.024743	0.027102	0.029664	0.000572	0.031523	0.013773	0.016307	0.026934	0.017384	0.024433	0.007934	0.033394	0.018992	0.000904	0.013697	0.014734	0.024481	0.019346	0.032295	0.030235	
0.034001	0.040170	0.027762	0.002871	0.041616	0.009685	0.006642	0.018350	0.029651	0.035968	0.011862	0.033446	0.033092	0.003840	0.017778	0.026163	0.018519	0.006537	0.039061	0.033664	0.001115	0.002669	0.014574	0.023936	0.023986	0.039187	0.026486	0.031259	0.000005	0.031870	0.026352	0.009414	0.009078	0.037411	0.002590	0.041893	0.022258	0.008318	0.014327	0.040019	0.007216	0.026868	0.007239	0.010928	0.034868	0.003116	0.001893	0.002304	0.010695	0.017445	
0.035396	0.027518	0.028128	0.031738	0.027463	0.009717	0.016061	0.002666	0.021838	0.020438	0.034299	0.004024	0.022754	0.010008	0.035282	0.027604	0.011846	0.006041	0.002360	0.029701	0.032016	0.012725	0.016265	0.031668	0.002504	0.000117	0.028959	0.037386	0.023480	0.026226	0.038078	0.004957	0.004744	0.035609	0.019549	0.004785	0.018300	0.008631	0.029349	0.006923	0.026503	0.017493	0.038397	0.023658	0.003656	0.037747	0.034524	0.018151	0.000881	0.011833	
0.008897	0.009798	0.018597	0.006896	0.025431	0.037393	0.014770	0.003409	0.037568	0.005944	0.035648	0.038447	0.037578	0.022082	0.023809	0.029448	0.022979	0.024404	0.032340	0.008755	0.000853	0.028136	0.032128	0.004209	0.034484	0.027215	0.033224	0.009962	0.021473	0.013163	0.018287	0.028908	0.030935	0.009648	0.008499	0.030823	0.020804	0.015366	0.026301	0.004856	0.011788	0.001471	0.030582	0.004174	0.019652	0.012241	0.002484	0.026359	0.008411	0.039367	
0.034874	0.034016	0.035217	0.015338	0.004442	0.027224	0.011176	0.020266	0.033762	0.019942	0.033027	0.016778	0.001259	0.018058	0.033457	0.005469	0.017715	0.003893	0.017941	0.022912	0.024739	0.018752	0.010574	0.007033	0.031417	0.012055	0.010500	0.034620	0.018177	0.015712	0.001501	0.006220	0.004134	0.028530	0.027993	0.036446	0.021429	0.006496	0.026466	0.025499	0.010761	0.007125	0.034298	0.032841	0.020122	0.017937	0.026708	0.020429	0.025626	0.029094	
0.026432	0.009697	0.012721	0.002478	0.018870	0.013315	0.009319	0.030299	0.031331	0.011211	0.017752	0.007542	0.032468	0.002577	0.014398	0.012608	0.026819	0.006872	0.014342	0.033156	0.035247	0.037551	0.020707	0.024421	0.013736	0.038382	0.004840	0.014541	0.033934	0.029824	0.016167	0.025795	0.000541	0.018630	0.036546	0.019313	0.024628	0.015543	0.039667	0.023960	0.013267	0.014763	0.025229	0.020788	0.016829	0.022213	0.037481	0.000113	0.011333	0.029801	
0.013162	0.001241	0.018575	0.012482	0.019851	0.041297	0.003718	0.023897	0.003579	0.036187	0.019069	0.032546	0.032007	0.004812	0.011283	0.019424	0.026426	0.009041	0.020195	0.011474	0.005946	0.002246	0.035462	0.004571	0.008309	0.014149	0.018573	0.034572	0.032231	0.022198	0.040351	0.013785	0.000331	0.028996	0.038116	0.028630	0.029562	0.014696	0.039746	0.018751	0.027668	0.018619	0.011747	0.000025	0.037033	0.020477	0.031374	0.023566	0.030229	0.007774	
0.044065	0.017120	0.039104	0.023896	0.009785	0.021663	0.000805	0.012720	0.033313	0.001395	0.020091	0.026247	0.038661	0.016602	0.028660	0.008002	0.027850	0.018335	0.012038	0.037097	0.037516	0.006684	0.004804	0.006996	0.018796	0.021086	0.014548	0.015917	0.000803	0.028153	0.022174	0.013130	0.007586	0.006599	0.016177	0.005673	0.002383	0.010483	0.042731	0.017022	0.038242	0.043807	0.002874	0.038771	0.036219	0.012345	0.030222	0.022175	0.026618	0.012017	
0.027366	0.018102	0.012435	0.036523	0.010854	0.030240	0.011016	0.010621	0.030585	0.018858	0.011290	0.013963	0.019648	0.032448	0.021689	0.022970	0.030125	0.029571	0.012708	0.007202	0.017675	0.006180	0.025193	0.013197	0.003251	0.029159	0.010767	0.017299	0.023571	0.023872	0.031588	0.023457	0.018914	0.028620	0.017365	0.032239	0.026677	0.020251	0.022750	0.029137	0.016918	0.020893	0.021022	0.037570	0.005011	0.007623	0.007004	0.003078	0.036263	0.015242	
0.000053	0.013926	0.011002	0.011442	0.027388	0.019484	0.027966	0.004775	0.020184	0.006048	0.028462	0.013529	0.002000	0.028389	0.042400	0.010346	0.019159	0.031012	0.017970	0.027095	0.035404	0.012935	0.032738	0.018454	0.024936	0.041024	0.012362	0.001983	0.015201	0.016758	0.007834	0.044887	0.011815	0.007043	0.001000	0.041104	0.005300	0.043479	0.036196	0.032678	0.037401	0.026669	0.023277	0.000091	0.004862	0.014320	0.018384	0.026501	0.008505	0.034231	
0.003299	0.041504	0.021791	0.042074	0.009267	0.002002	0.000970	0.007901	0.008516	0.034603	0.029817	0.013332	0.000506	0.029024	0.015171	0.009457	0.014060	0.009149	0.009837	0.043631	0.026892	0.013332	0.043061	0.040221	0.020189	0.004953	0.010152	0.025516	0.015403	0.027732	0.004997	0.020687	0.001055	0.004307	0.021632	0.020722	0.025591	0.025132	0.042048	0.029048	0.005122	0.044717	0.003226	0.041306	0.030948	0.027209	0.006025	0.011416	0.032413	0.029033	
0.028849	0.010559	0.004071	0.002268	0.034424	0.035323	0.025172	0.035036	0.033185	0.036877	0.031581	0.004046	0.023457	0.019304	0.005753	0.022825	0.026572	0.015895	0.006129	0.015777	0.002693	0.006880	0.022563	0.021220	0.005651	0.020048	0.037880	0.031714	0.016682	0.006616	0.011115	0.023772	0.008795	0.018030	0.030345	0.017690	0.020369	0.005791	0.010377	0.004771	0.015983	0.032635	0.020793	0.005668	0.031697	0.037748	0.024501	0.034674	0.026318	0.029876	
0.033124	0.004763	0.012028	0.005101	0.005037	0.002019	0.016089	0.029312	0.020336	0.009508	0.027682	0.004650	0.016118	0.022127	0.030046	0.016810	0.003338	0.025773	0.025734	0.035761	0.019581	0.032660	0.014440	0.018914	0.002917	0.010678	0.035873	0.018265	0.015995	0.020268	0.022989	0.010543	0.031919	0.030388	0.020171	0.019671	0.006256	0.030408	0.018896	0.018182	0.012940	0.034949	0.030242	0.020178	0.031746	0.030699	0.020810	0.023199	0.035058	0.015811	
0.018903	0.013576	0.031620	0.031464	0.039085	0.006354	0.004041	0.013437	0.000451	0.017642	0.005698	0.014691	0.005814	0.032090	0.005675	0.038255	0.022677	0.022636	0.020544	0.034639	0.014434	0.004342	0.028767	0.034084	0.008936	0.015989	0.010832	0.024079	0.023402	0.035291	0.023606	0.012477	0.015584	0.038779	0.022408	0.004959	0.032715	0.025292	0.014479	0.023080	0.011596	0.023924	0.019128	0.030478	0.021306	0.016730	0.009844	0.037190	0.010461	0.026517	
0.004418	0.036707	0.026297	0.023366	0.018231	0.008631	0.039181	0.001978	0.013309	0.027143	0.019112	0.024672	0.010060	0.003857	0.035935	0.010593	0.003595	0.039754	0.021014	0.012290	0.028781	0.035171	0.018331	0.009418	0.033091	0.025889	0.014527	0.014973	0.037176	0.033089	0.016720	0.008835	0.025174	0.035780	0.038098	0.024465	0.019769	0.027483	0.019943	0.002560	0.007340	0.009817	0.002619	0.025235	0.022656	0.024021	0.034817	0.009999	0.002992	0.011090	
0.019915	0.028951	0.007003	0.013025	0.004399	0.006492	0.002936	0.036150	0.002627	0.019244	0.027814	0.030466	0.025932	0.027062	0.029174	0.029647	0.004075	0.035039	0.005260	0.034655	0.012143	0.031279	0.028361	0.014718	0.012081	0.017993	0.022907	0.029188	0.022591	0.032248	0.010434	0.025978	0.020892	0.011923	0.031177	0.011938	0.002885	0.027690	0.035987	0.012772	0.021365	0.014395	0.010305	0.022268	0.026549	0.003675	0.031374	0.012619	0.019572	0.032827	
0.036599	0.002903	0.005653	0.039394	0.013583	0.008572	0.009391	0.011769	0.019450	0.043025	0.021925	0.025713	0.011755	0.007978	0.000691	0.013318	0.009858	0.038647	0.042973	0.035731	0.009172	0.004054	0.028294	0.015180	0.033758	0.036556	0.011574	0.018524	0.039066	0.040420	0.002925	0.010660	0.009548	0.010483	0.017628	0.013404	0.021263	0.022165	0.041996	0.004435	0.034640	0.005413	0.043343	0.001709	0.022058	0.040985	0.018804	0.015986	0.014609	0.012423	
0.029422	0.016631	0.038614	0.031004	0.001478	0.026736	0.012774	0.039174	0.022295	0.017428	0.033515	0.011273	0.034820	0.031801	0.017113	0.010887	0.021740	0.017173	0.006983	0.034409	0.003593	0.040833	0.001463	0.032334	0.010773	0.013444	0.020956	0.006182	0.026336	0.015582	0.028134	0.019644	0.009489	0.030558	0.027689	0.003094	0.002082	0.035400	0.028774	0.022256	0.011839	0.019797	0.022467	0.010470	0.010631	0.007725	0.013048	0.013080	0.042316	0.014738	
0.005020	0.031707	0.018451	0.010564	0.016924	0.014951	0.002019	0.026020	0.018983	0.026002	0.021202	0.002276	0.022264	0.021732	0.033230	0.026523	0.036689	0.010918	0.039659	0.039961	0.019080	0.027317	0.025991	0.018852	0.032220	0.024990	0.037191	0.009702	0.010199	0.025093	0.016851	0.012840	0.024677	0.027190	0.006971	0.000991	0.028982	0.014057	0.019912	0.017884	0.036854	0.002006	0.040592	0.001201	0.009158	0.016534	0.028737	0.028525	0.006829	0.003472	
0.009665	0.035460	0.035439	0.011690	0.033597	0.030183	0.027899	0.021928	0.022108	0.027349	0.005020	0.016428	0.004709	0.006390	0.030241	0.002505	0.033877	0.028816	0.023231	0.005076	0.036134	0.007785	0.011953	0.003359	0.006037	0.031617	0.033548	0.015520	0.014500	0.006289	0.006179	0.018837	0.031396	0.038895	0.017417	0.004626	0.012009	0.036353	0.031514	0.029847	0.025459	0.030562	0.010964	0.001710	0.000620	0.033674	0.027819	0.003446	0.037113	0.023207	
0.035341	0.022627	0.019716	0.007025	0.019730	0.010109	0.005350	0.004426	0.011637	0.020257	0.010215	0.017993	0.021339	0.029211	0.034673	0.024296	0.014394	0.014785	0.014982	0.040562	0.032312	0.001056	0.032570	0.019558	0.007289	0.020168	0.015762	0.015422	0.002218	0.000537	0.037360	0.029201	0.040395	0.000510	0.010760	0.030027	0.027731	0.028455	0.025099	0.006333	0.034522	0.028818	0.031155	0.026470	0.011417	0.012902	0.004415	0.039069	0.029638	0.020165	
0.035178	0.029571	0.018424	0.013235	0.017354	0.014495	0.021652	0.036189	0.009647	0.021855	0.011933	0.021274	0.029459	0.004720	0.015531	0.017457	0.018182	0.009091	0.006446	0.023446	0.024648	0.034775	0.021300	0.014566	0.022845	0.029820	0.005283	0.026267	0.023570	0.025062	0.004358	0.012878	0.025922	0.000118	0.014412	0.033248	0.013684	0.030642	0.035984	0.019979	0.010394	0.035306	0.028477	0.014978	0.013128	0.025409	0.008253	0.034411	0.025258	0.009887	
0.031525	0.026702	0.033580	0.017468	0.019903	0.001171	0.023610	0.020101	0.035993	0.022703	0.026875	0.027721	0.010528	0.015511	0.004935	0.001874	0.012600	0.000635	0.031845	0.015070	0.005012	0.009858	0.009321	0.000141	0.015047	0.005531	0.019751	0.032038	0.034908	0.024385	0.036130	0.036650	0.021783	0.005820	0.028025	0.018319	0.027518	0.002541	0.021512	0.035333	0.032425	0.031558	0.015029	0.013559	0.036264	0.012848	0.005572	0.032013	0.025001	0.025758	
0.001565	0.000871	0.037897	0.009902	0.030480	0.019201	0.024878	0.023953	0.005590	0.002731	0.022166	0.005198	0.008142	0.020001	0.000372	0.007427	0.020427	0.026792	0.010659	0.008413	0.022214	0.020738	0.012779	0.025264	0.024591	0.039398	0.031018	0.002475	0.038328	0.019532	0.009261	0.025796	0.029568	0.024842	0.030621	0.040409	0.008222	0.002988	0.025511	0.006996	0.016241	0.039957	0.024786	0.030631	0.039842	0.006888	0.028454	0.028136	0.036440	0.021411	
0.003823	0.008493	0.022140	0.010837	0.025331	0.020070	0.026910	0.027262	0.026444	0.001450	0.033560	0.032933	0.033165	0.024803	0.030660	0.005676	0.026402	0.011656	0.018912	0.003831	0.021356	0.036862	0.006030	0.010497	0.005947	0.016004	0.001660	0.011752	0.035366	0.013449	0.035057	0.021672	0.033425	0.027193	0.005742	0.017292	0.006600	0.033443	0.030658	0.036373	0.029258	0.011504	0.021666	0.007856	0.030218	0.036289	0.010952	0.010596	0.011775	0.029152	
0.006298	0.010271	0.025486	0.003311	0.033348	0.004547	0.011850	0.028576	0.022761	0.037912	0.004899	0.033645	0.028380	0.027676	0.002110	0.004848	0.032045	0.023435	0.021624	0.007439	0.026182	0.019569	0.024576	0.007235	0.022651	0.023007	0.019058	0.035020	0.013547	0.009684	0.020509	0.027369	0.018104	0.012953	0.016839	0.037901	0.012189	0.035472	0.016204	0.005553	0.011439	0.038412	0.003955	0.038189	0.019807	0.031830	0.011229	0.024933	0.037698	0.008425	
0.010062	0.035637	0.014865	0.000779	0.023371	0.008769	0.029903	0.028363	0.037417	0.036911	0.018039	0.024965	0.012887	0.007554	0.019215	0.033293	0.036135	0.016416	0.012287	0.035223	0.028993	0.032446	0.024378	0.014316	0.021031	0.006281	0.031549	0.007014	0.006799	0.009129	0.013136	0.020958	0.008212	0.031214	0.025287	0.033105	0.031542	0.000583	0.005783	0.015274	0.015865	0.027752	0.005287	0.016151	0.025312	0.019709	0.028777	0.019098	0.011599	0.021327	
0.005365	0.013162	0.029584	0.033943	0.004633	0.033109	0.021105	0.030080	0.025311	0.002947	0.008722	0.011924	0.007055	0.009925	0.007566	0.014941	0.029260	0.002615	0.035412	0.033656	0.005390	0.024133	0.016940	0.033736	0.032957	0.011817	0.033862	0.033812	0.035039	0.027700	0.032256	0.032570	0.034275	0.005530	0.030658	0.002655	0.003802	0.015131	0.019785	0.008430	0.027679	0.035527	0.035520	0.023369	0.010424	0.030493	0.005312	0.012000	0.018598	0.000284	
0.022234	0.010937	0.035235	0.012548	0.017411	0.027250	0.006988	0.007509	0.017303	0.017813	0.035099	0.001058	0.009107	0.013634	0.031399	0.001515	0.017558	0.034372	0.012635	0.024387	0.039256	0.023884	0.008519	0.022720	0.001930	0.027189	0.036192	0.036687	0.018646	0.026845	0.000257	0.031271	0.026755	0.016927	0.015376	0.012067	0.039791	0.010034	0.029377	0.033337	0.029944	0.011721	0.006787	0.027903	0.016039	0.016184	0.029791	0.009867	0.022251	0.016460	
0.016168	0.021450	0.008588	0.036635	0.027152	0.038708	0.016567	0.004564	0.037666	0.030456	0.001590	0.003359	0.033685	0.035646	0.033191	0.004012	0.002430	0.009767	0.014486	0.015429	0.026464	0.023664	0.002140	0.002158	0.006535	0.025414	0.030524	0.038815	0.037672	0.005454	0.001024	0.029990	0.007102	0.024354	0.013942	0.026352	0.013204	0.022299	0.027777	0.028103	0.036301	0.033937	0.005274	0.009452	0.026339	0.020355	0.015624	0.018312	0.020997	0.028873	
0.038823	0.038434	0.036924	0.039197	0.010606	0.023134	0.041494	0.017419	0.011766	0.029798	0.011100	0.008969	0.009318	0.017277	0.001169	0.004039	0.030610	0.019902	0.026168	0.010095	0.001621	0.019649	0.013121	0.030609	0.020921	0.032633	0.024434	0.001741	0.011079	0.028340	0.009604	0.029576	0.012142	0.028243	0.001919	0.034436	0.009302	0.000471	0.014878	0.028800	0.028521	0.041550	0.019499	0.015929	0.019727	0.024090	0.027841	0.010669	0.004863	0.027545	
0.016083	0.028373	0.019720	0.004751	0.003546	0.029646	0.033081	0.000040	0.021317	0.017701	0.010038	0.029353	0.036109	0.022914	0.017785	0.006650	0.037433	0.029968	0.027272	0.007383	0.022809	0.012317	0.014411	0.012106	0.011553	0.025877	0.035721	0.028556	0.033378	0.028711	0.029307	0.030001	0.029344	0.022991	0.035525	0.006136	0.012804	0.009791	0.002918	0.010999	0.026859	0.003468	0.032353	0.023955	0.021914	0.016867	0.010836	0.024434	0.012130	0.012768	
0.009057	0.033609	0.002882	0.022652	0.001593	0.030115	0.022872	0.034343	0.003145	0.036372	0.022839	0.023406	0.016670	0.036469	0.031450	0.041120	0.011574	0.040017	0.016496	0.032801	0.031168	0.038206	0.016712	0.002309	0.005466	0.038637	0.018369	0.016442	0.011906	0.002961	0.026314	0.024971	0.029646	0.023929	0.030511	0.026613	0.003492	0.009221	0.031944	0.004399	0.003442	0.027882	0.009362	0.023210	0.009320	0.031163	0.008388	0.008846	0.006909	0.008781	
0.044670	0.042682	0.001726	0.002768	0.000465	0.028860	0.022109	0.009243	0.003966	0.000945	0.029124	0.006029	0.001921	0.009641	0.040619	0.005022	0.016676	0.035788	0.006915	0.019380	0.023532	0.019700	0.034151	0.018586	0.042742	0.039235	0.009164	0.005582	0.022034	0.007913	0.030759	0.008397	0.028302	0.030775	0.012844	0.001729	0.026393	0.037867	0.019763	0.036690	0.019762	0.023967	0.012652	0.024362	0.026491	0.036464	0.032991	0.004190	0.007098	0.027315	
0.000695	0.032347	0.012705	0.032181	0.013448	0.010605	0.006845	0.011632	0.009625	0.008829	0.027789	0.041952	0.035446	0.025125	0.034090	0.010046	0.007010	0.001347	0.017630	0.032654	0.020368	0.030853	0.025970	0.027405	0.018737	0.019309	0.030007	0.044046	0.022744	0.020780	0.017408	0.006053	0.042695	0.002391	0.015574	0.002038	0.004386	0.001232	0.003498	0.032719	0.021378	0.035850	0.012155	0.023095	0.011917	0.015289	0.018706	0.026546	0.036073	0.038776	
0.73
