50
2
-8.929884	-3.448698	-13.436858	4.730709	-1.254383	15.825859	18.129986	-0.061829	0.851072	7.356902	-7.771754	-8.199386	1.992524	16.370576	-8.816973	-14.861697	-7.917654	-5.446091	5.483173	-18.413156	-18.677936	4.189036	-18.705059	20.973898	14.849923	-15.897304	-20.009219	-9.181185	-8.487366	7.796329	8.270014	-18.422735	4.279599	-17.183520	-0.700214	-0.339479	-19.599970	-7.027362	13.289965	6.938171	-17.569375	-15.179273	12.796282	10.421361	-1.510774	-20.482078	-8.980642	-5.308410	-10.084965	-2.370134	
-21.106198	2.613053	4.253535	-7.662808	16.863886	8.897039	-18.204402	6.831307	11.146641	7.438830	0.664181	7.917383	14.232074	-4.294979	17.135589	7.064656	-1.997323	-8.430924	-15.217322	-4.556943	-19.471275	15.614447	-21.178479	-4.080716	-9.494227	-0.321059	-13.512092	15.663947	8.017937	6.447124	-19.891710	-18.494025	-10.411450	16.764548	23.360003	9.351301	-23.157458	19.142482	-20.136075	-4.639948	21.476939	12.652187	23.898986	14.650792	-19.033903	10.394649	4.622618	-17.046292	-13.492681	-5.587265	
-22.722177	-11.180725	9.805338	20.425394	22.995528	-23.864410	2.988971	-16.674186	-1.113699	-9.565818	-9.607956	-16.446384	23.182766	3.998684	-18.893370	-7.690330	21.865777	-16.702181	-1.258722	13.279375	-7.950467	14.297804	-0.386232	-13.376228	-1.660439	-2.189774	8.104230	23.595087	-17.225084	10.917812	-21.409497	-21.568012	-5.872365	-12.673116	23.797442	-21.215384	-23.106648	13.080667	-0.991796	-7.801597	-13.596522	19.493637	-21.862921	-18.232402	20.872820	-11.802094	19.700328	7.579789	-4.684854	-6.551831	
16.225114	16.955047	-2.676641	-19.145042	-0.456796	-5.597984	11.426493	-11.602753	3.200140	-11.564032	-2.216375	7.689320	10.733020	-8.087823	4.602867	-15.297714	-14.121041	-7.330502	-10.390537	4.304738	1.058814	1.587944	5.553830	2.876071	8.411700	4.093017	-17.488794	-10.335482	-8.041089	11.278083	-24.100526	8.309731	-15.846031	13.644817	7.932779	8.537588	-24.225041	6.087460	-5.710494	22.637612	13.474038	23.932975	-0.898266	23.074290	-10.633465	-9.755545	-2.245982	18.499051	-16.702987	-18.587056	
-2.191765	3.415302	-15.309006	-17.086594	-5.174905	17.919699	13.555655	18.891482	-17.048756	-5.890919	1.472251	3.050323	-8.722727	-14.446856	-19.949361	-11.404866	-21.146940	-12.602178	3.008489	2.243790	-14.342970	-15.954068	-1.711648	4.026434	-7.999225	8.256402	-8.725507	18.806789	-17.341484	-13.030565	-6.963636	-1.619132	0.073727	-15.514499	-7.715772	15.637199	16.592688	4.533034	9.275550	1.529301	-6.537412	-16.102413	-8.360084	5.324115	-7.468817	3.993432	-1.717882	12.644424	19.983820	8.030713	
11.673517	-11.852590	-17.206664	-13.208603	21.940957	17.365296	-4.463374	16.157349	12.425066	-12.531553	5.869536	6.941572	-6.333126	-15.080238	6.681687	-3.102245	-12.622024	-10.767988	-14.987361	19.054159	-19.976284	-18.495312	12.644597	-13.222409	17.064522	-3.645544	3.346780	-13.999469	-5.809823	-14.116751	18.200218	-7.155093	10.307909	13.164231	-19.157122	-13.038943	16.856480	-10.069273	1.377343	-11.193417	12.743969	2.820589	-16.870404	-6.294575	-2.884793	-20.484201	-2.231909	19.369725	13.580171	9.983505	
4.823217	-17.687712	14.249210	-24.370210	-2.315364	-8.548077	-4.811072	2.969069	-17.321498	21.372251	-15.859374	1.133232	3.812633	-13.226628	8.891672	-0.288993	-22.393461	16.005315	-9.832918	8.764178	-2.429534	-3.652337	-19.326394	5.284492	-15.365656	-13.677907	3.035921	-14.176470	-22.394958	5.471640	8.906167	18.201637	-12.422392	3.360470	2.488172	14.696489	-8.936956	9.713362	1.825148	-8.649281	16.128555	5.643033	1.411288	-19.838717	13.688444	-24.856551	1.457646	-22.496252	-16.830209	-9.731692	
7.706025	23.259597	-16.486919	-23.190793	-9.790031	-5.466609	-11.840915	-8.157506	-10.830339	-22.602890	8.888574	-8.102134	-7.917468	6.716125	-20.375968	21.995928	11.840337	-2.935545	19.655307	12.924988	-5.074436	-7.357314	-1.931525	-13.452259	10.612761	-8.554370	-3.253740	9.695208	-7.077279	-19.420041	-16.472944	-23.954921	10.188970	1.309632	-18.445202	7.125901	8.264827	-17.604751	21.964265	-0.921698	-6.651620	14.530997	-15.575580	1.972084	8.825628	3.822335	-20.394723	6.132673	-3.067352	6.857637	
-0.633640	-19.025625	-4.427172	1.866142	19.565145	17.905347	-17.214693	6.996387	24.279658	12.319412	0.508466	-12.813970	2.890673	-13.978556	16.931801	-9.481907	-12.976154	-24.888643	11.224165	-21.355446	14.312750	-2.877565	22.461936	-22.545851	13.478720	-0.168452	-11.495021	-17.058236	-5.359778	-15.396296	-16.124094	-6.205773	-18.900444	-21.144905	-5.296890	-1.504583	25.127743	-24.127199	-21.932212	15.325074	22.598038	2.234060	-21.389652	15.461395	-14.343453	26.741335	-20.751146	13.750791	12.939879	2.675510	
20.179011	14.965842	-0.857527	7.032098	18.802035	15.359911	-3.232202	-12.580721	15.324482	13.221800	-19.771573	4.468971	15.700330	11.882888	-5.472200	-6.694984	17.386889	-18.191540	-12.559163	11.867991	-9.286824	-8.307411	-14.261025	5.975598	-16.298750	9.694469	6.061251	2.426936	-11.247032	-2.549051	3.021103	3.940564	-17.567211	-6.582811	-16.649362	6.398550	-1.350520	-1.070154	5.561242	-4.344374	10.186622	-8.913317	19.116147	-13.327822	16.879401	-9.288780	20.559171	16.252907	9.556346	1.624746	
-20.143479	-19.223203	-0.888051	7.429866	-9.961391	-2.497483	-12.744512	14.198880	-16.565648	22.913485	4.168869	-9.042326	-18.936223	-8.634322	-21.359418	-7.391752	7.017586	9.598984	-10.668443	-8.350399	-0.084999	18.648914	13.713237	-4.898555	13.033050	2.517703	-2.612078	14.228188	-22.096793	-12.831658	13.890212	1.614989	18.797898	-3.171971	14.567399	-8.558528	10.834199	-19.101182	-0.056656	-13.297214	-18.662676	-18.259553	3.430664	-10.818065	-18.736851	-22.831239	17.077174	-12.965222	4.555887	17.680535	
21.511743	-18.358000	9.087194	1.766754	22.561977	-29.506420	20.881739	-11.352562	-26.299750	27.301834	14.936732	25.571210	10.660337	8.123853	29.133790	-9.814164	30.273442	-7.821349	1.139896	28.053085	2.036677	-9.854050	-30.639534	-20.366430	20.079054	-5.179188	1.650089	-9.493713	7.030174	23.610100	-30.896273	-13.387010	-29.462473	-16.063404	-21.328950	21.319317	3.048222	1.102550	5.059552	15.565412	28.845592	29.121763	-1.811835	0.877942	1.474621	-23.838567	-11.149744	23.323376	-3.070087	21.149506	
-13.211294	22.997148	-19.622673	-14.441024	-21.188975	-0.885920	16.830221	21.545755	15.281282	19.112074	-12.987261	5.766349	-16.867315	12.347090	-29.003780	-13.971395	25.507413	-13.184818	21.580486	-14.941748	-14.309081	-0.707269	-0.446736	14.279306	16.290993	28.393319	20.305669	20.863604	7.122488	14.583559	-4.987546	-22.110141	-24.408120	-24.649019	28.804787	-16.442076	22.057167	-26.047314	4.432781	-13.047967	-14.951350	11.049483	24.454615	11.689892	13.589178	2.682893	-27.541931	5.114190	8.504458	9.921172	
-20.419510	1.157996	8.694190	-20.650951	17.365697	-3.106820	15.058717	-2.761957	-10.182795	2.899486	-20.438969	11.839581	-16.387575	-8.382858	18.773472	-0.593305	-10.522710	-4.446741	-0.334453	20.046711	3.111430	11.997806	1.980581	-0.878095	1.892284	12.139612	7.210695	9.968685	19.678038	-1.067129	-18.619289	-13.285494	5.600086	-6.813694	20.781010	7.430863	-9.858006	4.872474	-21.945835	-18.776418	20.445836	3.899163	16.373132	-18.427337	6.884352	-15.798555	-18.566051	1.879537	-13.886557	-2.251873	
-18.194298	4.787699	-1.744259	-5.852661	20.882542	2.055182	-22.112800	20.776860	5.052025	20.487637	19.978552	25.849405	-7.858106	3.241081	15.485332	8.050652	-4.456607	17.795559	-22.868557	-13.287026	11.503708	-2.904082	-13.948472	-13.419888	20.896827	4.321634	3.349800	-14.108593	5.446738	1.380611	-10.346455	19.413442	-3.703037	6.069120	-1.989417	-13.763829	6.943754	-11.738201	20.939156	22.974063	-12.720639	-21.638642	-20.462025	6.168318	19.756995	-7.462755	-22.016544	25.323758	-0.410268	13.303276	
0.704596	27.552975	11.212440	-13.196575	5.360285	-4.529118	-2.801591	10.764312	-16.939464	25.459039	-27.105197	-16.835381	25.394814	14.115440	-3.893433	-18.939222	16.799919	23.461903	-15.834995	-3.503137	-24.358001	29.585026	-17.935068	0.987301	-9.319647	-26.572267	-11.095174	-13.799197	28.851369	14.168910	5.247152	6.452415	-2.741507	5.002242	-3.308051	-22.260889	-17.391606	16.475597	-28.912133	-22.971364	-21.444402	16.048748	-12.426216	-27.322879	24.614970	8.505343	13.416624	2.215337	-16.444799	3.564293	
4.848031	11.757597	-16.904895	-6.307687	-10.222959	12.160984	6.944793	12.502063	-11.896568	-12.517943	-16.282035	-8.919371	-22.149784	-22.750698	-3.755343	-16.072196	-17.894698	-22.509700	13.571480	11.893155	11.531372	-0.236953	-12.985322	15.142501	20.545634	-6.411583	-10.272618	-6.247183	16.564339	18.782576	16.418512	-14.800471	4.862713	-13.553173	-12.818766	6.750405	-19.021527	-19.560162	-6.992315	8.581838	13.000694	-4.230996	20.552022	5.809665	-21.267897	9.266781	-10.137695	10.385274	1.533106	13.583974	
-20.760389	20.685390	-12.367785	14.113214	-19.467020	21.123423	-14.639406	12.519876	15.700585	-23.780808	1.795534	3.929352	-10.456674	-13.013829	11.044068	-19.780094	7.436373	-18.587720	-10.667657	20.231838	-11.826500	14.198867	-16.292420	-10.375556	-17.521351	23.646234	-13.517249	13.565235	4.530057	20.705958	15.317313	-3.528056	-2.567951	23.976608	-20.128830	-21.445834	13.438130	1.295622	-0.022344	-1.172495	-5.924546	10.171478	4.268867	15.406923	18.924565	-1.078081	-8.462410	-7.398746	21.412865	-1.276458	
-1.798161	15.990819	-1.104148	-5.204296	18.925497	-18.247770	16.603056	4.353961	12.290645	5.228154	17.544664	4.286403	7.754886	1.331914	2.795354	-16.901557	11.679015	19.317278	-15.003652	6.306399	-17.667531	9.563047	12.532812	9.165013	-1.438036	9.680196	2.706900	16.447589	6.060088	-10.712471	7.914469	6.931885	-7.681995	-4.236429	0.373582	-6.415834	-13.371369	5.946299	6.831672	14.094837	-14.351510	-6.272327	1.071232	7.724709	16.076644	14.880912	11.230244	-7.277240	12.581338	7.262088	
21.732007	25.971537	-14.889621	-11.340011	-8.302742	-24.349186	13.578290	-9.743282	-12.632340	14.162356	20.867246	14.701003	-7.084724	19.971131	-17.872369	-6.363983	19.924988	14.893041	11.850498	28.870705	10.842566	27.973012	-10.950147	-9.389588	26.886711	-21.357016	-19.056007	23.672795	-22.404044	9.240133	-13.984193	27.374269	-15.636135	6.621345	-27.988029	1.024584	29.655509	-3.393902	-16.412576	-0.357906	26.711409	24.218420	3.783579	16.313229	-12.596086	-25.997451	-27.890890	12.796086	-28.254401	-22.438587	
6.381226	12.233434	-2.706504	7.792859	19.176697	11.638554	5.268492	6.543876	-16.001164	-11.751427	-10.641157	-4.155849	-17.894966	0.517232	6.994731	-19.718901	2.834652	-9.041822	-9.320346	-21.667791	-16.086711	20.414278	6.909347	6.590015	3.614124	14.721615	0.469573	-0.301171	-12.448733	0.803690	-13.466397	-16.001142	8.271888	-13.000910	-12.163514	-16.790563	-5.615110	-5.029083	19.569409	7.384041	-20.697671	6.091880	-19.631446	2.365498	-8.400906	-3.297025	18.739384	17.276191	-5.864651	-17.309852	
11.219071	12.662340	0.324287	5.218655	23.719560	-16.883907	-2.777969	-0.907284	20.075137	-24.963524	-24.989306	20.946661	21.912982	-17.095577	-13.198762	5.480087	-5.478933	23.826180	7.144080	-12.632912	-2.790478	-15.984517	-2.966685	-12.758697	-13.396648	4.899050	-13.928586	-22.930938	3.562105	-14.101095	16.596186	20.619422	-9.535940	-12.432772	-0.147822	13.020245	-6.406641	-3.792082	-14.965609	9.606539	5.915537	14.375221	-10.860266	1.731999	24.340728	-8.015504	13.761089	-6.366326	-3.962567	2.292532	
-4.509502	16.503883	5.322504	-5.051612	-1.203297	-5.832079	-11.709124	-0.975543	2.732004	-4.073311	7.800331	2.341998	-11.501751	-0.523845	-14.164111	18.386591	11.023204	19.404974	-9.716202	-1.141403	0.274488	-0.386200	7.885893	-16.229134	5.040912	9.495863	5.019593	8.080008	-4.256322	-22.777854	17.142268	7.544978	9.543227	8.301864	21.315415	-0.495677	-0.329978	12.933078	14.130500	-12.090407	5.061243	-0.607016	11.144860	-15.350577	-15.814037	-11.497298	-7.862194	-8.697188	-4.528952	-5.485467	
-7.234053	-8.682129	-29.719728	30.778385	-18.476465	28.696740	12.831009	29.261151	-22.827417	-30.343404	-7.233086	-6.135654	28.162243	-24.760375	4.185878	-17.574907	-19.413862	29.687501	-7.892121	-25.760795	20.191649	-25.147089	-29.751847	17.264704	14.916725	22.252870	0.403699	-13.024181	-19.006357	-19.254210	-31.127546	25.029701	-14.666511	26.431938	-17.984338	-16.364015	20.135743	10.224619	-26.209311	1.816862	27.130313	20.361009	-1.161784	20.662591	-27.688503	-10.198823	-2.835292	12.459594	-19.596146	-0.783554	
-19.187659	24.120357	-18.962265	-23.020518	28.908582	-10.528836	7.461749	26.844339	14.739784	28.102414	29.248169	20.452128	-11.854423	-20.136547	29.308851	-12.203948	26.534299	1.282234	-30.344989	11.307524	-4.696906	-21.445093	28.755887	5.575274	29.773666	7.269135	23.555281	29.120541	1.647197	-0.014564	-26.993604	12.676734	8.293513	0.443627	8.815466	-9.566054	-3.180023	-4.084255	21.380389	26.205514	24.807161	13.168871	24.743369	-27.305216	6.452341	1.632066	25.381953	13.059086	-10.450680	5.317875	
19.936129	-3.710538	7.688823	6.131314	-6.517752	25.081397	28.931980	-24.635117	-11.855276	-24.371198	-7.742555	-6.760580	14.159799	-20.949287	-28.894764	-25.518358	-17.715522	-18.020415	-5.765255	-7.634968	-0.054126	4.276762	19.370972	-10.446080	26.729120	-27.914077	-16.049490	26.619911	-14.836205	-19.709277	-23.875867	26.388071	-26.848571	-17.656210	-10.157050	-19.283229	1.223762	28.408969	17.519710	-28.462071	-24.083014	-4.017099	18.540250	4.419925	10.834106	4.250679	27.061925	-19.252949	16.532513	15.307625	
-8.398121	17.440667	-1.558324	4.671208	10.185495	13.271921	-4.034884	14.457816	-6.471035	2.819407	8.572348	5.199504	-4.239927	-4.955949	15.412225	-14.298331	-13.326302	-11.724967	-7.300085	17.058186	-2.141394	-6.083067	-13.202943	-0.574551	1.500838	-12.839717	-1.533351	16.397592	17.232100	-16.444634	10.100493	-15.988320	-7.332303	9.842222	-0.763387	4.554774	-6.475525	-10.686012	2.847387	-4.145720	-15.576032	-6.677158	8.200738	-17.422965	7.083849	1.642644	3.658436	13.893623	-5.285926	-16.141022	
15.752939	-20.957384	-19.790796	1.411712	-10.601543	5.491793	-8.711556	11.133172	-9.396694	-2.057202	18.061191	14.108211	-5.409386	-15.581297	-22.769821	-1.580210	-5.602358	-5.384011	-21.632691	-9.351336	-4.282391	15.383185	2.375438	-1.853885	-10.293793	-3.343278	11.863284	18.208634	-13.851496	-6.947821	17.124458	-10.110543	17.874389	1.713516	2.541586	-14.533613	-6.673647	-19.197666	-14.014721	-2.112546	-3.783879	18.069372	-6.162415	-11.606403	-0.094324	-3.248959	-5.793446	19.877206	17.698313	10.420672	
-8.538666	3.782345	-13.269413	10.874378	14.249099	-0.689991	-21.734616	-6.487344	-11.877505	-21.350677	-16.730326	-15.705641	12.804496	-14.006550	2.258973	8.549454	-14.165104	6.697397	17.029492	8.618028	11.846612	-5.883966	3.661474	22.578764	17.196790	4.189586	-9.350107	11.586974	-12.652556	-2.645201	-20.173339	0.076863	-4.018155	-1.600121	22.558790	-18.760096	19.237148	-10.397806	-6.521334	6.736982	-10.595300	16.498622	-21.780073	8.868203	7.340900	17.022358	15.172949	-8.360227	19.040785	20.385200	
27.542151	31.401771	30.993389	17.699696	13.765683	24.341032	-5.987559	-28.501117	31.892000	-11.032117	9.618364	24.282656	-24.966282	-3.590987	-0.154283	9.723790	10.540509	0.680629	-9.737898	-29.676994	-1.576584	11.892544	-20.132750	-18.167071	-0.178791	-15.767301	23.717639	29.832306	17.427509	-29.563748	-9.540069	-5.923171	-10.697798	6.586470	-21.945902	6.417315	22.195126	-4.720244	-10.093206	28.089620	10.828110	26.199186	30.886570	-17.453389	-25.990030	-11.720466	28.389627	17.644202	25.311798	-4.623164	
22.640965	20.468054	6.112179	7.277978	11.686660	5.145296	-8.776220	-17.620746	0.636303	-3.947945	-16.054155	7.352473	3.831045	-9.756478	10.785436	4.031781	-11.017839	-16.994310	19.903500	-6.834738	20.716914	13.495842	-23.038027	-2.999232	-17.944030	-16.849246	8.347356	-17.299463	25.913351	0.445304	25.788684	3.938416	0.866134	0.538332	1.686431	-23.070876	-14.879234	6.471070	26.374309	21.537151	-12.836410	17.676843	7.707693	-13.657330	23.718385	16.441027	-16.608627	1.044100	-11.348688	-15.121968	
-12.406191	-7.748957	-14.622962	17.615283	-0.503134	11.901821	-23.173015	-4.056090	21.099690	-5.151131	9.340098	7.178281	-15.032232	17.625506	-16.491091	-21.835264	6.412894	15.121374	5.076278	-19.372828	-4.244913	3.924955	-12.249587	-1.002309	-9.054201	-22.226058	-3.076390	18.535261	22.386008	16.548042	6.897960	13.847518	-18.839281	10.050312	-22.533287	-3.887991	-21.806511	1.639580	22.648635	3.743438	17.195389	-4.788620	4.389836	23.568406	-16.028930	-4.050237	-16.787337	-12.989411	-8.475754	11.870991	
0.904521	-22.259641	18.573606	20.369689	-15.707809	0.401759	-22.175166	-21.323672	-2.022685	-19.190289	-19.615770	-1.786863	12.497060	11.922935	-22.384949	1.706432	-22.685721	-20.537685	12.369149	1.218682	-7.116532	-18.999637	-6.073097	-8.868448	-9.516279	20.904596	-13.812149	-4.540408	13.953724	21.925277	5.323012	-14.857117	-8.627045	4.062451	-5.360285	-4.394861	-9.378744	8.441552	-22.961962	20.637094	21.597536	-6.197119	-12.167750	-19.330079	20.193716	-19.839655	-17.198263	-18.618882	4.835456	-6.047492	
-1.478502	-9.044631	17.222621	2.496918	-7.528536	24.799229	16.884422	20.213737	11.885442	-0.367059	19.449317	10.876846	-7.234104	6.617869	-19.843327	8.797954	-14.839759	-2.185772	2.638437	-17.285127	-1.457897	-21.346283	6.665381	-10.860047	-15.457178	12.320739	-13.951819	0.376427	23.579903	-16.052163	-4.860172	15.143848	-24.249524	16.442804	13.917602	11.588890	10.751481	-23.075634	-8.659095	-12.644869	12.653154	-4.410745	-11.584845	14.699300	-22.490520	3.611324	-15.474781	25.407142	-7.938366	-22.063166	
21.051116	-21.952922	8.343567	-7.900891	4.777954	10.952751	5.457710	-14.264015	-9.655946	19.831403	-23.701525	-13.047351	22.050317	-8.481160	-10.642925	0.607358	-23.933204	0.799124	6.916794	-13.439857	7.648815	10.047373	-12.946355	-19.056608	-8.703040	-14.010510	-1.803902	3.229545	18.092078	9.272491	-8.537891	21.073369	-18.217533	11.050804	6.847432	8.609677	-6.580974	-4.181151	-20.338033	3.553325	-0.474282	4.026547	12.302342	-13.343647	3.311315	6.908120	-10.412201	3.558404	-15.766447	21.442456	
20.059011	-5.510802	-4.163085	18.859672	-4.673656	4.489402	-15.815122	6.579391	-8.785549	1.983826	0.512678	-12.406859	7.247790	20.779468	-22.988224	-3.421816	22.067789	2.817352	-10.883981	-17.020550	11.091607	11.240819	11.142615	12.311355	-22.956769	-7.475746	-12.932235	21.730878	5.157411	-14.472090	-4.885691	20.919702	13.397137	-7.967162	-15.857560	14.797483	20.017177	18.644407	13.529944	16.199908	13.946107	-13.854602	-0.634615	20.034912	-2.154102	18.599001	-10.171035	-3.233372	13.377662	-18.499093	
2.804534	-15.830559	12.122048	-10.051263	-17.253926	-9.592930	16.353284	-6.984764	-2.420806	-9.501328	14.706462	-17.241601	-6.033158	3.055365	-12.109071	13.700839	6.654687	-15.818826	2.769899	-3.670351	14.245293	-4.348068	-9.414072	15.146449	18.126742	-15.644598	-19.303628	-18.846397	0.158725	-9.783332	-14.795100	13.706426	9.766824	-19.762770	-16.132807	2.433852	2.998820	0.099187	1.789834	17.498213	-8.035503	4.214052	8.447001	4.846643	-20.891758	-12.993258	13.079374	9.308665	7.227270	-4.350806	
11.386549	11.520030	6.139722	-18.772689	20.708625	14.231087	-9.356503	-24.063021	20.527064	-0.176295	-22.789761	-11.724879	-5.935470	7.096478	-6.172132	6.998896	-0.585542	-8.764442	15.446742	-24.971723	-7.702111	19.687807	22.145077	20.484404	-24.722399	14.722065	3.976931	-2.409721	5.170763	24.350876	-15.015066	21.639566	-20.213154	-18.717836	13.882949	-1.252761	2.732832	19.699601	-6.490400	-17.528841	5.684036	4.885453	-5.001540	-1.853032	-8.818765	3.088829	-5.504283	-23.975878	-5.104270	6.112991	
12.197395	-6.914912	-9.609687	-5.273616	-9.645245	18.289946	-3.573033	21.709711	-18.596655	-2.475021	-19.008244	23.944258	16.199107	20.938530	-10.638073	-9.923308	0.630240	1.686328	-8.880183	23.260676	-22.065346	-19.149473	17.378095	10.421948	2.724816	-21.580340	-3.540216	-20.026374	1.640867	-22.854483	17.667863	-5.482417	21.020947	-21.464875	7.583708	-5.504304	-22.538507	-8.291387	21.905662	16.730119	-14.975956	11.775240	18.002674	-11.874884	-23.446597	15.538510	9.938259	23.505176	-12.685549	-23.773112	
4.302131	-8.262877	-24.247883	19.906989	24.215435	-18.865573	9.051283	-17.382653	-21.163806	17.404011	7.645102	-20.103940	-18.820792	-9.884994	-26.527769	-21.300251	-6.466243	-6.925667	-14.060887	-12.184171	-9.634319	13.477909	7.362684	-13.173244	21.103808	-19.854754	17.668947	13.124055	-11.493645	-26.196997	-4.321072	21.307085	-17.275211	1.940388	3.260805	9.822646	14.591136	-17.127539	18.455917	-11.229018	-15.437439	-18.872344	-1.220897	8.717672	7.733500	-20.590151	-19.959812	10.904091	-4.230947	-24.354638	
-3.011233	-10.561896	6.828266	15.076750	-4.840926	13.299680	21.350645	-17.198259	12.430193	18.360433	-13.656019	4.548738	18.992688	-5.423729	-16.353273	14.699856	10.962032	-2.140524	16.344828	11.607976	-23.136880	-8.308434	-10.066474	-20.990336	-0.720555	5.024943	2.448376	-20.799985	-7.551932	22.942298	-3.045142	-12.369399	11.887483	-2.214201	-6.936828	-10.442689	-6.136606	5.207334	-2.681009	-5.192101	-5.103821	-12.069840	21.389932	-23.076925	-17.156779	-18.764077	-9.337610	-7.629019	10.122761	-21.887439	
8.307299	-15.645356	-7.582645	-14.148486	7.142219	8.014037	-1.357254	-3.468713	8.565164	18.865393	21.286059	2.061059	10.947143	5.097918	10.096298	8.322701	14.447812	8.532144	7.456305	-8.521207	-19.552133	-7.880215	-1.306394	7.223046	16.802480	3.474770	7.054608	18.681210	23.229002	-26.589964	-5.747195	-16.281373	-28.153826	-23.591730	27.060597	-1.275609	-15.491755	21.057011	3.771579	10.195492	10.083726	-11.451044	0.739329	-18.578640	-18.911770	27.317993	28.157215	11.537907	19.055912	15.566928	
27.549335	-17.805086	4.876272	-2.458723	-10.245898	14.714021	-7.487640	11.659632	-2.610162	25.092762	-26.201967	-24.497855	-25.047808	-26.204447	12.173348	-24.057854	21.048959	-24.226227	14.696225	16.927702	-2.126771	-17.547617	3.361774	16.320036	-14.924650	-30.108387	-3.665117	5.228775	29.322024	22.151876	18.451013	23.560604	27.657785	-20.249402	-11.227267	-25.971554	26.377570	28.994347	-7.377517	-8.260780	-22.805688	18.707203	-21.814737	15.015663	16.258401	-7.395878	24.257578	30.768691	-4.289060	-2.526895	
-11.621276	-20.136780	-6.165845	24.367078	-24.395433	-26.060901	14.073548	23.585134	17.850004	23.783619	8.528434	-1.940472	-14.249012	9.990907	8.454391	-25.289500	-25.275857	-0.744062	-1.164471	-17.487422	10.501528	6.057175	3.909920	-3.069998	9.493647	-10.650172	-17.504315	-15.125966	12.063011	-7.456390	-16.841008	26.701795	21.318351	-3.288235	0.229382	3.388339	4.598369	-9.266090	-12.955563	-11.576733	26.856504	-15.829136	5.226306	-22.341386	-3.347238	-10.707813	12.437278	-9.856142	-15.192988	20.024370	
-24.726496	2.683396	5.743736	19.608477	24.577927	18.312940	-8.417534	-1.116643	-24.200263	-23.792619	0.006441	-22.131157	15.572219	-4.223585	-7.349162	-5.189440	-3.837146	-17.217554	19.882574	1.955564	4.470036	-2.241028	24.434609	3.455667	5.568026	-3.866480	22.166596	1.405045	0.287638	8.170069	-4.410773	-20.409366	-12.245322	-0.115378	-10.032837	-15.081168	-18.311011	-17.878469	-2.281770	-20.359457	-8.519909	3.888953	10.243118	-7.382536	-12.177647	-24.631584	0.099869	19.440723	-11.536041	22.311649	
-25.957491	21.348342	1.052063	10.927732	-15.243027	9.356249	-9.219577	26.338981	-15.686084	17.093230	27.815412	-11.169111	16.477957	-4.956888	17.189560	-17.674176	-24.555349	3.233352	-9.079577	2.224113	-10.687630	4.001190	-7.190005	16.045759	-6.166248	-3.928463	0.319495	-13.557495	23.455825	6.594817	11.399877	14.990431	16.688717	7.606028	5.525487	-23.916716	18.858919	-24.207171	-17.853649	-22.996343	-7.180932	11.995984	-27.274302	-16.771209	-2.438699	18.402327	-25.634593	24.216272	15.953828	-17.838912	
-2.806164	16.707994	12.883449	2.577934	-2.145478	-21.069755	-14.065341	19.067175	-8.382447	15.178768	-17.957830	0.528042	-1.613968	-18.364109	13.570063	-8.899027	20.884201	13.593124	9.150892	14.304686	-11.447853	4.331642	-17.795568	3.589885	-12.203498	12.692244	-11.687568	-11.673651	-10.099378	9.960220	-15.906777	-12.378629	4.756038	-14.761141	14.624190	13.487076	9.759500	0.575609	21.518805	21.601805	-7.144320	14.560016	-12.424651	10.879711	-21.841048	16.890176	-15.302083	-15.566953	12.370321	17.291039	
2.222906	-6.799018	-7.971141	-13.209624	4.437529	-25.423501	-2.201787	-23.013574	-22.189136	11.008937	-10.082135	23.656116	-19.382992	5.894087	-7.278840	-16.773555	-24.572598	3.076761	23.620662	-8.275223	5.466880	-22.247380	7.833319	5.579417	20.131026	-18.207240	-18.166025	-15.598843	12.907863	-10.100759	6.969682	-25.573827	-7.379207	20.770227	-16.111651	-14.742662	-17.739964	6.355937	-7.698185	-5.245230	-5.740235	14.063143	-14.261572	-19.227838	0.589938	-19.248586	3.096090	25.063462	-16.168765	-7.067069	
-10.424736	13.344893	-8.987468	13.114329	6.119065	13.452975	17.368682	21.783319	-7.674080	-18.709085	15.128426	-0.078289	11.259210	-13.594444	16.241760	-15.177424	-11.472000	19.236761	5.471197	-5.603979	17.208459	5.794527	4.521676	13.951337	15.739178	-3.530560	-16.415028	-11.467266	1.809210	16.118982	-4.752778	-2.084997	-2.986878	-4.470693	12.599709	-6.451677	-20.427356	-7.769051	-21.536675	-8.539507	-4.777810	10.239932	7.247712	13.096586	-16.300773	22.706042	-22.467544	-20.432720	13.789406	11.691032	
15.004395	28.077016	-14.991137	-25.142255	29.766297	28.099254	-19.471537	-11.755843	20.174001	-18.729700	-11.841518	2.348704	-29.431500	14.784276	-8.826382	-18.460387	-23.609439	10.317751	-15.463042	24.780459	13.588784	7.943347	23.727877	-24.248913	-28.177622	-2.366571	-15.851617	-23.967361	-8.061618	-13.461867	15.362978	26.064727	0.344404	4.828001	-17.648690	21.148720	-19.102476	-20.385582	-17.654746	-29.540935	10.328671	21.423355	24.858652	-0.321983	17.307248	-1.674999	27.301518	-21.508014	1.503622	-24.096292	
23.550937	10.243683	-7.737593	19.744701	-12.845112	-25.390639	-0.805198	-8.500427	-23.705951	-16.208243	3.181228	-21.519811	16.087227	-11.742186	-0.972978	-19.719488	-13.470061	23.796785	-12.479730	-10.385748	22.765929	14.721746	14.616118	0.381521	-17.184118	-21.777094	-8.547633	-10.443347	-22.891268	-20.900836	16.279054	9.631837	-13.077101	17.353995	6.324359	8.502841	-10.932836	8.666364	-0.689741	-15.344771	14.212667	24.343438	-11.708487	-17.684313	13.665608	1.366319	1.075850	-1.991294	-1.543996	-25.054097	
23.544706	-23.008628	20.960760	15.498380	-2.561089	1.049941	24.278694	-6.467437	-7.463614	25.292256	-14.794609	-4.644099	-15.658644	13.100659	-11.990405	28.076171	-25.217038	18.902796	14.668516	2.010872	12.561923	-9.990078	5.009115	-0.615218	-4.730314	-2.561559	-13.552558	-8.805078	6.877042	29.906565	21.960628	10.772343	-22.700391	21.675717	1.129421	-20.827916	23.843133	22.752469	-21.241547	14.393901	25.894565	-1.922283	-17.556128	-26.762825	-26.241162	13.624219	10.736277	29.284497	7.003649	6.200266	
4.995402	8.045792	-14.986452	14.096986	-22.966493	28.548773	25.223238	10.828516	11.916900	-23.714080	-15.846123	21.862160	25.612585	19.428776	-24.679593	23.581002	-7.066278	10.597288	-28.840963	-27.007282	-17.815428	5.214399	-20.702098	-15.600726	-18.557029	10.777041	-14.451282	-18.679069	9.855973	-8.977527	-26.313032	6.039683	-4.232264	-25.361505	15.927642	2.888300	7.360203	-8.923402	-23.736326	10.431521	-9.240472	1.721644	-12.527651	-4.878552	-17.679174	-17.091288	18.282351	5.515228	-2.155299	2.309201	
-19.575992	9.971164	-25.380687	13.603596	-26.497068	-13.587350	-25.063327	2.331653	15.676562	2.562379	25.776401	29.469914	-21.792034	31.113002	31.783376	-14.709766	-25.988856	8.870134	25.293967	-15.621578	-25.175721	-29.013001	-21.807526	-17.345888	-18.197861	-5.464979	2.936202	-24.300444	14.033868	-18.552928	-5.703260	-30.023342	-7.816356	7.973011	23.724192	-24.414746	3.542254	13.790830	-7.590317	-19.757179	-5.396512	-3.286990	22.881321	-20.415892	2.312012	-7.126505	29.014563	-19.953126	3.252641	-6.869979	
-4.901056	-18.964640	-17.751478	-12.242857	17.475198	21.533585	22.809230	-0.202296	10.492868	15.662956	0.080379	0.505709	-15.335827	21.502349	-17.074433	-0.590924	-23.261840	9.829219	13.679185	-14.205312	-22.049739	-19.075381	-12.582716	14.530402	21.860949	13.216795	-3.845840	2.934954	-9.657433	14.027677	-20.906276	-1.738066	-13.435998	8.691900	23.633608	17.435576	-7.068901	-20.282429	-20.531404	8.374062	-8.039960	17.264467	-22.027034	-21.375662	2.352262	-17.552870	16.600991	5.723624	14.897540	2.754957	
14.879258	5.013528	3.523517	20.698450	-10.734228	16.305638	6.194431	-16.162155	16.573407	24.751334	-25.282968	15.247339	14.068781	-0.947609	-4.718063	-14.051369	-7.372036	-24.405911	-25.564004	2.061040	17.694177	3.131264	18.282334	-21.961759	-17.620746	-13.519976	8.694782	-14.953298	-20.438165	-26.506933	-18.522769	21.523411	2.112020	-15.176887	14.982987	-13.243296	-25.720869	24.674775	-19.538111	26.208448	11.716132	23.016556	-23.966590	-8.843040	18.351559	-24.062513	-11.403217	20.850870	-18.218821	-18.325236	
-22.244522	-7.188513	18.104114	-4.270196	-17.217111	2.254862	-16.831856	-10.964162	-12.482204	2.066736	23.019950	-2.061292	-23.264165	9.473539	18.790169	9.840895	18.610901	7.599567	-22.783010	-10.877883	-2.505351	-20.154281	-10.000188	-13.866202	-0.765204	3.031275	-17.613501	-10.324844	-3.732564	6.187191	19.542627	-5.294031	4.308726	10.547033	1.661713	-7.337000	-0.094992	-20.271825	2.264366	-17.229549	16.047492	10.456243	-8.291341	-10.719173	-19.150122	-23.975114	3.338800	0.128276	2.536101	6.146297	
21.060241	-15.841750	-10.469421	-0.215078	14.979975	9.184274	-9.776851	22.704828	18.167447	20.961000	6.023101	8.327788	7.692772	20.584897	-4.443334	-1.655620	19.832967	-10.236016	-7.050385	14.885048	-13.741500	-1.566949	15.566882	-14.777577	-1.936657	-5.701655	-3.967163	-21.265009	12.664882	-16.297388	-17.430591	20.395667	20.211436	21.473763	-10.390086	1.240545	14.948296	8.520113	-0.959538	-9.161030	12.618869	-5.772442	-6.720781	22.051307	14.468618	-22.091529	-18.527226	22.006907	-19.308587	-0.092123	
4.392668	-9.909519	-22.072372	7.947790	22.134241	0.570331	4.661970	-14.517495	-2.162817	-3.559745	-3.624670	-9.363870	3.927632	3.985754	-11.297331	16.586741	8.572063	-21.042451	13.787765	-19.936796	1.705427	-12.277801	-20.188533	15.041247	19.088505	19.185195	22.919313	9.633934	-17.382671	-18.788619	19.570981	-9.436154	-12.860583	0.659242	-11.749174	3.397492	-4.321512	17.185217	-21.838633	20.367547	-13.624207	2.145247	3.511415	-14.548434	-17.062784	21.375316	16.863955	0.269301	9.725121	-21.387019	
22.699850	-5.663806	0.286039	-1.936352	12.965837	13.864531	-6.908084	-7.591756	6.755099	19.743875	-7.024120	-21.929161	-13.142799	-10.365058	22.207148	4.920986	-22.194952	23.688056	8.212551	-5.413143	-11.962439	20.777894	0.608919	-4.325119	-1.838352	7.700699	3.400813	-12.197690	2.931367	23.314770	-15.141528	-13.270028	23.525889	23.848689	-5.612976	5.595922	1.321373	19.441107	14.262667	6.701767	13.862875	3.353999	-20.233420	3.274924	22.321378	20.169969	20.105952	6.441409	-1.349825	-15.531255	
-25.281992	8.753249	-25.646910	-12.999656	17.484283	27.443527	-0.414192	-0.465767	-2.752569	-5.446173	-12.088238	9.688335	-2.577141	26.299112	-14.482922	4.203866	-6.110382	-6.553555	27.031278	11.867614	-16.719320	-6.936060	7.938809	-20.895747	-20.969655	-21.940224	10.622211	-17.221824	9.628879	-4.442318	-9.116886	7.344317	-21.342621	-19.250457	21.969492	-15.760376	10.688353	-21.461104	11.683121	-11.989318	-1.804407	21.987307	-27.150478	-0.225055	-11.610718	-23.827270	26.499758	1.444918	0.954305	19.966525	
14.173384	6.114849	6.269555	13.989107	-26.749978	1.496529	13.326027	4.622191	-21.208056	5.698677	17.078589	27.193493	19.396285	4.747850	-9.491780	9.911610	-22.900279	-4.209153	17.313081	6.815754	23.629525	-4.310542	-0.516890	-24.728290	8.487471	-1.420127	-16.287685	-6.798730	22.873397	-25.785461	-7.284796	-26.389329	-22.364544	-13.696892	-1.286973	-23.759050	-13.952283	27.135376	16.226273	-9.806217	14.347981	-8.135207	10.192853	-13.124468	-0.492653	3.692299	14.236297	27.296925	-22.303450	-5.029057	
17.849179	20.103273	10.730457	5.018236	-0.792152	5.541362	-13.643676	-19.515993	-6.183767	20.764163	8.792898	-2.275934	15.010578	-0.205063	8.620571	-18.151579	-2.712617	-6.835561	2.763295	14.569204	-11.386580	-16.789753	13.199344	-19.267388	-4.823985	18.710986	-15.585874	-14.887464	-11.620001	-3.186204	21.052241	-0.987685	1.964141	-9.338786	18.852755	12.043523	-18.585188	20.990596	0.889984	8.165745	0.569846	6.674952	-20.895909	-2.038157	-18.364435	-21.892428	-10.407281	16.507933	11.075391	21.319329	
-16.512131	20.460512	-6.431823	2.655808	-3.471025	-1.135898	-11.769250	-16.301424	2.438844	-11.118292	-13.452319	-22.734224	-8.221883	24.370362	12.489957	-13.130383	4.727390	-24.491660	-9.355495	7.346705	-22.562128	13.063814	-15.670229	-7.554862	-21.359921	3.130717	-15.220475	17.739472	13.545998	-0.043163	18.237008	10.609582	6.103090	5.703521	13.097303	-1.900090	13.424990	19.347512	15.592168	-7.977629	16.740811	-10.472617	10.265091	-1.268452	9.821353	-3.558636	14.812817	-20.234810	14.724153	-3.375883	
-10.356142	5.796622	13.817837	19.964798	22.065794	13.747875	-4.706128	5.869272	18.409582	16.037438	-13.896975	3.196326	5.306717	-3.204024	-20.067320	15.705615	4.891461	-7.779180	2.580523	7.459179	1.844501	-6.546611	8.307702	8.781572	-3.641411	9.405741	-10.547152	18.862030	-19.433738	14.616847	-22.480241	-15.652242	-6.434112	12.148231	-1.565807	-4.596966	-9.188522	-13.949968	-6.807020	10.618634	24.453856	-23.979814	-19.593071	-7.746844	4.238003	12.126080	-13.215548	-7.038423	22.528590	1.313171	
6.911922	-22.588194	-25.287523	-3.563949	-16.748868	4.323499	-21.103921	-24.459341	-19.452349	-18.317098	17.060496	1.487055	-0.525097	-23.942802	-13.784639	-5.031291	-21.913863	-17.398414	-15.537570	9.051578	9.356998	8.305358	-25.843775	-4.732474	-5.782047	5.222428	-0.149911	-23.840470	21.562255	3.452785	14.657305	12.958682	-20.881904	4.764527	9.117510	3.235671	0.174262	-8.429759	10.233429	-7.495297	-9.999700	2.713571	-11.090317	3.201033	3.196322	8.950704	-7.297194	-14.769183	-1.429280	-3.769531	
-19.746548	-6.098484	-21.056322	12.613382	0.520662	-15.640297	23.233645	26.532226	-24.515521	-22.887031	27.827944	-20.514994	16.396082	14.958455	5.249672	1.644380	9.024454	-16.449425	26.035068	10.023234	24.614497	-15.140907	-1.747919	9.632004	19.530899	-24.661515	-12.960444	9.492304	20.405698	-7.291765	1.336028	-9.288925	-0.751559	-6.577650	18.060216	-20.933672	13.324195	-22.018737	-5.374651	10.986120	3.730040	21.092508	25.157556	3.562051	21.610907	-7.730366	4.368509	-17.204174	15.283865	27.013251	
18.863087	-17.116134	3.189733	-0.242279	12.272618	12.756843	4.932464	-16.584059	16.750448	20.926369	-19.670646	10.868757	12.123759	17.852136	-6.422137	5.535910	22.925974	-9.900732	15.902329	10.107486	4.583363	-21.256970	17.760002	18.492990	20.906470	1.140511	-19.644613	12.772092	16.752712	-6.496963	8.879945	-1.539151	-23.233794	-16.411779	16.535465	-1.094516	-4.341476	1.183010	22.905083	-12.299338	3.312874	-19.473472	-19.328580	0.546427	1.198018	8.090244	19.082954	24.614612	7.386429	10.386576	
14.951332	0.613033	6.550296	14.105606	11.313389	-7.591256	-9.608283	-20.219391	-8.393796	-18.520109	0.424530	-13.325160	-16.191966	-21.840097	-19.602792	-16.478978	-4.689914	-7.537650	-5.026587	-4.148741	-19.674936	5.533853	9.803944	14.899146	9.476832	-4.015730	20.122666	5.486286	13.854874	14.547601	-8.953169	2.721822	18.664939	8.373778	-2.665545	-8.258381	16.842836	-3.305711	-11.718104	-20.201688	-13.798636	3.969484	6.298421	2.204838	8.907764	-12.455541	19.311574	-19.378760	-13.058622	-14.556980	
2.778258	-25.989896	-13.030329	25.899013	-21.795702	-2.660257	-11.850911	-21.449512	8.182973	9.039583	4.914355	-0.681624	-18.952584	-12.469222	-0.085729	-17.598918	4.804497	7.195863	-4.959807	20.480938	3.567976	-15.849906	0.492745	13.890244	23.457714	23.259597	-14.876616	-8.521441	0.034967	-23.842727	1.090005	-5.813184	-1.844396	4.053449	-10.219530	10.178947	-5.417657	-21.473499	-5.641036	15.403503	19.143986	3.805283	2.560876	-6.763637	13.244837	14.535469	22.323106	5.448445	-9.790076	-16.048842	
11.885054	11.729513	-4.345178	-5.733657	-0.606260	-1.912354	15.532582	-5.973508	1.030581	11.014155	-15.378033	-7.527530	-19.938702	-13.057217	17.679239	-12.085926	19.480893	19.027299	17.855357	14.976256	-16.654405	-1.863233	9.762100	19.575845	-3.097682	0.247431	12.033745	-15.525146	7.255240	-0.481277	17.799154	-12.529916	-16.040881	-3.450369	13.839981	15.022778	-12.105978	1.655854	10.134664	-0.906951	-17.214418	-9.131830	7.460684	12.753646	-14.901345	20.684275	12.529271	-0.223449	-15.080411	-16.993850	
9.970006	-0.906505	-1.615251	3.626369	-11.567771	-15.214463	-2.081838	12.865700	0.208912	12.078143	5.291365	-7.971857	-5.681150	15.835411	-17.481935	-7.301917	15.303867	1.470641	-2.929950	-15.051921	7.518708	-12.719275	-15.179968	19.926296	18.847566	-17.087693	-12.442893	16.939582	9.640507	3.474750	7.962060	-19.116553	12.292798	-9.772140	-19.060505	14.003028	-5.419131	-16.124936	7.049648	-13.384361	9.318831	-12.417043	-0.249577	19.697789	-17.360969	-16.032230	16.727436	8.330561	-15.167010	-5.394249	
-1.111789	-25.671728	1.888924	-25.506502	16.417933	21.436128	-11.447792	15.905292	3.257312	4.693961	2.373831	16.236029	-4.470611	19.453699	7.460814	5.308626	-11.351016	-12.945847	-23.439184	-9.282883	22.307729	-13.414643	-21.994544	-8.830410	18.516267	-19.044848	16.447559	17.613727	11.333468	-1.395104	14.939731	11.655542	17.006718	-13.378507	4.011773	-21.149414	14.452933	9.238392	14.863410	3.423647	-13.258853	7.629692	1.534415	23.507831	-10.104687	-18.570218	15.258307	-12.481187	-13.113925	-7.962500	
-6.599012	-10.603768	-9.343311	10.076173	-13.657817	1.760997	10.804562	4.677409	-3.260982	-8.204212	12.323628	19.202774	20.705783	14.105342	-18.855760	0.579757	-18.096784	-6.617049	-2.450734	13.394601	1.270665	5.319086	16.843407	-4.729624	-12.480712	9.503837	0.188041	15.700568	13.121981	-13.490786	-18.887278	16.751793	14.231384	-6.342929	-17.913889	-2.641117	-9.925622	-7.988612	19.231619	-10.588801	-14.776135	14.724173	20.867696	1.289329	13.852804	2.596099	-1.369320	1.496517	-3.929034	14.501369	
-20.588442	-20.551197	19.938659	-14.872266	11.073760	-20.080877	12.257862	9.619105	10.334081	19.324771	-17.336189	-23.402703	20.120559	19.279578	-11.534160	-26.018972	19.296724	-26.842769	-15.266519	3.841841	5.522537	8.064416	10.388950	-9.606240	11.126169	25.752121	-20.659832	-13.015241	9.971692	-25.084464	-3.444363	23.211882	3.967054	14.790030	12.345030	2.038350	-22.034428	-6.381934	-11.375947	24.670892	-9.160159	-18.475655	-2.276455	11.167803	-10.012197	-26.983274	15.924728	13.366020	-15.204437	-11.789106	
3.063002	-14.801779	7.083927	-8.374803	-6.212851	-11.559332	-17.883317	-9.129843	-15.374229	-19.590111	19.796402	-0.598148	-7.742393	-19.167555	-6.077827	1.322204	-10.404729	-0.354314	-18.574639	-10.425094	-15.803918	-6.025586	-14.805833	-10.980822	-3.556824	-4.545282	-2.220484	-15.006130	9.452869	-2.578629	-14.114985	-16.656668	11.620485	-7.436042	16.713452	16.480113	-16.210637	12.638585	4.970380	-5.749322	2.961267	-1.555976	-2.951438	14.536564	7.352564	16.644100	1.348233	-8.182366	-11.797890	12.249291	
-12.170651	2.299359	-27.030737	-13.577144	-22.188236	-8.514836	5.996401	-18.347039	8.766795	11.759164	13.125934	-23.473378	17.698872	-6.142320	13.315812	-2.572365	-19.864617	23.364468	-6.181400	2.664630	20.561683	1.458498	16.096821	-0.739308	0.203562	-6.773019	5.746626	23.941519	-1.257444	-24.695660	28.345838	7.200936	-7.894657	-15.167345	-17.865455	22.934262	14.572511	-0.459354	-11.905555	10.920188	-5.221081	-26.590636	28.783021	-2.183408	4.867279	20.824852	-14.821080	-23.031210	2.818130	16.065690	
-1.731858	2.720727	-12.922089	26.644384	-6.561731	15.876412	13.637081	-1.932270	7.445941	8.561593	19.315170	0.443378	-17.232286	-5.395866	26.704599	12.752762	-20.967721	-23.964268	-12.083374	-16.746751	2.088333	-20.811880	-25.148285	8.457393	-10.909519	25.662603	18.187238	12.007455	22.236305	-16.032734	24.805011	-5.588469	-6.796950	6.391712	6.082622	1.302389	14.769875	0.440202	-1.869915	-4.449508	-23.218258	18.116311	-20.230787	27.477335	-19.869933	10.235264	-11.846171	9.184442	22.708948	7.944965	
-13.770086	-18.322384	9.367844	13.591744	9.370366	5.050334	-16.198012	12.468466	17.504400	3.714232	19.631468	-11.649710	1.842189	-23.692077	-15.719406	-21.171928	-27.955690	12.685059	-13.133470	-21.739185	-6.103884	-9.023781	-7.764433	-9.112633	23.371429	27.700124	4.661547	3.189196	26.891021	-5.021755	-20.398882	-17.578011	7.651177	-15.223341	-20.191270	-25.909525	-12.908679	22.997049	17.238294	11.374572	-21.223781	-0.026631	-10.514605	12.270429	15.187930	9.724871	-5.566627	11.617137	21.466252	-19.021297	
-14.310998	-10.325501	-11.388290	-5.057604	8.970006	1.353869	-3.657103	6.084889	11.295711	-3.157410	1.285076	-9.634739	-4.551925	3.640959	7.221324	9.457022	-9.048220	9.201438	-6.280996	0.376202	-8.405353	-1.166070	11.794721	10.463364	-0.031250	-6.643716	4.468027	-6.765375	1.645787	6.217335	3.694678	-13.878024	14.436221	12.283895	-6.356826	6.301754	-13.553857	-10.348166	9.425034	-11.880522	-10.141737	9.456725	10.650359	2.126198	1.716386	4.795668	11.460308	-4.173085	6.903093	2.325829	
5.069395	20.910516	14.457903	11.746232	9.715958	9.217535	-17.065273	26.363255	-4.635873	11.313594	-24.068549	13.832827	8.226056	8.901707	27.195252	2.724564	3.464328	3.894907	-29.943510	29.775924	9.190208	24.756226	6.542004	-28.396299	-27.252395	-7.318326	10.427354	-8.143912	3.361979	-12.436099	-7.126999	-16.624297	-28.070838	-0.063002	-0.113000	-3.614258	-20.219619	-15.893968	-6.621197	13.863861	-23.148897	-8.588995	29.396126	-21.604114	5.941836	29.410522	17.850471	22.441511	-7.220369	-21.900124	
0.864089	-23.127935	17.022671	7.847649	-19.840830	-2.127173	21.435255	-9.638111	3.599519	-7.464552	-19.337520	-18.098749	13.529050	-15.481223	-17.990308	-11.884283	4.167609	5.688347	2.700431	19.907318	-5.991646	-5.998407	-14.883369	17.696770	9.725483	-7.566202	15.775241	12.191060	5.719523	-14.304635	-16.178956	1.831575	14.948893	-20.443455	3.242889	3.454377	-2.867890	8.680628	16.735065	-10.842373	-22.833984	-7.116905	6.332518	1.275854	3.939767	8.122789	-16.823862	7.486098	-15.939895	-20.461500	
22.604607	15.865721	16.057924	23.794784	-6.964160	-3.441702	-23.210633	-8.879776	15.573061	-0.671303	-7.242107	17.693244	2.362407	-11.774061	2.481684	14.160701	22.161574	17.390052	-7.569183	0.962765	14.803278	24.317665	-9.295134	5.703789	24.004015	-11.929770	-17.491073	16.914688	-13.806743	9.756239	-13.783921	-20.811306	2.858118	-17.895094	15.874149	24.579222	-8.723428	23.778352	-22.716614	-9.081494	24.900713	10.627240	-1.699426	2.444261	-8.196006	2.523479	-19.587818	21.917783	-15.490065	-5.864807	
1.066861	11.871139	0.244830	-3.363677	31.912595	-21.982575	-6.012757	-29.138787	-0.771463	25.292831	-24.592594	-9.223826	-29.123565	-25.425073	-26.407715	8.380785	-4.513807	14.195333	7.584076	17.255691	-9.164025	-30.557306	0.468591	-30.628121	11.557628	-11.150738	23.527439	-1.744399	20.658460	-4.823634	31.372642	-21.662588	-8.841888	-5.973002	-17.215808	-19.747571	15.500021	-24.685030	8.179682	23.804623	-1.406700	-21.259964	11.118838	-17.413100	-18.766258	11.465464	11.994634	17.157493	2.801923	-8.428692	
6.494125	12.137598	-7.591308	26.531936	-8.811019	6.052742	13.138928	25.641309	5.355798	-22.214792	-16.298406	-15.692966	-29.892175	-20.208924	20.495024	-18.281766	12.116674	28.561225	10.966896	-25.088973	1.219292	25.602609	10.283176	-29.508896	26.414894	-23.549955	-26.531931	-19.558101	3.389575	-18.309506	21.779189	23.351171	14.373140	6.393153	-13.252057	-3.949349	-16.132540	8.771607	17.542168	18.085896	25.219540	-0.704748	23.310091	-5.719738	-8.351788	-5.747359	29.802133	-16.876140	17.924695	17.910466	
-8.296028	6.862117	-10.971208	-21.040321	-22.459976	-9.787121	-11.003867	-19.208143	-2.832514	3.588144	15.116867	18.049359	-5.163840	-19.310788	-21.834643	-17.699661	15.917736	-13.114687	-1.163548	15.132717	14.060770	1.680757	-2.803841	-16.144474	13.829455	-0.221225	4.332791	2.674451	-7.336948	17.534528	-23.380347	-20.814534	7.733483	11.554225	-6.288367	-0.190373	-11.387220	8.396657	4.459735	-1.565649	11.441751	10.966887	9.983114	17.082186	-13.748730	-7.030638	-1.104987	-6.828049	20.049636	-6.471474	
0.486256	-23.130648	7.426838	-3.596176	-13.057734	16.080095	12.990593	-16.516001	-25.387521	-25.646718	-19.076586	17.167649	6.931357	-25.035848	15.479015	1.769610	21.381819	-19.824909	-5.285718	9.015977	-24.633950	-12.372311	-23.999158	12.534822	7.886684	-16.974513	6.078856	1.961249	-5.872773	14.822668	-9.983156	-7.895386	12.893727	-5.455419	9.575625	-3.285949	-8.102030	16.410674	21.284007	-1.161610	16.746317	12.689243	2.030682	-19.302343	-5.780244	-20.232981	26.574004	-6.503687	-22.406501	20.237119	
8.017374	6.655559	5.684286	-1.901000	15.271113	16.764718	-3.104883	-18.621972	14.623718	24.025000	2.024718	-23.260405	12.793907	-12.306261	9.589993	2.273750	9.592547	7.460852	-16.458512	-4.577175	6.347478	25.339119	23.283425	-24.703828	-18.155183	19.518822	12.568481	2.841742	10.888411	-25.377908	-15.267287	-25.518689	7.528929	-6.867870	15.336472	22.339448	7.066232	22.644075	15.715901	7.043950	9.367672	11.562725	-9.561392	2.201642	-21.948383	19.839802	-6.170299	19.245013	16.449949	21.334205	
14.655676	12.530813	1.904608	-1.045400	-9.745551	-7.044521	-8.467237	-18.239979	-12.916422	9.843803	-0.353398	-15.424295	-4.956343	-0.973902	10.879085	10.409690	-11.669948	-18.945614	12.314161	9.028008	11.611187	6.469346	-8.843402	-2.452729	5.065341	-14.102024	4.622269	-8.344541	6.351135	-3.410108	-6.898428	-11.773315	10.448659	-14.365321	-4.618119	-0.585629	-19.133321	-7.325556	-12.731398	-6.017562	-6.853395	15.050717	-10.060557	-13.979837	0.754603	17.240200	17.301349	-11.232183	-12.213534	-2.615046	
-5.249680	8.127647	7.610124	-6.487639	19.109464	-12.181445	-10.991795	-8.846377	4.081508	10.764484	19.291010	1.715590	16.019979	18.312910	8.276458	12.748940	0.330071	-17.295621	-17.292936	-7.040544	18.201940	0.271879	-18.928386	17.908092	9.074897	8.660709	-11.252915	-18.794302	-4.266172	-10.395481	7.870055	-13.339032	-13.317311	-1.490973	-1.304643	6.735574	-2.548262	-1.928469	-4.311644	-8.631296	13.515684	2.264449	6.786557	3.619108	14.370099	-4.786230	-12.911449	5.069384	19.463285	11.715188	
-8.873350	21.966384	7.802432	3.877143	24.957097	11.950812	-16.844090	19.644743	16.902856	17.550869	22.256957	-14.514546	-17.745137	-30.975409	18.084036	-7.323131	0.269123	11.043733	23.732949	-17.409694	-30.194623	-17.173618	30.117029	-16.038666	-20.894949	-13.344306	-24.665996	7.198333	-6.179966	-28.301837	8.804909	26.518504	15.100990	6.669724	10.244615	-0.754599	14.553720	-18.474134	-23.947614	-22.111986	6.665832	24.247924	0.302462	-21.975693	-3.944144	0.421109	-4.920222	-4.704948	-24.304853	5.777132	
18.073281	19.733883	24.079424	-8.296233	-16.338087	7.728158	-5.136713	-7.586226	24.768254	25.764528	-6.160274	0.408221	-15.206359	7.498307	20.607536	7.772447	-6.809350	-26.371598	-23.035171	-19.703042	-3.671191	-18.785866	2.362940	-22.391780	5.490048	-7.966949	0.280782	6.621827	22.378784	4.118784	-12.511385	25.317458	-25.371541	1.713330	4.724763	-4.766958	-22.978478	-14.497204	22.914905	-15.199124	20.808469	-18.098904	21.666507	-22.843604	1.836854	4.205620	1.333813	11.193521	-6.067976	18.345238	
8.360299	6.250989	14.156292	13.041846	7.939081	-12.583677	21.017843	5.176844	23.492882	-21.555488	16.734449	22.583280	-13.569646	1.429582	21.932129	-0.727823	-10.030533	15.713177	-18.369229	-0.766595	0.556819	-6.656625	4.369197	-23.315500	-6.698259	-4.566443	16.170755	9.744331	2.194947	14.691044	-14.841167	-8.797590	-1.502442	18.019291	-14.187634	25.945674	3.414531	-12.528885	-6.715087	-16.422381	-11.506901	-25.960023	1.822412	22.852837	5.428395	-18.078989	1.592231	13.711494	12.388223	-24.503933	
0.839047	18.654210	-30.585516	14.253272	6.691839	6.426239	19.500299	3.126849	-11.891304	12.124026	8.771376	-29.717619	11.226908	-22.416281	20.355292	-29.244671	11.289481	-30.607021	15.396125	14.997894	-21.495211	-28.057195	11.618247	29.884873	13.743196	21.740242	21.731174	1.116208	-0.000064	25.397289	17.660146	27.371445	-3.153052	-31.879994	3.862276	21.387599	8.711001	-11.304300	-22.770025	-19.359695	-17.602928	13.128178	19.774013	-30.899778	7.832447	-11.762836	-30.379560	-24.421581	-30.309105	5.064396	
10.054100	-20.719237	9.465264	5.610392	4.986344	19.902426	5.931661	-4.116497	7.901045	-17.652858	12.679822	-7.897732	14.522483	-12.853427	-20.943088	3.364814	-2.890059	-17.864248	-2.838931	5.419422	17.219987	-14.264333	-20.992357	-16.867362	4.801820	16.510859	0.091277	18.483062	9.514351	18.985730	-19.479079	3.821061	-19.342625	-17.482211	14.135378	-5.040844	7.168848	-16.726150	17.998599	13.804276	13.738931	20.981366	10.169369	5.719927	-20.176598	0.926322	-3.336422	11.894341	-7.734770	0.036558	
-12.171972	-2.699750	-6.675147	17.913612	-4.806224	0.324515	5.086655	18.812690	7.835414	18.307810	-22.517751	-16.635567	-20.779481	-8.804705	-15.985362	-3.298766	8.378322	-14.068612	-0.427306	22.038724	-19.497440	-22.013152	5.339140	-8.247112	-22.996124	22.048307	-1.572676	-15.841115	-6.192735	17.222085	8.402225	22.314928	22.448578	-12.597483	11.977374	5.670917	-9.878841	14.108648	15.579579	17.402369	21.611880	-21.346047	3.973151	-17.217494	-19.040182	8.800968	19.925423	-18.646541	-7.369643	-3.430486	
-21.731532	-12.137364	-15.267251	17.394422	-0.436015	7.547430	0.170995	-22.223074	-6.017840	20.744921	4.150915	-10.609524	-22.454336	-22.455247	17.700472	16.048286	-23.253276	-2.709670	21.356211	5.762602	23.712334	0.866194	17.836443	12.260527	22.779300	6.757155	-19.102820	-11.876996	-10.375902	-20.960939	23.493119	-21.631893	22.676032	-0.137053	1.236480	16.495076	24.931398	-24.876152	-5.808374	13.191584	0.342166	2.848860	-12.964917	-10.930461	-10.604051	3.915610	11.100131	6.089420	-16.954310	-3.788216	
-1.550315	-8.725752	-17.970526	-15.536822	3.163684	15.255953	17.918744	6.394998	17.480752	-19.790146	-10.909230	4.395829	-0.413320	21.243326	-17.098779	20.715727	17.109139	-8.705184	19.596698	-20.779188	-9.245561	11.153396	-9.695590	-9.817218	-16.806130	0.158299	20.382727	17.344958	-7.541632	-16.715781	6.632593	21.415736	-0.461022	-7.108165	14.542879	3.648709	21.768407	11.719535	-3.490416	-7.852289	-1.285913	3.599788	-18.911261	6.704359	13.632282	-0.116440	-16.671832	12.032443	5.425170	16.492749	
-9.167811	-21.046463	18.493206	-3.992649	-14.829827	-3.056007	-22.644974	-24.045221	-6.167840	1.964547	2.386085	22.341971	-20.683281	-25.858008	20.132899	22.697995	-24.730509	-10.810475	17.713896	-3.784494	-11.071934	-5.690195	-20.529174	-16.811501	-16.807977	-22.128105	-23.912196	5.050949	11.416806	-25.149414	-3.750849	23.368299	17.999072	12.901992	-18.926815	-14.775442	8.699381	23.030486	-25.375098	-13.299405	-21.005206	-6.093696	-18.125102	-11.667880	-19.471106	23.628023	5.185267	12.750049	-20.792783	2.996020	
2.326426	-3.778024	-22.663252	-1.343068	-6.463534	14.016960	-0.259612	-6.343289	-16.333398	-18.520053	23.346243	-19.054313	16.250560	-6.103763	-8.332362	-21.279639	-19.119561	23.752064	-9.320327	-8.978425	-6.521961	-11.399832	5.271743	-10.436162	18.209163	5.766627	-1.502780	5.798069	-19.031109	-10.858629	9.870431	3.062825	-14.877399	22.462972	-10.824437	-22.962662	-11.201179	0.623796	14.169146	-22.199480	-6.342281	16.298617	-24.052836	17.354869	-23.281973	-23.005229	-12.789575	2.936481	-19.087316	13.610855	
0.032810	0.023631	0.026119	0.027339	0.036689	0.001031	0.029085	0.015410	0.006869	0.033491	0.006768	0.015892	0.025578	0.029420	0.005834	0.015125	0.011147	0.023211	0.033570	0.013621	0.025752	0.035170	0.030089	0.018664	0.023051	0.008551	0.008250	0.017206	0.027993	0.010452	0.007589	0.005276	0.008494	0.024262	0.033198	0.032390	0.011388	0.030150	0.005875	0.024199	0.019128	0.016753	0.036183	0.010383	0.010279	0.037598	0.018279	0.018691	0.029245	0.002825	
0.041264	0.038930	0.007018	0.005962	0.016053	0.012428	0.035499	0.024418	0.025763	0.013547	0.014832	0.012147	0.002195	0.007090	0.020775	0.005663	0.023848	0.019320	0.026710	0.013159	0.036062	0.015943	0.016143	0.012864	0.003259	0.003015	0.028706	0.026605	0.040408	0.021241	0.040683	0.023091	0.007166	0.003846	0.037068	0.034003	0.039123	0.008012	0.030807	0.001572	0.011934	0.028225	0.032831	0.010482	0.008006	0.027194	0.008458	0.032254	0.027051	0.017326	
0.025232	0.029383	0.014417	0.021468	0.035904	0.030629	0.018828	0.006227	0.002562	0.007895	0.041966	0.005479	0.034653	0.034984	0.001908	0.002865	0.002008	0.015850	0.013252	0.007126	0.006871	0.024785	0.040077	0.000425	0.003217	0.022840	0.033102	0.007186	0.041110	0.013010	0.018751	0.027990	0.011047	0.036170	0.013285	0.007786	0.009811	0.018920	0.025062	0.040932	0.035377	0.043263	0.029691	0.008775	0.031273	0.014142	0.016772	0.020407	0.022524	0.022763	
0.019432	0.023589	0.011519	0.034050	0.003863	0.028487	0.034296	0.019603	0.012167	0.035199	0.012475	0.022726	0.028494	0.021506	0.014046	0.030524	0.017460	0.017289	0.036656	0.013071	0.006247	0.003976	0.017494	0.036611	0.024610	0.038039	0.031381	0.023972	0.020743	0.008047	0.040241	0.007681	0.027496	0.001679	0.000346	0.015833	0.004837	0.034307	0.025327	0.034928	0.008604	0.016511	0.037572	0.015957	0.021297	0.021402	0.022119	0.005320	0.000674	0.010298	
0.031491	0.022793	0.007388	0.006246	0.033520	0.000978	0.003971	0.010010	0.018050	0.019037	0.004400	0.036679	0.020914	0.027951	0.006024	0.036780	0.005152	0.035857	0.020121	0.039639	0.003018	0.018283	0.024934	0.033990	0.024200	0.007003	0.039646	0.018983	0.024166	0.018798	0.033352	0.021350	0.007424	0.008908	0.003429	0.039218	0.026867	0.014692	0.039684	0.039353	0.009514	0.005608	0.004129	0.008438	0.038365	0.036544	0.009236	0.012307	0.026904	0.014655	
0.001591	0.005761	0.023189	0.030793	0.001206	0.004798	0.006046	0.023451	0.013636	0.039690	0.025512	0.018544	0.025657	0.034853	0.016098	0.029992	0.040362	0.022859	0.033941	0.040285	0.023827	0.001191	0.031503	0.014122	0.001855	0.025710	0.008954	0.014982	0.033427	0.031023	0.031143	0.004280	0.026085	0.009676	0.000243	0.013686	0.037218	0.020438	0.020924	0.034821	0.010382	0.018846	0.002407	0.035445	0.003977	0.038284	0.019882	0.014942	0.018138	0.014326	
0.021189	0.015941	0.035206	0.011332	0.034082	0.023415	0.032530	0.024692	0.003149	0.023383	0.019278	0.001785	0.018127	0.029850	0.001964	0.021273	0.037523	0.024131	0.038346	0.035837	0.032461	0.036273	0.035015	0.025808	0.008513	0.003335	0.030726	0.016529	0.005817	0.011252	0.009375	0.030516	0.022002	0.005830	0.029515	0.015624	0.025389	0.023958	0.008716	0.018760	0.024657	0.010712	0.008022	0.014769	0.022478	0.011296	0.034010	0.017732	0.001827	0.006049	
0.000788	0.032042	0.010887	0.006605	0.011150	0.023921	0.009522	0.012294	0.029750	0.002056	0.005504	0.010271	0.004589	0.007869	0.023444	0.001854	0.004906	0.008972	0.013022	0.036703	0.026509	0.018483	0.041996	0.020164	0.002659	0.032937	0.016465	0.000903	0.018573	0.045136	0.043659	0.020751	0.019905	0.040395	0.038254	0.019705	0.021249	0.018086	0.004512	0.030950	0.029119	0.023383	0.011182	0.037415	0.013713	0.037466	0.033459	0.025818	0.022802	0.028205	
0.012066	0.012640	0.012749	0.006701	0.032357	0.011126	0.022803	0.032422	0.021618	0.032653	0.034461	0.018486	0.020267	0.015271	0.018512	0.024031	0.030734	0.010028	0.031501	0.024317	0.024549	0.034982	0.018604	0.028445	0.004151	0.003178	0.033002	0.017062	0.005564	0.012586	0.006542	0.030630	0.034602	0.030250	0.005945	0.006041	0.006437	0.025734	0.029987	0.020121	0.030966	0.023039	0.027249	0.014847	0.005136	0.022681	0.023570	0.008573	0.016495	0.024289	
0.036462	0.036211	0.017811	0.001656	0.006095	0.034586	0.017929	0.019683	0.003233	0.004200	0.026904	0.024026	0.030260	0.037754	0.008422	0.029575	0.035781	0.026071	0.018354	0.032945	0.034693	0.017651	0.001452	0.000030	0.035093	0.014088	0.008030	0.003705	0.006508	0.029775	0.022387	0.031200	0.008636	0.014235	0.013133	0.016012	0.018645	0.030871	0.015317	0.009262	0.022116	0.021871	0.027597	0.026967	0.017671	0.005792	0.028755	0.035127	0.009483	0.025939	
0.010866	0.014203	0.016974	0.016103	0.033322	0.008631	0.027935	0.035701	0.020886	0.012066	0.028795	0.030052	0.033007	0.004056	0.005125	0.012451	0.002320	0.038291	0.010349	0.005081	0.004066	0.035671	0.024128	0.039719	0.008493	0.037808	0.034352	0.011658	0.018295	0.007623	0.006358	0.028437	0.009214	0.029447	0.024543	0.015250	0.017570	0.026527	0.003020	0.009027	0.026256	0.003198	0.028891	0.035098	0.013625	0.032381	0.039173	0.015253	0.047210	0.001496	
0.001496	0.006360	0.011139	0.027059	0.010875	0.038337	0.025491	0.011136	0.004666	0.029151	0.015306	0.032438	0.039174	0.000069	0.031878	0.019637	0.013928	0.001493	0.023576	0.035092	0.028915	0.010111	0.038539	0.027903	0.021912	0.028147	0.002713	0.015942	0.012392	0.022637	0.040907	0.017963	0.031454	0.007600	0.013343	0.039650	0.036682	0.015738	0.036543	0.028001	0.014429	0.003260	0.032034	0.026297	0.007519	0.001958	0.015315	0.019946	0.005763	0.018081	
0.039955	0.037679	0.008811	0.040830	0.008503	0.035200	0.034905	0.037371	0.013155	0.015203	0.035878	0.032413	0.003417	0.007650	0.013119	0.013184	0.007897	0.033376	0.040974	0.011388	0.035729	0.001175	0.013090	0.013993	0.008324	0.015659	0.031099	0.007493	0.036088	0.002319	0.039916	0.016209	0.025754	0.023953	0.013648	0.007085	0.018720	0.040683	0.018019	0.017881	0.000349	0.001876	0.025625	0.037896	0.021164	0.024487	0.012218	0.006559	0.004028	0.008050	
0.030891	0.028470	0.021338	0.026918	0.027068	0.016332	0.027949	0.022392	0.025670	0.000094	0.005432	0.023707	0.011126	0.023956	0.005265	0.008631	0.019029	0.009627	0.034857	0.006044	0.012458	0.009741	0.020706	0.027610	0.034268	0.017803	0.009057	0.022669	0.026245	0.032587	0.012057	0.034640	0.021602	0.022282	0.035332	0.000538	0.008078	0.023553	0.004201	0.008777	0.031813	0.028518	0.028837	0.027707	0.026370	0.026679	0.026864	0.016646	0.024694	0.002870	
0.018460	0.005042	0.010700	0.038341	0.006730	0.013839	0.021300	0.010583	0.036664	0.041663	0.025013	0.031631	0.043803	0.044091	0.003563	0.026894	0.039243	0.031345	0.028851	0.007309	0.011106	0.015516	0.041488	0.008912	0.019943	0.002027	0.006081	0.027270	0.000393	0.043079	0.014342	0.012901	0.028262	0.042812	0.002999	0.016276	0.035837	0.003294	0.007403	0.042117	0.018352	0.008126	0.003546	0.020257	0.021999	0.014064	0.002402	0.004362	0.007086	0.032682	
0.034061	0.010068	0.012349	0.026574	0.012070	0.007162	0.033515	0.013432	0.019506	0.025835	0.014687	0.005438	0.031354	0.028313	0.018098	0.003317	0.027710	0.017126	0.033369	0.001231	0.025567	0.013760	0.024957	0.033643	0.030711	0.015008	0.008219	0.014622	0.005685	0.014848	0.019750	0.021498	0.026026	0.032620	0.025422	0.013059	0.007619	0.029661	0.037910	0.033115	0.007959	0.000256	0.020401	0.034934	0.033323	0.030861	0.036179	0.009968	0.012333	0.004867	
0.029202	0.017294	0.012340	0.017335	0.025393	0.034294	0.015602	0.009284	0.017012	0.008446	0.008025	0.018838	0.028925	0.024235	0.004107	0.006575	0.000388	0.001162	0.013259	0.040145	0.001932	0.024136	0.029750	0.009398	0.030255	0.032486	0.028292	0.019976	0.030509	0.002360	0.039378	0.004855	0.000225	0.006014	0.027890	0.010558	0.037401	0.036969	0.037321	0.024698	0.016283	0.017834	0.033305	0.005656	0.011964	0.038188	0.038933	0.018626	0.019276	0.033671	
0.015683	0.037796	0.003494	0.003136	0.029721	0.036160	0.033389	0.028529	0.014642	0.020323	0.021635	0.036057	0.019395	0.032042	0.015290	0.021173	0.023430	0.003268	0.011988	0.015451	0.038106	0.015315	0.006049	0.036200	0.008898	0.027348	0.002717	0.010207	0.003994	0.035259	0.034941	0.031017	0.019847	0.032744	0.009191	0.002173	0.033544	0.004180	0.003570	0.036336	0.003963	0.008505	0.014067	0.020296	0.026184	0.022559	0.024179	0.020858	0.027326	0.017826	
0.005376	0.012155	0.042135	0.003625	0.003738	0.004354	0.016828	0.026032	0.044175	0.016634	0.010635	0.008654	0.013890	0.033801	0.019133	0.015512	0.000130	0.022219	0.011618	0.034667	0.003814	0.003602	0.004405	0.003456	0.009523	0.007573	0.005358	0.044523	0.041412	0.023339	0.035332	0.027642	0.029572	0.040720	0.017215	0.046288	0.032069	0.025524	0.000674	0.034399	0.017204	0.014641	0.046538	0.020464	0.028735	0.018219	0.009730	0.020845	0.003914	0.037955	
0.015608	0.032075	0.032762	0.001076	0.017597	0.032107	0.035929	0.011716	0.001894	0.000076	0.032386	0.020008	0.015058	0.001650	0.023724	0.026023	0.002948	0.033913	0.034804	0.014565	0.028043	0.010311	0.027697	0.033305	0.020293	0.021980	0.018966	0.004749	0.009645	0.016497	0.029041	0.003592	0.003329	0.007094	0.036607	0.027989	0.009351	0.022652	0.029035	0.030438	0.006079	0.010971	0.029908	0.027816	0.034722	0.012759	0.027381	0.036470	0.032230	0.005131	
0.037413	0.011282	0.012780	0.027295	0.032286	0.032359	0.019459	0.021378	0.032478	0.006054	0.030120	0.026851	0.015116	0.005710	0.013442	0.039115	0.023158	0.031112	0.016604	0.020991	0.031421	0.019192	0.029332	0.034224	0.007461	0.016484	0.000121	0.036677	0.003929	0.018843	0.010452	0.031592	0.011686	0.019167	0.024110	0.012306	0.033670	0.000002	0.016250	0.029552	0.016050	0.003097	0.037659	0.038863	0.005787	0.021194	0.011441	0.000946	0.017147	0.006337	
0.008900	0.013544	0.000393	0.019336	0.003029	0.017985	0.031493	0.011194	0.019214	0.002756	0.010440	0.023998	0.021820	0.022431	0.012512	0.029184	0.001810	0.015301	0.023640	0.034836	0.009061	0.025752	0.035347	0.020844	0.009796	0.010865	0.001032	0.024408	0.037012	0.019065	0.018068	0.028670	0.028814	0.035118	0.019695	0.028000	0.037569	0.017381	0.021782	0.027268	0.019512	0.016166	0.002979	0.031741	0.013727	0.038538	0.036962	0.032027	0.011564	0.017422	
0.023353	0.023776	0.032172	0.009767	0.006899	0.000749	0.002636	0.039258	0.013750	0.037803	0.018029	0.006736	0.005144	0.028064	0.003525	0.040057	0.019875	0.009149	0.018268	0.041180	0.038635	0.009380	0.010821	0.041084	0.008695	0.031833	0.037368	0.021557	0.014901	0.007673	0.004538	0.039083	0.005128	0.000460	0.034781	0.024785	0.024864	0.017954	0.016562	0.025060	0.039289	0.010593	0.027621	0.034122	0.032772	0.003132	0.007793	0.039823	0.005524	0.003981	
0.020044	0.020984	0.037438	0.012175	0.003249	0.039880	0.001582	0.025310	0.026090	0.001004	0.033784	0.020671	0.024823	0.010191	0.007581	0.007245	0.015886	0.017319	0.036242	0.018476	0.037944	0.013591	0.012160	0.027766	0.004130	0.024298	0.030490	0.009978	0.009342	0.026448	0.038584	0.010067	0.007615	0.016672	0.007472	0.022868	0.022662	0.020807	0.005299	0.021291	0.026279	0.036590	0.020596	0.003795	0.035220	0.029049	0.028961	0.036719	0.012254	0.021076	
0.032672	0.021194	0.002481	0.021701	0.010586	0.023698	0.025487	0.029804	0.020991	0.033736	0.009900	0.011940	0.019195	0.018821	0.027035	0.032058	0.011887	0.019558	0.033801	0.017733	0.022526	0.010907	0.028111	0.017822	0.016923	0.031995	0.022874	0.002073	0.007848	0.021870	0.031039	0.009412	0.022032	0.005685	0.020069	0.004238	0.009047	0.012959	0.033274	0.025609	0.032878	0.003780	0.027706	0.033126	0.014310	0.026558	0.010646	0.033145	0.015439	0.021817	
0.039761	0.018903	0.019470	0.009914	0.006728	0.006870	0.014187	0.017140	0.030852	0.010307	0.021034	0.010780	0.022365	0.033806	0.006434	0.016067	0.016294	0.018313	0.030326	0.009305	0.016370	0.013677	0.011381	0.041533	0.037606	0.007576	0.040334	0.026589	0.016951	0.017751	0.017260	0.002446	0.019989	0.022205	0.036358	0.029886	0.035837	0.006296	0.004198	0.018671	0.014054	0.040197	0.011499	0.025714	0.039686	0.006688	0.009229	0.030748	0.033091	0.007324	
0.023198	0.012268	0.030482	0.023294	0.021905	0.011779	0.000473	0.035959	0.025254	0.028452	0.017076	0.032096	0.001910	0.006429	0.032701	0.030899	0.017142	0.030699	0.000742	0.037990	0.009679	0.017031	0.023673	0.030009	0.027921	0.028389	0.001933	0.005997	0.026816	0.007367	0.021766	0.037648	0.020069	0.021994	0.027672	0.028178	0.026991	0.008116	0.036171	0.028027	0.015781	0.005328	0.027913	0.001579	0.012738	0.015408	0.027029	0.009845	0.007150	0.021035	
0.039795	0.024434	0.003173	0.004763	0.039399	0.038316	0.016168	0.010506	0.000438	0.006523	0.022481	0.030453	0.001029	0.016448	0.012766	0.018847	0.028606	0.028021	0.014590	0.007750	0.005206	0.017357	0.021159	0.008978	0.012042	0.033728	0.009645	0.031968	0.021319	0.031755	0.016298	0.025413	0.040815	0.036426	0.025320	0.021333	0.031713	0.019709	0.014137	0.011121	0.006685	0.037522	0.036467	0.031843	0.020473	0.026566	0.015521	0.018538	0.000072	0.006367	
0.020319	0.007607	0.023071	0.021109	0.008590	0.030088	0.006245	0.028169	0.028443	0.027973	0.016795	0.029069	0.037127	0.038555	0.023425	0.001903	0.002504	0.018564	0.030506	0.023988	0.017347	0.034776	0.005464	0.030933	0.016907	0.037481	0.000945	0.000070	0.004749	0.026049	0.030079	0.016431	0.007824	0.035121	0.008577	0.036703	0.020836	0.006893	0.000625	0.011273	0.029793	0.017482	0.008753	0.014036	0.032964	0.030433	0.028514	0.002787	0.030813	0.031291	
0.026486	0.007778	0.009245	0.033768	0.011086	0.035860	0.000771	0.031234	0.002856	0.016379	0.004245	0.031485	0.032599	0.035362	0.026608	0.036725	0.018558	0.015297	0.019456	0.006820	0.023762	0.025183	0.004889	0.032983	0.021994	0.011759	0.013653	0.015463	0.028294	0.000610	0.000309	0.016984	0.021608	0.023817	0.032080	0.022608	0.005044	0.033903	0.027052	0.022872	0.026306	0.030214	0.019184	0.026290	0.010748	0.016758	0.023736	0.020061	0.003900	0.035316	
0.020148	0.003766	0.017718	0.029454	0.004021	0.034996	0.035418	0.033614	0.027290	0.024244	0.011444	0.033565	0.028366	0.009816	0.012156	0.003327	0.038789	0.021523	0.011267	0.005153	0.002304	0.029339	0.025921	0.023712	0.011015	0.034398	0.011143	0.000176	0.023376	0.028248	0.015595	0.035791	0.017532	0.023082	0.001530	0.025335	0.021017	0.012592	0.004151	0.036430	0.007201	0.018055	0.031758	0.030609	0.031298	0.013202	0.031260	0.019799	0.021327	0.006729	
0.000301	0.024246	0.016032	0.008973	0.038665	0.006801	0.022373	0.033317	0.025818	0.023126	0.015967	0.014785	0.007997	0.016174	0.025507	0.022800	0.036295	0.011965	0.028601	0.010915	0.024438	0.004286	0.029421	0.016244	0.001782	0.003110	0.031999	0.029210	0.035355	0.024254	0.014393	0.033000	0.004962	0.041044	0.024336	0.032198	0.015881	0.004832	0.014005	0.035474	0.036210	0.018095	0.007108	0.015022	0.012304	0.018303	0.002240	0.028331	0.022979	0.028526	
0.027690	0.025405	0.000010	0.040797	0.042545	0.041383	0.031906	0.015872	0.021644	0.016853	0.039406	0.043814	0.013684	0.014028	0.003809	0.001031	0.002275	0.037606	0.009599	0.011289	0.022995	0.029697	0.022000	0.007297	0.023903	0.022960	0.020159	0.013967	0.019699	0.030332	0.002342	0.037027	0.028625	0.008179	0.001213	0.012777	0.035789	0.012592	0.039528	0.025255	0.026150	0.000567	0.020870	0.030269	0.008266	0.007030	0.029007	0.007143	0.009293	0.004423	
0.002207	0.004494	0.000718	0.003562	0.013780	0.033404	0.038685	0.043768	0.006562	0.002616	0.003232	0.029428	0.041287	0.020289	0.024851	0.013072	0.036345	0.037417	0.028645	0.013469	0.006079	0.005842	0.023286	0.014164	0.023813	0.012309	0.015202	0.037978	0.009858	0.041460	0.011656	0.003294	0.021809	0.024152	0.033216	0.022076	0.040562	0.032619	0.002207	0.016873	0.034795	0.006153	0.014573	0.022253	0.029808	0.011624	0.035467	0.022711	0.004100	0.022231	
0.032589	0.006715	0.003007	0.034207	0.024101	0.016124	0.013005	0.027920	0.000857	0.018804	0.008581	0.022822	0.003494	0.038214	0.033313	0.026518	0.030180	0.019329	0.023300	0.036435	0.036098	0.024628	0.016249	0.013653	0.004312	0.024628	0.004209	0.021703	0.023557	0.005717	0.038306	0.030407	0.028894	0.000156	0.032176	0.027433	0.014495	0.001817	0.025142	0.000222	0.006024	0.027832	0.033058	0.016974	0.018356	0.033716	0.002204	0.021081	0.017027	0.030411	
0.021028	0.024199	0.029365	0.005291	0.006023	0.023359	0.039765	0.004779	0.024014	0.024482	0.004957	0.011842	0.035278	0.027224	0.011343	0.011611	0.023908	0.039097	0.033566	0.023246	0.041751	0.011711	0.013046	0.024459	0.018435	0.023582	0.038192	0.031641	0.013709	0.001068	0.038433	0.026442	0.014460	0.001380	0.035641	0.005242	0.008047	0.015033	0.025589	0.018969	0.007552	0.028625	0.002915	0.010955	0.017687	0.009879	0.034822	0.024512	0.019921	0.011925	
0.012290	0.006315	0.036742	0.025343	0.038909	0.012147	0.006361	0.012234	0.010858	0.022833	0.000826	0.020977	0.006821	0.022848	0.012247	0.025908	0.027281	0.005966	0.037340	0.023677	0.022894	0.028628	0.000390	0.015976	0.018037	0.021893	0.016800	0.010074	0.024866	0.034890	0.033721	0.002694	0.001832	0.000237	0.018341	0.019009	0.036454	0.015751	0.031943	0.035125	0.031715	0.036146	0.018986	0.007627	0.012098	0.032799	0.028254	0.013718	0.025857	0.035322	
0.024524	0.003587	0.012159	0.029828	0.031573	0.024368	0.016012	0.028856	0.006834	0.011889	0.018075	0.032319	0.031364	0.035731	0.024476	0.001504	0.031122	0.013153	0.024540	0.029195	0.021132	0.002008	0.018197	0.021461	0.025364	0.017036	0.020035	0.020352	0.020979	0.007750	0.010648	0.024311	0.019882	0.021796	0.033935	0.009237	0.005105	0.003658	0.013547	0.028354	0.017015	0.009109	0.036058	0.027449	0.017501	0.022347	0.014833	0.028086	0.025763	0.025941	
0.001102	0.018393	0.020321	0.022695	0.002346	0.024450	0.036880	0.018932	0.035258	0.011023	0.022698	0.005407	0.024215	0.035362	0.007645	0.027501	0.011647	0.036824	0.031861	0.001399	0.028574	0.029358	0.030126	0.039102	0.027449	0.011286	0.039957	0.004534	0.028260	0.034195	0.036541	0.015653	0.001000	0.018437	0.006666	0.010033	0.016192	0.014679	0.035676	0.011962	0.012270	0.022760	0.002684	0.006701	0.031845	0.020302	0.025611	0.003597	0.030445	0.008146	
0.003333	0.034290	0.018675	0.010817	0.023347	0.013404	0.005823	0.015025	0.033523	0.030560	0.029926	0.026790	0.002598	0.004847	0.020146	0.022222	0.004508	0.000604	0.003546	0.024076	0.030061	0.007744	0.028753	0.023810	0.029032	0.035144	0.002980	0.024841	0.032141	0.038218	0.023206	0.009099	0.016371	0.034517	0.014993	0.007382	0.018920	0.035300	0.034015	0.031593	0.009210	0.018903	0.008648	0.028886	0.020127	0.038629	0.009169	0.032627	0.024862	0.002758	
0.024240	0.040191	0.021912	0.004950	0.000824	0.019869	0.019299	0.025609	0.041533	0.006021	0.015007	0.037980	0.021001	0.005823	0.034753	0.019673	0.040268	0.018177	0.002476	0.039909	0.030785	0.034313	0.000970	0.027789	0.023253	0.029498	0.027222	0.040939	0.023342	0.024728	0.027366	0.033046	0.035804	0.002232	0.014363	0.020671	0.007438	0.000262	0.012881	0.029911	0.015348	0.002574	0.007093	0.007455	0.028009	0.041878	0.000335	0.001486	0.005579	0.003913	
0.022686	0.022012	0.014897	0.013916	0.007477	0.031820	0.003743	0.007241	0.027982	0.020848	0.023342	0.019145	0.034004	0.033189	0.010082	0.002676	0.014606	0.009593	0.021957	0.019176	0.018674	0.020840	0.026611	0.022831	0.004334	0.014227	0.016769	0.002128	0.027946	0.027656	0.029992	0.009888	0.034066	0.014630	0.032208	0.039930	0.033611	0.018590	0.001787	0.035385	0.036281	0.038404	0.031193	0.006242	0.029555	0.011606	0.003546	0.012820	0.014403	0.023453	
0.023663	0.021075	0.022099	0.032181	0.001831	0.026546	0.020182	0.026619	0.026581	0.009940	0.004520	0.030277	0.032105	0.026224	0.010500	0.030616	0.016498	0.020905	0.010789	0.020782	0.023244	0.001612	0.021818	0.015200	0.022110	0.034399	0.013620	0.008817	0.033523	0.030510	0.033990	0.005609	0.027817	0.025377	0.027512	0.026643	0.035594	0.002011	0.028766	0.020863	0.030830	0.027940	0.025071	0.002460	0.001974	0.010683	0.004661	0.011405	0.015734	0.016272	
0.039578	0.001662	0.022135	0.006376	0.030424	0.033260	0.006940	0.013527	0.005938	0.022718	0.010089	0.004803	0.006965	0.005410	0.003609	0.000003	0.008747	0.020369	0.035921	0.044562	0.035262	0.014478	0.001433	0.023725	0.048387	0.024267	0.017956	0.034354	0.029901	0.009456	0.028036	0.006211	0.004581	0.035927	0.032352	0.034651	0.021288	0.004316	0.019208	0.020514	0.026295	0.020668	0.008920	0.005964	0.031380	0.019085	0.017968	0.027214	0.048519	0.024650	
0.026450	0.014966	0.034475	0.035230	0.035103	0.021828	0.029008	0.028666	0.002903	0.006518	0.034523	0.007370	0.026043	0.005626	0.033683	0.014946	0.021785	0.029883	0.017229	0.026020	0.005294	0.026929	0.002221	0.002031	0.024674	0.007834	0.032794	0.031871	0.002932	0.035218	0.025064	0.022104	0.028882	0.006276	0.012524	0.027579	0.024825	0.023262	0.007178	0.020560	0.013398	0.015872	0.027305	0.011518	0.010929	0.016272	0.018529	0.021060	0.020510	0.022300	
0.022233	0.036781	0.031013	0.036252	0.034106	0.025015	0.018285	0.026339	0.027555	0.007829	0.004821	0.001539	0.006813	0.003375	0.030135	0.038632	0.020779	0.018263	0.008003	0.038756	0.007457	0.035632	0.039541	0.035882	0.001722	0.001380	0.023621	0.008772	0.007653	0.025228	0.024017	0.034121	0.008846	0.000497	0.039596	0.039080	0.019851	0.012853	0.021977	0.015978	0.032999	0.008364	0.022764	0.002852	0.004654	0.039935	0.031253	0.003290	0.011482	0.002179	
0.009593	0.017432	0.001452	0.028772	0.029261	0.024669	0.032248	0.008623	0.025336	0.020825	0.035921	0.022525	0.011432	0.015658	0.034486	0.026574	0.020402	0.010566	0.032569	0.004280	0.007118	0.018285	0.013589	0.034174	0.018151	0.024640	0.034707	0.021473	0.012178	0.023892	0.001309	0.016897	0.027343	0.033777	0.008133	0.021012	0.025797	0.020249	0.000298	0.001389	0.021095	0.006046	0.021311	0.027791	0.034867	0.005669	0.021615	0.030703	0.027672	0.026198	
0.025830	0.033417	0.023171	0.037163	0.010571	0.019889	0.037623	0.028063	0.023940	0.012509	0.007564	0.030766	0.023276	0.016806	0.007892	0.006305	0.020707	0.006687	0.032522	0.026810	0.033336	0.031455	0.008657	0.039504	0.006941	0.023034	0.008340	0.012667	0.001915	0.027151	0.031818	0.022215	0.011216	0.007907	0.027657	0.038145	0.004210	0.000559	0.034351	0.011942	0.018371	0.028432	0.034603	0.022702	0.015692	0.008557	0.007613	0.004564	0.013009	0.031923	
0.018420	0.037193	0.009970	0.020336	0.023321	0.020196	0.001598	0.016194	0.035717	0.003380	0.021457	0.022308	0.001246	0.003697	0.015171	0.040219	0.013153	0.002416	0.013618	0.000267	0.002715	0.001107	0.043982	0.021844	0.042255	0.007600	0.008526	0.017796	0.014524	0.043907	0.014847	0.036944	0.044549	0.042364	0.026961	0.012530	0.012683	0.046669	0.031426	0.017305	0.005298	0.004009	0.024474	0.019497	0.030092	0.009838	0.035493	0.010455	0.004409	0.046026	
0.014049	0.025728	0.008427	0.014235	0.021889	0.031374	0.037022	0.007505	0.024505	0.007903	0.038528	0.025871	0.016874	0.034827	0.015998	0.036390	0.021883	0.008170	0.005715	0.037199	0.009143	0.011209	0.037203	0.027335	0.018271	0.018846	0.009893	0.024143	0.012661	0.005910	0.010866	0.010178	0.014463	0.023004	0.020063	0.006736	0.007827	0.033911	0.017444	0.024486	0.016435	0.023100	0.000181	0.035361	0.029361	0.022172	0.033099	0.027831	0.011089	0.023688	
0.005178	0.035883	0.003814	0.032777	0.001427	0.018505	0.009172	0.015163	0.008414	0.012174	0.036239	0.011942	0.004310	0.033207	0.017873	0.030950	0.036765	0.037694	0.024340	0.007141	0.036018	0.047405	0.001815	0.021631	0.044978	0.019339	0.028963	0.012099	0.014868	0.014743	0.042186	0.029407	0.029938	0.033799	0.034770	0.005811	0.010770	0.013817	0.015362	0.006367	0.018914	0.003705	0.015747	0.031931	0.025639	0.010147	0.009432	0.023392	0.010062	0.003977	
0.019161	0.034365	0.011487	0.004217	0.013117	0.031580	0.009496	0.006737	0.033392	0.023096	0.038052	0.014810	0.028846	0.037500	0.019189	0.010442	0.012721	0.017513	0.010817	0.010105	0.023439	0.029275	0.038897	0.035392	0.019823	0.017156	0.000170	0.033138	0.007804	0.012936	0.016816	0.025341	0.017246	0.016633	0.009236	0.027940	0.025704	0.036181	0.012817	0.013149	0.024805	0.023556	0.037430	0.007277	0.004292	0.016945	0.013785	0.038991	0.014125	0.013057	
0.029777	0.019159	0.035754	0.007984	0.009540	0.019496	0.015219	0.003325	0.014270	0.001605	0.034629	0.003758	0.022614	0.027211	0.029382	0.032611	0.032903	0.018655	0.037767	0.014102	0.035738	0.004234	0.031952	0.004191	0.007279	0.025361	0.000083	0.018509	0.015132	0.016302	0.006828	0.013917	0.027299	0.026462	0.011124	0.018999	0.035463	0.018679	0.012889	0.037728	0.021523	0.003505	0.018914	0.028781	0.028080	0.032870	0.018579	0.021835	0.035695	0.012289	
0.035743	0.033635	0.028187	0.033297	0.009229	0.028426	0.005369	0.033619	0.032235	0.006370	0.035485	0.000303	0.009359	0.006456	0.016975	0.017177	0.022005	0.033833	0.021515	0.026870	0.000129	0.005071	0.019648	0.016446	0.003663	0.000792	0.027341	0.006537	0.032749	0.032713	0.028193	0.010415	0.007007	0.033401	0.006086	0.036729	0.014102	0.007140	0.003041	0.026539	0.032090	0.008101	0.002692	0.024957	0.034411	0.038427	0.030016	0.017811	0.020333	0.037331	
0.017093	0.015815	0.004097	0.019573	0.018061	0.015619	0.027353	0.019115	0.000743	0.023802	0.035742	0.004691	0.035221	0.027337	0.007572	0.003264	0.021093	0.023196	0.013820	0.029696	0.016662	0.010174	0.031425	0.005222	0.011230	0.018057	0.003505	0.038359	0.039265	0.031060	0.034747	0.011369	0.017659	0.028028	0.038040	0.038619	0.021209	0.010948	0.020455	0.002375	0.027552	0.034296	0.019336	0.023274	0.010343	0.032164	0.030203	0.001688	0.029720	0.000116	
0.015787	0.029368	0.026958	0.030850	0.032063	0.035327	0.013449	0.021934	0.028126	0.034291	0.005651	0.028529	0.028286	0.012076	0.033833	0.008821	0.022487	0.032644	0.016542	0.013345	0.028170	0.034666	0.033406	0.030586	0.006288	0.001668	0.024495	0.023025	0.032850	0.020464	0.000710	0.032647	0.019019	0.001078	0.019027	0.017554	0.015568	0.005501	0.006394	0.011445	0.010194	0.033770	0.025535	0.017768	0.001431	0.011506	0.015057	0.024581	0.023765	0.001465	
0.017863	0.042022	0.011266	0.037893	0.020369	0.011108	0.004455	0.009856	0.027571	0.027015	0.006182	0.043807	0.034889	0.033624	0.034714	0.019047	0.015943	0.005132	0.009086	0.011109	0.014373	0.011575	0.019527	0.015508	0.033698	0.031652	0.026771	0.043975	0.012235	0.024513	0.010121	0.009309	0.008713	0.024688	0.014124	0.038577	0.020458	0.001775	0.023535	0.035261	0.033459	0.013652	0.010454	0.023766	0.004670	0.030030	0.010987	0.020179	0.008582	0.000882	
0.037312	0.025929	0.001272	0.009643	0.010566	0.011652	0.031811	0.004783	0.021888	0.035816	0.008643	0.010306	0.032803	0.006883	0.020048	0.008151	0.007623	0.014164	0.038727	0.039435	0.033580	0.009733	0.027423	0.036621	0.014943	0.034851	0.009500	0.030247	0.023465	0.030962	0.038537	0.015245	0.007942	0.000585	0.029701	0.009949	0.036772	0.013532	0.004363	0.020630	0.019574	0.014513	0.014871	0.024636	0.015840	0.002939	0.022838	0.021302	0.018066	0.039386	
0.001951	0.001245	0.014832	0.000775	0.002755	0.046584	0.025057	0.013340	0.009382	0.022220	0.005072	0.014938	0.037706	0.038340	0.020187	0.017994	0.031213	0.007574	0.005757	0.039320	0.017159	0.010105	0.003276	0.045582	0.035312	0.006888	0.011143	0.028000	0.030831	0.041522	0.019931	0.010627	0.022016	0.007775	0.014769	0.026475	0.026510	0.000010	0.028996	0.042059	0.036067	0.036739	0.022050	0.005807	0.037620	0.027140	0.004033	0.019946	0.000046	0.025326	
0.020566	0.023187	0.014340	0.028918	0.024521	0.009716	0.015799	0.010500	0.005049	0.016489	0.021204	0.005160	0.031128	0.016010	0.024715	0.002898	0.026540	0.027163	0.028190	0.006312	0.022079	0.019150	0.026483	0.011603	0.026780	0.033020	0.014068	0.005184	0.032121	0.004332	0.032424	0.023421	0.029007	0.028666	0.033136	0.010705	0.025450	0.016278	0.014115	0.024694	0.031520	0.014266	0.029541	0.024549	0.014538	0.005091	0.019497	0.031312	0.011039	0.027525	
0.028546	0.030682	0.002104	0.017825	0.017202	0.013911	0.019010	0.014551	0.027669	0.018701	0.011733	0.017809	0.013548	0.014787	0.047114	0.012627	0.019840	0.013286	0.003028	0.021077	0.003125	0.023557	0.007308	0.040443	0.016012	0.042326	0.011676	0.040842	0.001410	0.022144	0.030330	0.008421	0.000197	0.028524	0.042361	0.000176	0.009936	0.019680	0.044458	0.006937	0.039643	0.026329	0.010602	0.042165	0.017221	0.020745	0.045055	0.030536	0.001098	0.001690	
0.039609	0.018530	0.016842	0.012136	0.014063	0.025376	0.038494	0.028657	0.032490	0.008423	0.033023	0.028839	0.009022	0.037732	0.010305	0.018329	0.004185	0.017303	0.006457	0.005384	0.035552	0.008340	0.028969	0.020657	0.024057	0.014334	0.022540	0.018948	0.001201	0.019977	0.009185	0.039843	0.004088	0.007770	0.017008	0.029397	0.009086	0.025442	0.019818	0.005830	0.010965	0.028792	0.032818	0.038545	0.011830	0.017195	0.023886	0.024189	0.027347	0.017188	
0.009451	0.024994	0.030365	0.021062	0.036678	0.026758	0.020373	0.010106	0.003531	0.003629	0.011699	0.004424	0.026024	0.010654	0.021333	0.030470	0.032085	0.036786	0.021111	0.030781	0.017488	0.024180	0.026789	0.009952	0.018704	0.013307	0.027524	0.035436	0.023491	0.022165	0.009143	0.006809	0.015989	0.014686	0.038224	0.031467	0.002424	0.029742	0.033573	0.036343	0.013125	0.000885	0.003281	0.030524	0.015742	0.000100	0.004859	0.030371	0.024316	0.027048	
0.012730	0.025568	0.016093	0.010486	0.016514	0.010980	0.030986	0.030827	0.016784	0.037859	0.040106	0.024467	0.026197	0.039239	0.019678	0.012866	0.032289	0.025191	0.016912	0.004834	0.013466	0.034545	0.011497	0.032816	0.017931	0.037938	0.021950	0.027718	0.014600	0.023732	0.007848	0.004146	0.002162	0.009333	0.006892	0.010090	0.035717	0.008671	0.037276	0.004971	0.004142	0.028651	0.002135	0.029795	0.015751	0.007963	0.031753	0.021569	0.022793	0.021544	
0.036115	0.004152	0.019333	0.036512	0.021915	0.018746	0.026176	0.003855	0.018617	0.016613	0.028432	0.023804	0.034331	0.014187	0.006460	0.013455	0.008595	0.012490	0.005720	0.028370	0.031225	0.015884	0.004960	0.006078	0.005395	0.036007	0.020230	0.030595	0.024883	0.000987	0.028240	0.022653	0.026168	0.028283	0.013153	0.008181	0.035136	0.017083	0.023674	0.004608	0.031644	0.020279	0.032263	0.029214	0.007816	0.016108	0.015112	0.032603	0.033344	0.020315	
0.010840	0.012854	0.021966	0.017882	0.026214	0.018435	0.008465	0.031470	0.002030	0.033661	0.014311	0.005001	0.037432	0.016108	0.035603	0.014546	0.024478	0.022100	0.034129	0.036976	0.019396	0.004099	0.003746	0.031667	0.017276	0.037590	0.032404	0.031113	0.005018	0.034465	0.000707	0.023821	0.012865	0.026351	0.019870	0.030666	0.036937	0.002675	0.017894	0.002982	0.014322	0.030400	0.030764	0.032291	0.033730	0.001245	0.005384	0.003801	0.027452	0.004568	
0.039174	0.036426	0.003568	0.026115	0.035241	0.023759	0.018818	0.033030	0.009087	0.013168	0.004693	0.032675	0.036070	0.012714	0.022277	0.025191	0.027579	0.010921	0.038484	0.028884	0.010152	0.009912	0.036934	0.026680	0.011541	0.025181	0.002440	0.010713	0.020563	0.030176	0.003206	0.018834	0.000252	0.017676	0.009673	0.017789	0.014215	0.001134	0.012418	0.020423	0.015255	0.031345	0.007192	0.016561	0.027015	0.021910	0.037373	0.015794	0.012431	0.037339	
0.022571	0.032189	0.035208	0.005895	0.023802	0.008095	0.007335	0.034713	0.013732	0.000592	0.038744	0.000273	0.030201	0.023253	0.006797	0.020330	0.033687	0.036240	0.010681	0.034183	0.009822	0.020529	0.037620	0.040107	0.014495	0.013927	0.014023	0.008703	0.022455	0.003789	0.017498	0.016720	0.019162	0.001628	0.002665	0.036879	0.042075	0.030802	0.018123	0.003349	0.027210	0.020410	0.020097	0.008398	0.023030	0.027727	0.039447	0.023990	0.016412	0.000388	
0.031002	0.022998	0.031268	0.012465	0.024074	0.001478	0.011534	0.030960	0.003879	0.016001	0.011455	0.015212	0.021550	0.008546	0.006408	0.031785	0.030968	0.020308	0.023739	0.035209	0.026476	0.033761	0.028600	0.030125	0.025043	0.031955	0.009681	0.026772	0.025424	0.029645	0.032898	0.009095	0.012436	0.032914	0.003140	0.011848	0.030501	0.016100	0.016348	0.007346	0.004836	0.002793	0.020947	0.033199	0.027534	0.028626	0.003252	0.015387	0.006829	0.025649	
0.032793	0.015505	0.019619	0.004058	0.024911	0.003917	0.011680	0.020926	0.006484	0.031586	0.032846	0.020042	0.038945	0.016099	0.032372	0.024840	0.017333	0.032847	0.024778	0.038262	0.026311	0.009952	0.017320	0.020696	0.023823	0.001670	0.035353	0.004012	0.008725	0.033792	0.005862	0.012560	0.024544	0.016015	0.005685	0.008368	0.028147	0.020151	0.008911	0.039613	0.001247	0.008258	0.020387	0.037063	0.013154	0.001075	0.029477	0.030062	0.038450	0.019478	
0.032421	0.011424	0.026910	0.009046	0.001362	0.040891	0.015665	0.029663	0.011665	0.036847	0.002547	0.018678	0.003760	0.023387	0.035382	0.032624	0.004478	0.042003	0.002511	0.011730	0.026152	0.001969	0.042031	0.000969	0.015995	0.038322	0.019605	0.004260	0.024858	0.025518	0.024879	0.019276	0.010953	0.003525	0.020081	0.006573	0.032259	0.012221	0.021647	0.026788	0.017157	0.040185	0.039967	0.013250	0.035952	0.020300	0.002811	0.039770	0.004712	0.015019	
0.034730	0.023029	0.007524	0.013125	0.004095	0.041260	0.020129	0.023731	0.033184	0.012125	0.033000	0.017207	0.031056	0.019690	0.001470	0.007093	0.034524	0.041216	0.006820	0.014512	0.032389	0.030538	0.016017	0.027502	0.003376	0.002230	0.041488	0.024630	0.018999	0.013263	0.033866	0.004055	0.020678	0.026946	0.036618	0.019513	0.038208	0.026396	0.013640	0.038453	0.005145	0.036505	0.010593	0.003758	0.010361	0.015543	0.025332	0.000419	0.000294	0.003725	
0.037827	0.025094	0.018749	0.015246	0.003552	0.023424	0.026320	0.006811	0.019907	0.008930	0.000016	0.025501	0.029833	0.010819	0.019943	0.003762	0.037705	0.034277	0.031523	0.000174	0.028524	0.000213	0.025170	0.021897	0.011079	0.035960	0.014164	0.040102	0.039413	0.005943	0.012460	0.009669	0.029335	0.010376	0.011588	0.006189	0.038948	0.006732	0.041049	0.038835	0.034283	0.015525	0.031090	0.021785	0.000938	0.021300	0.001438	0.027810	0.004699	0.034074	
0.020147	0.017976	0.013870	0.013641	0.029513	0.014624	0.020869	0.000198	0.008712	0.039972	0.026631	0.005274	0.030709	0.037811	0.016475	0.030005	0.040016	0.005093	0.009017	0.017766	0.018064	0.004615	0.016378	0.028521	0.031481	0.037597	0.006588	0.011345	0.001917	0.029068	0.038797	0.036286	0.009753	0.001594	0.022119	0.007627	0.006787	0.005304	0.003581	0.021270	0.003419	0.028822	0.036336	0.032323	0.038889	0.009434	0.039896	0.034044	0.020762	0.019063	
0.015355	0.000052	0.003902	0.001157	0.016830	0.036593	0.017211	0.036172	0.019226	0.030670	0.017352	0.023947	0.013184	0.027856	0.032419	0.011124	0.006234	0.021229	0.033794	0.028878	0.028419	0.035439	0.029919	0.014310	0.026761	0.025489	0.007645	0.025149	0.009166	0.012234	0.022856	0.009776	0.019823	0.032952	0.015550	0.035320	0.000817	0.014706	0.026029	0.035014	0.030739	0.014093	0.010001	0.020605	0.018701	0.006361	0.011117	0.029427	0.014908	0.023489	
0.013257	0.032568	0.024802	0.038065	0.001423	0.027469	0.011106	0.031590	0.024412	0.027078	0.010810	0.002736	0.003937	0.030417	0.037275	0.008446	0.011639	0.031126	0.038020	0.029940	0.004330	0.029992	0.021160	0.010866	0.016253	0.010356	0.010758	0.015604	0.033325	0.031436	0.016332	0.020703	0.023961	0.019561	0.005533	0.030294	0.007419	0.023279	0.031551	0.038182	0.016684	0.003323	0.012243	0.030623	0.014352	0.019597	0.002569	0.009537	0.020582	0.033480	
0.001180	0.004212	0.014810	0.034941	0.025792	0.029242	0.016026	0.025195	0.013519	0.007854	0.024534	0.014005	0.037710	0.032565	0.019118	0.028843	0.029118	0.003843	0.002178	0.015193	0.017565	0.002239	0.012816	0.014509	0.019686	0.016260	0.026710	0.012301	0.029810	0.015438	0.040266	0.016432	0.008911	0.033163	0.011873	0.021163	0.040126	0.034019	0.009683	0.019800	0.008485	0.015103	0.033583	0.042621	0.022661	0.013134	0.002139	0.038239	0.010574	0.030814	
0.022978	0.000360	0.022398	0.001297	0.017864	0.014150	0.007088	0.036174	0.014434	0.028468	0.042092	0.039280	0.017629	0.035322	0.009359	0.005272	0.033857	0.006925	0.001710	0.022905	0.025781	0.005148	0.019135	0.011637	0.025079	0.001528	0.023577	0.032090	0.043792	0.007597	0.007789	0.033445	0.027523	0.030764	0.003110	0.012123	0.007794	0.026434	0.020911	0.041738	0.008321	0.013886	0.012705	0.021140	0.030234	0.012882	0.027696	0.014137	0.044565	0.027880	
0.023220	0.030752	0.030187	0.040199	0.032392	0.004660	0.023663	0.002314	0.016885	0.012242	0.037793	0.005498	0.007667	0.018063	0.027128	0.025461	0.000580	0.001153	0.012048	0.020862	0.008487	0.024229	0.028365	0.017970	0.017852	0.040614	0.026470	0.017903	0.005999	0.010396	0.030545	0.028988	0.030272	0.019124	0.010199	0.025941	0.019853	0.017601	0.017612	0.022489	0.007753	0.035300	0.027796	0.037550	0.010262	0.000044	0.014731	0.000402	0.035214	0.037269	
0.003572	0.009955	0.026546	0.041846	0.014341	0.003672	0.008991	0.032895	0.008361	0.009243	0.011419	0.034424	0.037036	0.034382	0.004184	0.018307	0.022845	0.017578	0.020792	0.026634	0.040752	0.014251	0.019586	0.038603	0.018430	0.023421	0.004641	0.000133	0.019665	0.030696	0.012161	0.023906	0.000055	0.035483	0.031964	0.005769	0.008521	0.033814	0.039908	0.021020	0.020575	0.007522	0.018938	0.012964	0.021597	0.020615	0.001498	0.033089	0.013883	0.039517	
0.001386	0.031515	0.008811	0.017194	0.034964	0.029285	0.037841	0.013365	0.003289	0.007112	0.025167	0.038151	0.000428	0.010276	0.000330	0.034602	0.043195	0.023771	0.027989	0.009836	0.034089	0.043470	0.017160	0.008242	0.002395	0.032244	0.038871	0.045501	0.031701	0.018212	0.008436	0.017713	0.005280	0.027291	0.029030	0.014025	0.018141	0.021135	0.001761	0.025549	0.010697	0.021568	0.001550	0.015588	0.000050	0.029524	0.031307	0.036264	0.013034	0.001666	
0.020147	0.037206	0.005312	0.000725	0.022377	0.005283	0.039847	0.039484	0.021874	0.025852	0.010063	0.039666	0.014376	0.000257	0.034692	0.017185	0.027858	0.004765	0.005464	0.017938	0.026914	0.024224	0.038746	0.012740	0.035059	0.018205	0.018380	0.031142	0.015935	0.005024	0.014500	0.022450	0.029185	0.002180	0.009922	0.002390	0.023480	0.033914	0.027471	0.003330	0.005930	0.013802	0.038423	0.026375	0.004608	0.017383	0.015028	0.022963	0.034825	0.035104	
0.034749	0.019268	0.010345	0.027422	0.006213	0.028896	0.025363	0.028273	0.026558	0.032318	0.021836	0.008704	0.010462	0.019022	0.004707	0.027230	0.027705	0.001710	0.019243	0.032827	0.018583	0.014956	0.003428	0.024706	0.029297	0.023966	0.033919	0.021136	0.025931	0.015901	0.012902	0.037699	0.001832	0.027497	0.030333	0.037661	0.014561	0.012278	0.035981	0.020711	0.010476	0.016218	0.024602	0.002190	0.018249	0.000627	0.027783	0.004700	0.037694	0.001333	
0.023853	0.014666	0.017342	0.005274	0.034977	0.027726	0.035447	0.025220	0.024475	0.013763	0.016495	0.021723	0.026539	0.007538	0.008721	0.000798	0.015103	0.030253	0.015707	0.025000	0.038778	0.000512	0.034207	0.022216	0.004849	0.036257	0.036725	0.014008	0.006871	0.027954	0.023939	0.034720	0.004953	0.025393	0.029673	0.020376	0.026823	0.021902	0.030635	0.023367	0.013217	0.008281	0.000051	0.026903	0.030180	0.030289	0.011684	0.020525	0.000490	0.003603	
0.013540	0.022545	0.007557	0.009143	0.018846	0.030672	0.022600	0.020900	0.032642	0.020137	0.032057	0.026296	0.007872	0.015725	0.016185	0.021802	0.027313	0.032784	0.000972	0.011165	0.020173	0.029284	0.027868	0.024477	0.026609	0.009373	0.019271	0.030277	0.029505	0.019652	0.021549	0.031102	0.030534	0.020292	0.010426	0.012074	0.004864	0.005666	0.008991	0.004931	0.006266	0.010652	0.014555	0.033982	0.028060	0.004839	0.033230	0.032822	0.031303	0.026622	
0.009561	0.028094	0.021041	0.029178	0.015331	0.028187	0.026384	0.004790	0.013017	0.037923	0.006650	0.009676	0.005556	0.031328	0.033638	0.032964	0.002374	0.016253	0.012678	0.033323	0.001416	0.007932	0.016621	0.000344	0.031280	0.036544	0.002924	0.037934	0.011092	0.030622	0.037836	0.035717	0.029871	0.006565	0.030021	0.017331	0.017386	0.035975	0.030164	0.024726	0.002113	0.002625	0.033214	0.011609	0.005766	0.027924	0.029068	0.001410	0.011662	0.034365	
0.006917	0.004825	0.037850	0.015915	0.002837	0.022350	0.028469	0.018821	0.012768	0.010755	0.030785	0.023392	0.030672	0.030413	0.023786	0.031934	0.012165	0.036134	0.017730	0.021065	0.035142	0.027459	0.032790	0.009192	0.011397	0.013595	0.010151	0.001859	0.032649	0.013416	0.027830	0.009367	0.009222	0.029775	0.033221	0.020151	0.037821	0.034873	0.031434	0.016799	0.000954	0.036918	0.006562	0.001607	0.006798	0.024924	0.032833	0.016651	0.011486	0.003537	
0.012003	0.014610	0.037664	0.036967	0.013168	0.033372	0.026077	0.000233	0.038327	0.028788	0.018941	0.015837	0.024641	0.016562	0.005615	0.002642	0.035132	0.022850	0.014697	0.029208	0.033115	0.016614	0.009506	0.015507	0.019863	0.003917	0.036035	0.008606	0.031908	0.027079	0.017154	0.037793	0.003308	0.004947	0.000637	0.026496	0.021166	0.025973	0.015341	0.015421	0.033297	0.001772	0.033468	0.010702	0.014245	0.032837	0.027535	0.005102	0.027927	0.015396	
0.032569	0.025622	0.004160	0.009870	0.030175	0.001077	0.031490	0.030534	0.029757	0.024309	0.017341	0.017404	0.008539	0.026185	0.035380	0.005000	0.009307	0.016118	0.007144	0.016301	0.018312	0.036709	0.031595	0.028594	0.035085	0.006148	0.027881	0.003343	0.023498	0.012245	0.032710	0.012330	0.005596	0.013312	0.011079	0.024067	0.007562	0.011531	0.014343	0.011504	0.016993	0.025952	0.034955	0.029852	0.019349	0.031315	0.013984	0.021328	0.037925	0.022623	
0.010588	0.023504	0.035311	0.023109	0.005801	0.029566	0.011916	0.017475	0.011716	0.034458	0.037176	0.010871	0.034878	0.022731	0.013990	0.028713	0.024901	0.036191	0.033677	0.003576	0.014280	0.033792	0.002769	0.037322	0.013453	0.014779	0.019497	0.018749	0.034834	0.015374	0.011080	0.021761	0.024728	0.008842	0.006318	0.023380	0.020832	0.017702	0.026033	0.037986	0.008071	0.009292	0.002758	0.001443	0.016337	0.034406	0.012738	0.017293	0.017630	0.026372	
0.024708	0.027146	0.006167	0.031411	0.007511	0.009242	0.007077	0.023726	0.000912	0.002582	0.028928	0.034959	0.013006	0.033895	0.001749	0.029962	0.026873	0.033396	0.034881	0.009147	0.034328	0.004767	0.001356	0.003958	0.025195	0.037599	0.018208	0.024503	0.012944	0.003137	0.012864	0.021939	0.011460	0.032896	0.030067	0.031720	0.028984	0.030584	0.015587	0.001756	0.020882	0.028842	0.010452	0.019433	0.036787	0.028432	0.006054	0.020833	0.031511	0.025644	
0.024025	0.009630	0.012705	0.013703	0.023061	0.019233	0.028049	0.008103	0.001359	0.034661	0.031888	0.020016	0.028301	0.003730	0.000121	0.022647	0.031295	0.032345	0.031751	0.035345	0.007841	0.034156	0.026316	0.007957	0.012222	0.029499	0.020466	0.012102	0.023219	0.005269	0.013076	0.034668	0.030990	0.019136	0.001789	0.002992	0.004606	0.020243	0.036144	0.033088	0.030772	0.016073	0.006150	0.004240	0.036971	0.004570	0.023857	0.028329	0.036202	0.025090	
0.003980	0.008284	0.012939	0.022117	0.036117	0.004819	0.038330	0.004938	0.023008	0.039957	0.026128	0.028161	0.031010	0.026553	0.007389	0.018521	0.026666	0.008439	0.026897	0.012561	0.001026	0.040105	0.030123	0.032229	0.034524	0.035863	0.006650	0.026270	0.001012	0.023393	0.014913	0.001053	0.025316	0.010946	0.005859	0.021203	0.040780	0.005771	0.019124	0.010080	0.022840	0.000838	0.033078	0.003802	0.038764	0.031590	0.026106	0.025998	0.016273	0.007658	
0.034100	0.019006	0.018050	0.015947	0.017539	0.020172	0.014542	0.033837	0.008055	0.017606	0.025121	0.027214	0.030202	0.002251	0.017062	0.016422	0.032720	0.018372	0.037067	0.038614	0.022177	0.033679	0.011426	0.008295	0.026737	0.038456	0.034661	0.013293	0.025331	0.012001	0.029916	0.003453	0.000020	0.014215	0.002049	0.037062	0.019092	0.014262	0.008555	0.039938	0.010004	0.025549	0.000314	0.013504	0.011745	0.032581	0.033296	0.014608	0.013692	0.006192	
0.024188	0.029576	0.007707	0.010147	0.022051	0.008345	0.030145	0.001363	0.005860	0.005270	0.009081	0.007254	0.032708	0.013907	0.030684	0.004571	0.039773	0.038694	0.025921	0.018689	0.024636	0.016687	0.021882	0.022900	0.038032	0.006123	0.006004	0.024615	0.017368	0.016264	0.034357	0.023288	0.036163	0.009003	0.024198	0.006554	0.000258	0.013143	0.038639	0.028757	0.028746	0.021459	0.001332	0.027089	0.027762	0.035308	0.012078	0.013783	0.020479	0.037153	
0.021710	0.002330	0.022112	0.030722	0.040037	0.028645	0.020572	0.000787	0.010787	0.042576	0.016394	0.017969	0.024995	0.002411	0.007101	0.019911	0.038539	0.025538	0.042009	0.020615	0.039940	0.004456	0.020219	0.013090	0.033112	0.004205	0.032121	0.013169	0.030366	0.009020	0.025435	0.003157	0.043017	0.039819	0.009162	0.031233	0.010520	0.006060	0.031195	0.024510	0.007498	0.032158	0.007348	0.022651	0.006770	0.029757	0.001359	0.013580	0.006540	0.012772	
0.018224	0.007108	0.021503	0.024001	0.023764	0.028070	0.019651	0.022018	0.042656	0.003117	0.023249	0.020189	0.002971	0.005985	0.008452	0.020732	0.036950	0.001822	0.020067	0.010094	0.012095	0.032503	0.008858	0.040493	0.017430	0.000987	0.024780	0.041941	0.029310	0.009377	0.017670	0.011762	0.011570	0.007128	0.003232	0.033919	0.028511	0.022469	0.027337	0.039346	0.031169	0.013173	0.034328	0.018470	0.022956	0.018858	0.016463	0.034436	0.022838	0.005966	
0.035586	0.019778	0.019130	0.028760	0.029584	0.017313	0.003810	0.035906	0.021943	0.025402	0.020349	0.023238	0.030273	0.016964	0.021941	0.004089	0.019352	0.012536	0.010535	0.009880	0.014357	0.031062	0.029862	0.003465	0.008120	0.035309	0.004426	0.022716	0.002190	0.026339	0.029720	0.028514	0.033844	0.015542	0.032574	0.034039	0.014344	0.031232	0.021471	0.024598	0.025231	0.000808	0.014619	0.003458	0.014192	0.021105	0.022748	0.001153	0.035253	0.011339	
0.014867	0.014207	0.026303	0.037837	0.022485	0.027979	0.028029	0.032064	0.021517	0.021257	0.019091	0.011644	0.022509	0.022312	0.020581	0.004447	0.005772	0.002177	0.021914	0.018559	0.019562	0.028582	0.030433	0.008724	0.034995	0.018102	0.031747	0.026557	0.031073	0.036193	0.003251	0.000187	0.033089	0.032930	0.026862	0.021056	0.009871	0.004014	0.024913	0.028117	0.003001	0.010491	0.000057	0.027188	0.020396	0.018398	0.012580	0.033158	0.022256	0.006670	
0.022513	0.004874	0.025459	0.001518	0.035004	0.021039	0.004923	0.034232	0.037615	0.026665	0.008571	0.024424	0.008285	0.006442	0.024321	0.016430	0.023925	0.035439	0.019415	0.015937	0.008002	0.029607	0.016800	0.020342	0.028322	0.007402	0.025678	0.026737	0.028109	0.004702	0.000737	0.028906	0.017852	0.035451	0.019438	0.005002	0.021971	0.032741	0.020180	0.014461	0.025806	0.030938	0.026158	0.032285	0.033507	0.008621	0.020215	0.016430	0.015972	0.000601	
0.32
