50
2
25.477730	-25.199745	4.186903	-25.454868	6.581617	20.303117	-5.786845	-15.901355	0.103797	6.318336	5.526154	20.464386	-24.468151	-16.441488	-14.754233	7.698793	20.026558	-17.558376	10.794788	-18.692953	-4.458292	12.060119	18.767386	13.843250	-20.252696	-16.366070	-18.023669	-3.755141	-22.560467	-21.907144	25.463976	23.400160	-4.372037	-16.650490	-25.677442	-24.345271	-24.672051	-18.477866	24.637265	19.323199	-10.416222	21.834111	-0.887637	16.202619	-10.638761	3.587725	4.393260	8.797468	1.457302	-25.666840	
-23.390597	-2.460045	-17.102341	-12.493265	-14.701846	7.974870	26.576291	5.662464	3.178727	-20.126582	14.652451	-9.199636	4.500883	-17.179246	-9.256597	26.110214	17.467705	22.376359	9.726964	-23.538330	-2.838375	-12.843106	-2.329595	13.359624	10.503081	-9.501310	-21.801405	-3.945576	-14.931969	-1.296864	-8.845255	-19.518580	2.579734	13.010768	4.671175	-12.668181	26.077802	8.343667	-15.107262	9.827028	12.971429	18.246244	-24.112135	16.002819	-21.139208	13.139526	-10.179475	-22.121201	-22.977735	-11.837243	
14.544394	-2.334220	7.327872	20.324320	9.119187	16.249603	-7.498366	19.788283	-6.466067	7.108639	-18.729649	-5.561015	-12.128614	-9.809023	-11.142740	-19.871785	-12.808592	17.213552	14.722735	11.011008	2.716783	-10.413650	-8.695308	-1.183565	4.666601	-3.544409	-6.560855	-19.732781	-2.652020	0.186200	-18.863402	-13.712233	-21.559457	15.056004	-2.475351	-21.644196	-17.578457	-19.064567	-1.162917	8.587823	-1.883544	4.223576	-15.832475	21.872125	-12.559603	-7.057943	-0.017811	3.215580	-7.120177	-2.195029	
-17.870707	8.113516	2.380048	13.056802	21.564758	6.346466	-14.820806	12.592819	-16.138068	16.790072	-7.362557	-20.770358	-9.421569	8.863084	-18.184900	-12.770464	6.507365	7.042928	11.001320	9.984178	16.183092	-19.169781	14.441701	21.473969	-16.892722	-14.094291	-19.091734	-21.384760	2.441351	-4.981513	-1.278393	-4.996382	-0.307730	-13.838296	-1.517522	6.325550	0.825940	13.419530	17.501486	16.884109	-3.292014	18.368949	-10.553785	15.222827	19.282285	0.166513	-21.518739	17.122229	-9.348540	-11.160695	
-9.542895	7.213346	-12.283456	-16.737514	-22.158862	-22.637895	-15.994125	14.292639	-21.614312	-11.447791	-10.384824	-16.581830	-23.971060	11.859452	-1.446775	17.362610	-1.000933	-23.033927	2.941135	12.998788	-21.510047	21.877978	6.977028	-17.960569	20.771400	8.357504	13.247396	17.539132	-17.709440	18.490301	-5.806394	6.440931	9.655845	1.681341	10.265533	-19.169630	-0.610827	-6.355245	4.726624	-18.430091	-9.189634	5.594897	-1.904360	-0.895740	6.826471	-2.291421	12.985579	-20.192402	-15.112234	-9.635850	
23.013820	23.095117	14.838982	-24.216023	7.686009	4.772775	15.203723	20.690469	-5.440661	7.445369	-3.746682	13.473071	13.544102	7.925716	19.654019	23.956066	-25.984218	11.793964	2.888936	-15.313442	22.399338	4.081608	-23.265860	-1.810739	18.991057	9.043121	1.022514	13.013992	-2.611196	-13.859532	24.602283	-20.378442	14.557010	-9.080102	9.865251	24.372430	-2.302768	-14.690065	16.585173	-18.496156	3.501226	-21.580174	9.223194	14.139985	9.532028	15.357684	5.652843	8.008205	-24.489113	-16.892737	
25.950712	-20.074659	-16.846199	-3.705402	-6.530436	17.272370	17.154811	21.595034	7.788421	-9.846054	23.241855	-0.769669	-7.236484	7.707274	-23.920723	9.353485	-10.450694	23.920418	15.172357	16.117432	20.405801	13.871053	-24.897945	-17.804725	-9.860866	-22.671214	4.914306	-26.802800	15.092331	7.553778	-25.777998	6.641335	-16.578241	-11.167417	4.770535	-5.941496	-24.430759	-27.318967	12.860024	20.476338	18.733703	-9.393221	19.493562	-0.437411	18.379787	13.417593	-4.618727	-18.634971	10.188704	-19.766279	
-7.565801	0.485409	-3.805312	7.129908	-22.898132	-1.134889	2.500066	17.426360	-1.687730	8.525747	-20.042239	9.829430	19.285197	-19.383515	-3.134933	2.908713	12.397665	14.911958	-10.982907	7.423010	-18.474887	7.250722	-0.570377	-0.263336	-21.798682	8.072018	7.733899	-10.383961	-17.745446	18.030230	-22.282802	-19.565252	11.262198	10.438730	-13.258562	5.235481	-17.484965	-4.429871	-13.707366	8.595033	22.996607	-8.521606	21.164543	-1.711314	-1.377714	12.203057	5.068862	3.826771	8.477655	-21.386514	
-8.220237	-0.862006	16.757477	13.252024	4.046518	-3.608989	8.485494	-6.947121	2.655933	-15.821649	17.021077	-1.531589	17.160394	-19.471591	-0.090461	-10.656237	-7.247527	-18.720141	-8.056301	5.959710	-8.101884	11.445740	-4.586862	13.927489	-7.873617	7.346141	-12.666368	-0.503492	-14.887702	-13.790400	-13.477273	-8.122637	-6.883461	-7.024361	10.974123	-2.787802	5.158731	-13.879785	-9.407322	0.244938	2.954071	6.257105	-14.246745	2.272390	-3.333193	-7.283475	-12.183475	13.273081	1.636797	-3.019762	
-14.094262	-19.851782	16.910014	15.855470	14.476456	-7.477034	24.365550	-5.339607	6.746609	19.990873	-6.235571	19.242070	-15.402194	20.933958	2.451929	4.287083	6.579904	-1.355275	-1.333834	-24.809573	-0.693648	17.954267	13.854584	21.619115	8.985305	-25.881088	6.695508	21.436620	-12.557890	-16.319978	10.268407	21.444738	-13.169670	-8.968728	-0.630538	12.946285	8.928250	1.206596	11.874417	5.021731	14.221929	-19.450717	-2.385718	-8.620188	-20.808377	6.536779	22.042162	16.356910	3.230180	20.839015	
-14.764836	-16.859271	-12.424319	-9.958744	17.500251	3.132825	-13.961625	13.284460	-14.995728	-17.946198	0.412514	2.607756	6.083859	-3.227352	19.782378	-7.798927	-0.823617	1.191348	-4.517171	3.522581	-11.756729	7.576142	16.011546	19.436163	14.893855	3.430082	3.462734	9.493756	-13.022404	1.000751	-9.204791	12.925903	1.993531	1.373134	-12.432839	-7.551094	8.201575	-11.596234	-18.419439	8.319381	-18.058924	8.826859	9.962508	-16.673704	2.992742	-8.693562	-1.470962	10.559496	-17.360857	-6.883722	
-9.548654	-2.695558	11.230298	-10.207000	-3.318407	17.515745	11.043443	20.776925	7.212451	5.565108	-19.544063	21.139689	15.146026	21.129150	-16.202663	-12.284589	21.691345	0.121335	-4.787020	-3.794617	-10.127961	22.640567	20.376781	-18.680790	-7.034112	4.725442	13.569447	-19.761165	11.152654	10.976009	6.494820	20.152149	-10.311112	2.477246	11.251081	-20.687896	-6.396465	7.419940	17.279329	-21.781289	-18.814404	-9.321492	-1.695943	-10.280479	3.568289	-1.070214	4.201849	-14.667942	-21.259145	6.620465	
12.816503	0.488372	-22.695771	-17.354551	12.763554	-18.754077	-6.309494	-19.378329	-6.479776	21.151957	-10.129263	-1.741475	-13.618482	12.271652	29.815201	4.230800	26.440985	-14.429874	23.916868	1.203570	-12.440837	10.430102	15.326321	-6.553661	0.831897	-1.354762	-13.517327	9.276124	25.121050	-13.676406	-18.272850	-18.348273	-27.924522	-13.424883	-18.778009	-8.539565	-2.084393	7.391763	26.890263	4.461670	-14.563738	13.112763	15.317305	7.167122	-4.466573	2.059838	-28.033634	-6.863553	21.733481	-17.659872	
-4.321598	-0.067103	-11.395021	-16.785316	-9.358047	-2.519468	-19.785770	17.682525	-3.505195	9.919071	-2.046748	-6.798918	-1.948819	13.917667	-16.254193	-0.659534	-3.001422	15.206007	-20.853517	-15.758535	5.595986	2.505412	-15.648478	-17.869655	-4.821763	-5.086456	-0.144800	-19.337908	-19.190106	0.988120	-6.083117	-15.689053	20.561322	19.536923	-18.237345	-5.708527	-5.830128	-13.794361	-2.994865	-16.202589	-4.363279	-20.005870	-10.348433	5.037484	-11.279927	15.476898	-5.259176	7.282517	14.320346	-4.940034	
-2.555434	-6.977134	8.746960	-6.822446	12.689911	-12.623512	-5.070570	-3.349693	-19.407359	12.041791	9.007340	-8.515238	21.823738	-18.263163	-12.967758	7.408686	-21.207216	8.958461	0.220251	6.542085	11.580911	19.374449	-9.441669	-20.469111	-8.336952	-19.480922	13.821851	-1.221004	19.875479	10.659610	-7.659065	-11.020110	8.673500	-5.502505	-8.038850	17.183960	7.440754	-3.526362	-20.907345	-4.540717	9.028157	-10.684355	-2.850170	15.807247	-17.631028	-12.672823	-13.298017	20.430551	7.657158	-15.766413	
24.209654	-18.075845	4.853259	-21.263977	10.367914	10.431221	26.369211	-18.112062	14.492498	-20.163721	-13.470482	-13.442288	0.388402	25.839181	6.008693	10.039324	6.798574	-20.888113	22.126316	-11.434945	14.357894	-21.432112	-19.608390	-10.811536	1.821853	-25.372453	2.725798	-9.080177	-22.247763	6.369984	19.476692	9.940452	-18.662090	9.738002	3.837278	-16.142637	-23.380283	18.087996	-22.532988	-11.753439	-25.812810	25.318862	-24.927220	8.694404	23.887791	21.428979	7.002240	1.557660	-0.202910	-17.351881	
20.833755	-17.558946	2.316542	6.271521	-21.693235	18.090792	-0.779271	21.742639	-20.470119	2.463624	2.231643	6.129049	13.277323	12.600745	21.683882	5.423923	19.407958	17.438913	10.897427	9.881140	5.285505	-11.836022	-7.430333	16.804555	-12.962921	-12.399266	12.027134	-6.054484	-20.688534	11.058480	-1.210914	-18.334567	-7.390103	-10.644692	-13.203677	-5.256223	-20.408537	15.101521	8.933213	-17.056174	-6.652084	-0.179014	-15.218868	2.993300	-15.148553	15.313958	-15.471513	3.174123	20.226541	3.669155	
-5.849773	-3.418299	-17.887511	-13.675198	22.594237	11.540277	-7.480457	-15.575666	0.170618	10.717676	-0.648180	-6.896858	10.753501	15.681772	9.899354	17.957035	-3.917493	-8.060154	-12.189942	-16.312530	20.576235	-2.805182	4.566587	-0.500198	19.337100	-7.123811	21.789875	-20.370466	12.319663	16.426520	-15.268498	6.048923	-13.199021	-7.387536	19.952349	-22.687352	1.171314	-5.742083	18.766313	-11.580231	1.704110	-5.713944	-21.747746	-1.161436	-22.307497	-11.879177	-4.493782	8.377219	-17.280147	-19.341794	
25.482493	-6.408335	8.703240	-11.549389	25.175963	3.356564	-8.367834	23.129535	21.546527	-7.862302	23.792684	10.237869	-9.885806	-15.655723	2.204129	12.815691	-4.873829	-19.836434	-0.077102	-4.818266	-21.966945	-25.747346	-15.219145	-4.388301	5.875095	-3.695346	19.697145	-20.502169	22.502901	0.267359	-3.238966	2.267451	-11.971776	-20.553043	-3.325420	-24.240087	11.330126	3.162898	-4.753378	5.805468	-13.506210	-14.322520	-19.347048	23.057384	11.994142	-7.040417	-23.420799	24.551900	-17.795662	-5.088591	
-20.402925	12.310992	-17.891138	-13.251737	17.596559	21.401904	-10.985881	-20.797792	-1.707051	7.233808	-11.850765	14.968171	-4.952216	4.496387	-5.473825	-18.009481	18.483333	7.992199	1.488399	-8.840296	18.756306	17.070267	-9.466515	-21.601053	11.283486	-1.919987	-7.409811	-5.684316	-10.147680	-18.958796	-6.204274	13.198184	16.186046	20.688408	-15.837141	9.123231	8.547591	0.786954	-15.555119	-19.741703	4.101379	-5.561674	0.490722	19.657139	-8.103923	-13.381263	17.491843	3.034167	12.571858	-12.449146	
-24.313589	22.537190	12.661289	18.850648	-1.200559	-13.747281	-19.342997	5.724952	-4.973162	18.565976	24.086600	-15.034555	-8.852372	-5.952316	-16.982811	6.399846	-14.791775	22.978463	23.963685	-3.428180	16.855022	2.970137	-20.673278	3.221066	1.247121	-17.946677	20.071724	4.407098	13.382346	1.578099	19.677424	-3.689036	9.970577	-1.034904	23.997553	17.337941	-6.632082	-8.725417	1.542855	13.610771	0.865557	-24.565366	3.226085	11.940350	0.888670	-22.022236	-17.009102	2.780254	-23.156526	18.838391	
10.721070	-17.159455	6.294446	1.005075	-4.745050	-17.023114	6.373749	-10.318488	8.019814	13.121936	-2.290983	-3.149766	-14.269115	20.386357	-14.696652	-15.781876	10.309004	10.526939	-9.669470	1.884980	17.848994	9.182726	-11.313086	8.170887	-10.137036	20.672952	0.915868	4.695848	-1.943177	20.606889	-11.733072	-6.621618	-16.302832	0.320950	-17.474393	1.515129	6.584990	-12.801066	11.699450	4.837205	-8.351842	-5.039907	1.117577	0.605958	1.080715	11.141942	2.300075	16.381048	21.081386	-8.822063	
9.569564	3.802868	-32.406813	-30.466165	-24.965625	-19.789184	26.843417	26.729026	8.002222	-14.812017	28.050424	-14.625318	-3.445784	-32.480470	-4.054899	19.810455	4.755923	27.727837	-4.585685	8.435725	10.413025	15.452000	-17.911309	-19.763480	0.349772	-3.568258	11.998080	4.027630	26.723914	-16.115759	-26.428391	-4.869597	9.202190	-9.874681	-20.894053	9.054648	-21.883112	-16.319618	-26.083524	-24.433463	-7.326595	1.244907	28.424832	-30.389628	-22.613316	13.663401	-19.526471	-4.885357	10.415520	16.304148	
-14.638737	3.710382	14.692929	-3.489872	-23.099240	19.637451	-15.299291	-20.028437	14.632673	0.645919	6.972718	8.143389	7.846123	16.754445	-4.861030	4.535656	-10.940424	-13.412988	23.530077	22.341489	13.144562	9.598169	14.655556	6.172557	-13.502238	-3.231757	-9.425178	14.946198	-13.121707	-3.223729	-18.295464	-1.039636	-17.573031	6.382154	11.976180	-19.556149	-23.330806	-23.588401	9.908720	-22.061128	8.531722	4.772744	0.794052	-18.240885	7.673194	5.466043	-23.219622	-2.165321	-16.976896	23.146403	
13.056544	13.449051	23.023876	-17.442390	-22.773746	-16.099352	-3.722994	17.280090	-12.290762	-27.529262	-20.006913	23.292059	6.397753	-27.829771	15.845107	15.250876	1.848352	21.890224	0.907624	28.684251	15.449090	-0.761120	-13.522340	0.779404	-9.726511	28.859385	20.866416	-4.080112	-5.543864	20.589972	11.458861	-20.301666	16.308513	23.735889	22.487591	23.209046	-7.889895	-1.856682	-20.348139	12.042600	17.833723	-14.946357	20.371985	-9.442486	-28.761584	-21.819779	21.046234	28.194841	-12.374212	26.438599	
9.138702	10.411415	-23.058457	-16.381394	-22.552163	-6.889099	10.014620	1.406369	-24.114315	7.617397	27.809296	11.689365	13.082815	26.395486	10.805605	7.074245	-7.053867	9.476044	9.561986	-17.195206	23.638120	-17.419087	-16.828539	-17.140778	-13.505668	13.597834	-21.347892	-19.414621	14.167631	-9.609424	5.395036	-20.251960	-13.359844	17.690016	18.693430	23.417686	-10.562423	-20.121497	-3.588854	-20.508797	4.337689	26.985562	-2.436022	22.924467	-12.143455	-10.622319	-17.816090	16.775724	-3.853067	18.296503	
18.492202	11.063546	18.251494	-19.957241	21.318894	-22.904635	21.441425	-26.159983	-7.588898	21.632425	24.444887	-23.371425	19.134374	5.111637	18.082788	-12.045627	-19.821716	-13.362902	-26.836290	-7.995002	-24.683743	-13.988295	16.396551	9.991933	-23.848610	-26.109310	-12.227100	-23.885092	-4.545672	-6.372986	-6.903718	-12.525197	-15.164651	3.586109	-10.958004	24.768741	-20.952194	13.764098	18.062672	17.974696	25.608987	10.173849	-6.408085	26.833100	-21.358644	-1.078023	25.674304	-11.966094	-26.504167	2.280747	
-7.372597	-7.754622	-12.901325	-16.379186	-18.130702	-5.502445	18.562704	-12.660700	-1.342284	11.460079	11.508847	-1.058721	6.324947	-2.076805	8.626471	-12.809054	-14.188841	-6.568385	-5.147945	-8.449907	2.976415	19.687827	-21.105969	13.249041	2.886628	8.197948	9.823645	-16.680866	-17.778199	-21.321011	13.755531	-7.809424	-21.534265	1.952721	8.184665	8.071218	19.798373	9.183268	-21.040685	-1.675383	14.834898	-5.657386	-13.704134	-10.298501	-1.169343	-21.760212	-14.313184	0.719547	-2.152188	-21.972932	
-18.432020	-17.867056	-3.688560	-4.773252	-18.317396	-19.882415	-14.038302	-5.923644	-1.056195	21.726591	-9.671840	1.113139	-17.484112	11.705982	3.996704	-13.179905	9.091608	0.136624	18.007557	-6.775083	-21.913923	3.347055	-20.680046	20.634880	3.705508	15.215838	-1.269415	-11.267582	20.549429	-18.242905	14.120421	19.497928	-13.091322	-11.664828	3.870239	21.288616	7.717905	-0.069276	-17.060642	12.113158	16.453888	14.373401	-16.696779	3.063480	-8.702469	14.412788	15.935687	12.594927	12.167139	-5.591608	
25.995874	-27.072086	-20.452410	-13.058091	-11.585333	-6.227358	20.463734	7.849008	3.864848	-15.702026	-8.792505	17.082499	-17.323374	14.293527	9.398679	11.110451	-22.481732	7.043562	-27.524682	5.160789	5.747628	3.490866	22.126117	-9.876015	-25.405768	6.141159	-11.208842	-24.298644	-8.092353	17.568057	27.593360	-7.214255	-4.290081	5.516188	15.023310	19.943590	-22.652557	-6.409752	0.665652	8.153233	6.381081	25.541263	-0.314132	-3.486319	3.541819	25.637040	-15.911299	8.538973	13.362629	17.856829	
2.193463	-4.456329	-10.337108	-9.319717	5.246047	19.446877	-21.126671	4.031837	5.531313	7.534389	-12.622295	1.963154	-5.096003	-11.446767	20.400330	-21.041626	9.960119	2.694902	-4.756128	7.270264	-0.158653	-11.017930	17.551793	10.642895	2.967553	14.858124	-17.028690	-3.805500	16.114397	16.865611	-0.975348	-3.189925	-5.893750	-21.908934	8.649270	7.273856	4.335213	8.660343	-0.807556	4.123136	15.302237	5.517263	18.258682	11.965209	-21.573931	5.709084	-8.282135	16.985897	-4.094370	6.818599	
-0.599910	-0.237480	14.453913	-17.763649	19.102149	-1.625455	7.969621	0.162982	3.199240	-18.983129	-6.478622	-7.830407	13.460432	14.101728	1.199932	-19.966940	4.846254	-3.791775	22.992528	-20.210339	3.793712	0.097055	-19.747213	3.486975	-22.096915	-11.230007	18.259915	18.387764	-13.673834	15.827394	13.403998	14.454466	-15.683534	-9.423290	-10.261272	-13.872700	7.784875	-0.321108	-8.979618	20.615048	-9.114756	1.391312	7.319167	-5.839172	2.946147	4.137185	5.047627	5.426645	-13.506383	-19.921475	
16.766173	13.166310	-19.627293	27.827544	17.774059	-15.587542	-7.579416	29.428533	-7.439871	-28.074611	-14.639819	-2.183438	-13.681677	-26.068776	-16.949545	-21.364880	19.195441	-31.363696	-3.904163	18.043033	22.727337	30.512513	-18.996391	8.781791	-29.884353	16.756088	3.500779	24.407201	-14.444831	-21.936699	-4.725219	-11.081460	12.627176	-1.452177	-30.339909	9.811035	26.116641	-10.326710	-3.771391	-14.200007	-21.542980	-9.647222	-3.747522	12.979004	-31.684271	2.526548	31.231139	29.600462	-12.889615	-8.032602	
-21.803262	16.311159	13.554903	-21.481586	-25.182596	14.821797	28.980182	14.796239	25.579599	26.148963	3.320869	7.369166	14.677582	-3.864678	-28.956395	13.982818	-3.902606	-16.753658	-8.046693	-22.677494	28.976691	10.238037	-5.137456	-4.576279	-8.166757	22.050420	13.120663	-18.353877	-7.195776	28.868964	-4.429989	-24.101342	16.907274	17.332303	-20.959049	9.019265	-13.098413	12.728533	7.690392	14.736175	24.174277	-26.522545	14.871287	-17.001449	-26.559511	-22.225233	13.121155	19.389133	-15.539807	-19.494425	
12.032511	4.531999	-10.148922	-13.898048	1.118329	-4.004235	2.164817	10.258444	-10.382572	-9.029452	-4.023112	13.551590	-4.493915	-9.885754	-2.587499	-2.907845	-4.153277	14.203360	6.853028	-2.767955	-2.988050	-7.414087	12.189296	-5.175582	5.513018	-5.145274	-2.576335	0.589858	0.107609	-11.003836	0.123343	4.666823	1.367044	-12.425743	14.888416	-4.757559	-0.526086	-9.378667	12.937576	1.679219	3.350262	3.763891	7.120062	-11.236744	-1.818818	11.957597	8.450688	-14.162917	8.172731	8.993517	
16.569604	-23.518603	11.271646	-6.854024	18.206345	-5.928767	16.986107	13.027008	-8.366553	-0.321243	-7.192021	13.393037	-12.310176	8.834265	-8.652374	-20.686413	-12.176068	-1.231924	18.582481	12.160212	-4.371082	-4.064078	-22.844000	-6.979753	-14.327233	-10.603592	16.159150	4.561713	-14.847666	9.164963	-6.099582	-23.654501	-12.874537	-23.366807	-4.620534	12.478001	-13.365575	-8.319839	-12.736442	-10.243457	18.276574	-0.358578	-16.540503	18.653752	-11.248450	16.024394	-15.703419	3.553082	-14.905721	22.761109	
-14.753386	9.191236	-7.522873	13.470924	-8.331737	4.028525	-26.021901	5.175959	17.156022	26.129945	-7.243899	22.945744	18.842832	8.226248	19.291673	18.165629	0.104257	6.168199	9.326703	-24.294786	-22.163857	-9.850749	23.451650	7.722433	2.633662	8.516032	18.313336	15.959309	-10.250268	23.899048	14.882785	23.278099	3.637783	-4.141422	-0.439916	5.647112	19.900256	-26.681466	-21.908534	10.606312	11.589645	-8.247414	22.496236	-22.503708	-2.014572	-23.786537	10.787190	21.891297	-25.954205	13.498425	
11.004045	-6.909776	-12.171566	20.439674	-16.101626	-19.519054	7.830538	19.452287	-2.833999	0.377142	12.840683	-15.841587	-1.327875	-17.071513	15.747935	13.316684	-6.609634	8.020766	-17.018572	-9.492906	-18.985156	-8.871023	-20.249738	15.716640	-17.421797	21.929318	21.099805	-20.587281	-3.733418	-3.929521	-8.415334	-13.353615	-12.758099	-17.271326	17.570099	6.229580	-6.301401	2.362471	0.537396	17.457952	11.024552	2.074650	-8.477881	5.498661	-12.603279	-13.704408	-4.079951	-16.781618	-13.978616	-8.896878	
-13.820404	23.486469	2.532380	-18.567964	17.761636	5.451394	1.909798	12.441615	-4.483993	-27.827981	25.947371	1.464932	-14.478394	9.904673	25.510197	-17.037941	-10.848644	1.695213	6.393550	-9.668559	18.136067	-24.761054	-17.834520	4.199369	-13.068848	-13.078112	-22.714204	0.388475	-13.018370	1.229088	-11.670327	6.413397	-10.710764	-9.768349	-11.140124	25.802589	6.498929	-24.481737	-22.514251	-21.164304	21.837410	12.883985	23.190205	-8.931289	-27.052218	9.191123	-15.281752	-11.901434	-12.313433	27.713037	
-4.302902	-7.979645	-18.492320	-11.367991	-14.530360	6.134000	-7.710333	-12.869682	-7.775620	7.094214	-16.932981	3.478089	-17.497228	23.727729	10.480488	22.066493	21.685095	16.620918	22.021642	7.420393	15.861797	-19.774070	19.805487	-12.931851	-21.063796	-2.067049	-14.288254	5.423886	-11.806131	-8.761748	9.299705	22.200461	20.316790	-1.484368	5.081871	-18.189405	-10.995085	13.833508	-11.309454	13.714656	21.538196	3.199110	8.401060	10.675609	-8.630327	23.128120	19.893882	-14.881419	-9.126534	21.399252	
-4.289234	7.429041	-10.454567	8.358495	3.677766	16.663627	10.576205	-13.033475	14.832996	12.342984	-16.003773	-20.928636	3.973278	-21.912575	3.029502	-15.758025	19.545461	-20.741432	-19.897324	-18.969468	10.734280	20.994845	15.718900	3.710373	2.653764	-19.461936	-4.686350	16.738883	4.217380	9.394021	20.696929	13.068790	12.109371	-0.482981	10.575967	-14.010230	-13.500822	3.361987	6.168015	12.315959	18.005601	11.622071	6.881689	11.270612	-19.592653	-21.214705	-9.370223	-19.740028	6.972375	-6.816081	
5.875609	8.249570	-24.140845	-21.835183	18.231297	4.430547	-18.421043	3.307730	24.847065	24.116920	1.174825	-7.553816	21.216205	-23.689060	-23.687689	4.972407	-22.810863	-25.985326	-12.612300	21.837335	23.108884	13.636564	0.711627	-3.493285	-4.656901	15.044685	-19.415345	21.388125	25.432447	16.654643	8.639287	-22.461660	6.034947	-12.778270	-21.323679	23.065134	-9.501773	-8.887865	-12.324189	15.861450	14.714907	23.727280	-25.140924	-10.399181	-24.283158	24.647632	-25.181380	-24.241408	-11.624608	-22.836657	
-21.268955	-2.393441	5.812457	20.234661	-6.488769	1.408138	-19.144308	-3.771805	23.982008	5.662287	-13.192884	4.194238	-23.554284	23.980557	21.051846	-11.844048	-12.944962	-12.531856	-0.879906	12.374260	-20.864845	20.423072	-0.066703	18.796466	-4.153432	21.688921	-13.263158	-1.902724	-18.573472	2.482365	-10.170918	-17.212471	4.928714	17.043060	-2.814971	-22.361246	9.823385	-14.218682	8.208840	-13.699180	-15.490589	5.814542	-7.594649	16.904781	16.569511	-18.021147	-5.046315	-19.179588	19.090529	9.156564	
-10.660210	-11.153464	15.420554	-18.464170	-11.154084	-4.819602	-6.615304	7.610308	8.528156	13.298811	-20.976484	-16.053420	-1.357972	-5.276135	-19.047826	-19.835326	4.690575	-17.777281	-15.726233	-9.744789	-5.972901	19.888893	14.178084	-4.900227	15.448171	-17.650149	-14.382891	-15.012983	11.945258	14.886103	-20.911406	-20.891672	9.936229	-10.343580	-7.366458	-1.201684	-5.896499	1.633051	-7.240693	8.127554	19.411162	-1.981833	-5.017113	-7.524461	-7.374041	-3.804565	9.428713	-4.400561	10.469167	-7.591005	
-15.860077	18.382566	14.087739	-3.714814	-6.445261	0.209134	1.466092	-7.790634	17.766924	-3.625852	8.081033	-7.554457	-1.436088	-2.788075	-15.241556	21.661574	19.512449	0.104385	-6.923019	-7.867843	-1.035670	9.461805	7.591540	-13.479700	-7.372627	6.463607	15.645371	-1.658631	4.879801	-5.046215	-24.752802	-8.179748	-2.290269	21.477100	-2.092199	20.061240	23.307490	11.231848	20.777144	0.947294	-0.378972	-18.323437	9.792610	-19.392803	16.671110	15.088098	13.389272	-4.010476	-17.197788	-13.453809	
11.432505	5.871370	-15.724899	8.934253	-12.451285	-16.391522	14.123931	-20.584442	-21.230705	3.766642	21.248166	6.987944	1.655029	17.325378	-16.777610	9.209257	11.952297	-16.421778	-6.783818	-6.227568	-2.161293	-13.684214	-15.348188	1.431877	-10.962022	-16.586966	-12.535259	1.276939	-16.078033	1.265718	-6.672208	-1.540464	-16.091405	-21.343851	-7.190932	10.415194	14.569274	4.069299	2.708626	18.665853	-20.830571	10.796170	5.650179	-19.941008	12.110683	-2.185181	19.147653	-20.263368	-18.476571	-5.475427	
-5.716775	-9.695209	-15.351571	27.305733	-15.957827	26.505337	29.279887	29.892526	18.737686	-22.709262	-2.362933	7.074780	21.837715	-25.224245	-16.083943	3.514465	-26.878543	7.958783	-16.879066	-12.731863	-0.650278	-6.568415	28.950155	-14.194688	-29.740067	0.261359	30.477370	-14.301400	26.931507	27.505373	-26.822121	9.739921	6.137268	-5.815903	3.079522	30.067521	-25.372350	-17.472743	8.574015	-4.234012	27.559577	15.278653	21.776158	31.079318	-5.677017	-12.469348	7.516031	16.339442	-2.219501	18.331560	
-10.766306	-1.303761	-1.970679	-3.570213	12.304602	20.703185	21.194788	-18.003367	14.065162	-13.919257	-20.966386	4.558221	-3.902899	-0.845566	7.026432	-9.064204	5.922204	-17.675697	-19.040638	18.268730	-25.446006	20.248306	9.093142	-16.583805	17.587613	12.613271	6.836381	-21.294610	14.391695	23.057210	-16.702628	-1.892361	4.859896	-0.764548	20.083309	11.594573	4.372865	17.657867	23.541082	12.435259	-12.325629	14.976617	13.742834	25.583776	19.593237	19.059146	2.182382	-14.287146	1.959409	-0.042951	
11.547582	-6.014991	-14.389591	-7.102890	19.640313	-19.249927	2.812571	12.596390	-20.626365	-2.852001	10.159559	22.162833	4.593544	-16.453663	3.376296	0.543304	-22.803268	-7.667792	-17.356033	13.291115	-21.675700	-6.869867	17.512312	20.880384	11.510409	-13.169640	22.289671	-9.264938	15.992935	-4.629571	-13.518224	-17.689142	-2.017912	-6.994173	3.742458	9.806967	14.676565	10.257773	-11.874416	-1.536513	15.412897	16.253939	15.712791	2.390664	-8.004319	-12.115652	6.420851	-20.668613	-21.017277	14.930597	
2.217015	5.487197	-12.465291	6.251269	13.971650	8.255396	9.476610	11.735737	21.761331	23.775633	22.156100	-10.020882	-18.865425	-15.770849	-14.830075	-15.780033	17.967180	19.909859	9.714525	-6.752995	8.600732	17.454302	-21.166472	-20.132872	8.574916	9.025050	18.767274	-17.002838	-12.490281	-13.507556	-13.445426	0.920769	-13.121454	-5.268624	14.377590	-12.859812	23.899759	-13.155180	16.658313	12.370195	17.022443	-9.509662	-13.202858	22.228352	-10.313174	22.611509	-13.009836	-15.603974	-14.886448	-22.873665	
24.289477	18.223084	-7.328012	-1.392192	6.126985	-21.663308	-23.303864	-18.948364	9.004930	-6.459804	19.076611	4.423960	-7.176400	-13.006242	19.975840	-3.185927	24.446400	-7.950569	2.515873	11.297800	0.196705	-0.063328	-14.418329	15.961903	2.281705	-18.936023	15.226132	24.031399	4.632539	18.649139	-12.696153	-23.051209	-17.270405	10.101303	11.089026	-6.323938	-6.909543	2.993473	-13.602497	-23.759899	-18.545878	5.396558	-19.073444	1.444757	15.569582	21.877593	-12.790763	24.721108	17.731963	-5.670254	
27.020629	13.932197	2.370601	26.622197	20.350524	7.949587	4.929081	-23.804130	-4.987358	24.243016	18.055749	-22.260510	26.910555	11.654469	4.556877	-27.088302	-1.745481	24.540459	-13.882943	19.150019	-3.631667	-10.616358	4.906116	-18.775524	-7.083002	20.397496	0.724084	-11.013969	-5.580333	0.922175	22.202940	-14.121114	14.602141	7.291953	-0.513758	12.475200	26.185269	27.424440	0.582436	0.903553	27.096356	16.264339	16.229172	25.326412	-3.887856	-25.323456	10.131831	-18.393130	14.625127	7.336704	
17.469783	-13.584017	-15.682704	5.840844	15.049583	-7.150955	8.760266	-12.127824	-7.690163	8.526198	-15.192588	2.144848	11.132002	-12.016074	-11.322551	4.890534	-0.413609	-20.215827	-6.206451	20.843781	5.369933	12.433380	15.310379	15.774455	18.411739	-17.271733	-1.626686	18.559057	19.414022	19.700317	-2.962498	20.345457	-2.542545	4.873346	-7.791995	10.511812	-18.662043	-13.310712	-0.604501	-11.861086	-13.399219	13.699511	10.116819	3.258347	-3.688303	-17.205941	8.049958	17.423209	19.338976	15.182129	
18.128204	-16.277810	-1.106751	-9.266206	-13.003242	-3.540260	7.263579	1.644555	-6.801810	-12.698722	6.308939	4.484918	13.770688	-6.918060	3.351832	-7.515772	1.670597	-8.812120	10.462465	12.498623	0.678794	9.061831	-15.593809	1.243555	15.787035	15.456727	-6.232490	2.904552	-10.794596	-1.845455	16.443786	-5.667943	-19.888338	8.008494	7.712575	12.339227	-7.185338	8.972912	15.500551	-4.383703	13.423201	-19.945276	-15.926909	-11.182172	-9.512513	-6.743483	-20.471892	21.824738	-9.332444	5.411776	
-17.580031	-19.093707	-1.303563	4.204268	-21.719805	-7.791659	-6.054336	9.385246	-8.834877	6.575950	-4.830568	18.436861	2.426412	18.704175	-3.553281	13.538047	2.862016	-11.071912	5.642280	-18.379304	-15.092896	-15.836667	14.298753	-5.615347	-11.060879	10.125162	2.236061	16.258052	13.850824	10.248318	-20.566239	-12.396087	-21.491436	-3.862090	-18.762442	-13.422449	17.295677	-15.276234	-2.097516	-6.004774	10.429291	-17.728719	-21.288795	-21.273647	2.816623	-20.707709	-10.167315	11.621242	-14.567373	18.751336	
8.364468	-13.340248	17.463453	5.884394	-3.418954	4.444822	22.451067	-0.631759	-13.903417	21.798598	-11.581368	-4.791038	-29.423218	5.908508	-13.105085	14.064416	11.265755	5.448019	18.898971	-17.006934	-21.685342	-14.417062	21.009917	-29.394727	-6.060073	-15.897470	-15.389264	9.700010	7.696265	-17.706984	9.126318	0.575466	-3.287214	-26.350995	19.913429	-20.140850	1.807359	21.756133	-21.240927	-14.061668	25.278444	29.708718	-27.721086	-22.602168	18.367824	-10.004015	21.905787	-26.467394	26.808715	10.052878	
1.911556	14.173089	-3.152477	27.170564	-21.887516	-6.871991	7.416045	21.891353	18.185419	-0.847556	19.571489	11.157992	-5.377350	12.755953	-8.129092	6.958112	-19.575683	-16.500677	18.073965	23.977493	5.084248	3.315150	-14.416638	10.066770	-10.904181	16.842746	-3.874488	0.766502	-4.370172	-10.270923	-22.461874	15.462107	-12.245985	-22.436237	13.503794	13.824990	-6.709546	5.363313	-24.821896	-2.742843	-14.296213	-27.382924	-10.109928	-27.287903	-11.191396	23.156456	-8.445400	18.556188	8.951960	-25.041976	
-15.316141	-5.682757	-23.192830	-28.707262	-17.050936	-12.117369	4.839143	8.672413	-1.244750	26.534171	-27.891344	18.906568	-16.525070	-23.101736	-16.524408	-9.007699	-9.393185	1.896353	-22.821555	5.147177	17.793011	-23.169452	-17.548954	-22.478792	-9.591512	-15.259986	-11.620452	-3.643389	18.808600	-14.370873	-25.489960	4.985031	29.941627	-14.870176	25.558012	12.452921	8.047664	21.552850	-30.580748	22.242687	-7.433416	19.472446	-0.838440	18.562633	-1.038150	-8.652194	-1.152849	-26.556997	-5.386593	0.239596	
-22.093548	19.657441	-14.338038	-18.450246	-13.776723	21.560572	0.954200	-1.781003	1.892147	3.966540	11.785815	-4.351756	15.412191	-3.345605	-5.301349	22.085327	3.644287	-3.859551	-21.640423	-21.906667	19.257508	9.570951	-8.083653	-2.893986	-4.658866	-17.721559	-21.617947	-18.510064	-11.955848	-12.155708	-12.206823	4.294495	-1.224202	-20.805152	18.520748	-18.339799	14.391726	-17.360313	-3.554942	-14.983603	22.466692	-20.340472	-9.312437	2.160153	3.729112	-2.171181	-9.277100	3.293939	-18.702604	-20.517210	
-14.175698	-26.322296	18.671141	-3.127028	14.759970	-21.522816	-12.646418	-19.283970	-17.098326	-9.463882	-12.905745	-23.590534	18.289779	8.632516	-13.100301	-9.986141	17.373301	11.132658	-6.933257	23.062475	3.766221	-26.776169	-9.587494	2.616680	-6.096909	9.951274	-25.339564	-4.569399	14.931924	23.507848	12.214873	-23.900982	6.253944	-6.863507	15.289882	21.323006	2.577359	-16.269481	-22.777418	11.896538	18.432655	4.456548	7.333971	25.493552	1.686266	1.068111	19.915883	19.029363	14.859283	-8.970672	
13.930523	-26.883515	-4.138049	-0.900314	2.214640	-12.909962	16.396901	-25.843868	-5.571520	-15.534448	-1.570069	-27.957165	9.246945	-18.332133	-11.187977	-3.810241	-19.233077	-17.409947	8.543720	-20.104941	-22.334358	20.370113	10.152972	12.158780	0.583152	-3.847463	8.337962	7.890319	-27.664649	-7.170467	12.371523	-25.549499	-15.286823	-24.513579	-1.543434	26.731458	-2.617000	15.781304	-13.251502	-13.773109	-17.655381	23.281174	-11.876044	-26.867774	21.296350	-1.515136	2.018342	-18.219830	26.695841	7.555668	
-17.724187	8.963341	-7.408324	-16.783078	24.168853	15.318500	0.174802	-3.563345	-25.313165	-6.200304	-10.600175	-13.317690	10.170420	5.025332	-21.930432	-15.538609	-13.012756	24.641573	26.996376	-18.619524	-18.634053	-11.310610	22.907287	13.767401	-1.069462	-4.219178	12.730580	1.250918	-12.391278	22.670086	-2.165696	4.492239	15.780247	-9.686708	6.206625	-25.565156	-14.742609	8.029889	16.082532	-20.171070	12.692015	22.563586	-15.759411	-17.414491	5.037506	-25.258151	-15.056146	27.412276	10.214368	23.054559	
-1.298104	-19.214603	-19.631446	-8.378909	-26.478615	-15.511617	-15.247786	14.720860	-25.388546	-1.665533	17.654402	-18.374607	11.389340	5.265258	19.099453	-10.944140	-2.218216	11.589158	4.947979	9.998342	8.440782	11.582501	1.267194	-22.768219	-7.809706	-23.067690	9.908710	4.212931	-26.571311	-19.653246	18.344740	4.299031	20.611595	-8.622605	-7.258756	23.704456	26.599511	-8.120434	-3.259700	-5.576328	0.769397	3.981789	-10.467217	16.294559	-3.383363	3.220462	-18.501488	14.253534	-2.348128	9.914840	
26.834020	19.913061	18.772446	-13.335612	-16.375378	11.299789	12.750775	15.669691	-17.618647	-31.263485	-0.590797	21.509479	7.342578	-23.861203	10.377304	26.053711	6.757391	-25.016105	28.381367	12.111060	-0.481141	27.244597	-21.336494	30.827813	14.215721	5.696245	-25.437390	8.579789	-31.235095	17.239488	12.153597	-5.080638	10.954060	-30.323790	-19.654405	-2.644434	24.726240	11.922568	-21.458000	13.704362	-18.300455	-15.705585	-18.036170	7.348946	-28.640986	-17.622692	12.059299	-12.466756	20.716006	-10.625505	
-6.901996	-1.959403	28.028415	-17.014551	10.930377	-1.469695	-25.365040	-19.079876	-5.944096	10.479978	-22.852882	17.934345	20.921626	24.149088	16.552344	-20.506493	-5.649362	-15.819190	6.792923	16.056066	25.342124	-15.752970	26.829083	10.732245	18.405839	-6.625467	21.970006	-14.787479	7.901656	-0.930935	2.754589	0.201546	-18.921700	0.057234	-0.202194	17.443790	5.369575	-17.463339	-11.509219	24.423916	5.239598	2.851746	-7.157559	-1.302800	-22.422733	20.374890	-1.194875	-6.256583	10.207533	-1.174326	
-0.011443	-9.955380	-17.577000	23.280357	8.524617	-17.664105	1.579683	-6.964965	-7.332155	13.264808	15.059065	0.234306	-22.852610	-12.166063	2.009082	7.375683	-8.467968	-1.428533	5.026255	5.497320	6.219660	-13.427986	-13.669945	-23.222889	-2.703345	1.779793	-2.620911	-17.361799	-12.844823	21.589307	-10.830825	-7.525417	-6.002074	-15.881851	-12.381902	18.313520	16.698602	-24.183807	7.498647	-22.664519	23.224170	-0.811596	-11.725868	-7.831949	19.398908	16.357912	10.537206	-14.127529	14.482274	-14.552627	
-0.909051	-17.736232	-1.873604	3.417106	17.693728	-17.708320	-2.641377	0.925674	-11.484443	5.848924	-13.382051	7.524251	3.695156	-12.603161	-3.550266	-7.988504	-6.464621	-20.672021	-10.764675	-9.944626	20.346576	7.295484	0.946785	-15.715106	2.985446	10.139743	-19.425722	-18.084262	1.658016	0.794687	0.560009	-12.576335	7.059803	17.521520	-7.609570	-16.097849	11.515414	-0.235458	16.213056	-0.651705	-6.363723	1.575210	-14.388222	-10.952382	-3.707310	8.449646	-8.859880	-0.610890	-20.423896	-18.372057	
12.294649	10.827523	23.537487	13.634897	-22.180701	9.130129	25.420718	-11.248048	-7.519670	10.302449	-5.401795	-2.138936	9.295408	13.018940	15.448249	14.183490	19.245775	-5.382987	-0.478785	-0.762643	-5.979890	-16.322930	-16.460271	21.159545	25.319485	15.824992	-1.987723	-1.375385	1.904808	-1.494269	22.388143	-4.409833	16.690510	-22.525257	8.022246	23.950699	-21.991022	19.683618	8.066084	9.194715	-20.726319	15.252059	-0.919825	19.595652	-17.767088	0.593071	0.189404	-24.596711	-9.464986	13.305395	
-3.652778	-12.363770	21.070288	13.635985	-25.623908	14.472652	10.388453	15.522261	-19.827866	-23.041705	-25.046497	15.755044	28.914175	-10.249314	-3.472398	-0.309748	-3.857807	1.852040	25.347535	21.486283	25.075159	23.451129	-17.051957	3.305066	19.539424	-1.412419	16.469509	28.427060	-8.853052	4.856829	-10.148042	4.725741	3.958116	0.490118	8.122720	13.220077	21.467173	-24.233249	27.216373	-27.816115	16.208715	20.679253	-0.936924	-8.276684	14.908454	11.511845	20.510603	13.408426	-28.619403	10.694183	
4.357163	-9.793850	-18.214826	-14.655343	7.060921	-7.669202	20.225764	8.238450	-12.400208	-21.203956	-6.327437	18.517899	0.780569	21.632554	-14.240139	-10.998245	9.862354	-0.261698	5.075815	17.480567	5.155925	-5.504243	-7.924700	4.498676	5.179610	-11.857755	-14.212413	0.262689	-19.203827	1.341553	-7.489306	-21.180097	-2.225213	0.579331	12.535671	-9.632319	18.992181	3.880718	15.791211	-18.651578	7.546996	-9.342357	-11.479434	-19.474241	10.716092	-6.439586	4.112905	15.835894	9.732474	-12.514974	
10.489176	-4.801442	5.953180	-6.227998	3.408953	16.979406	-14.322187	19.416202	21.964511	8.833138	-3.595598	-12.747015	-13.129495	-2.109338	18.172605	5.219220	-13.830914	-0.664946	26.480588	18.989590	-18.724118	-8.990046	4.236667	-9.653451	-15.549619	-15.592377	24.934911	-3.736967	-26.226260	-20.807500	12.006915	25.262933	23.111308	24.652536	24.834862	-13.196607	-9.986524	1.505742	-1.960458	-22.673899	-18.773881	17.234312	-7.511987	-12.316047	-24.961176	16.896359	13.045523	22.978358	19.311116	-20.659447	
15.481040	15.651664	21.651625	-13.952696	18.918671	-7.551503	22.699659	17.902840	20.057566	2.142720	5.158332	19.144394	-8.630430	-20.065226	4.289833	10.991535	2.046432	10.102572	-17.217287	5.132231	6.986535	5.235397	-18.771319	-3.796501	-7.279650	13.886610	8.980482	-9.883574	-21.053206	23.029173	-17.533364	-10.276332	-2.521639	-14.251203	17.895958	-9.594423	10.570795	-19.485116	-4.382164	-4.341998	6.718299	13.928676	11.379851	15.323356	17.356466	25.336632	22.576226	-8.422320	-7.533499	11.597990	
-5.023328	-9.620397	-7.583154	-20.445404	1.053496	-22.489641	-12.607196	0.265337	-3.619838	9.728250	-13.915696	-13.955434	4.814641	-5.121594	-20.322098	-6.908933	9.345035	-20.274124	24.080296	-5.247797	16.560025	5.560301	-18.454742	25.638497	-25.286168	0.798214	17.490429	-18.085840	21.615390	-17.012641	4.673683	-17.275625	23.322998	-20.354146	3.897783	3.186501	15.699875	-16.424044	23.185943	18.365105	7.537693	-7.210930	17.922870	-23.481100	-4.776061	20.221639	-25.062737	-5.707785	19.499884	-6.320859	
-22.969842	-6.989283	-8.790619	22.341978	16.585664	4.386283	17.619800	3.520399	-20.380836	10.751681	10.100477	10.397360	-6.155249	-12.321915	4.571070	-13.867707	-4.234119	-0.518980	8.183675	-19.051194	15.459518	1.880636	24.631687	-15.209732	26.702096	22.064143	-11.738919	11.507089	-24.120844	1.135038	-23.111726	23.447592	0.234115	-3.189549	-10.058659	-0.413869	-17.261657	-22.760995	20.587831	-6.034177	-6.563549	16.309574	-4.097919	-4.577279	-6.075200	19.833308	-10.181804	0.837801	14.982402	25.252683	
-8.349562	24.455697	-13.550696	-24.504936	2.995671	-21.886253	-20.889690	25.156325	7.196806	7.673792	6.525238	25.840378	-12.356721	0.782597	11.326123	11.844699	-12.215465	16.223595	1.035276	11.516015	-1.439159	-6.135749	-14.453662	20.338712	17.635390	13.101820	-13.384060	-4.027631	22.098550	24.341592	-20.240174	-7.586336	-10.294555	-2.751395	-23.830681	4.754059	-12.529080	-0.884807	20.393271	-7.347342	-5.753495	17.816501	25.039730	-21.450380	0.825943	23.410483	-8.874135	4.402597	8.351105	-23.514494	
25.762962	-15.932238	25.050024	-6.535347	24.786014	-2.164169	-15.442415	0.321783	-12.175597	6.666270	-3.302603	-11.804575	-12.141449	-22.995649	-14.328594	0.545737	1.863015	19.686182	-0.579130	-7.109406	-7.478710	17.811731	16.248381	20.310990	-5.659507	8.921981	-0.631938	-5.988069	-25.289267	22.825661	9.305019	10.384474	-9.362394	6.465313	-19.681737	19.295774	13.663605	-11.661087	20.479546	-5.978802	-15.997425	19.640561	-14.904855	9.952800	-7.429348	-19.160956	21.553962	-9.226142	13.622004	12.633220	
13.105941	-8.168146	-9.434683	-13.580557	-16.681420	16.203630	-13.270465	22.564137	4.038788	-21.325422	-8.271843	7.795535	9.618682	2.806042	21.267874	-12.841040	-9.227945	-5.938594	19.218514	16.046979	-7.301401	-7.404501	-5.162661	-3.444180	1.934215	16.924897	4.639745	21.326524	-7.060727	-6.121430	-2.860752	-22.628155	-9.424460	2.724102	-18.656385	14.712455	-12.049629	21.912194	-15.679281	7.857337	-8.138271	-0.578718	0.963469	-14.522172	-5.248064	-6.437789	-21.122835	-2.119821	-13.109829	13.472689	
10.965471	6.982990	-11.281454	-2.331151	-10.111877	4.071448	6.794316	-11.494669	6.911160	-21.345787	13.780765	22.529623	15.251639	-9.095712	-24.828651	19.014601	-21.409480	-6.145990	-3.104493	-22.867466	-12.324341	-9.793683	8.348112	-1.392863	21.027958	19.916854	1.667520	18.718306	7.746032	-11.663081	12.018006	9.600550	-1.425614	1.956086	-9.823467	17.533923	12.475727	-22.573212	-19.131934	-3.835307	-20.731977	1.233987	12.279449	12.360798	12.021247	18.493978	-13.244814	-24.691580	14.831304	-2.294729	
-32.551078	-22.432094	10.844723	-9.300783	25.114532	5.233467	-34.286698	28.591908	0.357718	-14.391308	-27.175728	7.467462	32.844258	27.199224	-1.217260	-22.924340	18.452754	-3.547736	20.070678	-20.269293	25.491375	-33.271942	-3.789864	-8.940862	33.464714	-20.068287	-0.108322	21.795038	23.860652	9.463430	8.600070	-9.512951	19.607468	-27.644154	24.709609	-5.215023	4.847837	-31.916859	26.641728	-3.929274	16.704057	16.317746	-16.710408	-13.002614	-3.372255	-5.707530	34.437266	16.089011	9.095834	-0.006831	
12.294149	-6.902371	7.356791	11.140765	-10.198090	22.524543	-17.167094	9.149577	19.188033	-21.936581	9.810842	5.808923	-2.852847	-14.242217	19.879772	-13.805925	-21.362896	13.539549	-14.169186	20.869925	-12.024291	-5.453398	18.776499	-16.465119	-20.717192	-15.071128	23.518450	2.665052	-16.909744	9.342032	-9.600027	5.600552	-23.247410	-9.506188	-0.749754	1.984388	15.381571	15.393020	-2.863041	-8.248380	17.708066	-13.529516	19.585730	-16.823304	-1.928176	21.592876	-23.203798	-9.253331	-17.931964	-23.060518	
20.136822	-6.749497	13.372425	-17.133797	20.080855	-19.387244	14.725170	-7.282240	-15.222688	-6.918434	-6.229988	15.335729	-16.123036	-10.656262	7.913363	-12.780445	-0.736485	8.495833	-12.314042	-19.201467	11.983521	2.570506	-12.482424	-17.421149	11.071873	-8.262607	-2.023557	13.810285	17.186851	5.866450	-20.495339	6.677829	-16.338090	13.953632	1.200384	-10.384579	14.275156	-15.364687	19.450299	-19.213259	1.889052	4.181698	-8.462163	19.918441	14.199486	-6.060264	17.429796	-7.445630	19.638500	-7.374330	
15.794850	5.259229	-23.141553	-13.546398	-16.454729	7.978432	-1.861860	-16.892504	14.294467	-10.642577	1.825114	10.518930	-18.102910	23.568665	-16.501587	-4.763502	8.815311	-13.120370	-1.550620	0.180924	10.584855	4.153836	-4.997703	-6.228310	-9.731410	-0.034324	-5.972032	1.048288	5.588484	21.966366	-10.448420	17.378076	-23.327656	-0.560307	3.964341	11.433608	1.069309	-11.599222	-0.669305	-13.769958	-23.585416	-4.514751	-2.363185	-6.699711	-11.278231	1.087318	-10.814083	-6.157401	19.545723	9.788799	
11.048868	15.688574	-23.539193	5.475183	20.258098	21.655116	-1.809453	9.695067	19.944993	-20.388734	-7.055647	-1.354070	-10.783148	10.974979	-3.015749	5.419114	-22.319457	17.789545	-23.710696	0.370209	-20.920594	12.132832	2.668904	-10.261612	-23.353452	13.555851	7.506949	-12.916655	-10.389046	9.267214	-20.375981	-3.022686	14.116975	-18.044870	-18.602187	-23.083301	1.661467	0.189050	7.576463	-11.721952	-19.337977	1.504376	-20.182777	14.275690	-7.731214	-5.767213	22.455125	3.123072	17.127966	-23.113824	
12.026284	-21.835186	-11.638114	3.663124	-14.388850	-22.358337	20.159156	-11.745782	-20.199595	-8.732602	3.380054	12.938038	-6.581063	-14.918755	14.354626	-10.965766	-19.650441	-19.629018	7.618093	18.833913	-4.335735	20.240892	-4.692629	11.160259	-5.245740	8.183805	-15.582365	-19.292778	19.249570	20.753871	-3.564061	-7.301540	-7.634392	-12.667415	-20.153102	-13.263861	-20.861189	15.998685	-2.104490	-2.659928	-2.422557	-17.368117	-13.440516	-6.539463	-12.482152	-6.935747	9.896721	15.670399	12.444195	-17.614104	
-3.117814	-5.629478	15.341058	-11.439001	-7.419681	-19.061202	20.870808	-3.344882	11.032045	14.799316	-18.877317	1.929260	15.663022	-2.666859	6.408846	-9.828006	-12.973599	-13.713814	-1.432811	-18.883040	21.526070	-2.854095	-19.229009	-18.764334	1.156780	-1.052735	14.159535	-8.274202	-2.004724	6.315650	-16.002276	11.818122	16.319708	-7.775245	-0.462582	-8.138869	5.462286	2.686863	-11.804201	-17.914488	-13.440511	11.941398	9.483525	4.043157	-6.835142	-14.851432	10.414729	-9.657108	-19.588428	-15.983759	
9.021453	-10.414705	-18.145822	4.501384	-7.737688	19.477634	-17.953096	-10.035872	5.992657	7.860462	-17.648525	-19.944925	-3.509445	16.498824	6.559994	-12.442588	6.175604	4.995231	-15.182160	6.275797	-11.747502	-10.852274	-15.429286	8.954387	0.302155	15.079895	7.346791	-12.498223	-9.691104	1.635535	-9.884250	0.367655	-15.155858	10.383563	-14.237929	1.462863	13.496046	-19.448844	-12.192552	19.400917	-19.836609	9.142088	-7.656310	-4.249352	-5.581679	10.733765	-3.379432	-3.850102	0.158720	-8.463326	
22.278320	26.842313	-3.283208	4.310390	5.727401	15.175877	-1.304852	-16.699438	-0.057964	15.843075	-5.158872	8.072245	14.509262	2.349952	-1.962053	9.553131	-22.662799	-11.297545	-8.291167	-27.042279	-25.586722	-0.760905	5.736345	18.064024	-7.056286	-26.775385	-2.723666	14.681659	5.201563	6.721886	-0.572008	23.607833	15.748683	8.663417	-3.588613	-14.899927	-8.860798	17.226527	-14.206742	-6.770152	-11.607168	-18.559216	-25.288394	-11.550305	3.013795	3.103973	17.354074	-8.659238	-23.088098	-11.801701	
-5.266858	-19.881719	2.346208	3.941256	-6.873170	5.531468	-25.445000	14.090123	23.068569	25.557516	15.828031	23.430458	-20.867960	3.496005	0.440370	6.461661	-10.987471	-24.671364	25.724246	15.984639	10.667258	-22.652680	6.203089	-14.121356	-19.144026	-5.013136	20.881657	-18.228216	3.408887	11.967712	-25.560177	-13.417652	-14.287303	-22.199879	8.590936	8.682582	7.683553	12.432073	-8.413105	-0.865585	19.982300	2.990720	4.745481	-24.248283	10.691816	21.309462	23.911403	18.203124	-13.412910	-6.062843	
18.528376	26.007750	-24.059300	-0.238873	27.524992	-8.380730	9.276183	-0.139619	2.528565	0.027891	-3.926652	-23.335240	-12.362363	-28.327761	-26.148197	12.830447	-1.661620	-15.886209	7.855772	-8.411535	12.626621	13.959159	4.829070	7.384894	-22.041989	22.785728	-8.894926	0.400636	-28.352063	18.651861	-15.642852	-27.052439	-26.011836	-7.787343	-27.542496	11.088150	-8.161629	-11.109682	18.477453	-19.742765	21.904778	22.180703	1.569096	22.160792	-16.666791	26.838250	-20.240098	-18.746178	-27.983350	-26.920482	
5.951454	4.393463	21.729703	-14.095143	16.968721	7.478939	3.149869	-18.298555	8.471907	-19.144339	-9.087865	2.577828	-0.192712	-5.511635	13.853495	-8.119505	3.861827	-1.115958	-1.328272	10.908447	9.377127	8.004097	-20.997800	4.826831	-17.748924	17.476591	0.018667	7.668202	-18.803756	-18.399502	2.830155	-9.998705	1.819342	12.389144	13.049168	-9.714975	1.262360	3.458248	-0.796533	4.725704	14.693701	1.480211	5.769503	16.633541	11.105198	13.579016	15.599887	18.439409	1.262617	-14.645139	
-19.533023	-18.074838	13.954240	-19.116723	10.848669	20.451555	13.707147	-9.320397	-18.664931	17.358852	4.392111	16.995628	-4.841093	16.526576	-14.047081	10.413878	-20.169324	-8.208983	-13.124821	-23.959572	21.115564	-23.136095	-23.749878	-1.101249	15.501934	3.404800	19.381942	-11.972376	-13.200902	-2.987194	-9.661214	2.331773	13.669024	1.843588	-15.996590	-2.783417	-19.520722	-15.300992	2.927543	-20.191826	16.159110	1.189360	-1.866425	-22.009720	16.591941	16.493204	7.726513	-6.969680	22.475061	-17.164702	
-0.105626	7.634492	-11.106017	-12.937026	-0.296814	6.516352	18.191662	-21.622448	-20.404103	-8.676778	-19.041642	2.116981	-21.636424	-1.630095	-16.374556	-14.483896	12.474852	-9.817739	-23.871971	13.515015	-21.174473	-13.835549	16.698547	-13.184041	-12.001850	15.582570	19.422952	-22.371975	-6.876483	-13.389288	3.601871	14.017111	15.121970	-11.786768	11.326376	20.151707	-12.345146	23.368760	-22.013394	-12.258387	11.110527	-19.282509	18.448339	21.617773	-11.234363	-22.168411	-15.194659	8.255572	-19.393884	-19.844523	
-8.311969	23.394760	25.735219	-17.436315	-14.075358	-19.218535	-4.831258	-25.880028	-17.593445	5.832272	-6.417441	-6.725688	-7.086591	-25.127736	-19.075028	21.292497	-10.840250	-24.882533	7.770819	8.008957	24.848265	4.339404	14.172540	-4.281428	1.336107	17.628694	21.842359	19.395287	12.637108	12.054809	-13.283077	17.019454	-5.613653	25.503565	18.802430	-4.891783	24.320895	25.655545	-7.817633	5.761366	12.181393	0.579753	20.849977	19.233515	3.026206	17.062895	-18.069817	23.795976	25.063598	3.472160	
13.629523	-2.284759	14.922248	-16.794472	6.908714	8.337328	-0.148089	14.611102	20.889654	-14.983831	-9.363428	8.691421	16.436268	6.154140	7.007526	2.697695	4.601938	-3.007228	-15.756451	12.272553	-10.067638	20.608390	-5.492891	-6.204116	-20.878886	-4.139162	6.501701	-9.179792	16.149215	-14.285358	-11.260664	-10.995540	-0.548420	17.913962	-8.736396	6.500487	-13.213280	-12.472240	-9.957179	-9.842306	18.460268	-11.771631	15.113640	8.454710	-8.058601	-2.151863	17.759125	20.495882	14.413813	-2.117372	
18.179670	6.745776	-15.106961	25.359347	-26.445215	26.543823	30.523090	22.097549	26.871347	-1.512356	22.125771	-0.647028	27.707255	-7.119094	-4.538573	-20.623495	6.031703	-7.369842	-26.785244	-9.347407	-10.374384	14.178827	23.860039	3.433082	-14.439243	13.179840	-18.721295	-12.201445	-8.793633	16.186943	-9.266070	13.575312	-1.712463	-19.146063	-2.872067	14.970613	-20.204998	-14.090407	-21.416050	29.071275	-9.956194	0.866133	-23.841519	-0.098325	12.008314	19.313018	30.913598	-4.103670	21.731273	-27.347078	
-11.892855	15.557896	-5.184232	1.342901	0.966501	16.259336	-12.535195	7.581994	12.226672	-8.459018	-10.485923	7.940047	17.981725	-18.486492	18.326952	-5.212103	-5.900972	5.305812	18.290116	-10.330757	-17.320497	6.387234	3.207638	3.401527	-16.720624	20.867803	-19.551540	11.681049	17.579926	14.403236	1.901157	14.930339	12.510004	-5.772624	-8.860000	-9.204793	-17.501039	16.891513	16.160999	6.048260	-17.233975	-13.578596	18.596221	-15.042409	0.703581	-6.949724	4.810179	6.366939	-20.015812	4.893204	
0.765441	15.770401	-3.769732	-0.855467	4.352542	-2.739005	20.111349	5.920011	8.017755	5.021620	-21.625878	2.634771	23.368033	9.277943	17.837287	13.761168	1.644219	13.681927	12.231959	14.218064	-19.253719	-9.494739	-4.379624	-1.651930	-1.940962	11.567937	-14.459213	-11.244842	-22.153897	-6.846155	-4.849255	-10.173564	6.405426	-17.126545	-4.995515	1.369028	9.625515	6.996443	-7.382141	-7.000729	16.289483	18.366061	-1.011623	8.156151	-20.618536	-23.517176	4.041531	-8.146869	4.717545	-7.544055	
20.593406	-7.184506	-7.316926	16.640255	-11.758242	-26.732521	-21.300663	14.795567	26.003142	26.191542	-6.166063	-2.400123	23.168547	2.341477	-25.681725	15.371099	24.772493	17.614105	25.194997	-16.127259	-2.021132	7.317740	27.355679	14.933572	7.722250	-4.624693	-10.489024	-21.133742	-14.663693	19.272897	-11.448945	-15.997398	-27.510078	19.935399	19.037792	12.042627	-24.871542	-26.784321	21.609636	-10.987721	13.450281	-28.852328	-10.879434	26.199563	-15.868896	9.281312	-12.763954	-2.094603	27.614409	-0.466454	
22.259854	21.463168	21.478150	24.432255	-6.100545	18.793316	-18.402841	13.376953	20.858546	-10.780876	16.170132	21.385385	19.549944	1.440797	3.390664	23.015829	-21.926096	20.734652	14.966988	6.577872	16.993015	8.386311	25.450254	-18.374877	-22.899025	-0.886618	26.240554	-17.526049	-0.178527	-6.919406	9.093521	26.142418	9.616874	7.685210	-22.230827	-23.039658	-26.787379	0.893628	-12.701171	-10.051279	22.680924	-2.112335	11.868772	-4.272395	25.545289	10.372546	25.387398	22.806578	-7.081655	19.393109	
21.777757	-6.851053	-2.736591	-23.205594	5.065910	0.305507	4.708941	19.202172	17.918144	-10.204180	2.960682	-15.877646	-3.935487	-12.750326	-13.257582	17.629029	13.411525	-25.173194	27.660424	1.394940	3.971728	14.928591	-22.001401	6.935736	26.431922	-23.982957	17.420639	8.765906	-23.708986	-18.781403	9.150198	-2.637023	18.944417	-5.599865	20.274698	-26.469732	25.165161	-16.312801	-10.172619	-25.626664	5.107384	14.562257	12.739317	-16.208557	-23.836790	-15.055812	-23.717906	-2.470832	-14.679556	2.387259	
0.025263	0.019136	0.028476	0.028177	0.026150	0.008717	0.000302	0.004900	0.018520	0.031922	0.007253	0.020893	0.014945	0.029272	0.023846	0.030543	0.002221	0.017406	0.015206	0.032079	0.037539	0.036182	0.004285	0.013469	0.019363	0.010052	0.031057	0.033185	0.033604	0.015027	0.002906	0.033872	0.006740	0.002645	0.015082	0.002145	0.027545	0.005704	0.015278	0.018327	0.003860	0.036822	0.033768	0.027403	0.037386	0.024168	0.001562	0.036262	0.019947	0.029588	
0.033117	0.025333	0.037183	0.018997	0.013874	0.020368	0.008962	0.039450	0.008979	0.037820	0.020008	0.016297	0.028352	0.003045	0.006312	0.019327	0.039686	0.014712	0.022148	0.035277	0.025734	0.026252	0.006136	0.028069	0.016812	0.001890	0.040787	0.014388	0.014817	0.019865	0.002233	0.023944	0.041292	0.023265	0.008064	0.037901	0.017394	0.033936	0.003596	0.005981	0.004094	0.012133	0.005962	0.009023	0.025719	0.037310	0.017702	0.003690	0.026846	0.015919	
0.006398	0.034334	0.019927	0.007177	0.013823	0.014999	0.035327	0.019816	0.026902	0.016988	0.015905	0.028868	0.020840	0.035484	0.022686	0.035195	0.024123	0.031340	0.000348	0.033882	0.001522	0.036295	0.019572	0.022570	0.020921	0.021153	0.019348	0.017482	0.016754	0.005806	0.036140	0.035089	0.013804	0.015050	0.003237	0.000222	0.017105	0.008036	0.005764	0.010146	0.002921	0.018347	0.024916	0.010820	0.030215	0.018599	0.028775	0.035794	0.030146	0.029089	
0.025265	0.031715	0.008687	0.026257	0.008392	0.036307	0.033381	0.002088	0.036840	0.031646	0.036339	0.003633	0.020483	0.002245	0.035759	0.019624	0.032316	0.032564	0.009086	0.035516	0.008352	0.004669	0.031442	0.007859	0.016635	0.029759	0.001924	0.000028	0.021143	0.032682	0.029515	0.016030	0.012748	0.022619	0.003183	0.028307	0.022541	0.001470	0.000912	0.008868	0.008751	0.019250	0.034299	0.004117	0.022595	0.036492	0.021734	0.027393	0.036997	0.019539	
0.014959	0.004743	0.035103	0.005819	0.004196	0.010854	0.017368	0.023307	0.035133	0.026284	0.038049	0.034080	0.030533	0.030858	0.035433	0.011531	0.008459	0.033687	0.012114	0.009708	0.021971	0.000680	0.022167	0.034404	0.029532	0.014710	0.000708	0.000565	0.026270	0.033279	0.020421	0.023520	0.012339	0.010063	0.024385	0.033345	0.000193	0.013612	0.024604	0.016133	0.030201	0.031178	0.027147	0.006533	0.006831	0.037717	0.013326	0.032329	0.015880	0.013739	
0.021562	0.024529	0.037238	0.021878	0.037734	0.006916	0.033702	0.035881	0.015089	0.038550	0.023380	0.007532	0.033129	0.025517	0.033269	0.002808	0.023353	0.017550	0.023420	0.007510	0.017227	0.000434	0.021936	0.032397	0.027979	0.030534	0.024094	0.026100	0.002120	0.005504	0.011392	0.038620	0.002647	0.023328	0.006663	0.034907	0.031211	0.011892	0.024238	0.030208	0.000161	0.012568	0.012409	0.033926	0.010686	0.001183	0.005741	0.026856	0.013591	0.008900	
0.019993	0.023075	0.008537	0.032715	0.014764	0.037652	0.032122	0.016878	0.005535	0.022441	0.036455	0.017812	0.028895	0.008748	0.011958	0.006469	0.035533	0.017986	0.033706	0.014995	0.015405	0.001208	0.019121	0.024997	0.005990	0.031552	0.007366	0.025736	0.021508	0.028611	0.029707	0.024913	0.005525	0.024641	0.024434	0.012401	0.036418	0.010959	0.035738	0.014601	0.027370	0.006761	0.001166	0.025956	0.002882	0.029104	0.006952	0.013988	0.035951	0.022772	
0.036284	0.022220	0.032886	0.025736	0.011724	0.037838	0.008332	0.022735	0.006779	0.019166	0.010859	0.011285	0.037350	0.002843	0.001410	0.006771	0.036712	0.034554	0.006188	0.028384	0.021664	0.009119	0.036742	0.017402	0.036089	0.001396	0.012077	0.008132	0.031815	0.020214	0.011170	0.030567	0.015661	0.020512	0.024959	0.002959	0.009272	0.000323	0.011895	0.028155	0.034783	0.019267	0.018661	0.034701	0.020346	0.034032	0.000664	0.014944	0.037452	0.034971	
0.029668	0.010495	0.011438	0.014159	0.031732	0.032714	0.005501	0.032644	0.032713	0.004684	0.016502	0.025908	0.014319	0.026583	0.013879	0.035341	0.008897	0.019845	0.014065	0.009211	0.033139	0.006796	0.020174	0.029272	0.012901	0.033214	0.032818	0.031114	0.011587	0.006275	0.015639	0.034362	0.009219	0.037631	0.018670	0.027672	0.002513	0.025836	0.014126	0.032543	0.007578	0.002743	0.021912	0.005588	0.033451	0.028340	0.032459	0.012251	0.008729	0.021151	
0.006188	0.016670	0.036053	0.028674	0.022302	0.028170	0.029040	0.033624	0.010023	0.003004	0.008098	0.034554	0.025591	0.001789	0.026378	0.036504	0.013741	0.002076	0.016513	0.027273	0.031977	0.028810	0.006212	0.030004	0.016718	0.036073	0.010594	0.004440	0.021053	0.029176	0.035580	0.007541	0.000900	0.024834	0.032088	0.033098	0.009399	0.027324	0.030546	0.004442	0.024276	0.014876	0.003745	0.027738	0.025162	0.012813	0.014296	0.009616	0.017946	0.022457	
0.040512	0.009744	0.030253	0.005467	0.032715	0.006693	0.005928	0.031680	0.031565	0.025327	0.041565	0.021838	0.009619	0.012911	0.021063	0.022505	0.040027	0.001839	0.032690	0.001821	0.013735	0.023618	0.044152	0.013915	0.031334	0.004597	0.008683	0.011317	0.022261	0.012130	0.023178	0.018652	0.013777	0.001347	0.000150	0.027699	0.034744	0.037100	0.024002	0.039196	0.005917	0.003416	0.037226	0.033849	0.024805	0.022701	0.005526	0.001858	0.010532	0.022820	
0.009024	0.002914	0.013661	0.009438	0.004387	0.006569	0.030255	0.017084	0.026605	0.031680	0.007186	0.031687	0.031049	0.029821	0.029949	0.030277	0.030327	0.013319	0.031164	0.013206	0.006222	0.018027	0.032911	0.030379	0.031637	0.001826	0.027749	0.018847	0.019007	0.024143	0.030162	0.018087	0.002393	0.031650	0.029581	0.022514	0.011139	0.032661	0.010395	0.021035	0.006494	0.022805	0.021247	0.020404	0.021326	0.006513	0.025864	0.021781	0.018905	0.014688	
0.036095	0.027641	0.009903	0.030906	0.013486	0.026719	0.028178	0.024258	0.002595	0.031878	0.024302	0.006980	0.013419	0.034713	0.018568	0.031534	0.014100	0.010252	0.018138	0.008819	0.025991	0.020581	0.011346	0.020460	0.001622	0.034176	0.014413	0.026185	0.026109	0.033265	0.031345	0.005402	0.012736	0.022238	0.007634	0.012733	0.024075	0.032967	0.002653	0.033141	0.013034	0.009186	0.026279	0.025916	0.009112	0.030201	0.034137	0.015124	0.022975	0.002478	
0.001477	0.008178	0.006332	0.020566	0.026084	0.005071	0.011453	0.000422	0.034947	0.034470	0.036724	0.011237	0.020867	0.006640	0.033975	0.003096	0.002421	0.024790	0.037138	0.006797	0.029238	0.017335	0.016100	0.033022	0.013556	0.037560	0.000590	0.031507	0.020154	0.001957	0.015982	0.034380	0.021088	0.010920	0.008522	0.029927	0.023417	0.005558	0.031239	0.028805	0.036844	0.029026	0.036019	0.009723	0.028811	0.013455	0.037393	0.022338	0.010943	0.031907	
0.016734	0.041322	0.015415	0.041129	0.033391	0.027631	0.037012	0.023457	0.011026	0.005467	0.010017	0.007567	0.006438	0.023230	0.005184	0.040773	0.005608	0.030367	0.022337	0.036965	0.000516	0.023937	0.023203	0.031107	0.019456	0.017580	0.002579	0.023834	0.008497	0.021599	0.021081	0.008898	0.025101	0.037490	0.007616	0.042281	0.027210	0.023919	0.015805	0.012236	0.028890	0.030389	0.006797	0.020485	0.018304	0.011759	0.010577	0.024294	0.000665	0.012825	
0.033322	0.001464	0.020152	0.019299	0.028898	0.034656	0.040590	0.024957	0.031612	0.042937	0.042020	0.014804	0.026529	0.004056	0.003770	0.040400	0.003950	0.000468	0.018322	0.042462	0.023642	0.000173	0.023499	0.025355	0.010027	0.004707	0.034037	0.041468	0.002792	0.011371	0.012222	0.001649	0.002380	0.017606	0.034685	0.004836	0.006475	0.038532	0.030814	0.003126	0.024790	0.017586	0.018429	0.012529	0.003659	0.012868	0.029758	0.032297	0.042328	0.001691	
0.024623	0.006009	0.003135	0.022271	0.020842	0.023684	0.037541	0.023989	0.013856	0.028399	0.009219	0.018288	0.028262	0.030942	0.038078	0.022177	0.035461	0.034362	0.035223	0.036625	0.009588	0.012174	0.009143	0.018214	0.021050	0.000886	0.008248	0.003706	0.013709	0.026909	0.005369	0.000538	0.010523	0.023803	0.001901	0.023600	0.011161	0.024625	0.031529	0.008681	0.035063	0.019251	0.027830	0.018884	0.032534	0.029041	0.009264	0.032265	0.037403	0.000125	
0.006644	0.021346	0.030506	0.037768	0.012779	0.038788	0.029319	0.038039	0.001786	0.021993	0.041511	0.031414	0.009198	0.006494	0.023945	0.012229	0.029602	0.034913	0.043796	0.000773	0.002726	0.006122	0.014899	0.015639	0.009016	0.050555	0.032692	0.014587	0.011165	0.007764	0.023256	0.034869	0.012340	0.010951	0.028624	0.020396	0.004911	0.016168	0.022051	0.009342	0.004644	0.027825	0.009713	0.027624	0.007398	0.039815	0.014550	0.004471	0.043036	0.000011	
0.025884	0.016007	0.037941	0.003043	0.006765	0.019964	0.016271	0.029875	0.016004	0.036968	0.013752	0.024690	0.009870	0.035695	0.018992	0.028100	0.035863	0.024948	0.010813	0.037412	0.013160	0.020034	0.020077	0.021924	0.006727	0.003480	0.006905	0.000007	0.030565	0.031459	0.019920	0.028221	0.005146	0.019519	0.002437	0.031392	0.032190	0.023922	0.014149	0.011010	0.031744	0.001890	0.026432	0.031463	0.029718	0.013295	0.019857	0.033044	0.018711	0.002748	
0.012303	0.004221	0.028442	0.026157	0.004612	0.019723	0.023784	0.008494	0.003886	0.023634	0.028145	0.015226	0.030277	0.026136	0.024043	0.000432	0.025650	0.010291	0.007443	0.027315	0.001914	0.020252	0.029908	0.028772	0.011411	0.030222	0.008658	0.009338	0.031443	0.036196	0.026467	0.010325	0.008745	0.003099	0.033387	0.036483	0.027808	0.020973	0.034083	0.022342	0.004982	0.016827	0.038433	0.027390	0.010632	0.025304	0.018971	0.033040	0.029697	0.012680	
0.027237	0.007121	0.009630	0.020113	0.018488	0.024667	0.009562	0.036651	0.025458	0.042638	0.031392	0.037512	0.000305	0.002703	0.003814	0.001489	0.024187	0.021657	0.033853	0.002807	0.041013	0.007383	0.013295	0.004495	0.033625	0.007542	0.043199	0.015025	0.011474	0.005208	0.011101	0.008983	0.024524	0.032389	0.004752	0.026950	0.010944	0.020012	0.034067	0.012995	0.034124	0.003975	0.020880	0.039871	0.011608	0.040709	0.007338	0.029932	0.031774	0.029531	
0.025184	0.022598	0.015879	0.022524	0.036918	0.031405	0.035133	0.007954	0.026564	0.025217	0.027833	0.005397	0.024806	0.014906	0.030110	0.030536	0.019743	0.024895	0.007696	0.006974	0.011337	0.002880	0.012138	0.036998	0.032758	0.007792	0.037733	0.028540	0.012326	0.030128	0.009153	0.019581	0.018658	0.033888	0.011138	0.023214	0.034223	0.010273	0.026235	0.000352	0.021826	0.012179	0.031966	0.006404	0.007141	0.029645	0.002948	0.007770	0.003082	0.035421	
0.009132	0.007249	0.018132	0.027423	0.018637	0.033087	0.031841	0.003152	0.005450	0.035512	0.009830	0.024540	0.006836	0.000174	0.003559	0.002948	0.035909	0.015506	0.018411	0.024625	0.029813	0.016677	0.006358	0.041962	0.005930	0.012106	0.005569	0.003989	0.042277	0.027317	0.038705	0.001963	0.030729	0.015263	0.039598	0.016385	0.021283	0.008200	0.022748	0.031626	0.002125	0.038573	0.027512	0.005269	0.018342	0.025515	0.036222	0.035339	0.028151	0.032500	
0.020779	0.016631	0.016244	0.012991	0.004054	0.029627	0.030770	0.011042	0.030956	0.018478	0.008138	0.034403	0.030540	0.013443	0.018447	0.011731	0.001359	0.029537	0.013223	0.002528	0.011743	0.028615	0.022962	0.008090	0.014820	0.019044	0.024449	0.025471	0.024822	0.030374	0.024420	0.018157	0.032358	0.030241	0.018436	0.020686	0.026889	0.020918	0.024767	0.027466	0.026748	0.014026	0.000911	0.016678	0.025903	0.020528	0.016654	0.002287	0.034822	0.031796	
0.010935	0.036990	0.001108	0.026325	0.006444	0.035701	0.010199	0.022696	0.010310	0.005764	0.026575	0.034233	0.036628	0.034176	0.043008	0.026586	0.021612	0.007031	0.010512	0.015240	0.004937	0.024188	0.042013	0.015187	0.022314	0.037380	0.015326	0.038179	0.019978	0.031151	0.014215	0.041507	0.006509	0.003001	0.015603	0.005391	0.013533	0.017840	0.042847	0.021724	0.005162	0.018140	0.029764	0.014503	0.027315	0.000008	0.011685	0.006811	0.018225	0.013490	
0.023618	0.023696	0.016578	0.017856	0.037540	0.020239	0.034686	0.000464	0.001112	0.032540	0.036707	0.029136	0.008603	0.027468	0.001520	0.003136	0.009894	0.007334	0.003687	0.042495	0.005908	0.030068	0.019446	0.010823	0.030458	0.013634	0.008161	0.005711	0.015904	0.012776	0.025219	0.002860	0.019843	0.017780	0.024938	0.037211	0.045509	0.035349	0.002921	0.030689	0.007678	0.010948	0.013542	0.044035	0.045281	0.009151	0.002356	0.036623	0.032830	0.024040	
0.017635	0.018273	0.023746	0.023036	0.001351	0.031175	0.028597	0.014549	0.003792	0.008700	0.014696	0.032893	0.001316	0.027414	0.009154	0.010594	0.007713	0.029723	0.027273	0.022756	0.035295	0.029858	0.020301	0.003368	0.034608	0.019174	0.027544	0.015492	0.029326	0.006240	0.032596	0.036770	0.015540	0.030292	0.018103	0.033343	0.004539	0.028924	0.032677	0.013592	0.011318	0.032844	0.024241	0.012775	0.020515	0.012125	0.017401	0.006358	0.016405	0.024050	
0.012504	0.017844	0.028158	0.026465	0.036109	0.016962	0.013953	0.014674	0.015116	0.007905	0.037560	0.045531	0.006777	0.039182	0.038352	0.001978	0.044383	0.039038	0.026548	0.007350	0.002446	0.030536	0.010828	0.014414	0.003005	0.039120	0.004098	0.037715	0.023114	0.018634	0.036786	0.003222	0.005021	0.034219	0.027561	0.037267	0.021092	0.021427	0.011665	0.000311	0.017276	0.037601	0.013100	0.014442	0.000614	0.005337	0.001758	0.033727	0.007744	0.009533	
0.002305	0.022212	0.000017	0.045607	0.029364	0.007054	0.018408	0.041327	0.011044	0.012746	0.023565	0.002715	0.037210	0.010671	0.045919	0.002836	0.028691	0.026467	0.012490	0.001333	0.001601	0.004618	0.002030	0.014205	0.044378	0.006131	0.027882	0.000751	0.001983	0.028307	0.008725	0.043010	0.045431	0.009777	0.005582	0.019050	0.038705	0.019326	0.036865	0.029077	0.023738	0.046038	0.000668	0.018753	0.030348	0.006385	0.034001	0.011169	0.036433	0.023053	
0.031899	0.015408	0.034644	0.030237	0.002722	0.025244	0.009096	0.036746	0.001483	0.039422	0.032892	0.037552	0.003327	0.034283	0.006696	0.013221	0.019571	0.033674	0.040311	0.026673	0.014421	0.028098	0.027995	0.011428	0.014183	0.033263	0.014165	0.019904	0.035218	0.025139	0.008545	0.012689	0.003488	0.005955	0.016868	0.016454	0.008923	0.008292	0.009563	0.020505	0.018239	0.012510	0.007616	0.019374	0.011014	0.038391	0.016341	0.040087	0.011968	0.014261	
0.025958	0.033158	0.002842	0.024561	0.018656	0.029260	0.003309	0.034457	0.027200	0.015718	0.026966	0.022651	0.003029	0.018534	0.027507	0.021853	0.014570	0.004166	0.001014	0.000805	0.011900	0.034580	0.026068	0.026178	0.008161	0.013558	0.010374	0.029999	0.031757	0.001026	0.020854	0.022197	0.006743	0.017617	0.021883	0.033407	0.036032	0.030442	0.026758	0.025595	0.036626	0.027106	0.023120	0.026619	0.009368	0.013407	0.014423	0.028682	0.001924	0.027380	
0.022775	0.003846	0.011969	0.036993	0.028574	0.002818	0.037282	0.005509	0.020539	0.019488	0.011063	0.024742	0.025176	0.004287	0.042617	0.011687	0.027201	0.006033	0.002887	0.038470	0.041468	0.022040	0.010891	0.023717	0.019327	0.003307	0.021562	0.041288	0.008179	0.037238	0.025449	0.023232	0.020524	0.000633	0.014542	0.006172	0.016149	0.022809	0.024931	0.000166	0.041677	0.038011	0.019768	0.021033	0.003992	0.025170	0.027982	0.001215	0.025137	0.028436	
0.019927	0.012385	0.024144	0.000600	0.030411	0.033131	0.003467	0.009989	0.016857	0.025173	0.002722	0.035218	0.014592	0.026193	0.037018	0.017893	0.023589	0.034411	0.031075	0.018834	0.030896	0.036839	0.033440	0.005408	0.026399	0.027295	0.007997	0.015902	0.012004	0.007340	0.024545	0.005195	0.021376	0.022597	0.009885	0.026627	0.020738	0.028168	0.031667	0.014715	0.035937	0.014680	0.022255	0.032845	0.006814	0.005379	0.000733	0.034609	0.007990	0.012098	
0.009701	0.016717	0.005965	0.021560	0.023493	0.011114	0.018692	0.032355	0.021403	0.039186	0.021605	0.006830	0.032737	0.017256	0.016054	0.004135	0.029560	0.002623	0.021233	0.031940	0.034257	0.002651	0.032904	0.010218	0.011922	0.025263	0.033345	0.011233	0.000688	0.020855	0.028892	0.034097	0.018627	0.004419	0.016645	0.037770	0.011489	0.024007	0.016095	0.039135	0.009649	0.012758	0.023181	0.016523	0.009612	0.039360	0.018897	0.019568	0.028452	0.023331	
0.017330	0.032472	0.013411	0.034379	0.027101	0.021683	0.001868	0.023190	0.016192	0.026499	0.018675	0.017217	0.013623	0.023509	0.017616	0.010784	0.031720	0.013165	0.014569	0.009882	0.019160	0.026514	0.030166	0.006705	0.008509	0.011642	0.024750	0.029388	0.002284	0.005355	0.027487	0.035810	0.019101	0.024477	0.021256	0.007661	0.026880	0.027895	0.003195	0.034080	0.026720	0.003482	0.001163	0.019557	0.024529	0.032885	0.032840	0.029128	0.024729	0.027768	
0.004424	0.011500	0.001076	0.009667	0.011620	0.026093	0.047527	0.001491	0.000692	0.013675	0.018955	0.009780	0.001882	0.017239	0.005243	0.022796	0.022254	0.043531	0.022549	0.018939	0.005852	0.043860	0.009143	0.010635	0.025614	0.015021	0.021705	0.009814	0.022486	0.036687	0.009118	0.040739	0.005869	0.025687	0.042699	0.021426	0.004279	0.010386	0.028259	0.039860	0.039176	0.026042	0.013715	0.011507	0.020725	0.039613	0.037004	0.042670	0.024242	0.005234	
0.021437	0.021048	0.007463	0.010857	0.013792	0.006109	0.025054	0.001661	0.005460	0.017216	0.007786	0.016709	0.024192	0.025041	0.017997	0.014720	0.000844	0.029151	0.018905	0.029302	0.004388	0.020457	0.019698	0.010162	0.013993	0.029136	0.037671	0.017244	0.030329	0.022560	0.010673	0.034665	0.028507	0.009308	0.021717	0.010657	0.021390	0.035074	0.035773	0.019307	0.025925	0.017779	0.038372	0.013113	0.027289	0.017070	0.019755	0.038932	0.037397	0.016916	
0.011182	0.006842	0.009716	0.037350	0.009250	0.029882	0.007684	0.035094	0.000978	0.019578	0.016668	0.013914	0.017275	0.024377	0.009032	0.004948	0.024911	0.042468	0.026563	0.003214	0.013795	0.031361	0.012504	0.019455	0.019011	0.018871	0.000620	0.009064	0.018565	0.020171	0.042102	0.030446	0.028272	0.000348	0.036095	0.037672	0.011348	0.034502	0.009933	0.039575	0.005177	0.017615	0.031091	0.009649	0.014355	0.032813	0.032709	0.031000	0.029460	0.011495	
0.022758	0.016452	0.013882	0.003371	0.022547	0.005745	0.032476	0.001423	0.026778	0.032848	0.014657	0.021614	0.006324	0.029382	0.011909	0.001921	0.021112	0.028081	0.018920	0.006327	0.031342	0.015630	0.029623	0.028679	0.030197	0.020604	0.013759	0.014350	0.027933	0.023565	0.014632	0.010221	0.029043	0.015812	0.023276	0.010030	0.019763	0.027603	0.032181	0.019195	0.019884	0.032560	0.029320	0.000631	0.000771	0.031526	0.022717	0.024816	0.031489	0.030323	
0.032981	0.001142	0.023881	0.019902	0.008828	0.010140	0.023662	0.004532	0.031552	0.005734	0.037347	0.043200	0.028252	0.008800	0.004156	0.014356	0.033910	0.043565	0.003256	0.029940	0.011253	0.027196	0.022887	0.001335	0.019516	0.037224	0.027943	0.006400	0.028595	0.038035	0.039885	0.021338	0.019689	0.007437	0.007979	0.033599	0.043167	0.043707	0.013070	0.002342	0.021612	0.008942	0.019602	0.002220	0.018022	0.015752	0.019658	0.004990	0.005789	0.021681	
0.002531	0.011526	0.034410	0.022084	0.002003	0.037650	0.024371	0.013269	0.006949	0.037275	0.022537	0.027673	0.026246	0.032371	0.027578	0.021467	0.007998	0.024968	0.020731	0.014609	0.019749	0.001391	0.036691	0.011737	0.019030	0.030401	0.028093	0.013309	0.012515	0.001463	0.025335	0.029707	0.019635	0.004889	0.019324	0.016572	0.034199	0.011834	0.006632	0.023877	0.031468	0.030619	0.026628	0.019806	0.028080	0.014467	0.009847	0.025332	0.026724	0.002404	
0.024791	0.023018	0.007724	0.006356	0.021004	0.011989	0.021367	0.036076	0.005474	0.010533	0.016198	0.035622	0.000609	0.017701	0.032835	0.021731	0.036856	0.016921	0.037610	0.001824	0.009771	0.025395	0.008635	0.000725	0.028197	0.037773	0.023670	0.005059	0.035051	0.002967	0.035005	0.021790	0.029012	0.024918	0.037446	0.019574	0.031561	0.023684	0.012853	0.036229	0.005246	0.007032	0.036137	0.018059	0.012941	0.022063	0.006694	0.008932	0.036882	0.010464	
0.005798	0.008825	0.037762	0.039738	0.019544	0.043308	0.017295	0.019766	0.023453	0.032806	0.009769	0.041575	0.020810	0.010652	0.012364	0.038321	0.028854	0.030343	0.013211	0.016660	0.028144	0.033337	0.000091	0.011062	0.032304	0.010835	0.001933	0.003646	0.035665	0.012427	0.021701	0.018409	0.019956	0.019644	0.008674	0.039936	0.008480	0.006933	0.016205	0.016722	0.007775	0.033582	0.028888	0.025763	0.000606	0.031865	0.005619	0.008566	0.002926	0.037454	
0.022029	0.025716	0.019567	0.012319	0.008590	0.013051	0.026057	0.025885	0.032969	0.005597	0.027371	0.009072	0.026272	0.027538	0.025426	0.009911	0.024180	0.003891	0.014932	0.029342	0.018572	0.016286	0.035915	0.025008	0.005022	0.016168	0.013559	0.020561	0.034997	0.029145	0.035790	0.029758	0.025582	0.005660	0.008062	0.008193	0.007943	0.034895	0.027202	0.035032	0.016800	0.024373	0.006789	0.011880	0.032792	0.030112	0.014103	0.011457	0.002180	0.026450	
0.020706	0.026728	0.031746	0.032225	0.021114	0.016156	0.002958	0.005388	0.011826	0.014828	0.013373	0.029553	0.028359	0.023367	0.002305	0.029262	0.013892	0.020140	0.008040	0.027764	0.023642	0.025690	0.028961	0.008361	0.024167	0.006887	0.024897	0.035263	0.030606	0.030891	0.001741	0.034371	0.022421	0.023891	0.019639	0.029678	0.017704	0.024135	0.008615	0.003740	0.000537	0.027690	0.033141	0.013369	0.021517	0.014167	0.024037	0.027508	0.018009	0.014997	
0.004129	0.030057	0.028021	0.039799	0.006917	0.039978	0.014486	0.017493	0.031566	0.023566	0.014055	0.033536	0.019462	0.017063	0.017132	0.023646	0.000834	0.038171	0.002271	0.011988	0.027854	0.017185	0.027084	0.008534	0.018777	0.012863	0.005489	0.007130	0.004562	0.028725	0.000922	0.016577	0.022230	0.023917	0.025785	0.005866	0.030839	0.027487	0.038234	0.010789	0.029197	0.019334	0.031675	0.026655	0.029588	0.015493	0.008118	0.036996	0.015095	0.012831	
0.034187	0.004673	0.018044	0.001810	0.031097	0.014546	0.024769	0.013989	0.041088	0.030466	0.002410	0.037733	0.014298	0.024852	0.039530	0.025892	0.001861	0.039760	0.014814	0.040130	0.029478	0.024185	0.000728	0.000596	0.022139	0.041819	0.015760	0.001397	0.005122	0.036660	0.003420	0.005914	0.003592	0.012178	0.024500	0.002860	0.010177	0.042300	0.039173	0.004265	0.032251	0.010963	0.036892	0.010353	0.002938	0.033037	0.009567	0.042014	0.033575	0.006196	
0.004206	0.021788	0.030957	0.014961	0.035419	0.010663	0.035702	0.031507	0.017995	0.008837	0.026843	0.009052	0.024521	0.016793	0.028153	0.023318	0.034703	0.025596	0.033738	0.024540	0.023008	0.029176	0.015201	0.020472	0.020594	0.018391	0.002581	0.013440	0.037328	0.020124	0.007197	0.024264	0.034527	0.031214	0.000390	0.027804	0.008583	0.014657	0.030018	0.011919	0.006484	0.020620	0.010075	0.022479	0.011491	0.002210	0.007796	0.004405	0.033680	0.030578	
0.008777	0.033283	0.019808	0.032621	0.023861	0.002956	0.033351	0.020301	0.016641	0.004742	0.032088	0.002099	0.032002	0.007102	0.019005	0.013198	0.023069	0.024384	0.034116	0.008685	0.008288	0.008909	0.022545	0.029737	0.033536	0.017534	0.028446	0.021308	0.019224	0.018489	0.011444	0.013959	0.006128	0.012384	0.010595	0.022435	0.019610	0.022418	0.032112	0.032167	0.025624	0.025120	0.024885	0.012705	0.011402	0.025774	0.030650	0.010371	0.017850	0.032262	
0.002701	0.000242	0.032508	0.018142	0.004784	0.030399	0.028580	0.011238	0.021522	0.026157	0.038460	0.036545	0.030682	0.025715	0.020331	0.004785	0.000524	0.032771	0.012258	0.032501	0.018402	0.011915	0.021462	0.030050	0.010846	0.002274	0.031366	0.018894	0.013352	0.030575	0.006919	0.035041	0.023123	0.025608	0.024188	0.009757	0.021755	0.027826	0.022635	0.022130	0.003211	0.031023	0.028330	0.011949	0.018188	0.037478	0.002490	0.025437	0.017746	0.005185	
0.022215	0.030604	0.023122	0.013570	0.025168	0.005358	0.026369	0.008960	0.000434	0.038485	0.015002	0.036876	0.009262	0.012639	0.019820	0.011157	0.015091	0.035673	0.002769	0.037962	0.008943	0.039443	0.016912	0.037420	0.009448	0.025360	0.002398	0.033014	0.005217	0.037755	0.027743	0.039009	0.022798	0.002393	0.027815	0.018352	0.007913	0.021351	0.002145	0.030263	0.015377	0.025865	0.002781	0.021837	0.007667	0.012524	0.021765	0.029744	0.027330	0.028882	
0.035486	0.029077	0.023333	0.004892	0.014310	0.021222	0.038050	0.022851	0.003381	0.019214	0.000487	0.015810	0.038643	0.038686	0.019216	0.013498	0.009236	0.010863	0.029762	0.033540	0.015852	0.026521	0.024354	0.024533	0.010964	0.012381	0.017015	0.026058	0.011736	0.006355	0.037032	0.012568	0.020647	0.021159	0.016933	0.010777	0.015046	0.021703	0.006512	0.012307	0.002754	0.039394	0.007477	0.041416	0.030074	0.016779	0.039306	0.006551	0.017352	0.026883	
0.023512	0.030227	0.007142	0.018804	0.016225	0.022006	0.008522	0.004379	0.036865	0.011515	0.005849	0.028715	0.006196	0.012162	0.034048	0.023934	0.023935	0.004266	0.018592	0.033282	0.011920	0.016828	0.006043	0.030494	0.038112	0.037092	0.033026	0.008440	0.034640	0.001150	0.022528	0.001051	0.016748	0.011718	0.034466	0.023705	0.037054	0.016828	0.012482	0.028752	0.029157	0.035735	0.001638	0.006038	0.023823	0.037908	0.021888	0.037134	0.000852	0.012576	
0.009454	0.021795	0.037795	0.001853	0.034831	0.016122	0.025289	0.033603	0.029082	0.010958	0.019262	0.033458	0.018133	0.027760	0.024906	0.027283	0.027540	0.022747	0.013165	0.007721	0.038807	0.038451	0.004065	0.008704	0.035818	0.009001	0.034838	0.013563	0.003361	0.028474	0.001759	0.000696	0.032753	0.018776	0.027785	0.017106	0.010924	0.014308	0.014866	0.007597	0.015252	0.011582	0.035253	0.006481	0.022480	0.021331	0.015230	0.029993	0.024940	0.013047	
0.009428	0.020583	0.025008	0.001864	0.020317	0.011686	0.009110	0.042453	0.021534	0.005125	0.022608	0.000890	0.027645	0.020011	0.009399	0.041276	0.033676	0.005244	0.016363	0.014319	0.017170	0.021904	0.032280	0.034481	0.027582	0.016355	0.026067	0.037008	0.017474	0.042754	0.024764	0.019453	0.037779	0.029432	0.013262	0.000081	0.009830	0.013612	0.020705	0.002182	0.020996	0.015980	0.001546	0.041226	0.038622	0.008706	0.024407	0.029710	0.003272	0.012820	
0.031406	0.030101	0.013118	0.021162	0.012667	0.001071	0.012164	0.005834	0.030693	0.014736	0.007669	0.017036	0.032555	0.033722	0.006112	0.003481	0.032266	0.027389	0.020699	0.016838	0.028851	0.010419	0.032754	0.034306	0.031489	0.020653	0.033359	0.023777	0.033021	0.010465	0.012566	0.027871	0.002719	0.019424	0.028565	0.018671	0.019081	0.006671	0.014433	0.010119	0.028441	0.002512	0.024964	0.034217	0.003181	0.021520	0.030076	0.031184	0.022438	0.011533	
0.031022	0.012610	0.019946	0.027160	0.018578	0.024472	0.022970	0.022746	0.005112	0.033907	0.010984	0.016017	0.001770	0.015949	0.013924	0.013899	0.020829	0.029003	0.019035	0.015682	0.019817	0.031712	0.015330	0.031033	0.016231	0.022075	0.015667	0.022603	0.020752	0.027536	0.004686	0.032617	0.002239	0.015692	0.019009	0.033377	0.005366	0.022362	0.034999	0.022953	0.033250	0.030901	0.014021	0.013565	0.017520	0.011752	0.024037	0.019175	0.032040	0.012068	
0.016904	0.013881	0.005042	0.022582	0.010364	0.008658	0.015142	0.013782	0.010195	0.017581	0.008870	0.028774	0.014392	0.035593	0.018723	0.028011	0.031140	0.026601	0.033723	0.042098	0.009078	0.002244	0.040691	0.002921	0.037336	0.010718	0.015699	0.031117	0.016519	0.033575	0.031623	0.023359	0.031691	0.009384	0.027428	0.033493	0.023599	0.020975	0.019219	0.027403	0.005582	0.007210	0.020604	0.028187	0.018241	0.005133	0.005836	0.030982	0.013690	0.014407	
0.031213	0.015507	0.012878	0.008507	0.019530	0.001806	0.021715	0.036206	0.019977	0.012007	0.014184	0.033353	0.005492	0.002727	0.018626	0.021587	0.031840	0.029201	0.018939	0.020846	0.026461	0.029835	0.031019	0.008100	0.023081	0.004671	0.027432	0.023098	0.035882	0.001546	0.011800	0.011211	0.024869	0.017037	0.015705	0.032884	0.038538	0.005376	0.001617	0.018515	0.025638	0.032310	0.013258	0.016451	0.012038	0.039056	0.003605	0.039913	0.028904	0.024011	
0.020688	0.035230	0.013100	0.022672	0.001299	0.036305	0.011437	0.018892	0.022190	0.022151	0.032615	0.029837	0.030586	0.009814	0.001523	0.043329	0.006170	0.021079	0.026533	0.027457	0.003944	0.015902	0.036957	0.026771	0.026016	0.006255	0.004343	0.010413	0.004804	0.035833	0.036947	0.042633	0.012399	0.028426	0.030147	0.002749	0.001842	0.018802	0.000012	0.017318	0.016740	0.008290	0.026531	0.016869	0.011765	0.015536	0.022780	0.020696	0.041413	0.023963	
0.005683	0.031348	0.042555	0.011297	0.011113	0.001008	0.008209	0.002123	0.032468	0.020618	0.001584	0.022613	0.008937	0.021455	0.018313	0.040777	0.014559	0.036691	0.020642	0.044279	0.004333	0.031461	0.039603	0.025783	0.011778	0.011764	0.025166	0.007051	0.006970	0.028140	0.028192	0.030281	0.020382	0.000959	0.002971	0.008483	0.011913	0.020359	0.036428	0.011776	0.032966	0.041570	0.032842	0.040443	0.011631	0.013798	0.006766	0.036940	0.008225	0.014753	
0.033652	0.032869	0.011389	0.002598	0.005018	0.035945	0.022145	0.019299	0.021382	0.021002	0.010968	0.030957	0.022282	0.029650	0.024808	0.022771	0.013468	0.032641	0.008209	0.020391	0.006958	0.006070	0.009111	0.020149	0.036013	0.036092	0.012487	0.002630	0.005858	0.021492	0.035576	0.010438	0.005963	0.023756	0.026151	0.039684	0.030530	0.028583	0.006745	0.022588	0.021781	0.009391	0.031290	0.036738	0.012788	0.013567	0.026849	0.005623	0.006016	0.027639	
0.039592	0.016248	0.031473	0.020376	0.010393	0.028484	0.031319	0.016064	0.009621	0.000005	0.024950	0.010504	0.001029	0.009837	0.018869	0.004562	0.022686	0.018514	0.029814	0.015653	0.007710	0.028990	0.021384	0.017212	0.037032	0.019018	0.035408	0.034829	0.031616	0.005203	0.012082	0.031583	0.043974	0.041584	0.019308	0.006794	0.019821	0.019504	0.011321	0.004709	0.001574	0.011726	0.039205	0.015941	0.020966	0.043736	0.004332	0.016147	0.035856	0.001441	
0.005285	0.038768	0.014640	0.015083	0.021756	0.016017	0.026499	0.003885	0.037877	0.004097	0.004117	0.027281	0.038223	0.036128	0.033627	0.034697	0.007970	0.009565	0.007136	0.010142	0.004297	0.026115	0.008660	0.017500	0.027192	0.008689	0.037248	0.031011	0.002638	0.020959	0.036599	0.007572	0.017673	0.022675	0.029865	0.009290	0.030263	0.030236	0.009845	0.008101	0.037972	0.027833	0.010479	0.004039	0.019802	0.014456	0.019449	0.037512	0.011356	0.037878	
0.014498	0.035320	0.035400	0.032308	0.034809	0.000197	0.004575	0.005613	0.002484	0.005687	0.033116	0.017072	0.034366	0.029421	0.036323	0.008363	0.016078	0.017845	0.019788	0.016902	0.012398	0.017563	0.017084	0.008264	0.001834	0.036265	0.006131	0.022933	0.020541	0.000523	0.034587	0.008837	0.004795	0.026902	0.036238	0.029933	0.034437	0.000473	0.015189	0.019144	0.025505	0.012535	0.017919	0.025769	0.027604	0.024938	0.023479	0.022773	0.028733	0.036508	
0.029616	0.019230	0.015648	0.023428	0.014777	0.021987	0.031511	0.017693	0.015892	0.013452	0.039537	0.021120	0.020205	0.005620	0.028422	0.001338	0.004095	0.001762	0.017239	0.010075	0.025814	0.027723	0.021256	0.034743	0.002232	0.016518	0.028980	0.022261	0.036636	0.018593	0.025098	0.008030	0.009846	0.018119	0.018180	0.001793	0.020584	0.008560	0.013740	0.018341	0.023022	0.000764	0.039025	0.034294	0.025686	0.032366	0.031627	0.032229	0.032461	0.018835	
0.003082	0.016509	0.017028	0.029168	0.035162	0.022540	0.034610	0.003829	0.006991	0.011395	0.017289	0.010966	0.039074	0.024260	0.035852	0.031096	0.019049	0.011622	0.006498	0.007134	0.038679	0.008446	0.017349	0.031674	0.020518	0.033443	0.018302	0.017369	0.003568	0.000024	0.012005	0.038555	0.019040	0.001569	0.020069	0.017248	0.011092	0.028624	0.016245	0.013739	0.033562	0.036108	0.024074	0.035359	0.028328	0.029101	0.011554	0.018067	0.000242	0.032897	
0.002863	0.025442	0.018666	0.025174	0.023823	0.024501	0.004378	0.004348	0.014837	0.014724	0.026598	0.003525	0.027061	0.027446	0.030104	0.018447	0.017345	0.020755	0.015810	0.016310	0.030828	0.028487	0.015383	0.033545	0.010355	0.018743	0.012821	0.027727	0.032299	0.033783	0.015534	0.025531	0.001259	0.012849	0.014286	0.005199	0.023403	0.016757	0.026934	0.012113	0.032204	0.032660	0.021827	0.024604	0.023394	0.009415	0.020359	0.020540	0.021416	0.033588	
0.037313	0.013361	0.025992	0.025201	0.015540	0.007594	0.015690	0.029701	0.010114	0.015986	0.023388	0.010399	0.014617	0.021170	0.025519	0.015841	0.033743	0.004589	0.000044	0.035086	0.010091	0.001394	0.036153	0.030776	0.028340	0.012801	0.018241	0.007954	0.011198	0.031182	0.015135	0.029129	0.036642	0.016160	0.027542	0.036674	0.019094	0.029838	0.000864	0.030087	0.007516	0.037031	0.020522	0.011399	0.011871	0.029763	0.004749	0.030336	0.023811	0.012818	
0.014601	0.035593	0.006463	0.038766	0.022281	0.022274	0.017365	0.003954	0.000676	0.010214	0.017308	0.017631	0.018740	0.024941	0.032180	0.013334	0.038453	0.005205	0.005769	0.004210	0.008681	0.035722	0.014759	0.018109	0.031266	0.033054	0.008437	0.031001	0.011059	0.012224	0.038632	0.033015	0.017834	0.001960	0.011679	0.011546	0.019623	0.011212	0.025514	0.003061	0.035740	0.007709	0.038312	0.032911	0.015902	0.017320	0.037230	0.037880	0.013160	0.035489	
0.039085	0.040461	0.027414	0.009660	0.000259	0.023435	0.017871	0.020528	0.027585	0.003327	0.015221	0.010564	0.039373	0.037593	0.002127	0.021640	0.035111	0.020697	0.038649	0.007536	0.016326	0.020396	0.015167	0.014758	0.032572	0.036231	0.041609	0.040940	0.034095	0.018547	0.012839	0.006062	0.014650	0.032751	0.007855	0.000328	0.007528	0.012308	0.016657	0.013875	0.005668	0.000231	0.024155	0.025190	0.026426	0.000664	0.025786	0.030281	0.005625	0.022347	
0.023931	0.004122	0.016444	0.006632	0.041818	0.010530	0.010545	0.001395	0.014394	0.037303	0.034573	0.011473	0.024172	0.023453	0.033253	0.015267	0.031518	0.036809	0.005653	0.040578	0.030317	0.035953	0.033802	0.017575	0.010992	0.029681	0.021086	0.015062	0.007204	0.015866	0.036430	0.005292	0.032431	0.014745	0.033026	0.000560	0.033742	0.014268	0.038319	0.005324	0.005659	0.001151	0.015037	0.012065	0.002740	0.032147	0.039733	0.019826	0.005051	0.011049	
0.023460	0.022198	0.033008	0.005279	0.029701	0.018490	0.041652	0.027307	0.006914	0.005514	0.008267	0.029080	0.027780	0.016353	0.014107	0.040024	0.030526	0.001798	0.004869	0.003073	0.021061	0.036747	0.036505	0.026087	0.035591	0.013329	0.016614	0.017907	0.027856	0.002135	0.035562	0.010061	0.037457	0.010373	0.005296	0.029101	0.002747	0.039085	0.033272	0.007505	0.002182	0.019229	0.002472	0.027033	0.020807	0.012967	0.008944	0.025587	0.027370	0.019717	
0.013443	0.026020	0.026277	0.042014	0.016421	0.032829	0.024530	0.025721	0.033190	0.032618	0.034538	0.012629	0.000307	0.023909	0.011087	0.004986	0.000240	0.009174	0.028545	0.011279	0.001477	0.035409	0.024806	0.034460	0.012474	0.003464	0.041901	0.010024	0.015834	0.042959	0.006380	0.010909	0.019997	0.010558	0.038452	0.008182	0.021616	0.004438	0.003208	0.019881	0.020900	0.006049	0.040055	0.002203	0.008604	0.036729	0.042509	0.032511	0.033440	0.000815	
0.010369	0.026614	0.032412	0.030992	0.008015	0.004357	0.028168	0.002187	0.003819	0.001186	0.010175	0.016724	0.032389	0.006115	0.029421	0.030337	0.030223	0.013539	0.021994	0.009490	0.030612	0.022363	0.026916	0.026351	0.022035	0.020531	0.016438	0.008307	0.033439	0.033688	0.030461	0.023654	0.026996	0.033343	0.004945	0.022455	0.015534	0.030224	0.029191	0.033631	0.002332	0.028831	0.003517	0.007050	0.027193	0.022855	0.014918	0.022597	0.025705	0.005362	
0.030793	0.022425	0.030368	0.015096	0.028159	0.030873	0.000558	0.028784	0.002574	0.031121	0.022038	0.027496	0.027470	0.031299	0.026806	0.030574	0.036066	0.036746	0.011849	0.005733	0.010301	0.005390	0.030668	0.011514	0.015552	0.033740	0.004686	0.012578	0.013286	0.001223	0.028343	0.013201	0.019725	0.016328	0.033642	0.022268	0.009714	0.010292	0.034116	0.024804	0.008398	0.033513	0.036812	0.022694	0.004019	0.002972	0.027322	0.012421	0.023565	0.000085	
0.035116	0.023669	0.012886	0.004393	0.008594	0.020222	0.007571	0.017158	0.025828	0.029692	0.028754	0.040455	0.030214	0.029483	0.003933	0.022975	0.007818	0.007648	0.024223	0.002891	0.031692	0.004177	0.009571	0.021902	0.025801	0.003725	0.002455	0.020425	0.016739	0.026497	0.033360	0.036673	0.038652	0.018943	0.016046	0.035639	0.033493	0.016702	0.032637	0.008927	0.010367	0.035806	0.007310	0.007037	0.016475	0.016782	0.025392	0.021807	0.002993	0.038452	
0.022738	0.025982	0.033262	0.021277	0.019475	0.037783	0.020085	0.031008	0.029246	0.002824	0.012622	0.039742	0.024021	0.011207	0.034401	0.038787	0.017337	0.000247	0.026537	0.026845	0.008143	0.014685	0.006406	0.017410	0.017450	0.001284	0.004369	0.020177	0.020084	0.036125	0.024432	0.008791	0.012559	0.012671	0.028529	0.036411	0.017334	0.004475	0.029400	0.012422	0.005207	0.010729	0.036072	0.003264	0.034200	0.029924	0.008675	0.028164	0.009452	0.025733	
0.002630	0.008005	0.028238	0.012732	0.014440	0.003701	0.034929	0.019624	0.008396	0.014592	0.007266	0.015695	0.013939	0.005483	0.012642	0.025240	0.033785	0.018108	0.019668	0.009745	0.010230	0.001848	0.030697	0.029544	0.024662	0.027585	0.002837	0.028099	0.016765	0.033760	0.037501	0.030810	0.008665	0.033761	0.022456	0.034448	0.026869	0.024062	0.030154	0.030927	0.023970	0.009404	0.004619	0.001633	0.037102	0.011884	0.028068	0.024011	0.027023	0.037752	
0.034086	0.029229	0.028544	0.028650	0.038944	0.034241	0.028000	0.025059	0.036597	0.025358	0.019399	0.015835	0.024886	0.024359	0.011767	0.006601	0.021863	0.003925	0.022042	0.012962	0.021158	0.014140	0.013184	0.008496	0.023910	0.033341	0.006575	0.011363	0.033879	0.025319	0.022612	0.000116	0.005146	0.009610	0.024765	0.020416	0.026676	0.013380	0.011251	0.030697	0.018794	0.010645	0.021016	0.020059	0.022589	0.007366	0.037746	0.002351	0.011929	0.019125	
0.012498	0.015034	0.002698	0.032891	0.004206	0.004216	0.016089	0.031075	0.026299	0.042048	0.011727	0.003303	0.041121	0.014319	0.044177	0.027183	0.016904	0.019930	0.001280	0.040783	0.033362	0.035047	0.002449	0.018989	0.040088	0.010609	0.017983	0.004705	0.008653	0.019123	0.022242	0.037916	0.005058	0.005924	0.008146	0.012272	0.009782	0.038802	0.023093	0.009526	0.012428	0.004217	0.032768	0.020771	0.040694	0.034424	0.011274	0.011407	0.022684	0.037783	
0.040885	0.024046	0.002504	0.041326	0.002899	0.007999	0.003982	0.040061	0.040489	0.011795	0.028784	0.018349	0.002228	0.014809	0.015032	0.001764	0.027839	0.020140	0.002351	0.006025	0.022584	0.022867	0.026823	0.026996	0.026246	0.008592	0.024576	0.029581	0.013524	0.040973	0.011306	0.026036	0.008906	0.011039	0.023998	0.021364	0.008969	0.001825	0.007879	0.021533	0.023418	0.041571	0.019924	0.016465	0.009059	0.030195	0.021050	0.028303	0.032465	0.038624	
0.041921	0.043599	0.002958	0.023837	0.013778	0.008416	0.026802	0.036663	0.025868	0.018343	0.000234	0.034617	0.036470	0.025490	0.015925	0.011974	0.004908	0.003709	0.023602	0.011021	0.006946	0.044959	0.009759	0.009931	0.030876	0.014895	0.004898	0.030042	0.028662	0.001815	0.025201	0.043587	0.010735	0.010142	0.011820	0.019248	0.010351	0.032447	0.010163	0.006178	0.004748	0.038509	0.036847	0.018405	0.027654	0.006086	0.015540	0.020245	0.017143	0.042034	
0.040165	0.003981	0.010188	0.001121	0.014481	0.034788	0.001867	0.014621	0.006117	0.031997	0.020983	0.006148	0.004673	0.005689	0.027513	0.014950	0.028603	0.021980	0.018885	0.035768	0.007784	0.032513	0.038027	0.033701	0.019096	0.029844	0.030675	0.017233	0.005238	0.023554	0.014009	0.030727	0.019301	0.018397	0.040399	0.035876	0.021469	0.027330	0.002484	0.004993	0.011502	0.022251	0.013134	0.022689	0.031008	0.039544	0.008583	0.026780	0.014825	0.012519	
0.021309	0.000736	0.033349	0.030580	0.001131	0.016251	0.023320	0.024326	0.002007	0.026018	0.022244	0.010822	0.030290	0.031244	0.014595	0.030832	0.027290	0.013320	0.026866	0.023347	0.035266	0.030725	0.016876	0.012116	0.010476	0.019317	0.037830	0.003839	0.010275	0.007942	0.019935	0.008284	0.014365	0.036765	0.011054	0.022759	0.019473	0.022221	0.010839	0.031714	0.017403	0.036157	0.028705	0.013600	0.000642	0.012131	0.031092	0.028446	0.028483	0.011396	
0.039154	0.025250	0.025043	0.025490	0.023559	0.017716	0.036261	0.033671	0.010562	0.007879	0.034582	0.019016	0.026594	0.017529	0.028245	0.007430	0.010636	0.002440	0.022210	0.019862	0.037459	0.019534	0.010995	0.029932	0.037947	0.036546	0.010059	0.003883	0.001258	0.036192	0.005050	0.016962	0.019612	0.004559	0.008259	0.006405	0.032621	0.025464	0.037622	0.003969	0.000299	0.003552	0.026029	0.033574	0.025027	0.003001	0.033123	0.015174	0.023844	0.018925	
0.001116	0.027216	0.029717	0.031132	0.021165	0.008739	0.039372	0.006484	0.007120	0.039632	0.025047	0.025781	0.001979	0.015457	0.015877	0.028878	0.037270	0.001067	0.036066	0.039381	0.032490	0.007018	0.023877	0.025649	0.030531	0.022767	0.032110	0.010857	0.000768	0.039873	0.013245	0.013690	0.034392	0.029708	0.022770	0.023760	0.013054	0.005797	0.034896	0.008421	0.012445	0.017122	0.014553	0.008339	0.003697	0.012711	0.027739	0.021681	0.011934	0.005611	
0.006722	0.017710	0.026478	0.007091	0.029565	0.018248	0.026909	0.013450	0.000989	0.033473	0.020191	0.007029	0.030550	0.019434	0.030210	0.011287	0.007181	0.033691	0.038155	0.005696	0.012965	0.025459	0.019979	0.031390	0.034977	0.009390	0.017164	0.015069	0.032416	0.018670	0.004188	0.019854	0.029737	0.008122	0.025440	0.037734	0.005164	0.027077	0.008376	0.017599	0.020787	0.030394	0.012750	0.026381	0.029016	0.020188	0.036957	0.009849	0.007277	0.021569	
0.012057	0.022275	0.035689	0.022264	0.002406	0.002787	0.021730	0.003077	0.037578	0.031222	0.018866	0.026117	0.019233	0.036187	0.016376	0.026777	0.032296	0.016737	0.016600	0.032163	0.020256	0.001920	0.032363	0.008464	0.017732	0.034324	0.037850	0.025665	0.028778	0.004395	0.013064	0.019675	0.028268	0.036823	0.035324	0.004797	0.036437	0.007245	0.000818	0.025432	0.002417	0.030378	0.001268	0.025509	0.002446	0.035195	0.002906	0.026201	0.013415	0.008199	
0.027952	0.003386	0.005063	0.029977	0.034186	0.022720	0.029378	0.006574	0.005430	0.041290	0.005207	0.012302	0.028617	0.010630	0.018435	0.009621	0.009955	0.039456	0.014656	0.011244	0.010968	0.015204	0.010567	0.015542	0.030921	0.038484	0.035797	0.016889	0.025819	0.022175	0.014978	0.021175	0.038894	0.011769	0.035353	0.012009	0.016340	0.035556	0.016321	0.029021	0.007546	0.002657	0.011371	0.019244	0.029489	0.017780	0.029269	0.018990	0.036313	0.007482	
0.012171	0.032595	0.031565	0.002451	0.019220	0.025030	0.011856	0.000916	0.008894	0.010172	0.022877	0.019356	0.017744	0.017238	0.038117	0.038978	0.024336	0.008772	0.009474	0.012278	0.024012	0.037656	0.015517	0.028739	0.010004	0.032706	0.041064	0.026146	0.030603	0.021558	0.017123	0.023632	0.040919	0.002025	0.016807	0.028806	0.021366	0.012209	0.009036	0.004512	0.036700	0.009934	0.012011	0.016435	0.004924	0.018558	0.032608	0.039037	0.013504	0.007808	
0.018597	0.031086	0.022650	0.009965	0.008548	0.014136	0.036286	0.007535	0.020899	0.034199	0.020856	0.010484	0.017177	0.004678	0.036863	0.023108	0.001738	0.031310	0.017935	0.006864	0.034057	0.023785	0.021027	0.016484	0.037924	0.007957	0.037482	0.004259	0.011640	0.013515	0.013090	0.007127	0.036268	0.019158	0.030410	0.000171	0.032104	0.006689	0.022096	0.030295	0.031211	0.015979	0.003058	0.033063	0.023382	0.034959	0.001187	0.013410	0.026120	0.037182	
0.003653	0.021594	0.014770	0.014178	0.010300	0.027955	0.009855	0.011240	0.009359	0.011623	0.003296	0.019139	0.019405	0.017622	0.038734	0.009684	0.040836	0.038564	0.028524	0.011644	0.041240	0.005191	0.013910	0.014030	0.017713	0.003041	0.037934	0.005075	0.019531	0.036733	0.041943	0.007596	0.035144	0.025008	0.034149	0.010369	0.002067	0.029738	0.003135	0.021423	0.022021	0.035331	0.019893	0.024854	0.034341	0.011316	0.022214	0.031993	0.026268	0.004824	
0.034322	0.028497	0.022337	0.032639	0.019573	0.016770	0.028457	0.010627	0.004917	0.034647	0.032396	0.026647	0.020876	0.016612	0.032238	0.006180	0.027124	0.002842	0.032282	0.022356	0.002185	0.008370	0.021758	0.031096	0.032767	0.003187	0.002000	0.026826	0.019771	0.013505	0.017296	0.009877	0.019089	0.023236	0.009330	0.029424	0.002316	0.032499	0.012596	0.026418	0.022372	0.006381	0.024388	0.029168	0.033546	0.017997	0.021036	0.028570	0.009655	0.011001	
0.020137	0.007866	0.024206	0.035237	0.027320	0.003859	0.037253	0.014718	0.030810	0.029758	0.029491	0.005171	0.008164	0.007315	0.035216	0.009849	0.002313	0.011290	0.037229	0.006351	0.005413	0.037213	0.018228	0.000351	0.020952	0.018434	0.004218	0.029400	0.011886	0.039221	0.020739	0.016834	0.003990	0.032726	0.037967	0.038016	0.020042	0.020283	0.038873	0.004629	0.036027	0.020214	0.025329	0.035865	0.002163	0.014237	0.027937	0.022291	0.000403	0.012567	
0.036590	0.006133	0.022426	0.022570	0.037182	0.003508	0.017269	0.034018	0.017820	0.017236	0.009977	0.001816	0.000021	0.037435	0.006802	0.041507	0.024287	0.040531	0.016484	0.024984	0.027623	0.010667	0.002056	0.034521	0.017290	0.017079	0.025115	0.036497	0.029090	0.011027	0.016457	0.021687	0.029644	0.010547	0.002826	0.032245	0.029425	0.005857	0.017797	0.001123	0.015719	0.011954	0.006961	0.024356	0.041040	0.020646	0.005593	0.035128	0.010517	0.030916	
0.007596	0.030891	0.009162	0.021795	0.038085	0.022888	0.003762	0.033656	0.029323	0.013328	0.016218	0.023665	0.004666	0.030244	0.024357	0.023241	0.035335	0.023868	0.016560	0.006780	0.021945	0.028200	0.004213	0.029266	0.039936	0.015946	0.015509	0.031738	0.032519	0.006618	0.008722	0.013353	0.033520	0.000417	0.021663	0.038678	0.001087	0.032498	0.013229	0.000972	0.005421	0.003536	0.013801	0.032162	0.036458	0.014188	0.005099	0.021834	0.023982	0.038073	
0.033741	0.021489	0.030651	0.004972	0.030965	0.020478	0.035988	0.015924	0.042518	0.021864	0.019084	0.007164	0.011521	0.026342	0.010155	0.002662	0.010605	0.001469	0.035603	0.005772	0.041267	0.030398	0.016185	0.003020	0.041071	0.012156	0.038646	0.002550	0.007518	0.005632	0.038004	0.005190	0.017064	0.010484	0.025645	0.013224	0.034018	0.007771	0.037904	0.041854	0.025178	0.030752	0.018892	0.021911	0.008708	0.005702	0.010412	0.037970	0.005783	0.016124	
0.020189	0.013689	0.032905	0.013072	0.010342	0.040645	0.001392	0.036988	0.002378	0.018808	0.037190	0.028818	0.011210	0.024653	0.022825	0.031136	0.001129	0.013288	0.002324	0.019828	0.017400	0.020378	0.018723	0.029503	0.013565	0.021429	0.027777	0.031040	0.041338	0.001789	0.013194	0.007566	0.005033	0.014369	0.032245	0.032197	0.022782	0.021744	0.002517	0.041587	0.010019	0.037893	0.027115	0.015847	0.010747	0.014102	0.022644	0.016064	0.038320	0.008264	
0.006153	0.036545	0.030063	0.026640	0.005384	0.007944	0.015706	0.015710	0.036948	0.010184	0.013724	0.028242	0.010987	0.026990	0.009387	0.003876	0.001756	0.034339	0.018670	0.012391	0.027955	0.008948	0.024920	0.011896	0.018414	0.020098	0.019646	0.006168	0.037541	0.011971	0.036919	0.034769	0.037365	0.006739	0.011782	0.017497	0.035325	0.023590	0.030816	0.029730	0.027810	0.022027	0.010853	0.017066	0.016018	0.029149	0.037108	0.002569	0.030073	0.003600	
0.23
