50
2
-17.730392	1.356931	-12.195443	-23.931328	8.830392	1.038998	-5.116024	-27.442992	-6.277251	9.090390	-26.423894	16.914493	-7.737865	-27.617634	-11.734896	22.922465	14.744740	-7.568924	13.321598	-26.480209	-11.280916	-24.572359	22.927967	4.912700	2.413144	-15.982586	26.868585	19.485376	-24.150559	13.564253	23.385303	12.988870	-19.925756	-18.007573	-15.672207	-27.091290	25.079765	2.058646	-11.800103	-6.121135	-10.857883	1.163316	17.130699	23.359430	-16.476085	16.411917	-9.971336	-8.551808	1.018438	5.108379	
-26.759414	-15.270917	7.980867	12.601376	-6.164156	26.885475	1.748737	-19.555971	15.724156	24.065837	-22.561471	25.723944	-0.287907	-25.499627	10.470620	-23.042799	24.348213	-7.922685	0.822990	-15.155953	17.894731	-17.320252	-25.671461	-11.797725	-15.010769	13.126897	-3.689909	1.362830	-3.318949	17.252046	-20.544034	26.111334	-24.204416	-12.291268	2.781934	-10.462640	-23.022018	-14.372866	-4.519638	11.705452	-3.005833	-22.054441	-1.587276	0.281263	-19.579316	23.281868	21.035269	-2.711624	16.654804	24.730099	
-7.873151	1.861831	-17.116373	4.536983	-1.354343	-23.411766	19.400471	-18.103258	-14.486603	21.081853	2.219598	-0.822233	-0.797894	-8.535342	2.097965	11.351755	-18.798634	-8.167386	11.987950	-19.527800	-9.168190	-12.539774	10.106459	-4.529219	-14.744413	-21.650594	-22.009298	7.419535	-14.630225	17.347084	18.868223	-16.500380	2.763087	7.568403	21.492586	-9.376278	22.276954	-1.297946	-6.892593	4.655050	-20.982074	-18.930825	13.970094	6.484965	-13.921041	-21.518821	-4.611100	-5.760636	18.711886	-17.722676	
-5.394234	-2.813643	8.387761	-20.333774	-4.729401	16.788588	-18.334412	14.667733	-11.431642	-24.164054	-13.369892	-6.775682	5.508931	7.683974	-2.102808	8.154110	-8.669576	-1.803378	1.456146	-6.032501	6.100451	7.202511	3.068588	15.937886	-19.995635	22.124533	-9.511755	8.407146	-10.383866	-4.009910	-9.144769	-3.775227	-13.587377	-14.369094	-21.629579	15.861392	12.295745	-9.791332	20.627186	-16.020911	-18.538265	-21.295506	6.431332	-12.242979	14.807987	1.116522	-2.825926	21.738694	21.086899	-4.535970	
-22.484663	21.903878	-21.843824	1.424570	2.648425	-7.578211	-13.540193	-1.899078	-6.331848	-5.455273	-19.324045	-1.122168	-20.301453	2.692925	22.488001	-3.838172	0.088064	-5.922731	-11.793771	-12.562251	-10.526970	16.280654	4.578757	-6.546137	-5.357041	-5.386296	-3.338325	5.021954	3.130105	8.309349	13.112556	-6.140651	-6.393279	16.860600	4.964666	2.669053	-12.179375	-3.302102	-16.794968	-10.177910	-2.078154	-18.496945	17.947999	9.061162	5.086027	13.348112	5.532423	4.006906	11.242552	-0.751017	
-11.988249	17.174413	-20.256690	8.476343	-10.553396	-19.688391	-3.111450	-24.351084	19.017849	-11.037278	-20.646672	-17.989804	-23.090312	-11.043703	11.740206	7.575572	-11.675991	13.083923	-3.102040	22.441243	24.477824	1.781121	-13.402342	18.391082	9.366948	-8.585391	-3.978818	11.701134	12.844844	14.457089	-20.634813	19.333546	3.529955	-6.990276	13.740759	-4.512634	12.230222	-20.957849	11.862782	9.469139	-24.835899	8.680299	-23.827696	11.019325	17.043519	-15.791008	19.167247	-22.763031	4.909718	-24.934255	
-21.555318	-21.884555	-21.616266	-13.332544	-24.397902	22.914033	17.957963	-24.879501	4.118825	-11.708668	-1.202634	-4.975034	22.992442	-17.410597	1.159831	13.501475	14.843138	4.602508	0.657914	14.712114	-4.405984	14.254905	-12.513840	21.816391	13.131222	23.969455	14.157268	-7.212740	1.384813	-14.144678	-24.537321	17.932572	4.093187	18.428199	-15.679395	-9.810469	1.358862	-12.145197	-0.435241	-23.422415	-21.292960	17.755883	-4.920761	-10.792991	7.401118	-9.397045	12.335084	8.326886	3.165683	-19.498937	
-26.621361	-3.776071	17.959702	-25.790815	24.402799	27.598544	20.918785	-25.639889	-11.966320	7.077693	-11.807778	2.838773	6.598881	-8.039240	18.965290	-22.009260	12.181380	-27.130551	-9.910534	-25.177619	25.722851	8.687561	6.418425	23.230940	24.433645	4.650140	-8.252671	22.866636	-28.292859	-4.887259	5.975967	-11.863887	-16.295727	-27.453284	-5.345556	22.908662	5.711584	-1.262325	-19.486829	-14.094715	28.652679	4.465535	-27.811878	-5.857988	-2.382680	-7.308853	-10.608760	-13.081415	-9.820907	15.298368	
5.114705	-20.987936	-12.143556	27.768099	5.368622	22.761548	-8.127259	-26.563186	-21.371963	-12.785071	-28.751584	22.991497	21.820113	16.215599	-10.887339	-25.539759	17.614532	27.102670	-23.648982	17.749062	26.012172	-17.668897	5.631293	28.900201	-9.137388	2.919518	-21.210504	-24.925411	22.815996	0.122567	-29.512848	-6.960834	-5.958091	-16.347377	28.745229	-10.781605	-4.615732	11.969208	18.080397	-25.835968	-23.034418	-14.274945	-7.468093	29.648675	-9.149910	-12.846725	0.711768	23.974631	26.998813	-12.459798	
-4.988898	-17.786233	21.189934	-15.852687	-3.458451	1.347450	18.909492	-0.024413	3.934803	15.724267	-20.837179	-13.859956	22.360858	20.906802	5.883047	13.125179	21.623327	-2.261122	-2.772383	-6.156330	-21.619847	-0.457889	13.666887	14.538321	18.302241	8.457691	-19.940605	-14.398572	-20.030151	23.951426	-10.757711	16.069935	15.659990	-16.438635	17.409642	-19.655330	-14.506916	20.140974	3.045502	-10.619270	13.660542	3.798780	-4.860094	-21.933650	-5.676151	-2.324617	13.485042	8.157535	-5.716092	-3.503444	
-6.717995	-16.449442	17.166460	-3.208282	16.731508	-3.212282	-20.652167	16.435655	2.839959	-8.301093	-13.790113	3.383844	18.449163	-10.911618	-2.070784	-18.185234	3.389731	-19.798608	21.197663	-21.951046	-14.770394	7.168913	16.447504	-16.612992	18.972449	15.084093	-17.954252	-16.058435	-15.325886	20.400724	13.670608	16.650271	-20.700251	7.643635	4.777567	13.732962	9.318548	5.008706	5.947950	5.021600	-1.451229	-7.323883	20.610615	21.391913	-13.916133	-11.094595	0.580819	-3.450754	-10.368789	4.933820	
26.248969	-27.785671	12.851155	3.929542	14.387270	17.982506	21.679287	17.951646	-28.533917	-16.575807	16.543687	-8.572655	25.408172	17.524241	-27.013966	-11.521592	-15.594154	12.662392	-24.310694	-8.578153	14.250085	-8.475613	-28.656565	-9.576499	-21.308584	27.408805	5.358201	-15.068790	-4.832349	20.508382	-25.971793	18.587963	-13.616997	3.054586	-28.735949	-3.286697	12.884617	14.718635	7.669274	20.368032	-11.311203	27.888203	18.408609	-28.773688	17.274652	28.592239	0.914394	-9.734018	21.997717	1.372971	
21.715842	-12.814766	5.315900	-9.080228	18.823967	12.892650	-11.446642	2.154397	4.453053	-20.608530	17.022703	-21.126471	11.745463	13.499265	6.127351	-15.887164	-12.278034	-11.043192	-4.992268	-4.072190	3.101189	-15.483015	6.699530	-20.788324	9.622763	18.309647	10.548298	1.442984	-3.121159	0.336826	-20.626630	5.980822	3.568157	5.854751	0.603563	-20.489128	20.891611	-0.982961	7.145684	16.225692	1.826098	-15.129712	-1.568794	-17.637736	19.660544	12.983129	-20.654096	21.102040	-7.253844	18.535801	
13.221031	0.033772	-10.366551	-14.262845	0.528887	-1.413548	6.804845	-0.931540	5.323650	-1.025356	23.541478	3.370739	-19.223691	-8.288429	2.351823	21.515640	-26.661270	15.628220	16.825923	22.606223	22.395976	-1.072403	-9.611784	-13.765539	4.955184	-24.457859	1.358371	10.961259	-14.773150	-26.106223	-6.001212	-15.257253	16.510491	-4.343389	21.093944	-8.261541	-0.193596	14.974991	-14.745539	-26.061423	-9.800891	-6.194949	10.414196	10.359982	21.650651	16.249552	-5.423190	13.122908	-24.197400	8.709584	
-9.985897	-7.675350	13.786052	19.149227	-14.168555	-2.607911	11.321282	19.484383	7.053932	18.873966	-13.476549	14.292773	-6.076854	3.117050	-8.989158	-16.290699	1.616193	16.171569	3.609168	-18.531893	-3.320471	11.266172	22.952718	-0.929843	16.605486	7.302854	-9.285434	-19.735119	-2.949156	12.638234	0.825688	-12.729187	-9.353786	-7.463408	6.428918	-6.637208	-12.814487	0.822737	-2.812086	13.697100	-18.181304	15.609879	5.791519	6.186697	-8.233894	-20.331534	4.579732	-6.308574	-10.777012	-20.863101	
-9.423953	24.444878	2.871304	-6.218625	-28.403375	28.913033	30.101952	11.546929	-26.011182	17.433389	15.891404	-11.842390	26.410500	-10.086990	29.267089	22.462614	-15.558664	-19.079382	-20.768589	-5.599918	-27.380904	17.846419	18.521333	-3.404487	5.724783	-15.459264	19.243964	23.607979	-20.929265	1.636254	-10.275968	29.021947	-30.562227	-8.678398	17.540807	-25.080481	6.562280	-28.961209	-18.224153	-12.980963	-6.017156	-29.748613	-14.974271	27.479868	-1.726816	30.687811	18.797649	31.404186	-31.167296	14.390217	
-21.543886	-5.995601	18.788494	1.154277	13.586284	-11.215134	-8.006837	20.062041	-18.334967	8.770543	-14.009497	0.118355	-22.942992	10.476181	-10.005776	-14.449435	15.735942	10.159572	6.090716	-26.128577	-7.313314	-3.704015	1.556264	16.824856	-25.854612	-3.420243	2.180774	-6.173337	20.919933	23.027915	20.450649	-5.290074	15.403849	-26.189909	-15.613511	12.202471	-21.379005	-3.969497	21.541692	-13.837640	2.883488	16.992163	-14.736282	-19.995324	24.946168	24.334078	9.115573	-13.619443	19.066670	7.480572	
-19.915926	18.334429	4.434663	-18.669768	-26.207513	-0.441811	-7.154804	-20.467529	-7.878449	5.972837	23.350898	-0.115396	21.902165	6.716494	-6.141763	17.913462	13.746745	24.587324	-7.672464	-7.939899	22.551604	-20.036807	2.627265	-8.915022	24.191894	-5.118942	22.637002	3.151327	3.390896	-4.261398	-25.664229	0.937949	-24.843253	-20.471056	-12.743539	-7.862306	-18.394127	-10.345957	3.257880	23.928833	-19.331482	-5.435291	-8.408150	-12.790456	-9.403011	-16.286776	16.979731	3.386957	-21.120763	-24.631302	
5.885945	-19.120677	1.000830	-24.294012	-21.516543	3.765953	-13.936501	2.299474	1.974699	10.036489	8.583079	11.544925	19.170181	-23.048657	-13.022183	19.594004	2.621239	-24.646555	5.659395	14.689783	14.439631	12.740164	3.478022	-7.510029	-8.092181	9.234458	13.477357	-22.826045	0.041360	7.412853	13.870337	1.976785	-11.097926	21.914562	4.896033	10.798785	22.118330	-11.688278	-24.942651	1.029649	-15.160522	-18.938674	16.555471	-4.688085	11.893120	-7.310239	3.654978	21.634171	-7.401629	-8.914619	
12.833676	19.259862	-9.593505	2.906762	-7.089359	-24.868842	4.617647	12.650027	-2.822621	-19.698057	18.658674	-8.422464	3.179258	-4.018972	-9.967623	-3.909213	-6.857086	10.281448	12.665366	10.189388	21.187819	7.896525	0.969642	17.463135	-1.694921	15.258190	5.417232	-15.998196	1.595723	-17.181271	11.850945	-8.306227	-21.628735	14.721096	20.262721	-25.502028	21.794171	5.670055	6.034442	0.275375	24.956323	-20.097615	-20.590126	7.237125	-3.424957	-10.186446	24.848533	0.669559	4.612685	17.283086	
-1.857706	-26.762369	15.953500	-10.512228	20.811568	10.979621	20.556549	1.002024	5.861338	-3.320902	20.494338	17.122724	-26.631629	-0.435096	20.079149	4.734730	21.689413	-21.455956	-18.289472	5.185803	-16.645109	4.353195	12.833738	24.298024	5.729850	-22.251033	11.423044	2.976099	21.033587	14.421529	25.433794	-17.950389	-5.564470	20.445442	13.338781	-19.373040	7.503182	4.355087	14.707252	-12.694767	-18.846978	-19.595523	-15.133854	1.440700	0.289507	0.531704	-2.234872	24.656664	24.563306	-25.858897	
-17.175851	-16.883445	10.094179	14.390369	-11.323537	20.556935	-16.720805	-21.587203	-22.464694	2.900029	-23.905149	-18.439722	3.287781	-3.779087	14.825096	2.420118	4.589282	-26.685931	-29.089567	-10.338370	-1.880684	-2.845055	-14.554159	-25.435138	26.866313	-21.783598	-21.437372	-26.905988	22.341034	18.577798	21.100769	-6.703791	-3.006841	4.472828	-3.995616	15.040448	-17.747250	-9.416103	24.223769	19.823342	-18.625272	10.800917	-19.516627	-2.114341	-14.014939	-9.481161	4.125519	15.207275	-23.371718	-31.429300	
10.544624	0.439377	-12.952863	25.261727	-0.699230	1.590967	-12.863118	21.902433	-13.084364	1.480001	-27.049390	25.467389	1.089236	-0.125550	1.924623	-8.132288	22.953475	-21.913287	3.535939	25.924305	-8.749455	-24.570454	4.070689	6.787823	0.618946	-9.219225	-15.794285	21.084286	21.489582	-4.001450	9.779214	0.716363	12.469687	-8.035722	14.804908	16.595307	16.551860	-15.871710	-7.582058	24.159174	25.887135	13.403667	19.260498	15.303246	22.131262	-2.614423	2.188597	13.044031	-19.769415	-6.454938	
-22.572411	-21.803251	-13.797038	9.706995	9.874905	14.297729	10.248031	22.942743	8.331054	-4.043879	13.902170	24.621513	10.040454	4.698577	16.861863	5.042188	2.057939	13.723886	-13.210611	-3.041908	-6.217435	13.958150	10.217449	18.800707	-8.827181	-4.805736	0.077044	6.686352	-4.883638	23.008749	-14.405746	-17.521573	8.020071	-24.716575	19.189555	11.217061	-22.581101	-10.746765	14.374006	-15.438059	-23.804144	5.796686	2.942142	-3.274418	-6.419673	-9.540634	7.706900	23.200351	-24.048801	6.132987	
-32.134902	-11.122709	27.045370	28.572027	-26.722415	-14.660820	26.195857	17.127638	28.734657	-27.139908	-24.048697	31.210453	-19.657594	-14.786186	13.749943	9.276803	22.287865	24.616260	-18.882518	-25.887003	-21.451800	-20.196039	-18.099160	-12.854414	-27.522375	14.070705	-23.370809	-8.848963	30.723163	10.468416	28.496368	27.459524	-3.614665	-25.474040	12.940748	26.651269	-11.138248	-27.625069	-3.627125	29.888242	26.474146	11.280704	-18.254757	5.564980	2.412880	-15.122255	-13.709251	21.791039	22.746095	-30.343006	
-0.392720	-4.425754	-18.534059	26.281624	-27.042777	5.288281	-13.648383	-0.448531	-3.787652	21.221653	-24.970760	-9.371383	-9.648115	20.332344	6.397661	-30.927621	-6.288725	6.063584	-8.779846	-13.583164	10.738170	18.720560	-20.478380	-1.025579	-22.417966	-5.889482	12.527788	14.169270	-7.470404	-11.177748	0.604049	18.857521	-17.300638	-12.353007	-22.317885	18.387527	1.324672	-15.838407	-2.031384	-20.806360	-11.584428	-21.478439	18.990391	-4.599323	-4.322225	1.118603	26.834073	9.071271	28.683510	-30.259768	
0.014508	4.096956	3.296176	-1.158256	-0.434313	-2.569042	11.046224	-1.248996	-5.732226	-5.005019	10.156253	-5.876760	-12.771095	6.443235	-9.952856	7.729992	-0.534046	7.961427	2.841165	0.817298	-8.013383	-3.420645	-8.633193	-5.342596	-0.326912	-7.333502	0.905889	-8.086554	-5.046546	-10.781307	-2.638324	-1.485621	12.509805	-2.440158	10.073535	-9.172998	4.144681	-7.993264	-4.678268	11.053790	4.689910	-0.264708	5.526885	-7.391190	-1.765296	5.751085	5.136800	-4.099122	-4.001400	3.885572	
-18.842516	-17.077236	9.630132	15.560701	5.308478	10.061490	6.442465	5.941536	-20.502660	9.450141	8.089973	17.998827	20.617574	-13.479658	-4.602822	8.927930	-17.513546	14.195251	-20.104709	17.810236	-5.920301	-19.042105	-17.989956	-20.151507	10.132390	7.356609	3.672309	-11.924879	9.299374	-17.413694	18.630470	13.073667	-14.625008	-15.573529	-14.982685	3.829499	11.419853	21.476495	-1.540091	-20.361267	7.833129	-2.953207	-20.436610	15.576075	3.090623	-3.139519	0.000078	18.607222	9.900218	9.608577	
6.907693	16.899005	-20.883985	14.483881	-18.140418	-7.764707	-21.091712	16.547421	17.283929	20.641628	-20.547050	0.942507	25.000445	-9.692059	-15.673145	-15.332187	-12.999685	-24.825142	-19.554666	18.001640	-4.760299	8.758598	-0.592343	-26.203552	17.886139	-27.217455	-11.265961	-1.533448	27.970125	-5.215998	-4.807649	-1.759804	-12.910819	14.907567	-28.240420	4.540085	8.097249	3.681577	16.839105	-9.536541	-2.227616	-5.837579	0.569355	15.062875	5.036976	2.181335	1.934347	-0.359098	-16.341641	2.924174	
-22.666511	-1.488125	-5.410645	6.454487	19.751437	20.687800	-9.756191	-18.569098	-17.877904	-13.544125	-11.964875	-20.824597	-23.252356	23.801437	-14.648436	-1.525182	3.145992	-10.595214	-4.979855	13.912321	-6.046938	-17.911223	11.700272	-0.091833	10.517544	-5.534147	-10.905908	23.855459	-0.516062	24.283892	-17.366845	2.665283	-0.106530	-12.838881	5.761361	15.416163	14.957966	-4.285055	23.132958	15.894610	-23.964300	-9.044037	-7.429125	15.879020	25.331614	-13.793906	-12.235053	-6.723514	-11.113440	10.712191	
-4.537517	10.480128	2.040201	13.140021	-4.384824	-20.496854	4.307437	-8.952112	5.439189	-17.919189	20.688149	-16.426505	-3.489717	-14.545433	-10.920313	15.108698	-6.697844	16.283687	15.998783	-8.471970	7.898646	-17.163345	-17.180949	-6.018314	6.053359	-5.497004	-18.005671	0.079112	-6.202934	-2.276453	13.242512	13.843753	-0.463750	0.899654	-7.904124	12.321609	9.679396	15.669573	12.929590	0.181143	-8.652898	-20.811266	-9.970150	-1.827608	-11.145155	-5.651686	-20.250759	-17.305351	-11.562003	-20.348942	
-2.674949	-17.549277	-10.558501	3.438576	-21.479268	-11.082588	5.808658	-6.095079	21.663499	13.889298	-16.348663	-20.633672	16.994119	-13.286717	-21.824156	5.155771	-21.291748	-8.784182	-5.742282	11.359719	-5.573149	-20.705528	-13.813755	-13.942823	-10.709559	-4.996397	7.436502	-9.314280	-2.152093	5.518268	-0.699518	7.040222	-14.073792	-1.373255	7.306095	-1.022263	-16.824502	2.699738	6.698462	-12.158096	-12.607896	-13.899580	-7.329575	6.147431	12.344124	10.717701	-2.986989	-20.643218	3.436200	-4.872021	
-17.586686	16.861870	-6.664519	13.598221	-25.305799	-14.135262	14.461536	21.680723	-25.979709	-20.680251	-10.900247	18.265664	6.821905	-18.825738	-25.801091	-22.301566	-15.896208	11.622871	21.372683	9.396918	7.108493	18.579573	8.986039	5.024937	-8.876817	-12.532208	-1.894376	21.103292	-21.926025	16.093685	7.541585	-15.043103	13.005602	2.922492	-19.607934	-14.846071	-12.004252	15.585457	25.374216	14.745954	-10.287549	6.097320	-5.496654	-10.972757	22.920338	19.296891	25.652984	22.829551	19.930357	-20.507911	
4.706412	24.913880	-1.746253	-23.792913	-8.462336	12.673338	8.521699	-23.463715	-6.126589	4.005120	25.377157	27.291181	-25.105911	-1.713856	-14.723532	-18.265456	4.267148	-3.495351	25.628670	25.112025	-1.033630	-15.244706	20.330380	13.226033	6.507130	-26.897981	-19.261062	-23.508872	21.260106	4.349366	18.258844	-20.245950	22.234603	10.473750	-9.958350	5.316125	18.834954	8.187195	-23.384546	7.571869	13.373590	-14.882125	6.922972	-11.682452	-9.577533	16.754972	6.640970	9.028419	-18.569254	-20.380071	
3.164089	-0.029807	6.442472	20.137136	-13.182045	-14.179938	8.023078	7.728446	-21.516052	-5.632251	-4.389920	21.484323	-20.836034	-21.202705	-0.460168	6.153353	-3.794901	13.761227	-13.900005	-17.553182	-14.505005	13.361775	-4.117911	-13.856573	-19.713569	-5.540412	14.321278	7.492872	-12.359089	-11.311089	-16.132917	-17.921006	15.538076	3.050863	16.939010	18.431771	3.150579	-5.182244	21.808905	-9.234769	-9.070262	-14.148624	10.658952	14.352349	-8.942602	-8.888207	15.787822	20.242153	11.963179	1.756795	
22.097520	17.695247	25.752945	17.127650	-12.170547	22.550836	22.810718	-23.926701	18.628171	15.515461	-13.753604	4.847088	-5.895948	-26.361366	20.824739	-5.227898	17.834380	9.000339	-13.919402	-25.180086	-2.782048	-25.511715	27.029229	-2.540325	14.615297	0.332865	-26.252205	-12.966985	-23.975635	4.972501	-0.548118	-17.142175	-23.218662	-0.641909	23.561698	3.117042	6.233392	26.165736	-27.946516	22.053705	-4.503988	3.658144	13.704583	11.799481	8.904605	2.303264	21.243864	-7.814426	16.012822	1.407273	
-4.679429	-16.967364	-15.875398	4.230416	13.161706	-12.455153	18.207708	-2.501702	-13.042906	16.030799	18.084015	11.436270	2.220239	-9.721662	-10.997494	22.649687	8.793087	-11.483716	-4.304674	18.958411	1.789237	19.561111	9.763860	-21.173124	16.936404	-13.100898	-8.617439	5.008792	-6.100983	8.315770	7.670316	3.846619	14.951937	14.180650	-27.298147	-20.926653	-5.803413	-15.220933	13.496770	22.860772	-6.363411	-14.655921	22.065907	0.683386	-18.858345	21.796180	-2.925175	-5.456968	-1.161592	11.422580	
-8.387456	17.925961	21.091748	22.535582	-7.218167	3.507257	10.152713	4.278972	-6.714791	2.131031	18.865866	-19.472577	-23.752755	14.416555	-8.955076	18.700330	-17.306447	-21.131488	-7.549006	0.259917	-5.435016	9.523979	8.498717	14.060235	21.825139	23.906271	21.428406	-8.921551	20.953873	-15.503324	-21.120810	-20.536136	16.553988	-21.610656	-11.037024	-2.920267	-15.675215	14.181138	-3.438666	16.142248	23.219176	20.915672	8.888888	-19.751427	20.115497	-19.287467	-13.511190	14.694388	-15.097260	-16.648887	
-2.045730	-15.967480	-24.613133	-21.535189	-22.707226	-24.133781	2.662995	4.897383	-26.057849	-20.549303	24.424767	25.747117	-22.969746	25.777669	26.137862	-16.743730	24.484986	23.217144	-16.411923	21.121106	14.483458	-26.689902	9.253967	1.619994	-24.310064	-8.250324	-11.761270	-28.616100	-25.844591	12.910094	12.671607	16.101638	-2.502432	2.250419	14.996441	-7.956294	-7.360474	-28.743841	20.538711	-23.265387	-24.602798	-7.474433	27.387269	-17.338156	2.946087	-4.924992	-12.511232	15.455731	-7.163915	27.433284	
-20.054781	18.268220	-0.736742	-5.965120	5.498429	20.176070	-14.793184	2.162427	-16.502339	-21.637697	7.863716	-18.010822	15.840478	-16.329750	-21.881680	-21.063754	12.174442	19.491931	11.879662	6.179805	-14.062077	-1.429858	-4.955320	9.084247	1.650387	7.813662	11.907412	13.258943	2.711755	13.769711	11.998342	-17.593036	8.964591	12.286916	-4.689640	-4.558619	-3.270535	2.405923	21.546314	16.936395	10.787901	-5.307987	7.081288	9.407924	12.423130	-20.123960	-9.694979	-11.737863	-0.837856	7.389743	
-13.351609	11.185681	-16.285664	-5.846030	-0.241139	-20.988262	8.076249	3.538595	-6.274005	-11.086635	-12.940964	-11.716840	2.443790	-2.405286	0.489386	-12.440146	21.641814	-16.537390	-11.795733	-10.729478	-14.459262	-8.318410	-20.637344	11.349142	9.228096	5.049396	24.026370	-1.161219	10.866917	6.654981	-21.706803	-3.178836	25.649064	3.937105	10.612487	-19.198282	4.647908	-10.209556	-3.728629	9.240213	-22.925274	-3.280227	25.608162	21.017999	12.989029	14.198520	4.128866	-23.110512	-12.197179	-16.571313	
10.870977	18.988095	-22.820926	-18.552978	12.122663	-25.640451	-3.374471	24.024297	-11.615465	22.825346	-23.504797	23.961600	-24.815736	19.852014	4.844135	-6.657685	23.278387	-8.947591	-20.940236	-6.472682	-10.141623	-6.644602	-10.224407	-16.949387	19.320333	21.517846	-23.689396	11.679771	16.603245	13.871600	5.211759	24.086401	-4.480928	0.759041	4.547468	16.072687	-25.326804	23.619541	14.676198	2.829637	-4.478231	18.812678	19.775597	8.694483	-24.968665	19.703386	12.835321	21.361485	-18.794908	-1.954746	
6.956339	14.072390	-24.721678	-4.143915	2.689484	-7.113770	-6.790806	-5.296598	18.475432	21.885665	-10.644916	9.269320	-23.769351	-12.908048	-2.528603	15.291515	18.976169	-26.806379	17.224563	27.935918	-11.080470	-16.821735	-25.396367	-27.941084	1.240277	-24.454533	5.129148	0.664068	19.595758	-20.097013	-11.878319	-1.886132	-20.026754	21.550388	-4.123036	8.705331	-27.378761	5.565984	-5.739137	-27.951666	-21.627155	13.870118	5.134888	22.947544	-0.736923	-18.089935	27.160737	27.507947	6.455092	-11.273009	
-8.440755	8.956125	-19.927648	-13.305000	19.413521	4.921288	-10.434325	-20.070983	13.338164	13.668301	-10.725767	20.208433	-2.706519	20.248007	17.184929	19.429081	8.199378	-5.174482	-0.357682	20.550704	11.861181	-7.011627	10.823282	-11.199236	-21.190095	-15.219758	-7.235612	7.356106	-15.502901	7.821966	2.575747	20.000161	-15.822790	-5.109760	9.988019	-16.303636	-11.725303	-11.545700	-0.223500	7.250640	14.558913	8.740835	-12.083634	-3.577881	16.830012	-15.581501	-6.812682	14.863674	9.509400	7.199781	
-2.516386	-1.550615	18.899338	-17.553423	2.249638	-12.642851	15.639560	14.608401	12.726467	22.465607	-13.292852	8.783364	21.941156	-2.596251	-6.049878	17.356248	-4.165718	-19.654604	-22.425744	-8.582085	12.620010	-4.563691	13.516367	-11.119650	16.518017	-18.971049	-21.689141	-6.692199	-14.652692	-0.365591	20.794402	19.904195	11.766791	10.293098	-18.695262	13.090683	-21.710506	16.061733	7.930927	12.381557	-3.183561	-1.232133	-10.510443	-14.154799	12.188503	12.816959	18.582724	22.874307	-21.687371	5.959396	
0.406576	-12.608245	-7.236674	-9.484516	10.346362	-21.388699	19.468722	2.403502	-1.153983	8.375129	-7.554540	-21.665691	-5.496593	16.878152	-21.214164	-0.506900	-12.557323	-21.107869	12.909227	2.990196	-20.019171	5.518812	-10.368669	-9.768921	19.366094	-10.238957	-12.311912	-21.698081	4.883541	6.559550	20.135708	4.934081	-20.334234	3.635021	-21.317575	-8.027950	12.709477	-11.074461	-20.498445	1.365057	3.063380	18.913163	6.394556	0.526699	-6.964871	-16.722778	2.757956	-2.203544	21.412386	-13.484846	
23.388627	20.385014	3.797916	18.955804	-1.461071	-1.029352	-4.141434	0.941747	9.415653	2.809939	1.061206	26.625729	8.933279	-20.175077	-25.489429	-10.347833	-17.507781	-10.219106	-27.029219	-17.136898	20.624455	-2.258211	-22.975774	10.598479	1.718286	-3.880889	20.146369	4.289795	3.146495	5.158948	-18.309176	-26.700691	-9.586866	22.204445	25.200111	-21.334715	0.322374	-12.120069	-2.287077	10.938242	8.255997	21.426770	-25.446267	24.385896	-3.557661	-20.384261	-14.761575	10.579589	-7.051657	-17.084821	
-12.918288	-20.556707	-12.606303	10.945126	20.812956	8.903755	17.695480	22.598377	20.962262	12.854068	-4.641506	-18.119584	-10.082243	9.374749	-24.706725	8.689056	14.385061	-8.511660	-18.074011	-2.505321	13.664254	-4.288045	4.724714	4.878836	17.595450	3.564879	8.659929	-2.300781	0.672115	-24.878507	9.791006	-3.573371	1.193883	-19.710032	-2.486279	-16.133278	-0.425640	-0.427569	3.124200	-22.922751	19.408056	-10.981672	2.641776	-2.528127	17.949827	-8.100341	17.937032	10.835234	5.302450	-19.277236	
17.291650	3.618091	19.077418	-3.720764	-17.273612	-12.946199	0.159938	1.313739	-3.806208	-8.239579	7.652118	2.332031	-12.474478	3.308954	-5.988175	-5.045234	10.860503	-11.001664	0.654503	-12.227838	-15.261407	-13.735216	19.330974	-16.477163	18.613764	-6.806708	-7.857728	-5.888647	-9.072529	-20.152972	-4.466336	-16.716860	13.887580	-9.206332	13.281657	-7.101251	13.054663	11.082733	-18.581283	7.283653	-8.464965	-9.831632	-7.089497	-16.778292	2.170196	-4.764029	20.126516	-16.342748	16.379292	-6.446086	
-3.631557	-11.984478	-0.501160	-18.662353	5.863151	24.181146	-7.705464	-27.620104	-22.494383	-10.758888	17.339644	-7.150457	1.117088	-14.155241	-24.702637	-18.903684	27.379744	9.689604	-13.521959	2.454039	15.678949	-23.580012	-12.173193	-14.057630	-22.355505	-12.563987	22.348891	-6.795643	5.995611	-26.315622	-26.530771	-10.195519	0.575096	-25.420970	-23.133052	-0.247996	1.960861	9.527446	-6.326082	-22.377751	21.226319	-6.082750	25.351158	-5.363148	-25.921865	23.689466	-19.459451	-4.371616	-3.185320	6.754991	
4.296846	-2.884445	-3.832315	-3.030434	-2.345257	-12.870712	8.749160	-19.976339	10.590761	-9.834140	17.581258	9.554503	7.739247	-4.746030	11.999672	-12.072101	-13.362415	11.495033	6.608026	-12.143563	-5.601696	-9.999469	-18.916256	-14.915236	0.434735	19.393035	3.716826	-12.454498	-18.892566	19.876646	-19.745217	7.090013	-3.560608	15.203038	-20.184721	12.643931	-18.531575	4.097851	-20.308248	-1.852670	0.111065	-1.461338	-8.374005	-20.696265	3.578348	-13.675027	20.541568	-2.880593	-16.144188	2.100148	
8.993979	-5.120497	-17.942186	-17.787431	-13.625280	-12.981476	15.769356	7.883333	15.712647	-5.893125	7.388164	18.973244	10.065026	-2.313995	-9.729863	6.016924	-16.155971	-9.450822	-10.537596	-18.860131	6.818172	12.956791	-15.679445	-6.793197	1.211768	9.208456	-17.695681	-0.823725	-17.443084	-9.314305	-8.245338	18.441165	13.257380	-8.737188	-5.708033	-5.711952	18.662507	18.869068	8.597051	1.495601	12.857843	-10.314838	9.579075	11.405181	17.357299	16.735255	15.415450	-5.680289	-10.525136	-8.276744	
-13.438439	25.425813	-25.364549	5.351808	-3.640911	-22.339022	19.513665	-25.289154	1.012755	16.556218	28.047796	-21.683100	-3.538997	7.068466	-17.374748	-10.422254	15.605904	-10.145532	-0.213421	8.738163	7.929184	-21.402844	4.753531	-8.509370	-18.203100	-25.764197	15.715316	1.088408	18.132073	-16.855966	14.401197	8.457200	9.332606	28.268731	-4.336635	-3.665552	-19.395116	25.048483	19.648307	3.868853	15.250595	-19.361238	22.193991	-18.598553	22.335811	5.896980	25.632463	-26.541785	12.030826	-3.927417	
9.328014	24.583563	14.026822	3.376591	19.509367	-3.404951	23.808578	-23.149555	-21.160253	-5.710092	-21.296363	16.062166	19.942068	-0.674648	-25.138655	-26.412473	11.828593	-24.321441	-13.694967	25.448116	-20.347293	-0.773687	-11.497780	-20.042032	-3.519702	13.589719	-17.991989	2.832930	-3.015501	18.680912	-16.414475	16.497125	-16.635547	21.027566	3.813273	1.896880	-11.468626	9.622492	-1.097238	-5.388230	11.399292	26.679884	18.402776	-22.958312	14.530332	15.339520	26.696878	14.576495	11.152671	-13.676505	
5.777508	-19.736667	-24.745659	-16.805301	-5.323088	4.059747	-6.600753	22.076031	-17.232628	-1.398650	-18.940844	-15.028602	-2.748236	11.760360	14.469980	8.540248	23.307428	10.068873	-27.980033	20.270717	18.090372	-1.986098	-10.853986	12.441015	-21.242940	-4.596776	-27.922679	-24.607760	18.384271	21.066905	-1.799081	9.461680	-25.562912	-23.146987	-7.834960	18.532540	-5.140702	12.466945	3.998422	11.006958	23.816975	-20.184200	-11.307044	17.588081	-8.332396	-9.634796	-23.287889	-3.259697	-19.975142	3.812370	
-6.173085	-9.154045	3.107932	-10.331823	23.431010	18.679234	16.667995	2.740721	-18.372765	-18.785163	-2.205824	23.737036	-15.244346	-20.577258	7.577137	14.750323	10.512662	-8.048961	-20.806014	-4.500665	7.314289	11.305736	15.964042	3.129960	6.441838	-11.364788	20.349909	15.607183	-1.667973	5.125500	5.301868	0.519164	-4.652355	-10.039052	15.901743	17.777242	14.448550	3.606089	-10.529671	9.228386	20.062470	22.769865	-7.921599	-4.860520	-4.221146	-6.392380	-6.779162	3.379230	-22.752972	6.153015	
6.577791	-13.789829	5.212475	-5.615191	-19.902217	-19.847795	-11.246766	0.767568	-16.232089	8.106852	8.560984	7.158313	-11.179496	5.350017	7.678075	-17.285154	2.723927	-16.148938	-1.893243	17.469394	-6.537625	12.808404	19.067865	-9.929498	-2.728798	-16.764271	-4.822872	-1.535973	7.915798	9.158372	11.978371	18.847191	-13.044901	10.991903	2.383880	-2.040774	-4.157256	-3.662694	17.520250	-2.984419	7.772070	-19.066235	16.003928	6.400861	-0.637750	17.971306	-5.696693	13.774693	18.367944	-13.192401	
23.434701	-16.081714	12.644363	15.197516	-24.931947	10.103535	-17.328928	8.162936	0.408966	-15.411365	-4.963281	-2.701013	-24.866454	17.114020	5.257760	6.291236	14.248780	-20.661378	-4.747192	-19.357505	2.769815	21.064342	13.967187	-8.875895	-4.449860	20.225355	-13.761720	19.632169	-20.874261	21.577059	-21.663562	-23.599859	17.352857	0.803080	15.116574	14.940883	-14.361153	-22.409038	-8.776708	11.900150	-16.115242	-22.819139	13.353145	14.389927	-17.160487	3.357984	22.255207	-6.917915	-11.325852	-1.299181	
-3.205168	-12.957305	-24.367525	-8.432382	24.557227	16.262430	19.789852	20.928698	16.658387	16.341440	-17.284242	-17.993985	-12.264029	15.375601	-3.110832	16.462114	-19.733265	21.722788	-18.369311	-18.615725	18.531588	14.406001	-16.851170	19.282021	-2.963146	-21.060937	6.846259	18.385846	25.611411	23.948526	0.592502	3.182409	-13.782297	-1.334720	9.942233	-7.209275	19.886482	22.365766	16.133103	-19.373986	-16.815830	-21.772764	3.518254	3.128074	4.331648	11.258264	5.950137	-22.894428	-0.786526	12.674000	
-12.701537	-4.122392	22.334947	-27.842435	22.220435	-9.288337	22.579813	1.342636	-13.273877	-25.529344	21.805560	26.195916	-13.387373	-17.758715	-21.082369	3.586811	20.375246	9.813813	8.244461	15.177779	14.397597	-14.150375	-11.388992	8.023540	19.817337	-13.003447	-6.178373	22.449730	-2.872982	16.762475	-4.201472	20.987101	-3.303731	-26.124033	-5.940258	7.980486	2.848939	-5.347044	27.343310	-26.550315	21.183392	-14.363060	10.268139	20.255653	-22.072723	-9.169554	17.074469	8.637052	4.511264	-24.178180	
13.008340	-16.756290	-9.765071	21.478216	13.842475	6.144494	-13.657226	11.080612	-10.554191	4.345796	3.565508	5.355512	-15.706562	11.225032	-13.646095	14.307563	0.210632	21.946028	9.307415	16.952730	-6.343671	-13.984858	-19.579039	-12.357044	-13.755502	-18.910090	-4.996920	19.430412	22.361836	-1.838292	-17.065960	-8.331351	3.259964	-16.398680	-11.836686	22.396646	-20.489102	-2.403347	1.432905	14.049000	18.528095	19.270656	15.001202	0.488506	-4.852669	21.024965	4.624338	20.877538	4.004330	-9.285651	
-24.075415	15.446670	22.857422	-22.491688	7.602542	-29.010357	2.939662	-17.277793	-8.894346	4.089005	-1.163170	7.710204	-13.496260	-12.123295	14.372539	-25.657672	-20.085981	15.801256	-9.519273	-23.470611	-7.153261	-21.638359	11.546367	8.247573	4.575632	-4.902854	-17.241880	-9.622936	-25.460223	-23.090945	-16.642351	-16.164201	27.709814	-22.445082	26.817691	-14.149272	4.143764	22.852512	-29.328622	27.924343	14.903314	22.405831	7.800885	26.696263	-9.845866	5.594413	-0.049161	-8.893325	-2.085531	-28.464334	
-14.495841	10.282349	12.956343	-8.023724	-0.864867	-10.891447	-14.038582	0.817749	3.650303	-7.407704	15.120655	-12.147405	-14.520191	8.715723	15.663351	15.106532	10.898698	7.334223	0.587289	-9.076353	-0.724327	-1.909263	-17.293645	-4.417531	-12.654358	-4.636663	-14.872118	-16.873757	7.090953	6.627784	4.357417	-3.058363	-7.746896	-7.107453	14.878824	-14.577757	-5.752206	-16.775922	2.089426	-4.322872	2.490398	3.602759	-5.385800	6.560284	-13.186301	13.256482	-6.504205	16.193170	8.975940	-11.124288	
-15.037255	12.490544	1.929768	26.825789	13.450223	19.919936	21.872227	-6.701233	13.395467	-28.476297	17.625355	-15.531442	-22.670710	-7.237610	-28.200842	8.184988	-20.994684	-0.638694	-23.001865	21.742144	-1.015665	13.210148	11.330677	-9.179182	12.660843	14.914959	0.557471	7.925186	24.326884	-19.024337	25.890143	0.971116	-0.316527	-25.176152	-18.211900	3.616684	17.424219	-3.292021	24.913455	21.137160	-19.588301	-6.329909	-4.294034	-6.149294	15.433847	-27.202323	7.355454	-6.354070	-7.147654	-5.306088	
-13.013392	-15.488255	12.228029	-7.548381	-2.590269	-16.125823	-8.955556	-6.319344	-0.028481	7.145879	8.067743	-3.941782	9.313379	18.113435	15.225786	-7.440494	-8.373765	2.453527	11.412792	1.595235	16.029719	21.651088	-11.532272	15.664682	-17.877180	-20.038072	-20.165678	-8.674370	5.529282	19.162289	19.689012	-3.960556	2.449897	0.918331	-11.664699	11.068179	-15.002971	-21.131655	18.065594	17.115200	-12.590273	15.282073	7.382908	-11.277639	-16.084645	8.286832	10.315510	16.959913	-0.357022	-18.357003	
13.521353	0.594415	-10.900969	-16.245104	-16.637603	13.672846	12.744024	-19.710090	11.095217	-13.529522	-2.607371	-0.658669	-6.607035	6.592789	18.650186	19.456890	6.262412	15.834597	-18.559386	-17.301134	5.662360	17.616945	-16.097480	-9.319344	3.398008	-8.966813	-20.785321	-15.172215	16.693257	-10.500845	-10.665645	-9.008593	-19.469798	-0.726798	-7.257053	16.330704	-4.707395	19.389913	-6.359814	-7.819240	5.473922	5.669246	-8.705761	-15.538075	-6.900023	16.889690	11.533958	-17.063516	-9.528895	13.839641	
19.522706	15.721892	32.658213	-28.967298	-28.455589	-20.901133	-4.140910	-12.410108	-13.007832	-9.635550	-8.206136	32.249442	-5.339925	-13.616655	30.437998	-7.122988	-24.637099	0.761616	30.216688	24.312519	-30.893135	7.445771	-30.535418	-22.821457	-2.500183	-14.605777	-33.849097	0.820204	0.567685	30.082253	14.348404	-8.388627	16.425150	-32.226942	-17.103133	26.495929	31.330477	-26.797147	-2.865549	-0.978840	-6.222134	18.957023	-32.694084	6.491097	-32.123050	-11.727108	-33.953915	21.505040	-4.847235	-11.170465	
-18.294565	8.489689	-20.612670	11.243247	9.293556	-3.314704	18.171282	0.665982	8.564781	5.858771	6.506932	-18.098088	-14.255362	-2.707823	-13.688803	-15.156426	14.368266	14.552198	-16.165212	16.563370	3.207486	13.850730	-14.314085	1.466838	7.903508	6.012758	2.098094	-0.099649	14.854086	0.090652	-14.510501	-5.637928	-7.098864	-11.725919	16.194463	2.205425	-4.055199	-5.429177	-8.678408	-11.108234	-22.369680	9.018017	4.344546	2.422119	-22.663400	3.450507	-5.001757	-20.951945	-2.169394	21.440491	
16.326747	8.907938	-11.386316	15.887970	-18.745512	-20.569819	10.384081	2.125324	-0.579145	14.313844	3.325150	-19.331845	-8.155857	11.450528	-13.391361	-16.161060	-2.600492	0.722403	-5.060214	20.779581	-9.131272	6.069571	10.812611	9.917397	1.478256	-9.779297	-5.100275	12.310984	-4.893074	-16.200137	-17.493866	-5.526113	-3.502683	-2.688279	9.485878	9.417825	-19.612360	10.994686	-4.092286	8.109558	11.252258	2.371732	-17.535175	16.847637	-11.012766	-0.589750	18.937643	-8.033717	-16.930911	4.652214	
20.593530	24.964627	-25.926531	23.675330	24.521173	13.955699	11.457580	-9.126014	-16.333066	-1.266015	23.824236	-8.950074	-3.951430	-13.088928	-2.000883	-17.857731	20.501149	11.143959	-3.498050	9.628218	3.871558	8.370928	2.783806	-13.650075	-9.239665	17.359515	-27.885152	10.504790	-26.988753	-14.184421	7.467782	-4.449496	-0.817095	-5.676706	21.659746	23.010723	4.911970	-22.315990	-10.752038	-10.708538	-0.728650	27.144149	7.977927	-22.582225	23.089502	-21.795794	-15.545388	9.082430	25.739942	-14.025050	
-2.455976	-1.701443	-21.652585	12.068718	9.948075	25.945953	17.625468	-26.428222	25.736536	-13.304505	13.078416	-28.135562	-21.872882	1.523997	-20.402440	5.356731	7.077020	6.180222	-3.568945	2.887700	17.066108	-22.925078	11.922590	13.098803	-25.995115	27.664546	21.966868	-24.244222	-21.508998	16.988883	-16.394494	16.915346	3.993060	-3.424702	25.852794	-22.889455	-23.441167	18.583402	14.365778	-23.595263	-1.993501	23.523753	0.090812	-9.107361	9.400370	-0.996250	-6.025223	21.831306	23.676073	-8.810532	
-13.541071	-19.500181	-12.776078	15.640987	-8.174768	-2.474927	8.812683	-8.127780	16.056403	17.149487	-0.221478	9.689103	2.211443	17.372085	13.720119	2.662250	2.491230	-15.147097	5.523196	-15.073772	-5.042189	-21.086457	-4.206710	18.976711	3.465206	15.361715	21.126573	2.151301	4.506828	21.189089	9.034775	15.722311	-6.495054	-13.686438	8.938613	-8.379774	-8.618465	-4.184887	10.009266	14.317522	-14.506751	-13.235972	-10.446505	-11.651447	14.902779	17.823596	-16.390507	13.511532	-14.547005	-3.056298	
-5.314226	-7.402544	5.763078	-14.716469	14.843739	13.051842	-0.217824	-9.984823	-8.950380	23.230402	13.589199	-17.351541	-19.668351	-14.278991	-12.228910	-20.854217	1.176462	16.935716	11.701988	3.380633	4.560742	-6.078141	-24.175974	18.885119	2.222462	-5.630883	14.471558	6.197345	18.738597	-5.225627	24.514282	15.613811	-14.539063	-19.679228	-5.702016	23.455360	-21.406225	-8.907059	-14.691801	0.849308	-17.954358	-13.348936	-3.070199	-17.117652	21.264023	-22.673813	-13.200749	21.762903	13.135109	-10.459935	
-15.592250	-4.901799	12.575732	-3.750892	-15.141522	16.676891	5.256279	3.127653	-18.640752	3.911275	-11.895121	12.318435	4.121308	-19.095008	6.613285	19.899603	21.918976	10.810602	-2.351937	2.398154	12.649208	-16.656933	-10.451849	-17.109701	7.118689	13.550396	-16.071570	6.521688	-13.208501	-1.433694	18.598902	4.749990	-16.870368	-2.447677	8.093983	-20.658403	-3.679286	-13.949435	-19.006967	1.276601	8.682047	-20.845019	-0.370800	-20.997176	-18.832674	-21.403499	5.187452	8.981341	5.414038	17.058567	
9.192829	5.088638	8.049875	11.319980	-10.878688	-17.994918	7.672153	-1.966425	0.667961	-4.870126	-7.579711	-2.848128	13.419661	-1.057607	15.454319	-17.496580	-12.602520	0.693304	-16.826695	-1.106360	-0.415314	-10.675736	-5.857176	-17.600371	-6.277121	12.649147	5.050298	18.110534	-1.125984	-17.410199	-1.729862	12.760105	18.393327	-4.411912	13.968037	-13.494583	4.223801	-9.681170	-0.673284	5.765670	17.495608	18.863728	-10.400881	1.148518	-8.612598	-18.040403	-8.507957	0.295414	7.882256	5.447637	
13.830454	-2.796201	-20.249579	9.503482	8.547509	21.333204	15.650543	-3.998164	-16.134453	-7.407268	14.834453	14.313037	-20.272683	19.790652	-5.504456	9.968428	8.954904	-20.006746	-7.413688	1.523955	16.237301	12.470551	10.550707	9.545207	-2.938345	-2.442687	21.844683	-14.692000	11.634651	-14.843925	12.426420	-12.325509	13.702843	-1.843529	18.341392	6.044267	-17.425437	-0.651961	-5.676518	3.909579	-5.455228	0.372523	11.319018	10.378301	-1.805434	-13.244010	18.601248	-7.162751	-12.773168	-14.549065	
-0.634957	-0.955553	-21.400094	18.033866	1.424811	18.871493	-5.862951	-17.440547	3.526532	-21.207286	-4.683824	-6.038164	-19.348279	16.318413	-21.401605	-3.835130	20.673953	-12.117440	9.829352	-3.453910	-20.495327	9.062392	-13.801964	-16.843561	2.351488	-3.811834	1.448045	17.719977	2.213318	4.798519	-8.253022	-13.901130	-17.063207	13.832495	-9.777595	20.941450	9.200126	1.327190	22.582494	-12.609889	11.014770	-20.183236	12.604204	15.532545	16.066423	-18.176920	-13.897343	-10.908342	4.043510	-10.371474	
-0.069375	-12.161609	7.705448	18.006025	11.375952	-8.308383	3.202431	-21.120910	-7.934154	-22.635698	-18.217485	-29.807244	26.955120	14.032529	-19.956907	-22.260474	-25.250161	9.834892	4.923822	-29.994692	7.215585	0.273523	-20.696051	17.971258	22.633948	25.859439	-24.232170	-8.253423	28.308723	-8.254188	5.899168	14.992865	-5.895632	13.743675	-2.044566	27.653867	-25.754138	-23.550217	-12.595013	22.243049	11.923208	-29.994808	28.086094	-10.721393	-4.502372	-10.061449	-4.360688	17.534622	-7.277738	-27.399809	
-2.136868	-8.650759	-4.090996	-3.989564	-7.025986	-16.758013	11.248435	-6.685317	-0.082311	-14.970134	-5.135241	7.789844	7.850215	-16.075094	-9.114555	12.410073	2.043574	2.114929	-2.793235	15.642329	-16.745616	-0.929682	8.761118	8.382909	-3.872698	-0.770393	7.413728	8.783115	2.188176	-17.360649	-8.887646	2.670484	12.248003	-6.771218	-4.368141	1.215935	10.641767	2.636289	-14.563783	-1.822615	-0.081774	-9.111075	0.347535	-7.023837	-0.463815	-6.281484	-11.451740	10.097374	-11.553753	16.684095	
20.683043	-16.856332	-8.976729	-18.128407	18.165212	11.774836	-21.102135	11.419292	12.797687	9.792519	-2.854874	-14.497554	-14.489006	7.052095	-20.940429	17.544799	-19.456858	7.535579	-15.366118	17.148927	16.128151	1.380179	-20.364177	-21.468938	19.108239	11.087159	-11.250523	12.182152	-17.336406	-9.080401	-9.728609	-6.691964	-12.828794	2.607297	1.038838	19.246997	-10.834707	15.193521	21.565186	12.217190	2.392850	18.808261	1.558997	0.523080	-10.116880	2.075641	-15.989278	2.969653	11.201609	-4.025888	
2.040718	16.999070	17.626895	-16.265678	-16.096336	18.905722	-15.292576	19.492641	-21.372558	4.342219	5.068215	0.562574	-3.487450	19.729455	12.923064	17.365024	-11.047982	-2.345181	-0.760325	13.909688	-17.650896	-15.769658	-21.798910	-0.194357	0.681573	18.614236	-9.620579	3.761713	-0.274006	-17.774840	12.306292	11.997004	6.173725	-0.728544	-4.913251	20.484370	9.688841	-2.647772	-1.448863	-6.058148	6.721469	-23.005503	2.475201	11.916542	-5.088559	-16.474034	-6.646363	-5.104633	-1.202088	-19.575598	
8.058996	-8.663088	-21.043550	-12.445441	24.505307	-5.087072	8.897436	-11.693267	6.412128	20.387826	22.235736	-9.672084	-14.783749	-22.563966	-17.982136	4.068022	-21.278242	7.901406	7.463677	-1.666718	-4.560181	17.536835	18.597826	15.429168	2.191923	-7.561252	-10.574276	-7.095367	6.167140	-18.796417	-23.869206	6.681115	16.260378	22.652716	-18.273954	-19.781079	-12.298254	15.281228	-5.042803	21.302450	-23.883450	-0.090858	-5.558915	7.307515	0.552452	-14.452820	9.382634	2.673388	10.254231	-6.522334	
-23.993515	12.489641	11.741437	-17.828977	-4.338794	8.814060	19.496676	-11.518608	23.553466	-10.080487	-14.642944	14.216081	-5.011908	-16.204426	-23.728960	11.467552	-14.796287	-22.412743	21.873309	21.840397	-10.299908	20.065975	22.179274	4.928308	-7.952026	-4.916059	5.713113	4.645188	7.200868	-15.910963	18.435438	-21.756010	1.330150	2.274972	13.472001	-2.186841	-16.933944	14.533136	8.673285	16.118558	-12.806958	-20.689951	10.459475	-22.426604	-12.975983	4.401653	-10.432745	17.556456	10.818168	-10.265806	
-3.442109	4.292597	-10.859202	11.958734	10.315985	10.984120	20.747226	-8.974044	12.980802	12.262899	6.676259	21.263008	3.033368	10.547374	-6.200513	-13.120009	0.218469	-14.302957	11.525125	21.243889	-23.288922	21.726350	19.497026	14.093541	12.215633	10.934549	-7.834192	-18.057719	-20.687215	-3.456875	5.900038	21.477094	-9.759137	-6.594476	-3.044505	-22.342668	3.344188	18.811495	11.764570	0.487856	6.675176	20.682097	22.505491	-22.700392	6.342261	-10.414132	-7.173475	16.335912	22.367447	19.853695	
19.570529	-2.791817	7.652819	-16.828375	7.972027	-11.239131	-4.125100	-12.672080	11.231670	-12.736673	-19.514701	12.362859	10.963449	15.966716	1.595688	-2.292175	10.050165	17.545779	19.031225	9.521845	-12.241112	4.841464	-18.617428	11.003401	17.895661	-3.484516	-9.961979	10.960020	6.437516	13.178317	20.901882	-16.093221	2.725799	17.234858	0.525480	-0.036066	7.054336	13.899878	0.725932	21.101483	-14.278821	1.833468	-1.258178	3.555648	4.165068	-16.943603	0.630502	-16.445118	-12.307022	-21.671050	
19.649986	3.979494	-10.952249	-8.563462	21.959001	-13.778973	20.931164	19.832136	-1.060284	-20.992360	19.700997	11.987487	18.125955	-4.731850	10.234160	-13.998615	16.695690	12.739722	7.660702	20.987825	6.718319	-14.052893	17.902744	1.420944	-11.134494	3.376920	-18.755936	21.820441	10.422697	0.630610	-4.502332	-10.008834	5.384901	-2.248059	21.502274	-15.694207	3.839700	-4.238065	20.799740	-17.209909	6.193040	10.949861	-3.763825	-18.216473	1.497722	13.773004	8.488643	-4.675495	8.424171	4.943235	
19.442887	-9.597578	-21.349388	-3.750963	-2.648606	-14.800618	-22.863244	-20.954665	-1.080013	-2.948407	7.928853	11.244414	-9.687468	-6.507570	-8.842577	-2.349700	16.120817	-5.361082	11.711934	-12.328599	11.825516	-2.898500	2.526508	3.826825	7.735016	-0.335471	22.122129	5.647247	2.140137	5.818358	-9.969141	-4.710399	-9.934975	4.607120	7.023744	-21.324060	12.728472	22.215752	-5.440092	22.130274	12.670720	-18.154188	17.299533	18.887702	22.192975	-9.125571	-13.826980	-20.545767	-16.017173	4.760695	
13.179066	4.662662	-22.712103	-22.622112	-13.731835	14.418233	24.677863	14.428406	-6.895447	9.171783	18.590697	19.603884	-1.001829	-11.051151	-14.432476	26.270035	-13.909233	-19.574199	26.680538	0.231681	-12.581912	-25.784752	24.850197	-19.392075	18.227935	-7.309186	3.851342	-16.442599	-21.953128	24.750667	18.520357	-6.082798	-4.099156	-1.209151	12.881394	-11.412395	-6.892376	14.319508	-12.124267	10.462271	0.613935	-13.592861	-14.531469	7.676373	24.786243	24.256717	18.076723	-11.333200	4.967055	-2.665366	
0.818208	-2.537604	12.481660	-1.510773	-20.069245	-23.096692	8.495489	-20.237029	-24.657105	0.547843	11.938057	-1.693436	-25.495902	-8.519535	-1.513883	7.372011	-5.954444	-1.081904	22.491981	4.278967	1.615873	-13.167422	-23.629527	0.352439	-7.817814	18.558763	1.270467	21.772402	-7.400289	8.981499	-1.135777	23.780885	-23.225657	3.305118	-11.830203	20.349139	-4.621476	8.844968	16.517608	-16.658284	-24.224939	-22.502473	-12.381951	-15.537567	17.536867	12.702940	25.354510	15.266646	18.945189	9.261153	
3.351866	3.332616	11.290728	20.295326	5.640867	-19.313971	-7.890807	-13.686454	-20.504810	21.160417	-7.490366	5.471673	-12.614208	17.851770	-21.165843	7.076238	8.860632	-7.357782	21.655340	-19.316007	-21.870432	-13.161033	-11.132167	-14.997629	-12.029783	-21.832758	3.076827	17.341449	16.026470	0.994309	15.404639	-14.319323	-3.946244	21.367830	19.607621	-2.699553	-6.049938	-10.815766	21.018704	7.085677	-8.514502	15.270439	-15.568857	-11.602901	7.408231	12.574353	-6.122716	-10.962479	20.987938	2.215123	
23.017262	-6.112977	-5.137383	-10.903938	1.799915	21.179940	19.693036	19.381040	-14.548891	-7.006752	18.036663	0.879232	11.230521	14.039801	-0.095017	5.980776	12.999815	9.749388	20.714839	-3.226111	-4.972103	16.511015	-15.313077	23.292006	6.856620	-15.361263	7.375597	3.682219	-16.371067	2.248236	-8.721886	6.133286	-17.891098	8.060955	0.874125	19.411773	0.142686	-9.290997	23.615530	-23.251473	17.205797	-1.438261	7.890233	18.479636	16.178430	-15.591080	4.173856	15.564691	19.505067	3.901212	
3.574022	-12.430910	-14.782660	7.459970	-2.662411	-11.095067	-2.701407	6.095935	-19.302710	6.926911	12.356456	21.901235	2.108173	14.584242	-5.414148	-16.212681	-16.168478	-17.622876	-9.235674	10.290725	0.705499	-12.088824	-22.945250	11.290841	-17.794194	-12.379114	15.133415	1.941004	1.431963	4.260502	-21.718207	-17.000527	-6.537101	-20.053886	7.707103	0.893833	-8.110099	4.789752	14.049086	-21.915470	-6.075940	12.627177	16.180054	0.612194	-3.187912	2.064807	-20.934677	-7.064935	-1.974783	-18.969616	
-12.540749	-5.598308	-7.506712	4.907454	-19.544121	2.833048	1.483448	-11.900864	1.130279	-20.249188	-10.784843	22.986936	-2.114624	-25.323273	18.440202	-5.514972	-17.275385	9.344912	-9.622233	-4.649957	-11.035528	-8.303106	-18.804718	-11.273736	-21.294318	14.229286	5.761040	7.141242	9.863809	9.043034	5.314541	-4.842943	-14.672470	4.513104	-17.736747	-20.327431	-6.626241	13.955669	-22.276963	10.502268	-1.496323	-23.908608	-24.807805	-9.694932	2.284546	17.175539	-9.179856	-1.707738	4.360243	4.845876	
7.179762	6.980433	-4.668218	-11.433528	20.941809	18.386568	4.860082	13.835099	-1.465517	21.883472	10.891543	-2.049532	-17.767115	-20.440099	-4.073873	-9.466676	15.063244	-2.916922	-20.221460	21.204198	22.096018	15.293104	-18.903080	-6.926346	3.809738	16.466036	-18.378802	-12.714948	-1.942937	11.194390	17.063247	13.471962	2.799830	-10.792133	-5.355903	-15.818470	-9.706718	-2.757655	22.882610	8.141518	18.885716	1.900285	15.929589	-18.872209	4.547119	-7.017752	16.111538	3.381639	-21.073780	-20.714413	
1.272539	-2.579340	-14.901594	16.174906	18.323424	-4.457711	-17.658355	-12.357816	-1.493023	-13.907073	-4.874180	-19.813005	8.210935	11.888243	-21.927183	-19.804024	4.565859	-19.081234	12.223507	10.413819	-14.816866	12.747804	15.988874	13.039256	18.481528	-19.667919	2.768566	-12.236249	-3.328413	-20.757683	13.247882	13.191741	0.832616	18.837190	1.212675	2.981028	8.112427	17.345561	19.141083	-4.137819	10.884119	5.267596	-3.292999	-20.074706	12.325960	-10.660128	3.839171	-17.424423	-13.675160	12.788575	
-1.210269	-2.725428	10.692515	-21.325948	7.872923	24.701876	5.641912	19.719119	9.256281	3.288059	10.769981	7.670028	13.461135	25.166830	-24.105853	0.414482	21.122181	10.938045	11.671255	21.948314	-12.706754	-9.991770	14.184950	9.534327	-16.661058	0.216086	6.550336	-10.994874	7.357496	23.686210	-12.055789	7.034144	9.573934	-18.526786	26.989204	6.534887	-25.867935	26.918473	8.674285	-26.456715	17.080632	5.023512	-12.493723	-4.179382	25.523744	-9.317045	-25.185365	-3.343284	8.660417	25.540157	
14.264230	29.759148	-14.733414	28.925203	28.636407	-5.968935	31.521908	-15.316427	-19.150790	-4.804301	-5.453445	-24.190214	-31.670959	30.605088	-21.805311	-30.818606	-7.759531	3.707307	-24.406404	-29.421438	-25.568094	-32.709954	-2.907843	15.133604	-15.292112	5.749473	26.187469	11.852200	23.204049	28.253737	-14.556900	23.048983	-4.547082	-2.754034	29.172783	12.202354	11.722612	-6.444809	21.902871	7.591845	-1.877529	-31.123613	25.963862	-27.695134	-16.437377	20.754719	17.724158	-0.955607	9.372618	-4.214798	
2.743390	-14.466824	-1.558722	18.716959	-13.107227	12.651956	-7.233429	17.395125	5.071444	14.847940	12.161009	8.753942	-21.388014	-12.695590	11.277939	18.197492	-12.322444	-11.951688	20.421281	0.074793	7.195751	-3.859568	-11.535095	2.819622	-20.095556	-15.295598	13.695456	-10.715869	17.027466	-9.801774	-12.491908	6.039845	17.969073	-14.835488	-13.407934	-8.914448	-14.462019	-10.674173	4.216428	21.112275	1.719751	-7.406867	16.845274	9.474048	6.127377	2.403862	-19.014181	14.677893	4.189296	1.794490	
19.516682	11.340777	14.089961	-9.178228	-3.678208	12.962068	6.817499	-15.382150	-17.453308	-3.375144	-1.357370	-13.691798	19.397076	13.056383	-6.416733	-12.761037	13.423818	-15.361470	-7.137188	8.296722	-8.293065	16.644309	13.243496	-9.299830	17.174399	8.348469	-13.036067	-17.008935	-13.354840	-1.397713	3.153803	4.284705	3.041205	-17.347796	8.537237	4.361482	-18.476869	4.301802	-1.658372	7.722774	-5.340225	-3.527587	16.161436	0.098417	6.186622	-13.798300	-18.183857	19.411090	-4.380492	-15.240728	
19.183237	19.285721	14.002917	1.086042	-20.761197	17.176170	15.189736	-22.068493	4.220596	-14.679530	-1.678584	3.092167	-20.181968	4.671521	-19.780733	21.680372	1.750975	12.736482	8.979197	-12.720310	8.566743	-9.174716	-0.898363	-14.390360	-3.398584	-4.524594	15.972184	19.316472	-13.937034	-4.312191	-16.588039	-10.705145	-7.799372	-3.749004	13.599726	-10.796945	-12.820361	-0.814361	-11.311068	-15.371743	-15.419810	-18.384919	12.030943	-17.043276	-6.611268	22.199093	8.159822	-3.672607	4.196706	21.488509	
0.029199	0.026667	0.006935	0.018918	0.028703	0.023410	0.024822	0.006169	0.011617	0.027368	0.031552	0.033343	0.003526	0.006685	0.031548	0.003752	0.033770	0.031452	0.023965	0.003646	0.030383	0.028865	0.013554	0.033098	0.018782	0.031367	0.030075	0.003974	0.012757	0.003601	0.020553	0.000513	0.002458	0.023578	0.030772	0.002369	0.007884	0.010601	0.022448	0.033152	0.009857	0.023810	0.030508	0.015926	0.027304	0.009445	0.029519	0.029047	0.023404	0.033348	
0.012855	0.006997	0.001794	0.003234	0.023571	0.002248	0.020620	0.025128	0.028276	0.000716	0.033969	0.016244	0.005072	0.032222	0.022660	0.013244	0.038845	0.037064	0.028641	0.043079	0.013525	0.042331	0.007519	0.016236	0.036127	0.003411	0.017631	0.014970	0.014536	0.019858	0.040307	0.002302	0.030779	0.008688	0.033120	0.040789	0.013812	0.024062	0.000299	0.032277	0.011040	0.021989	0.009482	0.027404	0.043766	0.011609	0.012037	0.000413	0.021021	0.032181	
0.009548	0.006660	0.029268	0.031834	0.008110	0.014225	0.013606	0.031001	0.028949	0.002058	0.014315	0.032661	0.005705	0.029266	0.016968	0.029539	0.021456	0.026378	0.009128	0.013781	0.032547	0.036399	0.036359	0.022702	0.024091	0.014987	0.009727	0.005140	0.027655	0.019794	0.006932	0.016774	0.033309	0.010922	0.027728	0.027050	0.023290	0.002701	0.013006	0.027617	0.021252	0.028685	0.010164	0.023107	0.034259	0.014402	0.029837	0.034827	0.002525	0.007759	
0.001565	0.009146	0.024837	0.010742	0.034602	0.016791	0.006269	0.010383	0.022286	0.026272	0.023027	0.007738	0.024088	0.021810	0.018977	0.006868	0.012805	0.000515	0.039932	0.021661	0.009071	0.035589	0.003071	0.037687	0.040823	0.009405	0.013479	0.016364	0.024669	0.013768	0.031934	0.003447	0.030444	0.020383	0.026696	0.025892	0.040667	0.020887	0.042862	0.000590	0.014433	0.004725	0.033887	0.012820	0.029840	0.029604	0.028195	0.026790	0.017921	0.013743	
0.033778	0.046129	0.033796	0.028468	0.029438	0.025959	0.001718	0.001073	0.022817	0.006809	0.044960	0.014742	0.046694	0.003141	0.008630	0.011698	0.000647	0.032549	0.002744	0.034732	0.026045	0.020702	0.000018	0.027239	0.017857	0.003490	0.014170	0.030325	0.037485	0.002310	0.001598	0.024586	0.023803	0.021226	0.000503	0.024247	0.040615	0.016416	0.028379	0.030346	0.042882	0.031221	0.014757	0.007272	0.040938	0.015551	0.002003	0.006159	0.008009	0.009324	
0.039640	0.038038	0.028982	0.035386	0.007087	0.030428	0.029487	0.023034	0.002147	0.012440	0.041520	0.018943	0.018400	0.030563	0.035721	0.001084	0.008169	0.011732	0.007227	0.003735	0.033377	0.011966	0.013770	0.016530	0.012572	0.037978	0.022589	0.024285	0.015504	0.027696	0.023696	0.021943	0.040323	0.023530	0.031135	0.004025	0.013938	0.000626	0.014948	0.011829	0.006492	0.031387	0.032146	0.000912	0.032237	0.025455	0.006580	0.001281	0.009109	0.028378	
0.009107	0.007111	0.016817	0.034773	0.009673	0.004448	0.003266	0.029798	0.023430	0.011663	0.012405	0.017126	0.002383	0.042446	0.040832	0.027383	0.007983	0.044871	0.031060	0.020406	0.048370	0.030203	0.006577	0.022922	0.019627	0.009666	0.000737	0.009800	0.045558	0.035182	0.022137	0.010526	0.029233	0.011865	0.010886	0.004912	0.039311	0.018190	0.023156	0.040079	0.002688	0.020289	0.014971	0.016876	0.003677	0.045192	0.016826	0.004708	0.027772	0.011083	
0.027529	0.028073	0.024877	0.004723	0.033494	0.004396	0.037520	0.004973	0.036184	0.023309	0.010910	0.012066	0.022087	0.022242	0.028374	0.029657	0.011908	0.016527	0.021318	0.000844	0.013049	0.015702	0.025199	0.009379	0.022738	0.023681	0.001798	0.038859	0.010504	0.026262	0.026238	0.021451	0.018432	0.014278	0.028793	0.017869	0.019150	0.016746	0.024710	0.021282	0.014395	0.014954	0.004280	0.036776	0.015124	0.038676	0.014527	0.034143	0.022812	0.007181	
0.010199	0.017437	0.004882	0.037522	0.025550	0.029909	0.025411	0.015007	0.018160	0.003058	0.010972	0.030385	0.003807	0.035947	0.001010	0.033945	0.026393	0.019989	0.010804	0.012234	0.008158	0.011935	0.017739	0.016213	0.038893	0.019757	0.024574	0.027779	0.018871	0.009307	0.022180	0.014237	0.025100	0.040538	0.023045	0.024901	0.025526	0.040662	0.004790	0.012154	0.042353	0.002259	0.012859	0.001585	0.012612	0.009814	0.035259	0.039648	0.031705	0.012924	
0.006650	0.012740	0.022696	0.021746	0.032264	0.009961	0.008486	0.014510	0.039230	0.030386	0.000497	0.004260	0.006663	0.031344	0.030986	0.015732	0.005046	0.012622	0.036910	0.033742	0.027469	0.011506	0.037806	0.001875	0.011682	0.036391	0.031808	0.017773	0.003588	0.015850	0.017477	0.015432	0.015691	0.032269	0.005566	0.015732	0.003364	0.005831	0.025385	0.033492	0.016930	0.024073	0.037578	0.021102	0.028020	0.038940	0.025198	0.005129	0.035580	0.024991	
0.014473	0.028127	0.024802	0.032599	0.003680	0.030941	0.026527	0.006287	0.000907	0.022168	0.014521	0.021948	0.007149	0.012171	0.032159	0.023281	0.021657	0.034629	0.013638	0.028096	0.009739	0.006176	0.009868	0.025989	0.035206	0.020129	0.015171	0.025059	0.030863	0.031167	0.017246	0.004193	0.034225	0.013755	0.020967	0.018050	0.033901	0.001735	0.025170	0.035551	0.030714	0.011507	0.005440	0.024479	0.033769	0.004192	0.014379	0.001071	0.026635	0.033892	
0.007962	0.030372	0.035491	0.028041	0.027368	0.028775	0.019327	0.035888	0.002866	0.013746	0.011150	0.006065	0.000216	0.007538	0.029209	0.020549	0.013265	0.015669	0.010922	0.026860	0.019889	0.031668	0.007447	0.033768	0.023712	0.017165	0.024065	0.036405	0.029194	0.012114	0.015903	0.020828	0.035028	0.033558	0.004675	0.002790	0.007705	0.018922	0.011781	0.030044	0.019192	0.005714	0.035383	0.034066	0.023334	0.016664	0.015530	0.006034	0.026298	0.029847	
0.010604	0.014819	0.018612	0.028881	0.022061	0.023437	0.015635	0.032013	0.037446	0.023439	0.018523	0.032969	0.009923	0.009236	0.017787	0.029465	0.025205	0.035433	0.004722	0.011940	0.012111	0.004405	0.015219	0.026398	0.034035	0.023508	0.017670	0.001804	0.009135	0.037190	0.028156	0.005740	0.026446	0.036143	0.031517	0.037790	0.036095	0.002894	0.035361	0.006232	0.003203	0.028501	0.034028	0.027920	0.003332	0.012604	0.013401	0.004715	0.016786	0.005514	
0.036887	0.028459	0.012627	0.008510	0.015342	0.024518	0.002054	0.003288	0.030277	0.030922	0.023490	0.036958	0.033031	0.025293	0.007221	0.019933	0.008636	0.008059	0.031201	0.003962	0.015158	0.001712	0.028259	0.016684	0.004733	0.030079	0.012779	0.028660	0.012915	0.009867	0.005700	0.026162	0.037141	0.036522	0.000600	0.026169	0.027074	0.035575	0.014707	0.037401	0.001759	0.006774	0.006773	0.017631	0.009378	0.035563	0.024418	0.028104	0.036428	0.034608	
0.008581	0.015512	0.004837	0.031699	0.004118	0.026768	0.000599	0.033479	0.014946	0.013306	0.035464	0.005130	0.015248	0.034763	0.031002	0.021026	0.002738	0.017570	0.018188	0.026983	0.021788	0.026587	0.031487	0.016325	0.033212	0.004335	0.010991	0.005439	0.019231	0.011724	0.035347	0.008416	0.014154	0.006082	0.008559	0.011021	0.038804	0.020006	0.033430	0.022919	0.012353	0.038814	0.019296	0.036802	0.023076	0.032150	0.036234	0.036649	0.005329	0.017483	
0.003424	0.035981	0.011687	0.011811	0.019714	0.034394	0.023786	0.003730	0.007300	0.028575	0.000801	0.004872	0.006323	0.015795	0.008500	0.014521	0.023957	0.029739	0.000264	0.025471	0.031206	0.022201	0.004925	0.031833	0.007704	0.013969	0.038745	0.001994	0.032200	0.037452	0.017049	0.026168	0.034605	0.013330	0.034567	0.024855	0.039437	0.009215	0.044544	0.032356	0.013306	0.007639	0.018416	0.012922	0.022227	0.032517	0.036595	0.022212	0.011563	0.013604	
0.023423	0.012993	0.009799	0.030230	0.016834	0.019445	0.016780	0.032620	0.034645	0.026795	0.028878	0.037448	0.013279	0.036273	0.032487	0.022044	0.004640	0.003244	0.005317	0.017912	0.035004	0.020060	0.000917	0.011834	0.022332	0.022759	0.036414	0.022787	0.012652	0.010888	0.015800	0.005268	0.031166	0.026348	0.007908	0.012696	0.014820	0.037370	0.033334	0.015699	0.032469	0.004406	0.021323	0.012878	0.022223	0.002153	0.031176	0.006910	0.034412	0.010906	
0.036973	0.004600	0.030869	0.027946	0.007104	0.006249	0.011032	0.015184	0.010357	0.026419	0.022391	0.033948	0.038403	0.005297	0.007084	0.011274	0.038895	0.030107	0.011461	0.013985	0.001803	0.015440	0.015342	0.015870	0.026688	0.033162	0.016541	0.037019	0.027065	0.025850	0.007743	0.002986	0.018242	0.034840	0.026534	0.014583	0.021149	0.021356	0.036222	0.022127	0.011088	0.018971	0.002452	0.020443	0.021485	0.038090	0.009139	0.009304	0.035130	0.023757	
0.002953	0.020762	0.016416	0.035184	0.015118	0.015477	0.010050	0.014439	0.034475	0.004650	0.009617	0.025555	0.033468	0.024002	0.021766	0.029926	0.034364	0.037175	0.013977	0.006545	0.013760	0.009686	0.006587	0.029008	0.015892	0.032834	0.028393	0.019012	0.014033	0.009195	0.008945	0.027644	0.018098	0.022129	0.020027	0.013777	0.020188	0.012750	0.024787	0.038682	0.007637	0.021862	0.019708	0.021803	0.006387	0.029366	0.024005	0.037602	0.004150	0.036137	
0.028744	0.029300	0.035744	0.031268	0.012283	0.002990	0.028215	0.034699	0.034331	0.010732	0.002181	0.013624	0.025832	0.030884	0.022686	0.006653	0.002295	0.019190	0.017343	0.026739	0.021761	0.027774	0.027774	0.007029	0.016249	0.007076	0.030165	0.036697	0.027997	0.000873	0.031065	0.000192	0.032794	0.024419	0.036567	0.021798	0.033507	0.016216	0.004048	0.026155	0.005375	0.015199	0.016465	0.007948	0.002084	0.035819	0.029429	0.005403	0.006772	0.029618	
0.029272	0.012742	0.040207	0.000447	0.004826	0.015021	0.041906	0.039292	0.036159	0.022242	0.006747	0.032303	0.037766	0.027218	0.006512	0.010249	0.023270	0.026074	0.000917	0.000712	0.021782	0.035929	0.004633	0.027514	0.005987	0.005347	0.043139	0.037516	0.010968	0.036071	0.040344	0.014525	0.001171	0.003696	0.005759	0.016497	0.035687	0.012282	0.038405	0.002921	0.037583	0.000842	0.030619	0.007190	0.033362	0.002874	0.032850	0.014181	0.009105	0.017340	
0.025196	0.014558	0.035312	0.021208	0.006296	0.006792	0.030155	0.030759	0.001989	0.001070	0.021235	0.030665	0.015156	0.012664	0.004897	0.024452	0.023918	0.038643	0.019806	0.016345	0.001409	0.032179	0.024585	0.011435	0.032296	0.031651	0.018290	0.010552	0.031954	0.012926	0.037632	0.028138	0.016894	0.004471	0.027731	0.023915	0.017607	0.006100	0.036840	0.026057	0.008976	0.006181	0.009461	0.028183	0.024040	0.034589	0.020861	0.000262	0.031263	0.022407	
0.023729	0.007598	0.032999	0.015495	0.020368	0.013327	0.035226	0.015751	0.010681	0.011997	0.010637	0.005609	0.025585	0.012250	0.010459	0.005392	0.032473	0.020882	0.013002	0.031360	0.003246	0.033351	0.006917	0.036735	0.031026	0.010198	0.014949	0.035997	0.023092	0.001587	0.033810	0.001124	0.026947	0.004992	0.036195	0.013624	0.014813	0.040270	0.033000	0.024016	0.023549	0.028110	0.033095	0.006760	0.012503	0.020989	0.002040	0.029396	0.037147	0.025704	
0.009258	0.032516	0.033850	0.003247	0.007824	0.026720	0.014457	0.007513	0.029413	0.010885	0.028662	0.033299	0.030176	0.024157	0.030921	0.024896	0.009461	0.000860	0.032820	0.018923	0.010935	0.000211	0.023652	0.035012	0.000970	0.017717	0.023150	0.003083	0.016467	0.027056	0.030560	0.034578	0.014042	0.013598	0.029517	0.009675	0.020553	0.023248	0.016089	0.009998	0.025693	0.019246	0.001681	0.033830	0.016757	0.027229	0.032038	0.034265	0.015461	0.023831	
0.040778	0.037119	0.022968	0.014524	0.001032	0.000608	0.040548	0.015781	0.023147	0.035034	0.018314	0.000247	0.021323	0.004383	0.010926	0.034883	0.023373	0.020500	0.007535	0.025556	0.005127	0.025986	0.014654	0.025669	0.004957	0.003262	0.038792	0.017666	0.000089	0.030751	0.032031	0.022327	0.040238	0.007269	0.003499	0.022821	0.025982	0.019058	0.026713	0.035137	0.007377	0.003144	0.022189	0.033661	0.039074	0.037505	0.001714	0.025828	0.017621	0.011279	
0.027664	0.026491	0.010013	0.023379	0.006755	0.038675	0.045383	0.002042	0.027612	0.008520	0.010127	0.010961	0.037461	0.007012	0.030093	0.039625	0.003818	0.002041	0.002543	0.002098	0.026634	0.046380	0.009777	0.040666	0.014316	0.025285	0.007639	0.003681	0.007722	0.022578	0.008037	0.038349	0.001549	0.007921	0.031076	0.018457	0.034638	0.036378	0.042276	0.029215	0.002248	0.041698	0.044042	0.023361	0.022756	0.010798	0.011188	0.018442	0.003364	0.007212	
0.022914	0.010380	0.042577	0.031524	0.030436	0.020346	0.010014	0.000621	0.001452	0.037521	0.036585	0.004730	0.026883	0.036293	0.035819	0.011189	0.002200	0.028318	0.009997	0.016465	0.016687	0.025059	0.028418	0.005093	0.034116	0.011298	0.017170	0.025118	0.021308	0.039392	0.035627	0.026491	0.013097	0.027486	0.007908	0.016017	0.038896	0.013669	0.002366	0.002750	0.012106	0.000411	0.015342	0.012891	0.011531	0.029605	0.020672	0.035793	0.024971	0.012450	
0.010615	0.034078	0.000543	0.001436	0.000209	0.031551	0.026837	0.019475	0.023770	0.000507	0.030627	0.008148	0.034538	0.019955	0.029560	0.023252	0.012239	0.028884	0.000013	0.010961	0.035489	0.020328	0.022791	0.013424	0.004871	0.034731	0.005860	0.012001	0.006579	0.012926	0.025247	0.030687	0.026048	0.017025	0.028368	0.011333	0.031793	0.025171	0.034837	0.025938	0.015835	0.020212	0.027608	0.034334	0.012485	0.020494	0.025613	0.030967	0.025836	0.013973	
0.000488	0.002891	0.031098	0.009953	0.014488	0.036300	0.030134	0.042860	0.039946	0.035380	0.031243	0.005638	0.039483	0.017008	0.029188	0.040500	0.028373	0.006575	0.021890	0.023009	0.010487	0.014291	0.038981	0.003948	0.012750	0.037964	0.011234	0.013813	0.002998	0.006205	0.020340	0.030103	0.022261	0.028096	0.019662	0.001326	0.027444	0.005572	0.041392	0.006440	0.012478	0.017444	0.003849	0.040865	0.005763	0.010760	0.024337	0.001661	0.021843	0.019247	
0.024274	0.028943	0.017851	0.001826	0.014032	0.033221	0.005908	0.024103	0.018452	0.025158	0.025484	0.009332	0.029904	0.029948	0.011713	0.005133	0.023493	0.011903	0.035372	0.036025	0.031881	0.020897	0.010241	0.017713	0.013561	0.008983	0.024105	0.036723	0.025132	0.009889	0.021108	0.014168	0.022899	0.002565	0.030844	0.003560	0.024641	0.033217	0.004515	0.027936	0.030260	0.015453	0.002424	0.019220	0.033791	0.027582	0.020978	0.028162	0.006055	0.019421	
0.000950	0.007342	0.026358	0.033264	0.035743	0.011939	0.035127	0.011542	0.025818	0.012469	0.020335	0.018159	0.033308	0.031875	0.002269	0.011173	0.021742	0.039477	0.010033	0.027416	0.029991	0.011633	0.002502	0.010556	0.023291	0.019341	0.023597	0.023286	0.038429	0.032536	0.026099	0.002183	0.022037	0.021334	0.027340	0.016918	0.007762	0.017471	0.036545	0.029944	0.013741	0.018267	0.019249	0.020362	0.002843	0.006341	0.001138	0.033512	0.036281	0.009132	
0.013736	0.000386	0.036630	0.022636	0.015806	0.002162	0.017500	0.021832	0.021170	0.001965	0.039596	0.020817	0.017673	0.037073	0.027465	0.033941	0.022347	0.017050	0.014319	0.014500	0.002323	0.015948	0.033706	0.014144	0.021314	0.008023	0.002592	0.010609	0.024239	0.036672	0.004631	0.026031	0.011176	0.012127	0.012232	0.013752	0.023287	0.038789	0.038481	0.038314	0.035576	0.023606	0.040338	0.014276	0.015704	0.012707	0.038056	0.003694	0.027185	0.001864	
0.021753	0.022054	0.000067	0.016679	0.012511	0.038132	0.024854	0.006803	0.039007	0.034179	0.037486	0.009789	0.031191	0.030424	0.039770	0.018930	0.013353	0.000547	0.024048	0.038883	0.001090	0.034887	0.024146	0.022786	0.025974	0.019016	0.017816	0.018189	0.023975	0.008883	0.002334	0.034565	0.030737	0.016565	0.019940	0.006511	0.010458	0.012354	0.019043	0.003721	0.036858	0.002424	0.032907	0.008854	0.010849	0.009953	0.033439	0.011222	0.033718	0.006324	
0.036492	0.033813	0.033635	0.034322	0.014477	0.014231	0.011455	0.005610	0.022091	0.034900	0.018415	0.026332	0.015922	0.012052	0.013658	0.038890	0.010734	0.029984	0.029501	0.014407	0.006695	0.013804	0.035978	0.001164	0.014091	0.009462	0.029303	0.018564	0.024466	0.021675	0.032963	0.004044	0.009223	0.020540	0.003093	0.030491	0.009276	0.031707	0.018194	0.022485	0.029424	0.031316	0.024850	0.010165	0.006421	0.001437	0.024509	0.035979	0.015614	0.012145	
0.032336	0.028209	0.031055	0.024158	0.018373	0.016694	0.023753	0.026783	0.004137	0.018115	0.031134	0.016679	0.005560	0.024284	0.005285	0.026009	0.016348	0.028012	0.006574	0.016053	0.024242	0.021668	0.006722	0.038935	0.005491	0.008891	0.025350	0.040307	0.008612	0.033027	0.016438	0.025972	0.016966	0.002396	0.009229	0.013881	0.011107	0.007657	0.036419	0.007579	0.036175	0.033227	0.019594	0.036250	0.040357	0.022205	0.007284	0.032171	0.000936	0.011359	
0.033430	0.011024	0.039087	0.007130	0.009103	0.038619	0.035651	0.004604	0.023766	0.023832	0.017174	0.008658	0.024317	0.028960	0.007397	0.016671	0.024719	0.003555	0.008283	0.002252	0.032351	0.018252	0.012591	0.020543	0.022074	0.022917	0.031451	0.014788	0.019669	0.017157	0.009612	0.016490	0.016345	0.021528	0.033494	0.008536	0.017087	0.021286	0.036932	0.025493	0.035222	0.034173	0.023954	0.002723	0.018132	0.000939	0.030060	0.003623	0.031716	0.032630	
0.024464	0.009051	0.025549	0.021211	0.012882	0.012395	0.028187	0.017997	0.002757	0.034966	0.001090	0.027216	0.023958	0.008655	0.033190	0.021162	0.034164	0.023227	0.034663	0.018955	0.002104	0.000842	0.023291	0.019702	0.014157	0.003419	0.012108	0.018190	0.010349	0.004602	0.021454	0.018532	0.036337	0.026484	0.000331	0.004819	0.010210	0.036762	0.036437	0.027704	0.036870	0.034822	0.036012	0.031522	0.035119	0.015271	0.004051	0.023859	0.018563	0.020336	
0.017288	0.007854	0.001603	0.030401	0.007502	0.017254	0.009534	0.018585	0.039202	0.001108	0.023686	0.019213	0.036793	0.002747	0.034498	0.020059	0.016896	0.027527	0.003953	0.035597	0.018184	0.012456	0.013181	0.007224	0.016281	0.033299	0.019854	0.000019	0.003643	0.032239	0.017714	0.033546	0.013787	0.029142	0.040342	0.033264	0.025442	0.007476	0.030268	0.001099	0.041440	0.038869	0.017786	0.026304	0.005229	0.020730	0.006205	0.040009	0.004930	0.038742	
0.031245	0.006866	0.027235	0.037198	0.035132	0.016798	0.032756	0.029891	0.039215	0.023146	0.000177	0.028242	0.026340	0.027978	0.002885	0.026785	0.010267	0.037185	0.012488	0.033949	0.003022	0.038124	0.020506	0.022527	0.023648	0.028012	0.009291	0.018932	0.003883	0.022330	0.010179	0.035219	0.021064	0.016482	0.003922	0.006630	0.009495	0.007348	0.000233	0.025472	0.020189	0.038921	0.022704	0.027902	0.007997	0.005143	0.013263	0.010611	0.004903	0.036270	
0.035135	0.020867	0.030779	0.033482	0.019292	0.020721	0.013915	0.022682	0.020358	0.037366	0.031977	0.000797	0.000215	0.021178	0.018959	0.024092	0.006286	0.034472	0.035898	0.025346	0.008669	0.003684	0.010317	0.026543	0.022460	0.034059	0.001768	0.030060	0.030849	0.018277	0.014050	0.020354	0.029596	0.011806	0.007744	0.013731	0.003628	0.000220	0.012450	0.036752	0.016440	0.036582	0.017229	0.015237	0.029050	0.019697	0.017390	0.017235	0.027870	0.012437	
0.010869	0.017265	0.005838	0.042460	0.017180	0.032677	0.008136	0.017498	0.005198	0.005456	0.036428	0.023613	0.033694	0.002989	0.003866	0.021108	0.037987	0.008489	0.027155	0.026570	0.014896	0.009445	0.009164	0.011985	0.006034	0.003489	0.003720	0.005388	0.040530	0.000726	0.022856	0.014324	0.004471	0.032221	0.025686	0.040184	0.022259	0.018866	0.027072	0.039935	0.028852	0.018653	0.014462	0.004150	0.035792	0.026948	0.012336	0.038752	0.040819	0.041509	
0.000088	0.029163	0.034252	0.013193	0.018054	0.018524	0.037336	0.013163	0.032837	0.023316	0.014070	0.019275	0.014504	0.033619	0.014160	0.005205	0.029790	0.003135	0.031416	0.015649	0.013644	0.022281	0.025874	0.007598	0.012698	0.030846	0.035570	0.006409	0.036935	0.029527	0.021253	0.028936	0.016401	0.038016	0.013287	0.038176	0.015482	0.028618	0.005062	0.021912	0.001557	0.012025	0.001603	0.015847	0.031706	0.020884	0.019769	0.028386	0.016304	0.002643	
0.019757	0.041466	0.015908	0.007393	0.030210	0.025886	0.037277	0.029253	0.002350	0.026189	0.010871	0.008810	0.030490	0.038380	0.023215	0.035815	0.016190	0.023228	0.009655	0.005985	0.007877	0.026546	0.006260	0.028003	0.031180	0.022561	0.024928	0.018787	0.044778	0.030464	0.002484	0.035314	0.012028	0.013151	0.008517	0.035919	0.004719	0.011697	0.041370	0.015869	0.015744	0.018257	0.000095	0.025468	0.039195	0.005014	0.013624	0.008219	0.000703	0.012901	
0.021658	0.014221	0.007715	0.013616	0.009075	0.004095	0.016021	0.013424	0.020873	0.019859	0.038223	0.016990	0.034252	0.000848	0.001788	0.018252	0.014394	0.036882	0.042953	0.020334	0.002612	0.000011	0.012278	0.008269	0.004149	0.041601	0.014592	0.031654	0.001536	0.029683	0.040897	0.018330	0.018519	0.030191	0.033287	0.020623	0.036686	0.032821	0.014924	0.043087	0.033684	0.030190	0.024077	0.007145	0.024780	0.038929	0.007493	0.021673	0.007578	0.003229	
0.012885	0.029974	0.013925	0.037960	0.034200	0.015427	0.018439	0.037666	0.006324	0.002550	0.031417	0.041256	0.011318	0.018958	0.008006	0.002555	0.001216	0.034943	0.024666	0.039747	0.033518	0.011385	0.003457	0.000572	0.034979	0.017046	0.007408	0.017950	0.006878	0.013979	0.040152	0.025138	0.041057	0.013648	0.021075	0.014899	0.015971	0.017504	0.021457	0.030169	0.012399	0.004865	0.026276	0.015407	0.023176	0.030185	0.018942	0.018277	0.009144	0.029655	
0.011844	0.017199	0.026756	0.003917	0.007578	0.020982	0.018140	0.023145	0.021819	0.034771	0.033083	0.010357	0.024842	0.012779	0.026872	0.032504	0.009060	0.026428	0.012485	0.032220	0.027922	0.025909	0.010648	0.038054	0.018232	0.019932	0.007928	0.000618	0.025255	0.023910	0.020285	0.034664	0.037960	0.032128	0.026524	0.033649	0.019752	0.027971	0.013793	0.004436	0.019104	0.032019	0.004120	0.008546	0.014268	0.002851	0.003690	0.009568	0.011558	0.037924	
0.009513	0.024501	0.028118	0.005484	0.037323	0.031923	0.006013	0.022642	0.024786	0.013212	0.031269	0.011413	0.043510	0.030500	0.011784	0.009836	0.031077	0.029611	0.004482	0.006247	0.022469	0.023729	0.023717	0.018595	0.035983	0.030198	0.041625	0.012606	0.000861	0.007152	0.011046	0.004703	0.023088	0.018527	0.015263	0.029753	0.016788	0.026289	0.003201	0.005195	0.010515	0.039021	0.006200	0.007902	0.011875	0.029880	0.030852	0.037394	0.032725	0.009604	
0.000174	0.019231	0.033462	0.032298	0.015164	0.016490	0.027827	0.000732	0.023844	0.023311	0.022420	0.025210	0.011530	0.026438	0.037699	0.033761	0.003304	0.013648	0.016125	0.001960	0.007973	0.001010	0.031499	0.023493	0.026834	0.018949	0.021680	0.010986	0.007181	0.016124	0.033932	0.027376	0.033477	0.036843	0.016819	0.023100	0.009072	0.032599	0.036492	0.016294	0.026774	0.032485	0.008049	0.001278	0.036238	0.027612	0.011694	0.006344	0.008930	0.024235	
0.002866	0.006431	0.002047	0.022081	0.029221	0.013580	0.019880	0.005769	0.018770	0.005606	0.006064	0.035686	0.009770	0.028051	0.017507	0.038057	0.034731	0.015241	0.013497	0.021031	0.011816	0.038937	0.012945	0.036307	0.017339	0.040537	0.024156	0.020786	0.026830	0.021306	0.039403	0.033353	0.014263	0.012523	0.012638	0.004034	0.036336	0.030252	0.018496	0.004022	0.023287	0.003662	0.041141	0.011783	0.018176	0.028471	0.028106	0.008008	0.004497	0.030702	
0.027276	0.009908	0.016393	0.017980	0.020747	0.008421	0.020398	0.011583	0.022159	0.017436	0.007974	0.034910	0.031404	0.025015	0.027856	0.024647	0.035575	0.033359	0.009812	0.025730	0.025133	0.019054	0.014070	0.003883	0.014641	0.001525	0.030286	0.002195	0.004381	0.031799	0.019952	0.031042	0.002859	0.000924	0.026028	0.005016	0.034542	0.013962	0.020867	0.033427	0.022562	0.035564	0.034039	0.025174	0.011241	0.032492	0.005994	0.028156	0.020146	0.020464	
0.027557	0.028315	0.017148	0.006110	0.020282	0.011114	0.003336	0.016114	0.016955	0.022995	0.024668	0.016653	0.019259	0.036083	0.036265	0.024138	0.025831	0.004151	0.003648	0.027981	0.017528	0.007421	0.024412	0.023088	0.020332	0.003150	0.011532	0.029756	0.005546	0.029364	0.005776	0.006707	0.025634	0.037668	0.020509	0.015424	0.022202	0.024993	0.010444	0.031808	0.033869	0.004459	0.019874	0.021107	0.026419	0.035681	0.022845	0.031929	0.014046	0.027875	
0.026064	0.015340	0.023479	0.037771	0.013280	0.039816	0.004125	0.005811	0.005967	0.027778	0.017205	0.005662	0.004913	0.020072	0.013406	0.019847	0.023691	0.016930	0.038461	0.009624	0.018106	0.018840	0.029243	0.014703	0.037060	0.017522	0.023166	0.005242	0.014558	0.019110	0.020236	0.017086	0.007923	0.020371	0.031256	0.025738	0.031344	0.028803	0.029044	0.029567	0.011838	0.011405	0.000726	0.029952	0.031954	0.005806	0.039090	0.022524	0.000800	0.037746	
0.006897	0.032480	0.018791	0.006478	0.021366	0.002040	0.018585	0.022755	0.028172	0.032077	0.032147	0.034323	0.025245	0.008444	0.035114	0.033396	0.015309	0.002438	0.005421	0.012058	0.026665	0.022795	0.031889	0.020776	0.028596	0.033473	0.006199	0.016681	0.034684	0.006930	0.002933	0.031588	0.011934	0.015001	0.009519	0.001545	0.030347	0.018676	0.018040	0.009040	0.029321	0.020924	0.003463	0.013785	0.023029	0.027857	0.021223	0.035524	0.024273	0.029753	
0.039161	0.021174	0.038764	0.037150	0.004615	0.024982	0.038923	0.018954	0.001644	0.015472	0.010347	0.010211	0.000276	0.030856	0.037812	0.013566	0.010807	0.010055	0.020043	0.032361	0.015496	0.041804	0.012049	0.014479	0.010354	0.005006	0.036277	0.035361	0.008489	0.041922	0.010284	0.029040	0.016485	0.008748	0.011403	0.028332	0.026978	0.012574	0.027251	0.013277	0.003044	0.009890	0.011167	0.032135	0.014718	0.023043	0.024780	0.031879	0.022516	0.004045	
0.035405	0.011002	0.032448	0.023435	0.010369	0.026446	0.007486	0.003790	0.026046	0.012042	0.007844	0.011750	0.004592	0.007258	0.041979	0.030123	0.035279	0.023264	0.032167	0.035091	0.017284	0.033604	0.003364	0.030337	0.004318	0.024647	0.023519	0.026745	0.004328	0.026881	0.007245	0.032174	0.006126	0.027325	0.030621	0.034742	0.008388	0.040074	0.000138	0.030218	0.029888	0.004455	0.008773	0.016371	0.022017	0.000432	0.034229	0.015003	0.022486	0.016453	
0.027895	0.014665	0.032415	0.035328	0.014509	0.008651	0.001030	0.021101	0.000252	0.015934	0.015586	0.029047	0.007925	0.005154	0.006585	0.018685	0.020619	0.014620	0.000881	0.030521	0.035255	0.026129	0.015346	0.031434	0.029959	0.014651	0.032965	0.018276	0.029112	0.003350	0.031572	0.028415	0.038801	0.034694	0.016000	0.008949	0.003616	0.010196	0.000622	0.032100	0.017302	0.020325	0.030609	0.027230	0.003313	0.032051	0.039977	0.020143	0.033003	0.013204	
0.023390	0.002675	0.036229	0.025302	0.027328	0.025236	0.031477	0.017609	0.029102	0.009620	0.028576	0.001572	0.001090	0.010908	0.025935	0.032677	0.011581	0.026337	0.012659	0.018579	0.025202	0.019888	0.015320	0.029873	0.031796	0.010410	0.002621	0.015114	0.004490	0.028683	0.032065	0.037538	0.020032	0.014710	0.031750	0.005254	0.028638	0.037397	0.010011	0.023442	0.007160	0.003658	0.015250	0.014056	0.001456	0.024751	0.025924	0.016092	0.035781	0.033757	
0.033057	0.020275	0.006358	0.014084	0.027229	0.035187	0.034349	0.016987	0.020180	0.023345	0.032279	0.031746	0.018769	0.016203	0.003045	0.024584	0.027621	0.015774	0.028021	0.034297	0.035151	0.035750	0.015964	0.027392	0.002113	0.019026	0.000596	0.020734	0.010937	0.030241	0.024555	0.000052	0.018823	0.015600	0.012647	0.028800	0.026150	0.009256	0.009497	0.013908	0.034702	0.033949	0.014980	0.001797	0.028321	0.019548	0.001474	0.016425	0.007643	0.020578	
0.007838	0.022580	0.004745	0.006631	0.008282	0.000797	0.020740	0.013922	0.029660	0.030314	0.004337	0.016774	0.012626	0.001112	0.032348	0.024981	0.018349	0.003115	0.036764	0.016655	0.026381	0.006049	0.026595	0.037938	0.022973	0.039917	0.035346	0.028377	0.015960	0.022023	0.037804	0.000213	0.004889	0.024312	0.026412	0.014733	0.032372	0.033589	0.037310	0.025819	0.014020	0.000414	0.035026	0.020821	0.013324	0.038875	0.000524	0.010425	0.026930	0.028060	
0.028964	0.026472	0.020139	0.002561	0.005313	0.000626	0.017617	0.022606	0.005254	0.009004	0.017696	0.023313	0.008338	0.019224	0.015112	0.006898	0.034303	0.006885	0.036757	0.013434	0.019459	0.036640	0.038558	0.026100	0.021226	0.019012	0.005152	0.019587	0.020908	0.019792	0.014136	0.042718	0.011070	0.034214	0.035218	0.005161	0.020857	0.002512	0.028609	0.027578	0.038084	0.038571	0.022581	0.002777	0.029900	0.002748	0.033708	0.027931	0.002884	0.031791	
0.032961	0.030512	0.030050	0.028535	0.025823	0.031109	0.030895	0.019803	0.012229	0.018258	0.011824	0.038171	0.016925	0.014418	0.016378	0.026812	0.022377	0.023319	0.004721	0.025060	0.007913	0.029943	0.020521	0.037034	0.034137	0.016060	0.031167	0.018958	0.007682	0.011779	0.017988	0.025017	0.009350	0.002432	0.015235	0.012019	0.028292	0.014263	0.001006	0.030392	0.025978	0.019441	0.005467	0.003644	0.018626	0.020504	0.013022	0.014197	0.036180	0.011573	
0.026197	0.005444	0.034329	0.023212	0.026826	0.017416	0.029862	0.000658	0.003967	0.036253	0.014548	0.011992	0.030775	0.024413	0.038317	0.021921	0.006181	0.008573	0.028022	0.015807	0.039423	0.000994	0.017642	0.004116	0.004639	0.026913	0.019658	0.023903	0.038407	0.039289	0.026271	0.025117	0.025788	0.035706	0.002100	0.010267	0.010377	0.018809	0.018987	0.022778	0.006751	0.004797	0.028820	0.028899	0.016003	0.031439	0.011507	0.003463	0.034737	0.017689	
0.006288	0.017170	0.010722	0.003374	0.014897	0.013530	0.008683	0.045302	0.025563	0.025257	0.005789	0.010888	0.010778	0.014095	0.030838	0.020384	0.018430	0.014278	0.003809	0.016516	0.038993	0.032858	0.010174	0.009244	0.001893	0.022838	0.016247	0.004723	0.019119	0.034092	0.013891	0.012855	0.029982	0.041794	0.026479	0.028998	0.003721	0.028765	0.024530	0.030099	0.028106	0.007263	0.039616	0.026482	0.025361	0.034326	0.001408	0.011271	0.036001	0.042279	
0.034724	0.001308	0.035841	0.017236	0.002857	0.030796	0.024908	0.029855	0.002273	0.033862	0.023757	0.016780	0.013912	0.007420	0.026956	0.020819	0.021329	0.032254	0.023582	0.005989	0.026005	0.025422	0.031278	0.003900	0.034921	0.035749	0.023570	0.005066	0.032423	0.015537	0.005604	0.034817	0.020921	0.019791	0.020850	0.033451	0.013733	0.017862	0.023921	0.008956	0.010317	0.005093	0.000941	0.020499	0.013390	0.025880	0.017412	0.003959	0.031701	0.030571	
0.028762	0.011450	0.027770	0.015388	0.015141	0.018308	0.018348	0.018124	0.014110	0.004829	0.019743	0.009568	0.012804	0.028887	0.007437	0.030440	0.001487	0.001889	0.037456	0.025745	0.017682	0.017391	0.033114	0.005869	0.036059	0.011041	0.027581	0.013264	0.029258	0.017594	0.020971	0.018353	0.025469	0.001979	0.015700	0.023481	0.037376	0.022850	0.012218	0.006435	0.016647	0.039289	0.006969	0.035763	0.044894	0.014606	0.007556	0.045036	0.031102	0.016767	
0.027688	0.003549	0.019768	0.034128	0.020804	0.031483	0.022721	0.018030	0.032307	0.020216	0.022524	0.012302	0.008365	0.000907	0.005214	0.029963	0.027794	0.006868	0.002349	0.015057	0.024913	0.016423	0.002150	0.033708	0.034742	0.036639	0.010174	0.008912	0.027200	0.030752	0.013893	0.008237	0.021127	0.014632	0.030761	0.013659	0.021385	0.031757	0.028269	0.022503	0.030441	0.015276	0.027416	0.027509	0.013415	0.029578	0.014480	0.002997	0.019525	0.025491	
0.010604	0.003049	0.023129	0.033231	0.035932	0.013550	0.009172	0.035149	0.014206	0.003264	0.027413	0.029224	0.037689	0.014448	0.019814	0.020012	0.003310	0.038886	0.038262	0.020229	0.018892	0.028996	0.011052	0.013907	0.031660	0.009080	0.021852	0.021488	0.032008	0.021754	0.018793	0.022790	0.009170	0.008045	0.021639	0.025205	0.008857	0.001952	0.034319	0.009465	0.016125	0.016074	0.000946	0.027565	0.019128	0.022283	0.015451	0.018644	0.031665	0.030621	
0.000184	0.021880	0.006239	0.030843	0.022906	0.023323	0.042365	0.010122	0.003545	0.025173	0.037597	0.013385	0.018986	0.022310	0.026829	0.020798	0.037126	0.027551	0.003889	0.025510	0.033122	0.002272	0.023200	0.005618	0.014886	0.020795	0.000128	0.027442	0.035393	0.037432	0.034417	0.021619	0.011485	0.001774	0.003705	0.038473	0.041103	0.018801	0.004187	0.023240	0.023309	0.000568	0.017241	0.038531	0.008450	0.037466	0.008122	0.007981	0.025936	0.012743	
0.005785	0.020330	0.019209	0.035112	0.036654	0.026702	0.002250	0.003762	0.040997	0.027712	0.042970	0.012949	0.014718	0.009764	0.022834	0.016457	0.038212	0.013099	0.038996	0.007120	0.007707	0.026083	0.032206	0.021894	0.010394	0.014257	0.034365	0.001031	0.022803	0.023337	0.019969	0.002709	0.016404	0.030193	0.030542	0.015113	0.011137	0.039540	0.000380	0.000354	0.008914	0.016823	0.012355	0.035801	0.043004	0.015836	0.001921	0.029144	0.028131	0.012017	
0.016946	0.011215	0.021121	0.035098	0.033690	0.006157	0.014267	0.011592	0.004432	0.020560	0.021346	0.011659	0.008188	0.037634	0.031645	0.025803	0.029271	0.025320	0.030692	0.013661	0.020199	0.006788	0.003803	0.016643	0.036474	0.029792	0.035910	0.004410	0.021915	0.006418	0.015448	0.030029	0.022811	0.000117	0.009289	0.022136	0.027322	0.026357	0.025259	0.012492	0.029694	0.032022	0.038004	0.007498	0.009371	0.012265	0.037682	0.003979	0.007301	0.038274	
0.035798	0.021317	0.025850	0.026474	0.008658	0.014146	0.010061	0.001495	0.025619	0.010148	0.040069	0.002947	0.002617	0.026843	0.021315	0.023519	0.010081	0.023000	0.023362	0.013048	0.021781	0.028681	0.033059	0.014799	0.013424	0.032937	0.025342	0.025713	0.034201	0.029373	0.021327	0.004694	0.038448	0.030754	0.032587	0.005702	0.007355	0.029855	0.005247	0.030162	0.015135	0.031139	0.036333	0.001650	0.033853	0.011040	0.020027	0.003854	0.007424	0.007733	
0.010391	0.033103	0.018117	0.024126	0.021036	0.007382	0.000419	0.018152	0.014339	0.021440	0.030896	0.008774	0.025849	0.016330	0.029937	0.032804	0.019934	0.029458	0.028380	0.012060	0.021909	0.035286	0.025516	0.034611	0.030425	0.004633	0.018280	0.025446	0.018072	0.033656	0.008899	0.026947	0.007842	0.014266	0.028993	0.015107	0.024519	0.014592	0.026912	0.023091	0.000850	0.007492	0.034869	0.003111	0.026017	0.012853	0.030922	0.016296	0.022416	0.003244	
0.004684	0.007728	0.040799	0.008060	0.017747	0.009266	0.011945	0.022846	0.042285	0.007290	0.021434	0.016859	0.034839	0.024674	0.007891	0.010558	0.020809	0.028748	0.037407	0.024249	0.002244	0.003053	0.030060	0.032683	0.015138	0.022971	0.009778	0.037029	0.007293	0.022675	0.019298	0.002045	0.013682	0.011138	0.013731	0.023983	0.032191	0.037206	0.026924	0.002968	0.028200	0.031582	0.004279	0.013338	0.020805	0.027156	0.039407	0.000571	0.033277	0.035175	
0.008500	0.011501	0.025145	0.013087	0.023919	0.031071	0.002527	0.000346	0.039143	0.010002	0.029423	0.008963	0.018131	0.035366	0.022434	0.034815	0.027761	0.031294	0.013962	0.034397	0.027303	0.012507	0.024011	0.010945	0.016232	0.026288	0.024436	0.039195	0.021738	0.021552	0.000965	0.020496	0.000736	0.020308	0.001375	0.004719	0.014347	0.010334	0.026538	0.038316	0.027688	0.018608	0.023467	0.016047	0.024825	0.025183	0.034866	0.033085	0.001485	0.010620	
0.003469	0.015951	0.000879	0.011972	0.029233	0.037560	0.038375	0.033568	0.002664	0.001008	0.030052	0.022877	0.009892	0.031467	0.022719	0.029511	0.014190	0.032486	0.036174	0.000625	0.032275	0.017082	0.000541	0.001118	0.034097	0.019819	0.016181	0.006111	0.010881	0.019975	0.023736	0.034598	0.000458	0.025400	0.037299	0.007116	0.001851	0.004014	0.036030	0.033431	0.026188	0.027478	0.036928	0.033098	0.014499	0.023388	0.017477	0.030585	0.007174	0.016501	
0.024309	0.017033	0.001997	0.003556	0.002192	0.015557	0.028590	0.020795	0.044176	0.024314	0.016210	0.010835	0.040920	0.038172	0.026936	0.039200	0.017284	0.011599	0.040122	0.004787	0.005478	0.026782	0.035904	0.028845	0.015341	0.003510	0.037220	0.003233	0.008771	0.005762	0.015520	0.031759	0.000620	0.009892	0.033597	0.007275	0.027128	0.033900	0.009059	0.013542	0.034428	0.035097	0.036730	0.041130	0.009830	0.001745	0.014430	0.024563	0.008260	0.012066	
0.001247	0.041766	0.028190	0.027717	0.022971	0.046791	0.038657	0.003898	0.009713	0.014307	0.027615	0.004410	0.018433	0.009843	0.008638	0.001340	0.016830	0.019037	0.043578	0.024686	0.038965	0.015164	0.014914	0.008329	0.043015	0.009960	0.012326	0.043912	0.006479	0.004580	0.004755	0.005667	0.023494	0.022504	0.030890	0.025782	0.015313	0.001012	0.009875	0.043108	0.010592	0.014838	0.030618	0.022612	0.045791	0.002253	0.029402	0.004302	0.028993	0.020887	
0.010457	0.025263	0.037857	0.004230	0.000284	0.007447	0.025097	0.029895	0.024106	0.009537	0.016202	0.030616	0.013537	0.006015	0.013424	0.000851	0.016025	0.030125	0.018090	0.022554	0.027292	0.023416	0.032795	0.028539	0.028833	0.032165	0.031786	0.038316	0.032585	0.034956	0.018432	0.010284	0.026298	0.001034	0.000268	0.034184	0.004372	0.019756	0.013193	0.026914	0.019325	0.038001	0.024917	0.004798	0.021125	0.008624	0.013873	0.003164	0.038331	0.020809	
0.008082	0.024179	0.021276	0.024264	0.019145	0.022416	0.033668	0.034731	0.016794	0.024566	0.010084	0.030606	0.027223	0.002102	0.032737	0.026286	0.026991	0.025363	0.014073	0.037740	0.028560	0.014735	0.013680	0.031339	0.019188	0.008688	0.009490	0.004067	0.016478	0.043484	0.007822	0.019516	0.011667	0.023370	0.012423	0.007765	0.019881	0.021572	0.000025	0.002568	0.004046	0.019340	0.042153	0.036137	0.012228	0.033319	0.038803	0.029588	0.000828	0.004914	
0.025476	0.024286	0.030287	0.001486	0.002456	0.019294	0.032450	0.025507	0.004751	0.027283	0.010615	0.010829	0.020063	0.039485	0.022948	0.000451	0.037413	0.007641	0.021281	0.003719	0.034763	0.002710	0.009461	0.036864	0.033494	0.021111	0.030408	0.036521	0.038741	0.032952	0.037223	0.013354	0.011413	0.022634	0.004880	0.024218	0.011605	0.006019	0.010822	0.018054	0.023733	0.037803	0.010159	0.014005	0.002125	0.039021	0.023311	0.004123	0.024295	0.016456	
0.012765	0.020266	0.014519	0.014195	0.017536	0.022681	0.018401	0.023455	0.008776	0.034756	0.005659	0.026764	0.020475	0.019767	0.006115	0.033193	0.008503	0.037510	0.040053	0.001445	0.014061	0.016625	0.039868	0.000435	0.006854	0.023050	0.023308	0.017932	0.027746	0.011850	0.033197	0.007609	0.027630	0.033472	0.019995	0.033352	0.036294	0.031601	0.012749	0.037850	0.000610	0.025468	0.011248	0.019050	0.008155	0.008614	0.011833	0.023782	0.032542	0.016387	
0.003901	0.007185	0.012610	0.006628	0.005922	0.001277	0.031068	0.024402	0.039801	0.036363	0.031764	0.018417	0.036245	0.038223	0.013866	0.001178	0.029869	0.006269	0.022720	0.027324	0.039065	0.032620	0.019475	0.004433	0.009717	0.000824	0.034025	0.023015	0.026615	0.034961	0.009974	0.028217	0.005561	0.025262	0.037528	0.000862	0.005534	0.037718	0.034730	0.019541	0.009601	0.023097	0.004985	0.033609	0.011218	0.003686	0.005292	0.027038	0.035360	0.021405	
0.021197	0.031914	0.028854	0.038311	0.025373	0.031322	0.028191	0.017898	0.014732	0.028750	0.023258	0.025148	0.009167	0.001676	0.025026	0.033132	0.015122	0.008338	0.035771	0.016577	0.024751	0.029347	0.005207	0.009036	0.003168	0.032636	0.017466	0.008534	0.017319	0.024367	0.034723	0.032083	0.012489	0.011969	0.011267	0.022270	0.013131	0.010407	0.021474	0.026196	0.032826	0.023519	0.011468	0.001676	0.018920	0.005674	0.002221	0.026444	0.031960	0.017695	
0.036180	0.013541	0.030084	0.006021	0.008580	0.040181	0.018378	0.021009	0.003572	0.026232	0.001443	0.010338	0.013360	0.025233	0.034649	0.023505	0.024055	0.030977	0.031795	0.029940	0.025299	0.014308	0.020668	0.021325	0.007219	0.008257	0.023443	0.013777	0.026788	0.001061	0.001485	0.028950	0.020847	0.006654	0.003714	0.027009	0.018443	0.040687	0.009427	0.038480	0.031196	0.015326	0.038047	0.008515	0.016166	0.005136	0.008577	0.020675	0.028840	0.040610	
0.018362	0.009954	0.029646	0.025229	0.019411	0.006276	0.030745	0.022994	0.025598	0.027578	0.027649	0.013734	0.031976	0.025758	0.012082	0.012959	0.007233	0.025893	0.030473	0.005391	0.002672	0.019735	0.021676	0.031417	0.003862	0.020526	0.036030	0.005847	0.008205	0.032258	0.011643	0.024348	0.027178	0.016406	0.021670	0.009101	0.024845	0.009333	0.024804	0.029720	0.027916	0.010424	0.013285	0.028050	0.031297	0.008114	0.025818	0.031238	0.032702	0.000941	
0.034764	0.016321	0.014975	0.035108	0.043251	0.001346	0.021028	0.020597	0.006793	0.017720	0.034716	0.021260	0.018605	0.012895	0.005989	0.015779	0.017193	0.023061	0.010042	0.005081	0.021149	0.012637	0.027197	0.021470	0.031494	0.002311	0.013847	0.031721	0.014869	0.020898	0.037458	0.023606	0.027740	0.020331	0.002803	0.041944	0.014359	0.042710	0.018827	0.038219	0.014685	0.008845	0.019468	0.026330	0.004203	0.005113	0.002462	0.019107	0.031041	0.026634	
0.024490	0.020681	0.028790	0.028130	0.019862	0.003586	0.018634	0.032098	0.009335	0.023099	0.017974	0.008149	0.024205	0.028788	0.029638	0.000273	0.028692	0.004636	0.001925	0.022930	0.016317	0.027450	0.026765	0.009425	0.030339	0.008322	0.002500	0.028493	0.019205	0.030859	0.025347	0.022330	0.017908	0.022631	0.001250	0.020698	0.032888	0.024377	0.008578	0.024791	0.033986	0.016668	0.032823	0.027180	0.016683	0.012787	0.013563	0.028970	0.022553	0.018399	
0.023750	0.009877	0.029896	0.011744	0.031221	0.006042	0.037832	0.027189	0.023497	0.025393	0.015810	0.019263	0.015912	0.037153	0.017127	0.016968	0.038866	0.027709	0.020076	0.030807	0.008697	0.006269	0.023053	0.029055	0.037610	0.015056	0.021767	0.003489	0.039594	0.022237	0.007403	0.000772	0.029708	0.020784	0.029376	0.008586	0.017222	0.010482	0.021164	0.001818	0.029624	0.029171	0.014245	0.024668	0.028657	0.023742	0.002284	0.018108	0.002854	0.006373	
0.032160	0.002260	0.028541	0.025177	0.004037	0.013603	0.020850	0.011178	0.031804	0.020444	0.013177	0.005431	0.007697	0.035680	0.011518	0.001648	0.038873	0.035615	0.028421	0.012263	0.013092	0.013161	0.008111	0.014682	0.038250	0.000301	0.032252	0.039311	0.007731	0.019839	0.014342	0.037737	0.025604	0.037427	0.015770	0.037424	0.035948	0.037021	0.021129	0.016842	0.015509	0.009739	0.005888	0.034679	0.013351	0.019068	0.012979	0.011836	0.015717	0.014883	
0.016977	0.016134	0.002726	0.023502	0.002172	0.002842	0.015587	0.025780	0.005104	0.017530	0.001113	0.021445	0.028690	0.034982	0.007507	0.014651	0.018673	0.036654	0.009764	0.006954	0.030936	0.007909	0.027361	0.014253	0.035625	0.001776	0.025169	0.040457	0.011254	0.039786	0.018396	0.026191	0.039463	0.041930	0.035065	0.005404	0.028312	0.018158	0.001534	0.030452	0.008045	0.036171	0.027666	0.005176	0.031282	0.022562	0.032507	0.022466	0.000912	0.024998	
0.007023	0.036640	0.006721	0.020833	0.002628	0.036828	0.031303	0.038818	0.011830	0.006564	0.015926	0.035026	0.038162	0.011745	0.021001	0.011062	0.014597	0.000162	0.004920	0.000280	0.002425	0.002772	0.015344	0.026916	0.031487	0.012300	0.041923	0.039490	0.017372	0.025370	0.007662	0.043485	0.008320	0.016536	0.035319	0.042330	0.042149	0.034779	0.034448	0.003650	0.007407	0.025365	0.031032	0.000661	0.028276	0.017127	0.000812	0.023970	0.020551	0.008652	
0.024289	0.014259	0.002868	0.013039	0.005383	0.014615	0.026588	0.028811	0.037734	0.022358	0.022901	0.000434	0.007327	0.015116	0.002556	0.034881	0.009611	0.005479	0.003559	0.001694	0.011347	0.025834	0.037685	0.041852	0.029751	0.003878	0.035582	0.003089	0.024434	0.006620	0.030127	0.012549	0.026982	0.002643	0.018204	0.007353	0.032317	0.037340	0.017759	0.030923	0.033014	0.000624	0.028511	0.030076	0.015715	0.034754	0.041988	0.022106	0.036835	0.026608	
0.026113	0.007532	0.007839	0.010668	0.039593	0.027696	0.022801	0.023925	0.031204	0.006539	0.042903	0.012806	0.007574	0.027378	0.040480	0.021264	0.003153	0.030166	0.005706	0.027628	0.040114	0.003981	0.010871	0.028070	0.026188	0.038522	0.039098	0.007776	0.009344	0.027594	0.007706	0.004114	0.042572	0.002386	0.009113	0.039027	0.031400	0.006273	0.004300	0.003130	0.028759	0.008045	0.032754	0.023502	0.006670	0.007528	0.038600	0.015930	0.005189	0.028475	
0.046064	0.000666	0.019638	0.011151	0.033139	0.000590	0.030688	0.027259	0.000496	0.007046	0.018022	0.038329	0.019162	0.022934	0.016395	0.026044	0.005701	0.004451	0.026025	0.029361	0.039606	0.009438	0.006056	0.013848	0.030858	0.033780	0.027741	0.011991	0.032629	0.012854	0.034334	0.018386	0.026829	0.004916	0.022623	0.006551	0.000774	0.014701	0.045156	0.044305	0.019656	0.006681	0.042879	0.042598	0.016682	0.009186	0.001381	0.020252	0.015581	0.004570	
0.001114	0.000019	0.001082	0.042582	0.008348	0.035376	0.021891	0.015847	0.007553	0.007354	0.029189	0.042661	0.030248	0.035324	0.003012	0.034730	0.016974	0.010885	0.025797	0.015176	0.008340	0.041591	0.027721	0.035862	0.028882	0.018771	0.029403	0.038835	0.000697	0.041585	0.007001	0.005130	0.007297	0.012610	0.013283	0.028666	0.034798	0.009928	0.018522	0.016295	0.023448	0.031120	0.013106	0.000637	0.011819	0.034099	0.005042	0.027049	0.020040	0.023261	
0.040155	0.004484	0.030161	0.043917	0.011388	0.022316	0.020424	0.006195	0.008792	0.039187	0.002483	0.008857	0.038580	0.013037	0.032666	0.015078	0.019818	0.000212	0.022316	0.034555	0.015074	0.024847	0.024888	0.026086	0.017108	0.007158	0.011271	0.011311	0.038133	0.016834	0.014449	0.041278	0.015366	0.040128	0.008040	0.004560	0.038472	0.038137	0.009560	0.004482	0.009129	0.042861	0.031400	0.001671	0.000900	0.003150	0.032464	0.033216	0.011024	0.012385	
0.004626	0.012986	0.031465	0.042328	0.004113	0.022724	0.034695	0.044298	0.028509	0.007098	0.016336	0.008115	0.035438	0.000560	0.030651	0.041105	0.017932	0.023222	0.006310	0.004873	0.012106	0.031058	0.023554	0.002433	0.008864	0.025954	0.019199	0.003287	0.035123	0.021129	0.004899	0.018851	0.042810	0.037938	0.013063	0.011853	0.008115	0.018405	0.038220	0.009175	0.023251	0.009280	0.033175	0.022246	0.035873	0.027428	0.006277	0.009386	0.017278	0.012386	
0.019528	0.012457	0.026523	0.034112	0.030300	0.024477	0.013732	0.038175	0.024722	0.027613	0.006562	0.026202	0.036066	0.009375	0.036724	0.015450	0.000240	0.022966	0.000016	0.005641	0.035294	0.033547	0.007924	0.019883	0.026831	0.006622	0.005886	0.019065	0.027360	0.016601	0.037596	0.004529	0.021355	0.016710	0.004450	0.013899	0.036142	0.013618	0.028476	0.022771	0.029421	0.010608	0.020456	0.021828	0.001823	0.003724	0.036402	0.017258	0.016285	0.032755	
0.008870	0.033360	0.010367	0.028437	0.017913	0.025237	0.015937	0.022735	0.008406	0.025852	0.033030	0.008137	0.026359	0.000624	0.013953	0.021783	0.010191	0.036020	0.015076	0.024467	0.036265	0.014454	0.001473	0.013160	0.024604	0.025366	0.018968	0.025866	0.026373	0.034009	0.026207	0.012007	0.024195	0.030577	0.017882	0.010703	0.031148	0.028064	0.008698	0.000844	0.033589	0.021307	0.011857	0.013102	0.016543	0.019300	0.012390	0.028304	0.008679	0.037311	
0.015465	0.020328	0.004901	0.005691	0.012708	0.003156	0.002691	0.002553	0.026813	0.022347	0.025888	0.006800	0.015934	0.032274	0.005209	0.032519	0.028010	0.019382	0.001771	0.045326	0.009890	0.023954	0.007846	0.037522	0.034598	0.012929	0.002230	0.029211	0.019707	0.032070	0.034283	0.027408	0.001037	0.005936	0.032287	0.010166	0.037051	0.007528	0.032650	0.004279	0.020333	0.035699	0.031458	0.020077	0.017388	0.042659	0.032442	0.020252	0.011483	0.035860	
0.31
