50
2
16.479410	9.634906	-13.207410	-12.344264	-8.817318	-12.536816	-4.359122	16.977553	-15.287418	-16.573845	-0.802638	-9.350535	-5.351890	4.354553	-4.845858	-0.668319	3.445108	15.504019	-8.826114	-0.813184	-15.499661	8.042554	-6.949077	7.886368	-13.242131	6.195936	1.480923	3.482437	0.126210	-13.319692	5.483217	-0.704002	3.431975	0.352435	-9.247216	-0.590526	-4.369315	12.473495	10.507672	9.409869	-1.000629	16.428907	-11.795599	-15.390009	-15.467574	-8.800982	-16.766142	-7.614755	1.965101	-16.777305	
-14.735469	-3.136345	3.589735	-18.461466	-17.894213	-4.205312	-13.633011	19.740960	-20.646146	-10.825847	2.993181	-10.083099	-19.096496	-0.066482	-13.511083	-6.397461	-11.531692	6.458206	-14.498795	-5.421919	0.524015	-23.918189	-24.561136	14.987095	16.502284	-18.522714	0.313220	7.772473	-24.015260	-14.413032	-25.899256	-21.140794	25.965675	-5.618795	-21.304239	-23.798390	-14.421562	-14.627897	14.477440	-20.431641	16.121380	-3.818258	-17.401163	-0.257693	25.410709	-5.134166	15.691201	-10.374010	-2.017930	-8.688199	
-10.223869	-24.217178	-16.286367	-18.262029	3.733939	-3.320216	19.563830	4.824390	10.469081	-0.103462	-15.096351	10.706459	4.320861	-25.760422	-20.773019	6.392308	-3.314768	11.292237	7.898204	17.030235	-20.591628	22.631958	-20.927559	-7.885255	5.422046	0.776986	21.629353	18.253948	21.790074	-8.668179	-5.431284	12.565715	-8.924247	-4.317792	-23.619802	15.438174	-24.411707	18.991994	18.857408	-14.493476	11.202915	-16.862964	12.731227	-16.816966	16.043242	-7.256506	4.759987	-8.590321	12.481613	7.543152	
12.727078	7.569286	-11.736908	2.652689	-1.732761	-7.020021	-14.069550	-16.905967	-8.051357	-14.030269	-8.567329	-8.448141	10.394780	-6.098321	-4.488626	17.165495	16.867723	-2.976802	-16.928687	2.469811	-9.893245	5.826893	8.924168	17.433908	-16.453321	-0.265237	1.103225	-11.414779	-10.481735	8.621336	-10.340058	17.076765	-16.189540	-0.777140	13.071755	10.763330	9.763595	-10.102277	4.173426	-0.929091	-6.642446	-5.424397	-10.534384	14.887007	-10.643160	15.231042	-15.254833	-16.355541	-14.074201	-1.822572	
-9.495938	12.004917	-6.434977	9.180746	20.271268	-23.679371	11.634393	-11.445410	6.458225	20.568772	16.081901	4.613433	-12.925469	-22.705336	10.380607	14.901578	-13.589440	-2.466677	25.648128	17.847889	-15.270706	18.897135	-10.710597	-19.079767	17.664986	11.393219	-9.869785	13.260327	-24.955799	10.297240	-7.607052	22.475473	12.360952	-3.843469	-7.708637	5.233832	0.129384	0.284431	1.262681	26.823213	-3.029257	14.699627	13.086513	14.666270	-15.491682	20.041543	9.872838	-6.368239	12.553302	-22.491132	
-3.787361	17.037995	2.907434	-15.477997	-1.652281	3.711878	-11.248399	-13.196435	13.479725	3.853026	-6.874362	2.097173	1.955145	-0.055381	-11.758011	-18.841223	2.380070	-10.330423	17.196191	-5.683597	7.678975	18.366296	-0.485422	7.287395	13.615091	2.462467	7.835077	-18.379285	3.595243	12.430380	1.307288	2.626406	-3.912073	-12.429924	-17.229907	-0.114383	-15.366403	17.420203	9.423967	4.794903	-7.078203	1.252842	17.980150	-1.746176	6.775546	-8.934015	-16.436963	8.587108	-2.431878	7.268166	
8.074460	22.343757	-1.286354	17.667207	-5.982012	10.764099	17.035982	-3.187305	-20.309969	-22.958080	22.538700	16.153281	21.695988	-24.231553	-20.811274	-0.014074	-21.604639	-22.655919	-20.196497	8.208553	9.370544	-6.474872	-3.286520	-18.574202	21.136503	-19.366988	-3.496535	-10.642583	10.011823	-15.347156	-9.786993	13.948703	14.558242	19.187551	-11.125174	23.979208	-12.185974	-20.096921	-4.254572	-5.468961	20.860272	-19.028090	3.791684	-23.292997	-1.860165	-2.623943	-1.771225	-4.986897	-13.564018	-22.904132	
23.968756	17.295869	23.078240	-16.743957	7.870416	2.865367	26.360811	-3.094067	23.335762	-19.352842	22.025672	11.598659	13.455459	9.575119	4.398852	7.585736	-2.792162	9.687454	5.382591	-23.453880	-10.697746	9.251060	-25.655852	9.039174	-5.187623	-12.813492	-6.301107	-13.906647	5.505420	-4.316358	-5.867782	-18.479537	11.301388	-16.361514	10.631224	2.435384	4.332970	22.198785	20.173082	16.971959	-25.312960	19.015253	-8.681002	-12.133505	6.022403	1.863850	15.144384	-19.066287	-24.987237	-8.787177	
0.343456	26.464150	15.570618	20.406884	-22.375905	5.293232	-16.882219	6.608817	8.969455	-12.516487	5.902195	-28.980870	-0.542908	-14.649918	-8.046888	4.429588	-21.675410	-23.572449	23.657830	27.066774	-30.007204	17.858873	-24.017246	8.466417	8.081204	14.172525	-4.208548	6.798709	19.669888	-7.962699	26.827528	7.580288	-18.845060	12.229222	-14.800673	-25.546975	12.637755	24.661744	-7.488105	2.964205	-25.878458	14.102455	19.496056	-26.622890	10.127797	-28.295404	3.514876	-4.230859	-22.306360	27.724066	
10.947413	20.348962	20.168256	-2.280796	-16.201649	-1.415909	-10.590160	-1.687470	11.151042	18.965358	21.575710	-20.936628	10.730627	14.761164	-1.961316	5.499877	-5.091584	-6.801406	-2.966351	-8.292190	-13.215467	6.337058	3.509623	7.825662	-19.230668	11.242481	-6.394410	22.871169	-0.485270	-15.354692	-9.625217	-7.248076	15.360445	-20.413083	13.786331	20.692165	-14.201950	-13.374872	-14.590619	0.106810	8.350721	-10.993034	7.616546	13.642210	2.941340	2.420543	22.685443	19.974611	8.761582	8.646165	
3.310743	18.487049	23.447698	-19.032651	-10.424618	-3.369172	18.380421	21.421699	-15.774641	21.567218	5.828204	7.467771	-16.707038	-16.898442	15.199346	7.585631	4.841128	-3.770201	-4.351153	-7.241353	-11.972759	-23.420445	-24.160778	14.293491	1.506495	-17.093183	-10.082234	23.348510	19.405105	3.921481	8.453074	14.851206	-14.485111	2.858625	-19.717608	4.440523	-12.425042	11.093540	-24.140761	-3.205240	-24.131306	11.493448	-10.046320	1.553366	13.852931	-2.219556	2.647690	-13.233871	24.242400	-17.482974	
7.407908	23.465251	-3.156413	-17.646518	11.840079	-16.183262	10.642495	22.528471	-9.628742	-6.650716	-19.723903	10.517468	5.620696	7.136587	-4.905775	-2.513793	20.980513	-18.561196	-16.757061	9.842671	-23.031362	-1.409201	-15.974577	-12.707938	-17.686506	-18.023917	21.639127	-15.170822	10.721272	-16.718017	13.648829	-20.375208	4.581177	2.028855	-18.769663	-9.592848	-11.562763	0.941000	-2.444733	15.139322	-14.836762	4.564804	-2.942031	8.542829	-14.546021	-4.126659	-10.021232	-14.099900	-11.471755	1.129059	
10.880025	-11.463629	7.221804	-0.515584	13.304621	13.679827	-8.568258	-4.002051	8.006968	-4.802574	11.325545	-8.562819	-9.773170	7.929446	-4.051818	8.810378	13.480547	-4.418347	15.262243	-5.896825	-6.166406	4.368805	-11.272194	14.667557	0.433269	12.497515	7.849598	7.963828	-3.693063	-9.026165	0.542062	0.040400	0.994090	-8.544211	13.527773	-1.398773	8.579745	-4.264320	14.674085	8.297686	1.828552	4.901362	9.110655	5.206923	2.919612	4.743170	8.323342	1.459727	7.175763	0.502838	
-17.852859	17.295628	-2.948103	2.113930	6.105830	-13.257081	-5.055301	-1.657579	-17.836780	2.235098	0.515380	12.037648	-15.258813	-13.218608	-12.316267	-5.900747	9.450173	9.287892	8.788011	16.525279	14.725507	2.320062	-4.067710	-17.845539	-7.567327	3.393568	1.058467	-13.458035	13.325226	2.763297	17.798710	-4.421904	16.792101	1.623376	-9.513233	-13.234808	7.369889	7.808493	-3.127438	-14.022540	13.577692	-6.031722	-6.431515	-15.583619	18.566751	8.572792	-18.396386	-9.901046	-11.062636	10.577413	
24.879089	-12.794034	12.431695	18.305318	4.197548	-6.388786	-24.986556	-1.999337	-15.199928	-18.115229	8.173567	17.889043	7.790008	-8.648841	-4.393609	18.172031	12.924442	-2.094578	-19.036061	22.538772	0.725891	12.514651	-7.182268	-23.972500	18.568384	10.216080	-20.252939	24.821711	-3.903247	14.382723	-1.108745	2.478864	-16.034098	8.578490	22.346195	-9.646052	-11.283149	5.251774	15.612118	-18.145390	5.740648	-15.906387	-4.828495	-12.669957	-13.320295	-18.273853	25.236296	-6.199508	8.985572	-23.833199	
-24.401328	-22.942744	-12.445733	-5.436064	6.459588	23.137524	-24.878901	5.770239	-1.495019	7.733146	-24.099281	9.061014	-18.518858	-11.864069	-21.038714	-17.825781	-14.913487	-12.590929	2.413086	-20.881186	-7.349740	-19.934793	5.460609	-7.568993	8.645256	19.462868	20.660105	0.551095	-8.683604	-24.216628	8.059005	-5.099377	-0.120219	17.812894	11.666272	20.440964	20.560868	-10.921389	12.922100	9.412181	23.091681	25.543487	-2.469067	15.695649	15.345054	0.125473	-22.502005	10.877277	3.250898	-13.391820	
-2.345383	2.384761	2.248348	1.759874	15.139834	4.824772	13.331309	21.622055	-12.564330	26.004193	16.924097	-9.704748	17.422619	20.823720	25.858519	-17.920903	-20.723459	4.035460	-23.326439	-8.800673	-28.016252	-23.530710	-15.916914	1.891982	9.002501	-25.795294	15.431776	14.701612	-1.095477	7.536337	4.806338	-3.815375	2.804729	-23.287407	25.885335	-24.858924	19.559055	-27.291822	-5.330958	-25.294962	2.365320	26.039570	-18.122958	20.705796	-3.446795	-2.873594	-22.172434	-8.147312	0.020981	16.410809	
21.566393	6.079184	-5.221990	2.229766	-1.136064	-0.804943	-22.150010	7.630693	24.605861	21.282647	-15.652521	18.983693	16.128929	22.635098	-4.472547	9.961916	-2.535161	19.740238	10.676644	-16.028865	-19.790832	24.085792	7.004997	-26.391367	-23.475455	3.602062	-18.190214	-0.359577	14.806204	3.872120	-6.494069	-15.961111	-7.863683	19.910687	-20.555040	-4.462508	-11.653749	21.575039	-20.683365	10.787027	16.748753	6.222396	-12.099182	2.759651	9.609363	-10.830040	0.389457	-20.833583	13.939602	-17.431401	
-12.070527	17.023237	-10.974448	4.845368	18.480885	-16.524243	-5.888818	-20.889783	4.684972	8.632224	10.007953	25.741020	-24.087573	-19.809080	11.474410	20.885328	-0.403874	18.321491	8.497655	-6.500659	-16.490503	-7.906053	-2.558278	-20.283026	-11.105734	-16.165910	7.922767	-5.666241	-9.252684	24.988573	-19.608777	-6.653615	-5.486165	16.788980	-4.643257	-6.614827	-8.096182	-15.772472	-20.029971	3.762458	14.325411	3.695221	-6.313918	-1.318867	-16.496607	0.079148	10.569460	-22.021719	-21.598121	-17.996486	
-11.987912	11.125072	4.076838	-17.617420	7.798272	-8.942047	9.077099	-1.286754	11.224655	18.861854	-17.612023	21.193502	-19.593396	7.911734	3.830283	18.027297	7.135818	18.179961	-16.277370	11.231848	-12.114965	-8.358792	-18.588262	20.263203	-20.009765	6.203374	17.555295	-13.660802	2.064231	-12.516430	11.528962	-21.844440	-6.444264	-8.165655	-14.481953	-4.468380	7.784843	-12.345673	-18.606264	4.437447	-2.482907	-15.767625	-8.973920	1.689802	-19.583744	-9.781262	-10.966920	-8.539994	-22.053712	-20.897887	
5.815194	-5.234067	-11.651989	-25.189579	22.353686	-13.219562	-16.888089	25.627768	23.672289	18.761055	8.204329	6.824568	-9.995410	-22.264164	19.057818	15.413539	-22.289471	-5.577803	0.986726	-6.343594	-15.112754	-20.151819	-22.549995	-11.718221	-12.820984	-11.275387	-11.726860	1.586269	8.481544	-2.971879	-9.831662	-16.179273	14.265072	18.549260	10.827528	-9.435769	14.568915	-15.165934	13.815478	7.687167	5.881056	-16.698666	-23.122905	15.245273	23.524974	-3.362961	24.481736	-9.235090	5.893550	2.483742	
-7.396828	-15.063635	-7.720979	2.159803	19.038326	-13.683303	-12.973467	12.782206	-19.424831	-7.732989	-19.284592	-18.135197	2.220503	17.809792	12.056116	13.845902	-19.280444	20.949165	13.012671	-2.256738	-0.845944	-2.710043	1.399769	-15.953149	-10.521050	-6.876279	18.155327	-20.524156	-13.590027	-17.121971	5.057956	-10.249952	12.066565	-8.607510	0.111855	-15.095842	-1.219090	2.925145	2.969904	16.895652	-8.378687	9.296886	4.705007	-7.704279	9.321344	-10.665466	8.125279	-19.578976	-11.525092	-20.242573	
-6.876770	-21.077046	26.477950	-6.921778	-14.879311	-1.483951	-14.673297	20.104119	-10.742935	-22.075670	-1.146763	-19.960725	-10.328956	-10.310680	11.791024	-11.033283	-16.582010	26.472922	-23.068403	-1.891554	8.768273	-16.695802	6.164362	17.367440	-5.652228	-3.856700	6.554106	25.652884	18.666289	-7.809262	14.905310	11.998436	18.630354	-21.575213	11.446570	14.050496	-20.788683	-16.265736	2.410719	-4.226026	-21.489624	-18.086385	18.248507	14.831557	-23.727579	6.961399	-16.284708	13.121016	15.543699	-25.443890	
5.362814	-10.902623	20.328895	25.843480	19.404802	8.870540	-18.303401	10.357213	-7.944700	-20.618656	-9.328380	-7.062773	-11.330044	14.936890	-7.120654	-17.206927	-9.806585	-17.559799	-23.238271	10.965335	5.135440	21.448364	-6.163485	-1.782605	13.924115	-22.806694	-11.088112	11.778144	16.882238	-6.903367	5.192795	14.134616	-17.097544	16.141938	6.291062	11.837429	-20.775901	3.577085	-16.966382	13.398149	17.869787	-19.241804	-25.087432	-6.228523	14.322536	-19.406203	-4.807489	24.796228	12.372561	-10.457778	
-4.122081	17.727521	-11.798312	-21.405253	-23.377265	-3.822552	20.711310	-15.582941	15.463590	-9.494804	-10.893907	11.089027	-12.290504	23.804947	-23.810611	-23.746923	8.116827	6.736448	-12.532822	21.508513	-14.802574	-1.490220	-24.584592	9.087307	7.513373	-13.422143	-14.441735	8.954239	-16.412458	11.090502	-1.908839	0.248187	21.215404	22.377930	-6.340577	-12.304656	-21.355663	-17.420042	-12.875026	-5.285755	6.863200	10.402555	-20.209796	5.715416	-20.354079	18.921960	-21.025143	-1.400561	-13.959233	12.395757	
20.581266	-23.506338	17.041820	-21.054717	15.021716	13.266156	17.479316	-12.429317	18.870933	2.133340	16.679980	-10.722994	0.251013	-5.945757	-13.489720	20.651607	16.976904	22.915763	3.655341	-10.529899	-14.142968	-9.475603	2.443166	-21.211855	2.671764	7.053334	-10.340738	8.571071	0.282715	4.694751	-5.378843	-16.697000	22.502614	-18.229250	-21.080474	-6.201499	-3.080655	23.808453	-21.748334	12.245718	-22.395770	-21.504389	-5.681703	12.599422	-0.400656	-13.673850	2.112135	19.153278	9.861371	-23.974997	
12.045217	14.147929	9.589566	-8.241076	8.770837	-2.457244	13.266891	19.963279	-17.589279	-7.436923	9.581520	8.717871	-1.252894	17.156830	-7.545183	19.689687	15.956362	6.814722	12.702566	15.232164	-13.114485	5.641872	11.722427	14.808944	-11.839847	9.334253	-11.724545	-5.392640	-13.354243	11.211354	-10.197506	17.124579	-8.650658	17.149350	-8.970081	20.228912	3.502725	-17.833906	10.773876	5.790048	-15.713261	-4.012217	-12.246051	13.945630	-16.320492	-12.069696	-19.717743	11.669116	0.203223	-15.109482	
-24.365226	-25.035000	3.216216	26.738020	-10.033745	12.954163	-1.627797	-12.480223	3.061713	2.921557	13.840344	8.915088	23.613924	-10.330947	1.697485	29.669160	-1.036923	8.740012	2.187878	7.716689	5.382745	13.170445	-0.944670	14.024097	13.555384	-13.906878	-17.226063	-27.698149	12.577583	-11.962544	-7.926459	-29.598059	22.771777	6.759939	8.686489	28.023308	-29.274184	12.916773	15.653006	-5.655666	-3.047003	17.700685	-23.822394	23.784933	-21.305167	17.465411	-24.226451	-2.391297	-3.033454	11.912386	
-16.034772	3.671880	20.747047	-16.277262	-8.649969	-20.454313	-21.238711	-0.156493	16.877530	5.216655	13.008730	8.992395	22.626911	-2.826837	-1.153991	11.455817	-10.465458	4.292324	13.874974	20.449093	-14.710271	4.226965	-0.527270	6.753951	6.920212	8.193175	-6.075322	-22.258885	-15.128405	0.642176	17.819691	-15.934983	11.252330	-5.310557	0.528521	-5.641893	19.861528	7.545981	16.117499	-6.078923	-10.538841	11.676922	1.868862	16.114864	-21.435299	-4.343310	-6.560140	-16.397094	4.217381	18.162089	
-16.053548	-4.713737	-21.804794	-11.143334	-12.589452	9.828248	16.931006	22.067840	14.956647	-11.562816	-1.921148	-12.279023	-19.888316	15.993730	-3.984153	-20.952694	15.550386	13.198151	5.699622	9.567313	21.154513	1.770462	8.373906	-7.429227	21.466883	-11.924917	-3.867483	3.876614	-4.394414	22.821373	-8.984141	-0.191054	3.859079	5.267558	-8.707334	-22.667645	-9.807909	6.412652	2.444560	11.439963	-11.349917	19.147979	-17.546898	-22.976646	1.322392	-22.339337	-22.007765	-20.713888	7.326753	9.555923	
20.706291	-6.796804	-14.783824	-23.556377	11.891723	-18.670841	-3.964378	10.533767	10.396708	24.577352	-8.044293	-19.950824	19.754753	-9.077772	6.285625	-13.345872	-22.333867	10.473438	14.646161	18.967761	-16.030662	-14.960418	-5.351895	-13.181642	4.488567	-1.821804	1.989146	-10.803360	19.944004	-4.327656	-21.937858	1.003211	15.413805	-7.620437	-6.842688	8.637867	8.667477	6.371764	17.531624	-18.476451	-18.701996	17.511532	2.765332	-14.561664	24.828840	2.237473	24.282471	-19.511195	10.856172	-24.889441	
-6.724283	6.948656	-8.420658	-10.251703	4.232020	17.772589	4.054578	-20.000723	-7.473031	19.036660	17.842828	-22.409277	-9.890285	-10.952508	20.424389	-25.037842	4.189345	-2.803302	-25.832651	3.779769	-14.046489	7.716675	21.615180	-6.230344	-8.330031	-21.233240	25.875663	-16.689520	-12.803263	3.531294	-21.725204	-19.006068	0.645069	-3.021237	-24.540855	23.718066	-21.724842	-14.790089	21.266008	-15.290547	3.275437	3.195386	0.848329	1.290445	-15.834035	-4.789120	-20.856240	7.987802	-0.489978	8.965425	
-9.502228	-5.277447	-14.740335	14.082363	14.240583	7.799383	1.862461	12.266592	-15.905162	-17.727706	8.987047	6.881678	-12.421556	-13.627636	-11.207714	-11.567842	-1.999937	2.626923	-12.230364	-9.375965	7.160628	-13.704151	9.661453	-1.169044	7.358420	-2.277452	5.489052	3.217134	-8.310136	3.606937	-6.960908	-13.653554	-8.116160	-13.272924	-3.028068	-4.547843	12.404333	-2.333230	8.932633	0.646892	-17.876231	-7.794981	12.230510	-8.234866	7.604028	-4.919237	8.092105	12.669465	-3.386903	-7.424109	
-4.550624	9.725206	12.535924	-13.024346	16.150990	-16.590485	-12.414992	13.125055	-17.934224	-3.584159	-6.697691	-6.830855	14.259222	-3.000539	16.522097	21.432285	-8.236223	-4.992014	18.779355	18.318230	19.967536	13.070905	4.023478	6.071944	17.586395	-18.509388	18.988378	15.755591	-11.847771	11.520608	-19.608402	5.936934	7.343910	-10.419674	-8.192259	-21.000287	-19.896064	15.679947	6.912766	6.202417	-18.080547	-7.163573	-7.610005	-21.472303	-17.450601	-1.692884	5.961052	-17.398968	18.540795	10.453392	
-22.378385	0.254036	0.159477	23.500262	3.823589	-2.775983	15.026683	-7.151773	-8.384912	-12.536000	-2.821508	-23.630880	-14.379354	-15.318957	-9.685115	-16.142082	10.535270	25.499575	20.688672	-14.201103	-25.961864	10.702261	13.952401	-18.439548	20.270428	-19.457965	1.149837	12.331034	14.387197	-25.270788	-16.354758	25.590593	-22.917813	-9.002417	8.186631	17.519164	-17.524987	-26.897996	-16.048259	5.676555	-15.606729	3.772312	14.057906	16.313855	-25.691030	-0.713303	11.525319	-22.065893	-18.454569	7.942661	
14.607026	-5.867777	8.076126	3.942211	-16.155446	-2.147384	8.406956	-18.453403	-15.270152	26.781230	26.265155	-10.149189	-21.378296	-7.091751	-3.969235	-0.190856	21.534498	9.669088	11.636694	-18.210632	23.737152	25.707564	8.742556	19.118264	5.811290	14.177702	-25.815855	22.956911	-15.045655	-13.370134	-0.617460	-17.258093	28.918063	7.674451	27.879128	0.840311	-22.789548	15.103794	23.862310	-6.952019	9.048306	12.031547	-16.871250	20.437931	3.489064	-22.445131	-9.066642	1.702059	13.326178	26.839404	
-22.144627	19.498414	-1.091660	2.023094	-3.566049	-14.506174	0.185693	7.994674	4.583850	28.342141	-29.535639	0.327148	-5.288395	-13.340303	20.977075	19.147895	-14.922037	23.908047	-19.774162	-9.469111	-10.580174	-11.665032	-5.137753	-10.544590	14.014942	-27.338111	-25.387431	17.944275	16.871526	18.406713	-29.538174	12.956393	19.314390	15.267425	3.667851	-8.630880	-28.066435	-27.298471	13.115434	-0.061348	-4.735941	-0.178047	1.635875	-7.241145	-2.295983	15.775948	-12.013348	-13.472018	0.150905	-5.426775	
12.868532	23.826025	-4.060381	4.950724	-7.441586	18.122923	-0.163133	21.290003	-27.953036	-7.335121	3.810327	-10.154809	-33.858511	-15.924537	-23.870049	-11.668088	33.195230	-14.455322	14.344790	8.889509	-5.634328	-5.282957	33.363402	14.133368	-24.217221	15.364535	33.169590	-33.700877	1.294700	-0.993126	13.758270	-21.187027	-11.655273	-33.336905	17.650363	26.059521	33.150368	-7.742923	-9.629480	11.430346	19.321782	-30.526625	26.876576	-28.559167	-33.596140	7.481836	-17.938724	31.750626	8.518818	0.969669	
-18.093676	17.283562	-2.102418	-19.139265	12.735085	-2.227763	13.312650	11.768741	-14.823661	-15.371279	8.244026	-17.431774	16.575234	-16.960656	-9.579367	15.360389	-13.876005	8.556611	-17.269931	19.570764	6.222768	-6.496061	5.016508	17.991859	-14.850474	15.588886	15.818298	13.159678	-3.470940	9.881508	-8.919691	12.024491	-16.551967	3.780717	-14.405390	16.070891	-11.500536	12.190786	-17.417008	1.013322	-5.600500	-4.131190	-18.663253	17.250371	8.669282	13.831844	11.935720	1.945710	-14.894639	-17.689420	
16.640827	-8.406938	-20.442262	17.849178	10.650736	-2.899124	1.979663	12.953957	5.612419	19.042441	18.406133	-21.414455	10.621236	7.982763	-17.972501	15.970686	9.088487	-1.934763	19.658739	19.188755	-14.797559	-21.747077	-4.546991	18.761359	15.092549	6.426998	19.203336	-17.230642	-12.157794	2.846624	0.161443	8.312157	-17.575047	21.446816	-14.323716	10.313429	-1.352465	-2.633229	-18.010436	-0.182664	5.585800	4.774080	-0.615520	7.083823	-1.451483	8.532714	-10.715220	15.293520	-8.384253	1.900902	
-28.517137	19.978538	-10.203062	14.646825	12.545149	-3.594086	-6.748752	2.913540	-8.628393	9.580686	-24.674686	3.318489	-9.262817	-25.498135	17.324006	-6.338008	29.266173	-25.865132	-18.119944	-14.910668	23.154399	3.382427	8.343302	-29.584183	27.288087	-29.955306	0.570922	4.338463	-6.815804	-12.972160	-14.861393	28.382974	6.137705	3.404841	-18.023499	9.429519	-1.377567	11.579069	-11.907829	4.729105	-22.246071	1.125060	-21.563950	-27.736439	12.311633	16.809888	-7.617915	-0.862238	21.535542	-18.775778	
14.225161	9.738300	3.231759	11.078033	-3.559161	15.690548	17.531694	-16.114087	-6.949328	-13.205286	15.151409	-7.436240	-25.653117	1.011909	-4.297846	-21.725660	-22.855595	9.201390	-20.532072	-2.540980	18.871274	-6.942103	2.770170	-13.939456	-13.586828	13.178941	-10.958104	4.170287	1.113930	2.852844	-4.709193	11.524708	11.163079	4.832843	9.766721	9.288709	-24.330085	-4.323941	19.364208	-0.674629	1.594449	21.416852	-22.826790	15.435071	3.543144	25.183744	-18.493051	-13.077627	5.334182	16.158331	
-24.592049	11.913469	-8.459324	-5.321909	25.371559	6.538533	12.472654	13.872159	-1.893121	-19.957297	-2.796704	-8.782478	-22.658674	12.989177	-12.526380	14.669014	9.526143	-9.691930	10.489984	20.421025	-24.655617	-9.546436	-19.026129	25.586214	19.758067	2.537856	13.649211	2.008896	22.450211	22.954724	16.917930	2.587129	4.614927	6.497465	-17.916029	24.984510	-19.540202	-17.106324	24.452522	-10.272103	-7.614064	-20.832277	9.612904	-19.288780	-17.056745	-15.562309	-4.411654	4.176065	15.819796	17.520429	
-18.068706	20.101405	-23.410045	-10.267876	-1.520574	-1.496367	-8.197296	-16.870400	7.898748	-2.184640	-11.414761	-2.603186	-4.559610	-20.863361	21.160962	5.090551	-23.250269	-16.195890	-12.078601	-15.498744	-23.655178	12.425560	-12.864356	21.145660	14.230209	22.875627	-8.388569	-3.254906	-2.893586	4.299319	11.478352	-21.824361	-14.765489	17.281877	-13.818189	-15.297117	2.196350	19.032292	-1.547135	-6.087753	-1.679599	5.862250	-20.927221	22.210525	16.565835	19.269165	-15.477016	4.983027	11.878533	-18.586171	
-25.756192	16.947093	-21.445692	0.289353	-1.572176	-10.255028	13.347806	-14.305387	23.345725	14.433280	-18.829716	23.581564	19.273320	-14.788380	-3.020359	-21.970086	-11.424769	17.599498	15.906476	-23.692931	9.376277	4.750076	5.648876	-6.023438	-16.128110	-24.443035	-22.166351	17.589067	1.767930	-24.726371	4.108744	2.080280	-16.349948	12.297685	-11.286818	-23.072307	15.504266	-25.517325	22.402066	-4.776846	-8.214980	5.491300	22.938331	1.177864	0.599379	-13.141862	-0.319546	3.879023	-10.635775	-11.651528	
5.553360	1.191993	-6.971176	-1.898795	-22.010947	19.645755	-9.568281	-21.531607	16.292761	25.184366	7.248454	17.904268	24.536052	-22.655326	14.553007	-23.423814	-2.074861	18.352054	2.784710	6.320507	-26.946296	-18.202552	-4.943975	-3.536461	12.304904	22.795501	0.258811	24.739503	-17.757451	-9.988328	2.634976	-23.905952	-3.280682	-14.043681	-17.512532	-1.707716	-8.765453	-10.773089	17.467674	0.637650	-13.384009	-1.595445	-5.290456	-26.165515	-13.396938	14.280845	-14.538074	12.483622	15.728971	-3.898131	
-18.692512	-9.012284	1.202473	13.260220	10.054943	-11.940780	12.745529	-20.154368	-0.256981	-3.838666	-14.819313	9.140446	6.362578	20.937870	2.532503	-12.206713	19.179792	19.003241	-21.684126	-6.835491	-18.397938	8.810900	19.173988	19.613498	6.601110	-5.731557	-22.499161	-18.484420	4.683852	-6.049328	-17.123605	0.974228	22.292845	-14.900711	-10.010286	12.098870	-17.021552	-12.151323	-1.618622	-14.149082	-8.163831	22.508922	-4.043238	-8.464074	-12.556619	-4.006316	0.392226	18.704542	-6.731781	-3.623729	
0.894725	-0.624793	22.605213	13.142291	-10.974659	4.078344	3.486865	-7.946220	-22.521878	7.422054	12.702122	-19.554315	11.149613	-3.700373	-14.975178	10.957361	5.674897	-10.240420	15.271926	-8.175946	20.453164	-4.434768	-17.534777	11.031042	10.836135	5.451328	-13.896154	19.219232	14.762402	10.066741	2.462080	-0.595010	20.986433	14.216863	9.467175	-23.900617	23.885207	-23.287351	2.058878	-3.227798	-23.283755	16.009242	-8.742261	11.357538	3.235046	-2.817478	2.138872	3.872583	18.455016	-1.955837	
-12.320098	9.812700	-13.104121	16.538895	15.884818	-17.528098	-16.672613	2.123522	-8.178467	14.546382	-0.994002	-13.990844	16.574351	-0.820121	0.331110	-22.772650	-25.096644	21.046305	-16.861368	12.119635	15.251237	11.459403	-4.062794	4.604537	-13.563409	19.371065	5.884769	-25.548702	-25.962713	6.578597	-14.933944	-8.490754	-17.803605	16.001997	-11.340095	-22.978415	-23.681343	17.910806	-9.581310	-25.091444	-26.701798	-4.184925	18.829158	18.520876	12.504846	-14.465727	14.804471	-12.249546	26.305938	0.689603	
-11.857188	13.832984	10.301313	-14.724007	-20.120613	-15.596124	16.353183	-0.622340	25.497409	-10.263152	25.433714	8.624725	21.560220	4.884833	-19.612818	7.162843	8.842114	4.436809	-5.318354	13.453254	16.189922	3.325595	21.271897	11.269879	-2.232125	-5.225740	-1.710555	2.049340	-0.617864	14.304560	-14.359800	22.600182	-5.843735	15.504213	-0.118173	-21.397061	-25.329277	0.534036	-4.158192	-23.092534	0.654678	9.716289	7.704999	-15.767202	18.047596	-19.553645	-22.765749	-1.655984	-1.626402	16.105024	
14.239918	-14.489692	2.315833	3.896539	-11.031152	10.616423	26.859835	-3.579728	-18.985562	26.089934	26.475226	23.651533	-20.546242	16.425213	3.718222	-5.556409	-21.459344	-23.917791	-9.308377	-10.978259	-2.684441	7.659886	-15.434403	25.887451	13.834010	18.663452	-12.886569	14.549304	7.491037	-5.480689	16.710100	-24.311939	-7.542117	-27.237811	9.707360	-17.842316	20.627996	22.301089	24.406386	-7.518457	21.465618	6.935081	2.951606	10.573685	-20.176210	27.186190	25.416583	8.689009	26.987451	18.239010	
11.503463	4.277343	12.226535	5.158684	15.132918	19.346970	-3.133914	-6.360976	-14.841580	-8.601196	-1.104940	-9.695969	-7.497772	0.940447	20.121578	5.205431	-12.626001	8.612480	-9.024984	-20.945214	-5.552060	-18.097188	18.841863	17.533879	-11.520067	-11.860779	-0.510293	-13.880648	-0.073472	15.443918	17.984131	10.695320	-14.502530	-10.489093	-20.941769	5.754130	17.671370	-8.591831	1.127569	-5.751188	-14.798625	-9.811881	3.813511	20.851358	-9.169279	7.121156	-5.264127	16.896911	-9.585445	17.987859	
-17.458817	12.698346	0.628478	-15.488894	9.659911	-15.699879	-19.296848	12.156792	-18.325704	-22.217794	17.434231	10.955757	-20.156550	5.179474	10.036494	-13.835873	-8.047598	7.299230	5.968490	-5.143671	-19.266881	21.289788	-11.911090	-6.484616	-7.078746	-3.494730	-21.822829	7.432235	-21.648013	-5.046594	19.176541	-9.161447	-11.426362	-18.636025	-15.926285	10.896081	-15.357172	2.892235	22.214522	4.127006	-8.082166	-6.189707	4.661408	13.563236	1.501526	8.826144	1.816805	-6.807067	-9.882082	5.789446	
2.752910	13.662290	3.149670	-8.993851	-12.656297	17.855514	-8.596889	-0.267117	-6.839137	-16.745290	-15.682740	-17.113126	4.766884	14.773777	-3.658407	-0.149675	-11.399490	5.620395	-18.153155	-10.867848	-13.508170	14.100433	13.372681	12.949889	4.816821	-12.405108	1.248999	-12.099538	14.167940	5.960990	-11.925779	-11.806712	-9.774327	0.464072	10.595434	-15.663935	-10.162022	17.674834	-15.301005	-2.656895	4.683950	-7.467444	-17.385165	16.287631	-9.815334	-6.086245	15.310759	3.041508	-18.307634	13.846087	
-8.409094	2.527658	-3.435750	14.439233	-15.517040	-7.260073	20.904654	-18.046022	9.736303	-19.293969	-12.521354	-7.432862	-10.138857	-2.898214	14.837881	19.581988	12.670456	-0.500648	-16.478776	13.298877	17.678648	15.696352	-13.099781	7.180654	0.018569	-16.279421	-6.059045	0.552281	-6.487594	-15.207544	11.406796	-0.761956	6.197218	5.526961	11.101301	19.044156	16.954899	-0.852317	-12.201988	11.326118	4.529816	-14.312176	18.448430	-10.753757	-1.452933	-17.378092	-15.096051	-6.811546	-3.334946	-4.829762	
-8.949067	24.959575	-14.614084	16.817963	-4.364827	-12.474946	-1.447512	-19.007028	-18.430628	-13.541354	15.573435	-21.647687	-22.454683	-2.832038	6.402892	18.792039	23.137073	-4.187746	22.218013	-25.180994	7.718119	-10.621543	-11.019683	5.251122	-10.381301	-25.008242	19.637556	-12.412192	-3.051222	19.598590	-0.109502	21.792874	13.358771	-21.853806	-0.935506	20.852288	-1.613913	20.975182	-3.836574	-1.578578	7.419153	-0.567241	-3.239529	-14.634597	-11.663674	9.511145	-2.505221	-23.554114	8.589680	0.358893	
-13.004330	12.901238	15.519994	-15.050387	6.913566	7.127460	-16.814057	-5.232515	-8.755421	-14.354841	-3.368531	15.723793	2.865954	-20.758313	-11.645894	-12.891001	5.955183	12.757442	-20.145858	-17.071757	17.897617	12.406768	-14.313750	1.248380	-20.561216	17.582698	-15.537749	-0.694100	14.077018	-0.153140	7.250473	6.706565	1.608397	-15.517676	-11.529338	-10.657578	-2.361274	14.868827	12.352788	-14.696508	-13.388777	20.153355	1.311952	-12.089889	-17.939109	-18.156021	-6.559015	11.623883	1.247501	17.059490	
-11.960880	-23.940966	16.381466	3.141648	1.102514	22.311458	-0.919242	11.242904	-1.450146	-24.497886	12.525220	7.863891	-10.658998	-14.132135	7.526839	22.230803	-1.694035	-3.896715	3.200990	-0.675260	-14.304228	14.562505	3.719581	-6.361671	19.891707	-6.198964	9.101764	-18.199078	5.291369	20.771247	5.451386	20.304034	18.122646	2.457384	23.209446	4.386245	17.116822	12.422624	-24.387158	-10.644475	16.770816	-2.739876	-8.552717	-23.836501	1.339439	-23.102725	11.039782	2.997886	14.112192	21.348532	
13.409951	-23.997711	24.572627	-26.971182	11.792446	-17.942933	4.811894	-2.936899	0.110456	9.886195	8.181089	-8.961106	-21.331305	-5.996031	-3.274451	13.533497	26.971257	-21.495718	-22.290385	12.673360	13.942811	-3.676603	-2.661447	13.137399	-23.192798	13.705139	21.868305	-4.787705	-19.244191	15.894069	3.301921	25.322657	-18.716756	-26.957186	-2.144774	10.965975	5.261045	-21.419633	-4.949507	5.027146	-13.390495	8.345491	18.754870	15.279172	4.963487	-11.206917	5.979688	-3.037246	26.184599	4.685103	
16.044217	22.917953	2.432505	-1.260346	-6.218344	-24.522478	-9.783655	-13.527075	27.446078	-18.766486	28.314918	-29.980904	-23.754823	17.327156	-32.960890	-15.934622	10.540670	-8.136013	-30.298653	-6.012427	30.790341	18.651133	32.371664	-12.024416	2.209112	11.581758	-32.239262	3.217912	-24.406582	-7.908963	13.675757	27.859617	-29.063791	-21.701600	-0.268196	-3.565704	19.127570	-19.270895	24.943851	-4.554493	10.591362	5.750329	-27.463488	1.591066	14.753412	-30.876939	26.543455	12.208926	-20.212465	10.192765	
-20.011844	7.600768	7.730361	-17.717287	6.924859	-19.353199	-16.114943	-2.919892	-19.437636	-19.654742	-16.834248	14.736196	-9.232748	10.289861	-5.651277	20.971342	-5.455387	16.572563	-15.480391	-5.265939	2.760204	-17.853242	-18.869300	-14.032010	3.405766	2.801935	17.692988	16.109435	11.995422	-12.677368	12.697362	-19.605274	1.815666	17.095192	-2.992579	-9.837703	-13.505891	-0.660023	-2.582663	-5.088475	20.299760	9.823674	1.558552	-12.808752	5.204065	20.116413	4.085948	9.586235	-8.885724	-12.760731	
4.814837	17.213676	-9.852963	25.059198	-2.867328	-16.054897	3.523404	-14.806512	14.033838	-9.578169	12.357334	-0.751309	-11.774004	-13.570275	13.263587	-19.585750	-21.014725	-20.804106	-20.585210	-4.733226	16.303732	22.479578	-22.269432	-9.085951	-2.084962	1.781930	11.165346	-12.074009	10.482801	-1.022737	-15.521299	13.435133	-12.612160	15.851458	7.356641	24.441635	25.983189	20.633896	-23.571368	-21.605755	16.078652	9.020153	6.525699	-0.136075	-0.709322	9.502454	-14.905537	20.572967	-4.176089	-20.252892	
-16.638852	-11.098047	-19.084978	13.507617	-0.293101	15.282126	5.786112	-19.194447	8.796066	2.704230	18.521657	14.593050	-2.262423	7.270093	-14.929739	2.482529	20.696288	2.869007	-16.228880	5.146620	11.515041	11.760048	11.769112	2.713617	10.550949	15.509897	-16.750053	-6.892280	-6.213438	2.762343	2.173594	-19.843141	-14.918949	-15.482785	-4.894353	13.187940	19.108760	-9.219345	12.724890	-10.275035	2.838892	-6.373287	-1.164198	18.557249	1.639701	-3.214799	10.211542	-1.449291	-7.017264	-14.181528	
11.644310	1.536102	-21.098597	-6.900168	16.874921	12.210730	-18.866917	-20.737182	16.247660	19.103476	18.394447	-4.454741	-3.489776	13.480787	12.097544	9.225482	5.681974	-20.652689	-11.484285	-19.202959	21.341404	-1.930236	-1.301165	16.957693	3.901391	1.353513	18.615366	13.151781	20.942974	18.423797	4.353285	-15.623533	-13.580555	-11.556413	-15.575613	-16.629805	-5.250854	3.503539	9.825468	-15.343499	13.319835	-17.555527	-13.424561	14.942222	-7.753283	4.333027	21.077139	16.788081	1.749452	6.030405	
2.754645	-11.940162	3.891000	-0.543093	7.445221	4.266833	-14.589558	-7.871026	-3.628877	-19.473354	-23.829481	-4.643120	-7.447524	13.611573	8.648687	10.453353	10.105994	-2.692196	0.816916	-6.031057	6.259150	1.001818	7.395141	-5.449252	24.511288	-7.921289	-5.534379	7.066735	15.141173	-15.807512	-19.000758	-7.177521	3.056141	10.149042	16.065081	-13.718960	6.569853	11.902121	-24.047789	-6.064283	-3.633552	10.885340	3.931482	-20.451407	-12.673280	8.322550	5.983131	13.008291	22.663784	-7.595324	
16.516767	-12.260175	2.383068	-6.288221	11.808742	15.451715	-18.210441	-8.604369	-17.591346	-6.542725	-9.383839	-17.352931	19.535663	0.564232	-13.592029	8.861436	-4.511553	2.123599	14.960540	-12.336095	19.301803	7.352264	-17.842177	4.861840	-14.907234	-10.462558	13.543916	17.506306	-16.361832	8.106471	18.728434	-8.334304	-12.261049	-16.833436	12.268468	1.098419	-0.660252	3.074235	4.089290	15.995681	5.600437	6.308735	19.585341	-2.717046	-17.776837	19.588399	8.416551	7.651876	1.089945	16.308486	
-1.999707	-13.234387	-3.745218	-20.146334	6.553274	-13.181560	-8.367864	10.955521	-3.592717	7.294881	-19.045021	-5.285972	-5.847228	19.305813	-2.699449	15.372647	-19.126999	-3.697606	-15.218696	-11.665118	15.201608	-9.281943	-3.715054	-9.698039	-20.561592	7.925252	3.713828	-11.701872	16.403927	-18.766313	15.531457	15.312684	7.756344	19.812066	-6.320665	-3.685423	11.265730	-2.837696	-20.047251	5.063527	20.719563	1.820034	10.503645	-19.154152	8.545648	3.076487	21.571039	4.816118	5.954576	12.613681	
8.688034	25.214282	-14.252393	28.301432	7.907505	5.299811	-23.778418	-21.905568	-9.594726	-16.246782	20.237297	23.247929	-8.606681	14.304636	-19.159990	22.893173	-20.406102	-0.327660	-22.105082	-3.575420	-17.704096	-23.081380	-28.125820	-21.534967	9.378154	17.984690	14.859605	9.355395	27.418144	13.379423	19.485431	18.114808	0.365528	-21.104372	20.888474	-10.037932	-8.688499	28.561837	0.884278	-28.796579	15.849748	-2.350189	-14.762064	25.492507	-18.211592	14.707031	25.442107	23.845038	16.771623	15.636291	
9.368564	8.286377	21.932448	-10.884532	-23.422182	20.990932	-1.049561	19.858558	7.898572	7.411974	-16.598304	20.762778	13.473781	-0.108940	-20.044272	-6.454374	-13.666523	-0.622636	-4.421479	15.438454	-4.831975	22.149716	-3.738213	6.155735	-14.449255	8.434484	13.019128	12.112820	11.602509	3.562635	9.052287	2.127876	-11.862975	-18.209107	-0.142107	-9.323467	9.427418	22.365298	17.385723	-6.240017	22.002179	11.323764	13.150668	22.025122	1.829315	7.513968	-11.419294	-17.186144	15.736268	14.435174	
-8.273576	26.602632	20.903498	-9.424173	-21.284704	-0.284352	-25.126937	12.763568	29.348909	33.999233	2.427178	-16.857263	7.787397	33.963879	17.093369	15.682748	16.220027	16.227986	11.071596	-12.962023	14.867610	-2.828652	-4.500042	-19.514361	12.626895	-5.457746	4.245358	1.369641	-13.721918	-25.622452	-16.693218	31.167303	-20.572015	-21.310566	23.517836	-32.050571	27.160132	-9.267427	10.861491	15.937941	8.993590	-25.188217	-33.153064	-21.622587	-21.706277	15.030717	-23.190426	-27.481081	9.865797	2.013754	
11.793349	-13.969319	23.286590	11.282398	-24.757700	17.284161	-15.309348	15.434728	13.610036	-15.949304	1.502667	-12.259315	-8.525858	12.041850	10.986274	-15.333365	20.781558	22.106052	-21.298301	-5.591076	-23.026980	11.710374	8.815596	3.728230	-8.456347	1.410150	-20.074225	21.703504	5.359583	8.695937	10.711175	20.179175	-16.484344	10.788760	6.945845	-18.994385	-13.775725	-19.031142	2.349259	-19.523903	16.390515	10.231816	24.043824	-2.273684	0.690501	18.318296	17.925703	3.537686	6.960387	-0.149874	
5.612531	-2.842350	-12.478900	17.317071	-11.243579	11.600702	15.129598	9.662245	-13.774618	-3.418857	-9.743114	10.333489	-1.048729	7.308325	13.870071	-4.198209	-9.693298	-5.321698	2.535941	-14.685323	-2.017895	-18.553106	-0.247268	-10.715708	-19.000763	-17.884717	-9.440910	-18.213564	-6.303646	-2.092459	15.199143	-17.127568	12.907566	17.686471	4.965355	-10.656924	-1.107010	-18.220190	16.833459	14.309864	20.436952	2.524492	19.915266	-3.422498	11.427029	-4.701553	-9.872338	20.637437	-2.875158	-3.030657	
0.850225	-17.862363	-11.932055	-3.577763	15.718914	-19.231193	11.208391	12.868249	2.022297	7.184453	-11.214299	20.835424	-21.369721	-4.069135	21.836817	9.405558	-4.128701	-7.604829	-9.440874	-19.911635	15.910279	-18.976079	-5.807733	11.563253	-8.686608	-21.900475	-4.372308	14.027725	-20.826297	-19.074566	-16.464180	-17.867360	19.692916	-5.670314	-20.842569	6.388860	-19.162819	1.503172	20.017035	-18.674335	-3.385488	-7.520417	18.039099	1.567173	6.978307	15.660639	-12.347194	6.116606	2.221845	6.551382	
-9.347387	12.093353	-8.374048	-1.084797	4.274997	-5.601537	-0.180786	-15.651916	-1.291553	1.714024	11.277752	-16.852839	-9.581173	-1.810037	12.631306	-20.658209	13.547801	-20.561631	-15.373926	-11.687749	-5.608731	-14.845509	-0.691736	19.945007	-6.800723	-12.358607	1.298454	20.079984	5.438895	-8.692097	18.803183	-11.746083	5.268680	8.561462	-10.000406	-18.419675	17.087576	14.786486	-6.372202	4.255305	14.215609	1.206913	20.062398	-9.809998	-10.431819	-3.170250	17.385143	-9.267845	-11.598896	-10.426649	
-16.664179	-10.776538	17.243682	8.611403	13.628247	18.000573	-21.262535	8.699566	10.739895	15.444401	16.332763	18.667533	-19.781088	-21.926074	-13.461737	-22.657718	2.968612	21.676494	-1.101211	-4.720357	-5.099672	-3.299992	-4.310749	16.972575	0.779654	2.913087	-1.426768	-18.576179	22.852048	13.866759	12.082444	12.109884	-13.975682	-9.780690	10.139193	12.128777	-6.831024	-7.544273	-7.573640	21.436271	10.834548	17.712300	-1.894589	11.736983	-14.062688	17.048426	14.651037	-3.039060	-0.880094	6.807773	
-12.500095	4.270217	-16.845436	-10.517827	0.137881	-14.888053	10.703613	14.041710	-8.514586	-8.537143	10.746999	24.259271	-19.933837	-10.883783	-12.066714	-19.393895	4.312771	-20.649038	-10.214226	17.811291	18.080741	-21.956038	-4.927306	14.928285	22.953977	-22.103784	-18.360306	1.565339	7.094312	12.438118	-13.167859	15.290652	-15.199810	-0.458235	-17.311956	-1.910345	-1.208677	5.488898	16.376287	7.898863	-4.341040	6.619303	10.003071	-16.517963	25.731792	18.331491	22.832564	-7.423411	20.715620	12.386411	
-14.600323	19.071430	2.034237	20.129225	14.657055	12.297511	17.646032	-15.028172	-18.067007	-10.913067	11.018559	-2.167210	17.161928	-7.051503	-7.366904	-8.286538	18.513152	-14.289738	18.818912	3.150099	-0.676077	12.945049	-10.637041	18.751010	9.606944	-5.930498	11.264798	18.727293	-18.205867	2.000428	-8.572409	13.652502	-21.812117	-7.908252	19.201304	2.682307	3.111014	-13.866588	12.493807	-10.607768	8.104255	8.896109	4.768454	-21.983929	-20.645911	-2.074341	-21.642250	-6.505151	4.455988	-21.458027	
-24.218700	1.374751	-13.408520	2.996955	-1.218385	-18.184782	28.374774	12.374624	-9.420356	-22.581929	-24.688999	3.757252	-16.151686	9.976542	11.845050	-0.932250	-16.616576	-11.859726	-18.662246	12.789084	16.866555	-26.803314	-1.897850	2.684571	20.007670	8.490308	26.008262	-13.120708	-14.485963	22.856874	17.860098	-2.029907	-7.107546	26.865890	-28.910457	22.750977	-4.713142	7.358650	-7.480442	10.281535	-1.075874	21.254244	22.897645	-8.836279	-29.985997	4.790552	-4.998752	-1.674156	-6.911814	-29.449954	
3.459093	24.885199	-18.015975	-1.978561	-19.672023	11.830694	-25.160987	-13.842147	-23.003430	-15.576102	0.119943	-8.204924	13.968678	21.357381	-4.522387	-1.917738	-21.695905	23.897742	19.361044	-20.868473	10.036993	-10.763172	-25.560243	-18.989181	-10.561002	19.790741	10.952407	-11.550045	-25.158236	13.589233	-16.759075	11.842510	22.865060	-21.032751	-3.831753	19.727857	21.894547	-9.740779	-11.336621	3.849627	12.816632	22.461547	0.151867	12.595611	-9.678789	13.769090	-1.890385	22.496986	21.211985	-24.777471	
-11.297187	-5.252641	6.205758	2.264067	-5.877509	0.227634	1.841171	9.817198	-13.991772	-16.553908	-8.879032	4.280902	-12.545817	-13.605333	2.286578	-7.255405	-3.407938	14.118002	-5.350408	17.758969	-7.665293	9.475677	12.758783	-18.574945	13.936043	-6.711797	-12.788663	10.402925	12.681421	14.980549	-1.858625	5.361248	17.452241	6.670497	-2.271690	12.983411	-5.341401	-6.906314	-16.507865	10.096446	-14.938647	6.666803	16.219104	12.550521	13.202277	-18.713639	17.395684	12.942088	-15.827871	-4.924440	
18.169857	-7.879448	6.850016	1.812946	4.190599	21.608953	-5.112302	13.792931	-27.784173	-11.317324	-34.793078	17.126260	14.224498	-19.421049	21.932279	-19.205598	-8.826989	-26.455937	35.388575	14.659724	23.638023	-10.785294	2.784242	18.069952	20.938932	25.890387	-28.393562	19.458773	-27.822529	-2.266969	-33.996514	-10.173241	-28.051829	-0.067561	-28.942984	35.265607	-35.417350	-16.521161	16.347801	-12.164580	-4.900734	-24.321140	7.837532	33.489730	17.453765	11.127483	21.473842	-23.727503	-15.915239	-22.876090	
-1.471471	-13.184492	-6.523244	7.358255	16.121421	-12.019868	-4.619594	-5.583930	-5.565104	-8.035871	3.790463	-12.905777	10.247809	-15.288087	-18.600687	11.993505	11.350295	7.736546	10.411883	-14.105914	10.626195	18.095821	-14.012089	0.173067	-11.761820	-6.871179	10.765588	-8.867203	6.994778	-8.183351	-16.565083	-18.985091	14.940286	-8.000348	0.564293	-13.117089	-17.241634	4.358351	-9.122064	18.751491	8.650403	-16.143535	-14.383566	-9.971953	8.318695	-6.250164	-14.381962	-12.332774	-12.570723	9.381579	
15.263276	-8.625084	-7.346886	10.518994	16.392162	18.645039	13.938004	15.826937	20.237626	16.203218	-8.677423	-0.532496	-5.179224	25.815560	-18.565223	8.586761	18.506428	4.910181	12.266693	-23.317385	-1.531633	-18.672699	-13.932377	0.707454	-11.311059	-25.886154	-20.585111	-18.866292	-5.554899	-5.706262	-19.859532	16.256082	-22.502422	12.958523	14.725867	8.917019	-20.166247	-2.341572	-24.222751	24.388687	-25.733275	-23.684642	4.555904	6.192169	25.184945	-17.434320	3.401010	-23.341397	1.195893	4.537078	
-13.354814	-11.073669	-11.865041	-10.226754	-7.232350	10.138278	-12.998189	-15.506597	-15.515968	-10.040644	-2.933639	11.734704	-2.409489	-7.171580	9.928641	-6.042791	3.774798	13.441975	-3.699654	12.859135	-9.089136	-2.107306	10.821488	-15.160589	16.317940	-3.542940	-16.839413	-6.282336	8.776567	11.530026	1.997432	-15.151855	16.829320	3.751887	12.518712	1.498660	-11.927335	13.719962	13.444970	5.579689	-8.875149	8.865885	12.265571	-3.521269	6.759355	3.943066	4.019592	-12.327805	5.982324	2.716868	
7.887617	9.078094	-16.895153	9.811453	9.622456	14.717623	15.513923	-3.244382	3.568586	-11.062760	16.172049	15.155735	19.488296	-18.103555	11.196500	13.482687	-23.738234	-19.156655	-11.633339	13.994074	20.220887	4.487039	-12.374812	-3.833121	21.185141	22.585680	-17.119252	10.346494	-8.768508	17.969605	4.921857	7.060691	-17.996722	13.342978	22.522793	14.935692	-21.566759	18.723804	2.799536	20.050412	-13.273732	20.912267	1.365318	-11.017255	9.052706	-10.184479	1.891189	-22.734606	-14.657278	14.888556	
-13.063642	-10.399163	11.492645	-11.451897	-11.724959	10.322684	10.841998	9.490318	8.822711	1.719229	5.479596	8.728667	11.967628	-10.300338	3.624188	13.510919	6.746064	-7.841792	-1.549950	-6.095632	13.690147	-2.667260	-3.795869	5.364021	-4.146215	-5.828459	14.012644	-13.002818	8.557837	14.617176	-8.813888	3.515359	6.708993	-9.117191	2.098857	-4.215516	-13.863215	12.421858	-6.544404	-8.851815	0.885885	-7.068889	-3.810958	5.935444	10.210825	-1.123938	8.132923	-8.349450	9.572307	14.000125	
-8.115616	21.628065	-7.635625	-19.209538	29.368542	-31.324175	18.556507	-8.451331	23.873960	-17.087225	-28.671254	-1.694497	30.295516	6.929490	2.452518	11.528765	13.928263	11.876115	18.816239	-27.598405	-21.820134	11.027398	-4.794349	6.203391	-12.872881	-0.143533	30.648022	-29.359200	23.091299	-24.683941	-11.478395	-29.165742	-6.402309	22.155386	-27.963326	24.993384	27.880981	-24.101501	14.661103	-16.068464	17.822482	22.181605	-30.050039	-1.962685	1.680037	-26.493166	9.828165	6.411060	-11.435283	-26.782283	
-6.108401	-14.073170	18.950795	-20.064516	10.516344	17.702350	-6.933867	-18.492331	4.369137	-7.957901	-23.621254	-19.783914	-1.225314	-15.489683	21.105164	4.573779	-19.111627	12.891908	0.879125	20.461717	12.389729	11.972174	18.376639	-5.244093	-19.581450	-14.210444	-15.261441	-7.941352	-5.127826	-13.998747	1.465402	8.816073	-21.964751	14.033260	-23.804340	1.485089	-23.590327	-7.134950	19.455576	7.286403	0.994955	-9.460169	11.529090	1.619441	-7.511437	12.635367	-3.823280	-6.215571	23.364450	-13.455937	
-10.723653	-0.066240	9.228319	-20.727687	20.808414	17.275006	12.287329	-3.871864	-4.258032	10.627055	-10.251343	11.474738	-21.724974	-14.154209	-2.297095	-4.355963	13.560808	-21.957991	18.823251	-8.265564	-14.986150	-18.634593	-7.717797	-16.323195	-6.243566	9.391387	10.124878	6.014107	18.345121	6.922083	2.795642	-4.585629	16.617939	-16.237726	-12.699555	-10.529040	-7.205708	-9.318323	18.397938	4.951222	0.275753	21.534453	-14.954313	-11.994213	4.740905	2.694502	-13.077337	-17.443786	-21.974815	12.326743	
-11.275549	-11.821510	-2.052113	-8.515532	15.660216	7.250621	-14.882231	-4.951746	-4.448251	16.256830	-10.194180	-14.683153	17.178151	17.369595	-8.184930	-2.380005	-4.009460	-13.819192	-0.869311	-5.697738	10.329124	20.133662	-3.986395	5.535684	-15.925888	-12.742833	18.939730	-18.140714	-11.311241	12.990148	19.531232	13.834905	-17.150414	-7.358435	-5.949154	16.213780	-17.638672	21.907358	6.639440	19.439597	-18.979949	-4.401794	19.826452	-12.609235	17.696141	-11.622482	-1.782144	0.286320	-18.373332	-17.949989	
-18.623384	-9.451119	-20.593485	-20.092921	-17.550125	-11.881960	-18.163375	-5.429396	-9.824688	-2.996498	-9.505149	15.314402	-17.209972	-7.076106	-17.964458	-11.576999	-0.908291	-15.536741	-22.750085	11.153144	-16.335616	-2.111802	13.656999	25.443885	-3.827948	21.184879	11.020395	3.633095	20.253127	4.327828	15.164133	18.071868	8.135316	23.602548	-4.519846	12.264176	4.602861	13.316920	5.826914	-5.353121	19.878667	17.871360	0.520783	1.807990	10.462153	-12.747108	-0.601241	7.177770	24.207680	-16.495102	
-1.170719	9.752132	-24.594012	-2.031083	-17.381424	-6.005032	-3.458495	-14.937709	9.868439	2.541973	-6.924431	9.397735	22.182455	12.708366	-8.514945	18.438301	-24.286164	-20.335141	-11.093152	15.251056	2.777509	13.628674	-23.255827	-0.704186	5.515189	4.355443	7.226940	24.996098	11.496383	-23.658649	8.877325	-12.841858	9.378028	-21.219711	-23.124790	-19.103773	-20.568434	19.445050	-20.622807	5.279811	-1.038000	4.701087	-8.818405	10.517827	8.850845	19.301216	14.141827	0.415593	13.251703	2.463434	
25.821277	24.265744	-3.947667	-5.725066	14.050896	8.927881	-25.459303	19.132523	-1.866954	5.071566	-0.448304	12.430838	25.108212	-11.705008	18.187201	-4.150585	-20.565917	-5.255105	10.324561	8.884153	3.498174	-9.065948	-2.912902	0.267287	5.619051	-21.761986	9.708922	-15.627633	-7.411585	18.455003	11.934104	0.852578	-2.222888	-3.646062	-8.712455	-7.887823	-26.232824	-23.644623	-2.850879	-20.722643	13.770911	-11.743267	10.221268	-3.297415	-24.142074	-6.463678	13.443267	1.301023	14.402073	18.751229	
-13.260369	-6.984628	9.240208	21.219574	18.259689	-20.930357	4.404362	1.443055	19.978405	-9.653397	27.966027	13.942646	1.696810	8.357273	-14.114871	25.976969	27.493040	2.981194	7.893767	17.575660	-11.347657	26.939638	-25.718077	-11.602767	-3.577452	26.814234	-21.519904	16.157798	11.405917	8.148854	-17.175926	-23.439411	-2.253035	25.796888	-7.141447	-23.750032	-18.876629	-21.112860	-4.630360	19.666122	3.591830	22.417525	8.861161	-25.067873	19.749461	-12.079621	-24.658208	-27.934479	24.853095	-7.978585	
23.074307	-8.664954	-12.815506	-10.044237	-21.333186	13.772745	21.625549	-28.996657	-26.376363	-0.370001	9.886593	-4.305051	-15.135728	-28.330433	3.506275	19.377995	28.818591	-10.961737	-2.244832	24.294660	1.922769	5.764308	-14.493227	-10.111448	-3.956920	28.283473	-9.626532	-17.974255	1.416925	0.902906	6.863801	19.843999	12.960387	-5.384968	-3.889625	-5.928620	26.468861	16.210778	6.561926	-14.897415	-9.584244	14.843336	21.625273	3.406653	-7.757362	5.933029	11.770364	27.564552	-25.638695	4.988070	
-16.555519	-12.664062	3.377365	18.590401	15.065300	6.438942	-13.302119	-9.757647	-22.933707	7.578305	-18.599928	-14.566687	25.535117	19.238983	9.153566	-6.375708	-4.860750	9.149752	16.845742	27.745076	-27.280781	-25.778214	20.955758	-10.183591	-8.538708	13.832016	25.055142	5.782874	25.873747	-1.318940	10.555786	-10.647838	-6.229228	21.005536	-18.495776	4.051193	16.181625	-8.928450	-4.295942	-21.854372	5.255447	18.910426	-25.130889	-8.996741	-5.460381	-5.578811	20.281952	-26.152800	-20.433403	-15.799091	
-13.673088	-23.266010	-7.408545	-13.325670	3.550685	9.895956	-9.337991	-7.173573	3.698396	18.620074	-11.016230	-10.457221	-21.230402	17.305141	1.150696	19.506599	-16.334350	23.019013	2.481748	6.858493	-7.304874	14.901427	-7.820189	-14.156185	20.849542	14.759186	-21.150679	-6.499565	-14.393526	7.301357	-25.426590	-15.456421	-14.983323	11.518271	3.412365	0.929975	-11.081986	-20.922247	-6.707529	6.549903	4.835381	-21.226225	-4.202511	16.273473	21.678598	10.955378	8.618122	17.393382	16.366022	25.090009	
13.032065	-1.402283	-12.945453	16.540615	-0.869385	19.347965	10.837592	17.459228	-16.110629	-18.763698	0.822833	-21.985846	16.774964	15.001209	-5.065030	-1.503158	5.274613	-13.900382	-7.188311	-3.882186	3.289335	10.554604	16.816899	-18.056792	15.106962	12.236753	-21.104475	21.762041	-1.792145	4.611584	14.774843	11.035490	-21.997080	6.458419	6.280151	7.194087	-17.982453	2.397375	-7.918028	21.050118	18.185978	0.256814	16.870133	-5.394486	10.015791	-7.749447	2.684258	15.050736	13.975099	10.935473	
5.320542	-9.214520	-15.389407	17.381008	6.488438	17.330533	4.603034	-8.154722	6.694089	13.538320	-15.722870	10.198877	14.701953	1.360189	8.529366	14.695882	0.601042	-3.639434	9.694523	-2.653325	-13.900912	1.276246	4.499372	-11.493636	-10.774587	20.251403	-12.177722	1.744553	-11.808014	17.252250	-1.503003	-19.837276	-19.112854	-18.920405	4.886832	9.797960	6.461982	14.093093	-6.449006	13.218182	1.337181	-19.139704	-16.013620	-5.397314	-9.850719	-2.356165	-0.272106	19.925822	16.760623	-12.722636	
11.522526	-13.259556	-3.341379	16.390726	9.259252	-3.717422	-13.151197	-27.412324	0.200422	11.398570	-12.584537	-19.618838	-16.272025	21.298162	-8.832705	27.855633	-28.644307	3.396621	-9.712560	13.519503	26.586080	16.192616	12.319772	-1.386229	21.873244	-6.734315	-5.710049	-8.349651	-10.586906	12.521011	-8.215586	-13.328358	11.591230	11.283188	22.940975	13.828737	-21.158106	-17.043714	-15.141632	-1.724738	11.016430	20.874774	26.876538	24.970881	16.035439	-28.202782	22.548831	-16.612919	12.317018	11.927363	
0.019578	0.008597	0.006452	0.014048	0.014253	0.021937	0.006651	0.031469	0.021097	0.005395	0.004572	0.028433	0.038018	0.024488	0.012278	0.027559	0.016390	0.008943	0.029191	0.022215	0.002740	0.038266	0.036393	0.005746	0.017919	0.022017	0.006406	0.035120	0.015553	0.035205	0.032709	0.016146	0.002781	0.016847	0.015281	0.028230	0.010428	0.003936	0.026207	0.039224	0.009105	0.033537	0.020969	0.038674	0.023451	0.025776	0.020308	0.029986	0.003419	0.026055	
0.019552	0.022434	0.016733	0.018149	0.033544	0.028429	0.012412	0.007615	0.017423	0.001354	0.033924	0.023305	0.022425	0.007797	0.026706	0.018947	0.019512	0.033407	0.026401	0.026859	0.010114	0.008550	0.014926	0.017522	0.016112	0.029491	0.026047	0.020337	0.018274	0.027374	0.013541	0.032900	0.034955	0.028571	0.013665	0.020180	0.028518	0.012568	0.006119	0.007210	0.003265	0.031429	0.022772	0.031420	0.031476	0.017649	0.008408	0.030321	0.000903	0.018454	
0.022544	0.022225	0.005306	0.038286	0.010863	0.025052	0.003285	0.035236	0.017350	0.018940	0.000782	0.028067	0.014167	0.023531	0.010660	0.023526	0.027701	0.027347	0.007718	0.041187	0.005799	0.000389	0.042301	0.016218	0.028179	0.003230	0.004053	0.003861	0.028897	0.027429	0.039767	0.032510	0.034768	0.039067	0.007892	0.019619	0.009387	0.009646	0.010275	0.030226	0.001096	0.025949	0.015987	0.024287	0.038857	0.002409	0.003262	0.006629	0.043666	0.040572	
0.002156	0.032873	0.015846	0.029053	0.024303	0.007256	0.026349	0.001811	0.012840	0.032543	0.011541	0.001629	0.029282	0.014388	0.018323	0.036858	0.034324	0.024340	0.030022	0.036514	0.023480	0.006372	0.033541	0.034186	0.007365	0.028325	0.002172	0.010115	0.037265	0.029564	0.010409	0.020195	0.031921	0.020260	0.022388	0.022551	0.013939	0.006531	0.011022	0.012068	0.031087	0.010846	0.008268	0.013833	0.016516	0.000029	0.020943	0.035695	0.029776	0.027089	
0.001414	0.020301	0.014354	0.017012	0.023549	0.028946	0.025746	0.036042	0.017640	0.020917	0.018935	0.004561	0.017323	0.035122	0.023506	0.016574	0.027162	0.029932	0.005755	0.011786	0.009360	0.028572	0.007913	0.020754	0.038589	0.007537	0.029700	0.001291	0.010828	0.036908	0.002390	0.036403	0.039147	0.034647	0.008381	0.027871	0.005897	0.000946	0.036866	0.018962	0.013684	0.003101	0.036524	0.018811	0.006875	0.030757	0.035470	0.006758	0.013412	0.035069	
0.016379	0.033872	0.014548	0.023789	0.015796	0.032796	0.002213	0.026030	0.018646	0.032376	0.036581	0.003731	0.023934	0.017427	0.023510	0.026144	0.030669	0.009356	0.017378	0.020682	0.028743	0.032304	0.014094	0.030688	0.013341	0.004044	0.001498	0.001390	0.025746	0.035989	0.022055	0.003607	0.019920	0.032807	0.019859	0.028094	0.013403	0.026761	0.027579	0.000715	0.027212	0.007262	0.010638	0.025204	0.023455	0.014714	0.002126	0.012606	0.035075	0.033215	
0.034260	0.019717	0.022079	0.036040	0.032523	0.021237	0.034683	0.017026	0.019728	0.006834	0.005967	0.027376	0.021519	0.029244	0.014301	0.016383	0.034543	0.025875	0.001217	0.034053	0.009546	0.010965	0.014440	0.017829	0.014541	0.036711	0.022373	0.024178	0.012365	0.004607	0.030393	0.016680	0.028322	0.006713	0.005217	0.008851	0.008788	0.006396	0.009477	0.005518	0.029379	0.032096	0.018146	0.016593	0.028536	0.022857	0.027307	0.031330	0.021803	0.023437	
0.005981	0.013291	0.019913	0.020582	0.037164	0.013438	0.035994	0.000135	0.002417	0.017443	0.010541	0.016527	0.024252	0.016324	0.012210	0.037349	0.016177	0.010430	0.001561	0.002221	0.028310	0.035498	0.022601	0.004048	0.006084	0.005623	0.015050	0.023353	0.038003	0.004618	0.035800	0.016578	0.036760	0.038844	0.024842	0.013435	0.030376	0.030743	0.037043	0.005130	0.033694	0.026719	0.034227	0.017096	0.029944	0.021224	0.012538	0.010105	0.032736	0.015028	
0.016121	0.000436	0.027510	0.031631	0.018735	0.001948	0.017388	0.011949	0.012196	0.021234	0.023624	0.016769	0.024387	0.024864	0.035282	0.019162	0.029359	0.001686	0.031746	0.025273	0.030877	0.014622	0.035232	0.005447	0.005911	0.022487	0.004897	0.037274	0.037506	0.010465	0.023661	0.023373	0.030561	0.030402	0.009820	0.000909	0.021208	0.000465	0.037592	0.026715	0.003051	0.020122	0.011312	0.016998	0.005231	0.034088	0.019856	0.019185	0.035262	0.034171	
0.009677	0.007501	0.026358	0.031663	0.024119	0.026506	0.022864	0.026652	0.031411	0.016814	0.023149	0.032645	0.026579	0.015370	0.026251	0.019725	0.019417	0.030665	0.009218	0.023568	0.001895	0.004061	0.025381	0.030303	0.030798	0.025151	0.020564	0.022162	0.028992	0.026487	0.006582	0.009537	0.029037	0.005573	0.002953	0.015877	0.027956	0.032455	0.029470	0.020446	0.012793	0.022948	0.012363	0.012000	0.008443	0.008575	0.015846	0.022898	0.012877	0.025424	
0.017989	0.023813	0.022912	0.007937	0.017539	0.001517	0.021438	0.037290	0.023985	0.000439	0.021956	0.012517	0.032094	0.034088	0.029269	0.025552	0.025407	0.005832	0.000481	0.003986	0.025401	0.001426	0.023945	0.017392	0.002334	0.020756	0.031795	0.028399	0.025864	0.027146	0.013647	0.022444	0.017994	0.004581	0.026627	0.036810	0.032766	0.005739	0.031454	0.025483	0.004793	0.015846	0.035596	0.023714	0.023351	0.029916	0.000959	0.017755	0.027228	0.032799	
0.034228	0.018659	0.005064	0.012557	0.025175	0.036182	0.000812	0.022080	0.007530	0.013077	0.002753	0.023141	0.023178	0.011527	0.001575	0.032153	0.012296	0.032881	0.037990	0.010902	0.017126	0.013489	0.014731	0.034177	0.025461	0.038179	0.019004	0.027134	0.020890	0.007166	0.028358	0.034053	0.026003	0.002253	0.013060	0.004489	0.012431	0.020231	0.021377	0.002964	0.021869	0.037772	0.038827	0.029376	0.023252	0.014456	0.008236	0.019167	0.034543	0.026167	
0.015952	0.023620	0.008028	0.016548	0.026005	0.015883	0.015706	0.028162	0.035061	0.026323	0.023227	0.029574	0.024842	0.016547	0.021893	0.029062	0.007823	0.023919	0.020257	0.007597	0.007472	0.013236	0.021747	0.026099	0.026624	0.007744	0.016357	0.033009	0.008070	0.028600	0.019982	0.030158	0.015402	0.000782	0.030775	0.017933	0.001237	0.033611	0.006133	0.012393	0.016696	0.017900	0.017372	0.024282	0.031633	0.009647	0.034863	0.027207	0.021662	0.025344	
0.000782	0.002807	0.021946	0.030545	0.002474	0.004083	0.013813	0.003875	0.010049	0.026671	0.016524	0.013234	0.020637	0.032157	0.029649	0.017524	0.029783	0.005087	0.021593	0.017710	0.040481	0.037776	0.003335	0.011358	0.029141	0.010213	0.020218	0.001000	0.005410	0.032386	0.039311	0.033642	0.005234	0.014217	0.006893	0.002862	0.032071	0.034121	0.013378	0.024289	0.025653	0.032953	0.039469	0.040567	0.033131	0.017634	0.003152	0.031348	0.029135	0.028679	
0.011675	0.017119	0.029893	0.012736	0.030569	0.001983	0.000353	0.041371	0.001066	0.005919	0.038346	0.009667	0.029918	0.022577	0.026786	0.005668	0.025789	0.007390	0.012155	0.012550	0.021850	0.030385	0.013814	0.039163	0.035483	0.031728	0.004600	0.002069	0.026184	0.017872	0.001117	0.020403	0.041902	0.026081	0.023847	0.010685	0.033301	0.030818	0.004639	0.031144	0.005775	0.027314	0.028189	0.002594	0.028860	0.030582	0.018540	0.024832	0.027018	0.015683	
0.003361	0.041180	0.023475	0.039231	0.000274	0.035804	0.016703	0.039996	0.032304	0.029704	0.028051	0.033838	0.033392	0.018752	0.035537	0.003734	0.010106	0.010233	0.040109	0.000536	0.044624	0.021910	0.007881	0.021783	0.003856	0.004291	0.010073	0.015576	0.007076	0.004668	0.004193	0.010254	0.024478	0.037142	0.011739	0.033076	0.000703	0.003657	0.010068	0.020676	0.019159	0.021157	0.025394	0.013132	0.038220	0.010078	0.025737	0.006786	0.033487	0.032809	
0.021660	0.026857	0.031884	0.011659	0.009708	0.024592	0.038491	0.024011	0.007852	0.028488	0.000404	0.026055	0.016115	0.034708	0.022821	0.003415	0.009218	0.028608	0.011404	0.037124	0.025019	0.025348	0.020087	0.031453	0.023811	0.006203	0.024947	0.011693	0.010122	0.008860	0.032792	0.005254	0.016103	0.006495	0.014538	0.039544	0.014613	0.035821	0.017640	0.003308	0.031418	0.029621	0.016456	0.025394	0.036311	0.037529	0.014333	0.000762	0.014592	0.004863	
0.038718	0.042906	0.006776	0.019160	0.012692	0.012167	0.006881	0.014022	0.014863	0.025656	0.024942	0.026131	0.000577	0.019732	0.037315	0.016803	0.007138	0.001153	0.021882	0.037745	0.000900	0.035404	0.019876	0.004601	0.020838	0.024638	0.041136	0.023277	0.042512	0.014455	0.019826	0.018307	0.007829	0.001842	0.021457	0.026361	0.008666	0.040801	0.015923	0.030687	0.034516	0.002609	0.019243	0.031052	0.011206	0.010176	0.003067	0.026922	0.027581	0.027031	
0.028598	0.038359	0.009121	0.018125	0.037191	0.025452	0.038721	0.021087	0.037849	0.005055	0.035723	0.004141	0.007524	0.022609	0.017514	0.002574	0.020703	0.004494	0.001747	0.014607	0.034663	0.018068	0.003836	0.027953	0.029651	0.001055	0.001750	0.015907	0.005770	0.019677	0.010883	0.001317	0.024305	0.033939	0.035178	0.020560	0.015144	0.029373	0.022677	0.023223	0.029544	0.035034	0.030675	0.000761	0.019032	0.038778	0.015333	0.014083	0.038771	0.011865	
0.031850	0.027974	0.027876	0.017664	0.036667	0.008162	0.034455	0.003452	0.038114	0.027504	0.017825	0.024058	0.014106	0.030623	0.009691	0.019058	0.004162	0.009380	0.018768	0.024162	0.020886	0.011041	0.005154	0.010741	0.008006	0.018808	0.033710	0.005910	0.034988	0.023687	0.023080	0.023712	0.002795	0.013370	0.008520	0.033502	0.026848	0.004022	0.027584	0.029799	0.008393	0.017100	0.012223	0.004722	0.020554	0.027985	0.027588	0.040951	0.020160	0.028610	
0.020425	0.004945	0.000869	0.020764	0.041793	0.015388	0.024670	0.030785	0.006867	0.023878	0.015050	0.041672	0.002087	0.028253	0.008605	0.039815	0.011599	0.011304	0.037432	0.006729	0.024996	0.023881	0.001791	0.034184	0.033238	0.010309	0.014876	0.016683	0.014524	0.021624	0.032946	0.022685	0.027557	0.025087	0.003615	0.027076	0.035951	0.001516	0.031621	0.016949	0.010313	0.023114	0.008452	0.004834	0.013489	0.036506	0.009313	0.019437	0.027311	0.033195	
0.016840	0.035930	0.037622	0.011237	0.007345	0.023064	0.005994	0.015617	0.044341	0.043160	0.002182	0.040732	0.004987	0.023613	0.043122	0.022415	0.034885	0.010097	0.006817	0.014177	0.012375	0.028985	0.044000	0.016548	0.012533	0.012537	0.006230	0.020707	0.010633	0.013727	0.004285	0.011108	0.003710	0.044065	0.002505	0.014803	0.018475	0.004627	0.040659	0.035614	0.014195	0.018725	0.028211	0.021970	0.018352	0.018493	0.016274	0.023300	0.016281	0.021895	
0.003247	0.022643	0.012497	0.007525	0.036332	0.035543	0.007730	0.013827	0.010203	0.008940	0.025795	0.005104	0.012210	0.010104	0.028510	0.037874	0.036921	0.023256	0.040646	0.019776	0.022847	0.040623	0.013750	0.028192	0.037866	0.036595	0.010852	0.031595	0.010182	0.028277	0.025662	0.039955	0.012846	0.027096	0.016698	0.010758	0.004248	0.020165	0.001280	0.011182	0.032602	0.024038	0.020464	0.006999	0.002876	0.003638	0.006379	0.032780	0.004750	0.036120	
0.035357	0.026594	0.029066	0.025320	0.032902	0.001534	0.035568	0.019345	0.007494	0.010318	0.033697	0.028342	0.035328	0.032498	0.025609	0.009985	0.017075	0.014963	0.009064	0.009374	0.001184	0.014286	0.024826	0.027675	0.011841	0.024303	0.017532	0.010070	0.032320	0.034498	0.012199	0.023115	0.025049	0.003847	0.021487	0.008707	0.007034	0.028356	0.024995	0.012951	0.013234	0.034053	0.018230	0.029912	0.027932	0.024897	0.015248	0.016495	0.004389	0.009900	
0.013682	0.011253	0.028002	0.004150	0.033214	0.035177	0.015129	0.030053	0.013556	0.028763	0.031365	0.012168	0.035065	0.014811	0.000409	0.006212	0.014982	0.007211	0.031549	0.017224	0.013401	0.021991	0.029771	0.018108	0.017492	0.013492	0.009410	0.029688	0.037330	0.036405	0.013011	0.007201	0.037378	0.017995	0.036888	0.002754	0.009689	0.010322	0.024462	0.030410	0.001937	0.013390	0.017277	0.022207	0.006761	0.028662	0.021986	0.036357	0.026730	0.023520	
0.025979	0.004534	0.016979	0.024125	0.017974	0.025684	0.004001	0.027251	0.020507	0.012674	0.035696	0.024789	0.007001	0.027167	0.009716	0.003299	0.023381	0.001442	0.023912	0.012508	0.026431	0.013002	0.019577	0.032175	0.028328	0.013199	0.030919	0.028624	0.031539	0.015855	0.024558	0.026997	0.023880	0.034670	0.021874	0.001272	0.026052	0.032503	0.006085	0.006401	0.035118	0.019671	0.032385	0.031479	0.006952	0.007814	0.006856	0.034487	0.020177	0.012505	
0.021427	0.015644	0.025861	0.038553	0.011626	0.009051	0.022519	0.035025	0.030923	0.030791	0.037468	0.000594	0.002911	0.008050	0.007029	0.032391	0.037629	0.007558	0.021049	0.009166	0.004216	0.016402	0.004189	0.030496	0.014273	0.038132	0.026172	0.011675	0.015793	0.019533	0.019015	0.015479	0.020405	0.030691	0.037061	0.007975	0.017897	0.034380	0.021435	0.029983	0.007415	0.012871	0.006069	0.009453	0.017302	0.034325	0.032689	0.021393	0.021373	0.016640	
0.000575	0.030544	0.023511	0.011747	0.001102	0.028618	0.027796	0.007897	0.009313	0.003323	0.016453	0.015936	0.015728	0.037589	0.009082	0.025858	0.036539	0.027113	0.010964	0.012022	0.035067	0.015387	0.024303	0.009759	0.034329	0.008146	0.006328	0.030239	0.028125	0.007851	0.034331	0.035663	0.017889	0.027677	0.017094	0.031066	0.039068	0.007402	0.005950	0.019933	0.034206	0.030753	0.027134	0.025998	0.032113	0.004964	0.013466	0.005103	0.008282	0.030661	
0.027016	0.003594	0.027612	0.005183	0.032308	0.018355	0.023790	0.020315	0.037083	0.018590	0.024027	0.000098	0.016805	0.014107	0.021042	0.038848	0.007104	0.037295	0.004735	0.019673	0.002491	0.002789	0.013663	0.003172	0.020937	0.011434	0.024555	0.017491	0.018454	0.011669	0.004332	0.034907	0.012630	0.035557	0.026733	0.016214	0.034240	0.029276	0.002088	0.020471	0.013939	0.036554	0.022876	0.036765	0.026249	0.036395	0.019477	0.009543	0.016744	0.040776	
0.027012	0.005120	0.037527	0.030936	0.024406	0.007115	0.007514	0.028818	0.024721	0.007304	0.037362	0.017474	0.033688	0.013943	0.017848	0.011794	0.040916	0.001515	0.016446	0.015086	0.012463	0.003011	0.004787	0.002805	0.008825	0.028804	0.021002	0.012996	0.029673	0.022850	0.021358	0.028738	0.032614	0.026688	0.022300	0.030541	0.012639	0.026089	0.016124	0.023370	0.036350	0.026367	0.011681	0.024397	0.007723	0.038762	0.004575	0.039118	0.001174	0.015630	
0.025565	0.039687	0.034196	0.032662	0.004156	0.043329	0.001571	0.025989	0.027315	0.005829	0.022402	0.019353	0.043449	0.040142	0.023534	0.030685	0.042291	0.023390	0.000943	0.001111	0.001282	0.017312	0.008189	0.025481	0.006017	0.000481	0.026046	0.021278	0.002710	0.011752	0.011401	0.025806	0.009536	0.007042	0.027287	0.033496	0.001949	0.003269	0.000954	0.031024	0.036677	0.032582	0.004541	0.027657	0.034976	0.031466	0.007759	0.008871	0.015854	0.039708	
0.028394	0.013109	0.010810	0.025307	0.024504	0.027619	0.013519	0.026833	0.027077	0.039772	0.022031	0.021783	0.036245	0.035748	0.023423	0.025308	0.009425	0.006176	0.023133	0.009323	0.022174	0.012411	0.017572	0.032503	0.006977	0.027601	0.004695	0.010945	0.004815	0.037269	0.028527	0.012578	0.015797	0.006547	0.019611	0.024154	0.023056	0.034203	0.014044	0.007343	0.029973	0.022048	0.012114	0.010833	0.006401	0.031632	0.021403	0.005379	0.040699	0.007158	
0.011763	0.035187	0.031042	0.039224	0.019776	0.033910	0.035596	0.017447	0.031783	0.008435	0.000965	0.021442	0.016982	0.000350	0.037925	0.036769	0.009155	0.010900	0.011931	0.006823	0.021369	0.021389	0.016686	0.001815	0.002310	0.033568	0.025374	0.000853	0.008588	0.006043	0.017674	0.023402	0.020955	0.007129	0.002923	0.023901	0.000741	0.032983	0.036793	0.034828	0.037563	0.021332	0.007250	0.030266	0.015634	0.032801	0.034160	0.024624	0.023422	0.016220	
0.005016	0.039523	0.001187	0.027732	0.010432	0.034621	0.011868	0.018805	0.026589	0.032218	0.012300	0.008408	0.018988	0.021256	0.015194	0.027685	0.041615	0.011285	0.029976	0.038503	0.007117	0.001245	0.039218	0.024356	0.017299	0.003783	0.015994	0.012357	0.027016	0.023377	0.026727	0.000876	0.018944	0.033282	0.006473	0.005260	0.024385	0.040783	0.014074	0.037322	0.012142	0.004522	0.029893	0.025118	0.026374	0.000407	0.025257	0.011857	0.008296	0.043045	
0.031782	0.010658	0.018071	0.023026	0.035252	0.023166	0.024359	0.035595	0.004898	0.032030	0.034050	0.031553	0.017560	0.033743	0.010116	0.028352	0.018509	0.032037	0.013587	0.005394	0.008272	0.023358	0.031278	0.013760	0.026914	0.008306	0.015155	0.007769	0.017977	0.031092	0.003808	0.016401	0.022424	0.004094	0.030911	0.002998	0.032055	0.019294	0.013882	0.011796	0.025935	0.027169	0.020574	0.019218	0.004172	0.023791	0.034368	0.023181	0.010591	0.005720	
0.018433	0.028810	0.013261	0.039282	0.012988	0.034899	0.005295	0.028001	0.005141	0.019678	0.013810	0.006310	0.039560	0.006367	0.008423	0.027431	0.010248	0.037276	0.040017	0.010103	0.041489	0.018599	0.034110	0.031291	0.014584	0.003395	0.003607	0.023190	0.021593	0.029907	0.032132	0.033392	0.001806	0.004357	0.011779	0.022725	0.039539	0.029027	0.022816	0.030319	0.005900	0.022949	0.013226	0.003449	0.033563	0.001749	0.003262	0.023883	0.015968	0.021061	
0.011085	0.030902	0.009461	0.016104	0.015171	0.032558	0.016088	0.010127	0.035115	0.016662	0.041243	0.001558	0.016980	0.007140	0.013705	0.018322	0.026276	0.041621	0.007945	0.032336	0.018709	0.031607	0.028707	0.024166	0.001023	0.035058	0.003625	0.006574	0.039896	0.021340	0.027038	0.016436	0.021481	0.024603	0.009565	0.000914	0.025065	0.006072	0.014591	0.002158	0.038320	0.007783	0.029793	0.037704	0.020685	0.033225	0.013105	0.025310	0.025678	0.009370	
0.015765	0.014354	0.002633	0.027579	0.032928	0.029102	0.011006	0.004777	0.033652	0.003078	0.010378	0.007885	0.037837	0.039818	0.039040	0.002434	0.005503	0.035789	0.029797	0.000828	0.007036	0.004738	0.005503	0.004682	0.037476	0.039374	0.030465	0.035559	0.032592	0.036439	0.017094	0.015916	0.017776	0.016957	0.006103	0.037450	0.017155	0.023713	0.034339	0.017874	0.002749	0.000792	0.026164	0.008035	0.006136	0.027874	0.038736	0.040322	0.000410	0.026362	
0.025331	0.038975	0.000141	0.000761	0.031943	0.037363	0.015870	0.017871	0.030143	0.026467	0.034847	0.033393	0.012843	0.012451	0.013681	0.007105	0.023739	0.016417	0.031532	0.027806	0.035295	0.016710	0.032354	0.012560	0.009378	0.013680	0.020768	0.015670	0.029540	0.015915	0.017337	0.016302	0.017318	0.028434	0.005134	0.015407	0.002284	0.027675	0.034302	0.036920	0.026416	0.011087	0.001864	0.015839	0.010389	0.010810	0.026401	0.000533	0.037913	0.017083	
0.031209	0.033304	0.029539	0.012478	0.038015	0.012806	0.014620	0.036248	0.026886	0.025997	0.010611	0.004908	0.017886	0.006441	0.000126	0.010655	0.003487	0.032591	0.008836	0.010581	0.008705	0.033367	0.023180	0.019420	0.038794	0.000279	0.021409	0.026604	0.029972	0.029778	0.026405	0.025976	0.005882	0.017243	0.019775	0.031539	0.015706	0.020955	0.001499	0.023503	0.018108	0.038057	0.029256	0.020796	0.025991	0.017023	0.017647	0.018069	0.008478	0.019361	
0.014926	0.025896	0.023815	0.003625	0.027487	0.017588	0.034752	0.032866	0.031974	0.034026	0.019937	0.015063	0.008096	0.035376	0.024211	0.001457	0.001575	0.010259	0.005533	0.026254	0.028282	0.015448	0.028715	0.025644	0.000364	0.013417	0.005273	0.006305	0.029035	0.003834	0.024926	0.029342	0.034496	0.006125	0.013561	0.034193	0.033235	0.015809	0.015577	0.035964	0.006650	0.018451	0.017510	0.005663	0.025729	0.029075	0.018314	0.033198	0.024472	0.026679	
0.038042	0.021644	0.011824	0.021231	0.007995	0.029233	0.008792	0.032288	0.028828	0.026139	0.004009	0.037438	0.025168	0.002546	0.027476	0.014229	0.008613	0.027817	0.004929	0.007589	0.033932	0.022254	0.036237	0.016502	0.033316	0.008503	0.014753	0.002011	0.017245	0.036777	0.030900	0.019233	0.032731	0.005981	0.030522	0.023539	0.009062	0.032062	0.000949	0.024725	0.003771	0.002436	0.038343	0.009361	0.038084	0.001059	0.020886	0.023526	0.035165	0.010307	
0.001476	0.027160	0.035072	0.021187	0.017074	0.011674	0.037188	0.010845	0.037076	0.003355	0.020589	0.021866	0.009642	0.015339	0.026431	0.016081	0.032425	0.014348	0.026073	0.016544	0.020704	0.020507	0.031093	0.023851	0.009769	0.004884	0.016257	0.017714	0.035470	0.002653	0.013739	0.029493	0.036746	0.016300	0.011769	0.030349	0.028323	0.030886	0.020274	0.009390	0.027867	0.014512	0.031206	0.022839	0.007176	0.038228	0.003540	0.015120	0.005005	0.022894	
0.031689	0.031513	0.012899	0.018967	0.005340	0.016774	0.005524	0.026692	0.002054	0.007843	0.016147	0.032426	0.021533	0.011664	0.011168	0.009398	0.036859	0.015118	0.029819	0.022702	0.022414	0.021219	0.009864	0.008470	0.011753	0.011944	0.004235	0.032929	0.031541	0.025525	0.022901	0.036256	0.013078	0.010125	0.000130	0.016754	0.033599	0.017988	0.015957	0.033068	0.011364	0.020021	0.035315	0.019628	0.031312	0.032193	0.021615	0.033057	0.024805	0.024811	
0.019598	0.034142	0.022221	0.033743	0.002773	0.029730	0.001838	0.028364	0.022954	0.015050	0.012123	0.015515	0.003849	0.035681	0.033742	0.007159	0.030687	0.029078	0.023340	0.007291	0.021617	0.037327	0.037193	0.030136	0.014795	0.000773	0.009577	0.005164	0.011782	0.003698	0.010594	0.004367	0.025310	0.007251	0.032916	0.028954	0.031802	0.012995	0.020948	0.023556	0.023955	0.009899	0.012409	0.023746	0.031526	0.024497	0.035739	0.009012	0.020988	0.028593	
0.026477	0.001315	0.031849	0.026208	0.017855	0.005952	0.032518	0.033629	0.035923	0.005352	0.027853	0.014937	0.036133	0.020360	0.025856	0.029894	0.034268	0.034035	0.035471	0.004657	0.023795	0.005353	0.010288	0.005442	0.030887	0.013669	0.037182	0.023168	0.031912	0.010189	0.024194	0.002201	0.012816	0.034956	0.003596	0.003240	0.012402	0.011817	0.036278	0.008309	0.000615	0.019786	0.032707	0.016690	0.008695	0.020139	0.034491	0.024128	0.012708	0.007804	
0.000960	0.020742	0.013548	0.028968	0.029325	0.034163	0.007772	0.036981	0.021178	0.013946	0.029790	0.006534	0.028078	0.034499	0.028200	0.028170	0.015806	0.008072	0.006512	0.029591	0.038445	0.001820	0.008343	0.016141	0.004795	0.029117	0.025919	0.007517	0.013028	0.030022	0.029959	0.029638	0.007770	0.001148	0.034356	0.000359	0.030700	0.008029	0.037881	0.019448	0.037574	0.017797	0.019704	0.037349	0.003507	0.006287	0.008698	0.034466	0.019022	0.018322	
0.036352	0.003164	0.021015	0.029182	0.035932	0.031059	0.034712	0.000134	0.036353	0.039012	0.028230	0.029575	0.028509	0.008892	0.020080	0.026294	0.035064	0.011256	0.005440	0.028819	0.016924	0.024915	0.039313	0.004898	0.012490	0.002925	0.004845	0.020189	0.035908	0.009682	0.002452	0.034041	0.004415	0.001764	0.014151	0.008670	0.025232	0.038396	0.027503	0.009395	0.034313	0.000354	0.004583	0.034255	0.008766	0.004138	0.030288	0.023859	0.006929	0.025331	
0.013463	0.036818	0.031328	0.023182	0.013185	0.022264	0.014920	0.035183	0.002531	0.000121	0.031323	0.004172	0.033015	0.001622	0.009224	0.003517	0.026957	0.031137	0.023228	0.001050	0.032922	0.010228	0.001963	0.006658	0.010900	0.019460	0.036121	0.000187	0.011283	0.033795	0.006500	0.027064	0.035874	0.026566	0.002817	0.020271	0.020262	0.028651	0.021807	0.026204	0.035539	0.033109	0.022758	0.036770	0.016200	0.022794	0.010701	0.022603	0.025576	0.036181	
0.036793	0.003218	0.031373	0.029171	0.019341	0.022606	0.004271	0.002058	0.009153	0.006323	0.013219	0.020441	0.019556	0.015170	0.036570	0.043620	0.037185	0.007423	0.031745	0.045386	0.000032	0.007634	0.011884	0.046413	0.017780	0.025925	0.007183	0.002259	0.028045	0.024448	0.010605	0.016253	0.020769	0.033890	0.009885	0.031543	0.015268	0.021381	0.020095	0.000471	0.023601	0.018040	0.021039	0.032995	0.007932	0.022903	0.041310	0.014195	0.003648	0.027951	
0.019402	0.002687	0.024270	0.028832	0.023671	0.020867	0.021595	0.007538	0.025600	0.009917	0.008454	0.026291	0.015541	0.014193	0.024010	0.016733	0.006609	0.027157	0.018665	0.029760	0.001987	0.004575	0.024137	0.010793	0.036706	0.010826	0.022765	0.010636	0.035326	0.031079	0.007325	0.027244	0.038926	0.040683	0.033859	0.013844	0.020066	0.026986	0.012454	0.004669	0.021878	0.014336	0.015104	0.013418	0.039807	0.030334	0.008858	0.023179	0.028086	0.018323	
0.015803	0.025172	0.028012	0.036135	0.016969	0.016391	0.032275	0.029530	0.036952	0.035707	0.018837	0.024119	0.025251	0.002925	0.031348	0.016068	0.004702	0.012135	0.004895	0.029972	0.000465	0.013946	0.005182	0.027697	0.004063	0.000933	0.009722	0.026553	0.029801	0.007962	0.005779	0.013738	0.038036	0.025830	0.017397	0.027446	0.020269	0.010952	0.037699	0.003724	0.007442	0.030728	0.038289	0.022096	0.017068	0.031175	0.027043	0.020014	0.020385	0.015369	
0.026266	0.027486	0.020883	0.032271	0.031545	0.020131	0.002018	0.033838	0.027935	0.013667	0.026442	0.028738	0.005548	0.023385	0.017742	0.002709	0.016427	0.018374	0.004031	0.038413	0.023373	0.005243	0.022589	0.018126	0.026100	0.023268	0.005606	0.006757	0.018694	0.038738	0.000056	0.030324	0.011190	0.037397	0.029821	0.022571	0.032292	0.020743	0.014322	0.000983	0.014733	0.003379	0.012789	0.023781	0.011022	0.015587	0.035083	0.035634	0.002333	0.039618	
0.027552	0.002839	0.000778	0.026613	0.022649	0.019511	0.032875	0.032126	0.005088	0.024946	0.029472	0.019695	0.011524	0.035676	0.010368	0.024423	0.027441	0.014933	0.009852	0.027556	0.011104	0.002084	0.030832	0.031561	0.034928	0.023532	0.024111	0.028790	0.019769	0.034132	0.035395	0.010178	0.005316	0.036031	0.017356	0.020474	0.006646	0.017380	0.001459	0.020858	0.002644	0.030578	0.032543	0.024326	0.005631	0.015833	0.016464	0.027117	0.000621	0.026393	
0.029812	0.013953	0.034047	0.009755	0.016621	0.011939	0.028065	0.022721	0.022974	0.005352	0.020681	0.024798	0.007056	0.016638	0.024075	0.026079	0.024336	0.026964	0.007638	0.011520	0.033148	0.007023	0.027312	0.025885	0.013514	0.025430	0.031837	0.021057	0.020878	0.006522	0.018069	0.000440	0.003962	0.013844	0.025860	0.033860	0.031054	0.036749	0.003825	0.022255	0.008609	0.012450	0.010821	0.033117	0.024442	0.017719	0.015931	0.032264	0.028318	0.028779	
0.034602	0.012766	0.003675	0.026361	0.028567	0.030792	0.031924	0.007018	0.010078	0.001695	0.015942	0.008197	0.038431	0.010888	0.018475	0.010819	0.013216	0.034348	0.020216	0.034142	0.034700	0.006310	0.030029	0.001488	0.021862	0.000912	0.032169	0.024525	0.018190	0.022274	0.022162	0.034029	0.030860	0.029352	0.034616	0.000306	0.022386	0.038765	0.038487	0.000222	0.005587	0.024736	0.008410	0.003205	0.036301	0.004031	0.026821	0.032150	0.014755	0.008208	
0.034748	0.022577	0.006797	0.011416	0.023064	0.028908	0.039810	0.022956	0.017613	0.030436	0.000751	0.033437	0.003472	0.006703	0.033509	0.012363	0.015388	0.032287	0.035286	0.007876	0.004223	0.004365	0.021347	0.021972	0.033666	0.021669	0.036818	0.022525	0.034028	0.020717	0.018776	0.008210	0.035416	0.003489	0.015300	0.034277	0.001631	0.005106	0.027542	0.038826	0.015093	0.037716	0.020119	0.002790	0.030235	0.007147	0.016151	0.021357	0.006851	0.013240	
0.008057	0.026301	0.038510	0.022081	0.024002	0.029209	0.026541	0.007115	0.031063	0.037970	0.038941	0.005716	0.035932	0.018120	0.029794	0.039360	0.022190	0.024698	0.020556	0.003929	0.007994	0.024815	0.002671	0.013645	0.029884	0.004140	0.039747	0.005021	0.017870	0.020866	0.034376	0.016000	0.034216	0.025057	0.019867	0.030430	0.003530	0.011404	0.013203	0.032616	0.001799	0.032180	0.028621	0.000327	0.008308	0.015179	0.009531	0.003533	0.003094	0.019991	
0.008744	0.023541	0.032282	0.042300	0.004904	0.023679	0.020252	0.009944	0.013651	0.026147	0.025785	0.006076	0.008228	0.030818	0.016150	0.010258	0.024653	0.008345	0.017653	0.011389	0.022676	0.004239	0.017716	0.038307	0.031671	0.022012	0.020907	0.039947	0.031237	0.016642	0.013532	0.007092	0.007996	0.019205	0.012543	0.023318	0.020382	0.040064	0.035114	0.002180	0.020418	0.008678	0.013783	0.007761	0.032690	0.022005	0.024326	0.027436	0.035620	0.015703	
0.028929	0.034484	0.005572	0.003570	0.030804	0.017954	0.004935	0.023075	0.023921	0.016169	0.015565	0.019965	0.024553	0.015120	0.028216	0.030475	0.035533	0.012074	0.003109	0.018645	0.012769	0.009394	0.012059	0.028496	0.006262	0.038756	0.006531	0.019789	0.005388	0.027413	0.029324	0.031773	0.037720	0.021911	0.019366	0.007204	0.000074	0.023022	0.014038	0.026304	0.008675	0.019888	0.010627	0.039459	0.019796	0.024885	0.035260	0.033240	0.012426	0.025482	
0.019278	0.021399	0.033984	0.032586	0.026566	0.001661	0.034491	0.014316	0.015794	0.029182	0.030715	0.026835	0.007339	0.029580	0.014620	0.026803	0.018587	0.021746	0.005762	0.016350	0.018717	0.023269	0.023880	0.013137	0.018757	0.019310	0.004675	0.009494	0.031297	0.025233	0.009900	0.016563	0.033072	0.026995	0.017108	0.032253	0.021912	0.007142	0.016703	0.034507	0.021024	0.009655	0.000664	0.013085	0.022787	0.022414	0.029157	0.030415	0.019031	0.000248	
0.028124	0.010975	0.022364	0.002746	0.021943	0.006884	0.028331	0.015558	0.033066	0.012462	0.025270	0.008459	0.035893	0.012143	0.030275	0.024468	0.025581	0.024422	0.015938	0.010619	0.035164	0.033379	0.012239	0.013985	0.027015	0.025049	0.004184	0.015896	0.025922	0.005720	0.031515	0.020798	0.018571	0.004729	0.030322	0.033759	0.014861	0.017531	0.027803	0.015978	0.000546	0.014290	0.012368	0.024074	0.032401	0.031370	0.013579	0.010785	0.028730	0.021919	
0.034702	0.004847	0.012513	0.034091	0.018361	0.017583	0.021629	0.032154	0.018868	0.004321	0.029159	0.004976	0.036065	0.014501	0.024427	0.021090	0.030223	0.023721	0.036000	0.027267	0.009929	0.011453	0.007183	0.032271	0.009343	0.042529	0.028688	0.007912	0.017446	0.019321	0.000645	0.015782	0.003096	0.027618	0.002679	0.030452	0.032411	0.007538	0.014421	0.004961	0.006771	0.023077	0.016413	0.023391	0.038947	0.040274	0.005178	0.022104	0.008286	0.043383	
0.013232	0.023083	0.030704	0.010414	0.019235	0.025220	0.019220	0.034128	0.030150	0.031787	0.020954	0.034925	0.027252	0.034069	0.024275	0.000631	0.031051	0.033141	0.020629	0.025373	0.018748	0.001078	0.017660	0.012721	0.017006	0.007313	0.004245	0.026230	0.023797	0.002378	0.026008	0.022379	0.023697	0.017028	0.005661	0.010462	0.031957	0.033536	0.017080	0.025493	0.025242	0.006954	0.033098	0.017372	0.003868	0.003053	0.001182	0.018939	0.029608	0.026732	
0.004071	0.019396	0.022820	0.024717	0.014874	0.010452	0.031709	0.040518	0.016447	0.028760	0.039418	0.018654	0.021512	0.001156	0.000581	0.031302	0.026716	0.034729	0.026018	0.028580	0.014863	0.006213	0.017862	0.010818	0.002296	0.030077	0.009299	0.006733	0.030177	0.032394	0.005540	0.017140	0.022103	0.002721	0.004625	0.021867	0.015469	0.016392	0.001613	0.021610	0.037131	0.029385	0.034075	0.003874	0.030548	0.039551	0.039059	0.022780	0.024395	0.006959	
0.002276	0.001003	0.029700	0.001632	0.031187	0.005622	0.034093	0.009613	0.004208	0.015001	0.034348	0.003226	0.023850	0.011378	0.002892	0.020897	0.037383	0.012221	0.023764	0.032287	0.016103	0.022599	0.012874	0.006365	0.022193	0.020466	0.036738	0.035757	0.004876	0.031596	0.020903	0.011572	0.019221	0.033390	0.014192	0.031783	0.017607	0.006666	0.021611	0.010155	0.022127	0.029175	0.004409	0.036924	0.021925	0.037381	0.031392	0.036376	0.013211	0.033836	
0.001282	0.024877	0.007130	0.016953	0.024247	0.031730	0.001862	0.035062	0.026727	0.000558	0.012358	0.008913	0.006670	0.028780	0.030350	0.005635	0.025344	0.015089	0.025504	0.024672	0.026149	0.020074	0.028248	0.025244	0.010991	0.035009	0.007087	0.034658	0.023009	0.010694	0.027845	0.029127	0.007562	0.017917	0.008069	0.026338	0.014632	0.021691	0.034704	0.029288	0.023169	0.020295	0.015045	0.027512	0.009369	0.002152	0.025672	0.027325	0.025544	0.031836	
0.013547	0.019540	0.021073	0.003689	0.005140	0.033100	0.034650	0.034591	0.010702	0.016066	0.011844	0.012975	0.000382	0.016434	0.016082	0.034344	0.007105	0.026603	0.036590	0.019130	0.029702	0.032378	0.034885	0.002067	0.024669	0.005371	0.036179	0.033493	0.004294	0.023941	0.003221	0.007447	0.011009	0.025650	0.028947	0.020985	0.022166	0.029729	0.028427	0.025766	0.011739	0.031016	0.030514	0.014710	0.013942	0.022711	0.021897	0.000770	0.034635	0.014155	
0.027383	0.024359	0.026426	0.032158	0.017815	0.003591	0.007073	0.036111	0.001019	0.020944	0.008747	0.002379	0.012055	0.022100	0.035949	0.019949	0.030251	0.032574	0.017033	0.029552	0.000762	0.013104	0.013800	0.022041	0.028397	0.036699	0.029055	0.027114	0.035667	0.005100	0.035613	0.027455	0.026801	0.021577	0.025203	0.014027	0.025742	0.015567	0.002179	0.011621	0.012907	0.018680	0.028688	0.016308	0.015513	0.035020	0.016598	0.007158	0.015509	0.008627	
0.031922	0.013071	0.025884	0.010767	0.004519	0.025375	0.012663	0.011338	0.012359	0.029663	0.019885	0.011817	0.040590	0.001091	0.039068	0.016703	0.009429	0.021147	0.034714	0.012825	0.039376	0.003203	0.041408	0.005540	0.013188	0.034303	0.017658	0.002890	0.042134	0.003125	0.001669	0.016677	0.033611	0.018706	0.022023	0.020441	0.023059	0.041331	0.023428	0.034430	0.009418	0.006324	0.001083	0.014937	0.035941	0.031472	0.031704	0.000308	0.015344	0.030436	
0.009600	0.003402	0.022473	0.011602	0.028954	0.030005	0.027501	0.026828	0.000104	0.017296	0.017240	0.013506	0.022657	0.010938	0.018113	0.026645	0.026722	0.022960	0.001105	0.013507	0.032843	0.017301	0.027612	0.012234	0.021465	0.028830	0.031477	0.022456	0.037305	0.001312	0.022625	0.001452	0.009489	0.009945	0.038393	0.032055	0.003589	0.022622	0.036382	0.013316	0.020178	0.034170	0.033579	0.028426	0.015763	0.026782	0.010915	0.026054	0.011035	0.019240	
0.013499	0.010897	0.037134	0.017674	0.009623	0.009598	0.019009	0.026343	0.001900	0.001861	0.013489	0.030976	0.011112	0.013655	0.002846	0.036675	0.035672	0.004701	0.033024	0.004060	0.019184	0.035750	0.004316	0.018610	0.005217	0.025649	0.023078	0.037268	0.031529	0.035666	0.035059	0.037013	0.024001	0.005349	0.011100	0.008372	0.031335	0.028250	0.009404	0.024558	0.033432	0.016304	0.035239	0.005183	0.009486	0.021467	0.034343	0.010980	0.021862	0.027247	
0.018626	0.003975	0.024128	0.006419	0.037680	0.032988	0.010002	0.038085	0.012317	0.007880	0.009436	0.028325	0.013612	0.030841	0.020450	0.015919	0.010264	0.015615	0.010939	0.011240	0.037653	0.022337	0.014903	0.005407	0.036472	0.036948	0.017752	0.036861	0.037149	0.017784	0.011216	0.005062	0.015881	0.003894	0.029241	0.027194	0.027682	0.033995	0.031314	0.031045	0.025304	0.001591	0.021963	0.028079	0.015937	0.026239	0.006300	0.020993	0.005461	0.009601	
0.033221	0.022540	0.035610	0.030154	0.035622	0.029900	0.016296	0.039375	0.017626	0.039130	0.035592	0.011060	0.007778	0.011849	0.033831	0.021149	0.006819	0.012401	0.028208	0.017095	0.004132	0.000475	0.036796	0.036879	0.014291	0.038982	0.021416	0.006060	0.020150	0.027560	0.003171	0.001861	0.010515	0.025675	0.010954	0.009418	0.025514	0.004577	0.013156	0.022608	0.009531	0.010789	0.032870	0.028326	0.005484	0.004955	0.040073	0.008280	0.029998	0.010249	
0.021929	0.014651	0.020549	0.025560	0.022709	0.014832	0.005965	0.024508	0.005081	0.022445	0.000886	0.031340	0.022056	0.002344	0.042005	0.009723	0.010221	0.013170	0.040483	0.041198	0.000840	0.009901	0.013108	0.031020	0.024755	0.004645	0.008139	0.007596	0.015270	0.015664	0.045271	0.031898	0.041204	0.043948	0.010518	0.043278	0.035798	0.010984	0.003599	0.046043	0.014068	0.040669	0.019917	0.014927	0.029951	0.007487	0.007458	0.016342	0.013913	0.000136	
0.037816	0.034135	0.029453	0.033089	0.016997	0.009069	0.003651	0.030986	0.025514	0.016005	0.008956	0.037521	0.020305	0.020225	0.008320	0.000355	0.010845	0.010966	0.038528	0.011546	0.004574	0.008291	0.036050	0.032188	0.035042	0.036333	0.002387	0.021508	0.006974	0.017877	0.013185	0.026133	0.014772	0.014641	0.008650	0.011034	0.001060	0.010813	0.032956	0.019313	0.034813	0.033876	0.029212	0.028502	0.019026	0.029406	0.036408	0.017922	0.003519	0.009250	
0.020089	0.002677	0.039978	0.011892	0.015881	0.035119	0.029667	0.016087	0.004532	0.014088	0.036419	0.036489	0.007732	0.009694	0.005707	0.001260	0.040213	0.008756	0.010937	0.028232	0.038574	0.004542	0.027873	0.025479	0.012517	0.010442	0.006869	0.001849	0.037217	0.014093	0.035074	0.014207	0.020816	0.017809	0.028466	0.010375	0.024996	0.037854	0.017928	0.031038	0.004835	0.020003	0.033791	0.036099	0.018555	0.008622	0.028168	0.026647	0.016237	0.013577	
0.028734	0.019987	0.029440	0.012931	0.013326	0.024895	0.024245	0.014363	0.021973	0.021575	0.029739	0.025176	0.019041	0.002382	0.010110	0.001656	0.032948	0.020958	0.024710	0.008486	0.032047	0.014684	0.000368	0.028718	0.030479	0.018262	0.018672	0.033345	0.022142	0.000126	0.023440	0.015505	0.005544	0.024381	0.029308	0.020461	0.018903	0.025975	0.009043	0.029270	0.003637	0.029103	0.032403	0.014307	0.007225	0.012012	0.021274	0.029853	0.031998	0.030843	
0.020117	0.011236	0.018476	0.015720	0.022450	0.037691	0.004379	0.033105	0.031122	0.007310	0.039686	0.012719	0.004706	0.029279	0.032786	0.034821	0.032377	0.013270	0.008478	0.021195	0.026093	0.003634	0.032899	0.024477	0.034004	0.017208	0.003020	0.013368	0.013859	0.000877	0.031676	0.013274	0.002184	0.014836	0.028113	0.024624	0.023321	0.042709	0.000539	0.015529	0.017070	0.042490	0.038262	0.034055	0.009697	0.009647	0.010506	0.034293	0.003161	0.003653	
0.012782	0.021514	0.029439	0.013274	0.018864	0.028373	0.013832	0.015369	0.032536	0.029199	0.006360	0.006851	0.021757	0.022677	0.040101	0.038704	0.013638	0.019528	0.034710	0.002933	0.032631	0.033226	0.034101	0.016802	0.003028	0.014567	0.027794	0.032028	0.022197	0.014309	0.005277	0.036933	0.022745	0.032765	0.001325	0.002264	0.012468	0.020124	0.010669	0.041363	0.031183	0.021096	0.022276	0.003312	0.002192	0.012692	0.022686	0.009947	0.022675	0.012882	
0.001649	0.036373	0.016701	0.018627	0.003712	0.027683	0.014539	0.032795	0.012673	0.014508	0.031384	0.004466	0.015810	0.034247	0.015663	0.017150	0.013994	0.012812	0.004104	0.026836	0.037296	0.023984	0.012728	0.024111	0.016197	0.014043	0.003697	0.017629	0.032321	0.007412	0.016758	0.025544	0.017277	0.019001	0.027540	0.020745	0.030873	0.017416	0.034223	0.011183	0.020031	0.003853	0.036844	0.010355	0.023692	0.024496	0.022629	0.023316	0.035718	0.033363	
0.012383	0.025434	0.014186	0.016626	0.026108	0.006816	0.005422	0.012093	0.037830	0.004104	0.017526	0.009245	0.005343	0.013493	0.021605	0.023299	0.003359	0.007927	0.010058	0.030827	0.030571	0.023341	0.036128	0.024961	0.015573	0.022958	0.005193	0.033013	0.028189	0.007734	0.027554	0.016742	0.023299	0.004148	0.023715	0.042051	0.009115	0.040408	0.022230	0.026996	0.044977	0.031778	0.014151	0.021546	0.000721	0.035857	0.015550	0.001740	0.041546	0.024533	
0.032934	0.026452	0.003091	0.010076	0.007728	0.033984	0.008768	0.001347	0.042631	0.002569	0.028441	0.020764	0.019802	0.014381	0.002761	0.038644	0.034316	0.008117	0.009159	0.035766	0.034284	0.040320	0.000007	0.018005	0.022543	0.007752	0.035825	0.020922	0.028121	0.008455	0.024014	0.030551	0.010086	0.034028	0.023926	0.019064	0.018742	0.041739	0.006137	0.024347	0.012789	0.030879	0.036442	0.007824	0.009675	0.001898	0.035543	0.006868	0.012567	0.014918	
0.037591	0.011753	0.013928	0.022523	0.014879	0.003460	0.028577	0.008487	0.006523	0.025503	0.002897	0.049373	0.024541	0.022892	0.016392	0.039397	0.025851	0.002905	0.037325	0.047471	0.012126	0.003123	0.001755	0.049512	0.018032	0.033206	0.040098	0.044365	0.017347	0.046506	0.029112	0.028328	0.008850	0.010462	0.047179	0.021530	0.001514	0.006614	0.001624	0.017286	0.005411	0.005760	0.000351	0.004742	0.042949	0.008695	0.022036	0.002276	0.002354	0.024585	
0.005630	0.004844	0.023942	0.009721	0.017193	0.023843	0.006418	0.036663	0.026598	0.025347	0.014916	0.003093	0.030553	0.031511	0.017520	0.033464	0.016221	0.013694	0.035334	0.032839	0.009925	0.022166	0.011668	0.009076	0.000839	0.033347	0.036023	0.025556	0.037151	0.033130	0.013429	0.037086	0.011385	0.018699	0.035253	0.007856	0.011703	0.011190	0.027169	0.020746	0.001699	0.027767	0.020648	0.023261	0.026969	0.015415	0.034769	0.000460	0.020807	0.005465	
0.011992	0.012882	0.036729	0.024246	0.025679	0.028397	0.028160	0.000532	0.032299	0.026005	0.008870	0.009106	0.024381	0.014803	0.014379	0.016594	0.024969	0.014046	0.011647	0.014019	0.028232	0.035844	0.021261	0.021534	0.011871	0.020764	0.002915	0.024455	0.015593	0.023312	0.009540	0.029120	0.034551	0.024418	0.036894	0.037840	0.010257	0.030071	0.000430	0.006378	0.028396	0.008870	0.000478	0.035640	0.008595	0.019441	0.037132	0.025330	0.023689	0.007411	
0.031662	0.038519	0.012641	0.009844	0.013619	0.017193	0.038037	0.017966	0.017833	0.002750	0.017952	0.008500	0.029750	0.035957	0.027209	0.033666	0.003745	0.000737	0.015651	0.025312	0.011886	0.005715	0.038085	0.026200	0.035136	0.019389	0.028655	0.031282	0.035652	0.032384	0.005369	0.032976	0.013214	0.012883	0.022801	0.008195	0.033838	0.009102	0.029267	0.035696	0.004258	0.032254	0.005610	0.002714	0.009958	0.007337	0.029457	0.011016	0.018040	0.013087	
0.017647	0.000699	0.019703	0.011138	0.000922	0.029170	0.014623	0.028428	0.031144	0.024067	0.019930	0.019229	0.029498	0.015187	0.028729	0.033515	0.019046	0.000346	0.017799	0.023063	0.018802	0.023474	0.027521	0.003327	0.029320	0.004496	0.029192	0.017045	0.020351	0.031742	0.031413	0.020222	0.028496	0.012677	0.004591	0.026334	0.018156	0.029094	0.024612	0.013204	0.021852	0.026693	0.013424	0.024118	0.001700	0.016283	0.023997	0.025221	0.025812	0.022946	
0.026515	0.035090	0.009974	0.007258	0.020558	0.003930	0.017397	0.018888	0.032009	0.033375	0.004303	0.037758	0.011486	0.014248	0.024522	0.021371	0.002587	0.032942	0.006987	0.029805	0.023878	0.033420	0.021411	0.014924	0.040831	0.013577	0.025880	0.013419	0.011638	0.026493	0.036972	0.007054	0.043331	0.007424	0.005954	0.022636	0.029838	0.015265	0.007861	0.002425	0.033079	0.039038	0.005992	0.026249	0.024579	0.030530	0.017421	0.012229	0.013908	0.001738	
0.010410	0.019089	0.021613	0.035987	0.005678	0.032963	0.035503	0.033703	0.006931	0.012089	0.007870	0.009857	0.018305	0.008401	0.016478	0.012561	0.000665	0.033358	0.030202	0.025383	0.025592	0.007531	0.012596	0.004255	0.005890	0.015612	0.033669	0.031847	0.012995	0.036348	0.030330	0.027841	0.012057	0.026022	0.026445	0.032508	0.020288	0.037548	0.032332	0.019731	0.024275	0.025216	0.024059	0.007513	0.031704	0.006146	0.005654	0.000866	0.023779	0.022307	
0.021952	0.005889	0.028704	0.015555	0.009585	0.020913	0.026002	0.005960	0.030098	0.024714	0.011927	0.012180	0.023231	0.031034	0.015312	0.018696	0.014739	0.001532	0.022814	0.003842	0.004143	0.029751	0.015623	0.019868	0.025669	0.015242	0.025174	0.019201	0.025579	0.031535	0.029869	0.002316	0.015890	0.021283	0.012668	0.023790	0.026075	0.024654	0.025995	0.023867	0.019991	0.031336	0.025472	0.013361	0.020262	0.033078	0.031634	0.031094	0.000992	0.029910	
0.003073	0.028568	0.023271	0.009177	0.018783	0.014592	0.032848	0.032678	0.031318	0.009782	0.015357	0.038297	0.026634	0.010156	0.030572	0.001108	0.016589	0.025392	0.013391	0.027255	0.011629	0.021680	0.014616	0.007887	0.013955	0.008899	0.020693	0.014886	0.032616	0.018069	0.030629	0.016131	0.017904	0.010932	0.022412	0.017990	0.038598	0.011170	0.034598	0.004267	0.027254	0.002205	0.023592	0.005268	0.026708	0.009404	0.033284	0.035021	0.029002	0.029859	
0.037537	0.017107	0.007824	0.004842	0.012626	0.044531	0.037093	0.007741	0.007410	0.004467	0.006402	0.042788	0.004321	0.024340	0.006147	0.019099	0.036255	0.025628	0.010968	0.040060	0.034969	0.020202	0.025650	0.043026	0.042260	0.043055	0.027287	0.014790	0.014659	0.002061	0.043956	0.001358	0.031838	0.008280	0.002062	0.008995	0.018387	0.005985	0.040144	0.036584	0.014071	0.030380	0.001491	0.018456	0.028032	0.000833	0.008909	0.010017	0.003605	0.021471	
0.003504	0.028794	0.002596	0.009539	0.032959	0.038524	0.021728	0.035901	0.023209	0.014495	0.007731	0.009630	0.007181	0.005219	0.021712	0.035862	0.002559	0.005835	0.037755	0.026369	0.012849	0.040659	0.006329	0.038726	0.029969	0.028239	0.007477	0.028557	0.027829	0.024096	0.031182	0.020298	0.039232	0.037375	0.017483	0.008622	0.003482	0.026943	0.034060	0.038774	0.007437	0.027374	0.024198	0.015615	0.012137	0.022349	0.000005	0.005322	0.004414	0.007867	
0.021268	0.020707	0.029336	0.029079	0.029235	0.013547	0.031667	0.029153	0.017676	0.004043	0.000788	0.012500	0.035329	0.000729	0.035352	0.015490	0.000643	0.012260	0.032345	0.035750	0.033318	0.015684	0.022771	0.024611	0.023672	0.002085	0.009828	0.029229	0.007050	0.021691	0.002171	0.020767	0.016214	0.030987	0.034541	0.019736	0.026950	0.023821	0.019213	0.009973	0.025271	0.016125	0.024051	0.031398	0.013107	0.010454	0.003458	0.007162	0.034463	0.033307	
0.020458	0.022057	0.006371	0.023354	0.016232	0.015249	0.017491	0.007063	0.016162	0.020476	0.015422	0.018983	0.015182	0.032055	0.026557	0.027947	0.019363	0.033249	0.021127	0.010622	0.006870	0.024663	0.010749	0.033885	0.033569	0.034056	0.022921	0.009183	0.018424	0.007919	0.033296	0.014874	0.007991	0.014635	0.034712	0.012824	0.025585	0.015210	0.022116	0.024950	0.009047	0.032734	0.021390	0.030068	0.004711	0.005624	0.028397	0.024626	0.034297	0.015255	
0.034646	0.025370	0.010644	0.033166	0.003088	0.020022	0.030156	0.016471	0.037304	0.022249	0.024945	0.009013	0.009241	0.025634	0.031364	0.004269	0.001101	0.014149	0.036281	0.011754	0.024712	0.009139	0.031303	0.022002	0.027125	0.013863	0.003267	0.023251	0.023355	0.000254	0.011545	0.024516	0.005826	0.008829	0.022582	0.004993	0.032070	0.032722	0.034441	0.036023	0.039152	0.003875	0.028223	0.032926	0.020283	0.005660	0.035057	0.023899	0.002335	0.015905	
0.001155	0.007458	0.002963	0.037486	0.035696	0.041966	0.018419	0.006400	0.001594	0.020741	0.034491	0.003840	0.002041	0.020136	0.003296	0.034063	0.006226	0.016280	0.028365	0.006524	0.035936	0.014172	0.037183	0.019820	0.014687	0.002743	0.040934	0.031243	0.040071	0.009962	0.003333	0.039329	0.035107	0.015166	0.029318	0.011693	0.001404	0.033452	0.014603	0.004104	0.022428	0.026678	0.030140	0.036523	0.016918	0.002920	0.018262	0.037052	0.028309	0.017368	
0.019021	0.029360	0.029068	0.001201	0.018980	0.013691	0.016693	0.010205	0.020605	0.020809	0.013441	0.038458	0.030707	0.025343	0.008540	0.029798	0.027443	0.007090	0.037085	0.029439	0.005133	0.035288	0.026947	0.035813	0.009044	0.031226	0.027667	0.026004	0.008805	0.001089	0.018130	0.026625	0.010058	0.028948	0.029676	0.030205	0.006991	0.017442	0.015363	0.026114	0.024307	0.010256	0.004115	0.037665	0.012473	0.020427	0.005977	0.000083	0.011249	0.029902	
0.024797	0.024659	0.039355	0.016439	0.037838	0.019905	0.023588	0.013102	0.022406	0.009925	0.006202	0.012424	0.012586	0.015675	0.024761	0.008863	0.012697	0.033246	0.032824	0.031302	0.006915	0.001542	0.009731	0.037076	0.027380	0.013693	0.005248	0.036956	0.028913	0.023381	0.006016	0.014772	0.033123	0.029236	0.031708	0.034582	0.023809	0.016836	0.014518	0.001645	0.008297	0.008914	0.026014	0.022813	0.003755	0.021435	0.024201	0.007613	0.023149	0.034135	
0.41
