50
2
-2.407405	-12.738785	0.313062	-8.687908	18.081896	-1.005905	-9.598428	-7.639507	-19.144825	-8.692741	-9.682621	17.917513	8.917290	13.162002	2.938342	-15.068557	3.167601	1.768540	-0.692641	4.225781	1.547837	-2.475549	8.557161	-7.293706	-7.049152	13.122340	-5.118986	16.334340	-15.723161	11.710602	15.146795	-3.725879	15.702998	-0.961551	-18.635103	17.927066	16.904290	-9.425058	4.210889	-5.106273	5.215251	5.916661	-16.862748	-0.335315	18.761649	-3.611080	-4.540997	-6.318567	1.189887	2.028569	
-3.405549	-13.264585	-12.244057	12.407222	11.414226	4.929628	-0.193774	22.813184	-12.597439	-24.880250	5.157620	2.222316	-4.340307	-14.049383	-18.122657	19.554956	-15.864390	24.485943	-5.780124	15.105011	21.661612	-13.011265	-21.774956	-22.948393	13.906727	-7.771878	-3.367451	-14.160909	14.235802	15.143735	-22.541552	20.958846	11.049005	2.680909	8.447579	4.978689	23.222477	-20.085815	7.027944	11.272399	4.475552	11.614560	6.868869	-5.635347	24.966514	-11.736268	-20.532857	13.265678	12.840175	-15.207421	
6.606352	24.127071	-12.919009	-7.130482	0.415497	-9.183071	-11.586854	-22.343943	-0.489598	23.350924	-16.821438	-1.090551	24.678581	-4.755408	-11.649730	-24.796614	24.405158	19.519171	-8.799148	4.128649	-2.261533	11.203120	5.591678	-16.288244	13.931769	19.726997	-21.913549	1.821515	-22.670443	8.372365	-5.364616	-9.193901	4.016827	8.966865	9.935948	5.723123	-24.893857	-20.557151	15.861146	21.584248	-7.652217	-11.235635	1.107505	-15.438042	-25.715240	16.813620	12.158937	-9.388224	-4.956067	4.254780	
3.886896	-19.631797	16.330421	18.490366	21.371544	4.277591	-2.270204	10.072211	11.379219	11.380369	6.131916	-2.260738	14.100793	-21.836666	18.327796	7.804525	0.135155	-16.311705	22.569776	-3.632886	10.898071	7.082334	-11.539802	22.954210	23.966941	19.204225	-6.375649	20.360503	-14.534438	11.755166	-24.864761	-2.565859	-13.127784	-16.275197	-1.247008	7.535664	-11.826840	5.687047	13.164223	-4.280814	-14.211389	20.550524	13.043900	2.085937	8.448346	20.255458	-22.115304	-14.032588	-8.628179	12.055125	
10.600230	-3.730361	-15.727810	-0.716566	-12.642981	0.942453	-16.963050	7.235000	13.369029	17.619623	8.600151	-9.270441	10.858944	-20.395108	-3.575401	-6.433401	0.580442	17.045821	-4.399613	-17.020163	-14.753725	5.871697	6.931478	21.619147	-15.465342	-5.423610	7.950276	-14.768388	-20.911154	6.127578	-15.945846	1.769267	-15.929004	13.690286	-12.019017	16.145899	-17.966064	21.817684	16.349753	-14.956773	10.734487	4.257749	-4.046575	-5.053058	5.740437	2.320213	10.947394	4.010480	21.945615	-19.434057	
-2.035743	-15.677407	14.228079	18.200976	7.254075	2.599667	0.556210	-3.344573	16.712603	0.818434	-10.284755	19.682240	-12.836018	-13.045619	-18.535556	21.329582	-21.234076	15.715165	-15.656611	0.578675	-2.331239	-20.828313	11.679349	-1.304066	1.396833	-13.747922	16.981674	-21.757298	2.636331	3.295921	17.891794	12.717172	-3.149438	13.982060	3.781611	-10.781496	-18.787756	-8.652530	-10.409445	9.061831	-12.229042	14.301344	-3.902394	9.111947	-2.435652	19.336521	-4.031351	-4.455829	16.934667	4.489033	
-8.755782	2.051843	19.168901	29.126433	10.521288	-23.417688	-13.023531	6.688079	-24.380881	19.509817	-7.137682	-15.497614	-11.592516	-6.796628	-25.853791	-4.320091	-0.458969	-22.083758	10.006894	20.210094	-6.770436	4.954244	6.992515	20.099378	-22.294625	-15.856431	-7.267665	-4.490887	14.626680	4.154418	-16.170656	-7.778088	19.847856	-3.755122	-7.585294	18.477550	-24.139582	-18.192157	-23.084525	-18.708448	27.991586	10.313451	-0.165397	2.153206	-11.298179	-29.369895	-11.974232	-24.631917	-17.692810	-10.821089	
-17.419168	-0.983818	1.838717	-1.213850	4.338781	18.857419	-8.911558	9.340401	20.801873	6.771903	-3.375580	-2.128732	-14.936268	14.155399	19.879088	6.253915	-3.990146	-21.692490	3.979776	-14.295991	18.361167	10.306855	-18.494575	-7.097445	8.673372	6.934589	-18.619349	-9.802001	-16.987386	-4.362047	14.185542	2.030382	-0.218830	0.143522	-2.624691	19.915774	12.331094	-5.763902	5.831248	2.427948	-15.524435	-5.831410	7.482547	-21.253449	3.649515	7.799709	11.825496	-10.048648	21.846891	1.982935	
7.988201	5.999353	-19.007220	-14.425498	-14.016856	22.293545	-22.041933	-3.002857	2.644766	-6.299382	14.200813	14.115741	5.966720	0.194259	-9.410097	-22.610794	22.955366	20.252232	-5.551066	2.054641	-9.786899	14.925613	17.429599	23.249715	12.544810	9.768262	-10.703631	6.094646	-17.346833	-11.699968	6.275071	14.926940	10.435279	-10.935686	-17.422791	1.576385	0.769602	18.543063	-8.663575	22.626317	10.884721	-23.997112	3.818783	21.087287	-1.918204	-23.690483	2.722961	21.781764	15.661076	1.623464	
11.180859	6.028279	-20.144222	-18.149152	-14.199147	22.527555	-21.175886	-17.099145	-15.734767	-13.062783	-9.955782	11.783791	-15.480586	22.577592	4.464091	-10.872394	-8.284546	-19.957385	-7.065111	18.263761	-21.232623	-2.236238	18.148809	-17.424576	-17.008699	5.596028	-21.836789	-2.005808	-22.964174	7.812732	18.025979	0.620841	-12.614624	6.327892	-1.584685	11.242408	-1.904323	-5.124922	6.921319	6.147431	5.195816	-13.850910	20.607256	-17.434226	-20.162974	-18.018481	-19.448652	14.311626	16.372006	5.883159	
20.924489	5.775080	-9.938683	6.783505	-19.663055	-10.235550	15.030031	8.094918	12.034515	22.026193	15.420078	-16.358642	-6.829580	-13.517934	-0.668189	-24.770070	21.594884	-19.226816	4.459546	14.011164	-7.007257	-13.806622	7.315148	-20.120849	2.371254	18.399527	4.106488	8.647434	-12.670267	-3.621499	-23.319541	25.119830	-14.159427	-11.730602	1.850721	6.982832	21.915196	25.868006	4.457590	12.527350	-1.363495	23.586924	-2.259116	-11.577279	-10.304580	-2.258229	18.451530	-16.236480	-8.009651	-0.378191	
-19.865690	-4.511564	19.831253	21.856969	9.580562	-8.290548	-21.777545	13.449504	2.525553	-9.306533	14.599767	20.599133	-5.853799	11.421985	4.741727	11.021237	-2.353534	-21.705613	21.386622	-8.089748	9.244040	-17.501167	-17.120865	-9.408520	-10.026672	-19.087395	-16.345163	-15.794669	9.732015	6.441778	-18.072443	-1.448420	21.982747	19.823092	19.422443	8.097226	0.422924	14.141309	6.711914	-12.940143	4.979791	13.549612	-0.087752	-18.686871	3.386464	15.520091	20.605618	6.490727	-3.470060	1.549222	
10.391248	9.883502	3.014671	16.024719	20.196831	-15.003846	6.745273	-6.020328	11.160346	4.570652	-7.521670	16.920931	-3.342280	7.869774	18.653174	-3.423351	13.944147	-10.917398	-10.709249	19.010606	16.764624	-5.985879	18.716665	10.595917	-0.646747	-10.231075	-7.104779	-3.376607	-4.446262	4.543746	-3.311760	-18.110253	-0.489277	5.820649	-20.431714	5.139844	9.693328	-15.896154	-19.959984	-17.909722	-2.379871	13.832374	13.633906	-19.135502	-9.636142	9.372138	-17.870673	16.016179	15.437382	17.616230	
-3.754036	8.889623	-15.155274	-22.900333	-7.146560	15.482109	12.563001	-22.083735	-22.477681	16.199805	0.072962	-16.680413	-12.698894	-20.759453	18.982225	-20.338149	-12.341425	24.290602	16.905540	18.475494	-20.727278	22.908022	-19.667694	-21.737714	23.749574	-14.025286	11.614997	18.436589	23.131309	4.277313	10.239462	12.515863	14.461977	13.682904	23.879788	-4.110451	-19.015916	-24.751585	0.726338	-0.679926	-20.527333	-12.599552	20.766397	16.183836	14.301480	-22.536339	1.102491	-8.936555	18.593973	-2.014251	
16.219758	9.073546	-10.938769	-26.511118	-6.245479	-6.271703	21.961791	11.644534	10.207724	-2.917069	-5.980993	-14.763619	-16.477164	-5.241328	7.655482	-14.962229	2.183434	-23.987087	25.574131	15.509792	-20.644631	-29.754772	26.505017	18.264525	15.697738	-6.849742	24.389852	-18.386261	-1.513883	-8.136840	22.356373	5.653805	13.728693	-29.541788	24.218978	-26.680962	21.311465	-9.420708	-9.711823	16.422698	-16.751028	-13.952839	15.588254	15.429025	-21.816081	-17.161610	11.388780	30.134516	6.318102	-12.002890	
7.917827	11.694953	-23.027048	-19.167035	24.003566	19.991250	-12.232426	5.446235	15.391442	-20.918662	-13.922010	-20.891319	11.996362	21.731985	-21.074395	-7.594580	11.436027	-5.458283	-21.135930	8.405838	-16.635818	16.408039	-13.144604	-24.116904	0.316491	-11.501485	-15.796423	-9.098166	-6.334078	-4.165722	-16.017141	-10.160035	12.626248	17.819144	21.683293	14.447095	6.623350	20.979620	-20.005696	-23.411376	-11.788709	2.381125	16.741794	-20.503296	23.392239	24.461043	3.597412	-11.725352	13.214034	-15.486813	
11.709824	1.731950	-9.547706	19.597194	-11.354189	13.610893	-7.492368	-21.672670	-8.063182	1.799361	5.150576	-1.823055	12.631558	-14.536979	-16.813890	-1.387012	-3.701319	5.552170	8.672567	14.328335	22.820613	0.476642	17.565740	-0.139058	-6.308604	-5.346325	-5.256187	-9.691784	-18.941170	-20.397491	-17.305599	-7.741788	11.650920	-22.667426	-3.282695	-6.970463	-21.884379	8.498317	15.549295	-12.136803	-21.083747	-21.911967	-5.657516	14.918383	15.456385	20.773109	-14.349588	7.594433	-14.849765	-20.643208	
12.756062	-10.397804	13.523343	-2.116524	-17.869693	-7.023853	-2.557970	-1.133791	-12.921283	16.458562	-18.747083	2.055697	7.402230	0.092651	-12.482934	-16.039077	3.460058	12.943689	-5.785850	-14.125305	-11.561792	12.828856	-4.437164	17.897466	16.241208	17.438494	7.724665	-16.723904	-18.143350	8.230057	-1.953912	10.909819	15.775267	-13.328838	-11.711976	6.568273	1.644235	-2.607401	5.611706	-11.554861	0.277724	-10.893999	10.631310	-4.851413	-2.287227	-18.139436	6.764304	-14.667130	-16.337285	-14.194875	
0.064506	20.065173	8.486337	-1.962376	-23.095328	-13.875627	1.236461	-3.003271	23.857586	-27.807501	24.427905	-18.357468	-15.876016	-24.978645	-6.366303	-25.267817	8.747245	23.385115	8.568181	-27.110202	1.250579	28.904628	2.281012	-0.741465	-6.169542	7.015857	22.540242	-15.907638	12.608329	-15.030305	0.457179	20.319670	-23.975072	-3.034487	-22.133610	25.452588	-16.562613	-24.779454	0.781162	-23.627879	3.241535	-6.597755	23.645629	-12.702313	-6.268726	-9.092110	27.705381	24.192476	-28.618741	-0.575044	
-0.065046	4.854748	17.613368	-8.306374	-6.942357	7.536993	2.097928	9.733455	11.207961	21.623998	-23.371279	15.768972	-4.731160	5.983909	20.920317	-8.455716	0.734930	25.369373	3.966657	22.361022	4.473573	11.180001	17.752139	-26.723865	25.936193	-20.795799	10.895419	23.945408	24.563621	14.087232	18.927471	20.269971	24.204357	13.820896	20.129075	15.748108	8.921130	25.838468	-8.958229	-26.390337	-4.073334	-2.877263	26.182979	-25.894265	-2.973997	-10.543350	5.862710	3.268792	25.539557	27.272788	
-16.944984	17.783901	-6.353498	-25.592201	-0.431356	-23.901119	-21.335155	-10.975330	8.498141	-9.443046	19.239140	12.691242	18.744928	3.432854	7.769025	6.467163	5.516876	-8.451375	-7.180805	-2.562644	5.188736	18.902096	-4.903792	4.105638	-13.490766	8.449758	-24.208529	0.789603	-21.392357	23.850452	13.522330	-8.689751	-18.176546	-4.862535	-3.721064	22.244458	-7.411866	-15.634089	25.665631	-19.908767	-15.914136	2.469837	-15.320510	-21.788559	3.998731	-5.055639	23.681449	18.413295	-4.738293	4.525085	
-13.728362	2.418030	13.634922	-7.259259	18.784136	3.739663	-14.410116	17.187163	-3.202775	-2.138915	-8.355673	3.187131	18.600795	-4.858777	5.125080	19.604204	2.395783	-8.665684	6.753415	-0.088457	-18.553122	5.205960	12.332955	-16.115772	16.350745	-0.942094	-16.251890	3.989767	-2.484229	2.171388	9.288626	-3.760479	15.998665	-9.919764	2.393750	15.348360	-0.789245	4.299879	12.875615	18.719999	-8.594328	2.048116	-14.595631	-2.740360	-15.647456	-10.733156	-3.560829	-16.836908	-6.736307	7.200928	
-11.018084	10.175370	2.776160	-20.935531	-15.163395	8.690878	-18.941648	-23.479517	5.662813	-18.810955	-29.848286	-18.644564	6.403173	23.024246	-12.873969	26.070629	21.529779	-7.838451	-23.801688	-9.255839	-23.801609	16.079486	-3.822259	-13.328055	-20.228099	5.434696	-24.115842	-0.542626	-13.179417	9.252666	-9.083206	4.367684	-2.458599	15.965527	16.819671	21.220310	-28.120729	-3.281627	-13.874649	-11.298933	-16.022375	-2.121397	-0.903961	5.176947	1.466821	9.466354	-9.452609	23.152190	15.666583	12.214192	
-7.230824	-0.140907	-3.480016	-23.348418	0.815235	21.948025	-3.825486	-4.202992	1.666812	3.461787	9.701378	23.125184	-12.309397	14.435887	-12.851859	21.865201	-20.772430	2.881095	-23.387616	0.001449	14.013294	-6.036288	4.772648	-10.874649	-9.175205	-20.414473	21.720151	-8.425456	-18.447431	-9.556915	-23.505205	3.383282	-15.402527	-21.286582	-7.497333	-21.225423	-20.839872	-8.775338	-6.895066	13.914358	-20.071348	-23.067076	3.573241	-16.218988	-14.412155	10.653450	12.440943	-14.694134	-15.324234	17.120889	
17.937677	-14.559173	-4.113677	-1.654887	21.155439	-14.762269	-16.512027	10.661516	-21.826607	-27.228081	-17.406715	23.017797	1.002172	-2.086465	-9.663412	-2.550543	9.774256	20.040059	-9.328889	16.125018	-22.781663	8.373525	-23.150536	15.421560	-9.545294	-16.785209	-4.355975	-9.590943	6.284915	-4.361116	-3.813622	-0.262316	-4.992647	9.713938	-0.686054	-3.606118	-19.368678	1.396914	-12.525744	19.671682	-4.737793	20.813479	13.707006	-1.541026	-1.484539	9.173222	2.150390	12.408224	-22.348016	8.165465	
-2.938772	-11.659813	0.658847	19.697436	16.710900	16.095668	27.092946	-19.604013	-25.705765	23.030688	-11.163380	-14.562085	10.213114	-24.146378	-4.809839	0.492586	23.830360	-10.300515	18.641955	7.473078	6.344809	-6.800875	-9.353576	13.525762	-5.684551	-13.836127	-16.625418	9.250906	13.205630	-6.412603	22.638384	-17.707224	20.054353	17.437600	-27.157561	-12.782729	9.846153	0.918647	-15.892997	-14.114161	3.817714	-23.074425	11.165496	-12.602151	-19.751099	20.781019	-8.909562	-9.107952	18.781809	0.201930	
-16.940552	3.232176	15.280203	24.691264	-0.781162	-8.518631	12.589874	-23.351364	-13.797069	-9.033063	12.133620	-26.846308	10.752257	-27.603996	-17.330574	-19.530752	22.492854	-2.833676	24.639353	28.059088	25.372079	14.404825	-13.214573	8.694195	22.101631	20.975576	-15.893488	-22.314410	5.384877	-20.577815	16.742740	18.727575	6.894627	-27.797773	20.485192	-23.164773	14.252388	-19.367866	6.677641	10.854959	15.371358	-3.262255	-22.929204	-26.884165	23.804107	0.139355	18.943840	-1.573310	-14.251567	-10.915960	
19.845061	-26.563273	24.262170	6.367904	6.241871	25.523090	24.876260	-7.071479	-24.860955	-11.942326	2.629565	-11.881894	-19.119693	4.779469	-18.209240	-4.841563	5.107862	-15.700858	-2.521716	-1.215780	-12.614078	-9.996155	-4.233428	15.142361	23.775765	12.019364	-11.990030	-23.666542	-7.617103	3.274857	24.535647	-21.728425	-17.341369	21.032891	12.108164	-9.886494	-20.767221	16.618999	23.670522	-20.014068	-18.788568	3.971659	-25.467521	-7.810723	11.493828	-15.981212	10.317345	6.823389	0.765725	-12.747415	
10.442847	24.326116	23.488472	25.492207	4.379582	-9.221140	7.880412	-17.310602	-25.880759	-11.722559	15.906405	16.883300	20.751251	7.248606	3.927146	-20.518574	15.797779	19.766702	-4.954915	23.554549	16.311329	-14.743603	-25.619829	-10.020499	6.215942	4.978814	12.641817	-4.078350	4.276728	5.478898	25.597046	-21.112817	-9.073379	-16.715410	-14.866345	20.032006	6.097158	19.102205	-13.329505	-14.738688	-19.299454	-25.593343	22.000773	3.321954	5.980614	-14.014353	15.923484	4.779718	17.069137	-6.681189	
-24.530552	-2.883062	-20.882665	-23.712370	0.041312	-4.022695	-16.830538	-18.073589	20.399283	-17.686422	-1.983345	19.982271	-24.201977	-10.194350	-10.636462	26.896417	-17.395791	-28.601274	5.810426	-12.596277	-28.141804	5.563899	18.541407	-27.011624	-18.439663	16.041619	-21.469858	-16.269934	24.404194	22.922641	-25.991253	0.100679	-19.275906	-17.888070	28.643414	10.599757	-12.168165	10.923151	-14.287352	-9.151268	13.521309	5.163285	17.238384	-19.763097	22.150764	19.995405	-17.796307	-10.312076	-13.579996	-11.070797	
-7.225206	-4.894434	6.431842	6.348089	-6.235295	-8.872206	-12.550535	-10.302976	-14.296307	-6.066025	-12.199001	-15.133481	-3.978384	14.746130	5.966172	-13.678003	-1.427273	11.070500	-0.033905	5.712129	9.898218	-4.686102	11.732771	9.676430	-13.363569	3.974384	13.944244	-13.097593	9.857226	15.965656	6.105796	-2.094478	-5.614999	-1.759220	11.290109	0.421075	-0.840422	11.465361	-6.224995	7.879171	5.459300	7.605327	8.786752	1.999576	9.768679	-11.659782	-0.736300	13.476417	6.413896	2.612580	
0.989079	-9.900324	-1.616002	8.360351	6.759344	-11.105472	-23.792487	16.698657	1.400221	-8.179865	-11.306955	1.765457	-20.475982	12.800280	15.805941	-5.116799	-11.664339	-17.863303	22.728213	22.230671	7.174805	-12.592294	-5.175585	-9.659370	-11.081264	-15.029052	18.414177	-14.557000	22.166515	8.812790	4.177365	-13.973118	16.427473	20.734739	12.403891	-13.094751	-24.874796	6.451330	-7.278613	20.978154	4.826453	8.867452	7.405500	-21.355021	18.801370	22.869278	-9.638170	-11.012675	23.226574	-0.874364	
9.586155	0.255878	-8.477747	-8.661594	13.042532	13.091103	15.039030	5.447643	15.519971	-5.214490	1.388821	-15.373724	14.986994	-2.830569	-17.079806	-14.097225	14.431998	9.776824	9.002168	-16.195778	-3.558744	-3.471023	-3.063993	-7.449810	4.152351	-1.667784	-7.885969	6.552133	-1.224047	-5.437262	9.288190	3.907905	-7.424668	5.157167	-6.100844	16.852857	17.593029	15.982770	0.827530	3.004519	15.265917	-15.584190	-7.776458	0.609883	9.638759	-3.235582	-13.651232	2.825658	-7.341804	-13.877484	
11.938819	-18.700461	11.629408	-24.302624	22.357573	8.202131	-18.974357	-1.353293	-8.179587	19.179522	-7.865314	26.946243	-3.536322	-12.831888	-6.459690	-18.235974	20.777955	10.253817	26.026375	9.187647	-11.102835	13.685839	9.707701	-14.419658	-26.544313	5.989515	-19.039083	9.932529	18.503418	-0.498745	-17.294523	24.671784	-17.616377	-23.735575	-24.488498	14.027557	7.891227	0.708885	20.182708	-6.840499	22.967985	-7.692524	11.746903	-18.589848	9.046397	8.477708	-6.348275	13.319570	9.099112	-20.408215	
31.551913	-25.112488	-16.503846	-21.495468	16.236298	-10.198569	-15.800345	22.252524	23.803355	-22.341071	16.449546	2.164269	2.108276	-15.257052	3.723410	-11.369166	7.570341	-8.990021	13.814488	3.934033	-27.406418	-13.222884	12.240965	-25.498029	-14.078878	27.614811	-6.100554	-6.252193	-8.076780	-7.483079	-21.487665	12.766786	-24.918302	-2.370685	18.011275	-29.862751	16.800824	24.029074	-21.631751	-22.912581	10.493577	19.785416	12.577499	-26.227826	-18.187494	14.641618	29.212103	6.160109	3.272796	5.344670	
9.409140	13.497670	-10.326250	15.776081	3.518571	6.363197	5.093526	6.601559	13.499362	5.828933	-13.287887	-22.102434	0.039716	-3.235880	-2.710099	5.630365	-11.275580	-4.320312	8.729741	-12.018860	13.234747	17.306760	-20.637114	16.205624	-17.668924	6.858676	-15.915707	6.998830	-11.584511	1.173422	-11.968967	-18.532048	-3.748365	10.576515	-5.888346	17.494399	22.419488	0.978074	-11.662161	9.539113	-5.917989	-9.088860	-19.651750	12.291383	-5.095780	20.643730	-8.426954	-19.426677	-21.906740	-4.875898	
19.951783	-14.234854	-21.724905	25.634109	9.072062	8.504248	-7.879782	-24.099263	-1.548733	-25.262103	-20.647272	-8.687750	1.502417	-14.847666	21.726368	7.777812	-11.215225	12.500483	-23.950284	12.614459	15.897635	5.188362	-21.647588	20.217994	-11.336126	-13.138047	-12.742906	-7.834798	5.005589	-5.613078	-26.396673	23.661350	5.737443	16.761236	-24.513336	25.283507	-13.165094	-2.350424	15.846599	-23.300287	16.890075	-20.081698	-20.786025	11.563740	-2.414736	26.954923	16.186143	-5.327291	-13.854665	-26.495946	
-14.326839	12.431682	16.553883	18.372303	20.196661	-25.212092	12.452931	-7.515750	12.066807	-22.606967	10.590704	-19.064028	0.902891	-20.048273	-25.615268	-2.079221	3.837309	-24.006124	-18.755443	-20.264872	9.196251	17.509204	-15.993181	22.432564	15.772485	22.517045	17.404289	24.367799	17.476747	20.801643	-23.187320	-4.131917	2.981219	3.870908	-11.148033	-11.540850	7.738558	8.469388	20.164197	-4.844840	17.753465	-9.484387	5.146802	-2.459046	9.512917	-11.809174	-14.414796	7.530348	-25.745749	19.675281	
9.971401	25.009470	24.529762	13.260374	-12.717443	-11.025217	26.354174	-22.416403	-12.564228	0.303686	6.356915	-18.445225	26.416874	-5.366820	5.799111	3.792291	-6.958024	8.393310	13.392253	5.556030	-10.761066	11.537049	-19.037796	8.279432	-15.793905	-26.133719	-12.628515	13.524216	-22.665980	-25.299845	21.199252	12.814442	-0.977552	-13.858112	8.947451	21.406733	-18.938805	-19.512112	21.222516	1.182394	-13.427625	-4.966588	4.875265	-26.787207	25.458882	-16.236010	16.062261	9.292323	-11.122172	7.671160	
3.836697	0.942236	-22.903623	-17.067432	-13.908288	-4.754755	10.541527	-12.441685	-18.469480	13.724825	2.098495	-23.106105	2.585009	15.032683	-18.965894	-24.824496	14.026710	22.388650	-25.840146	10.085590	-14.784507	-21.399283	16.265053	16.462369	-15.708714	-25.036478	15.140305	23.816125	-21.397341	-1.111825	-17.782131	8.606668	1.500930	-0.014154	17.666907	-24.761785	-3.993364	-24.127196	4.939150	-22.337650	-10.282490	7.330913	-11.353248	2.128811	-5.265259	-8.295229	-0.858529	25.500257	4.334627	-2.737926	
7.630374	-17.024184	-18.762947	15.511700	-21.111484	-19.708150	-14.286649	-16.274216	14.158476	-13.712939	4.696511	-13.578187	-0.882032	-9.092597	-9.545326	14.633026	-0.743111	-9.846804	21.450530	20.720743	17.257018	-0.637094	-13.274414	20.352380	4.270106	-15.575820	6.398836	-15.170831	13.011010	2.513063	14.393255	-20.281921	-17.079927	21.429194	12.415772	-16.163153	-12.817017	13.299596	-17.993465	0.913286	-16.893741	-14.300729	21.286811	7.817945	-0.919635	-3.625764	7.531109	20.921821	2.395899	-9.534843	
-1.416891	-12.093171	-18.829450	-10.113648	11.477183	12.730751	-12.172858	-3.210167	18.108679	-10.921265	9.814352	-5.709623	-13.111703	-4.089425	4.082300	-8.330692	-24.190961	-2.650299	-9.520244	-16.775130	-1.157574	16.204118	-13.315444	2.770314	23.116571	0.428693	15.133745	16.125467	-2.364230	-0.059388	23.550228	24.963099	2.311093	1.308438	-23.411404	-1.630221	4.022570	3.598151	13.744201	-12.772917	-20.914114	0.133638	17.623435	4.885078	-6.423260	-15.994457	-21.909919	-3.759806	16.829249	-10.302731	
-6.494947	-20.268576	-20.396429	-14.826731	16.256279	7.264742	-3.927938	-7.071919	-17.868157	-2.212697	1.845728	-13.663445	-19.541928	8.418997	16.079317	9.655636	-1.499678	19.328458	-2.598906	4.563538	11.857661	21.109223	16.044521	4.306617	10.430025	-22.913834	18.269898	21.376393	21.698095	11.480162	5.507135	14.890276	-24.055910	-2.765666	-0.820048	-20.290200	8.012667	9.269506	16.432059	22.616688	22.137989	15.822133	18.384793	-1.313062	-16.287134	-24.031378	22.654844	-18.393645	2.678363	-6.312376	
-1.764893	4.525360	6.512715	-12.102892	17.208658	-12.307242	5.915970	-19.336494	-17.986506	4.310763	-7.424712	12.304309	-23.064759	16.898203	14.376896	7.271268	18.947458	-19.784622	23.418412	-17.562201	19.762737	-7.054498	-12.877077	-14.600497	9.931234	-0.586330	-21.766127	22.433634	-24.611088	-17.273528	0.552110	-22.350814	16.283155	15.255267	25.768357	24.532853	-17.361175	15.552681	-15.201829	5.302897	-8.974723	15.537023	-18.142033	10.862638	21.017759	-4.624425	-8.465614	-16.224097	16.385977	21.045094	
5.868033	23.599373	22.352015	-21.712590	-23.647719	24.946880	22.801961	15.863124	14.590545	-22.556589	-13.862287	17.817998	-12.028216	10.172678	14.645135	-17.504698	12.987691	0.659421	20.422725	-9.071623	23.157352	-4.936596	-24.049662	2.698835	-19.965286	18.698389	14.948293	-24.250650	5.804958	-2.677856	26.524991	-2.070744	-25.004627	-10.554112	25.080548	-2.935925	-22.513364	7.688533	14.532511	-2.260359	5.348757	-6.747191	2.587118	1.305159	21.796481	-20.029477	3.165154	-25.864230	14.716413	-21.245237	
-25.793434	20.174921	11.571606	-14.812389	-17.963725	4.797398	5.410245	17.948040	2.467908	-10.659189	-17.897421	17.417750	-22.611851	-21.215151	-25.559267	-24.161826	-3.431038	-25.597643	-12.617482	1.165748	23.615990	-21.631207	-20.557675	2.183089	-24.792129	-26.190932	1.056752	-20.580569	-8.564299	-10.209135	-3.435195	-23.270436	-10.321458	25.850099	-0.135864	-9.290031	1.697052	7.994108	-23.878528	0.992259	-1.658340	-5.276506	24.420195	-21.706553	-3.186539	15.769863	26.930778	-6.179458	-2.393204	8.461967	
0.284746	-9.887372	-20.236533	-4.677518	12.907025	-14.674024	1.173261	2.619148	-0.299886	16.009099	-11.875197	-5.855038	-16.397650	1.576284	1.867225	-13.692232	9.859795	15.574132	-2.964920	-3.808545	-15.647724	11.860905	-17.661783	20.126937	-2.255607	-7.128021	13.946333	11.031716	-2.922726	-9.115644	-13.732338	-4.793999	-11.880827	18.885641	-8.017084	0.373326	2.478431	9.960737	12.802865	-19.668563	-10.411331	-16.929037	-9.759626	5.994033	-15.161224	-1.179582	-4.608231	8.811136	15.312405	1.480430	
3.062530	-5.892052	-13.065285	-2.333680	9.018387	-3.759575	-16.244043	-10.905564	-9.058115	20.215803	17.995648	5.605849	-0.274549	-13.962917	6.736436	5.622945	-14.107174	12.394409	9.946667	0.048594	-3.250732	7.541658	12.346877	-19.347661	12.564431	-4.521785	4.821376	11.064290	-13.258325	10.559327	8.647326	20.450853	2.408842	17.097775	-3.000093	-12.682443	-6.028949	-12.848790	15.208312	10.025643	-14.645165	-19.329998	-12.843408	-8.445786	-4.171939	16.614252	-2.267639	16.381466	8.685382	17.949054	
10.526290	-25.921043	-13.900142	1.254153	-24.504217	11.029696	19.192241	21.943845	8.816473	24.089586	26.495049	22.416943	11.018909	8.519114	-27.633233	1.185765	23.959845	-9.752036	-14.999540	5.972160	24.239802	-8.953185	7.766474	0.363560	-23.853731	-3.730284	-7.860248	-6.312236	26.841201	-7.382440	23.953084	27.237730	10.064409	2.116510	-11.127200	-2.369622	-7.682699	8.526640	-15.389287	12.390547	20.420066	28.127477	6.591080	-16.741382	-17.486962	16.620751	20.461028	-14.281322	-14.813677	20.486273	
7.389572	20.454387	-16.914896	-7.996902	-1.295932	-9.925430	-24.472803	-15.514298	17.050826	9.612970	-24.289414	-24.299215	-17.508948	1.821206	-23.118450	11.341541	16.280726	2.197880	9.553460	-0.980148	2.326775	-19.725284	-2.202336	15.705304	21.218828	-13.832772	4.000096	23.567740	-21.678373	-22.166759	-15.389796	7.113434	-22.467958	5.062926	-8.480269	11.876189	23.513847	11.777541	14.080006	5.877249	-0.165021	-0.797833	7.852740	16.241315	22.369866	-13.660746	3.792665	13.871654	10.383787	-11.565280	
-17.814164	17.755251	7.129345	3.248297	16.238255	-1.532371	-22.442328	17.257160	13.438785	-16.421693	-18.606068	20.369909	-9.481575	3.260913	-2.589278	14.236456	21.327915	-22.754218	4.662106	11.502771	7.992162	-22.000447	10.825526	20.231053	0.575462	21.398291	11.811173	0.569580	6.944417	5.732262	20.887825	13.982287	1.465272	-14.249041	2.407774	-21.737328	8.059747	-3.005722	0.726328	11.432376	-6.219586	17.676477	19.052889	2.002886	-17.780454	-13.165675	-9.445289	17.848317	17.862527	5.525259	
-20.663472	12.675536	7.888137	7.681305	-19.777926	-5.574011	-7.104553	20.305252	-12.677251	-5.431855	17.250282	-17.030490	0.189791	-20.114523	-2.426253	-9.003547	-20.914439	10.949824	10.562981	21.710043	-15.526095	7.713598	3.507952	3.937954	0.589397	21.844094	-14.922089	15.711955	2.386283	-2.936347	-0.639476	12.714346	1.837981	12.618974	15.357652	-9.135956	-2.528281	-0.676733	17.630265	-5.746151	-5.183903	20.304422	-13.523837	4.292894	11.208687	-12.819513	10.111953	-12.476024	1.991143	-10.624351	
6.136614	8.664836	6.011525	-6.000929	-25.414573	16.168153	-21.644373	7.701175	-26.895997	-22.142479	6.162838	-0.958051	9.680541	22.101104	8.071858	22.488756	-18.472517	-17.215875	23.323156	-11.967800	-20.373542	-20.536111	-16.518656	21.312860	18.060209	19.265776	-15.105293	13.109907	19.081902	6.151141	-0.635735	-1.239837	-6.494967	13.871704	26.581125	13.835771	-3.235044	8.101046	-12.580248	-10.808765	15.691823	0.188421	-2.940615	18.310928	-26.756339	-0.203399	22.356514	-8.126197	7.880934	-5.736596	
3.739791	2.145282	-26.904029	21.546160	12.765731	4.786082	-14.404339	18.036661	-19.544223	2.151686	5.309532	-17.424989	-26.478928	13.942562	-15.088261	-30.407633	-27.544107	-2.552861	21.440459	11.323278	6.670715	-21.660329	2.323167	16.436839	-1.921609	-4.859663	-26.856601	-23.696105	18.786140	-4.251589	28.086294	14.556926	7.829814	7.803952	-9.290379	-7.957836	-8.999415	28.063433	-2.195953	0.376303	8.339354	8.532363	-11.042667	25.080073	13.764445	29.547934	17.642238	12.394625	-1.118698	-5.740157	
-7.911028	-13.158641	0.854281	7.063355	-9.297901	2.406625	18.316855	-17.125935	17.238254	-7.551120	3.301232	-4.701706	18.556893	15.240584	-6.153900	-6.835023	-16.250967	-2.895981	16.078660	0.110852	-9.578421	1.492945	5.081533	-20.967838	15.520667	12.956401	16.660456	19.365304	1.164093	-9.461963	-11.716456	-8.297521	17.414691	-19.937662	18.407359	-5.159188	-14.676077	1.431280	-9.742013	9.405949	10.546672	0.790131	-14.052804	10.882588	6.065877	7.279791	-11.180190	-4.650909	-10.692323	7.515969	
13.702242	21.464405	17.413528	-27.366014	19.947177	-7.690897	-26.429536	21.172279	18.103849	-21.522341	2.034277	27.501802	-22.540707	16.056116	13.101277	-28.234549	12.198803	24.112981	-4.847482	-7.381184	15.995838	3.982440	-16.815198	6.192317	27.668935	20.616402	13.291283	-22.344872	-14.241730	-16.058100	-27.617614	21.562611	-15.172430	-23.743579	-14.302125	-1.027657	-9.206571	15.268270	1.775958	-20.169859	-17.264601	13.858716	20.951066	-3.468936	16.589419	-8.710083	-7.121955	12.267916	8.498768	29.022573	
-22.725380	-28.270534	-26.917404	-26.376882	-6.899617	19.287733	-27.543895	26.472605	-18.839152	11.495596	23.077068	3.847082	4.359402	-28.828934	-12.931073	27.322936	7.003605	21.074841	5.734885	9.860312	14.315087	17.956475	-12.294397	1.773743	-9.330652	11.361795	16.852463	-14.927386	-22.366127	-0.351604	-26.512217	-0.362411	-24.404945	-21.448216	6.397031	7.092288	4.227976	-0.441456	-27.329169	15.498067	-6.092386	-17.576687	28.798087	5.146653	-1.647252	-26.799493	-4.898771	8.965110	23.460420	18.283408	
-9.214953	24.193555	22.656241	15.818857	-10.007947	15.500853	-9.254206	-12.739733	-15.069939	6.712994	0.442218	-23.570427	-23.530407	-22.280325	10.174109	19.112923	-1.932408	-25.404700	1.158693	-21.846285	-8.954962	-15.856290	3.266599	-25.743566	-24.033640	8.432982	14.874149	-20.716600	-26.465118	9.851253	-26.229368	-22.012917	-26.564153	6.137768	24.704208	0.599287	-25.141357	15.864699	-16.442893	3.132371	11.089077	-11.686444	10.774355	24.126693	8.457072	-2.409820	17.384229	24.712918	0.548412	16.971917	
-8.421703	19.332691	25.946616	25.094175	-2.285022	-21.656219	-21.433086	20.561842	-7.426563	9.436696	-1.491691	-19.337636	17.899112	12.574345	15.758967	-22.044107	-21.878793	25.900262	21.693392	-23.681288	-17.631342	25.160556	15.272092	0.556363	13.183549	-22.266331	-11.696602	27.333180	23.866716	-11.510655	-10.340014	-10.745603	-0.589650	23.307489	0.547499	2.892630	-26.734138	-21.545482	23.799490	-6.956549	20.840943	-3.860893	-9.019134	7.316460	25.968232	-19.492568	13.145781	6.878865	23.707768	-14.215256	
-11.751847	-17.466071	-11.652774	-14.271408	-1.864937	-1.775969	-9.740523	-21.430766	23.551948	-1.614183	13.069709	-3.186066	-10.549906	23.043269	-15.804223	19.508627	16.306382	-1.310052	-13.459752	-12.386876	-14.553435	11.830505	0.559708	-2.060994	21.110532	5.342671	21.696181	-23.685344	20.667431	-7.884359	-1.321158	12.811112	-4.642980	-22.129385	4.516627	-9.440651	17.303861	16.923735	17.817089	-2.956131	-6.869348	-11.777612	-17.906133	16.192619	-6.621328	-0.964548	18.747730	22.999761	-16.796949	16.635436	
0.818762	14.306123	-21.710197	20.123681	-7.323859	1.644804	21.233304	3.142196	-10.634966	-8.486514	21.360744	19.883665	14.169597	12.761618	-8.602871	-0.220734	-4.806902	3.231819	18.970333	-13.774882	5.526416	-3.754519	15.990552	-0.494795	-18.756261	-0.393165	-11.682280	3.298006	-12.835633	8.684582	16.321726	3.800912	-9.423661	21.000940	-3.044914	-14.159286	21.814143	-17.398533	-0.402012	-21.133827	0.057689	-10.195207	8.322577	-17.311906	-5.457328	5.788674	-2.224963	19.323236	11.525266	12.041547	
-27.529998	22.975616	-24.043631	-23.544627	-17.731722	5.747873	26.630921	0.322658	-5.784468	-25.864279	27.835386	-2.891127	-24.554530	15.697307	-15.495982	-13.727700	8.393961	-8.496130	-25.807821	-11.513421	-23.581740	-17.682708	10.216466	13.966653	0.452741	0.627829	10.783961	23.284233	-15.755196	6.450991	24.280851	-17.726878	21.450384	18.240604	1.966656	-14.935562	13.310531	8.029573	22.377725	-10.400858	-5.693926	24.821477	-18.038604	-2.225869	-22.207605	14.576027	-16.375259	18.227421	-4.583728	11.490946	
14.796041	-10.250134	21.456047	-2.884646	23.640841	14.009844	-4.042738	21.406311	16.858225	-22.898928	2.814343	-9.782549	-1.980364	-3.756856	21.208561	7.872601	4.159987	-21.045921	-6.550403	-2.351765	-13.866898	-12.427333	1.427973	-21.295182	-16.320796	6.763074	13.658955	9.683157	-13.602274	2.118831	8.720452	21.234101	23.433856	-12.956384	-7.460627	-16.743797	9.941018	-19.503871	-9.663718	-5.745750	7.301275	-6.862290	-17.670082	24.203557	-16.686830	19.894196	22.189146	9.645593	-9.376478	0.438153	
-12.016293	-13.921241	-1.066410	3.282005	-19.849961	-10.221857	19.177041	5.625570	1.713355	-9.268369	9.796610	-12.946903	-21.542043	0.545209	-15.950310	-9.139472	-9.574306	-16.467229	-17.843902	6.115550	-16.088398	11.909127	-7.194432	0.120339	20.769683	18.091898	-14.933270	20.955595	16.478333	8.602370	-19.462730	11.936489	-0.887791	2.576774	22.978994	-17.581124	15.784914	-0.645389	-17.138541	-6.590342	-11.114729	20.047494	21.437312	0.847851	4.132082	-18.592223	10.451880	-1.563912	17.771288	3.426988	
-13.938116	-21.250283	23.386709	-9.413039	-10.717038	24.943238	-26.958410	14.185171	0.833910	-10.833894	-6.089759	1.615127	-23.859969	3.149606	27.250949	-12.499430	-27.639019	12.917673	9.000036	2.413814	-12.627994	-16.771890	-22.320390	-16.937675	-18.151123	-26.565876	-27.779535	-8.705213	-17.441443	10.671073	-21.960389	-5.134620	-4.697261	-25.703793	-7.105467	1.622468	17.435207	15.364379	2.125998	25.041218	-19.200862	-21.483745	12.581135	18.028860	-0.073102	-16.840933	-22.786717	-18.324444	-28.695916	-18.372231	
6.740021	16.734280	10.772833	-12.312869	2.553763	6.144171	-19.197753	-3.093581	-7.961617	-7.740165	15.031731	-14.771399	1.312651	23.670692	-1.352623	23.732589	0.843203	-14.118173	-15.986834	20.310235	10.859215	-21.375629	10.943680	-6.046667	13.812793	-18.326309	-19.313852	3.644415	23.490754	-19.120389	-16.521227	-18.460517	-1.132375	-18.881498	3.099637	-18.585458	5.784809	-24.405907	-18.803039	24.731185	-14.494703	3.440538	8.998631	23.348001	23.120617	16.540673	20.978480	7.649772	15.843820	-5.418426	
-8.707548	-10.716755	-16.724634	-10.379371	11.762162	-12.401936	12.960763	17.396809	9.947264	18.574321	0.596219	-18.093544	7.039104	-14.780388	16.926873	-14.538076	14.498925	-4.362275	-18.917766	4.871535	-9.341637	12.049048	6.675817	-8.064029	15.381364	-18.151806	19.249568	-15.618732	9.115071	-19.292230	18.395845	15.773021	11.667315	17.532679	19.798333	-5.242885	-12.401077	0.347447	-15.776154	4.008681	16.923086	16.933014	9.643748	-10.235524	16.095759	-16.984659	-7.535893	-7.175770	2.791335	-6.078962	
15.121874	-22.387811	-15.172813	4.085703	-1.566907	-3.836776	-0.346352	-13.343711	22.035177	-7.234067	-8.087566	16.834022	-19.510297	11.038899	-3.123624	-10.314524	-21.948623	23.230893	20.820838	-23.868520	-17.091250	15.918189	6.671693	7.861240	15.225345	-13.411890	-16.809147	-5.118197	3.506246	-1.302885	3.365705	-10.014446	0.033926	-1.856304	21.099842	-10.524518	-0.373764	-19.482961	18.647412	-16.691822	-22.882588	0.522253	-8.111609	-14.230819	20.206781	11.331111	6.064330	-13.582531	-18.213355	15.717338	
-26.806683	-3.790206	-21.844050	3.108899	21.601644	13.828030	4.169273	-3.140645	-7.046650	-23.325352	19.037741	-7.943502	-13.137062	-21.331863	9.179427	9.852002	26.768415	12.830023	-12.637064	26.882559	3.508834	-2.684524	-15.800469	-6.753793	-20.600109	18.095169	-0.791419	-1.778255	-24.583226	14.194649	-8.131153	-22.089809	-14.988655	17.029307	-20.462568	5.805222	-0.820363	7.466061	26.387156	3.281016	11.910576	23.980650	18.846583	1.692215	18.250285	3.964540	-26.518074	-5.251684	2.251995	18.094130	
18.221214	9.957604	17.508067	19.680086	1.063650	3.615651	6.931761	16.903372	-17.409067	-19.564404	3.607479	15.224647	-11.070916	9.332328	-13.806214	-17.516539	-1.596242	8.445062	-6.828479	13.878428	3.504672	-7.819895	-6.404567	15.442654	11.018820	-7.331525	-14.761701	-0.320937	8.092243	-1.863067	2.254003	1.821698	-17.379138	-19.412534	16.714402	14.654946	13.918904	-4.232423	6.444886	5.999539	-8.852783	-17.396572	16.875471	-19.029881	-19.943735	-1.099441	7.966559	17.636635	-6.366608	19.103407	
12.608209	9.482690	16.103934	-6.515417	4.597634	17.827591	7.579446	12.152563	1.507078	-14.924029	-0.928716	-7.834137	-11.160810	11.681741	10.021650	-6.176922	-9.828290	-0.699622	16.429638	0.194408	3.876344	15.591932	-14.046168	7.607129	15.119870	-7.415432	0.403596	-10.873015	1.322364	-16.124984	-2.121578	-0.982879	-17.371063	-17.385736	11.222952	15.393136	2.893467	-15.648010	15.174332	0.027334	-8.730017	-6.889159	-3.307086	11.322500	15.771569	16.561522	-5.291636	-15.240998	-9.220281	-8.457984	
-10.631459	-3.374320	-24.505081	-5.027662	15.103619	-18.741434	10.896958	6.865161	1.956708	15.632154	10.245531	-18.823797	-7.215200	14.489552	19.372829	-19.945032	-13.915815	-17.360716	-0.137585	5.268453	17.244555	-17.354682	10.151822	3.494124	8.081036	-4.398750	17.748119	-11.626247	-18.583051	8.482773	-16.446369	-7.268334	-20.335744	22.837497	-7.582770	6.011191	-21.337419	9.723773	0.213330	6.626182	0.305608	-20.573588	10.336144	-12.818301	23.886566	13.693485	-15.404756	19.743296	-25.440932	1.420850	
18.544872	11.041450	-7.213313	13.366301	15.481303	4.704891	15.112932	-16.044201	-20.366186	17.677418	-4.744376	-19.246207	-5.473435	-23.740637	-16.401651	-4.159235	-12.773593	22.106413	-16.000576	-14.225465	3.605278	7.994840	9.400946	-0.559105	-9.717566	-9.101143	18.919739	-1.592827	-14.532987	1.579565	8.615753	-21.211037	-24.739796	-2.974425	21.371348	14.078682	24.487232	-22.265596	16.738921	24.324112	20.762169	10.030815	1.459219	20.292716	21.321441	23.731211	11.155843	-10.829587	-22.251338	-15.194349	
11.656696	22.725433	8.996205	-6.298078	-17.107878	-6.847625	-4.946365	3.067024	12.319469	12.796700	-17.224802	-11.968742	-22.353464	12.856617	1.684975	14.777318	-20.000273	-20.523613	12.719448	20.944901	-20.110689	-6.153525	22.118282	20.558609	14.533134	-14.612823	-22.670898	15.895319	18.377542	-3.108421	5.274782	-16.846529	-12.776688	-13.646509	22.880988	-10.483919	-5.327666	8.143320	17.864880	9.595135	-5.962748	10.304886	4.999874	10.826852	-21.397704	-6.117967	-0.902481	-20.379177	-16.912890	1.777993	
-28.073363	-21.016093	19.517464	-18.789163	-22.206527	1.514829	-19.584377	19.301506	-29.507024	-3.955528	-11.602922	16.721497	9.279132	-16.979264	-29.855300	-0.659257	27.627540	-4.299519	16.515719	-18.639649	30.551250	21.037753	-14.756508	6.798476	-5.608511	4.402214	24.628772	-19.863975	23.533590	3.236262	-19.009101	-1.919893	15.215868	-20.430860	-17.526415	-19.160105	-20.436729	31.557862	7.701143	31.265830	-21.068308	-9.688466	31.533500	-10.196149	31.346865	3.068004	-0.023046	8.880932	12.649697	-15.863362	
17.362846	25.266739	25.454414	2.690672	-28.449279	-25.762579	18.612621	14.013627	-1.605832	5.648299	-24.789314	-2.236251	-12.540320	29.427767	-15.292153	-8.263746	-21.772509	3.474087	-8.782350	-18.657029	-2.276284	-20.842250	3.699984	25.049552	11.528952	-20.241263	-7.246487	3.534955	-16.500607	15.658981	-27.918454	-3.445832	16.654469	-1.605445	15.045557	13.161967	-18.599946	5.551043	-12.905938	-22.208305	-8.295140	16.897733	-17.074247	-6.122072	28.491471	12.818570	29.915166	11.175456	26.319971	3.495209	
-9.997502	2.766674	-12.308393	16.128865	14.521029	-1.060628	-16.159482	-8.965351	-8.041121	13.869222	10.290123	-17.371857	5.230325	-7.732536	-12.748190	-2.491435	-19.593354	-1.594151	-1.037140	-16.753624	17.720406	8.704378	14.294314	11.715699	13.733591	-11.169613	-6.956920	-9.637930	-4.691386	-1.284069	-13.201783	-12.151538	6.127330	15.646872	-8.553925	6.258082	-2.089081	-8.299128	-17.540531	3.673058	-4.133679	2.789338	3.918626	-14.903056	0.054116	16.121739	10.646433	11.209688	-8.047411	4.336135	
24.483084	6.893860	-9.355373	11.021719	24.411515	11.532048	-13.119636	2.707008	-12.733136	7.229188	19.718170	24.919358	-19.169643	20.627593	11.044306	-18.116939	-6.956162	4.041613	-16.801676	-2.785080	-14.788371	20.904297	9.197869	19.530071	-5.017286	-16.440991	-10.844082	-17.145035	-20.103714	13.835699	2.638783	18.113263	-18.684451	5.028996	-14.153226	-19.588179	6.000923	-6.913833	24.536505	6.532884	11.826850	6.293269	-8.443689	5.090463	-11.784740	-22.312673	-12.109816	11.053301	-6.976912	-23.479095	
24.723925	-22.670455	-20.056011	-21.349502	-18.359767	-21.565179	15.836613	-22.529387	10.522974	-20.010275	7.365389	7.770884	17.847503	10.875532	5.701808	-24.522668	6.509538	-7.751420	-15.664242	-25.748444	25.748039	13.330715	7.389855	-16.803114	21.273012	-1.590989	-17.860129	25.765473	-14.019588	-7.118823	2.767678	-13.655112	-22.446520	19.620032	20.014375	24.419523	18.806733	12.397529	25.072421	-4.643093	-0.237055	-18.099710	-3.017177	-17.458626	-20.280389	-11.212016	-22.978998	-0.520046	-23.566202	10.097783	
24.942615	10.985928	8.641681	-7.653781	-9.680313	8.501884	-5.030015	-13.105800	3.867907	-2.316007	-14.191730	-22.178088	-23.666670	10.403363	13.757680	9.638637	-3.748500	-21.081623	-0.441921	-11.070458	13.584884	1.350521	17.377517	-6.622350	24.782210	20.623944	5.810115	18.275958	-23.848434	18.134331	-12.804518	9.709643	7.793535	14.094451	24.259203	15.332922	5.419651	-0.027727	-5.191828	8.889723	22.820595	0.344718	3.922263	-19.687812	18.008966	-25.536708	5.699493	-13.212039	10.981675	-0.616635	
-16.611333	-6.104947	-5.362635	3.181119	14.465314	17.758470	-2.625282	12.159966	-8.213867	8.780719	-5.840537	20.710240	10.853244	-7.474971	-10.230475	-1.893724	-13.564003	10.207323	-6.164172	1.281530	-19.471210	-9.969141	-5.369012	-19.564889	-10.000371	18.503222	18.051194	-8.437253	-0.473279	-11.191112	-14.221302	-13.348812	-20.024959	-20.114655	17.502973	2.039354	15.370567	-10.710172	-13.443870	-20.130343	19.172805	-4.379781	-20.987510	8.673759	-20.551856	4.932201	9.056831	-0.204868	15.237317	-6.009007	
-16.706004	10.433370	13.841027	20.396859	-2.972948	6.078636	21.393320	5.703671	18.785301	-0.370333	-13.860803	18.408038	-14.580077	-8.085160	-6.454261	-23.170385	-22.058837	13.121965	-1.177286	17.378201	4.708759	0.574228	-3.337715	12.919308	10.706225	15.179271	-9.304520	-4.781897	-22.772572	-2.725246	10.070835	-2.172181	10.530947	13.073433	14.305683	5.420062	19.756445	-0.550851	2.044363	-22.775765	15.060216	13.515806	-1.999569	15.845409	21.993110	3.330148	-11.373864	19.887826	0.182148	1.906243	
-11.347953	-2.387787	-26.888455	27.225592	-4.471259	-27.917224	0.604532	-19.367918	17.353535	-27.717430	12.177363	4.438167	-7.769901	-23.186287	14.146491	-11.864933	-17.771230	-17.887370	-8.033743	15.702317	-19.510560	24.972871	-6.274925	5.571941	-1.244933	-23.946896	20.529970	-8.897446	-10.533007	5.674786	-27.287163	7.327967	-9.259533	-6.399331	20.487266	19.546282	-2.403158	-17.977628	-12.614794	-0.373984	-20.126170	7.536224	-14.005061	10.243586	12.717976	12.793805	27.400978	21.918597	-5.097719	15.161337	
-21.846829	22.103101	-23.295329	11.941720	17.338105	21.427759	16.403132	-4.351258	-21.537397	-23.491834	-24.362720	-4.780718	-1.239009	19.730122	17.253994	-17.331516	-16.501549	-6.232896	12.398340	-7.643477	5.420272	-17.712266	-19.521574	-11.972767	14.653190	-6.113987	-4.324642	-2.478439	13.946975	-2.447614	0.368657	7.793856	-20.440235	11.933576	-2.171025	-7.375295	-19.381484	-4.958234	18.928481	15.404793	-2.868707	-11.040737	-6.371712	13.823016	16.746133	24.763698	-3.514898	-14.871006	18.206810	9.649107	
-5.773984	-17.785612	-16.802323	14.178740	21.736911	-1.787927	7.080056	12.068923	-0.137972	5.278380	-4.667260	5.590583	-12.954304	-16.074917	2.717657	1.159181	-11.136895	5.710911	-21.315421	-16.277375	-2.313062	-15.325457	-18.415401	18.236898	-8.586670	8.681256	-17.343885	10.151446	-14.741523	3.886566	0.418620	20.473679	-20.086950	-18.679575	-19.151408	-20.131954	17.167267	-14.272886	-11.841932	16.249195	-2.066924	-21.255506	3.277370	-2.600575	-13.755645	-2.099767	13.023585	-5.795310	13.797472	6.876997	
9.098451	19.765062	12.353342	13.352620	14.578403	-19.584070	0.135368	-2.652033	-19.839337	-13.524501	4.828830	-22.974770	9.874051	13.333444	17.100364	-23.317316	1.369213	17.067571	23.139739	17.571544	5.948145	18.679460	-4.195256	-19.691132	21.939776	18.915983	6.333540	-8.285759	-12.832934	3.494631	-6.819414	18.898701	-0.466289	-3.771072	4.137528	-18.578729	21.285770	19.378929	18.814811	-22.843360	5.056956	-15.754492	-22.922542	-11.272076	0.377831	-2.882579	24.418564	6.805928	-2.466591	19.725452	
-5.907583	0.938949	-11.025674	3.642122	13.248657	-8.626182	2.421421	-20.112386	13.971877	-25.070897	4.584951	-26.334837	-19.043761	10.479778	12.396484	7.536845	19.719570	9.856897	-18.206249	-10.677961	1.203283	-9.262987	-14.243443	9.412502	-17.700613	-16.868815	7.635325	-22.890604	26.431541	10.827018	17.093156	-25.805355	29.910210	-14.683438	29.577638	-1.933353	5.564593	12.006295	8.770642	16.960602	24.536686	-12.074733	10.612299	14.920830	-29.006460	12.251722	-25.444010	-9.638507	7.747618	-18.193569	
1.857523	7.865136	-14.452756	14.620082	-11.375295	-6.094616	-19.042606	-23.076757	9.109692	9.961514	22.968311	-5.521860	17.311584	3.144705	-1.795830	-10.484498	-0.225330	-10.330108	-19.311584	19.522927	-5.557370	8.435723	13.227224	-4.993415	15.116684	2.204993	23.652124	-20.599110	15.865795	-2.124276	-2.148183	1.652519	-5.827746	-2.912077	-10.461353	7.910718	16.678865	-15.730757	16.548051	-10.672270	20.853102	0.869559	-5.380547	-19.481869	-12.343443	3.105575	-9.316861	19.605718	6.734900	10.149919	
14.807515	-16.077048	13.401313	-7.358012	-8.281622	-11.440561	2.103518	22.994465	25.106755	18.476462	20.393558	-5.257701	14.926004	14.223559	2.898855	21.351097	-9.422064	-3.073356	-16.905931	-13.235819	26.459469	7.143177	-19.556061	-14.565541	-24.808768	17.032117	15.635883	-26.125139	7.005104	-7.198096	-5.287920	16.430369	16.104739	15.167352	-7.459064	4.198912	-23.326767	-22.358711	-22.369660	-1.045342	-23.146270	-23.492321	26.826034	24.602271	19.004717	-18.917166	-11.096352	12.733493	-21.204586	2.130434	
3.434025	-11.092280	17.126672	16.637492	6.632443	3.645824	23.963613	16.361816	10.926366	-7.441930	-22.484241	-1.161927	-4.410061	-23.295996	-22.925114	6.853324	-12.296487	1.951226	-4.769059	-14.820675	1.057766	-15.591567	7.623607	-18.735905	-1.087364	-12.833468	8.864917	19.261125	-0.238155	-3.973741	-16.328136	4.232217	-19.803532	-5.619208	6.207622	21.889331	-17.409917	-10.747274	4.037734	-23.824331	-21.731339	-3.216363	2.213305	-7.253873	4.938934	20.861031	5.436362	-9.572533	-21.418101	-0.297007	
29.157897	-9.783566	29.914791	29.071025	5.368771	-13.881044	28.534460	17.961706	-26.044548	6.167385	20.791496	21.859360	21.875404	22.757711	9.513201	-10.093597	-16.903299	14.861886	-15.778114	-16.192166	11.516281	3.862906	12.850457	-4.919362	-12.439487	7.133117	1.268593	-30.381256	7.947699	-8.794105	3.816123	-2.188882	29.821348	-14.048149	-23.460993	-8.201675	2.763554	-22.475752	11.650956	12.472508	11.996703	22.667347	-20.156603	11.057830	20.459999	15.344084	30.680877	-28.373868	7.017412	14.644032	
-2.765493	-6.269350	-7.772062	-8.885654	8.471291	19.302696	0.641761	-12.582274	20.090722	23.688499	15.786690	7.293694	-14.875434	1.491224	-13.637734	-15.695801	-7.306844	-9.737665	-18.143137	-17.602097	15.803045	4.922361	-5.808159	4.349012	5.774415	10.140436	21.495742	-6.199826	-18.266768	-2.436333	-9.873068	-19.839195	-1.507333	-20.571863	19.838572	3.324420	-8.750497	17.122942	-11.916147	-2.776721	5.681354	-2.014966	16.760391	22.069614	11.202431	-9.271057	1.171801	-19.410802	-3.843336	22.340883	
-2.518980	21.295129	-21.329450	19.942783	17.335507	18.555098	24.340435	-21.055098	-6.249705	24.050550	21.787448	-11.804371	-23.396595	-26.831417	19.122060	-15.221107	-18.611966	-24.210908	-19.362009	18.679637	14.437135	20.004016	13.959743	4.473927	-12.808251	-6.886293	-21.149252	-7.433630	-25.659688	-24.150420	-11.224121	4.486943	-4.068354	-11.266805	26.253185	-21.080574	25.914772	3.110097	21.655569	17.782721	9.644685	-24.316814	-16.692562	-6.018817	-16.559586	-21.185350	-2.263720	-3.474018	17.310227	-10.013735	
-1.652178	-19.445919	-7.871800	-0.340589	-26.187431	0.902769	-19.966827	18.842860	28.282107	7.629290	3.415335	6.495974	13.113828	23.647125	-28.878834	16.642192	13.356101	2.749821	5.030336	-24.520556	-2.961437	3.838645	-1.989156	-18.103825	-27.753133	-23.970493	3.149453	26.921063	-26.401259	-3.486274	9.628569	9.589745	-6.963384	3.875099	-27.432403	-5.647273	-23.522797	5.160578	12.856199	-17.399231	28.988706	27.902185	1.344692	-9.510935	19.016328	-3.558736	17.891686	22.521368	6.508626	6.420932	
17.505616	28.124836	-20.310932	-24.201288	-15.162772	-0.999120	1.511814	-5.569324	1.248304	3.944090	-9.782961	-7.752893	24.311562	6.023732	19.252862	11.184011	5.870458	22.653315	10.744044	-12.234648	4.452066	-5.136968	-14.015662	-15.517514	3.426431	-27.601495	-23.053222	8.303602	-7.615921	17.008589	-19.054868	21.072072	19.075428	25.689024	15.781213	6.990050	-21.556291	-18.788081	-19.986202	-26.988556	-4.923386	-10.937113	-9.861534	-5.873430	-26.496228	-1.830930	-23.115311	25.340535	13.981073	11.003720	
9.037934	13.141889	-28.301397	19.892280	10.977236	21.914569	17.110746	23.414694	-12.744437	10.502494	-7.649787	7.306689	1.627171	-22.124920	-11.031246	-13.361734	24.914860	-24.018533	-27.421638	-28.942883	-17.354988	-31.170839	8.391982	-26.900106	14.816631	-15.105556	5.538485	-20.603814	-15.275100	31.369322	-24.184536	21.983878	-17.915932	13.604577	-21.017537	7.077576	-27.726633	3.488226	-19.525344	-20.543789	-15.202247	32.430179	26.336664	8.055449	-4.756689	13.456042	18.080294	29.155298	21.062571	-20.939395	
-17.372504	-23.688899	-10.074686	5.820510	5.318267	23.548378	22.185416	-17.714245	0.209607	19.888519	23.700693	15.782752	9.719936	-11.247224	7.387604	-22.537527	1.141854	19.152526	8.754384	-0.369467	17.830802	16.806608	-20.055981	-13.068381	-18.183967	-14.552276	15.207347	-3.456389	3.741186	-2.087609	-2.337374	7.339793	20.810562	-22.439402	-7.635995	-23.151268	-18.223339	15.214005	14.964438	9.270728	-17.062325	-12.844182	11.238883	-15.481315	-12.654164	10.790122	2.674422	-21.719673	22.331286	-0.786373	
-10.024169	-11.335484	22.659628	11.654709	-3.868715	20.758693	8.897426	15.364059	-22.244147	-17.271654	-18.014125	-16.078848	-10.906097	-5.341358	-8.465682	-4.758751	7.272371	9.052802	3.810511	-13.401327	-14.994180	21.974708	-13.748552	-21.359076	13.481495	10.452233	-13.801211	2.597590	5.652896	19.498469	20.033180	9.911290	14.566867	-8.211944	-10.082431	11.684701	3.365586	-3.535242	-22.198323	15.839615	-21.863335	1.406325	19.868453	-13.819215	-7.242342	16.766141	16.277189	-9.472932	-7.331819	1.064105	
10.404814	-13.451805	-8.665871	2.283034	11.164733	-8.541179	7.858411	-4.374357	-4.485514	-0.517967	14.258042	11.860320	-8.639503	-4.218006	10.918232	-8.140846	-8.513640	-1.650043	4.452191	-7.749533	1.826443	-13.506144	12.926764	5.191539	12.220339	-14.472341	-11.506644	4.679889	-1.041503	5.719509	10.009432	-9.637834	9.943265	0.555625	1.323130	-8.855848	-6.968867	-6.108468	-10.373471	-5.502745	-7.644279	2.850062	11.684697	7.983560	14.000294	7.276381	13.809859	-5.895073	-1.424436	8.343851	
23.539654	8.998297	3.018569	14.816876	3.464069	-10.281174	14.390882	-18.319748	12.713074	-0.227709	16.231049	-2.460017	7.591914	12.686140	2.023641	-10.084211	-17.046749	8.741115	-12.670437	-12.238315	20.835911	18.940157	-10.219824	-16.251005	21.792773	-16.111233	1.146099	-12.745423	-14.602740	-13.535375	-16.736808	-11.430935	-14.296020	2.526350	14.530657	-23.080550	0.679521	5.810661	18.394232	11.590773	16.598038	9.247535	21.203796	14.755416	-10.643294	-25.085987	-5.432240	17.728725	7.484809	1.775602	
0.038636	0.029367	0.009648	0.045031	0.006370	0.025461	0.012276	0.014345	0.015234	0.006712	0.037774	0.007415	0.022936	0.015235	0.008967	0.006735	0.031606	0.045776	0.013106	0.026058	0.005537	0.001996	0.007265	0.019929	0.017361	0.002770	0.028757	0.022450	0.018949	0.020781	0.025433	0.043024	0.012169	0.000814	0.032144	0.037157	0.029563	0.024278	0.038309	0.016159	0.008724	0.000796	0.045137	0.037326	0.044219	0.000586	0.013030	0.010462	0.000126	0.016061	
0.005307	0.023065	0.039568	0.020791	0.017811	0.004538	0.044708	0.036223	0.018167	0.024316	0.015040	0.018404	0.018672	0.042134	0.006531	0.020872	0.022028	0.018850	0.043695	0.003648	0.022833	0.023083	0.022260	0.022153	0.002233	0.018043	0.012730	0.011695	0.021650	0.009226	0.015936	0.006412	0.014427	0.001355	0.015180	0.039673	0.010871	0.028228	0.019741	0.016267	0.029743	0.023498	0.028849	0.032839	0.001796	0.033345	0.025657	0.037079	0.004011	0.004822	
0.029177	0.008912	0.011982	0.018142	0.019410	0.031735	0.026734	0.035493	0.015593	0.004983	0.028883	0.003255	0.014545	0.033583	0.036687	0.008680	0.027493	0.011934	0.024336	0.016051	0.027660	0.022700	0.000216	0.013498	0.036183	0.016879	0.015717	0.033516	0.015437	0.030481	0.012414	0.001568	0.034905	0.016339	0.039844	0.005386	0.035735	0.009674	0.032933	0.007839	0.022553	0.017162	0.008767	0.018401	0.008254	0.030172	0.030875	0.016087	0.025336	0.005859	
0.013773	0.036088	0.016717	0.007333	0.005986	0.019804	0.023264	0.016818	0.026818	0.016739	0.027246	0.036772	0.033499	0.025048	0.010244	0.024602	0.014653	0.032129	0.011303	0.016654	0.028833	0.005117	0.012260	0.021829	0.010649	0.029239	0.012190	0.013567	0.011059	0.035483	0.023605	0.028042	0.026114	0.019076	0.029546	0.016436	0.004709	0.017799	0.018530	0.035306	0.030823	0.016848	0.016897	0.021529	0.002061	0.029454	0.021804	0.018471	0.021556	0.005680	
0.020073	0.039861	0.039893	0.015356	0.006654	0.016957	0.033627	0.021636	0.012455	0.003294	0.035157	0.023724	0.032663	0.010613	0.017643	0.000451	0.026663	0.028498	0.028453	0.030072	0.040428	0.020845	0.003700	0.016790	0.021764	0.030045	0.000901	0.003332	0.000798	0.006772	0.035255	0.023864	0.025825	0.029238	0.026985	0.004329	0.003190	0.003493	0.035231	0.035114	0.006594	0.033878	0.002887	0.026089	0.016880	0.037014	0.025745	0.015431	0.004935	0.018905	
0.017433	0.018006	0.034399	0.002309	0.007849	0.002362	0.007271	0.032161	0.027462	0.029902	0.016248	0.003055	0.023520	0.002757	0.031586	0.028781	0.022752	0.018037	0.016248	0.029202	0.030277	0.019874	0.003664	0.028428	0.025431	0.026535	0.029692	0.021430	0.024119	0.026875	0.029529	0.008962	0.007026	0.024645	0.002402	0.005976	0.021844	0.031754	0.032913	0.017154	0.019780	0.027241	0.003443	0.018374	0.020504	0.026177	0.028438	0.001563	0.032757	0.031856	
0.010905	0.029675	0.012634	0.016496	0.027424	0.020273	0.006806	0.018745	0.040753	0.024011	0.030002	0.021647	0.001393	0.012669	0.021242	0.027746	0.031677	0.039627	0.026465	0.012475	0.009234	0.000189	0.032928	0.037883	0.005719	0.030758	0.006293	0.009546	0.017721	0.006916	0.039466	0.039765	0.002965	0.009052	0.034745	0.021354	0.029445	0.041376	0.025713	0.010181	0.004958	0.002471	0.012898	0.012442	0.010949	0.020587	0.014523	0.027670	0.030039	0.019548	
0.027578	0.016102	0.023242	0.020487	0.027522	0.030268	0.011034	0.029804	0.023540	0.012902	0.025859	0.030613	0.028313	0.023873	0.020348	0.027952	0.022234	0.032533	0.009258	0.023441	0.016988	0.031446	0.032094	0.011754	0.001000	0.023385	0.026509	0.001577	0.006339	0.002893	0.032535	0.024156	0.029083	0.017815	0.012673	0.016512	0.013587	0.032641	0.019439	0.026398	0.026739	0.015278	0.017289	0.024439	0.016764	0.003010	0.013199	0.003452	0.029078	0.005026	
0.014832	0.029214	0.003775	0.001548	0.000085	0.023659	0.020234	0.032593	0.023695	0.029496	0.039152	0.018972	0.032006	0.037830	0.003176	0.009811	0.020200	0.027111	0.028757	0.030083	0.018062	0.005943	0.028283	0.024082	0.007825	0.016546	0.037323	0.029340	0.015478	0.045678	0.005010	0.018066	0.013320	0.017690	0.021502	0.045682	0.001068	0.046764	0.018307	0.001575	0.020385	0.002792	0.022237	0.040561	0.000804	0.005407	0.006864	0.006504	0.017122	0.033555	
0.000417	0.007482	0.032707	0.040070	0.034444	0.014594	0.014922	0.042667	0.001361	0.019127	0.039017	0.024272	0.005155	0.020846	0.013941	0.000612	0.007500	0.015054	0.032141	0.004094	0.005022	0.027956	0.012780	0.014352	0.017350	0.024173	0.019488	0.016767	0.014072	0.024721	0.024427	0.029090	0.004142	0.016228	0.017385	0.042495	0.006068	0.027027	0.041205	0.028209	0.003328	0.028599	0.012754	0.036617	0.039282	0.006978	0.025439	0.018472	0.019226	0.025926	
0.031103	0.009402	0.000813	0.036647	0.006758	0.033075	0.029868	0.026633	0.040619	0.023231	0.001467	0.033679	0.012583	0.020047	0.012097	0.034434	0.013345	0.014202	0.012229	0.011636	0.015333	0.025850	0.040127	0.003878	0.018576	0.010653	0.009897	0.011149	0.003709	0.003549	0.012792	0.037567	0.037079	0.023031	0.008907	0.026985	0.021886	0.032872	0.020792	0.011533	0.025879	0.006136	0.023172	0.017450	0.041378	0.010254	0.029443	0.022230	0.004014	0.040011	
0.007203	0.028639	0.016652	0.034760	0.020528	0.015981	0.009079	0.003288	0.014119	0.038410	0.014407	0.042593	0.008004	0.014423	0.033084	0.012477	0.008959	0.001746	0.003566	0.043108	0.001654	0.031418	0.021466	0.032611	0.004249	0.024824	0.021410	0.000507	0.039438	0.007338	0.030441	0.000043	0.008181	0.011527	0.002461	0.026349	0.031708	0.040217	0.002831	0.027439	0.029825	0.005077	0.013956	0.028580	0.006563	0.032741	0.042619	0.030090	0.031878	0.041534	
0.016390	0.028986	0.031483	0.026926	0.009539	0.001266	0.021097	0.030526	0.025424	0.034189	0.000276	0.029467	0.022554	0.014851	0.010525	0.030988	0.008596	0.014709	0.013887	0.010285	0.024819	0.034970	0.017262	0.016118	0.022701	0.033010	0.026654	0.027045	0.004302	0.023790	0.006981	0.022785	0.011556	0.032231	0.026064	0.003565	0.031098	0.021020	0.034518	0.024300	0.015492	0.017062	0.006162	0.018889	0.008664	0.011282	0.021733	0.026109	0.036136	0.011715	
0.009231	0.031115	0.025021	0.025635	0.024963	0.015183	0.020504	0.002947	0.005868	0.036630	0.020806	0.028095	0.028858	0.029033	0.024045	0.033090	0.000320	0.017570	0.029860	0.009558	0.030644	0.025352	0.009515	0.016685	0.019871	0.004539	0.032462	0.010945	0.036877	0.033501	0.004782	0.035044	0.033448	0.016135	0.022874	0.024260	0.012403	0.008119	0.033324	0.004227	0.032023	0.000006	0.018101	0.016340	0.025810	0.016868	0.013178	0.004612	0.025177	0.014550	
0.011703	0.019529	0.028620	0.019521	0.001141	0.008091	0.032228	0.025693	0.033663	0.009907	0.014379	0.023386	0.020064	0.017524	0.019560	0.011857	0.011828	0.031184	0.034043	0.013587	0.023268	0.016648	0.030937	0.023208	0.032320	0.013292	0.037064	0.008326	0.004468	0.027146	0.028499	0.015824	0.025314	0.025163	0.012816	0.005358	0.020197	0.002626	0.007810	0.027928	0.023171	0.018522	0.021331	0.014689	0.037765	0.027828	0.007586	0.028226	0.022688	0.022477	
0.002300	0.019900	0.031339	0.011215	0.033624	0.036135	0.029942	0.025311	0.006961	0.037047	0.030274	0.016013	0.043490	0.024615	0.027138	0.023177	0.011124	0.030870	0.028858	0.027688	0.007266	0.040400	0.020596	0.003921	0.009693	0.001683	0.002795	0.023865	0.009013	0.009176	0.015501	0.011399	0.005063	0.015963	0.032232	0.025075	0.037347	0.024581	0.042291	0.001694	0.010557	0.044063	0.010052	0.014128	0.002696	0.022630	0.013428	0.010885	0.022279	0.012709	
0.020653	0.010786	0.009298	0.035204	0.010511	0.004166	0.026834	0.029133	0.023995	0.014021	0.014236	0.037689	0.026499	0.018566	0.008614	0.019497	0.031018	0.030513	0.014156	0.002491	0.010317	0.006124	0.030618	0.012240	0.003767	0.009723	0.035664	0.001252	0.005045	0.035221	0.015370	0.004704	0.034525	0.017425	0.018006	0.035010	0.005230	0.028311	0.020319	0.039374	0.040808	0.014282	0.008060	0.038219	0.040017	0.039566	0.016682	0.005924	0.000510	0.039807	
0.017723	0.031822	0.019610	0.005347	0.034523	0.012798	0.028655	0.017933	0.008770	0.003489	0.025413	0.021125	0.026655	0.022385	0.025884	0.014947	0.024229	0.018929	0.033755	0.016248	0.022568	0.021533	0.004896	0.005292	0.014445	0.035261	0.021420	0.032896	0.034872	0.004337	0.025277	0.007020	0.030074	0.020301	0.022479	0.014728	0.005292	0.032982	0.007946	0.007250	0.035371	0.025188	0.014148	0.006434	0.024124	0.026633	0.007344	0.028758	0.034873	0.016021	
0.001279	0.012351	0.041777	0.008050	0.042220	0.006577	0.039331	0.036224	0.000738	0.020501	0.017365	0.039428	0.022912	0.013155	0.012567	0.034403	0.028007	0.001058	0.020883	0.005621	0.015394	0.030901	0.004263	0.007402	0.040843	0.037229	0.017644	0.026474	0.008984	0.003611	0.038610	0.028376	0.020624	0.003984	0.007363	0.004815	0.023227	0.008436	0.025748	0.026153	0.008867	0.009977	0.016054	0.037475	0.029169	0.036590	0.015411	0.024571	0.033982	0.003376	
0.011259	0.030865	0.027836	0.011034	0.013858	0.009828	0.005027	0.006765	0.027549	0.021079	0.011229	0.035616	0.014793	0.035014	0.028299	0.019360	0.026084	0.025264	0.028644	0.022508	0.007266	0.030433	0.033854	0.016833	0.024373	0.028126	0.003872	0.014032	0.038600	0.014167	0.014145	0.015576	0.035619	0.011179	0.033138	0.004303	0.005063	0.019008	0.035164	0.002617	0.011110	0.038858	0.004258	0.033034	0.004246	0.031843	0.032210	0.032077	0.011801	0.001284	
0.012479	0.018126	0.027300	0.021555	0.021739	0.007014	0.013681	0.029088	0.004167	0.010366	0.037228	0.034612	0.018609	0.028015	0.020880	0.026491	0.004103	0.008657	0.016124	0.005676	0.033965	0.015970	0.004365	0.032646	0.028803	0.038053	0.036402	0.021294	0.014806	0.003813	0.000645	0.008559	0.035958	0.024995	0.028024	0.036520	0.011143	0.033982	0.020288	0.017672	0.028318	0.009292	0.033506	0.016577	0.020831	0.022354	0.011541	0.000118	0.032135	0.011514	
0.032351	0.014851	0.023581	0.021068	0.016406	0.000116	0.028358	0.019778	0.011941	0.023012	0.029306	0.032548	0.026471	0.030831	0.022212	0.022479	0.023509	0.024497	0.033150	0.004324	0.009539	0.019000	0.022367	0.007517	0.023224	0.008399	0.005856	0.025163	0.028892	0.019649	0.032107	0.001273	0.013815	0.032329	0.030123	0.019612	0.019517	0.020974	0.014662	0.019414	0.001003	0.030547	0.001185	0.017720	0.016197	0.020222	0.003955	0.032767	0.033371	0.028814	
0.002789	0.021620	0.003103	0.009924	0.030742	0.005276	0.014470	0.035695	0.026693	0.026208	0.029333	0.037830	0.003467	0.011464	0.036499	0.023105	0.001407	0.001300	0.014212	0.006440	0.023718	0.005482	0.029205	0.023825	0.036733	0.000885	0.040140	0.035163	0.023524	0.023780	0.034968	0.034772	0.035667	0.008642	0.016271	0.012624	0.020082	0.038825	0.022320	0.011726	0.007266	0.020066	0.037632	0.021154	0.037058	0.012503	0.023848	0.009687	0.001587	0.009273	
0.013413	0.010437	0.016608	0.029649	0.019582	0.016920	0.037611	0.035143	0.030837	0.026962	0.005497	0.017634	0.003649	0.021860	0.014539	0.034958	0.030286	0.024954	0.003376	0.029187	0.017219	0.029946	0.031329	0.029781	0.011764	0.017143	0.008837	0.017526	0.027418	0.008706	0.038762	0.037226	0.008036	0.016480	0.010575	0.011544	0.011356	0.019288	0.022610	0.027817	0.028586	0.006981	0.005474	0.025650	0.034196	0.011454	0.000978	0.018161	0.021195	0.020862	
0.024575	0.021065	0.018080	0.015332	0.028152	0.008297	0.030445	0.018718	0.025650	0.031420	0.030136	0.030607	0.007848	0.016298	0.012495	0.009953	0.024121	0.003124	0.023497	0.011672	0.020701	0.028035	0.025142	0.014398	0.008351	0.004252	0.031955	0.000455	0.007824	0.021851	0.031138	0.026440	0.010145	0.026577	0.015746	0.030898	0.015723	0.003792	0.023406	0.024997	0.031813	0.032298	0.024718	0.015044	0.011579	0.016411	0.028714	0.032087	0.023248	0.020776	
0.005786	0.010913	0.015551	0.017793	0.040885	0.016741	0.001579	0.007203	0.015842	0.038290	0.006837	0.019729	0.034223	0.021122	0.005488	0.005269	0.021082	0.009480	0.007425	0.045786	0.041728	0.018966	0.040377	0.020776	0.021676	0.016552	0.011946	0.013687	0.006931	0.031705	0.002830	0.014336	0.020575	0.046377	0.043027	0.009714	0.041882	0.017049	0.004822	0.026539	0.006647	0.017590	0.007807	0.021895	0.022644	0.036354	0.045518	0.012534	0.023020	0.007475	
0.003481	0.026096	0.032730	0.027655	0.007374	0.025368	0.018921	0.002485	0.017808	0.017646	0.027714	0.002843	0.016586	0.033884	0.037515	0.025110	0.016825	0.010777	0.033640	0.017213	0.012830	0.010097	0.027825	0.025494	0.004400	0.021843	0.018829	0.011256	0.003288	0.020970	0.011962	0.033658	0.022189	0.021789	0.028651	0.004465	0.033499	0.020510	0.037325	0.020336	0.035650	0.010391	0.028942	0.002725	0.003692	0.017197	0.031914	0.024834	0.023219	0.028548	
0.020778	0.003185	0.026426	0.035148	0.027936	0.023632	0.014142	0.016513	0.022599	0.016020	0.019884	0.034003	0.015472	0.014501	0.038061	0.018574	0.010140	0.024917	0.006868	0.033463	0.015957	0.011720	0.003110	0.025271	0.032319	0.022240	0.014977	0.010976	0.010043	0.005423	0.009387	0.035225	0.016103	0.038377	0.034980	0.026880	0.019119	0.030558	0.024624	0.020811	0.012744	0.037881	0.002641	0.019000	0.030935	0.006504	0.000453	0.005783	0.034784	0.018910	
0.018827	0.023325	0.026590	0.006386	0.014379	0.019787	0.030115	0.014537	0.019438	0.009151	0.000068	0.036080	0.015535	0.016759	0.001237	0.003333	0.008618	0.012794	0.041089	0.005217	0.044444	0.033668	0.006181	0.020307	0.006732	0.034739	0.011754	0.010537	0.041175	0.012618	0.003540	0.006150	0.024176	0.009281	0.029675	0.003150	0.016828	0.038111	0.023089	0.043299	0.043861	0.004851	0.025654	0.028813	0.025759	0.038601	0.023919	0.039823	0.008027	0.017968	
0.022905	0.038986	0.034625	0.021277	0.031300	0.022545	0.035540	0.008854	0.031567	0.034922	0.028994	0.034480	0.012735	0.015493	0.008587	0.003984	0.003952	0.022521	0.035815	0.006677	0.003735	0.013220	0.000664	0.031207	0.003150	0.021799	0.016447	0.012951	0.028763	0.032849	0.021998	0.013065	0.004834	0.016589	0.011869	0.035881	0.011902	0.034276	0.005015	0.009878	0.024423	0.035564	0.035717	0.005480	0.021885	0.014906	0.034613	0.017365	0.005097	0.019095	
0.029694	0.028526	0.038440	0.025970	0.011567	0.027210	0.016708	0.008679	0.012907	0.035675	0.021679	0.030704	0.025588	0.004745	0.001445	0.021841	0.009068	0.020101	0.019545	0.021242	0.003778	0.032258	0.036669	0.034611	0.036257	0.033785	0.035019	0.024050	0.007755	0.014985	0.024881	0.007940	0.001242	0.025768	0.018804	0.012676	0.003774	0.001341	0.025074	0.027789	0.036178	0.002199	0.027777	0.009418	0.000869	0.021573	0.037759	0.029202	0.004893	0.010342	
0.012580	0.003012	0.015767	0.009118	0.029720	0.002839	0.033819	0.004168	0.028473	0.014337	0.034993	0.029723	0.033615	0.000094	0.034098	0.027839	0.030969	0.012895	0.032233	0.000098	0.014461	0.023397	0.033020	0.020408	0.024757	0.006471	0.005713	0.002902	0.032377	0.022786	0.028646	0.032908	0.020874	0.034294	0.015784	0.029938	0.029111	0.012697	0.016519	0.017379	0.027834	0.022724	0.020299	0.010362	0.035232	0.008091	0.033182	0.003937	0.021946	0.001561	
0.021005	0.011281	0.006421	0.013663	0.032895	0.011174	0.028894	0.019653	0.007196	0.028556	0.005252	0.002519	0.006066	0.000161	0.004899	0.017526	0.029535	0.039324	0.031167	0.008662	0.011469	0.035307	0.009682	0.007960	0.018696	0.016182	0.029434	0.011041	0.039462	0.023248	0.035548	0.039584	0.041655	0.010638	0.013635	0.008358	0.028454	0.033610	0.012303	0.027337	0.009200	0.031738	0.031900	0.037699	0.032544	0.001957	0.031277	0.021703	0.005419	0.017112	
0.034360	0.029382	0.040893	0.017498	0.008087	0.031211	0.001703	0.040152	0.024150	0.040186	0.012728	0.008302	0.008916	0.011255	0.011869	0.022584	0.030911	0.020506	0.006286	0.015884	0.022710	0.001282	0.024554	0.037895	0.014910	0.019275	0.040135	0.040789	0.006851	0.003224	0.022722	0.038921	0.003435	0.041526	0.036307	0.000681	0.011055	0.000102	0.021368	0.002280	0.025469	0.017641	0.010194	0.041080	0.011990	0.007915	0.018409	0.033879	0.025428	0.001114	
0.004395	0.020738	0.023660	0.000828	0.027700	0.032939	0.006144	0.030751	0.016712	0.033100	0.015555	0.022719	0.042496	0.010689	0.018578	0.017949	0.013248	0.005487	0.003856	0.039275	0.030828	0.027482	0.011173	0.012645	0.000442	0.009832	0.017776	0.002034	0.039696	0.032655	0.007993	0.019579	0.033319	0.006385	0.037588	0.004541	0.029174	0.010953	0.041303	0.001841	0.038854	0.034688	0.028443	0.005650	0.016805	0.043124	0.013084	0.018352	0.020371	0.016572	
0.032797	0.010462	0.002604	0.030020	0.028875	0.015414	0.005273	0.028155	0.019327	0.014515	0.000334	0.020492	0.013576	0.010437	0.025583	0.034866	0.020858	0.033659	0.022975	0.025488	0.013596	0.004951	0.013997	0.021596	0.026060	0.039407	0.027367	0.032972	0.026070	0.030613	0.034298	0.014029	0.012618	0.025287	0.010991	0.030173	0.008016	0.013419	0.003925	0.001197	0.003406	0.000442	0.017120	0.039211	0.024070	0.032548	0.033780	0.016057	0.023340	0.023737	
0.006016	0.024934	0.017606	0.024182	0.026294	0.015985	0.006440	0.032882	0.003018	0.006229	0.029564	0.013391	0.010368	0.035202	0.028000	0.020376	0.034283	0.033818	0.030332	0.025502	0.031200	0.032269	0.009091	0.027940	0.008103	0.011092	0.010845	0.029906	0.020987	0.004510	0.025586	0.012488	0.025098	0.017214	0.024063	0.010710	0.001818	0.029726	0.022617	0.018266	0.022428	0.034246	0.004349	0.006259	0.031367	0.023597	0.018294	0.030050	0.026848	0.004615	
0.009480	0.012504	0.039119	0.000427	0.001420	0.024215	0.022286	0.030753	0.035224	0.014337	0.027630	0.029264	0.011405	0.038370	0.009192	0.006310	0.028498	0.025733	0.005806	0.018431	0.033173	0.013952	0.030771	0.028498	0.005404	0.034542	0.015362	0.034206	0.032991	0.000348	0.019560	0.002458	0.026168	0.015710	0.031400	0.013139	0.036729	0.028237	0.025149	0.037901	0.037430	0.033924	0.002140	0.004641	0.012347	0.003792	0.010241	0.003222	0.035132	0.001027	
0.004794	0.018844	0.024116	0.025273	0.009570	0.031728	0.016009	0.007303	0.038788	0.037305	0.022058	0.014173	0.016894	0.025575	0.012446	0.006133	0.009602	0.037591	0.009339	0.001401	0.017591	0.031364	0.020315	0.032923	0.017142	0.014736	0.036555	0.026880	0.024829	0.025499	0.029209	0.011237	0.012303	0.029981	0.021663	0.023658	0.000115	0.017042	0.019212	0.023227	0.014158	0.015555	0.043387	0.013396	0.004857	0.040452	0.040414	0.011191	0.005678	0.006490	
0.009955	0.020692	0.035876	0.010323	0.007223	0.033788	0.002098	0.002520	0.031945	0.042031	0.001125	0.010554	0.011326	0.028935	0.007906	0.035002	0.004651	0.026217	0.000860	0.011076	0.006830	0.034658	0.042395	0.023809	0.002556	0.027794	0.000390	0.042466	0.007501	0.025636	0.038996	0.041558	0.001917	0.033469	0.023281	0.028211	0.003183	0.019204	0.039212	0.014691	0.006989	0.026367	0.034068	0.016992	0.035620	0.022248	0.010408	0.012047	0.036783	0.006619	
0.009091	0.027112	0.027970	0.036033	0.035225	0.010816	0.024409	0.016914	0.006334	0.029793	0.031232	0.000925	0.014656	0.011689	0.036075	0.013440	0.017572	0.006935	0.035289	0.020296	0.021517	0.000168	0.018332	0.037360	0.036892	0.025879	0.004204	0.014011	0.033094	0.001697	0.031607	0.025987	0.019297	0.001105	0.015113	0.030527	0.016333	0.025024	0.007373	0.018696	0.037525	0.010471	0.002721	0.028361	0.024961	0.017452	0.030797	0.015976	0.011714	0.024001	
0.043081	0.012423	0.030281	0.020483	0.022727	0.010017	0.037705	0.011116	0.042418	0.031461	0.034158	0.003856	0.004002	0.014368	0.023695	0.001187	0.015795	0.007667	0.042020	0.018956	0.031065	0.001381	0.002307	0.034543	0.008537	0.024980	0.039062	0.012679	0.030341	0.028202	0.023398	0.014886	0.018681	0.036332	0.005785	0.006021	0.011168	0.009164	0.024763	0.023901	0.021620	0.021545	0.027391	0.019531	0.031261	0.007153	0.013202	0.002806	0.026257	0.014622	
0.037393	0.026895	0.022543	0.002646	0.015733	0.024404	0.005077	0.017263	0.012670	0.021705	0.030281	0.013495	0.019176	0.008243	0.028060	0.020208	0.013018	0.031314	0.033270	0.026099	0.028094	0.004324	0.016853	0.022872	0.038264	0.033487	0.026866	0.023653	0.012639	0.007895	0.016076	0.007527	0.013490	0.038350	0.025428	0.021085	0.027315	0.019840	0.010834	0.020985	0.010978	0.034840	0.035043	0.031215	0.000347	0.013058	0.015254	0.007718	0.003487	0.022691	
0.006482	0.009883	0.026534	0.011372	0.017559	0.001821	0.026118	0.007313	0.035953	0.008747	0.020312	0.032862	0.018823	0.006791	0.023225	0.020219	0.033750	0.005509	0.008463	0.025826	0.031166	0.030164	0.012478	0.014599	0.030840	0.002494	0.014211	0.000097	0.012043	0.038649	0.022015	0.031602	0.036204	0.010094	0.024749	0.012592	0.027452	0.003154	0.027711	0.004950	0.012533	0.029094	0.032535	0.036687	0.023590	0.036058	0.037937	0.017365	0.037855	0.001522	
0.012624	0.025630	0.035796	0.028644	0.010495	0.032669	0.041425	0.018600	0.007034	0.007614	0.029340	0.001812	0.004154	0.039555	0.018196	0.031791	0.041095	0.007840	0.016810	0.031459	0.020851	0.027897	0.017314	0.009242	0.030755	0.034971	0.032001	0.016978	0.015434	0.033140	0.026437	0.011204	0.010442	0.028884	0.027967	0.001166	0.008783	0.010752	0.000505	0.012805	0.016082	0.027952	0.002557	0.018159	0.021912	0.028762	0.031184	0.008594	0.009007	0.015680	
0.037411	0.022910	0.015008	0.038047	0.034267	0.038409	0.040161	0.029197	0.003948	0.017811	0.006266	0.022371	0.024176	0.009006	0.013268	0.026772	0.008776	0.031027	0.028416	0.004706	0.000693	0.023893	0.000574	0.008011	0.039750	0.032928	0.017303	0.002410	0.021238	0.024153	0.038402	0.039512	0.035660	0.011403	0.024036	0.005447	0.022281	0.000764	0.000191	0.031242	0.019935	0.030003	0.039166	0.006674	0.020313	0.016447	0.001392	0.011870	0.004544	0.017815	
0.022902	0.004375	0.025036	0.007744	0.016703	0.003205	0.019317	0.017929	0.036691	0.028509	0.006758	0.018434	0.011486	0.010640	0.023184	0.013374	0.018239	0.030152	0.034493	0.034382	0.000133	0.024184	0.003964	0.017496	0.030667	0.026749	0.028969	0.018303	0.037953	0.006029	0.014508	0.037731	0.009509	0.017842	0.001929	0.033071	0.020543	0.027250	0.010294	0.036954	0.031834	0.021855	0.012989	0.031807	0.028175	0.007015	0.008805	0.029178	0.021653	0.019059	
0.025574	0.027445	0.014546	0.024468	0.028181	0.019382	0.033116	0.012395	0.013859	0.006873	0.015283	0.029501	0.000251	0.020719	0.035115	0.030605	0.004074	0.029384	0.001001	0.017198	0.039835	0.038976	0.037926	0.009632	0.028807	0.017489	0.029733	0.004077	0.004222	0.009378	0.008181	0.032492	0.019620	0.003523	0.016986	0.014067	0.008845	0.034429	0.015098	0.018219	0.031386	0.017145	0.027043	0.012451	0.020866	0.026036	0.024497	0.018437	0.035009	0.006628	
0.032714	0.026350	0.003839	0.018531	0.023892	0.006864	0.008749	0.023279	0.017142	0.001680	0.031870	0.009491	0.002675	0.032003	0.038834	0.005714	0.019861	0.004628	0.010085	0.036774	0.014604	0.026452	0.035293	0.035966	0.031220	0.015130	0.039883	0.037839	0.021414	0.034586	0.016545	0.012103	0.008977	0.015029	0.018782	0.018318	0.029249	0.020981	0.010482	0.031468	0.033077	0.020781	0.009054	0.015994	0.028402	0.016220	0.022072	0.003261	0.009854	0.011991	
0.007793	0.001826	0.007460	0.000840	0.039442	0.028892	0.013197	0.012220	0.005712	0.024672	0.033936	0.004828	0.000629	0.024113	0.004221	0.018087	0.031733	0.008894	0.024424	0.004168	0.005844	0.030886	0.011069	0.000706	0.032188	0.039847	0.021939	0.024891	0.021558	0.019965	0.014221	0.039860	0.011564	0.027043	0.033791	0.035929	0.005597	0.027634	0.005608	0.028450	0.029688	0.031972	0.017475	0.023937	0.038828	0.042689	0.021656	0.032332	0.024571	0.001179	
0.035259	0.034933	0.014006	0.001987	0.004069	0.001363	0.001114	0.002275	0.021902	0.031471	0.031273	0.042207	0.044441	0.013899	0.009410	0.040908	0.018821	0.023849	0.008861	0.009078	0.009637	0.011681	0.039635	0.031930	0.039556	0.005541	0.026535	0.018441	0.000414	0.014693	0.011971	0.008654	0.028312	0.044386	0.012125	0.032132	0.005424	0.017536	0.023876	0.019067	0.014962	0.029288	0.037817	0.001554	0.043648	0.007665	0.022282	0.023794	0.025173	0.001144	
0.012316	0.000907	0.021387	0.041612	0.042310	0.016718	0.025848	0.000025	0.022085	0.041629	0.040809	0.029254	0.018855	0.042778	0.013440	0.003553	0.020070	0.012220	0.015600	0.039520	0.038603	0.018985	0.017425	0.001809	0.021169	0.006933	0.002140	0.009910	0.004009	0.008101	0.000360	0.031868	0.005448	0.001143	0.016991	0.043299	0.040805	0.006759	0.001949	0.027064	0.042863	0.025249	0.019401	0.005951	0.031050	0.036960	0.007518	0.027941	0.019831	0.017529	
0.024820	0.002759	0.005130	0.016465	0.019629	0.013209	0.005995	0.029391	0.000019	0.024633	0.010441	0.021131	0.039281	0.002473	0.011839	0.034502	0.006240	0.010041	0.026593	0.019261	0.019800	0.000916	0.028492	0.013043	0.026429	0.003732	0.009131	0.031389	0.035533	0.036419	0.025852	0.024344	0.028019	0.039614	0.003038	0.030114	0.038669	0.035369	0.034832	0.007561	0.026848	0.003914	0.029145	0.003636	0.018880	0.004867	0.027247	0.038715	0.020932	0.029671	
0.004871	0.044436	0.002154	0.015320	0.016574	0.006458	0.003140	0.004812	0.025938	0.044728	0.014794	0.039721	0.030966	0.002008	0.009989	0.023979	0.033467	0.002967	0.030115	0.009665	0.007538	0.009721	0.026557	0.017847	0.044902	0.011669	0.026386	0.003077	0.005036	0.023732	0.031996	0.019264	0.004736	0.002201	0.030355	0.021169	0.036627	0.045077	0.023158	0.003084	0.034522	0.039264	0.005947	0.007843	0.019416	0.005834	0.011035	0.045441	0.022124	0.048345	
0.010568	0.010308	0.037722	0.034925	0.026611	0.023796	0.001719	0.005397	0.034242	0.006599	0.026352	0.002323	0.011725	0.018375	0.029277	0.004907	0.035264	0.032432	0.033740	0.026029	0.023846	0.025202	0.037214	0.020169	0.016425	0.012850	0.039317	0.002038	0.019702	0.037996	0.013935	0.011608	0.015789	0.000875	0.036826	0.033020	0.028057	0.002521	0.016329	0.040424	0.015877	0.008070	0.012161	0.020564	0.005430	0.029726	0.023921	0.016933	0.010040	0.010822	
0.010287	0.000592	0.030500	0.002844	0.018670	0.026215	0.033879	0.033489	0.036686	0.006995	0.009107	0.008464	0.036339	0.035205	0.017016	0.036064	0.016892	0.034831	0.028871	0.022078	0.030408	0.008776	0.010653	0.022525	0.009014	0.010356	0.015614	0.006879	0.017286	0.019042	0.006425	0.015488	0.010846	0.012100	0.029490	0.018131	0.015335	0.000324	0.018820	0.019219	0.036745	0.030270	0.033037	0.016387	0.018654	0.036410	0.019150	0.026925	0.019131	0.021537	
0.032759	0.013618	0.031542	0.000940	0.030016	0.033053	0.027221	0.010668	0.022926	0.007772	0.020278	0.020619	0.012857	0.013116	0.020379	0.009279	0.035513	0.014258	0.002708	0.034597	0.017973	0.034448	0.035688	0.008737	0.004124	0.034363	0.031080	0.010186	0.014421	0.029179	0.018604	0.002887	0.010375	0.033582	0.027049	0.002798	0.019378	0.018820	0.016484	0.031053	0.016916	0.030284	0.020059	0.014697	0.009963	0.033558	0.008447	0.015904	0.030117	0.024709	
0.012389	0.037025	0.024127	0.039849	0.008541	0.019850	0.011013	0.011350	0.017277	0.020022	0.027464	0.014940	0.004896	0.002349	0.021455	0.018709	0.005271	0.004589	0.009593	0.005710	0.035269	0.028309	0.031568	0.023438	0.018910	0.032936	0.001685	0.011074	0.037980	0.000873	0.038922	0.032505	0.018724	0.013461	0.021578	0.014821	0.006330	0.002354	0.013008	0.014438	0.033983	0.013184	0.028979	0.028140	0.035193	0.032710	0.032784	0.038490	0.018379	0.023552	
0.033165	0.035741	0.033879	0.018361	0.028301	0.037541	0.016371	0.038485	0.021848	0.002401	0.014208	0.016179	0.000481	0.009608	0.027258	0.001001	0.027327	0.033275	0.013610	0.034024	0.006867	0.009788	0.006273	0.016246	0.015050	0.015998	0.008579	0.040704	0.013774	0.033839	0.008644	0.020829	0.019154	0.023076	0.012702	0.039219	0.030373	0.017310	0.017014	0.017235	0.027235	0.022891	0.018576	0.016669	0.014908	0.005010	0.013713	0.033766	0.000161	0.031332	
0.014601	0.033929	0.033191	0.022792	0.008774	0.010719	0.027131	0.000458	0.038829	0.004901	0.033613	0.001427	0.039821	0.022229	0.019206	0.015096	0.000458	0.013181	0.009622	0.018774	0.030239	0.033352	0.030482	0.023177	0.010737	0.006556	0.020189	0.017477	0.011942	0.033223	0.006515	0.027043	0.011066	0.006737	0.021383	0.012836	0.021631	0.016874	0.039015	0.022975	0.026245	0.026531	0.034364	0.028215	0.000568	0.025837	0.012708	0.033312	0.008635	0.031384	
0.021262	0.022734	0.004565	0.014952	0.016146	0.026596	0.022279	0.004328	0.044150	0.010925	0.011191	0.043869	0.012103	0.003747	0.045773	0.000180	0.023496	0.046267	0.013518	0.017993	0.025345	0.004083	0.028353	0.017105	0.006434	0.009255	0.018262	0.007060	0.006540	0.011377	0.022161	0.017703	0.026686	0.015399	0.004186	0.016602	0.025619	0.044945	0.022829	0.033307	0.036467	0.005767	0.008523	0.033125	0.035984	0.042002	0.017484	0.015088	0.014704	0.021532	
0.028414	0.006499	0.002422	0.001199	0.034361	0.014309	0.015195	0.025513	0.029254	0.013730	0.014395	0.029150	0.037168	0.013956	0.012468	0.023373	0.022582	0.029845	0.018230	0.001106	0.014936	0.038500	0.029704	0.017543	0.020868	0.032127	0.019603	0.001209	0.003688	0.037745	0.037554	0.011323	0.013491	0.037561	0.011108	0.020200	0.017152	0.033452	0.023842	0.018425	0.013820	0.038530	0.023403	0.000025	0.023550	0.004246	0.032093	0.007724	0.009496	0.033913	
0.032502	0.000541	0.021531	0.005830	0.018475	0.002597	0.006668	0.013951	0.014353	0.033189	0.004247	0.040560	0.019865	0.028562	0.013517	0.038983	0.000960	0.008888	0.037396	0.020245	0.038280	0.010800	0.021501	0.005679	0.009483	0.005638	0.014327	0.011158	0.032142	0.022623	0.032808	0.040732	0.006114	0.026036	0.023104	0.040243	0.037112	0.024027	0.019893	0.038391	0.021917	0.010028	0.006785	0.017142	0.034901	0.039089	0.010428	0.016334	0.011390	0.009035	
0.021232	0.017198	0.023399	0.008637	0.000498	0.005446	0.017672	0.004400	0.034433	0.004575	0.043825	0.043764	0.027879	0.031557	0.023401	0.010944	0.006025	0.009983	0.001232	0.004606	0.014470	0.012732	0.020857	0.043724	0.026160	0.022882	0.035695	0.005955	0.004017	0.000271	0.031414	0.019766	0.012078	0.044573	0.010128	0.012132	0.010164	0.022270	0.025658	0.012435	0.038945	0.014719	0.012088	0.043695	0.011634	0.017016	0.045303	0.038617	0.016394	0.033504	
0.007912	0.021127	0.009484	0.015710	0.030243	0.019939	0.008406	0.030454	0.034902	0.021169	0.028202	0.005136	0.017241	0.029121	0.008806	0.031017	0.037468	0.002081	0.020400	0.035798	0.009313	0.007102	0.034715	0.001360	0.016666	0.007451	0.015824	0.000985	0.029676	0.037042	0.015341	0.033751	0.035769	0.033219	0.018808	0.001743	0.031742	0.035581	0.036950	0.035073	0.012955	0.016248	0.021295	0.013008	0.001525	0.029261	0.014807	0.005301	0.006758	0.026115	
0.009492	0.025329	0.015670	0.035138	0.006845	0.033756	0.031494	0.030464	0.004442	0.035542	0.022728	0.029247	0.028571	0.014623	0.035386	0.009458	0.000220	0.026020	0.034164	0.002587	0.015853	0.013587	0.003021	0.023230	0.023872	0.021436	0.017763	0.030749	0.034380	0.006032	0.005070	0.032483	0.013198	0.024908	0.035602	0.010510	0.016595	0.018764	0.013755	0.016669	0.027646	0.022138	0.026838	0.014343	0.022456	0.022737	0.022433	0.021060	0.004725	0.006970	
0.015941	0.017192	0.006635	0.006785	0.014320	0.021801	0.019257	0.000601	0.019571	0.038732	0.037991	0.006763	0.021341	0.015297	0.017182	0.003147	0.021446	0.014617	0.024963	0.008305	0.038787	0.034185	0.037446	0.036425	0.016283	0.034368	0.009636	0.003570	0.023162	0.002852	0.023754	0.023306	0.034641	0.025385	0.031786	0.014585	0.006520	0.035467	0.015662	0.008404	0.028534	0.035357	0.009827	0.028221	0.018348	0.022869	0.010955	0.011546	0.023498	0.022733	
0.012363	0.032977	0.026878	0.021347	0.004512	0.001907	0.035788	0.023086	0.001521	0.029399	0.004062	0.005328	0.022098	0.036397	0.022300	0.026218	0.000751	0.025898	0.007452	0.036895	0.037685	0.029746	0.002550	0.034142	0.038570	0.001485	0.019712	0.037592	0.037126	0.031236	0.007606	0.012206	0.003414	0.015724	0.037239	0.014088	0.039064	0.009859	0.006776	0.003043	0.031932	0.010908	0.017787	0.024964	0.016228	0.032434	0.038475	0.014493	0.012477	0.004265	
0.033406	0.012006	0.015174	0.003605	0.023860	0.029348	0.019962	0.015660	0.025326	0.029038	0.029089	0.007448	0.020565	0.020126	0.032329	0.017706	0.014347	0.025791	0.031952	0.007354	0.011801	0.004941	0.002717	0.003757	0.019013	0.022143	0.033911	0.017589	0.028740	0.029690	0.034275	0.024488	0.013001	0.013086	0.015944	0.016146	0.015321	0.031317	0.008402	0.000762	0.025201	0.006194	0.032685	0.029646	0.018291	0.026028	0.031082	0.029053	0.007241	0.033442	
0.026168	0.012442	0.021837	0.042078	0.014295	0.002372	0.031219	0.002306	0.039522	0.023735	0.008667	0.010465	0.009348	0.034078	0.014588	0.010638	0.039408	0.030681	0.028651	0.036859	0.004340	0.009510	0.018206	0.016376	0.029460	0.016247	0.010465	0.003114	0.020124	0.009683	0.026865	0.042792	0.016740	0.012080	0.001345	0.001452	0.037652	0.013851	0.023722	0.038498	0.002598	0.018514	0.023051	0.019298	0.024955	0.025207	0.029461	0.024600	0.030164	0.010270	
0.008480	0.006742	0.025697	0.041026	0.027694	0.011137	0.012947	0.011851	0.008021	0.020293	0.028337	0.034063	0.023916	0.036597	0.025941	0.032464	0.006708	0.016239	0.037592	0.021371	0.006796	0.010529	0.030427	0.026893	0.005886	0.035958	0.006323	0.030144	0.031937	0.031997	0.011041	0.020603	0.010103	0.026417	0.030542	0.008520	0.010462	0.040594	0.011852	0.040952	0.016368	0.007537	0.000433	0.004408	0.026411	0.012156	0.006266	0.009309	0.021795	0.030222	
0.025755	0.016148	0.028426	0.021062	0.000736	0.010612	0.004416	0.028064	0.018683	0.013733	0.033738	0.031274	0.026293	0.036154	0.025962	0.036748	0.035074	0.017952	0.027328	0.035717	0.005547	0.028328	0.014729	0.023369	0.036752	0.014693	0.033996	0.012711	0.020632	0.033840	0.030124	0.019082	0.026228	0.021808	0.003983	0.003610	0.004885	0.002467	0.011953	0.001563	0.032649	0.014160	0.000057	0.036686	0.016147	0.023746	0.024055	0.000436	0.013029	0.014861	
0.018543	0.014052	0.008122	0.017417	0.038671	0.031169	0.020815	0.004762	0.033472	0.026333	0.026909	0.036445	0.034394	0.005894	0.013044	0.002867	0.001768	0.004700	0.012281	0.039283	0.021161	0.026640	0.017574	0.004056	0.026178	0.038876	0.035962	0.024505	0.006482	0.000310	0.009201	0.006179	0.006413	0.034929	0.010631	0.026689	0.024347	0.037522	0.024984	0.025243	0.006374	0.007979	0.009032	0.027226	0.018265	0.035841	0.024462	0.032718	0.033453	0.005824	
0.006466	0.002843	0.014128	0.003501	0.011632	0.013439	0.017360	0.012129	0.042580	0.008889	0.045418	0.034440	0.003894	0.011855	0.006141	0.009559	0.008706	0.019819	0.013030	0.044745	0.017203	0.014305	0.034770	0.001389	0.045669	0.019941	0.046091	0.023930	0.011972	0.035754	0.015666	0.014859	0.018885	0.034943	0.005898	0.027263	0.005661	0.035851	0.006845	0.045525	0.013233	0.010303	0.006463	0.028092	0.024644	0.038794	0.012318	0.034225	0.018182	0.020750	
0.012676	0.014547	0.038252	0.020530	0.007958	0.033675	0.022653	0.023767	0.030156	0.021891	0.008941	0.033748	0.008738	0.006076	0.000596	0.010902	0.028533	0.019389	0.019845	0.018751	0.010068	0.017636	0.022275	0.025176	0.031643	0.031674	0.023872	0.036416	0.011785	0.018164	0.000092	0.007745	0.038153	0.001408	0.035186	0.023428	0.013344	0.012935	0.007370	0.030410	0.026579	0.029352	0.024401	0.034571	0.014646	0.021349	0.013294	0.004345	0.016110	0.034948	
0.026675	0.014619	0.031559	0.026397	0.011183	0.017876	0.022336	0.009614	0.011200	0.009933	0.026350	0.018707	0.012406	0.031614	0.005847	0.017119	0.032495	0.000870	0.028443	0.031272	0.031508	0.018824	0.000855	0.028791	0.014471	0.027879	0.001249	0.012693	0.013388	0.016254	0.023600	0.021830	0.035585	0.034443	0.005215	0.004041	0.034221	0.008804	0.011090	0.025747	0.033776	0.008040	0.005550	0.033317	0.021290	0.036520	0.024739	0.011583	0.036554	0.031627	
0.016521	0.026506	0.017457	0.040499	0.013214	0.030021	0.023758	0.006885	0.002623	0.022048	0.006065	0.021381	0.034017	0.034045	0.017355	0.012845	0.014629	0.036397	0.027483	0.039683	0.004505	0.014795	0.022342	0.009790	0.008236	0.042066	0.004549	0.005987	0.014278	0.013201	0.017604	0.020943	0.005845	0.019636	0.029582	0.041317	0.007429	0.037919	0.006596	0.011260	0.034944	0.007906	0.013480	0.016672	0.026098	0.037564	0.022277	0.030575	0.013289	0.015885	
0.009769	0.002314	0.030415	0.035764	0.006877	0.029824	0.020073	0.033322	0.036488	0.032620	0.028700	0.002734	0.015622	0.006876	0.016217	0.020539	0.021400	0.040888	0.000417	0.001543	0.040724	0.029087	0.004930	0.019795	0.007261	0.036638	0.028592	0.001844	0.016095	0.034921	0.017839	0.015963	0.039661	0.001888	0.001032	0.017638	0.025832	0.028205	0.025728	0.008483	0.041244	0.013249	0.029020	0.018630	0.009071	0.015423	0.005902	0.019296	0.016065	0.037544	
0.019721	0.000138	0.025884	0.028648	0.034481	0.033894	0.040811	0.013742	0.032961	0.014127	0.033686	0.034985	0.041080	0.008112	0.005276	0.024177	0.007707	0.022076	0.010286	0.003754	0.016372	0.012129	0.007102	0.014800	0.026230	0.024749	0.002416	0.015879	0.006490	0.017916	0.036838	0.028124	0.025953	0.010487	0.040037	0.012934	0.008145	0.019886	0.037946	0.011033	0.030344	0.039228	0.024092	0.001700	0.014253	0.003773	0.029319	0.030390	0.002511	0.013379	
0.004689	0.026994	0.037923	0.013012	0.037877	0.015474	0.011491	0.032486	0.017260	0.040619	0.005354	0.001292	0.031920	0.007535	0.011266	0.023742	0.028738	0.003161	0.022332	0.019315	0.003273	0.037113	0.024888	0.000562	0.035975	0.026589	0.032773	0.006752	0.003046	0.009337	0.029095	0.017249	0.036776	0.039885	0.034387	0.031276	0.028523	0.000667	0.016696	0.002113	0.017816	0.037264	0.023635	0.008873	0.002009	0.027976	0.031670	0.025184	0.008162	0.007959	
0.004317	0.037568	0.021747	0.024301	0.024226	0.039498	0.028496	0.026234	0.013728	0.022848	0.031681	0.028608	0.032525	0.026224	0.007719	0.022898	0.022929	0.027601	0.019134	0.001124	0.003570	0.031527	0.012642	0.013331	0.007419	0.000938	0.009431	0.000184	0.035260	0.020757	0.030931	0.027408	0.018017	0.028165	0.003248	0.031318	0.023609	0.016984	0.006014	0.034282	0.001373	0.033388	0.004690	0.012864	0.023457	0.018106	0.032080	0.023695	0.016386	0.015522	
0.025698	0.016027	0.019775	0.007473	0.021754	0.008680	0.013311	0.037829	0.023443	0.002248	0.023773	0.037283	0.020890	0.020135	0.024386	0.005916	0.005516	0.032339	0.037588	0.001638	0.038616	0.005056	0.014612	0.017680	0.007437	0.013942	0.006152	0.015948	0.037322	0.003231	0.018155	0.038831	0.006026	0.034927	0.036317	0.026228	0.024057	0.011411	0.034364	0.016122	0.038424	0.013069	0.024355	0.011958	0.034308	0.031553	0.005305	0.022455	0.021905	0.004529	
0.036723	0.030085	0.009579	0.003540	0.001123	0.003847	0.022121	0.009524	0.031106	0.007142	0.010187	0.030821	0.007558	0.035424	0.033389	0.012442	0.023459	0.031243	0.031384	0.020676	0.026056	0.019875	0.027200	0.031104	0.036969	0.008803	0.029728	0.034353	0.005230	0.026331	0.032253	0.010576	0.009810	0.005216	0.023496	0.005084	0.001723	0.031862	0.024858	0.013884	0.029145	0.022566	0.021367	0.004977	0.036986	0.029548	0.002062	0.034198	0.004921	0.018444	
0.027679	0.014621	0.022748	0.004797	0.028045	0.014249	0.012013	0.014836	0.006236	0.002827	0.016291	0.006094	0.027498	0.028380	0.037720	0.033769	0.015507	0.004582	0.037944	0.028120	0.034942	0.021090	0.002371	0.027244	0.014638	0.032258	0.011620	0.014891	0.001557	0.006285	0.008963	0.034228	0.021357	0.034988	0.011958	0.031933	0.024240	0.017601	0.036199	0.009391	0.032534	0.037349	0.014074	0.032680	0.009765	0.020496	0.025354	0.004860	0.036974	0.004203	
0.018240	0.011093	0.029659	0.008696	0.008573	0.024674	0.028718	0.023547	0.030297	0.034773	0.026595	0.018045	0.035190	0.030535	0.009092	0.023013	0.018891	0.032234	0.022507	0.009980	0.031631	0.034716	0.012280	0.016095	0.018222	0.015740	0.004915	0.011673	0.004160	0.016691	0.028150	0.003033	0.033018	0.030862	0.003354	0.018388	0.024714	0.004565	0.030699	0.031745	0.010656	0.000098	0.016101	0.028961	0.034946	0.008956	0.026675	0.033915	0.002923	0.017765	
0.027775	0.039638	0.025795	0.016009	0.006837	0.036502	0.030776	0.011171	0.025777	0.000192	0.020150	0.018302	0.029837	0.011434	0.012103	0.016728	0.000343	0.002256	0.025124	0.016828	0.028162	0.012321	0.015934	0.026857	0.032719	0.017594	0.016413	0.038150	0.025478	0.039510	0.020425	0.033622	0.010557	0.036430	0.034913	0.001207	0.019301	0.010611	0.035736	0.005556	0.024526	0.014898	0.009014	0.011449	0.038279	0.025766	0.005072	0.015067	0.011320	0.009537	
0.017367	0.035297	0.006731	0.019884	0.021728	0.028177	0.011451	0.031574	0.004188	0.005109	0.003649	0.035049	0.033942	0.022956	0.014317	0.035496	0.000971	0.039804	0.037624	0.040788	0.020937	0.029586	0.030715	0.013386	0.019000	0.018547	0.008633	0.041139	0.033582	0.015066	0.003918	0.007204	0.015058	0.019444	0.039932	0.005577	0.001400	0.002564	0.021825	0.001154	0.040605	0.005779	0.020573	0.005972	0.017197	0.034547	0.028746	0.004416	0.020372	0.027024	
0.022778	0.000492	0.005691	0.011023	0.004432	0.035158	0.033011	0.013278	0.026373	0.015962	0.011936	0.012997	0.017070	0.024908	0.031848	0.029195	0.035672	0.025589	0.031940	0.026120	0.034362	0.017568	0.013707	0.010489	0.028471	0.029629	0.032663	0.027834	0.020467	0.017015	0.021636	0.018126	0.017688	0.022368	0.026634	0.026574	0.021071	0.013166	0.013429	0.015232	0.024401	0.029442	0.001218	0.023335	0.023989	0.015806	0.000258	0.014082	0.000645	0.023222	
0.026078	0.008135	0.011469	0.014740	0.009585	0.022694	0.005127	0.036089	0.022273	0.017964	0.006247	0.028622	0.005042	0.003717	0.022000	0.018829	0.032650	0.009517	0.037558	0.043213	0.041783	0.014683	0.010706	0.002998	0.017787	0.039606	0.018436	0.009240	0.008982	0.045648	0.027066	0.003461	0.000768	0.029721	0.029042	0.010327	0.022500	0.024066	0.026433	0.043320	0.037368	0.000810	0.001442	0.041022	0.017551	0.020248	0.016271	0.001974	0.023275	0.031920	
0.017196	0.008860	0.017927	0.027361	0.016262	0.036686	0.029099	0.005197	0.035741	0.028240	0.023544	0.028585	0.032896	0.030076	0.035354	0.024506	0.037145	0.005969	0.012844	0.025772	0.021339	0.027011	0.019336	0.016210	0.001127	0.016179	0.023567	0.016952	0.040753	0.010924	0.000971	0.034370	0.033851	0.006054	0.000887	0.026879	0.003798	0.023987	0.017599	0.023264	0.017263	0.022133	0.007651	0.009807	0.026972	0.013992	0.000314	0.038424	0.004783	0.014339	
0.000550	0.030657	0.032972	0.003913	0.029230	0.025482	0.023773	0.018368	0.031834	0.005112	0.008755	0.018789	0.000816	0.033017	0.005266	0.023921	0.001484	0.028761	0.025675	0.032567	0.033849	0.007929	0.023470	0.025926	0.017109	0.026585	0.005640	0.019338	0.006266	0.020875	0.017477	0.017816	0.038673	0.029373	0.007878	0.015847	0.034497	0.029693	0.020859	0.027530	0.001499	0.038759	0.018889	0.033595	0.018282	0.031745	0.025451	0.015825	0.002000	0.006381	
0.021201	0.007875	0.004431	0.001234	0.035912	0.002477	0.037366	0.032819	0.009559	0.009304	0.039926	0.000316	0.026134	0.010466	0.032594	0.025770	0.031030	0.038028	0.024937	0.030255	0.002946	0.004727	0.028133	0.000252	0.011668	0.015691	0.039383	0.016749	0.016292	0.015156	0.002276	0.042754	0.040268	0.020787	0.009133	0.016911	0.040719	0.024934	0.029456	0.031548	0.022640	0.000690	0.020214	0.014700	0.009611	0.030604	0.025293	0.005675	0.035020	0.004133	
0.031513	0.025735	0.031850	0.015584	0.007429	0.037562	0.015574	0.020375	0.020732	0.021814	0.022957	0.018989	0.004682	0.016561	0.020832	0.004118	0.009207	0.005693	0.008403	0.013360	0.005068	0.034610	0.027771	0.034650	0.037220	0.010448	0.021435	0.012652	0.011601	0.034604	0.037246	0.029066	0.033277	0.017906	0.029468	0.022746	0.005369	0.031259	0.012973	0.023888	0.000153	0.033966	0.009279	0.023879	0.025288	0.015311	0.026589	0.022216	0.009636	0.007458	
0.025734	0.021075	0.014029	0.011537	0.006520	0.027139	0.033909	0.002295	0.028567	0.011791	0.024594	0.017563	0.029401	0.005403	0.034283	0.027724	0.005152	0.037495	0.032586	0.028647	0.037168	0.031157	0.029704	0.032016	0.024107	0.035827	0.012817	0.032615	0.014391	0.014316	0.013304	0.014691	0.010836	0.013718	0.015532	0.029772	0.034327	0.013452	0.014297	0.007385	0.022876	0.026167	0.013247	0.021235	0.002526	0.003987	0.018139	0.007632	0.001207	0.026105	
0.031431	0.031666	0.029765	0.020955	0.007383	0.021878	0.009696	0.024510	0.003915	0.001878	0.030168	0.035220	0.020166	0.027782	0.019000	0.005297	0.028872	0.036425	0.011335	0.017795	0.020442	0.022231	0.028851	0.015677	0.034201	0.027599	0.034672	0.001586	0.033658	0.020444	0.000512	0.011655	0.018822	0.004629	0.025575	0.021269	0.023036	0.010753	0.017734	0.035782	0.023614	0.008491	0.004352	0.021822	0.026768	0.032673	0.013343	0.011130	0.003734	0.029811	
0.001911	0.036349	0.026290	0.030203	0.003775	0.033517	0.020990	0.006943	0.015421	0.032887	0.014131	0.003029	0.030770	0.002365	0.020964	0.016703	0.013588	0.019295	0.003606	0.012358	0.032761	0.021157	0.034401	0.012095	0.034076	0.030599	0.007192	0.015137	0.010715	0.035773	0.004675	0.011518	0.017202	0.016397	0.024518	0.018200	0.014520	0.023894	0.035023	0.022643	0.018728	0.011181	0.017217	0.029922	0.030408	0.029215	0.022032	0.036000	0.033414	0.004291	
0.005851	0.013774	0.018882	0.031383	0.020998	0.028056	0.005092	0.033647	0.032560	0.025447	0.033340	0.002379	0.033740	0.012619	0.013996	0.027633	0.032915	0.034545	0.017431	0.007789	0.033207	0.012686	0.024572	0.023565	0.002424	0.021650	0.013328	0.024682	0.031395	0.025335	0.023661	0.007430	0.030332	0.015005	0.011500	0.019100	0.013521	0.022059	0.013797	0.001705	0.011584	0.028610	0.019476	0.032148	0.026352	0.009986	0.022165	0.008010	0.021496	0.017140	
0.025132	0.029572	0.024982	0.033811	0.005577	0.002214	0.012579	0.012172	0.029550	0.016816	0.031441	0.004203	0.030265	0.020109	0.030803	0.004048	0.020118	0.001340	0.016802	0.023110	0.006417	0.025909	0.006382	0.007499	0.008415	0.030385	0.035899	0.018065	0.028336	0.033566	0.028667	0.016632	0.026636	0.019050	0.015329	0.036557	0.004921	0.031664	0.035082	0.018276	0.023457	0.002198	0.033376	0.032427	0.012164	0.008873	0.034046	0.005863	0.021060	0.018208	
0.018246	0.021776	0.016940	0.005887	0.039733	0.017940	0.004318	0.029853	0.024346	0.003850	0.011386	0.024564	0.038670	0.020917	0.035441	0.018998	0.036146	0.025409	0.030320	0.021500	0.000655	0.000192	0.010664	0.009668	0.014237	0.006681	0.015221	0.038990	0.038764	0.022077	0.033813	0.019352	0.011058	0.000624	0.012841	0.017314	0.000180	0.008932	0.035070	0.024687	0.009835	0.033631	0.013147	0.014876	0.031288	0.018444	0.023242	0.035296	0.021343	0.031639	
0.030695	0.034340	0.013014	0.033831	0.010474	0.008171	0.027428	0.026197	0.020821	0.001459	0.029677	0.004160	0.022154	0.012541	0.008700	0.011833	0.031079	0.018211	0.030292	0.028784	0.016794	0.019584	0.013813	0.001860	0.020355	0.025302	0.016884	0.020602	0.008707	0.001254	0.034609	0.006954	0.015813	0.020515	0.030877	0.035194	0.000966	0.035574	0.034538	0.017118	0.014297	0.025089	0.026409	0.012417	0.035503	0.030403	0.023538	0.013970	0.024127	0.013072	
0.06
