50
2
-8.893612	18.079850	-9.860888	-13.854020	15.788282	5.731905	8.531023	-0.513456	19.355707	11.747040	12.746776	0.062286	10.767880	-3.178291	14.646112	15.105924	-13.197724	4.623090	-2.340596	9.014248	-13.700857	18.935620	-8.727619	11.478342	0.858664	11.117639	-9.919380	1.213379	-13.974333	-5.305778	-3.704181	-13.227290	-6.783529	12.435997	-6.900972	-16.748485	16.517900	-16.055730	-11.118612	-18.473278	9.239521	-0.958780	-17.605426	1.712180	4.919387	8.992054	-4.190382	9.210176	9.728800	-17.028478	
-25.853634	-11.979571	-16.181462	-13.737590	-15.240620	7.997719	12.525049	-10.601641	1.069880	26.954075	-12.695072	5.694804	21.233571	-4.526072	15.865778	-26.446260	-4.190672	18.992193	16.182031	-17.098767	16.867583	21.896281	-15.274559	-7.144612	-9.780641	-0.110116	2.279970	-10.921988	-11.935818	-11.934841	24.981674	-13.188880	-22.167973	-16.427279	-6.760344	21.663458	19.140481	2.928874	-10.702383	-15.310238	-14.060494	24.912312	-6.654795	-20.838757	-13.974079	8.944524	4.460935	8.038542	-7.624429	9.076952	
-23.641741	-11.119142	8.725729	-12.766787	-13.454678	12.161377	2.073254	-1.936809	26.629598	-6.542121	-8.680886	-8.444819	-12.423684	-23.593297	11.899397	-17.048359	-10.652891	15.406841	18.865125	23.251405	-15.582537	-12.027608	8.906657	22.964964	-15.227702	14.187589	12.811586	-22.624446	18.760066	-19.291959	7.754239	-15.660534	11.595849	-1.057621	-3.127954	-8.203685	22.204514	-24.283036	-7.444373	-6.120370	-9.719044	-6.305724	6.133990	-22.766658	-19.671913	-5.940829	-14.431322	3.750209	-8.358199	-25.073226	
-4.538855	5.418699	16.646460	0.585320	9.844885	-17.542509	-9.099457	4.204252	8.120307	10.946160	11.103808	-11.990586	-5.033949	16.372792	-0.453519	0.945108	2.959799	-10.840554	-4.293005	-14.318804	2.733759	8.020042	14.531808	5.352204	-1.644307	-10.288931	-14.368233	-7.470963	-16.594456	17.056995	4.309510	18.575567	13.887848	6.509841	-14.386767	11.052570	4.571128	-1.230036	-15.631215	7.615484	5.552027	9.007760	12.922069	15.016853	15.650693	10.254585	-12.162879	-2.409945	6.073646	8.963973	
-20.948128	16.413889	-21.968807	9.632173	-16.884186	-8.981402	2.952766	16.636900	7.705819	-16.579486	6.091681	16.375037	8.462606	1.812819	-22.926467	-4.032972	3.892603	-24.736114	24.116694	-6.776017	13.430496	-19.425835	-11.573239	8.729792	9.527811	12.117813	11.762283	13.771448	8.688679	1.956555	-12.272901	7.802878	24.295461	19.968852	-19.338573	6.671885	10.886861	23.696428	1.789950	22.079695	-13.621598	-23.813359	-1.173064	-6.782485	7.021537	-11.277773	-5.349211	-12.990996	-7.882043	-12.476774	
-13.589789	-21.447183	26.546900	16.436937	11.447193	-25.806807	9.350656	-17.165603	-4.498843	13.793727	-26.068605	-16.454730	5.626441	-27.728454	-23.341452	-3.606798	21.043132	-11.155377	13.702237	-9.057534	15.867241	20.883018	14.832582	-10.171957	-0.244820	-4.215106	-17.350537	-10.633422	12.002961	-6.276561	-18.355554	3.032516	2.204041	16.690773	-8.331248	7.161125	-25.337997	21.605710	-23.001157	16.137368	-21.421631	-10.273659	-28.362533	-13.803736	7.576239	-2.385344	19.473814	-21.745571	-15.626680	-10.639583	
2.725521	0.453407	6.738957	19.617509	-0.518057	-8.068763	-17.153502	-7.191970	20.642745	-1.364864	14.186441	8.015396	-5.879180	-4.233517	-14.473971	16.146287	7.335835	15.941584	-23.077130	-19.994542	-16.160335	7.593708	22.275488	24.396062	16.956373	-11.241015	-15.132455	22.700624	6.995296	4.028060	18.191432	-9.532838	9.133387	17.976141	25.940305	12.366176	14.581914	-23.006278	-7.575032	-19.716446	-10.727939	19.887514	23.337767	17.467380	-2.699801	24.909163	-5.927870	-26.560541	22.716553	21.932767	
-8.507224	13.047528	-4.991723	6.878855	-19.543984	-30.873090	-22.971793	-23.098629	-17.123211	21.977949	21.091606	18.359801	27.546786	19.698490	27.278198	-9.972607	-16.779498	4.760596	16.935266	8.935518	3.590139	-19.110368	-11.487062	-12.454243	-22.946017	29.143017	20.887981	0.543619	-10.287171	-29.648310	24.950598	-31.238180	31.062003	22.117273	17.234195	0.700159	-7.310402	19.126051	-26.535925	5.308568	28.179097	30.464103	18.955108	18.121370	19.369667	30.197685	25.862371	8.934902	-29.532170	1.400751	
-25.936605	-25.253664	-0.319132	19.696828	-29.918293	-22.774228	22.208194	-5.895501	8.041493	-21.131808	28.400623	8.718232	2.220574	-15.266727	-26.648127	-26.969563	-20.683723	-4.364388	20.863726	3.614080	-27.069751	1.325400	10.436222	-8.967697	16.738498	-20.919909	22.786286	-28.393634	-5.383579	3.700009	-31.192878	-28.409124	3.429087	-25.533976	-29.727714	-15.488711	7.990108	-26.283032	-21.985483	11.162477	-25.197157	-22.505883	13.994621	-17.478282	-24.506878	4.121368	29.949575	-31.234111	-19.000211	-18.053160	
-14.308089	-9.058766	17.192503	-13.975634	-0.292254	-7.451834	16.816764	10.083683	-10.974501	17.539116	-7.059866	1.065686	16.761120	21.325844	15.620143	7.772926	-11.024980	-22.992624	12.223058	-2.978358	-7.079293	-6.335749	-25.434843	-25.834990	24.788340	-23.597075	-19.748859	-10.678200	-7.297305	5.703386	12.909221	5.642943	9.447690	26.585935	-6.770802	-12.262721	17.344086	-3.007814	-5.302250	18.556302	22.107610	4.495158	21.716653	-2.226774	-26.732660	2.665827	26.629580	6.485843	0.743606	-11.479733	
-16.153333	-21.425320	-7.357773	-13.804183	1.837193	-16.754192	14.632354	-14.891457	-16.931307	-14.329369	-8.117459	-21.116501	-9.879624	-5.692514	-8.394742	6.571482	20.811654	1.776523	7.698770	-15.947417	-5.174336	10.283631	-4.381029	6.185525	6.255071	-6.292974	-8.936729	15.776603	-1.161082	-19.852158	2.351679	-10.375885	-18.209609	5.463877	15.797093	0.791876	11.499401	17.027650	1.759818	-18.486515	19.324987	-14.094862	12.800685	7.170175	-7.691424	-20.687423	-12.061563	17.583510	16.990815	6.994845	
19.560651	2.258766	0.942839	-4.042184	8.026537	-13.353181	-24.794011	-7.001219	4.657297	10.823126	-14.933770	-16.663363	25.616358	0.656605	-22.643162	22.131524	23.162002	-1.221681	-9.047825	19.870424	9.485142	18.625727	0.499509	0.642980	3.043818	14.071743	18.759313	-10.782392	6.536504	25.907891	4.966973	-22.896954	-10.508403	-11.220017	-3.184450	-23.744934	-16.640816	12.761473	-14.706774	-19.469654	-15.197902	0.376274	11.882209	10.407134	7.360300	-8.859092	-3.932713	-2.200093	-17.478124	9.169505	
-16.637128	-9.145726	-13.495244	23.389676	15.765012	1.443581	-13.939847	-6.802649	7.123324	-2.654378	-5.665741	-19.433540	-12.202937	-7.075711	0.135827	17.194976	-16.696784	19.329454	-26.592095	-22.345896	8.560240	-1.152467	-15.486145	11.594897	-20.814524	7.875288	4.835453	-6.901230	4.761772	20.694936	-26.830946	-26.979884	-7.476264	-16.389481	-14.914806	22.650938	-0.121368	-25.331434	-2.148280	-21.373189	-18.809841	10.857707	-23.863432	11.276678	-6.822311	20.361284	-0.428554	20.047785	14.500264	-17.129511	
19.816533	-11.052549	-7.221014	-17.552665	18.865788	-19.087925	-5.817398	-17.473942	-8.767037	8.040829	-9.603324	18.086133	-0.550073	-2.848537	-15.528309	-0.865585	1.896641	1.160401	15.833961	15.359463	14.282762	0.888019	-15.248976	-2.094244	-12.928964	15.507970	14.727794	-0.637974	14.227302	16.803697	-16.176823	-17.790276	5.058950	-7.310733	-0.660811	-8.088930	-0.877242	-7.642577	-13.102319	-0.492430	14.054110	17.945236	7.267281	-4.238132	-17.107875	20.626438	9.174714	-1.882698	6.623130	-13.206639	
-25.932704	21.073608	16.769675	-6.967486	-23.887835	13.515327	15.543623	9.914010	23.536053	7.021088	-9.546434	2.533257	13.149250	11.647802	12.610626	-18.262203	9.492483	-0.618234	10.384500	-10.525405	-7.604903	17.686745	14.233157	10.240461	25.358588	8.205355	22.843254	14.204515	-22.034061	13.597437	16.990675	6.875883	-6.107975	4.804890	10.360740	-22.761113	-12.391637	-13.749986	-5.043445	-5.858090	24.819918	13.557405	-22.443496	19.527572	11.588794	-13.623175	-9.951384	6.439236	-24.183950	3.120259	
9.911595	-2.341804	-26.583508	8.273571	1.046734	-0.220151	-15.341378	26.068094	-20.052043	15.023686	-20.350297	26.096412	7.794893	6.166977	21.456402	-7.583678	4.115930	-4.916750	4.769554	-24.921864	-15.558126	7.747347	-17.870759	15.734172	4.703973	12.824145	-9.697513	-9.525317	-2.146942	20.989616	-26.302750	-19.159454	6.111755	5.184642	-5.565208	-26.923379	-13.971629	26.014580	-1.205780	20.628874	-1.874664	17.579390	19.238017	6.349043	2.200588	-5.205095	25.994795	-25.396794	18.468749	26.693542	
-3.830090	28.264394	-22.264477	-15.875810	19.553230	2.961641	13.541649	-14.775818	-5.220521	-10.200276	-22.343444	-10.186776	23.090069	24.326334	14.785804	8.777159	-17.350985	-4.958031	11.785996	12.905507	13.640862	-21.366978	-6.882898	-10.659413	0.546937	-21.150767	3.307798	-27.261741	-15.290288	-9.309787	19.583595	21.748164	4.067379	23.774446	-26.616587	-7.435035	17.730464	5.562596	9.278812	12.525330	-1.758867	2.841567	-13.136567	24.205669	-26.329812	-23.573981	3.964432	-16.816851	-0.610896	25.235115	
11.800485	-11.852460	15.120472	15.408682	-2.447244	-5.886579	4.087627	5.528624	7.546307	-18.168230	-11.985071	18.352030	-16.524222	21.204579	-16.104613	-17.503324	-16.464139	7.760551	-16.707656	21.983790	-9.530531	-6.542796	-3.982809	-22.455586	-1.360368	-20.782993	-11.938551	7.330973	-2.144547	12.222893	3.761815	-7.635693	-14.605631	13.676656	-19.819834	-13.435672	-17.937897	-6.374954	-4.846883	-10.506486	13.304398	-17.809810	5.074486	19.784316	-18.632378	7.744033	2.307593	-21.068046	22.864675	-22.166995	
-11.011277	-4.561604	-27.038603	-16.700094	25.868697	-13.434973	9.620871	-1.920206	26.347130	17.581663	18.669595	-4.732561	-11.650868	18.785570	-14.111985	-26.209402	18.969346	-2.998943	22.511324	-11.339508	-1.661700	19.381143	3.080146	13.576498	-24.038242	-6.927991	1.376119	-25.458771	9.474664	-2.612103	-27.944590	-10.920404	24.293095	-13.513719	8.858589	-2.074112	-7.600350	-3.204437	-24.003831	-1.261345	-8.407040	21.421817	-0.116564	-1.349763	-25.070000	-12.969747	-28.682320	-1.910826	-17.173635	26.187173	
-14.608737	9.696372	11.177905	-22.398832	-1.047474	8.551613	13.368188	0.574032	8.715491	13.916935	-20.538668	7.268789	-1.478199	11.775356	20.627244	-5.106114	21.245930	-4.430492	15.860622	-16.435367	17.317487	13.669166	-2.341275	-4.129533	21.672436	15.639800	-17.484768	-13.250710	15.169511	2.982573	-17.105318	6.475055	17.671408	11.042058	-3.514379	2.950151	-15.673251	-6.290399	20.730063	18.538694	-9.899178	-10.677325	-2.039869	3.664073	22.368157	0.249849	3.149096	20.704051	-4.207349	6.038217	
21.243100	22.425168	-22.613505	11.287476	-16.388385	4.200125	-1.522357	-6.650109	-18.444878	-12.642960	-22.318161	-2.255067	3.440105	-6.838424	-7.265693	-12.704131	5.712810	-12.748335	22.788771	11.439678	-20.197073	5.351368	3.373762	-18.567407	-16.064377	-14.222151	0.050453	1.896850	18.403390	-5.045484	10.927393	-14.326635	-5.841522	7.302485	-0.044995	15.265866	19.473374	-22.798842	12.848799	5.512842	-15.781762	-12.602707	-9.422014	19.409396	-9.962783	-20.846863	-2.874918	-5.541248	-14.147384	6.657463	
18.563323	-4.052297	12.458653	16.340531	-12.262361	5.685921	-14.421739	-9.638831	18.451671	-5.399984	11.364806	8.957917	11.585039	4.978793	-14.070965	-2.077228	1.641683	-2.355760	16.410352	16.964000	16.948722	-3.422216	-11.906695	-7.268623	-10.192875	8.853519	10.218510	-2.522741	-18.562793	4.257272	-6.334223	13.437934	19.178135	16.587998	-14.711659	-17.039997	-15.805913	1.120766	2.316831	-21.766403	16.490490	-10.221394	-11.142251	2.903957	2.129848	12.797394	0.597511	-14.373527	3.941272	-18.761620	
-26.238017	1.413077	-10.553044	-5.588584	17.400985	6.912344	-19.364869	23.757045	-15.963858	10.666695	-20.391973	-7.936117	-19.852092	10.237424	-24.552221	-25.577524	-19.447230	10.713918	-5.563245	23.401013	-0.197561	-2.777061	-24.826042	2.688717	-7.558199	-14.712597	-6.519052	23.824851	-20.030278	16.439926	4.899914	-21.979584	-18.930911	-19.118467	21.536136	-22.195015	-23.840290	-8.999098	-10.134240	-14.427855	8.323734	-16.864702	4.007099	5.772917	-17.206446	-1.292594	2.141988	4.896587	1.092028	23.041668	
13.908267	15.923929	3.510343	7.975491	-1.775024	17.525732	12.360252	14.166733	-8.631975	-8.430495	18.936784	-18.665947	-4.355226	-17.337318	19.392558	17.868728	14.795387	-7.101051	14.028790	-9.381099	-13.364619	-4.256392	10.100069	-3.671923	-1.911363	-10.456914	-1.036776	-15.891131	-18.608231	15.488891	14.634393	5.317083	-15.259880	-2.492567	14.752738	10.263136	16.280078	14.958444	-11.376408	0.120784	-1.177060	0.248769	4.743180	7.879990	4.146075	-1.660171	7.201684	18.951103	-14.765852	-18.624940	
-2.831364	-7.708711	2.622376	-17.128880	-20.273549	5.651545	-18.647851	-2.615082	-21.579270	-15.401993	12.086908	10.268846	-1.514294	-1.141375	18.181072	18.781463	16.232735	18.744411	-0.246610	-17.078855	11.410984	10.859990	-11.746266	3.432648	-22.597300	12.888882	-3.528050	15.790630	9.913341	-2.297933	-20.798493	-13.921683	-6.546233	11.110400	-16.278083	21.498179	19.325703	16.945919	11.134963	22.358200	8.845192	4.933228	2.673737	-11.132192	14.041192	-11.349092	20.941766	-1.410557	-3.828902	0.153128	
-11.991920	-19.262768	16.382405	-5.245621	-19.153596	-23.307719	22.872092	19.364209	-19.889363	-9.997637	-18.587125	3.974255	11.215673	16.576546	-17.856066	5.852511	10.852755	-15.949750	6.556656	22.086134	-16.851485	-23.234948	6.005527	23.373857	-2.910492	-9.602604	-21.516913	13.231667	20.818675	-11.654089	-18.800421	-3.937751	-6.291780	-11.644190	4.004919	7.252077	8.146046	15.657657	15.215867	14.826406	-3.042877	-16.636984	-19.723860	-22.898761	7.277482	9.304545	10.757801	-15.156154	10.461299	12.236377	
-27.802294	-18.794970	-29.198272	19.185373	-3.057878	13.446319	-13.009840	9.602730	14.556324	3.255826	-26.041183	14.030587	-2.261289	-1.825278	-5.445158	-23.114730	5.290057	23.968659	-22.667610	27.313292	2.113600	-14.502722	0.317077	19.217490	-15.239219	-14.095088	-14.126222	24.568464	-11.045796	15.059934	-8.571846	-12.938151	-3.209244	3.539709	28.427405	3.443197	-3.516705	-16.518464	12.365487	1.790657	-25.434419	-5.464586	-29.138695	14.608022	21.587002	-8.181135	-22.449713	13.526201	-28.947781	-20.488166	
-0.330771	-3.834323	5.121714	-26.217325	-24.505365	15.467177	7.936597	-21.453444	-4.488581	1.861285	-21.694724	12.331417	3.666217	-14.301128	16.034471	4.287387	8.606532	-16.498724	-1.231230	0.552369	-4.849294	-10.692044	-14.943218	-7.588313	1.039574	25.508030	22.104984	6.236161	-26.092955	-19.314101	-2.707626	-17.293305	0.194214	-25.810703	-15.682962	10.364496	-22.929629	2.207490	-5.748038	-12.700359	-5.937040	25.122116	10.163106	-26.456470	-20.376420	20.877964	25.256305	-15.735477	14.153491	14.426949	
1.141858	-2.889620	0.139479	8.080362	-8.300959	-14.593862	-5.403361	17.374185	-1.132130	-8.442499	-0.604361	-21.083257	18.980922	7.383844	4.946291	6.202059	9.683445	-15.605704	-6.474946	1.807380	-7.359438	6.599814	19.143372	17.821052	1.446562	-13.029174	-9.209223	5.054014	14.127459	10.518284	-17.601394	-0.045100	6.600106	-19.390252	6.043326	-17.743069	5.354986	9.501391	13.298722	21.493053	-7.636856	-18.419736	-4.224422	-7.334497	22.556042	-19.828273	20.998400	-21.454773	5.943494	-14.364584	
-0.392562	18.438986	3.880781	-13.374517	21.000107	-22.028417	-1.197864	22.898758	5.167227	15.699137	5.635694	-5.026180	22.508364	-0.883040	17.923018	6.583346	6.608986	6.119562	-2.459204	22.898902	-3.760275	13.231374	2.273919	0.740770	-12.908567	19.578185	21.902510	-10.623599	-19.735796	14.122328	5.062979	17.954040	17.967076	-22.195691	15.363381	4.851818	-19.526792	-4.530714	-12.143185	-6.785166	-10.824961	5.521031	-17.708034	-11.786932	-10.648345	-8.033091	-21.997992	-6.517977	-2.816797	-10.067999	
6.794948	18.038198	-20.390267	-4.208597	-6.076530	-17.512499	-14.514003	23.258634	-1.085355	23.829609	9.622749	-0.441620	-4.946387	-4.840897	12.782856	-22.955471	-21.701314	-12.200167	-17.270281	-1.398814	-20.568152	20.482751	21.201412	-17.389555	18.927827	-4.837996	-23.287767	-1.285983	4.778731	13.404302	11.693993	4.474021	10.963624	23.954636	-7.943996	-0.961731	0.296810	-12.881497	-6.017815	8.663737	-8.988568	-14.622650	6.474773	4.013127	-22.554939	8.984265	8.769756	10.818214	-5.371890	13.347566	
-19.978467	-15.109661	-20.899716	-22.568529	12.809545	-17.780252	3.623041	7.967008	-1.713217	10.883655	6.803389	-14.432118	23.132081	-16.107176	-5.140792	19.549587	-15.090269	-0.707671	-13.128108	-22.826453	5.378724	5.442244	-11.731653	3.098138	17.807107	-18.074840	-22.847758	1.181257	5.355626	-2.245439	-4.706487	-7.825689	23.513234	-6.080887	25.470718	-21.342171	9.671703	1.393973	11.825616	15.263531	-9.268944	1.759282	-11.593305	-22.104558	6.961797	-18.642820	-20.871135	13.651108	20.106867	14.627908	
7.628691	-0.425088	22.626643	-12.509393	-10.866479	-20.483146	-8.729871	16.725523	-12.643468	10.890799	3.716929	6.943093	-6.102353	7.827092	-13.757458	-7.589797	9.106640	-4.712722	16.418959	-16.587847	18.653381	10.001824	21.849195	12.175220	-18.278671	-13.140077	5.345246	-14.024970	-21.344002	20.712289	-14.297327	-2.955673	-16.052827	11.934283	12.326627	-1.783768	-4.794542	-23.402961	7.897434	17.999796	23.120258	22.713191	20.529713	20.574886	21.966076	17.740394	-5.729186	23.331907	-18.211432	-17.119002	
-1.888345	6.573962	17.672423	19.759845	-0.717151	-9.610241	24.026870	12.103291	-4.711150	7.013178	-18.703654	3.965784	-13.129143	13.068284	-23.162927	-10.481013	-16.498690	-16.393901	-18.411348	-12.751539	-19.050111	11.195025	-1.513919	-18.796485	17.053924	18.743662	-10.790404	15.435034	17.749687	17.681275	-20.842569	10.498583	3.256708	16.627699	-12.442629	12.597497	-23.628104	18.624678	3.759814	5.169412	4.060223	-1.577573	-3.960960	-17.784851	-4.294159	-5.951723	-10.539113	-13.166954	12.127804	-8.258298	
-0.987292	-1.458686	10.476490	5.749412	-7.793411	13.093744	-1.960559	-11.648351	12.446444	0.511051	1.491295	11.089954	-5.720487	0.683995	13.814382	5.925279	-10.625418	-3.528079	-16.813433	-9.797845	-10.415830	17.768230	5.323243	-9.007179	3.080760	5.708736	0.238120	3.589536	7.250934	1.406634	6.710097	-13.260165	-17.094801	5.166598	-3.457681	-13.230177	-10.894515	4.185317	-0.077819	-12.488929	-2.570380	11.081366	-0.241468	-5.120426	13.559011	-2.089873	-3.040077	7.140039	-17.245695	-8.383787	
27.183226	-26.810056	-19.717763	-2.502224	5.465718	6.423302	7.359335	0.247580	-26.704806	15.762958	-28.252887	1.491387	-30.369338	-30.703010	-0.491116	3.146029	-19.022671	22.297337	-25.270055	-23.138438	-19.762318	29.193905	3.599784	-14.539490	22.985052	-4.259907	-26.430367	-6.007801	-26.309094	-18.169359	11.993030	-26.993490	2.549547	-20.952727	-3.532374	-25.324939	-6.894083	-24.130484	-1.275584	15.341071	10.367302	13.103086	-19.876753	22.675783	-26.299528	11.963951	28.659844	16.426756	-25.774751	-13.589236	
5.547662	7.897837	20.493781	2.594018	18.740263	13.369835	20.219062	-10.190466	-18.819619	-15.192767	8.226586	-6.723146	-10.450346	5.379847	15.852623	11.597339	-17.366112	-17.347310	3.177302	-2.496815	6.644283	11.947175	20.896552	-10.516984	15.437685	2.042141	-12.084023	-20.766732	-13.020331	20.707877	-0.309599	-3.713031	4.142057	-6.615132	-13.030701	-11.564771	18.173842	-7.048907	-17.037530	-17.573254	5.620975	5.165084	10.024349	12.942928	4.042422	-0.434685	18.510758	16.189021	-12.278462	-18.286072	
15.171839	6.852875	19.617165	10.902272	-5.017810	-18.918937	18.068130	12.505253	5.694981	8.375380	17.278399	-19.728745	-3.899794	22.593286	5.193272	-3.656745	16.483403	-17.136887	-4.602012	-4.527750	-7.670485	-16.163448	-22.027285	-4.930621	21.215627	-7.246726	-19.784823	0.392631	-19.108234	-10.950540	8.268286	-6.683583	-13.382379	-13.525640	13.514451	0.716397	-4.726415	12.793302	-21.828898	16.965112	-14.201596	-4.526796	-20.720160	18.063450	-21.625126	-5.647796	-6.154387	6.971822	-17.204296	14.387954	
-24.975044	4.341639	-6.778827	27.397411	-9.034838	21.636874	11.697822	-3.474872	-20.532045	-22.428648	-23.232539	-22.070374	21.636840	14.993494	14.220576	-10.099071	12.729477	19.671195	25.382984	15.608889	20.725538	0.619405	16.558121	9.486433	27.396468	26.128962	0.160908	21.856381	-5.716716	20.139660	-2.475832	-16.622068	14.064021	-1.500006	1.386387	-13.978402	1.800913	15.088886	-25.728012	-27.792405	-0.081685	23.057597	-25.011271	-12.462237	17.477123	8.884461	-15.477484	10.526902	18.758393	-5.739323	
-10.704709	10.788301	3.736750	-4.837668	13.525413	-6.450552	16.733017	-14.870925	-2.384893	-4.835801	6.565951	-8.580563	-16.056916	1.366281	-17.377699	-5.507569	-8.651480	3.784489	-13.888641	3.212976	-9.300887	14.280118	13.097068	-19.493378	12.244189	2.159452	2.202316	12.966679	-17.416585	10.122000	12.512074	12.226822	11.773651	9.696051	-4.815851	-18.297195	7.653088	-12.289041	9.113286	-13.434224	-12.810130	-5.920358	8.804165	2.909916	16.281827	1.360720	-16.887672	3.556260	12.765298	-16.614382	
6.452119	3.796154	24.915042	-29.562290	11.402816	-16.013997	-21.051759	25.391306	23.415209	22.400136	-15.606092	27.147241	-1.847637	22.280507	0.743651	-29.915566	12.530999	-15.209786	28.911211	-18.007007	26.376751	10.498290	-13.182186	-17.297148	7.515236	-7.579043	26.061846	4.096958	-7.140973	13.511170	29.827425	-24.826941	-16.603757	-16.549085	-5.766963	-15.515988	-26.048340	-25.407387	27.469418	24.298252	-29.089582	-13.950959	19.855573	-29.727996	17.597704	17.170802	12.909844	-13.680406	17.043013	11.315380	
3.141554	-12.024609	-22.687639	-9.500738	21.377613	-3.357048	3.844819	-21.501373	-6.731128	-16.823682	-5.866805	-20.100977	9.342154	20.208426	18.110188	18.425916	-1.533665	9.424120	10.097349	-11.406598	-13.722674	2.593483	6.008649	4.629820	10.358282	16.376304	2.323714	9.602302	1.549088	4.513090	5.003234	8.880625	18.175778	-12.698107	-9.022296	5.647853	10.093333	0.376344	-20.449758	18.950899	20.424125	3.020520	8.113633	-4.245020	10.194803	-22.676772	16.880966	-15.739453	-7.464384	17.855179	
-4.502381	-24.917951	-22.445913	-19.925278	13.966231	-3.592330	-9.329151	-6.820882	22.291155	17.059223	-24.996289	14.507623	9.485950	2.703271	-23.909442	18.759706	12.284735	-4.712308	16.425009	-22.935344	-12.177282	-3.140449	11.904852	16.768892	20.621380	2.951091	-22.881945	14.055428	-0.835665	9.401056	-24.068235	16.341161	-21.741565	22.370327	-6.884941	13.472779	-2.017692	6.640123	-24.764998	-21.003363	-18.749916	14.654370	15.738144	3.336582	8.797182	-17.751909	-7.285681	22.355083	-19.309453	5.511494	
21.605783	3.921554	-12.716445	-14.057869	-23.733326	9.520795	-21.719375	11.977371	-7.936726	-22.802661	7.324002	-14.367400	17.125116	3.061928	18.889932	-0.570055	21.174745	23.189654	1.784470	9.341968	-7.616932	-15.031092	6.716279	22.432786	3.673302	-2.281200	-21.550875	-23.532780	6.274573	-3.919472	-15.680687	22.592388	-8.522871	-22.704717	15.571004	4.405184	10.612089	6.724634	-6.135228	4.712325	-4.388848	16.425436	-7.254966	3.744309	-2.027480	-6.352871	-2.942825	-20.514793	-19.879781	-11.967392	
3.143575	-17.106002	0.343021	-3.960038	14.418016	10.443957	-12.163022	-6.262712	-6.954821	5.335365	6.798667	13.653782	9.204314	14.325124	-11.093181	-23.426497	15.945177	13.460886	-9.640939	10.542052	5.186868	15.885297	-6.391684	-16.003349	-4.093363	11.477992	-2.261499	-16.167456	7.796988	-24.099930	-10.228616	10.879458	18.929567	-17.881813	-13.271057	4.045574	4.662693	14.446478	12.543559	-8.958436	8.469487	-16.380667	-18.446454	-22.838559	4.560944	21.190416	-3.619640	15.571437	-13.163886	10.210685	
-2.329654	-6.624068	-20.826710	-15.594688	-19.901548	-20.227731	27.573705	-19.291354	-26.749067	10.881763	-6.814932	24.697617	19.881694	-15.671029	-0.143436	5.435472	20.315184	-14.408462	13.934403	13.451664	4.805912	5.695885	-1.002041	-1.370874	-23.073005	-14.707272	-6.180684	9.336139	-0.302429	-26.939438	11.428865	27.154881	-12.017139	-7.281114	5.579806	-17.311980	9.452107	0.003858	-16.615166	-8.989104	-16.801025	13.977723	19.855916	0.455926	22.175220	-22.987376	10.026155	15.165902	-15.002788	8.448630	
1.674427	9.966876	19.921668	20.595889	-4.640686	18.622740	-8.773738	-4.692830	5.979703	10.837616	-2.921343	-11.525183	10.801807	-6.538433	-17.733481	-22.654171	5.669186	-18.063604	-18.948466	4.555729	16.765212	7.512382	-21.080308	-11.430578	14.304912	-1.122811	-1.126958	-4.311344	5.936423	-0.990875	11.739031	-2.652300	-5.872780	-18.458992	4.029365	17.639402	-6.633890	10.441334	22.707738	-4.364006	-22.040164	-15.809059	-2.695006	10.745099	-9.888941	-11.256138	9.674046	21.175200	15.521561	7.904054	
-11.556818	-28.913850	-24.673251	23.405816	-13.663569	19.581782	3.530601	28.039876	-20.913257	17.517863	-18.763715	21.582040	9.355858	-10.648756	9.092933	-4.466548	2.223536	11.550847	-18.376862	16.810529	-12.074602	-15.852848	-23.561735	-9.513999	22.165245	18.917214	12.959569	-7.252040	-12.741821	-12.085852	14.990174	2.971623	-11.309291	4.674474	-19.016021	13.775229	-16.704482	-9.679470	-0.235964	2.724511	19.918174	22.759723	9.515876	10.606559	4.837461	-19.455864	-3.520827	22.892438	13.095303	2.974296	
-23.364536	-14.054403	19.797693	-23.882678	2.282516	-27.159478	-16.484322	0.135394	17.918097	-14.814415	-17.818497	-20.444965	-27.866135	2.578973	-4.260326	-22.710865	-27.781395	3.622940	8.491090	-7.294528	-8.822718	3.848138	-7.270276	-11.901879	14.753498	10.534296	-26.288843	6.869111	-22.504634	21.329054	22.786119	-13.149615	15.883530	-23.244158	-16.967492	11.001685	-5.515428	4.691987	-14.802712	-27.789225	2.859725	11.118433	-8.253554	-8.284913	-4.493137	-2.596639	-3.032560	21.702782	-23.845875	-2.355399	
-26.009910	-12.653680	8.254204	-25.393554	13.179674	-2.236978	17.551887	26.124877	-10.373708	5.406783	-18.007605	3.509266	-0.293927	-4.787671	26.380347	20.780483	17.709796	20.520473	3.570954	-13.921212	-26.734246	-23.312674	-13.175781	-7.364046	7.542419	4.322593	-20.526851	-5.945960	13.998172	-11.790194	-7.780807	19.671923	-20.626698	15.534221	-8.018505	-2.344624	1.286389	-8.812322	-11.821491	-16.959014	14.615322	26.704094	-8.208037	25.570315	15.748988	-13.132649	-0.097145	12.021393	-26.735765	-11.247848	
13.081661	-14.583087	9.851474	-0.910446	14.705572	-13.569540	-4.206487	4.594545	-8.603955	11.458408	11.017121	-3.067153	10.103570	11.445787	-11.381511	-4.357466	15.730973	-0.763265	8.826261	-8.031096	-10.038420	-2.742399	-5.373966	10.648531	-0.222062	-0.145395	11.463494	-14.049414	-6.501681	-0.279374	8.458673	11.748215	-6.431384	-0.963337	12.582134	-11.367189	-2.241238	-12.557277	0.195015	9.346462	-12.896178	-14.083127	-13.783462	0.578675	1.312488	-15.551710	8.805656	-0.710247	-4.876701	5.645797	
-14.068897	-22.716725	-24.654927	11.760235	26.108317	-15.538350	-12.651799	4.473943	15.868112	8.753832	-23.096678	2.874574	19.299732	1.701487	25.589441	-27.993891	-0.153299	-28.996502	1.074672	22.854531	7.705043	11.225069	-10.921538	-9.041139	5.406939	18.416830	13.461687	14.441104	-3.602220	-31.466567	-9.052284	15.501401	-22.662871	19.884174	-9.844607	-27.903464	5.509754	-25.767239	-24.642990	11.753424	0.217644	8.531035	25.563454	27.799329	30.208239	-2.671022	-10.595542	0.267373	19.261713	-26.512987	
2.776557	-23.252191	-2.099387	7.346542	14.401750	13.371695	-4.316730	-0.787639	-18.489823	-12.906143	-5.198832	7.977839	7.438672	-10.118611	-21.311348	-13.928605	25.562686	-12.258230	-24.251290	-17.755205	5.751987	23.975336	10.969648	-8.130709	20.743644	-6.496851	19.097632	9.296808	9.648847	-9.862521	-10.468705	-5.315792	-19.979805	-15.114574	-10.711352	-15.982473	-0.658280	13.040586	21.047338	19.880004	-17.354938	23.471224	23.379232	-2.056202	-17.051173	11.926314	-14.661401	-10.059678	24.129743	22.369961	
-23.149403	-7.887494	-8.976599	2.699923	6.947357	-11.563847	-14.880997	3.372474	-17.756382	-22.274625	13.222748	0.642657	-15.513169	-4.995417	-14.501748	19.696769	-7.026740	-15.159543	22.706631	8.849053	14.879481	-15.659789	-6.801539	10.975609	14.651477	25.554418	-2.803816	-15.382942	26.907378	-23.413053	-10.462705	2.442345	12.991743	10.974870	-16.058438	22.498248	11.365113	-23.276169	-14.241784	-14.498395	-1.259738	11.675467	18.429942	16.917685	-14.209292	-6.026438	1.198278	-20.700383	-10.100149	-1.334445	
14.322542	-6.803172	-10.177561	-4.209788	3.692494	-1.271310	-7.098167	-5.285494	1.273819	2.219250	1.565486	4.774041	-7.246705	1.543884	-8.391621	4.304666	-3.267143	1.322605	12.914650	-14.032835	-14.499573	10.890931	-9.040936	-10.817697	11.727401	-4.330904	-9.703087	-12.245613	9.559734	7.885213	7.638474	-3.653936	5.219415	7.827028	-8.968354	-4.667550	-5.476335	-1.847935	2.360680	1.186344	-2.015600	-10.725901	5.409056	8.326193	-5.410568	-8.575024	1.448394	-2.200983	14.238022	10.872134	
-10.770739	-3.764157	8.247402	22.096558	-2.317435	-13.647038	14.548462	10.278981	-1.222968	23.483139	22.013067	-0.656041	-12.236082	-2.636445	-20.453333	-1.166960	17.010439	-19.991413	-6.609997	1.223635	10.885509	-15.954059	-1.062096	14.755346	-9.811107	20.557426	-11.960118	0.206890	1.902210	8.605272	18.484203	-7.028966	22.760894	1.866586	-20.390919	15.068458	23.933712	-22.234563	-10.694106	17.330785	-8.250132	-15.781958	20.996006	-23.918438	2.023506	10.875252	4.781030	-12.311734	23.566495	1.051547	
-15.162636	20.774049	-4.317963	5.573511	-13.969432	12.242702	17.087285	-2.875000	-21.518935	25.448446	-25.835606	20.427701	-13.618151	-11.831387	-25.535452	-19.243717	-13.996001	-12.501875	25.444316	24.330608	14.675610	-18.874321	-2.186635	3.592478	-14.132416	24.221104	-22.565133	7.642469	-0.056551	10.311435	14.635836	24.766816	5.693287	25.738425	-6.669752	-23.065461	-19.441386	25.398023	9.298578	-21.561028	-19.410426	9.168603	18.878668	1.934958	8.834969	-9.847435	5.829673	-8.851137	-1.016057	-1.511618	
17.693361	-12.619788	-12.289928	27.980621	-14.160665	26.783377	12.318258	-13.354452	24.999642	-7.835901	-21.675363	2.878110	0.699995	-10.664582	-2.412124	-24.323138	-5.153346	-16.342430	-2.903577	-4.714828	23.533132	24.681480	-19.330088	7.382018	-6.765577	9.629691	-3.492003	23.704242	6.332988	9.948081	5.274345	-27.920715	-12.286557	19.729872	-2.212541	-23.122485	-15.510404	-8.948247	-16.855789	-16.992864	15.159935	23.562011	-28.112879	-21.554908	18.700002	-21.307760	16.855921	14.867323	-7.993614	-3.103399	
-8.878813	-1.569559	-11.889227	19.031104	-6.451814	-4.592050	-7.267474	-4.361742	-6.639103	4.643606	-19.167739	20.584469	0.655490	-2.987233	-6.822007	7.149695	-6.319007	-17.497545	12.385148	-11.317925	2.606594	21.873484	-2.001099	0.359593	-11.061571	12.128423	-19.281000	2.394259	17.016775	-3.128612	14.223706	-8.380127	11.082077	19.874118	9.949194	-11.344750	-13.806783	16.857033	-8.220243	-12.994679	6.235170	-15.942781	12.400041	-10.862416	-19.773359	11.221708	12.914204	-11.443225	-15.689698	0.407059	
-22.130051	21.599090	1.793206	-10.087280	-12.042237	22.593866	19.625106	-14.108824	11.244810	-24.853295	-6.809414	15.765698	14.684911	24.437723	-14.128753	17.181014	-2.586593	7.107249	15.885654	16.562192	-16.121030	-23.587924	13.332679	-9.067268	19.514356	-0.761185	1.828614	22.787382	-7.162577	2.273989	22.764430	22.879888	-7.082284	11.709242	16.459710	-12.161034	6.788756	5.458307	-0.483996	10.329138	24.675496	-17.661741	-8.717078	-6.755318	-20.431780	9.480195	8.340302	24.398829	11.720292	-3.737084	
17.748847	-19.836088	-21.673688	-15.629422	-21.880504	-10.577907	-20.329423	13.896681	16.074859	-20.068082	-14.935945	-17.390451	-15.026680	-10.200117	21.450037	-8.029468	-1.054169	-15.489918	-4.245084	-6.795207	-4.350497	-12.060967	19.746333	-15.157502	-12.768783	-12.280959	-17.162723	-2.372967	-14.557629	-6.519439	-10.969827	20.354348	-3.842451	-12.528280	10.169392	14.017241	-13.115691	8.577666	-15.491979	-12.150590	17.231473	-7.993919	-2.944839	5.489691	-2.040935	-18.005674	13.148918	16.315145	-10.915912	-1.315290	
10.003475	-20.877162	-22.065853	14.083650	11.357473	-4.562275	21.282553	-8.070420	-20.956580	6.685805	20.138095	11.753829	7.849384	-18.071487	-4.147511	-20.683802	-20.906522	15.490807	-12.961144	-11.491228	6.703753	5.628007	-5.258848	-6.396456	-5.437073	-7.653680	-3.321009	-22.885124	0.429594	15.324213	20.803105	-3.620204	-2.609144	-1.683910	3.626138	-17.900192	-6.751281	-0.403025	13.107534	-8.304114	12.157547	-16.231177	-9.879530	-12.006382	-12.640342	5.183026	-15.842857	-21.610213	20.951862	-5.541547	
-6.498489	16.142744	-2.203340	-19.836053	-7.574673	-1.664344	10.079041	-10.138298	-16.275521	-7.363258	23.161795	-12.457952	-11.021453	20.186838	20.684275	16.582580	-23.106960	-5.595819	-1.824115	3.655596	18.196399	14.209092	22.394908	0.122150	-18.161332	11.273225	9.449367	7.151269	-19.993483	12.724980	-5.644890	21.158606	-16.049003	-22.107502	2.446141	-8.481877	-6.245366	2.520659	-1.522428	-12.075254	-23.861384	1.321845	-4.364404	-17.876025	-21.108202	-22.918243	23.776958	0.116960	20.308142	18.579823	
-6.436683	23.360011	-28.628310	29.416650	-12.848429	3.913044	-30.695497	13.175239	-31.769338	-22.732253	32.576196	24.276941	-5.316535	5.272789	-0.370585	19.293786	16.254592	15.381183	-4.298852	24.295520	-1.345961	-31.913420	29.946629	29.571072	13.066266	7.699291	-6.310953	-30.031800	-12.610266	-13.213243	-15.273459	9.331697	-7.421314	33.500121	12.511798	-31.804465	-21.156082	-16.934608	9.646386	-34.361464	20.636469	21.833016	-30.576253	25.568498	-11.670019	8.575815	25.383958	-21.245202	-30.170469	24.590436	
-19.758275	-10.540773	7.635490	-5.939720	4.788578	-23.346262	-11.972316	-7.561878	20.230288	24.268557	21.898169	10.252827	12.792067	-24.779626	26.759287	-24.156567	-6.029682	15.866073	-12.941626	-20.402914	5.915640	-22.856997	-5.683673	-19.476862	-26.247822	14.850367	-20.186964	14.219500	20.683486	-19.877841	-13.323469	5.596968	-11.051239	26.683054	-19.385105	8.941308	20.504286	0.948583	2.740030	13.921909	12.985971	-6.686398	19.789778	-4.378614	-2.030438	4.871286	10.286251	-15.188663	22.530998	-25.544241	
-23.656379	-22.795860	-17.330309	-9.019307	-17.999952	6.522116	10.049293	23.843695	-4.398304	-22.450553	10.476801	-5.700958	-18.216288	13.083168	17.710031	21.023358	20.338585	-1.914633	23.906976	-17.449153	-15.496538	-5.457944	15.904162	23.631321	17.804579	4.951223	11.127577	2.621148	-16.140786	13.727735	-13.799060	5.472076	-10.245583	-2.463626	-10.438063	23.178178	-2.438965	-15.558201	-16.519906	-22.348580	-17.999839	16.836466	4.553841	23.617764	20.928659	10.924039	9.259493	-2.275579	-3.559043	-13.507132	
16.299759	-0.954708	-11.746140	17.405079	-21.724275	22.392596	-23.062307	17.948516	-17.221533	-3.000542	-15.371428	6.082376	0.108167	21.172012	-2.784794	-9.715625	-5.573641	14.243608	-4.377802	15.165006	20.734747	-27.308975	-20.342830	-17.475801	-27.284112	27.727138	4.543707	13.732838	25.271567	-16.865666	3.350869	10.841353	8.082404	-16.670160	-3.853712	-6.901292	-21.772497	-7.753601	8.593679	-16.802429	-18.590050	21.295936	18.678461	-17.718101	19.263776	22.106689	17.461415	28.084034	12.826508	-12.759253	
7.697654	6.613513	-13.230246	11.101988	-9.177983	-4.845910	-6.798424	-13.618553	-15.776347	-10.896554	-13.226930	-11.281885	5.552513	-13.806937	-14.132407	10.442636	16.561619	-12.579583	-8.389307	-2.532680	0.424003	-7.224041	-10.552635	-12.651823	2.862432	-4.903852	-16.824891	-6.171070	13.166997	2.345566	-14.132727	-7.083834	-7.444162	12.558447	-9.640275	9.693172	10.344233	-9.278225	-11.631644	11.863139	3.506319	-7.109290	-16.661682	-12.618057	5.135684	-10.611441	14.243313	-16.713530	-8.046592	9.745294	
22.865322	-16.381305	-10.579856	8.029062	7.200139	25.662790	-23.558787	11.933985	9.619016	-15.895581	8.654922	27.561636	2.303337	11.887750	17.908956	-10.697733	-5.402003	-26.418299	-21.242113	-25.555224	-0.718584	29.592234	29.083348	30.168381	-7.157971	5.900329	-12.356030	-12.353684	0.336964	-2.491414	23.830658	-5.314855	30.389789	-4.801501	16.878044	-19.396014	12.991147	9.246917	-12.066489	-0.005340	11.976971	-6.976730	-23.241671	-1.296245	-29.566716	-13.686589	0.485884	12.942059	20.820455	20.560715	
-8.159726	6.062854	8.698403	5.471950	-7.010635	13.083134	1.919348	-20.359407	-16.928120	-10.071789	21.234306	16.386454	-15.117992	2.419590	-8.104836	16.495834	4.816618	19.429212	7.370080	3.129934	-0.293535	-21.440532	13.660313	3.776697	-11.315350	3.558581	-3.428731	-24.648478	-0.754531	12.072252	21.792003	-11.105808	-11.090012	17.043912	27.654237	-11.814437	-17.105684	-27.619101	24.854314	17.768384	25.307680	-27.661733	25.400911	4.234102	-25.180767	22.777048	24.357467	16.384696	12.554697	19.082514	
10.535297	-24.385580	14.518110	-17.561881	-12.983190	8.088372	25.709766	2.716519	-4.598216	-14.115915	-0.402212	25.650942	-3.527677	-20.410832	5.469242	-14.051190	-19.196379	18.015520	13.691263	4.866042	-1.338289	10.044057	5.216740	-12.411299	15.607762	10.861838	-12.468243	-5.378222	-2.692055	-3.788770	15.831707	-22.995097	-11.081130	1.180213	24.709899	23.886207	13.230658	-14.887674	12.573775	-14.974596	-10.717860	18.416859	-5.233497	21.018489	-16.478310	19.793330	16.871987	16.208667	4.813065	-5.041250	
16.853321	21.083179	12.741208	-20.562317	8.635261	11.491891	8.378374	-1.135353	0.383536	-9.250922	1.627369	-6.415845	-19.287060	15.839461	3.788453	-5.907178	1.335108	-15.485853	-19.966522	19.207828	-12.736487	-3.254837	4.934027	-18.536248	20.542767	-4.012512	1.858901	-8.479510	-4.273594	-19.725431	13.981528	12.068373	-19.796537	3.228302	1.863972	21.761711	3.209525	-20.882158	-0.552360	8.056103	-7.482541	-5.784852	-7.114782	1.158385	15.539324	14.131864	-17.634756	-17.457413	13.702610	-12.013477	
-5.566662	-11.046830	5.448887	-3.830728	13.475212	5.333198	18.467735	12.103445	4.671956	-4.608717	1.024608	-17.944307	-6.079705	2.443669	8.397237	-0.076915	19.533125	8.041386	-12.509258	14.017393	10.658815	-6.228498	12.096605	0.269932	0.985660	5.510961	-5.595734	11.410204	-3.339418	7.501967	11.750758	6.476327	5.194882	17.671689	14.994515	16.653152	21.570045	-6.812195	-8.056931	-9.267735	-4.609711	6.853286	-17.857022	14.802582	3.503754	14.571528	7.884323	-16.085880	-8.555617	-10.386084	
-8.817351	1.394789	-13.880689	10.206178	-2.734323	-2.877572	0.158857	7.393329	-11.053732	-6.818816	8.916826	-12.467957	12.665989	-7.247647	5.916912	4.610569	-6.991275	7.296386	3.552023	-6.256080	2.345354	-2.567709	5.285205	-9.039264	6.456924	7.973243	-12.285154	-9.479867	14.132497	-9.598016	13.332547	3.378237	-9.195662	-10.150292	-11.701191	3.714852	-12.420682	3.288652	-4.327027	-4.492718	-7.911710	3.317462	-13.403121	-11.386179	-14.084448	-8.188317	11.998889	-0.519244	11.922168	-2.952083	
24.388143	-25.499897	25.157965	-14.581999	25.098188	-12.063361	-18.820040	-10.977738	-0.266408	-8.544685	20.602614	8.197088	18.911013	-4.498388	-14.189116	23.413531	-7.858873	6.023300	-19.804302	5.863735	-12.562273	-5.361203	-15.745702	25.500929	-12.259351	-19.398490	-17.092770	26.043379	5.431136	11.490228	25.676287	-15.020838	-23.831014	-6.062429	11.757966	7.717108	-19.336351	19.720932	11.679322	2.662566	18.970475	1.125781	22.368537	4.684380	-21.099791	-24.370340	13.094256	1.499167	2.655331	5.710570	
6.007132	15.337611	-7.233044	8.843641	18.928137	14.547168	-11.122872	21.236471	-20.551672	15.537539	-2.206321	-11.404780	-5.824980	-16.186755	-20.555886	3.704554	7.895442	-14.211458	-13.836007	16.725559	-9.963052	2.980867	-10.076752	15.050800	-0.303844	-20.705995	-14.434443	-5.296531	-3.011112	8.910083	-19.495763	4.759769	-18.640070	-11.215682	21.268027	-9.923747	6.127012	1.988859	-7.200485	16.477084	-19.537836	9.280465	18.544649	11.605627	-3.100832	-19.221384	-8.911095	15.766121	-3.926306	-19.857900	
-15.794518	5.832962	-22.376039	24.450295	24.362962	-13.481244	7.838294	24.543685	-4.029071	-9.901946	0.359944	16.150320	14.805344	9.399322	-11.417085	10.008999	-9.596784	-6.396235	-8.054776	-11.104728	21.339707	1.867618	-25.069273	19.955805	-25.143141	-23.064032	-0.707276	17.975003	12.450619	21.844137	-23.962064	15.774507	-4.930286	-18.760408	25.618544	9.322000	22.997419	-9.138577	-7.539240	18.904805	18.947733	-13.722174	-23.909515	-0.695610	10.627059	7.962342	-14.224343	1.428475	7.217564	-18.741985	
15.722652	2.746488	-11.671096	-16.556151	-5.676832	3.211703	-22.143095	-12.812934	7.359961	22.634931	-12.033988	12.329628	-20.894214	-19.330008	-19.446261	9.268726	0.040327	-17.453818	12.498189	-1.767333	21.949181	-19.846758	4.360656	-1.717104	-21.465306	10.887658	-16.831928	13.230829	8.894283	4.133264	-8.424005	-9.750959	-5.966431	7.185326	2.689197	-14.151403	-14.286462	-9.305102	9.751339	-17.522550	-15.381624	14.979655	-20.811511	-6.490889	-16.253423	-13.706965	5.221194	15.995109	-17.865545	-9.641197	
-24.474461	-7.196194	12.563344	-3.499352	-19.985387	13.157874	9.873994	4.149605	9.972240	24.300526	-1.810868	-6.819655	-13.185656	-18.125410	-7.513250	-18.323951	20.013369	-25.427859	26.651229	8.107330	-6.967071	-22.945709	-17.300867	-13.468031	-16.706912	-27.190115	9.843749	-26.477857	-1.026643	-13.255581	-6.284287	27.294730	15.618373	-20.293300	13.595034	12.610542	-10.103754	6.537385	0.533085	-6.382653	27.649014	23.697152	23.816330	-26.775243	5.540569	-12.262589	-21.961246	17.338629	-1.303123	27.261645	
21.111101	8.447712	0.268142	-20.282815	6.557476	17.638711	2.395231	23.326593	-13.481571	11.529650	7.709798	23.329460	-5.488835	-4.932941	-21.954037	-9.029025	-1.738577	8.749937	-9.429630	-14.240877	-4.829657	15.442242	-13.239810	8.560729	-5.136316	-11.692947	-2.586579	9.391887	17.761288	0.924976	24.107122	-10.486104	-15.585279	19.083232	23.706889	23.912183	-0.612118	13.445831	24.464202	25.603843	-5.341098	-17.185748	23.707516	-20.968319	22.206647	-5.887499	-0.886807	-17.623878	-1.696130	14.430813	
-25.070882	15.082130	7.913877	-17.832050	-10.771497	2.317360	-18.001515	-1.800230	-18.458676	7.586050	-12.551189	15.413377	6.026360	-13.764010	16.747912	8.382455	-4.521189	-29.518690	-20.374749	-26.644785	-26.464590	9.688244	-19.463778	-1.207490	-1.202107	18.440091	-24.614492	9.896321	21.986302	1.189134	-27.164566	-3.001568	10.699537	2.679939	9.239280	10.440583	28.726742	-15.385803	24.934770	26.213294	-18.247279	-18.218246	-10.892048	22.097961	13.796437	5.859432	18.577969	-27.599907	5.538781	-23.189061	
2.916461	20.530257	10.617832	-11.775318	5.135205	24.604989	-20.339836	24.671044	-7.172099	-4.703830	7.928427	-16.800060	23.068883	-4.484092	11.534683	-1.739950	-0.021818	-21.168762	-16.168587	1.135745	21.368311	20.641454	23.795478	-11.578519	16.986640	-24.482506	12.234872	-9.848912	18.405611	-10.297749	-0.681117	6.935163	-9.218734	-20.105162	3.165481	-8.836815	9.320134	-17.348270	-0.093718	23.699128	1.134464	12.289883	-24.077348	-16.335447	-8.952660	-2.583557	13.243294	-9.765760	15.132108	23.581264	
10.317195	19.119377	-21.893531	-12.529726	1.065607	16.546485	-18.774694	11.308322	3.239292	-4.093624	-15.177009	-2.168763	-22.307147	-13.350892	7.868905	-2.711842	12.822823	3.743024	13.209974	-3.448367	11.378328	-0.436017	-2.531911	-2.972735	7.099596	19.519610	4.538842	21.245128	6.795337	20.494424	11.191583	0.557810	-5.570667	-8.803860	16.480697	4.935150	0.467689	22.833007	-21.403666	18.275097	-16.552644	14.707908	16.325317	19.820784	-9.106103	-16.890992	14.082691	22.657413	-21.589044	20.687783	
8.347452	-18.158500	5.873775	-13.430050	5.690177	-12.355413	19.112404	18.645689	8.177464	-17.667749	10.471986	-1.124041	14.555660	9.046337	2.876311	-11.673965	-3.251855	-4.589999	-18.673739	10.759528	-20.386547	22.989047	2.435307	-7.150832	8.978296	5.842693	0.401506	8.981043	8.412742	-18.568747	-14.332237	2.537385	3.861023	11.057257	-13.667174	-11.319263	3.514094	5.299271	22.131389	-21.865563	-2.553607	17.511732	-22.268731	-9.217953	-6.919312	-9.338370	5.094076	-15.108443	-6.324940	-10.087934	
26.627301	-2.986130	15.851859	-9.008336	-23.035511	23.996279	-4.411131	5.335872	-16.338576	17.393730	-2.638059	-24.904272	14.223940	9.452631	6.967618	4.288003	-11.325517	20.919191	-18.681133	-0.308124	-3.191101	-5.419365	-3.952188	11.741311	16.568825	-1.210881	-19.059596	-2.046916	-19.476773	-5.325311	-14.530567	17.888086	4.111044	8.054630	14.948679	9.657126	0.633889	17.397442	11.132850	-15.496708	9.896609	-24.495064	-21.645600	12.852152	6.010056	19.043726	8.522286	15.453271	-6.039840	-9.521663	
-22.445687	-17.105338	-11.266811	-13.946083	7.679032	18.343643	-10.361293	-16.463895	5.942284	-12.110700	19.712394	-17.588060	11.989211	-11.158414	7.642742	6.926749	12.001123	15.076885	8.373665	14.242817	22.550913	-23.632061	-5.387998	2.597908	10.667879	-18.235890	2.912139	-10.401341	-14.403923	18.050273	-21.890739	-5.730349	-13.778604	-7.935338	6.857769	20.960282	1.960944	20.783749	-10.748767	18.880605	-2.576468	18.817809	-22.628743	-4.219589	15.533546	4.465109	6.762509	-13.857044	11.260138	-16.417457	
-21.864761	1.692765	13.973469	-2.604362	14.994581	-4.948102	22.207575	-6.865714	16.525574	19.325603	22.382063	-13.005231	3.135650	-15.580689	-21.821907	-26.785799	7.342383	7.736358	4.841988	-7.903364	13.972512	-14.659497	15.717287	23.546960	-11.163788	19.726597	-10.172925	-20.382337	-4.453220	5.847023	-4.227212	-0.322134	2.175772	-19.085491	23.502679	2.676206	-8.367631	7.186573	3.379406	-2.326967	22.409222	-8.083708	18.126978	10.915060	27.873144	1.182195	-19.724189	-26.436408	20.133537	5.675013	
-27.093191	-0.525810	13.343223	12.586469	-16.607781	-8.168829	-16.458845	-8.001751	-7.938089	-18.400293	6.698784	-18.195414	-26.922886	-22.600695	-26.043833	-9.048112	-0.674874	14.378355	1.886606	8.642294	15.600172	8.911865	-1.428730	23.645912	-3.039618	24.277335	7.655934	-18.334253	23.188206	10.115741	-0.691179	-22.101982	-25.248388	-23.800617	18.020491	16.155990	23.933363	-27.715512	5.064832	-25.594661	-6.548108	7.577848	22.926526	-19.881057	-0.832272	11.667589	-25.203437	-2.414477	6.621518	-21.345820	
0.994634	4.906688	9.083778	8.139221	-10.412000	5.477361	-3.112697	-15.233379	2.678084	-8.629469	-3.022864	-19.692624	-16.888279	-11.300652	-20.412233	-14.243400	15.059570	21.310783	15.124148	5.674880	-1.362101	20.442784	-16.834597	7.601360	4.002787	-15.844826	-14.115087	7.011181	-11.956656	9.254413	6.659920	19.145956	-13.571218	-0.800992	-21.451807	-12.260956	-15.646778	11.250827	-2.331200	4.300905	-13.904215	-0.022018	-2.982213	-20.576505	-8.755932	-19.107791	5.828594	-21.204786	-9.653702	20.466029	
16.017600	15.276361	-15.940059	-20.440899	-10.325183	15.054975	2.869378	-12.226653	-18.935422	-3.096500	-2.157141	16.750091	20.928316	6.949046	18.710960	-15.384061	-14.927683	21.195495	-20.720284	3.143522	-18.882894	-14.233646	11.576977	-13.297286	2.598003	7.192999	-21.094733	6.600978	6.672051	13.933414	15.511649	17.182432	-9.161699	0.029248	10.282312	-0.523706	-0.626628	13.131729	13.829762	1.339375	-12.004017	5.181812	12.089746	5.499333	4.784692	11.300598	-17.787694	17.383146	-3.866600	2.796820	
-13.534405	8.114577	28.893681	10.587650	-13.307144	-5.201551	-27.576751	2.996395	13.077862	23.199359	-17.392338	28.243289	9.693424	-1.574638	4.989679	-2.925602	-22.967023	8.376445	-28.863750	3.296677	14.770488	-11.008090	-23.462882	2.589630	5.378959	3.323349	-16.039807	2.171441	-20.387625	14.357679	-23.138426	10.477717	26.700687	-17.641437	26.623139	2.507136	-8.778324	-16.380237	0.645772	0.027714	28.690909	4.511775	-16.294114	29.647201	-4.756185	-5.516115	28.005791	23.608264	4.166828	15.278540	
-13.551059	-3.696347	22.784998	19.151383	2.089200	7.746264	8.094328	-18.960618	-17.647629	-18.224298	-8.546069	-4.567391	1.692846	14.848739	19.679629	-11.023421	15.988985	-3.345070	15.888094	21.348287	2.789919	-23.966163	-24.816668	20.308187	24.074938	13.011964	-16.442973	-2.459760	-6.742859	25.827744	19.285966	0.002369	6.254789	19.921108	-20.233124	-19.470434	13.366755	21.788901	-25.128798	8.649414	3.750877	11.344514	6.037315	1.472441	-20.229118	-13.388541	17.803784	-22.510735	-8.109186	2.704508	
1.894579	0.509441	20.955496	-19.786245	-9.884307	17.077275	-16.254527	-0.598052	-6.333534	-15.133496	0.300241	20.236498	-13.464358	-1.018391	8.316313	6.555380	15.947462	16.339175	6.803565	-5.025467	2.228832	-19.312959	15.941075	19.778489	-15.599654	6.493246	-0.626840	19.801991	18.224496	-5.650859	16.452955	3.060635	-6.177631	2.660551	-7.503796	-6.938726	5.603660	8.000573	-9.128980	-12.232843	-4.889767	20.394873	14.635134	-8.434292	-1.337574	-16.977046	-15.329443	14.000645	-8.435950	-2.628705	
3.258286	0.558765	-6.244580	1.792938	-4.376393	-13.012194	-10.024374	16.035040	2.610035	18.060814	7.100870	20.272123	20.057277	0.091648	-10.509766	7.468915	13.128374	1.393640	-14.777588	11.234791	15.678433	-11.226078	-23.062325	-23.846967	1.597166	-10.579224	-2.180996	4.840974	-2.307137	-10.787130	0.994422	9.562467	-4.421349	-14.535657	-11.170925	-7.359729	23.169749	2.699648	-20.739623	-20.646162	-17.661203	-23.731366	21.079804	17.632341	-22.881391	-16.277464	13.804046	-7.447312	-16.016713	15.663329	
18.841844	18.487395	-12.816174	-6.279408	3.287804	-6.960635	22.668198	15.427908	11.947126	8.953830	3.866815	19.728659	-4.512103	-7.069607	-22.176524	21.882305	-0.493189	-12.277652	10.332197	-15.136414	3.601813	5.849548	13.192328	-1.741895	21.966993	-7.644399	-9.108428	-16.389960	10.467008	-1.172681	-18.934546	-19.248521	-1.082376	10.679411	-21.899825	17.443120	-22.386875	6.611101	-19.452057	-1.373085	-15.835726	-5.301089	-20.123603	-8.435528	-10.418034	-0.619027	12.419300	-16.386593	-7.190537	-15.981762	
-4.298900	-17.388114	-22.941661	16.816504	2.899822	20.991196	7.296782	-19.420606	-3.932936	-6.222625	7.559730	-6.616069	15.416788	-20.547696	-8.854229	-12.570356	-3.330748	17.818201	12.171787	-1.722374	-16.274734	-2.748846	19.052478	-14.319101	7.121720	-21.479406	-14.547270	-11.384432	-13.792228	8.921554	9.706224	9.572911	12.685738	5.704484	-8.972839	-20.848358	-16.989745	-5.121876	-13.619868	18.500350	-12.756258	-0.274030	-0.548196	-17.238951	20.444703	11.505107	21.610999	-18.051450	22.013618	-6.059631	
16.407591	-21.356735	-5.890494	-0.668094	4.947868	24.743036	-11.668179	-10.693438	21.413126	-3.472638	1.229586	4.394836	17.772291	23.922398	-2.122593	-23.194068	-1.975280	3.779250	19.892716	-8.716014	-8.621954	-5.221482	-12.205787	18.024000	21.971785	2.478418	14.721362	6.076263	15.493420	-11.889512	26.749895	13.651260	-6.196372	-9.266370	-0.364642	4.586112	-11.034356	-6.219148	0.629298	25.194436	-3.121378	-3.874774	6.894827	22.010844	16.872808	13.393790	25.045379	12.156687	25.909425	-14.708290	
12.217166	-11.406387	-4.291938	-3.594921	-20.714388	-17.299676	-20.395676	2.360566	20.670015	12.315246	-8.432978	-5.355320	-8.432820	6.789227	-10.487342	2.280983	-8.103546	17.066180	13.900891	-2.707835	-5.255930	-8.499764	9.066614	-7.587388	-21.935518	-22.435011	0.004372	10.164426	2.518808	-12.070207	22.919939	-17.673007	-3.520866	11.108520	11.044221	-8.513949	-14.422439	-18.498245	-7.013615	-6.023067	-21.747927	-5.788529	-8.908925	-19.905525	18.458452	-7.146101	18.870884	-5.368522	-5.778784	14.282840	
19.016373	-6.537620	-4.613363	24.416979	24.474045	-8.396034	21.303814	-22.820822	20.265826	24.484679	-9.869423	18.437625	1.087722	18.418790	-15.330568	4.022279	-1.174402	3.306124	24.780312	23.962530	16.099778	-23.292729	5.732116	23.133252	7.931082	-19.492370	-1.372344	3.147707	5.367136	16.803623	-12.362527	-20.519426	-19.025365	17.567814	10.560902	-15.688493	23.700025	0.727378	0.287483	-7.330725	1.833239	17.625074	-7.992796	-3.569310	8.375973	1.891981	-23.192642	20.184962	-3.676820	-5.915644	
5.637911	-12.831245	2.973294	-4.271710	12.327992	-18.590532	12.716783	17.946419	15.400979	16.034622	-14.200712	-8.481695	2.069951	6.734234	19.042845	0.869328	11.328990	-18.795182	21.702136	15.750021	-22.806513	-6.973164	22.021408	2.728830	-6.286958	5.042329	-3.339830	1.777273	12.422520	11.883735	-21.670952	-7.878654	0.675216	18.174826	8.648050	-18.032774	-13.501642	10.648531	6.680295	7.966968	5.287861	18.946867	-1.445404	-17.456857	19.966731	15.023389	9.312493	-19.027684	-0.055319	8.761316	
0.033890	0.029724	0.020876	0.033327	0.026729	0.002832	0.027157	0.033760	0.033155	0.009446	0.026135	0.007272	0.007443	0.019450	0.020863	0.017370	0.003732	0.023091	0.000722	0.032281	0.009350	0.022814	0.014090	0.036183	0.026658	0.002086	0.012755	0.025429	0.038418	0.000610	0.030782	0.022065	0.013525	0.038280	0.022614	0.011389	0.014417	0.023576	0.038215	0.031165	0.004394	0.027407	0.006474	0.035148	0.007676	0.005907	0.004159	0.035508	0.028140	0.001511	
0.007544	0.047242	0.030550	0.032450	0.035158	0.014469	0.001723	0.018035	0.038952	0.019289	0.002364	0.023981	0.005120	0.007121	0.017540	0.027807	0.029234	0.007662	0.017274	0.004292	0.005789	0.002968	0.039690	0.003846	0.004206	0.002064	0.035953	0.040482	0.038885	0.044162	0.043859	0.020454	0.009736	0.013965	0.023141	0.001527	0.008159	0.001333	0.034176	0.001762	0.045815	0.030796	0.003478	0.008813	0.039460	0.046862	0.009608	0.025888	0.004262	0.021052	
0.027896	0.008481	0.017654	0.030414	0.031703	0.026849	0.031580	0.016807	0.008421	0.009248	0.017334	0.016458	0.000422	0.036765	0.015807	0.027212	0.028057	0.016798	0.008198	0.011715	0.022297	0.027823	0.040055	0.020860	0.028607	0.022278	0.034177	0.028335	0.041910	0.036612	0.027239	0.014548	0.021521	0.004951	0.004059	0.023235	0.000874	0.039368	0.018606	0.003621	0.003651	0.001590	0.008817	0.029302	0.009737	0.017110	0.018620	0.029795	0.027254	0.005329	
0.020831	0.026433	0.018062	0.018524	0.016351	0.006229	0.014007	0.034429	0.031502	0.010760	0.019600	0.011432	0.001064	0.015788	0.027067	0.002367	0.020149	0.014360	0.013612	0.022955	0.037770	0.003931	0.014592	0.013270	0.033608	0.012805	0.003595	0.029140	0.037706	0.010541	0.025445	0.015407	0.031012	0.006574	0.027987	0.026149	0.019775	0.035978	0.034787	0.007306	0.024033	0.008459	0.032463	0.027805	0.027838	0.035107	0.006580	0.027161	0.003593	0.034061	
0.022920	0.013955	0.003845	0.034137	0.030943	0.000656	0.032310	0.003728	0.027907	0.000489	0.034477	0.016281	0.027470	0.032475	0.021442	0.004453	0.022815	0.022601	0.027983	0.017902	0.025977	0.025605	0.019795	0.034596	0.030653	0.022669	0.004471	0.017224	0.000141	0.017638	0.030933	0.028920	0.009978	0.020011	0.025784	0.027365	0.006381	0.023293	0.017544	0.004791	0.020988	0.029127	0.008145	0.029713	0.034062	0.021931	0.022046	0.027877	0.000265	0.013287	
0.008017	0.017607	0.020069	0.035167	0.031585	0.027198	0.029605	0.022730	0.021579	0.026326	0.006058	0.028416	0.009292	0.030469	0.018945	0.008311	0.027790	0.013585	0.011769	0.028162	0.032153	0.010147	0.019401	0.006816	0.031020	0.015160	0.002414	0.013224	0.034265	0.029488	0.021223	0.038003	0.023448	0.012185	0.033488	0.022146	0.030977	0.034812	0.013533	0.038388	0.009146	0.002936	0.017976	0.018749	0.017677	0.003610	0.027409	0.000004	0.001691	0.015830	
0.006242	0.041637	0.022127	0.017873	0.030757	0.001972	0.001518	0.018602	0.004940	0.037160	0.018553	0.025800	0.037719	0.007798	0.023976	0.035758	0.001603	0.029581	0.019112	0.012031	0.012053	0.010218	0.031744	0.012648	0.018818	0.035810	0.002849	0.008440	0.028616	0.039480	0.018028	0.037120	0.017737	0.016989	0.038432	0.004598	0.017223	0.020877	0.015292	0.000817	0.001709	0.014729	0.038883	0.025924	0.024254	0.003219	0.033649	0.019914	0.027139	0.028032	
0.013865	0.004842	0.031037	0.011695	0.020382	0.019111	0.032367	0.020734	0.027323	0.029622	0.009586	0.004224	0.024096	0.022296	0.031154	0.026893	0.035017	0.006700	0.012371	0.011900	0.021262	0.030004	0.031477	0.032621	0.010250	0.031878	0.034127	0.007210	0.026795	0.024314	0.019789	0.005512	0.018919	0.027015	0.005003	0.019554	0.013967	0.008683	0.019920	0.011763	0.018686	0.021879	0.028262	0.033855	0.021309	0.018574	0.033946	0.000578	0.012484	0.015148	
0.033579	0.024025	0.031647	0.019008	0.019060	0.036119	0.034549	0.017469	0.024372	0.024337	0.004787	0.001235	0.033321	0.006888	0.005151	0.020571	0.003946	0.036149	0.026063	0.034640	0.029427	0.002064	0.019002	0.028383	0.014577	0.016175	0.017650	0.013855	0.006553	0.027158	0.000929	0.012247	0.022449	0.004624	0.029991	0.023163	0.030377	0.022374	0.029980	0.006975	0.031886	0.007050	0.003436	0.002941	0.034539	0.016256	0.015433	0.033259	0.029307	0.031027	
0.036751	0.003931	0.038798	0.012209	0.019332	0.012090	0.008419	0.021631	0.030141	0.015534	0.017497	0.010585	0.005467	0.013996	0.036708	0.019337	0.005635	0.039956	0.014587	0.007243	0.041098	0.007729	0.017451	0.026876	0.022492	0.039916	0.034027	0.029223	0.016979	0.001851	0.010053	0.003570	0.012890	0.007828	0.034222	0.031082	0.035050	0.007020	0.014563	0.015988	0.011576	0.033764	0.029793	0.018239	0.041335	0.021348	0.027652	0.003448	0.012173	0.020920	
0.001146	0.015721	0.029040	0.038732	0.031220	0.016477	0.024682	0.020613	0.029007	0.008447	0.024839	0.030284	0.007188	0.022794	0.007176	0.039392	0.026214	0.031193	0.020507	0.025807	0.031483	0.013706	0.007757	0.017497	0.014662	0.017802	0.028522	0.028988	0.001616	0.002621	0.025023	0.018200	0.000318	0.035603	0.017147	0.004417	0.013139	0.004390	0.032602	0.019659	0.032160	0.007327	0.026013	0.031845	0.017178	0.007223	0.021441	0.011463	0.020608	0.039114	
0.028858	0.006456	0.017313	0.023781	0.003550	0.009716	0.034233	0.027392	0.010807	0.028081	0.032006	0.021539	0.044330	0.030359	0.006417	0.011701	0.019611	0.009620	0.026865	0.010680	0.040042	0.008561	0.010477	0.011614	0.040344	0.016750	0.037923	0.000720	0.006848	0.033747	0.000082	0.027369	0.009400	0.004388	0.035781	0.039456	0.021701	0.024304	0.037275	0.019228	0.002696	0.039634	0.004701	0.003091	0.011127	0.029806	0.004765	0.003977	0.033005	0.037871	
0.033957	0.034819	0.033400	0.027311	0.019818	0.004700	0.003128	0.039168	0.028147	0.031128	0.025012	0.019136	0.007576	0.006023	0.006291	0.024172	0.022575	0.032189	0.004122	0.003109	0.035458	0.021554	0.033595	0.021216	0.039956	0.038383	0.040786	0.017885	0.039230	0.008893	0.006820	0.026925	0.009998	0.030581	0.034961	0.017077	0.035218	0.014976	0.005363	0.001575	0.037075	0.000001	0.005673	0.006915	0.000927	0.006520	0.002713	0.024209	0.003211	0.026522	
0.035375	0.021264	0.000643	0.013299	0.037232	0.033806	0.003133	0.025295	0.011235	0.002618	0.018241	0.006762	0.012254	0.018137	0.021112	0.034483	0.021396	0.010246	0.025038	0.031840	0.007908	0.020763	0.034843	0.011938	0.021325	0.027352	0.009107	0.008799	0.004487	0.028286	0.021079	0.006895	0.033586	0.011144	0.004559	0.009166	0.033690	0.033026	0.028258	0.016996	0.022226	0.015973	0.033855	0.026735	0.022923	0.015827	0.019998	0.033785	0.030920	0.021141	
0.028061	0.005404	0.029151	0.029418	0.031631	0.010587	0.006927	0.020301	0.003752	0.027235	0.013446	0.010657	0.012051	0.034160	0.030580	0.021002	0.030139	0.009427	0.028511	0.028435	0.034192	0.029512	0.032582	0.027858	0.005853	0.003031	0.031116	0.003716	0.023537	0.030645	0.023392	0.010187	0.023930	0.021972	0.032777	0.004254	0.023952	0.014685	0.027184	0.025703	0.001236	0.005474	0.033340	0.025528	0.033675	0.023677	0.014533	0.010694	0.005980	0.004910	
0.027173	0.026913	0.021258	0.033350	0.018237	0.021866	0.027914	0.022211	0.011591	0.013157	0.014217	0.008004	0.028084	0.001982	0.037513	0.026290	0.025064	0.033710	0.025358	0.000639	0.019969	0.017758	0.013640	0.035037	0.006309	0.004818	0.013523	0.020950	0.030238	0.023756	0.005309	0.027828	0.028289	0.033964	0.036507	0.014615	0.035459	0.013939	0.020009	0.014844	0.006117	0.028430	0.000501	0.022441	0.005316	0.007054	0.015578	0.036054	0.014535	0.022682	
0.004173	0.022290	0.018133	0.013926	0.004083	0.029114	0.003320	0.030026	0.000749	0.010384	0.007336	0.009342	0.016079	0.016887	0.020722	0.006991	0.037992	0.008605	0.036434	0.034874	0.012758	0.033652	0.027895	0.030303	0.029857	0.007192	0.017216	0.015260	0.033741	0.029322	0.030516	0.016044	0.022778	0.039021	0.002153	0.038603	0.030316	0.034822	0.003809	0.003665	0.019642	0.020900	0.010486	0.001427	0.039078	0.030359	0.022549	0.028183	0.022672	0.014318	
0.015585	0.027244	0.010326	0.015046	0.035108	0.006332	0.024666	0.016477	0.012511	0.035218	0.023696	0.028635	0.005855	0.014479	0.009074	0.018003	0.034806	0.023972	0.019974	0.012598	0.004673	0.020907	0.023523	0.030375	0.032147	0.001992	0.027472	0.003453	0.029621	0.035123	0.030722	0.018051	0.004357	0.003065	0.032082	0.013817	0.015568	0.032661	0.019794	0.022854	0.010823	0.027064	0.002009	0.033470	0.016160	0.033248	0.019340	0.019376	0.019221	0.027423	
0.003971	0.000501	0.027072	0.035588	0.032797	0.018803	0.028289	0.019187	0.020165	0.024552	0.032071	0.011309	0.035480	0.031778	0.022656	0.013587	0.018201	0.022730	0.033292	0.032118	0.008386	0.000262	0.023719	0.012453	0.012689	0.032353	0.006004	0.022510	0.011929	0.030585	0.001165	0.019802	0.001162	0.026551	0.020427	0.021063	0.035900	0.009766	0.017560	0.009498	0.023632	0.005649	0.032203	0.003612	0.010239	0.032057	0.034113	0.028368	0.032131	0.010063	
0.029032	0.034532	0.035632	0.014444	0.022054	0.038041	0.021450	0.019984	0.011645	0.038127	0.001751	0.005329	0.015260	0.028879	0.006814	0.037998	0.022491	0.030757	0.032476	0.032411	0.013397	0.005152	0.014428	0.005349	0.019088	0.019940	0.018707	0.000431	0.006107	0.026474	0.033034	0.032714	0.001067	0.013597	0.021446	0.003142	0.026806	0.028470	0.032673	0.013129	0.009398	0.023868	0.019426	0.006191	0.017792	0.002537	0.031531	0.032548	0.019752	0.022701	
0.031207	0.001383	0.033325	0.005479	0.006969	0.015323	0.010573	0.032194	0.025718	0.021673	0.031623	0.006311	0.018799	0.005214	0.000952	0.036134	0.031305	0.037172	0.040665	0.017355	0.027402	0.018374	0.030116	0.025936	0.003720	0.026995	0.033941	0.041282	0.017698	0.000500	0.019224	0.013189	0.022746	0.022887	0.035555	0.020985	0.007826	0.041161	0.014895	0.040556	0.008245	0.027795	0.006620	0.030361	0.012112	0.002198	0.022947	0.001237	0.000763	0.013362	
0.015032	0.015536	0.001316	0.020385	0.035784	0.034968	0.022127	0.026848	0.027404	0.017519	0.033880	0.011246	0.011327	0.008372	0.019888	0.021828	0.015747	0.005576	0.021210	0.036266	0.007965	0.009233	0.012070	0.016731	0.012017	0.027289	0.026224	0.038100	0.027708	0.010666	0.001646	0.037277	0.006243	0.013528	0.019662	0.026163	0.017209	0.009158	0.029495	0.039021	0.018537	0.002498	0.027482	0.017061	0.024341	0.034148	0.026176	0.017712	0.004500	0.037883	
0.037369	0.016502	0.001849	0.005982	0.015041	0.038268	0.017656	0.038898	0.013690	0.029520	0.038110	0.032383	0.021321	0.036435	0.038538	0.005665	0.023231	0.037084	0.022036	0.024410	0.019020	0.002404	0.035241	0.017950	0.036117	0.024751	0.020139	0.014529	0.017377	0.011891	0.011110	0.001102	0.022751	0.006013	0.022159	0.009622	0.012323	0.013837	0.013107	0.025071	0.030802	0.024537	0.005687	0.019066	0.026855	0.021410	0.005433	0.020215	0.007870	0.007622	
0.001771	0.008615	0.008271	0.026058	0.039372	0.032467	0.027273	0.012233	0.011090	0.041823	0.008248	0.025588	0.011072	0.026339	0.016886	0.036658	0.029400	0.025651	0.002215	0.024796	0.033951	0.018203	0.010615	0.017789	0.021686	0.014597	0.014772	0.001562	0.037007	0.002499	0.003192	0.042914	0.016766	0.002229	0.001751	0.024695	0.013616	0.042230	0.031146	0.013953	0.033600	0.005589	0.031973	0.028232	0.012402	0.028035	0.033738	0.036532	0.003577	0.005326	
0.019230	0.002958	0.037945	0.030662	0.039102	0.033800	0.037051	0.011878	0.015890	0.027129	0.039097	0.000854	0.006523	0.010959	0.001023	0.022748	0.028426	0.003567	0.025859	0.003843	0.001866	0.028461	0.018199	0.001136	0.014366	0.015138	0.033180	0.035436	0.018739	0.038146	0.039797	0.007276	0.011698	0.034004	0.000960	0.032126	0.010084	0.027909	0.024378	0.004069	0.039034	0.006552	0.033671	0.001166	0.009355	0.026293	0.035849	0.025370	0.006914	0.020281	
0.014630	0.017458	0.029064	0.024985	0.011384	0.017882	0.028889	0.020815	0.015627	0.002375	0.029112	0.008616	0.019656	0.004281	0.020111	0.013188	0.018607	0.023316	0.008698	0.012186	0.025872	0.023851	0.032261	0.011268	0.006463	0.027739	0.022603	0.035281	0.019620	0.035083	0.034739	0.033694	0.031668	0.008006	0.037876	0.011451	0.000203	0.017130	0.008745	0.016807	0.015699	0.025995	0.017259	0.030011	0.037315	0.001582	0.029971	0.002756	0.035899	0.022276	
0.013046	0.030497	0.013284	0.023593	0.034819	0.006306	0.010189	0.034009	0.011772	0.030760	0.009837	0.030556	0.009378	0.007909	0.006612	0.016625	0.016912	0.017780	0.033132	0.017107	0.009256	0.031179	0.034227	0.023645	0.032463	0.014427	0.003074	0.029410	0.030956	0.024358	0.009212	0.009193	0.014731	0.033355	0.010392	0.008184	0.034815	0.001766	0.004673	0.018174	0.031358	0.017263	0.010849	0.029266	0.034782	0.030845	0.000184	0.035235	0.029028	0.029579	
0.000862	0.006869	0.030330	0.035603	0.031294	0.003621	0.030729	0.034109	0.018619	0.027528	0.015091	0.024494	0.029518	0.002807	0.017866	0.021721	0.018004	0.006936	0.024077	0.022727	0.001447	0.034026	0.031615	0.019880	0.007041	0.011691	0.011455	0.025243	0.010908	0.034130	0.017826	0.032112	0.015456	0.005551	0.002807	0.033820	0.028274	0.023783	0.021512	0.030794	0.010835	0.037075	0.019793	0.010203	0.020392	0.013883	0.035600	0.015283	0.031075	0.003686	
0.008651	0.023828	0.025118	0.004164	0.011117	0.025239	0.035918	0.003347	0.017522	0.009211	0.026326	0.003931	0.000146	0.014172	0.000124	0.028642	0.006948	0.024895	0.019449	0.024820	0.016716	0.025314	0.024278	0.006143	0.038889	0.036431	0.026972	0.000450	0.016635	0.032326	0.023063	0.001723	0.013255	0.023229	0.008410	0.033045	0.021284	0.035485	0.022987	0.016968	0.022864	0.040204	0.017431	0.015127	0.039093	0.032401	0.030841	0.011808	0.038031	0.015029	
0.030266	0.031763	0.014703	0.030769	0.014721	0.017517	0.027729	0.018899	0.013493	0.018845	0.027310	0.011136	0.000513	0.037050	0.014331	0.024938	0.013567	0.021393	0.003445	0.025376	0.028306	0.025692	0.028273	0.031498	0.011084	0.031669	0.004570	0.029652	0.023159	0.005932	0.038634	0.016138	0.010972	0.009079	0.031600	0.031426	0.005912	0.008910	0.026089	0.020110	0.036829	0.013423	0.007666	0.004956	0.022185	0.024476	0.014648	0.010733	0.029949	0.018664	
0.006273	0.025731	0.034923	0.016754	0.030463	0.007476	0.033120	0.018637	0.025421	0.023178	0.004202	0.022346	0.014282	0.029577	0.037676	0.020111	0.011972	0.024468	0.013135	0.002815	0.035547	0.033421	0.004841	0.017787	0.011838	0.012670	0.014979	0.012118	0.010415	0.016515	0.014937	0.037556	0.018493	0.028866	0.008670	0.035915	0.020943	0.003669	0.016429	0.009422	0.029580	0.021040	0.015774	0.010382	0.036219	0.033804	0.035752	0.028467	0.006406	0.014984	
0.008836	0.014236	0.028400	0.019239	0.035511	0.039614	0.017870	0.007621	0.007312	0.000164	0.036856	0.019686	0.023642	0.031749	0.025070	0.025022	0.032891	0.021115	0.004412	0.032137	0.037616	0.019913	0.004490	0.017061	0.003080	0.016010	0.015304	0.023939	0.013457	0.027604	0.024030	0.027954	0.033523	0.006403	0.018072	0.001039	0.025131	0.019003	0.038619	0.000781	0.029433	0.007724	0.009912	0.030863	0.009467	0.024628	0.031047	0.012883	0.008698	0.030935	
0.036461	0.034768	0.032769	0.008551	0.039530	0.004377	0.002289	0.038365	0.004063	0.020562	0.008073	0.026034	0.007646	0.004195	0.003979	0.035888	0.015833	0.015387	0.038708	0.034866	0.012288	0.012011	0.027363	0.034575	0.015544	0.030065	0.000908	0.022764	0.020886	0.002992	0.009901	0.007926	0.037195	0.017090	0.007788	0.027017	0.009470	0.032006	0.025676	0.026314	0.034643	0.032839	0.008973	0.006999	0.034420	0.008379	0.022207	0.013734	0.009488	0.036195	
0.010508	0.005528	0.020591	0.006732	0.037567	0.022322	0.028920	0.023220	0.014743	0.006251	0.018206	0.031299	0.019036	0.024795	0.038413	0.005234	0.026427	0.023781	0.012926	0.017909	0.017892	0.013775	0.031881	0.035058	0.014043	0.038923	0.003218	0.010644	0.023566	0.014185	0.002663	0.012404	0.013592	0.012175	0.013715	0.012189	0.011402	0.040976	0.020954	0.016188	0.035955	0.024091	0.029407	0.024134	0.028413	0.020504	0.038101	0.000360	0.023803	0.021378	
0.001938	0.023297	0.000870	0.030243	0.007989	0.001300	0.029474	0.038586	0.006026	0.014883	0.034942	0.014960	0.035287	0.018139	0.035587	0.016073	0.025500	0.037409	0.023360	0.036585	0.015508	0.006235	0.036933	0.011427	0.019216	0.007222	0.036977	0.010610	0.000640	0.022710	0.020801	0.012716	0.014207	0.022454	0.037149	0.012904	0.015874	0.016911	0.025249	0.024041	0.011841	0.006678	0.003493	0.009159	0.037876	0.036266	0.033667	0.009485	0.038453	0.010851	
0.004618	0.016008	0.012691	0.014863	0.017807	0.014529	0.034892	0.010826	0.013042	0.011653	0.035669	0.034504	0.037914	0.011174	0.020304	0.013550	0.022827	0.007536	0.029284	0.033084	0.027558	0.037122	0.027068	0.024780	0.012843	0.020238	0.008594	0.008048	0.017974	0.002674	0.023371	0.013134	0.019075	0.016034	0.009152	0.019624	0.029931	0.029173	0.027666	0.002118	0.032488	0.034882	0.009188	0.028754	0.016833	0.033895	0.026919	0.002178	0.037393	0.004521	
0.015904	0.002663	0.014029	0.009108	0.037467	0.020611	0.002367	0.028190	0.036689	0.026407	0.018085	0.029165	0.033613	0.002643	0.030270	0.005343	0.012461	0.003161	0.019196	0.038509	0.001947	0.022718	0.006434	0.036486	0.023675	0.037118	0.006075	0.039986	0.027073	0.015338	0.007001	0.029544	0.035806	0.017781	0.007815	0.025469	0.000882	0.027189	0.010378	0.009961	0.035287	0.016359	0.003370	0.018405	0.013236	0.013139	0.034709	0.038643	0.038621	0.013672	
0.034394	0.009055	0.034454	0.013344	0.012108	0.036337	0.001444	0.017295	0.017166	0.022243	0.011414	0.001693	0.026806	0.002900	0.024745	0.005973	0.026763	0.007898	0.006088	0.004985	0.017483	0.035903	0.015312	0.035760	0.014453	0.031279	0.021104	0.007418	0.018353	0.038330	0.022966	0.025854	0.023178	0.005853	0.036598	0.027112	0.002232	0.026497	0.011188	0.037832	0.029453	0.030322	0.031602	0.028725	0.024245	0.006184	0.023892	0.018063	0.023899	0.011803	
0.034478	0.039789	0.023042	0.029724	0.017301	0.008804	0.023003	0.009788	0.022446	0.000025	0.017581	0.031150	0.000722	0.022635	0.006777	0.015156	0.016322	0.032351	0.013627	0.036904	0.036228	0.015896	0.018577	0.001567	0.021639	0.025008	0.002398	0.040141	0.013830	0.020598	0.037767	0.010721	0.023228	0.015815	0.030890	0.010499	0.033673	0.024770	0.007109	0.030560	0.035572	0.029649	0.008101	0.004764	0.004886	0.005558	0.041919	0.007759	0.015078	0.024176	
0.016287	0.033050	0.008283	0.037634	0.000167	0.003023	0.037988	0.020640	0.010790	0.014431	0.033146	0.017584	0.029101	0.038274	0.025671	0.021028	0.029551	0.029124	0.001354	0.028241	0.017441	0.034384	0.015203	0.018424	0.029268	0.011900	0.022609	0.015410	0.020265	0.002355	0.001386	0.036126	0.039042	0.021820	0.017487	0.003175	0.000458	0.033875	0.009419	0.006503	0.022160	0.034535	0.023548	0.038253	0.022998	0.004948	0.014799	0.001981	0.035181	0.009683	
0.037116	0.000587	0.028298	0.002564	0.021660	0.021966	0.001909	0.018378	0.037519	0.014070	0.002987	0.003259	0.022365	0.025256	0.008525	0.017903	0.005913	0.029273	0.020638	0.011158	0.021910	0.037667	0.018263	0.011270	0.006463	0.030629	0.035202	0.036387	0.024901	0.028973	0.014673	0.032724	0.020898	0.028671	0.026865	0.023745	0.015601	0.020371	0.009143	0.017495	0.010827	0.028764	0.032449	0.037709	0.028477	0.013958	0.025651	0.011411	0.016075	0.001485	
0.017810	0.022344	0.000305	0.010621	0.035851	0.010577	0.032875	0.006769	0.016513	0.003546	0.004281	0.029746	0.000176	0.030562	0.023845	0.002340	0.005450	0.021435	0.024959	0.020573	0.023964	0.007993	0.007845	0.015195	0.016612	0.019017	0.036079	0.023689	0.041725	0.033055	0.013262	0.033431	0.032417	0.011009	0.015228	0.017778	0.020284	0.013045	0.033457	0.000856	0.038684	0.022172	0.040552	0.006477	0.035667	0.024904	0.039053	0.024770	0.008210	0.022993	
0.014989	0.021150	0.023461	0.033658	0.035843	0.040521	0.007211	0.029837	0.003959	0.005712	0.020962	0.012248	0.007983	0.040792	0.008291	0.016314	0.041169	0.031845	0.012243	0.032279	0.018913	0.039813	0.026292	0.023355	0.038690	0.034891	0.011345	0.028543	0.010820	0.026677	0.007210	0.002982	0.022475	0.027617	0.010749	0.000807	0.033644	0.013149	0.009747	0.033380	0.041075	0.000807	0.002650	0.002652	0.008306	0.009183	0.011800	0.018319	0.017238	0.026403	
0.016448	0.028357	0.032686	0.026211	0.030158	0.008402	0.006023	0.014906	0.014930	0.004397	0.007475	0.037613	0.019984	0.007621	0.008464	0.045523	0.028711	0.001987	0.000396	0.030409	0.039589	0.044136	0.003525	0.024773	0.038715	0.000127	0.001990	0.027270	0.043892	0.015735	0.042687	0.005906	0.034291	0.013280	0.022846	0.004369	0.030366	0.018126	0.001449	0.003388	0.044289	0.045907	0.030617	0.031565	0.004442	0.011779	0.008131	0.022237	0.004722	0.009151	
0.016522	0.024577	0.011825	0.005984	0.036917	0.033964	0.010107	0.036187	0.009765	0.033682	0.010250	0.016761	0.006879	0.020399	0.002310	0.031632	0.031169	0.003453	0.032834	0.017889	0.020155	0.025216	0.029983	0.027264	0.032156	0.032364	0.015330	0.023382	0.037458	0.012338	0.024407	0.027426	0.036057	0.016835	0.037179	0.002583	0.003569	0.026602	0.037377	0.007987	0.010267	0.016965	0.018956	0.030244	0.000169	0.033570	0.002326	0.001639	0.012753	0.004338	
0.004302	0.024774	0.011462	0.010642	0.038316	0.038219	0.013309	0.001104	0.015676	0.022564	0.041549	0.016601	0.008189	0.001566	0.036173	0.013491	0.027244	0.010582	0.002973	0.001213	0.024467	0.030757	0.038012	0.014547	0.033983	0.006585	0.033730	0.009374	0.029924	0.016033	0.027624	0.030437	0.021354	0.013204	0.038992	0.000722	0.011100	0.017249	0.024692	0.018280	0.017713	0.039988	0.020893	0.028687	0.014288	0.038008	0.018190	0.020974	0.011111	0.009133	
0.015595	0.020148	0.034422	0.009911	0.012931	0.034916	0.034327	0.005133	0.033828	0.013397	0.029574	0.024020	0.018277	0.036495	0.006362	0.017725	0.017580	0.028758	0.035115	0.012799	0.029261	0.016931	0.023110	0.015536	0.003759	0.009245	0.019510	0.017611	0.016839	0.009064	0.017120	0.012437	0.017942	0.026522	0.022800	0.008208	0.031175	0.018090	0.039069	0.013769	0.022236	0.006074	0.016456	0.030606	0.014741	0.021946	0.030463	0.003266	0.039228	0.005671	
0.034501	0.031813	0.014739	0.034936	0.023040	0.001129	0.025460	0.002453	0.020800	0.033750	0.025826	0.021794	0.025644	0.031390	0.004133	0.022068	0.007996	0.024179	0.010167	0.018705	0.017389	0.033062	0.002946	0.010394	0.032793	0.027606	0.013593	0.032644	0.003716	0.009297	0.007737	0.034198	0.036487	0.014674	0.000095	0.011868	0.031439	0.004782	0.031737	0.027010	0.035194	0.028325	0.002100	0.034216	0.016312	0.011373	0.031600	0.006559	0.019710	0.016622	
0.040633	0.038978	0.036765	0.013946	0.024177	0.027399	0.034547	0.011474	0.026521	0.014715	0.017168	0.019488	0.007495	0.041621	0.024237	0.004931	0.010221	0.000351	0.035784	0.014009	0.022398	0.007318	0.012677	0.036009	0.024217	0.001077	0.025408	0.002587	0.003196	0.040118	0.028137	0.002827	0.025201	0.039301	0.018982	0.031961	0.021930	0.012545	0.013465	0.022772	0.015816	0.036376	0.008245	0.022504	0.010424	0.013936	0.013475	0.008768	0.025354	0.008519	
0.036313	0.015671	0.022641	0.031944	0.005109	0.009778	0.034576	0.032970	0.035034	0.028916	0.019480	0.004577	0.007033	0.014273	0.035854	0.023571	0.013019	0.007929	0.031629	0.000120	0.037460	0.009397	0.000482	0.017934	0.015244	0.007428	0.032360	0.038888	0.024312	0.003902	0.018907	0.022054	0.003475	0.035414	0.028932	0.026695	0.012997	0.006575	0.004219	0.010605	0.001344	0.024876	0.028993	0.033997	0.025153	0.038130	0.018350	0.022684	0.002305	0.036453	
0.007641	0.016658	0.005048	0.007178	0.030813	0.026126	0.003415	0.008053	0.000442	0.021748	0.025048	0.000718	0.036896	0.025672	0.017675	0.001226	0.034337	0.015523	0.012591	0.031658	0.018374	0.026607	0.030667	0.033773	0.016825	0.029399	0.028864	0.023470	0.031879	0.024575	0.018616	0.012578	0.014880	0.037631	0.033851	0.011220	0.026198	0.037921	0.029789	0.016862	0.029709	0.013156	0.020663	0.001986	0.006490	0.032623	0.012412	0.012717	0.031433	0.006365	
0.017513	0.038098	0.026784	0.014419	0.013319	0.032978	0.024037	0.000489	0.023953	0.023317	0.000567	0.025255	0.008447	0.008492	0.010666	0.019375	0.032441	0.032849	0.004818	0.020292	0.002574	0.027271	0.022165	0.029583	0.022843	0.027703	0.036675	0.010198	0.007216	0.021941	0.039879	0.037066	0.005318	0.003374	0.035829	0.004191	0.031847	0.027041	0.019117	0.033325	0.002345	0.032990	0.022679	0.012978	0.036013	0.011995	0.017943	0.030696	0.001456	0.007639	
0.011413	0.004422	0.032934	0.031243	0.025527	0.004115	0.021313	0.000316	0.024172	0.002961	0.035177	0.019569	0.003652	0.020354	0.035217	0.014480	0.008557	0.017946	0.030643	0.007721	0.003747	0.012291	0.007902	0.033219	0.030465	0.038017	0.012106	0.002459	0.014807	0.019622	0.033289	0.002547	0.037625	0.036358	0.029453	0.002998	0.027686	0.014191	0.033758	0.000187	0.021022	0.038082	0.022469	0.038194	0.020041	0.038294	0.007278	0.036191	0.014258	0.019713	
0.031639	0.018401	0.022200	0.024257	0.013260	0.024662	0.006910	0.029226	0.030075	0.001238	0.004798	0.008625	0.018712	0.030049	0.017593	0.033474	0.034241	0.013505	0.009881	0.009080	0.015085	0.025835	0.018944	0.032965	0.027993	0.033645	0.018607	0.030554	0.023540	0.034544	0.012621	0.002252	0.010419	0.010615	0.027343	0.020573	0.023494	0.015457	0.026094	0.022953	0.008592	0.000490	0.021567	0.007924	0.025952	0.018331	0.034931	0.024571	0.021905	0.020380	
0.000220	0.010769	0.038705	0.004825	0.037954	0.012746	0.009393	0.013194	0.000832	0.011187	0.025836	0.022986	0.016015	0.022404	0.008723	0.039291	0.012543	0.032184	0.012465	0.036284	0.036194	0.008724	0.030115	0.019766	0.006430	0.008210	0.012137	0.036256	0.030949	0.010606	0.029913	0.030588	0.030893	0.035941	0.017220	0.029050	0.031054	0.002017	0.019179	0.009365	0.036195	0.025135	0.004206	0.009003	0.001569	0.029934	0.029163	0.020040	0.003599	0.037992	
0.015668	0.000978	0.007035	0.037611	0.023098	0.020022	0.033173	0.008704	0.001592	0.001857	0.011353	0.014009	0.016519	0.018680	0.008470	0.018701	0.007327	0.037989	0.042453	0.026943	0.000142	0.012436	0.033999	0.039913	0.008779	0.012770	0.034611	0.037106	0.019231	0.030578	0.023162	0.028764	0.006897	0.040704	0.017090	0.043049	0.041417	0.035719	0.023014	0.017174	0.029409	0.012309	0.001858	0.010756	0.037451	0.002908	0.020078	0.012415	0.005759	0.008319	
0.036060	0.033638	0.036590	0.031679	0.016663	0.014619	0.027415	0.033151	0.011218	0.005638	0.012094	0.021120	0.038306	0.023438	0.015665	0.007064	0.028007	0.008931	0.021692	0.038014	0.028508	0.035584	0.015611	0.022824	0.011960	0.019627	0.008256	0.034849	0.014837	0.004044	0.032197	0.005944	0.017789	0.020496	0.002309	0.026524	0.010096	0.007516	0.005803	0.014857	0.018119	0.037208	0.021679	0.001722	0.000925	0.013845	0.038549	0.031686	0.006362	0.029272	
0.006647	0.037702	0.037478	0.019859	0.020674	0.034210	0.020414	0.010082	0.009928	0.044977	0.020496	0.003218	0.012021	0.041501	0.000922	0.025776	0.027667	0.041942	0.004033	0.021904	0.025748	0.009270	0.004442	0.027485	0.015750	0.014848	0.012992	0.033660	0.028648	0.033583	0.016645	0.012218	0.013482	0.010525	0.007040	0.000645	0.010598	0.042981	0.032091	0.006702	0.022918	0.040681	0.005961	0.008300	0.014151	0.010643	0.007138	0.019308	0.035137	0.034960	
0.039734	0.011931	0.010893	0.003795	0.013957	0.026784	0.023691	0.022254	0.008066	0.025758	0.028970	0.004800	0.035424	0.035853	0.017526	0.018287	0.024007	0.027538	0.012585	0.012038	0.005628	0.030800	0.007220	0.033896	0.009215	0.027252	0.004826	0.022472	0.026253	0.018684	0.022430	0.009916	0.012385	0.035533	0.033337	0.002831	0.037202	0.007442	0.024695	0.012279	0.024235	0.018048	0.006150	0.041267	0.038152	0.014863	0.032500	0.028196	0.008241	0.000162	
0.043283	0.035104	0.026720	0.007602	0.020597	0.041992	0.021302	0.013474	0.028647	0.037896	0.015482	0.011743	0.018649	0.013826	0.001499	0.002584	0.014340	0.015763	0.034448	0.014011	0.030862	0.007782	0.007192	0.002808	0.035737	0.025164	0.006837	0.018906	0.037257	0.032573	0.032977	0.006648	0.026905	0.017637	0.014543	0.000137	0.020169	0.030891	0.022104	0.007710	0.008513	0.036519	0.019877	0.022774	0.037526	0.001133	0.033077	0.013030	0.016366	0.007386	
0.012253	0.010208	0.020417	0.010975	0.005784	0.003879	0.005183	0.023114	0.034880	0.013248	0.003705	0.031761	0.025217	0.034943	0.026618	0.020229	0.006757	0.011178	0.008398	0.038396	0.018135	0.008420	0.031314	0.038386	0.024335	0.008442	0.034070	0.019606	0.011331	0.030191	0.001022	0.002129	0.036688	0.032258	0.025052	0.029590	0.034067	0.000854	0.036995	0.035227	0.021671	0.038271	0.001609	0.006029	0.006691	0.027133	0.016778	0.037617	0.023041	0.015905	
0.013136	0.008055	0.010655	0.005773	0.033713	0.023253	0.021891	0.021112	0.004255	0.034072	0.016708	0.014204	0.002753	0.022973	0.002078	0.031468	0.022527	0.030279	0.006355	0.013109	0.016834	0.000222	0.019553	0.017611	0.036137	0.025518	0.024048	0.036541	0.028818	0.026120	0.005271	0.031120	0.035945	0.036144	0.030015	0.021446	0.006389	0.024858	0.024141	0.036404	0.018173	0.028350	0.004426	0.009501	0.029878	0.015265	0.009179	0.012136	0.017694	0.033895	
0.007861	0.016735	0.008092	0.033072	0.037788	0.007168	0.020098	0.017212	0.025162	0.015637	0.028751	0.036709	0.034079	0.038198	0.008013	0.001253	0.029739	0.008428	0.015593	0.010785	0.027501	0.001874	0.027991	0.003860	0.025632	0.026259	0.011000	0.036376	0.026182	0.006921	0.016753	0.015118	0.022744	0.017473	0.025920	0.014080	0.015619	0.003998	0.002724	0.023759	0.035864	0.009937	0.017651	0.036973	0.023563	0.032889	0.014983	0.015526	0.028747	0.031710	
0.031739	0.012418	0.006953	0.006795	0.008314	0.031440	0.015334	0.008546	0.024032	0.027580	0.016212	0.027681	0.031053	0.032179	0.031441	0.033695	0.001237	0.011694	0.025955	0.016636	0.001162	0.030504	0.003499	0.034115	0.029392	0.028378	0.003196	0.034539	0.029621	0.008758	0.024952	0.011783	0.034712	0.033759	0.005855	0.030936	0.020554	0.000688	0.029024	0.018699	0.013640	0.018906	0.035233	0.002535	0.033367	0.000160	0.011284	0.016653	0.019052	0.034108	
0.004637	0.020413	0.035667	0.036192	0.016154	0.019851	0.032850	0.033608	0.032187	0.027323	0.026653	0.005044	0.037803	0.008775	0.007543	0.010916	0.038129	0.017417	0.012313	0.036896	0.013335	0.015448	0.007463	0.001601	0.023262	0.007108	0.006566	0.034793	0.021942	0.006490	0.032960	0.003265	0.015694	0.013509	0.007483	0.026738	0.031237	0.010853	0.039037	0.000069	0.037292	0.021379	0.003620	0.002286	0.019068	0.009772	0.034463	0.035188	0.034397	0.023311	
0.023943	0.003107	0.017485	0.000352	0.015350	0.017056	0.030380	0.035809	0.020243	0.038240	0.019963	0.020436	0.010289	0.015366	0.018316	0.021487	0.014867	0.014003	0.004174	0.020441	0.024768	0.030743	0.023400	0.011886	0.001068	0.016942	0.026973	0.006112	0.022195	0.015382	0.033572	0.022843	0.036928	0.021479	0.030776	0.023283	0.019330	0.007587	0.015756	0.025119	0.033682	0.025867	0.024823	0.001353	0.035952	0.024806	0.026325	0.011216	0.019325	0.019199	
0.005169	0.011385	0.025667	0.027718	0.015249	0.009855	0.006482	0.030123	0.021217	0.003771	0.009044	0.000792	0.005119	0.004657	0.021216	0.031323	0.004516	0.028074	0.014992	0.036121	0.027658	0.011957	0.020851	0.031059	0.014094	0.016643	0.036218	0.022083	0.022480	0.030383	0.032381	0.014343	0.003866	0.033481	0.032508	0.023552	0.015564	0.003923	0.018665	0.030875	0.024411	0.026606	0.013562	0.035161	0.032436	0.031658	0.018329	0.028344	0.019015	0.015405	
0.019906	0.032205	0.031859	0.010919	0.001641	0.012728	0.029526	0.009623	0.006542	0.012759	0.031856	0.036610	0.030452	0.023424	0.018087	0.012293	0.028974	0.026291	0.026654	0.008186	0.011732	0.033951	0.004207	0.018184	0.019204	0.036233	0.009739	0.026697	0.009228	0.014180	0.030945	0.028816	0.015742	0.019810	0.005527	0.010795	0.031725	0.014366	0.001457	0.009903	0.004515	0.023540	0.030620	0.008636	0.031532	0.017646	0.031577	0.025376	0.037013	0.026572	
0.032496	0.035206	0.000786	0.029203	0.025197	0.035073	0.006197	0.034704	0.017907	0.020849	0.031213	0.016704	0.027263	0.038259	0.014185	0.032295	0.020939	0.027638	0.010569	0.033095	0.023589	0.024467	0.012113	0.008501	0.030748	0.028259	0.005818	0.024399	0.006694	0.009441	0.033311	0.017740	0.000234	0.012082	0.007420	0.027598	0.010368	0.030416	0.000720	0.037650	0.004026	0.000692	0.034644	0.011651	0.029908	0.001192	0.022121	0.008754	0.020618	0.025051	
0.020231	0.030842	0.032462	0.025926	0.022620	0.007561	0.033478	0.011842	0.024728	0.009435	0.010535	0.009307	0.024326	0.021654	0.013085	0.027612	0.012391	0.028259	0.006756	0.032814	0.030359	0.015967	0.011918	0.003115	0.033070	0.000300	0.031897	0.033162	0.010953	0.011149	0.029630	0.031331	0.017163	0.020278	0.010469	0.010539	0.020784	0.026987	0.021795	0.006895	0.023368	0.029303	0.013922	0.017423	0.007677	0.032063	0.029360	0.018183	0.029486	0.015588	
0.012180	0.006613	0.024762	0.030848	0.032450	0.006328	0.018949	0.017690	0.014661	0.016140	0.014153	0.030560	0.000327	0.013055	0.015452	0.025702	0.024003	0.040770	0.018959	0.002972	0.013155	0.001331	0.015094	0.012301	0.010646	0.001483	0.024385	0.026238	0.006195	0.024744	0.016101	0.040880	0.026305	0.020755	0.028710	0.010824	0.009566	0.018392	0.039169	0.017445	0.036093	0.029815	0.029040	0.034880	0.037354	0.024078	0.013474	0.010321	0.021689	0.032966	
0.040010	0.030077	0.017647	0.026395	0.027160	0.000320	0.007920	0.008725	0.039998	0.010522	0.005032	0.042029	0.001883	0.012842	0.024369	0.011720	0.020389	0.015645	0.018851	0.014452	0.033619	0.002120	0.040570	0.016900	0.015995	0.014683	0.018309	0.034483	0.032103	0.038485	0.033452	0.037281	0.009788	0.015978	0.035418	0.000963	0.020659	0.012495	0.008091	0.024717	0.022562	0.012811	0.032131	0.033550	0.023386	0.020780	0.002321	0.000390	0.014640	0.015333	
0.002001	0.036737	0.028885	0.033827	0.027573	0.015823	0.011943	0.011255	0.013518	0.010711	0.020877	0.020131	0.016537	0.010447	0.028340	0.016702	0.010123	0.031353	0.034350	0.017612	0.028789	0.003309	0.036284	0.020715	0.014655	0.017240	0.004716	0.006678	0.034708	0.026370	0.033638	0.029311	0.034146	0.020930	0.005876	0.015015	0.002622	0.000131	0.023527	0.000181	0.037834	0.034450	0.000822	0.000969	0.035750	0.016823	0.023608	0.035907	0.033167	0.023083	
0.007405	0.031533	0.017887	0.035091	0.022550	0.011800	0.003682	0.003462	0.022751	0.013777	0.034459	0.002398	0.032629	0.039085	0.007330	0.024299	0.018430	0.025123	0.001850	0.015855	0.034547	0.038113	0.015834	0.033083	0.036779	0.022432	0.022957	0.006691	0.028956	0.018447	0.032947	0.008336	0.027098	0.017431	0.019493	0.023063	0.017243	0.023307	0.007400	0.031737	0.009202	0.003429	0.001989	0.008487	0.031596	0.015768	0.033354	0.004335	0.033878	0.020673	
0.001478	0.023144	0.016315	0.018755	0.015480	0.024020	0.004568	0.006500	0.008016	0.008518	0.034590	0.021359	0.017314	0.014224	0.020750	0.034011	0.021924	0.018690	0.002034	0.013542	0.000167	0.042662	0.032686	0.034537	0.002029	0.024768	0.000720	0.035740	0.016169	0.007101	0.030693	0.000610	0.035030	0.015792	0.036464	0.044692	0.035520	0.038508	0.007843	0.025999	0.003839	0.025031	0.028914	0.021384	0.013681	0.025994	0.018944	0.020002	0.012739	0.036508	
0.012085	0.027928	0.041607	0.037607	0.037022	0.018072	0.030585	0.004464	0.036890	0.040878	0.013861	0.013764	0.043568	0.009477	0.007594	0.036217	0.037289	0.018753	0.025442	0.023490	0.006176	0.004999	0.000707	0.005522	0.002817	0.015124	0.024511	0.002604	0.037933	0.023031	0.038578	0.009196	0.011087	0.030754	0.020470	0.028670	0.000485	0.031841	0.011006	0.041507	0.001033	0.006839	0.019449	0.018892	0.015785	0.023419	0.009953	0.033253	0.007545	0.000225	
0.004220	0.037950	0.008614	0.012430	0.007738	0.011778	0.043686	0.023426	0.008277	0.020699	0.011305	0.048391	0.009946	0.025544	0.017860	0.045083	0.015930	0.010223	0.024997	0.026625	0.003510	0.034391	0.018299	0.046241	0.030191	0.032597	0.026189	0.002613	0.032656	0.002379	0.030321	0.030213	0.003679	0.001132	0.041765	0.010691	0.011460	0.015979	0.015235	0.019241	0.010866	0.001306	0.001793	0.016088	0.047104	0.036767	0.013111	0.024809	0.003002	0.021654	
0.003645	0.013576	0.032460	0.028388	0.016230	0.033231	0.001583	0.021673	0.006177	0.025365	0.024889	0.023383	0.017098	0.025263	0.023484	0.020998	0.031133	0.020099	0.027687	0.021729	0.022075	0.011782	0.024865	0.031893	0.030328	0.023124	0.032633	0.021330	0.002581	0.030566	0.010537	0.000308	0.018798	0.024971	0.014790	0.031458	0.003758	0.016265	0.011382	0.030211	0.019384	0.006733	0.014866	0.015792	0.013305	0.021220	0.030395	0.020843	0.031801	0.013914	
0.005388	0.008337	0.029773	0.016565	0.026469	0.020793	0.010377	0.033466	0.036661	0.015866	0.026933	0.037691	0.031379	0.013693	0.019101	0.024230	0.027829	0.013696	0.012552	0.022382	0.037940	0.030343	0.036046	0.026871	0.022869	0.001237	0.000050	0.010775	0.003107	0.004353	0.033285	0.015266	0.016841	0.018241	0.020211	0.013984	0.028678	0.033034	0.034864	0.008346	0.004476	0.007938	0.004301	0.035373	0.003060	0.025412	0.030335	0.024875	0.008192	0.026516	
0.026412	0.042124	0.024121	0.033146	0.040891	0.005187	0.002717	0.040400	0.020997	0.013871	0.008819	0.011981	0.042665	0.031683	0.016142	0.007469	0.013628	0.024780	0.014197	0.020439	0.016915	0.027238	0.032764	0.006408	0.010550	0.025997	0.042298	0.030771	0.008773	0.006450	0.035773	0.004786	0.013185	0.018032	0.010600	0.010903	0.008299	0.029606	0.008027	0.004434	0.030219	0.004798	0.019310	0.032266	0.027558	0.039934	0.017662	0.024951	0.009039	0.000784	
0.041873	0.008677	0.011697	0.017743	0.003817	0.010641	0.032728	0.027028	0.026095	0.040337	0.029102	0.017453	0.031819	0.001476	0.039082	0.010830	0.011959	0.024056	0.032228	0.009363	0.016292	0.034624	0.005011	0.021011	0.001990	0.001149	0.028491	0.016752	0.010541	0.014559	0.013861	0.034025	0.038202	0.017235	0.002495	0.039128	0.040767	0.026368	0.014825	0.003411	0.040015	0.012656	0.024997	0.005331	0.027254	0.011182	0.032037	0.007039	0.015181	0.015569	
0.016063	0.001368	0.005802	0.030538	0.027149	0.032437	0.006701	0.002649	0.042864	0.041442	0.016905	0.009612	0.005025	0.025224	0.027981	0.005599	0.025232	0.032285	0.010018	0.029803	0.016948	0.002712	0.004973	0.027955	0.022211	0.005805	0.004284	0.010389	0.043307	0.018077	0.041679	0.005604	0.033313	0.034915	0.004760	0.043169	0.009149	0.028990	0.037761	0.020474	0.002184	0.001928	0.014052	0.032528	0.021047	0.019526	0.029675	0.019603	0.037249	0.011036	
0.021458	0.019362	0.005532	0.024672	0.000869	0.013347	0.010105	0.014032	0.022953	0.027268	0.017778	0.012468	0.028802	0.022716	0.001924	0.018387	0.029579	0.036033	0.016546	0.011605	0.018337	0.029797	0.040090	0.026452	0.037160	0.037040	0.041134	0.003190	0.028143	0.003653	0.022106	0.012034	0.034608	0.011735	0.024876	0.037633	0.018087	0.014625	0.013104	0.007372	0.018455	0.000577	0.035419	0.008232	0.026009	0.005121	0.018280	0.039495	0.006962	0.024833	
0.035825	0.006614	0.025083	0.001135	0.015962	0.000796	0.018974	0.028212	0.016606	0.015011	0.000469	0.028731	0.037454	0.020615	0.036220	0.005293	0.004458	0.005283	0.028620	0.037223	0.027977	0.026907	0.015265	0.000441	0.027744	0.028116	0.023655	0.033223	0.004900	0.000701	0.036190	0.015852	0.008267	0.036277	0.020443	0.019554	0.033408	0.034667	0.017460	0.014608	0.005192	0.013719	0.016064	0.023580	0.022404	0.026151	0.009710	0.024408	0.029918	0.034613	
0.011822	0.026396	0.023800	0.025367	0.029130	0.036942	0.001986	0.001973	0.026250	0.024024	0.031143	0.001355	0.002514	0.012024	0.026100	0.008445	0.023012	0.031192	0.027297	0.002740	0.026162	0.010383	0.016601	0.031257	0.020905	0.000070	0.016409	0.018092	0.009494	0.032112	0.032933	0.037560	0.018018	0.022707	0.027074	0.033446	0.029846	0.009548	0.027346	0.020108	0.002063	0.006254	0.028330	0.031106	0.021062	0.018524	0.029977	0.013901	0.033528	0.001672	
0.004084	0.023926	0.029898	0.030526	0.018594	0.010587	0.029660	0.016316	0.008215	0.020822	0.020282	0.013473	0.002995	0.001686	0.029241	0.021282	0.035786	0.018171	0.002444	0.040673	0.039330	0.037683	0.019706	0.026688	0.024477	0.032356	0.024712	0.002954	0.016366	0.026065	0.032935	0.002585	0.015940	0.018329	0.008244	0.031540	0.003315	0.033498	0.020937	0.009341	0.020723	0.020537	0.002032	0.001770	0.014807	0.022833	0.037706	0.013378	0.030356	0.030194	
0.023403	0.033720	0.023436	0.031598	0.031656	0.026438	0.017985	0.035314	0.031783	0.009735	0.008329	0.023354	0.033430	0.001359	0.026037	0.006472	0.000591	0.027703	0.016007	0.035637	0.012301	0.030432	0.027835	0.024762	0.004563	0.015787	0.006132	0.012498	0.007731	0.008591	0.020449	0.026152	0.008209	0.032061	0.023891	0.007131	0.022791	0.008695	0.019211	0.013514	0.006665	0.036204	0.028945	0.036759	0.011368	0.030734	0.010876	0.016275	0.031116	0.014330	
0.001802	0.006851	0.025601	0.033386	0.029070	0.018480	0.039184	0.019855	0.003709	0.035589	0.033829	0.010095	0.024122	0.019060	0.025431	0.018005	0.021186	0.010309	0.014062	0.013801	0.004244	0.031102	0.005972	0.025210	0.037397	0.025158	0.038480	0.026541	0.012266	0.008534	0.013111	0.034558	0.026501	0.015726	0.013959	0.022152	0.019443	0.020048	0.013450	0.029916	0.001392	0.029237	0.012569	0.016687	0.009981	0.025782	0.026446	0.011371	0.014791	0.024550	
0.017681	0.030055	0.014167	0.000168	0.008989	0.023581	0.013991	0.037644	0.012336	0.038683	0.035256	0.020750	0.002501	0.029138	0.024241	0.015707	0.037778	0.027516	0.038647	0.011190	0.028876	0.022795	0.007412	0.018589	0.012091	0.031296	0.013796	0.004107	0.022541	0.013470	0.009801	0.033210	0.008976	0.017049	0.020289	0.027192	0.008227	0.024790	0.013662	0.005052	0.010849	0.029753	0.029443	0.015774	0.023258	0.022831	0.001872	0.031821	0.022942	0.028217	
0.022020	0.017845	0.012218	0.030203	0.035776	0.032017	0.028435	0.030288	0.005087	0.035623	0.005188	0.013213	0.033599	0.009979	0.013332	0.015140	0.028181	0.015901	0.030681	0.003209	0.016706	0.003188	0.030522	0.030297	0.025835	0.028557	0.018490	0.004811	0.012559	0.001874	0.029015	0.008481	0.029853	0.013044	0.029789	0.026043	0.020920	0.031295	0.037055	0.036863	0.011647	0.020037	0.021906	0.007978	0.006812	0.021794	0.010150	0.020983	0.003773	0.021788	
0.036737	0.004749	0.031995	0.019251	0.030835	0.037243	0.005621	0.003022	0.009434	0.006094	0.031424	0.023558	0.000408	0.015976	0.001349	0.030216	0.031350	0.025687	0.025343	0.018894	0.037973	0.032286	0.020226	0.022510	0.026029	0.005375	0.005510	0.017289	0.034653	0.021424	0.025698	0.004870	0.036716	0.021741	0.012948	0.036770	0.020832	0.013094	0.022348	0.018958	0.008341	0.007844	0.033367	0.015188	0.010826	0.008840	0.021483	0.013160	0.029671	0.024843	
0.024353	0.010256	0.021477	0.023064	0.021636	0.010303	0.017808	0.030217	0.022046	0.029266	0.023896	0.007445	0.017232	0.006693	0.037457	0.020978	0.017612	0.006479	0.024888	0.020771	0.010318	0.023171	0.012261	0.037962	0.000103	0.035827	0.017570	0.034919	0.019527	0.019084	0.009799	0.039151	0.009744	0.010580	0.031835	0.019696	0.036845	0.037178	0.007142	0.024273	0.002930	0.022489	0.011311	0.003657	0.028055	0.021449	0.021471	0.031844	0.001501	0.024432	
0.034031	0.030575	0.020214	0.007886	0.014762	0.004818	0.002157	0.002641	0.017899	0.034148	0.031736	0.018966	0.031912	0.017525	0.003134	0.028926	0.013271	0.020926	0.005795	0.034712	0.016063	0.037080	0.017002	0.020553	0.019555	0.024427	0.036407	0.034258	0.005884	0.010913	0.011442	0.012019	0.025084	0.024213	0.034088	0.015182	0.025069	0.007504	0.020492	0.020273	0.016343	0.020282	0.020962	0.025022	0.019804	0.034863	0.028404	0.017044	0.014580	0.009151	
0.020905	0.017049	0.022064	0.015332	0.020327	0.004645	0.021373	0.027162	0.023100	0.035527	0.005062	0.008894	0.029993	0.017466	0.034858	0.018226	0.037431	0.027303	0.009901	0.010563	0.006423	0.024668	0.034384	0.020040	0.019684	0.026684	0.034155	0.007745	0.023192	0.005022	0.018240	0.037443	0.028284	0.035300	0.002775	0.022400	0.034613	0.035062	0.017657	0.009473	0.027618	0.015533	0.019374	0.003780	0.010360	0.025612	0.010851	0.030628	0.005810	0.000011	
0.007420	0.034359	0.019407	0.001562	0.035935	0.033165	0.028836	0.035950	0.030366	0.019286	0.027839	0.000996	0.019618	0.029162	0.036464	0.007818	0.027937	0.031171	0.026527	0.004830	0.029781	0.026779	0.005155	0.033022	0.035265	0.014260	0.025308	0.023247	0.016270	0.007240	0.007203	0.022580	0.008020	0.014831	0.017146	0.018746	0.006235	0.003474	0.016334	0.034258	0.005561	0.000003	0.036117	0.031844	0.000466	0.033988	0.026918	0.015260	0.014402	0.011641	
0.009179	0.011512	0.010362	0.011221	0.035211	0.001035	0.027751	0.032207	0.009252	0.029128	0.027583	0.015148	0.001128	0.016812	0.036049	0.005152	0.030691	0.017115	0.018615	0.035894	0.021341	0.033117	0.028781	0.032380	0.018512	0.014343	0.028424	0.024799	0.015859	0.020818	0.031405	0.002035	0.021829	0.027546	0.016759	0.005803	0.028872	0.018196	0.021367	0.017360	0.025554	0.026743	0.005137	0.019948	0.005202	0.013950	0.031454	0.019265	0.024107	0.018051	
0.024587	0.004016	0.023404	0.006667	0.004038	0.001334	0.008310	0.031343	0.022086	0.033822	0.027441	0.023743	0.006860	0.020410	0.021015	0.006835	0.036065	0.015009	0.029213	0.025216	0.034897	0.001616	0.026725	0.007168	0.008174	0.037217	0.013264	0.026932	0.036348	0.024564	0.005377	0.018178	0.030395	0.018230	0.014594	0.003633	0.006179	0.021116	0.035182	0.023240	0.033931	0.035946	0.025012	0.020683	0.028686	0.026692	0.026549	0.003839	0.017952	0.016265	
0.030657	0.008271	0.014907	0.011812	0.026998	0.007945	0.022464	0.010176	0.032377	0.026831	0.028142	0.002528	0.009941	0.005578	0.012036	0.038213	0.025928	0.039518	0.025876	0.038669	0.021385	0.001678	0.030374	0.012135	0.026068	0.010599	0.033708	0.023667	0.005160	0.007029	0.033384	0.037530	0.016256	0.013924	0.038835	0.008503	0.012770	0.002348	0.010401	0.021564	0.027043	0.008150	0.037063	0.008284	0.020862	0.009308	0.031450	0.020369	0.023192	0.028095	
0.036599	0.009720	0.007450	0.026415	0.016035	0.028757	0.009586	0.031257	0.041743	0.022605	0.024162	0.035299	0.038154	0.009710	0.013026	0.038257	0.027334	0.017456	0.031266	0.020830	0.004195	0.010774	0.004509	0.003624	0.014601	0.031003	0.013497	0.004410	0.005411	0.002076	0.006535	0.035271	0.000877	0.029064	0.022865	0.016560	0.035227	0.001507	0.016197	0.030081	0.021486	0.029630	0.018652	0.001712	0.021077	0.043275	0.040342	0.039410	0.002673	0.007798	
0.011163	0.023340	0.031842	0.005962	0.034259	0.000251	0.026245	0.034393	0.022247	0.041820	0.023422	0.040981	0.042865	0.008077	0.038556	0.021146	0.025798	0.005446	0.001639	0.015853	0.010144	0.042136	0.014423	0.010269	0.020352	0.008967	0.000283	0.035422	0.012214	0.003824	0.008982	0.019843	0.017775	0.036798	0.042641	0.030006	0.012073	0.001840	0.012745	0.037564	0.013506	0.024071	0.012783	0.005985	0.020616	0.002587	0.025943	0.015716	0.036277	0.008914	
0.77
