50
2
10.013237	3.153894	-5.936068	-28.467938	9.201796	-24.393666	27.509702	4.197170	27.551620	-25.850148	21.249930	-15.806963	-12.912257	-26.094888	-14.741220	-21.346928	-17.147020	-23.061801	-17.632243	10.107348	4.724768	6.355093	16.356668	-28.124276	-2.962280	26.330712	2.260123	-1.479850	12.431932	5.243305	2.766061	-3.056424	-5.503090	28.740516	20.240920	-22.866397	-13.428977	-27.225213	23.267829	11.462445	-2.218065	14.956836	-16.588152	-24.327682	-19.717627	20.653071	-20.085276	2.458978	-26.505601	-16.107133	
10.500797	3.400608	-17.844162	3.040040	21.684206	-7.785770	-17.877627	-15.445343	-10.513185	17.364139	-9.433510	4.482485	-4.697464	19.350359	11.738343	15.818815	8.190662	0.246374	-8.666843	8.960299	22.118078	-21.475494	-22.156203	16.089126	13.784212	-6.351149	-21.062394	18.544414	0.874109	-0.632281	23.771966	9.731013	-20.920751	-10.050358	2.231179	9.234866	0.223925	-0.864998	-15.050047	-24.271643	1.005394	-4.464739	-22.125562	1.108059	6.284780	-16.467099	-17.358837	11.588699	-1.401485	6.868992	
17.509134	8.695194	17.304936	-7.383242	-9.771288	-19.632454	8.198029	7.113380	-19.168395	8.574727	-2.852613	-23.284004	-11.698848	19.746931	0.728798	-2.694346	20.399753	11.340995	3.085983	1.985612	-2.151744	21.481368	16.680709	-15.563494	-22.294968	15.204214	-1.639438	-7.664413	1.329238	7.491945	7.164404	7.470688	9.155322	-16.324400	-17.695182	7.131543	-11.951925	-9.568295	0.416353	24.470138	-15.018810	-23.254139	-7.178774	24.553168	8.677077	-25.853087	-2.061372	-17.191302	-10.589589	22.938541	
-25.676126	-16.063858	20.862340	9.975697	13.151107	7.402639	10.580201	-3.319477	16.434825	-4.465802	-16.255807	-2.391742	-1.105851	-14.412586	17.368680	5.013061	18.422015	25.308432	3.721413	3.655495	8.734099	-25.149288	-14.192100	3.139275	-18.036151	8.950905	-9.519009	-6.691495	-18.909742	-3.680130	1.584190	-7.443506	-12.642770	-12.657997	5.260857	-14.748346	-9.080161	-1.895870	24.565810	4.474699	17.687441	-8.842981	25.031273	-10.965893	9.246827	-0.740760	15.707759	9.224793	3.730072	-5.511135	
3.330349	7.469701	11.235207	-22.216329	12.136322	-16.531323	15.896745	-13.144219	-21.230814	-6.846067	-21.091840	-20.435275	-17.732526	19.542381	-11.579565	-20.118751	-20.213920	6.685880	7.665707	-11.886859	12.168638	-12.439211	-9.861947	-6.438419	12.138850	-22.582164	-21.752860	11.050939	-10.450043	-9.532900	1.026473	-14.224524	12.465257	-1.274087	-3.474500	16.815950	-6.598734	-21.879710	5.909241	-1.951216	-3.825730	-22.833319	-1.320301	16.761222	3.898726	15.870668	-20.378004	-18.496575	-4.778537	17.791291	
7.815235	9.202932	23.863488	2.150524	-9.454599	-2.475942	-23.760248	18.333726	16.703535	-16.449462	2.645687	19.358033	10.156283	14.068090	-23.097592	-3.932783	-13.697356	1.893433	-19.239416	-6.308706	15.420441	3.154274	-6.129379	-13.047268	4.508277	6.245134	-0.103325	-11.716339	23.492630	3.544485	-10.837887	22.693768	-18.497771	2.801269	10.398099	-12.524491	-4.059344	-8.635978	1.752444	-19.629320	2.127089	-10.259567	15.121077	20.891462	-3.524353	-3.157507	-15.510923	5.743132	-11.757936	1.061127	
-15.062059	25.918341	24.585961	19.889274	-17.327324	13.960538	19.484291	6.364589	-0.522076	21.903287	-5.581495	-0.935146	2.517777	7.660278	19.395392	24.344304	18.711553	26.499503	21.111664	7.617562	-23.850908	-11.598031	-12.813723	3.622808	-21.739320	9.505826	10.632004	7.155325	18.517928	4.056556	2.743718	-1.931934	-18.419816	14.812299	-11.053646	-23.839241	3.418834	-7.510762	8.040509	12.686920	12.585626	2.541039	9.046066	8.217231	5.776434	-1.360361	10.526981	-19.522796	-3.156800	-10.421865	
27.163789	21.100557	3.585230	-27.092974	-27.215044	12.578006	-12.239197	-26.440876	-2.563423	11.901555	-27.746272	1.317942	18.267516	-12.364968	-18.578177	-2.415853	-22.988650	7.122567	11.005193	-15.887217	10.313434	-9.406814	17.689994	4.555686	-3.512806	27.501295	4.415619	11.829192	-10.693775	-3.383739	12.441561	7.487895	10.807031	2.047338	5.119526	-20.591489	23.798213	-26.867888	2.620156	-15.437512	12.973633	-23.861593	-9.370074	-21.481517	20.346034	-20.212964	-0.166880	12.478480	-21.252096	-7.549249	
10.487792	-5.724560	-26.493085	10.167637	-18.508922	-13.599443	24.177950	-20.277949	-17.254658	-20.890006	-3.048890	-6.333242	-18.521024	-22.529183	15.899680	-3.317230	7.794322	-18.165012	22.878693	3.630479	-23.680470	-10.961444	-21.199709	-2.611305	-5.730915	-9.829087	25.312883	-3.644480	-6.317942	-6.822897	4.870907	-23.917726	-21.600846	-11.087017	-13.844439	-13.411336	15.705089	23.394883	26.407871	-26.385084	-17.716837	-26.829411	-13.773487	15.260971	-18.448501	16.375964	-14.924168	18.816405	10.796770	17.124652	
7.559269	9.569572	-18.163643	-6.433205	9.036723	17.815185	25.242351	-11.228430	17.203155	-18.758178	14.112633	9.216975	-15.154078	2.853413	-6.148331	-23.361669	-13.252569	11.934448	15.735762	23.464791	-15.602928	-6.924273	-12.263618	0.776767	-21.019673	-9.134972	13.885419	-2.622276	17.753721	-26.174487	-26.914985	-1.243436	-9.407426	25.981535	6.125319	-13.811634	27.036349	11.445440	-1.101992	2.558062	15.166586	-10.664261	22.788104	-18.740779	-1.629600	-6.915717	26.213764	-17.046150	-10.822385	14.745019	
-23.840710	-20.019406	-21.098344	-0.588152	-24.106481	3.117197	-10.962465	17.774741	-5.826561	16.831023	16.753189	-22.330456	-21.580829	2.457883	25.838254	5.425367	-17.938378	15.375848	4.194422	-21.712356	25.599349	16.150637	-12.893653	-6.766285	4.498335	5.560389	-18.679695	12.690692	-18.637144	-24.627687	-23.449061	-8.582364	1.546202	18.784766	15.729283	8.723185	-9.888821	12.194625	-10.046957	-25.049468	25.169924	-21.548298	-14.883406	18.527847	8.531223	17.921064	0.870228	23.631226	4.679625	14.366881	
7.328400	13.427646	24.979981	-18.124244	-19.399774	9.298047	7.779143	7.046509	-22.761586	18.365443	-10.835172	-26.187459	9.187230	12.450643	3.949655	14.572048	2.022006	26.124824	-17.402180	-20.115593	6.708449	1.669870	11.936167	19.115416	-2.312459	24.549616	-21.112082	20.757541	23.040670	0.483527	8.521011	4.631189	-5.693488	27.033939	-13.623750	-13.523718	-2.797825	9.234633	-5.435086	-8.690026	0.992718	25.491274	-1.578884	-9.177082	25.594887	-3.723987	-3.029058	-4.410126	-28.752450	14.150852	
-19.612066	25.306727	-20.959782	-18.220163	-21.022823	-6.261485	-4.784859	-9.671038	-2.681170	19.690132	10.176939	11.359879	-5.585283	-0.088983	2.582636	18.131513	22.307903	-27.746397	13.020817	-10.007715	24.263689	-8.456687	12.291736	15.228693	6.089923	12.637885	-5.075306	19.734739	16.167294	20.211904	1.872865	23.869531	7.894378	-23.227103	10.944371	5.230210	10.128737	23.569708	-24.448320	-4.883878	-10.415056	-13.475447	17.225632	-3.015162	23.696598	-13.068825	-15.649755	24.831182	0.827003	-0.620759	
-16.399977	7.238690	-28.394828	23.574755	26.182580	4.526274	14.392752	16.214157	-33.108777	12.635322	-32.737273	-27.221626	1.764807	13.522210	24.746844	-29.928538	28.073321	2.799187	-30.003680	-5.777220	25.452284	32.348969	-10.065647	-18.691816	-32.495313	-6.530259	2.811670	-5.472076	23.656445	-15.300725	23.042376	3.063817	15.727394	28.755156	-14.504371	-3.183839	17.086037	-18.864528	25.273185	25.230888	18.173932	18.886994	7.973239	7.388085	-29.188752	13.909315	-18.508041	-16.344834	-28.215947	-0.966900	
-19.532253	-0.019946	-9.263878	7.204769	-10.423901	-10.211746	20.672185	10.569725	15.975997	4.446514	10.818288	-2.803576	-7.460884	-20.928839	-6.488560	-20.396890	9.034746	-9.491360	6.376848	10.640178	11.255325	-8.137400	2.397515	-15.910298	-6.594311	-14.063253	8.635887	-20.894239	6.829894	-14.995397	-18.455175	-16.996909	-15.189943	4.621720	-19.312082	4.995685	-11.961937	9.255894	15.584644	12.947318	-3.160731	9.978859	7.930391	18.128502	1.687997	-12.422762	14.602658	9.185645	-3.378466	11.395791	
5.649895	10.463099	5.433559	17.861953	1.850963	0.383729	5.201181	0.682489	-16.183288	20.006989	-7.952431	-16.250890	-14.280889	-0.569451	-9.866457	12.091862	-7.146852	-4.996904	0.826556	15.732749	14.460027	-17.307372	7.933815	13.378830	-0.282403	-8.742066	-19.086423	20.505783	11.655648	-12.315292	-10.047844	-19.029458	-15.049467	-15.032063	10.531676	21.255555	2.234120	8.025827	-9.194948	9.470611	-10.496066	-17.086319	-20.641606	7.655502	0.650673	2.776142	-20.993200	5.619420	11.846211	-12.294661	
6.209585	-8.858026	10.891034	-3.443527	18.116876	13.883906	-24.687101	17.681928	-21.623323	-4.440091	6.051595	22.172726	6.523585	-11.473602	-4.292573	8.715683	-1.758126	3.944262	19.815917	3.170268	22.941232	-2.196073	-24.431335	8.000827	-19.973333	16.974030	9.090011	9.903917	14.142171	11.798506	-1.581237	-13.368319	-5.760184	7.813590	17.643709	-20.162267	-10.715619	15.946585	19.392626	-11.421623	-19.025894	14.631563	9.620395	22.546680	-0.407968	9.733089	-14.918071	17.735668	3.536857	-14.370930	
4.082323	-23.508733	12.377897	-4.375991	-2.270658	-2.645204	-7.050687	-0.052795	23.308533	16.953751	11.603232	-15.606759	-11.013131	-17.916714	-1.090159	4.902453	4.226194	-20.170622	-9.767097	-24.148444	-22.289124	7.879866	6.393919	7.502022	-14.799056	-18.270068	-17.499198	11.163138	24.990011	-12.122754	3.119624	1.078838	-5.852046	-11.230083	-19.837991	3.956461	-16.673102	2.955849	-17.079984	0.225763	17.800038	-12.839052	-24.751880	7.017950	-22.634495	-22.309765	-13.009859	-3.659555	-21.721332	-15.888493	
11.819573	20.127581	-12.505893	15.680057	23.053863	20.722982	-2.862114	-17.307062	-24.337764	-23.338411	-19.621599	4.549768	-11.694799	23.798228	20.401051	9.595198	-7.597513	20.646277	25.236273	-9.982710	-23.655861	19.267543	10.653308	5.659974	-9.552875	14.353101	4.594138	15.073868	6.674021	-26.100631	-21.246925	-28.963120	-15.219402	-26.286626	-4.886381	15.640921	-3.140366	19.469010	-4.793303	-19.734339	-3.683845	20.375833	16.157734	21.780133	-10.950411	-15.945958	-17.788802	-15.763646	-13.054638	18.888355	
-4.272981	-3.972806	-6.159511	-21.647825	-4.549143	-19.203275	-16.622933	3.537427	7.185527	18.472510	-12.533405	-17.499669	-17.895182	-18.552565	-9.411398	-14.728302	-11.524585	-3.268322	-17.611810	-20.737134	14.349523	12.445936	10.860499	-22.156824	-9.179370	6.058992	-13.618921	-11.502914	4.220210	22.953673	-9.915325	-12.013133	15.801883	-13.203931	-11.784311	-13.358134	-10.722184	13.266296	-3.788094	11.623427	-21.043136	1.429053	-0.153936	-8.473170	-19.735211	22.989105	6.680764	20.582578	-19.300665	16.565369	
-17.784222	-9.697101	23.894631	16.762276	-20.034744	16.959871	23.244409	-3.966123	-18.354542	-12.053104	-22.730601	-13.466752	21.438782	-7.842788	-5.948065	10.484710	-19.310178	-15.310271	3.626877	-18.554783	-0.974238	-14.369466	-18.479283	-5.433557	15.189765	3.201420	-2.875257	-8.469682	23.543912	13.511451	14.872900	-14.296483	11.582474	-9.726293	6.341885	-1.190663	-1.020365	-18.965749	-7.065791	6.052969	1.568204	-14.674578	-6.575903	-12.009308	-4.326265	10.715838	8.465568	-17.800187	12.608474	-1.054289	
-12.342562	-8.514183	-7.912056	-21.147321	6.919803	4.076812	15.326550	22.379183	-3.803396	13.430444	13.374080	-15.047355	-16.787305	18.209072	9.115473	11.558540	5.697500	22.722305	-14.957635	17.615997	18.458694	10.131464	-12.964900	-18.760542	10.789663	-16.367588	22.441365	4.279703	11.517116	15.157173	24.370280	-21.634173	23.379985	-22.977331	10.604497	-6.163530	23.763050	-3.216012	-18.059168	-2.834097	6.313926	21.982319	-13.583559	-8.535754	3.337273	14.917543	4.483943	18.221663	-8.264170	-11.645697	
3.946615	-24.420237	-19.705182	9.957201	-20.915725	-5.309515	10.480623	10.064827	4.822916	24.480836	-24.071119	7.001464	-5.744699	-12.366567	-9.875355	-12.782375	21.367875	-8.755436	5.741397	-8.341729	-1.832526	-23.907950	18.462741	13.178379	15.391653	17.170966	2.712109	-6.945233	16.829407	19.939528	-4.776344	18.176313	-21.031002	14.427721	-6.525217	25.212782	17.770091	9.109500	15.521009	2.169297	2.664133	-15.078952	-23.384243	19.000156	-21.714050	-6.135755	-6.428376	10.509783	4.631996	17.248742	
18.651725	4.799960	-27.792239	-4.537814	-21.457686	8.021479	24.254195	-25.051277	24.950144	22.125629	-23.088809	16.989093	26.228137	13.287688	4.829350	-23.559299	-0.671510	-16.060407	-4.408515	-8.630221	22.790367	30.000166	13.863378	5.663550	-26.845095	-22.058949	27.816148	11.197009	21.857015	10.549768	-30.012827	-1.761067	20.052318	17.168154	-6.905582	2.170160	-23.309729	-11.261979	4.037715	9.324877	8.794812	-2.937847	-26.715877	-15.041616	12.462304	1.392662	27.416637	23.495464	17.468671	31.155925	
-6.072319	20.435226	15.364740	15.503499	9.515588	11.107557	3.237608	-16.546347	-1.545984	12.837268	13.825252	10.838457	14.099096	-14.469520	-10.557493	-10.972979	-2.306868	-19.504867	6.806985	12.677832	-6.214634	16.465042	7.133010	5.480970	10.729011	14.830513	13.434393	-10.230894	19.276391	2.518473	-5.436024	-5.673937	2.612860	4.317989	15.465161	12.047664	-1.196804	8.983963	-9.662533	9.670149	15.605499	-20.510509	-7.766484	20.225597	-20.668107	17.378443	3.541279	18.771416	-0.120819	-13.694380	
1.814573	-4.509538	8.464803	5.643031	-20.619520	-16.231478	7.635613	-4.643986	17.377166	-14.461957	-15.949116	10.058223	3.914028	22.380453	-7.293956	-8.968343	9.416198	-15.168286	-9.231072	24.894100	13.747592	-22.987127	-24.939544	-13.015249	0.342971	15.666828	-9.574893	-21.490350	23.574481	-18.459225	18.917898	5.186311	-15.545604	-11.834693	25.368023	-10.369090	-4.821854	0.648993	16.089964	16.896667	-2.804692	-1.772860	15.855649	25.869243	2.973322	15.569819	-22.421693	15.727681	1.299101	-0.483127	
18.719313	-23.450581	22.194446	-18.873767	19.421361	6.001382	-17.701824	-5.678747	21.756908	1.803487	-0.603733	5.058277	-14.835362	1.071279	21.481741	-23.394460	-11.116538	-22.883546	-7.637330	-9.667211	5.883624	22.809030	13.412857	15.551038	-14.900595	16.329285	-22.394273	-16.076048	16.155468	-23.460663	-4.250926	-1.042192	-17.383370	-5.226560	8.022315	12.774552	2.765532	-11.105863	-0.652449	16.190195	4.309866	12.110137	24.081687	-13.114196	-20.722555	22.009840	7.642244	21.557785	-0.767817	-7.713650	
-4.691532	-4.891228	-4.685785	-6.622074	-14.315792	10.798695	2.615351	-0.690782	-14.475793	11.397811	10.591771	-3.628394	10.766694	-14.219924	12.259205	-9.970289	-6.284327	-4.363167	6.469728	7.394642	-10.946532	-1.443135	-16.480623	-4.585346	-12.332509	8.765699	7.459153	5.899457	11.302579	8.327677	3.119902	15.705204	-7.211763	-5.983776	-11.183711	16.009907	0.814967	2.625964	-8.498924	-14.756787	-0.768275	-13.697979	-1.517746	-7.614291	15.976405	10.958685	-10.964851	-8.157066	16.967378	1.401219	
-10.379530	14.374053	15.615353	-11.600466	21.373729	-6.188869	0.185199	4.184703	-11.493886	-23.737927	-24.821216	13.961580	-14.963934	-21.643120	-12.426905	0.782519	22.825796	12.665301	-12.036856	16.681169	20.633134	-7.187954	-8.717764	15.215422	22.686280	12.091529	1.461873	15.373052	-3.000074	11.405350	-8.192736	22.801847	19.723507	-11.975572	-16.989892	-12.122512	-6.400651	-6.397628	-3.199498	14.668748	8.653689	-11.143537	7.009375	-22.342749	-11.521362	15.167767	3.617845	-7.729225	-15.835114	18.349673	
-10.993332	11.654414	-9.376712	-4.227257	-9.011525	9.821120	-17.464139	2.916213	18.592570	-18.146825	-18.257923	15.581539	-23.090733	19.052621	-21.587744	-16.748193	-18.884432	-18.289646	2.171313	21.315671	-4.870368	-14.610288	4.083831	13.838858	8.161325	19.647445	1.612483	-14.543829	16.156234	8.885598	9.709735	11.335094	3.075594	-2.470595	-17.743802	22.003516	-7.253987	4.420119	-14.429224	-10.814373	3.187954	22.325795	-20.101613	19.976328	-23.676399	-8.817413	-14.130019	23.828242	-8.018212	-25.278535	
-15.893737	-12.085710	23.278061	-9.035745	10.529209	23.856967	-2.869566	13.478182	11.958822	15.378328	5.933601	-3.971844	4.100163	23.646548	-10.959412	22.923112	12.587066	-3.685236	-22.425316	25.186932	15.128030	1.015193	19.052082	10.085754	-24.485875	5.696292	7.659056	-12.251925	12.346407	20.295699	-0.572187	5.559700	-19.228342	4.943170	14.013689	12.717993	6.273629	12.331367	11.559121	8.140258	-21.906579	-24.436585	-6.806308	0.982024	25.288650	-7.727940	-7.959905	0.901684	-14.770572	22.602874	
5.011344	13.195735	18.168321	-3.999945	3.146497	-6.689163	14.853564	-5.720193	7.790190	-19.694847	24.845558	-17.078096	21.440296	6.374643	-16.913113	8.984331	-18.461225	-19.294871	-1.736220	13.976846	-17.260338	-11.028347	-25.081684	-18.950690	25.028208	22.466359	20.822435	3.691777	17.828531	3.911370	-15.368273	-17.789159	19.376889	4.171127	9.880439	-5.252756	9.624130	19.945810	4.945618	-9.374583	-3.173275	3.974291	25.855991	-11.609754	20.305981	17.325419	18.826703	11.050541	-24.140903	18.185112	
-17.966694	21.047139	16.031938	-9.196221	-13.947750	17.852809	-8.325482	-18.464339	17.801704	2.249345	7.948034	18.211122	17.216431	-20.856266	14.796781	8.199399	11.212562	-19.597758	20.138748	23.765171	8.516397	21.397449	0.222256	-12.477062	12.286581	2.548841	14.261370	10.997252	12.477262	-3.713618	-22.987605	-13.316166	-19.547151	2.636109	-24.210186	-18.149108	-9.926223	-3.743251	12.391571	1.590496	21.781930	1.591390	-0.472005	13.808606	11.648966	16.401925	-4.828869	14.486478	4.475790	14.535033	
-5.925644	-2.724417	18.802140	2.827985	-9.794853	13.722883	10.846683	-6.350868	18.952491	16.751249	-19.208367	21.542847	-5.342875	7.070000	-19.131904	-11.970786	-13.367542	11.838575	19.004678	-16.159208	13.241829	9.868048	-4.149358	-13.073747	-19.445217	10.277629	0.860489	2.637396	-0.476643	11.688617	-9.736432	21.810878	-13.503035	11.568961	-4.653225	14.536180	10.632093	19.425478	-17.010671	4.725650	19.320665	1.295934	-4.450331	-2.300549	-7.334023	-16.509100	-4.655555	-7.131853	21.861717	-17.515044	
-8.071590	-18.698089	1.316289	-9.517582	18.114234	-2.894915	-6.734864	-20.845499	9.251060	19.273510	14.819698	17.844277	-8.001828	-6.917569	14.320186	-23.138182	21.358859	24.008199	-15.611318	17.860318	12.924988	-11.526638	9.313063	24.457076	-18.967709	-1.342978	-18.116979	3.305164	1.887117	6.138953	-5.801992	5.758575	-17.432844	22.995140	-0.668945	9.798449	23.378614	-5.390866	-13.845563	-12.595927	-24.008975	1.322295	25.857665	12.009446	-16.666819	-7.437717	15.213612	-20.264645	-4.654487	-19.168183	
11.518543	7.441951	-15.739782	23.831360	25.746611	26.813838	-3.060657	-6.121707	-9.363446	12.294057	9.954429	0.040312	8.575326	2.566976	8.991342	10.496882	10.095085	-2.136851	18.224279	18.504421	16.307521	-14.976701	-7.491621	-1.011607	-8.706859	-21.837360	-26.766691	-2.304072	25.116252	11.484130	-19.271328	11.863017	19.784181	22.038097	-8.544851	-18.424455	-16.563275	-13.601874	-13.908634	5.547610	19.803170	-12.828223	-6.923422	-7.400204	-12.874040	15.155025	-5.638267	15.692457	14.417466	-15.172989	
14.845360	-15.588774	15.141767	2.729512	7.396309	23.651262	10.740870	10.782922	14.318336	18.656264	-4.295524	-22.425129	12.593741	-24.054738	4.405872	9.191187	14.301013	24.485175	-4.066157	25.093848	5.817914	-17.045854	-9.595315	-9.339546	-17.073709	-10.506124	-15.159372	-24.033273	5.898880	27.643770	-6.923517	13.605332	16.563082	-13.969038	5.118320	-14.778820	-2.591611	18.855500	-8.474178	0.688386	-17.556311	-25.302590	13.574348	-0.263328	-3.506296	-10.957496	-16.882297	26.390696	3.625726	14.881914	
-19.087904	-9.425930	-23.557885	9.837689	23.907237	17.405323	-19.418645	19.242232	-5.517057	15.269750	-22.725014	-3.871550	2.249784	-21.256752	5.392673	-24.472883	21.569565	5.852232	-4.133666	-5.947808	13.292801	-10.408732	2.898715	18.388464	5.069489	19.748690	0.781274	-10.250839	3.062743	-0.880347	-5.179359	3.301700	4.276291	-16.670223	-19.103386	23.278277	7.246587	-18.701337	7.062742	13.450353	-18.355257	-8.882613	-2.644004	-1.327109	20.873368	-20.755434	6.186161	17.333971	-7.264102	-9.029316	
-24.389567	22.616942	-18.085748	27.863831	-2.131255	-2.007408	-22.452455	16.264222	-2.487511	23.016996	20.314602	14.047038	7.213082	-17.712718	22.525609	-27.130160	-17.193684	-11.777932	3.394944	-22.438624	18.390362	-1.724306	18.208777	3.631870	4.727300	-7.690720	-4.049617	21.539097	13.409904	-21.954613	24.961906	15.241885	-5.492910	-13.261978	2.048436	-4.855493	14.931098	-17.651453	-20.277225	-8.005030	-27.547118	22.345907	17.156540	3.365317	-24.963296	11.627773	6.830735	-22.243032	1.469728	15.389326	
-2.114046	17.628769	28.002061	-27.548592	9.263898	21.730101	8.882361	21.280470	-17.227018	5.973849	-16.974194	-4.428417	-9.170310	-8.233045	-17.575480	-9.733761	6.188290	5.359993	-16.519146	-27.871289	-26.779978	16.172108	28.292509	21.361908	-14.607755	-21.737170	3.268073	9.140116	-19.311016	2.386931	18.111132	17.192078	-3.093918	17.476306	-3.612662	-22.183978	-4.706851	-28.839599	-25.973725	-27.822189	2.532909	14.927691	-28.786291	-3.231219	26.769989	6.065320	8.681518	-1.219907	4.159138	12.148824	
15.903679	-2.274901	18.955796	-6.822526	4.678077	14.686838	5.219516	8.899964	12.208654	2.505007	-1.607890	13.943005	-16.840431	-17.606130	-17.612062	-16.634959	-13.531897	-1.022387	2.034964	14.691277	16.966935	12.252763	13.324475	-9.074058	15.490741	4.958186	-12.372080	-0.860015	5.076148	14.123199	8.248642	-8.677591	-6.026179	0.698116	3.509663	-0.634788	-3.121131	7.502104	-10.528223	10.055802	-4.936667	14.889317	-5.288791	0.247758	12.527547	-0.348524	-8.973321	-1.461623	1.729099	-9.688488	
14.785865	-4.182550	17.931634	-23.750221	14.388038	-1.920190	15.415065	-9.613623	23.771067	-22.551369	22.889483	1.745242	-12.948715	-15.821275	-18.411250	11.630612	-11.259541	10.015603	19.965697	-4.221473	-21.785545	-12.943246	-13.026875	10.224817	-3.365625	0.405700	-5.745683	-23.413949	6.932898	-21.894378	-4.135287	16.257224	-15.969977	-19.202414	7.537184	12.942281	18.129756	-22.656299	22.804378	13.377082	19.055876	-6.218822	22.318876	7.071219	-1.068686	9.766887	-3.491461	-0.865673	22.928880	-19.775266	
12.429655	-11.531738	-14.961219	-1.488167	15.331285	-9.266067	17.080279	-10.988910	-0.044808	-10.994095	-13.218215	12.645544	11.576490	7.008785	8.084771	2.520802	1.476617	13.176796	19.105366	-1.196146	-10.065690	-15.414460	11.742284	2.678899	-3.165781	1.053672	9.094278	12.307733	-11.383679	6.140881	-1.454245	11.082368	16.169912	7.107998	8.372450	0.245946	18.393943	-13.456720	7.832825	8.474928	9.818731	14.171798	4.347560	-4.522716	-19.969351	-11.835938	-10.705754	-2.147717	-0.283620	-7.864687	
-29.607819	10.534868	-29.378568	10.594226	-9.057134	-0.387549	-17.681925	7.088342	23.293098	5.347231	-17.462280	13.822955	-2.761962	1.874482	-28.411307	-7.147710	-17.796185	9.806653	17.711334	22.658951	17.457509	-16.324020	-19.477580	6.450671	21.914856	-25.220994	-22.228691	17.075220	10.537100	-28.971930	-22.385496	0.571693	7.070934	-17.111857	-5.979819	12.785414	4.700772	-16.333831	-4.432487	26.608956	-22.252553	-1.794463	22.139656	27.130932	3.524419	2.078746	-17.863122	-28.827934	-3.556489	-17.324480	
-4.264845	3.974644	2.011673	7.064200	10.862268	26.953962	23.789784	14.514176	-3.651723	7.934920	13.480413	-19.833754	-20.664196	0.454424	13.546382	-20.962892	-7.696379	-9.862009	-18.028331	8.458938	-14.753772	0.926949	18.933893	-7.731459	-6.146488	-26.195528	27.201179	26.917981	1.457446	-12.164624	6.953255	15.432224	7.787522	-13.207428	-13.450330	-1.941802	4.485094	7.569988	-25.340048	-7.763136	-16.099245	27.660064	-12.899378	-7.961016	-27.490839	16.243936	15.629237	-5.007824	8.613333	1.737013	
0.377643	13.139599	11.558622	18.874035	0.641346	-7.423905	19.311691	-12.763970	12.697792	1.337247	-19.266658	-7.846309	-18.225683	3.426224	15.957944	13.022628	15.922376	8.296956	-7.591515	-10.511223	14.452362	19.983470	18.528985	16.008497	19.846890	11.076531	8.210129	-14.020613	19.432368	-9.466272	13.756743	-19.520681	-9.886954	-10.761746	-6.538587	-7.032930	0.308907	-17.641308	15.635632	4.723126	15.639663	15.940346	5.383148	-6.292925	8.177662	16.775301	-3.141405	-6.375209	-16.834270	12.878316	
-1.463841	22.540757	22.953908	5.251206	22.634019	-15.474494	15.520113	-5.828603	10.809022	-9.995324	-14.836929	24.829845	3.240207	4.185451	-4.579024	6.837295	24.128354	-19.672283	-6.342791	-8.154335	26.795418	-18.330946	-9.464431	2.479882	-12.141189	12.677117	9.851785	25.630697	-4.025377	-23.676415	18.653732	1.795949	2.611668	-24.008858	13.181642	14.850085	-25.045733	-11.561338	-22.377550	-1.781540	-26.648580	-15.636199	-2.897523	11.891010	-25.143118	26.433143	-12.246447	-7.202621	5.307018	-16.891398	
-3.077337	1.493827	9.234846	3.399981	-4.760281	-4.980251	-12.540964	15.135742	4.500460	9.770297	-10.673893	6.731989	-9.698539	2.776005	-7.561075	-1.706087	9.281310	-10.851444	4.201114	-7.629821	14.056609	14.402753	-0.106052	15.600294	-0.158882	-0.343857	-0.072702	1.518880	13.988291	15.595525	-3.355453	-3.730095	5.655498	10.150956	-4.005043	5.149716	9.902988	-1.469152	4.245798	-11.694777	-2.743615	-7.904916	-10.894370	8.506044	5.400030	-3.764259	-2.584640	8.567469	5.425158	-8.524909	
-8.273657	-18.249893	-15.547230	10.428525	1.651367	-7.532090	-17.103572	18.315909	0.986114	-6.632575	-15.438106	3.090641	2.200928	-0.879061	-15.400453	-3.649311	-7.457777	-5.109811	-1.565409	14.883664	-0.503085	14.539216	8.937813	0.660911	-9.208588	14.396330	-3.918427	-8.183823	14.927521	5.530048	0.399888	-4.148136	-9.745252	-16.395461	18.295711	3.629533	18.179342	-19.465149	-15.219302	19.188861	-2.961631	-5.496825	17.409622	-0.545061	-17.490034	11.859445	-5.630462	-3.559601	10.361510	-3.302934	
-21.725895	1.091824	-21.463132	-0.157020	14.720199	19.520382	5.176380	-18.005377	12.806206	-0.790753	15.146373	0.195033	-4.538824	-3.368037	12.720456	-13.262143	-20.882715	-13.378046	-20.472566	6.886481	-20.240576	-19.272744	9.868931	18.339089	-18.199591	-0.740283	18.499001	15.993172	0.568730	-15.030807	-13.095691	-15.369951	16.678126	15.721123	8.956695	3.757227	7.210834	5.427445	9.438233	-5.322780	13.106132	18.547385	0.890568	11.719014	-18.682999	-11.214502	-2.295304	-16.821402	-8.697110	-14.071969	
-24.060099	20.468127	-10.039669	-31.720432	23.024938	-16.581818	-18.501688	36.302204	21.540108	-5.719125	30.140545	-10.501499	0.220157	9.889211	-20.051336	30.113776	-27.326641	-15.191944	-26.294825	-22.318066	-3.249862	-0.181167	10.263166	30.007484	-28.500634	25.641272	-8.648372	-10.275817	20.311291	9.251468	-35.213488	0.359951	19.959570	24.106959	-8.386435	19.768812	-8.659328	18.218227	27.528496	12.459952	14.611714	-24.925141	-27.065519	-25.168714	-23.156945	15.745695	-25.639652	-29.354350	20.554429	34.405188	
16.541460	-4.791640	-13.008750	6.852230	6.953913	-22.349227	20.263741	-4.438807	-14.650167	4.814408	22.817149	-9.050677	-9.706663	17.381661	11.458633	-12.234063	16.764162	-22.868302	3.939445	17.699028	-20.372329	-14.276959	-22.216086	-10.633512	-20.047033	-6.299408	12.876903	15.274277	-10.017299	-17.625743	-2.128229	16.207979	-21.665529	-19.064278	16.883359	-12.730576	-20.032364	11.539316	-18.107544	-5.011141	22.144405	10.096479	3.794704	-20.642963	22.960351	6.388829	-13.876836	20.609419	20.781722	1.388106	
-12.501397	24.013497	-9.570356	-3.066790	-21.761953	18.355911	8.206758	-8.876889	-10.495175	4.741008	33.603863	-24.908743	-4.529153	-18.058128	20.130624	-23.364966	27.351314	-11.217874	-15.769532	18.205121	-24.995531	-22.313093	-12.050263	26.549255	-9.917644	-2.225961	9.315480	1.338763	-15.737510	14.401324	24.038962	11.456956	-9.622494	-21.081760	31.015368	-23.126815	5.104373	-12.437739	-4.005586	-28.119714	10.276640	-17.914546	12.092222	-13.373370	10.512085	17.367727	25.570495	20.872221	-21.395547	13.716213	
-2.820568	-9.157729	-25.156995	16.398970	13.285064	-27.276639	0.459416	22.288461	-26.839730	-17.507820	-5.094710	5.883429	-16.351583	11.746270	15.193346	-20.036091	1.821867	-1.881003	-25.881820	-20.405547	-11.802700	-12.859859	2.208895	11.086169	-22.566848	-19.005934	-13.377632	6.038015	-27.011083	20.194350	-18.829799	-0.792129	12.848958	-15.745578	23.257204	-9.218763	3.559478	9.350940	-4.113305	24.757971	-8.370828	-2.024164	-2.844950	12.950195	-5.372575	20.011908	-11.062966	-22.774526	-17.200276	25.331630	
9.833576	-5.298182	-18.709599	3.168853	-10.340265	4.136031	17.887051	-10.382180	14.772912	-4.810344	-7.959593	-13.491273	-8.159720	15.809549	3.637613	-18.238458	-1.139242	-13.477340	3.686561	18.291484	9.860565	-18.111702	4.720199	5.540716	7.570579	-7.840307	-15.029240	6.569029	18.729349	-2.021239	6.566105	-8.598583	5.719737	-10.782062	-5.249022	18.298012	-13.775197	7.322226	15.246796	-12.152834	-7.740534	9.887276	-19.904339	-5.733942	0.904497	6.413362	4.169746	18.947346	-4.265305	14.692720	
10.698961	15.312172	13.844577	15.369060	-13.277357	20.845468	-21.049135	14.294283	-2.524814	2.059221	-12.492956	17.781705	-4.375609	-0.020187	5.797354	14.613811	0.229481	-17.483723	-14.789774	12.456650	-9.142057	-9.608183	19.336531	11.708216	-17.142414	-8.476979	3.159161	-1.259380	-17.639767	-12.245684	-3.666761	-14.408999	-3.075425	-0.265772	-14.149365	-16.706218	21.491384	11.952058	11.916598	-0.080526	-14.146482	5.413875	0.895641	10.432052	15.095126	-3.599243	4.805585	-15.418172	1.549779	20.847055	
-1.957389	-4.847444	1.742846	21.167469	6.335822	-2.640928	-7.867624	-10.043835	13.974024	17.447030	11.848894	-4.849245	-5.709172	22.172510	1.563785	-9.559690	-8.700481	-12.186392	12.926273	-20.710841	-22.712825	8.038070	-5.188443	9.246817	5.464898	-23.868611	4.861091	-14.859129	5.048905	-12.798750	-22.788373	-19.796685	6.286174	-11.022766	20.254908	12.180458	-15.922575	22.177404	-2.759164	-4.757860	-3.437436	-15.351339	1.900186	19.726407	-3.663671	22.888306	-15.281859	19.480535	0.483831	10.990523	
0.494171	3.777967	14.043993	-12.494149	-0.846761	-9.083733	-12.407373	5.039291	-3.762270	-12.980060	13.019420	-10.098548	1.301227	-8.864428	1.638622	16.167248	17.911577	9.369429	6.239000	-14.206821	12.402562	14.831432	11.473496	16.692990	6.499377	-12.596192	12.614012	6.254705	1.317698	4.252791	12.494626	2.968971	-16.527953	7.569589	3.042413	15.705002	-10.208787	-2.156737	18.601945	6.139263	9.462576	-4.622296	1.432024	2.731123	-5.528719	-17.248546	0.089326	-7.525757	-3.313444	-0.308459	
13.169379	2.764585	-19.448313	2.439541	31.590041	1.240455	15.964682	5.480436	10.867953	24.499931	4.881966	25.570994	32.740107	30.641089	28.707801	27.898690	-32.842465	29.445025	-27.904838	-3.298139	-26.308372	4.799770	29.013261	24.281500	-11.485135	-10.524964	-2.389045	14.536982	20.499704	-1.313302	-32.485985	-13.821887	-23.545107	4.898476	-3.615550	-27.955053	-28.434048	-33.500612	-3.488328	22.942692	2.080602	16.449538	-7.079219	21.029432	-16.806493	5.608629	-32.213888	-18.913935	-17.412511	-33.538736	
3.137406	3.593210	18.154871	-0.156022	-21.827163	3.308341	14.973629	-0.537866	-22.816747	-17.923161	-22.981271	21.207875	-7.825161	-0.390376	1.539833	-8.494608	4.804321	-6.661774	9.893142	-13.301655	-15.095711	20.780893	-15.261692	-19.819911	-3.863040	22.878126	19.266681	-0.149817	9.519842	20.477108	-5.186070	-19.720216	-16.089145	-16.626440	0.628267	19.028252	-15.029996	-22.020407	22.736008	12.150111	22.187727	19.075059	-15.989858	18.643326	14.049116	-3.435314	-19.819175	5.355791	2.476672	8.956408	
8.666420	20.341554	-8.624079	-12.704418	25.417174	21.719512	-10.234755	-1.855388	24.965027	-6.116338	18.453119	15.337486	-21.939997	-7.986548	2.985830	-18.993076	-19.269993	-6.153724	-25.672254	23.632487	-1.978115	-5.797352	-13.267972	13.195936	1.660349	-17.744966	10.203762	17.621700	-17.113715	20.057373	2.208401	-7.528144	-18.929175	16.438085	13.075200	-14.741758	16.451736	-22.082919	-15.421619	-8.236198	-9.206602	5.174101	-3.277124	-20.718616	24.628329	-18.330373	16.180840	-8.695977	-20.707628	-24.716697	
-8.744469	12.529625	8.512844	7.811295	10.207192	5.693782	-24.980446	25.310661	21.392677	-20.688326	11.365404	-22.260543	0.309206	-5.945599	-25.570018	25.895426	-9.858374	26.145996	-25.871913	14.161339	8.142790	12.183732	-7.389475	20.422948	-8.833330	-1.000287	1.463267	-18.867053	-20.587471	26.943970	8.677672	-0.805428	15.310206	10.577385	25.891395	4.398755	-16.390134	6.884193	-8.670697	-3.972463	-24.966407	23.381077	5.549735	11.503236	-15.556741	-0.685719	-9.651295	10.576094	-9.737316	-13.533931	
-23.982901	-8.462388	7.576887	-19.308174	2.304426	-17.994847	-10.777033	3.854381	-15.827908	-20.314188	6.240923	11.704258	-9.720534	-15.877558	11.090027	14.882562	-1.417236	3.996837	-22.811011	-3.455791	20.141000	-22.799949	-0.359861	15.871138	12.952368	-24.651498	5.667561	19.943218	-18.578548	14.088472	24.131784	-0.538661	7.518267	7.683440	0.160543	-9.078945	-20.665223	12.108163	-19.852143	-24.936842	1.304015	21.793332	19.254820	-2.182569	2.183917	-15.799728	10.327550	-2.490978	-14.496376	17.313623	
-5.107664	-4.796194	-7.874139	2.382184	-17.103651	-10.550822	13.842256	22.852035	18.542191	18.009812	16.373262	-9.870844	25.584173	13.627402	6.771429	-3.764329	-13.022154	-7.775883	3.228237	22.191815	12.029388	-8.673349	19.262738	-20.518293	-19.452374	-13.138229	-4.775228	16.409701	7.970718	-0.506041	19.405921	22.139245	9.546974	3.743226	-5.437535	17.551280	-17.069201	25.682172	-21.199392	24.576618	-22.646332	26.780548	-23.823273	0.827640	-20.220584	-3.968402	-16.988113	-17.276293	-21.969521	-11.369476	
11.065511	-14.813985	-16.478493	24.702260	-9.861724	-19.901857	9.181612	-5.900795	-20.495831	-14.535346	12.136547	-18.440167	-27.892278	-4.301490	18.818276	-12.065318	18.500698	2.920659	-8.402681	8.729927	6.736993	1.042691	-11.854274	-8.236397	7.374104	27.584284	15.980071	-13.889087	10.133324	25.474905	6.457293	17.413773	-21.909115	16.834134	-28.743696	10.085924	-20.044418	-6.707771	5.069890	21.289343	-6.670760	-2.896019	21.902561	-11.836820	-1.394744	-14.520011	27.918298	27.089646	-1.978619	-2.809516	
9.062873	-4.683054	-15.483513	-21.811579	23.227715	-22.328087	-6.330213	-2.167047	5.405535	-8.765728	-21.136167	-6.594137	13.299748	-19.643252	16.192371	-15.192506	13.976284	-4.034582	14.630413	0.435876	-14.490241	-2.556283	10.910050	11.767559	8.258058	-8.818473	-5.385639	-4.791587	15.848159	-10.736140	-17.948053	-23.225950	24.035034	-25.854117	-13.850847	-7.547180	21.499644	22.666331	-13.895028	-1.603022	-4.777266	-23.087738	12.025143	-23.043288	-22.176655	-22.413696	15.498339	8.618594	-2.346630	-1.390919	
-18.568701	11.435469	-1.292827	-5.688875	4.225271	12.682102	-13.262732	-15.066825	-1.122325	-2.564599	4.234822	-11.295387	-12.346085	0.405405	10.253364	-2.155070	5.355619	16.726842	8.641079	15.340360	-6.552613	7.169127	-6.539428	14.665304	-4.391074	-17.624384	-19.865473	12.697264	-18.340402	-4.069389	-11.642575	-9.617570	-11.226949	-15.154742	-9.237430	10.672170	16.095646	-20.421235	9.194416	-15.817568	10.442310	-1.528408	-20.256506	-17.693073	10.114546	19.414209	-2.262603	18.978973	11.489285	20.878451	
-13.422196	-23.503170	-19.052228	-6.114901	-0.904547	-12.456382	-4.085042	-9.108466	-23.794411	-23.428087	-19.111677	-11.419476	-0.053499	-5.410338	-12.773675	-5.422623	13.137778	19.244156	-10.374517	-1.254091	-27.995024	-6.944926	-27.203918	-5.871702	2.297175	5.329801	-13.357033	14.357833	-3.496618	17.158390	22.165388	14.884930	16.128542	-1.308270	-6.750792	28.736757	-14.460568	27.847132	7.334714	-22.190995	-9.434666	-10.334345	26.515971	-4.213385	3.224241	-4.251741	5.348425	7.593083	12.023530	6.851976	
14.362837	-4.205868	-21.728989	-7.847806	-12.851302	25.737479	16.876453	-14.957527	2.558550	-3.582121	14.468573	18.108481	-16.781803	1.583825	25.968134	-18.029654	-1.548852	21.032397	10.732644	19.236349	-21.010013	23.765033	9.238880	23.704421	15.695774	-17.113403	-13.609971	-0.828865	-23.693347	-17.662672	22.703255	23.317995	11.944316	22.834910	-1.155105	7.024132	-9.943190	21.684818	7.061607	-6.955125	17.558950	-4.415478	-24.993928	-22.813319	6.376276	-13.265359	21.746432	-18.266836	-3.175392	-5.556083	
-5.117835	-17.067559	5.996628	-10.366859	-1.355279	20.598423	-12.716708	-10.191178	-9.866084	10.556044	-7.724332	2.923287	9.363559	10.261508	-5.284855	-4.715128	17.952670	12.893302	-1.679075	-0.470275	15.385064	14.957224	-21.763958	7.671939	-20.842497	7.465967	-3.725914	-21.785031	20.514595	-21.793078	-9.616773	19.422456	-7.502968	-14.643975	7.846081	21.259852	18.391195	0.656102	10.380779	-15.957221	-4.525233	14.161355	-21.976861	-6.884328	-4.137738	-22.172017	-15.329301	-1.205412	19.876130	3.539929	
23.042970	2.851155	7.948867	-6.714142	-18.517145	-10.152081	-3.453894	17.481667	17.460457	-5.367351	26.903381	0.505093	23.171524	4.304583	7.563178	15.572950	1.164665	-5.775909	0.414608	-8.672084	-10.401547	-17.830615	2.854731	3.518936	6.725739	-27.143725	3.993394	-15.316242	-26.388791	15.915222	-9.674456	-11.614834	-17.600753	17.812324	2.850865	1.816913	-18.160166	13.125976	14.001535	0.411978	-12.287814	0.925075	-14.188129	6.330123	-5.428488	23.005279	18.214096	12.788145	-5.013212	-21.017115	
-19.342150	-0.563802	-22.330385	18.435037	0.657377	18.047001	14.203376	-6.722592	18.551222	21.633505	-14.521088	-11.282751	3.365446	11.359938	-14.471408	1.909718	5.156643	2.037212	-8.605172	-15.784036	3.951312	14.900480	-5.942329	-4.663588	-7.928168	-12.584369	-16.464521	19.976327	21.958085	-21.433532	0.119397	12.181776	2.850615	-9.512945	-2.406699	14.665045	-0.787580	-14.543881	-1.334167	-0.709226	11.705724	-11.126266	17.985366	13.851179	-18.444173	9.203192	-2.371946	13.678373	-21.651744	-6.210092	
21.166954	18.566808	-16.429929	-0.422966	-18.198010	20.785664	-2.467870	8.758209	-12.390835	-2.351215	-3.881630	20.483123	15.965060	14.633119	-5.508505	-16.362737	-11.320520	-19.493400	-3.263403	23.769613	-3.470128	-5.648356	15.019870	23.423178	-22.978030	-7.638486	2.652815	-7.502685	-18.640775	0.271670	-11.835625	16.243763	8.223948	-1.509152	8.552248	6.694443	21.981282	19.302987	22.035151	0.583603	13.758753	-11.354118	1.902473	-4.695942	-8.227649	12.986417	19.821393	-16.053149	7.641819	2.534023	
-15.999574	24.484804	-5.702100	-27.338959	-0.142208	5.319567	22.235147	22.447230	-18.785599	-7.982762	-3.306379	28.399057	-9.958447	6.453411	-27.464392	21.476751	19.014123	18.838796	-27.819861	22.291161	1.278537	-23.082629	-6.955763	-7.096896	18.552267	3.523539	28.697868	-4.700586	-4.703627	0.038520	-20.298990	-24.155112	-21.192774	-8.144806	-22.416764	-20.808499	8.659780	26.010233	-26.184894	-8.296814	-25.050016	-3.215471	-23.794593	-27.851479	-19.113772	2.427549	10.943663	24.992205	25.694164	15.481634	
6.953435	-12.895746	7.120243	2.669197	7.904023	-9.295769	-11.241999	18.800799	-0.690261	14.328699	5.463239	4.748052	5.318969	-16.715970	-14.652774	-4.220650	12.435949	-16.046737	11.119840	7.152215	-7.728439	12.320928	-9.370721	11.611594	12.935167	4.170307	10.215707	16.838480	12.308911	12.693766	9.591000	18.071019	-16.485891	-11.212988	-1.418208	-1.072300	14.112056	17.152247	-17.751144	18.107058	18.010138	-2.891016	3.674211	-9.196980	-12.241255	-18.210212	-4.966131	-12.442760	-15.710095	-9.180530	
-3.353522	-16.543773	2.187275	0.650340	20.472587	-19.035634	-19.029583	14.918061	-17.988721	-17.349235	-15.952042	-3.452433	18.472347	20.127788	-11.434643	-12.729396	-15.829855	17.675320	-14.596236	-16.993703	-8.761004	-4.232116	-2.232898	-5.426236	16.439895	-10.288882	-2.884256	10.135243	0.062271	9.862799	-0.254978	-9.641009	-13.768893	8.359337	-2.237499	-20.555703	-2.091091	-16.351810	-7.471162	16.918282	-1.846950	-5.093818	-19.377293	-7.177072	-12.441478	1.411989	10.606619	6.125612	13.397063	-7.187173	
-10.333692	-3.553594	9.892254	26.594851	-25.755674	-14.056702	12.473367	-1.126855	-26.239222	-5.350365	15.200926	-8.374191	-11.021633	23.533469	-13.917677	9.119061	-15.804285	4.913872	17.394621	25.264774	-24.812400	5.461567	-15.890797	-8.315239	25.764622	2.927482	-9.215010	-26.225276	21.792593	25.539059	-8.836299	5.686740	-26.909177	-13.648955	27.126403	-9.666981	21.829044	-16.071105	16.869340	20.965294	-24.693272	21.044812	6.150449	13.160805	8.325327	-0.761724	-11.106303	-21.272799	3.760468	-8.651410	
-10.863452	6.134907	-4.392815	-7.495552	-4.377544	9.617485	15.928101	20.727485	0.999788	0.601958	-18.957483	-1.107146	-10.146365	-7.669468	5.967119	-12.296865	5.937942	-18.638236	8.943419	14.401709	16.951171	18.463762	10.608962	16.127387	-17.672516	-20.707997	3.725635	-16.788219	-13.085178	4.715962	4.069302	12.674783	1.210997	17.727197	20.319872	3.897148	1.724626	-1.476456	-6.079303	-19.938407	10.848469	-12.906107	-18.404053	4.004646	-4.388128	-17.861710	14.971951	-15.196790	11.473479	-16.753107	
-4.216068	-16.267280	1.936001	-10.442102	20.014988	8.704867	18.120293	12.036808	23.395553	-18.426749	-7.074891	-10.876362	16.585903	6.236500	-12.522834	9.237505	11.197004	-20.568871	19.306648	-5.170809	-13.103127	15.647360	20.626636	-19.751391	-8.195548	7.085212	5.890566	-13.871266	-0.855785	10.351594	-2.594312	-4.750516	11.551553	22.949747	7.969535	3.236505	-21.918572	-9.946419	14.071088	2.928378	21.989540	-12.832005	-18.745666	18.824163	-11.401970	16.501195	-16.658300	5.790023	-3.827667	22.936417	
-17.892530	-15.615468	22.938204	12.576003	0.968215	21.940129	18.895464	-12.581889	16.733344	20.850388	-16.363113	-13.112188	15.960307	8.168228	-20.579881	-20.126235	-7.044246	14.511011	8.254357	-14.538070	6.641695	-2.102207	-4.575369	-3.944522	14.288147	-22.086625	-10.947163	-8.827022	10.988133	-4.319230	-16.895213	-21.390513	16.256082	13.018298	-21.139625	13.974614	-12.759917	-2.794773	-4.533760	-5.415528	4.723963	13.280692	-14.668601	11.035334	22.302637	10.238062	-20.675117	-1.465155	-0.980712	-8.957670	
3.754896	-10.793768	-10.491243	-10.582672	-9.263315	-11.964366	20.138047	-4.533468	19.527059	18.431380	11.793868	-15.703078	-4.523254	-16.487513	20.743675	-0.233595	11.029597	5.479065	19.713340	5.065695	-5.392773	22.547845	-7.089396	5.867558	-22.654399	-6.077923	-11.747227	21.312635	-2.694401	15.960603	10.000316	5.425105	-22.888533	-16.912746	17.745091	5.174988	-3.207909	6.708781	9.601175	-1.308001	-15.762780	-10.688343	-7.742547	9.811200	-11.118471	-19.094292	9.212431	-15.567980	21.106417	1.857904	
-18.823689	-20.913814	-13.655099	0.964140	17.383186	18.628740	-12.835303	-24.640724	2.727753	-12.169897	4.925915	-8.580804	14.234426	4.997720	-1.625214	-19.850128	0.184217	24.325393	25.070730	-22.621178	22.374230	-6.171357	-13.737396	-9.812799	14.811838	-7.399916	15.849226	23.765785	16.003832	3.452737	1.278832	17.838274	-10.152188	-1.455231	5.355653	16.797760	-21.202866	4.197767	-10.624107	-2.807136	-9.045617	8.768320	-19.598412	-7.508649	-13.856847	21.052512	13.450796	-15.245047	-13.493121	-23.281177	
-10.519945	-5.877586	2.773790	-4.517615	-22.887660	4.273959	4.907424	-23.118623	16.899562	-2.207385	12.241676	-27.834786	14.794181	-8.557007	-11.074737	-13.022513	-16.279563	-18.429344	-19.943609	27.678854	25.047222	25.470216	-12.654569	-4.423300	24.098285	-10.649873	25.512616	-15.641143	3.075993	-24.161912	6.959658	-1.621565	28.648963	19.779456	-6.048612	2.272165	-2.838675	24.889337	-1.440650	1.616929	-16.305595	16.778297	-24.939149	22.615493	3.782841	-17.314779	-19.977187	10.899788	23.326732	20.575562	
-12.544462	-25.719202	24.913445	-1.491758	25.497716	-17.479726	14.962676	8.862674	-5.600952	9.033445	11.466009	-5.971480	-3.109007	0.983005	13.995727	-27.105375	-16.824921	8.500426	26.107530	-10.975415	-21.778469	-11.381300	-2.169700	-27.157236	-26.907716	22.700456	-11.677570	21.872509	-26.073725	-13.336253	9.936084	-20.411640	1.791983	-25.993480	-25.853809	5.613661	-24.302333	13.836312	5.340907	6.058548	-20.020451	-11.221453	-24.771948	16.311452	-1.943161	0.436403	2.627600	7.470608	1.426400	27.900655	
-17.084865	0.657349	16.832211	1.418040	18.610587	-9.074737	-8.610736	6.015191	-21.893126	-15.456685	-27.460160	21.301816	-3.549782	8.228097	-1.293400	-8.633611	3.581452	-3.651193	-13.501998	-27.155814	-4.114548	-8.597720	6.124899	26.764377	16.601701	26.331283	8.348697	15.919896	28.054789	-14.918851	-18.932549	29.973949	-21.737332	15.720334	-4.710633	-12.985707	20.268539	-29.568856	16.887327	-15.472265	-5.745624	4.708086	-11.545308	2.804504	-2.537503	-16.967928	16.486156	-27.987159	-17.114202	2.608436	
23.052905	-2.273347	-26.594779	-7.036758	2.814274	9.118297	-6.331190	17.196423	-16.139432	9.284580	0.276411	3.461580	-21.891623	17.338201	-0.923726	-6.570241	-26.975775	-26.427306	-15.436684	10.320269	23.439315	22.642823	20.899609	-15.080569	-20.354941	12.688439	-25.337351	-21.448370	-7.448222	17.330415	-7.602248	7.552446	23.534777	-8.406622	-19.748092	-6.566108	5.872347	-0.879373	18.780876	24.817281	-12.773383	-19.742447	-12.791316	5.295554	21.457795	1.731356	-12.077712	-8.423058	-8.924709	-19.149018	
0.076903	-7.866182	-22.087447	0.017268	14.470868	27.729446	14.209241	0.446770	-1.578882	25.516537	24.879402	2.415402	12.021034	24.500056	23.583756	-18.051861	15.740932	-8.337451	13.696341	4.455092	-14.449780	-13.659267	-17.318482	15.064827	13.795907	14.585058	12.469258	-27.959398	2.331258	-4.480693	9.337414	-7.373117	-8.300411	-25.405896	24.367314	-14.640749	-3.847262	8.980503	-15.786080	-26.601881	18.743023	-1.988821	22.033838	1.652577	-16.403033	-11.811718	-13.983931	20.154273	-0.612091	6.766107	
-3.967278	-13.265292	10.291569	-0.732409	-18.342394	-14.431941	2.182417	-3.411047	-17.514090	5.586508	7.529640	-0.163495	3.970866	2.838802	14.790604	-13.696036	7.944126	12.578245	-10.813415	0.490453	-11.384476	-16.963741	-18.911742	-10.188315	11.183269	14.582637	9.419812	-7.001299	12.892449	12.112132	12.413507	-0.153889	9.744035	12.669300	4.786792	1.697467	12.985869	19.905923	-7.208994	17.174702	12.833814	17.731638	18.016322	4.755565	-19.022898	-10.029441	-17.519290	-7.059693	-8.685106	7.801482	
-20.491922	-14.149039	7.274067	21.739526	2.550892	-1.030012	8.746690	-21.858825	-1.562934	-0.983755	9.522937	-21.348896	-21.746033	-14.079324	19.880340	14.881699	-19.965736	-16.521930	-12.249630	16.942165	18.967980	14.224218	1.773255	-22.569214	-26.002751	-16.754791	16.382760	17.188087	1.433460	1.863099	2.732113	2.324041	-14.515550	6.702042	-10.136068	-9.514581	-19.470576	0.653107	-9.717402	-21.982228	-2.511939	-13.718018	-17.419425	17.973629	-0.452959	17.131137	10.879253	15.574131	-9.764677	1.075517	
1.215122	-13.474042	-0.970539	16.114034	10.166067	-16.036164	2.687424	-18.246656	4.768597	1.824059	9.447172	21.093885	17.446443	21.507742	15.974046	-20.786757	15.978921	20.879766	-4.777952	-1.274973	9.412204	-5.846487	-1.767477	-1.863988	-3.712479	0.230251	-0.796857	2.861451	-13.964688	-9.016072	2.304526	13.923576	-16.752253	-23.440281	19.852094	14.433481	6.203733	-21.921276	-8.304409	-11.880004	-0.036697	-19.860707	15.793568	19.231029	-10.326737	-15.386992	-9.720552	-11.632699	-14.361611	-2.415772	
17.081609	1.756248	-9.022510	-8.173000	-13.543767	-3.055908	-22.419475	5.835129	-12.702047	16.738750	-15.509450	-9.882948	-16.832923	-15.372604	19.483025	-3.957916	-16.653353	8.400193	21.262015	-1.862776	-2.971746	-2.426885	-7.936562	-22.053298	15.319465	7.752358	-0.911712	15.360482	-9.273233	0.046463	8.448015	-14.906391	-13.218434	3.009177	18.903153	-12.805082	-18.188619	2.727835	-5.319199	17.104248	-14.581558	14.304983	-13.202878	-5.851449	-17.055265	16.309012	-2.342890	-18.212261	9.160805	16.348071	
19.292498	-0.988964	-17.901648	5.512106	-0.014426	15.531480	2.563036	6.366453	-8.155338	8.041262	13.174394	0.806415	-25.699214	-3.226515	18.266541	-8.195795	-24.964639	-26.388388	24.331098	18.779451	-8.932456	-1.449182	12.095184	19.884363	0.987525	26.269308	-1.744938	-2.924291	-11.778765	13.403847	15.770087	-16.580177	-0.063024	6.982825	21.745166	-8.792961	-2.594871	-22.566636	4.265305	-6.136123	-1.806171	12.806635	-22.061171	0.588421	8.584694	1.893000	26.604529	-17.020688	26.753962	-19.759251	
12.269752	9.005288	8.337523	1.741402	-8.250531	7.334061	-10.755255	-7.480138	-6.879557	-0.274827	1.303820	-9.760035	-14.459605	15.019821	0.728100	5.331523	-6.403159	9.691726	0.993613	16.086602	-12.015618	10.469515	-14.184635	11.047407	2.566709	2.023640	-11.372690	-2.446020	-3.364520	2.997491	14.285044	10.549037	-13.677749	-17.812402	-10.840479	2.275622	-18.381546	-12.760523	12.483198	-11.542850	-15.922766	14.805234	-13.177927	5.043420	7.088136	-12.390525	15.870597	7.457937	16.245510	-14.119161	
8.130113	-14.003920	22.293640	-21.697249	2.673390	17.474328	-10.664106	-1.618962	-18.086401	17.241790	-2.408328	-5.945601	-8.236683	2.620584	-9.109357	-10.776845	-22.955636	18.846514	2.118268	21.374518	-4.525353	6.193976	-6.348965	-9.697039	19.769826	-17.626883	9.352195	14.433096	16.566174	-22.703949	1.186238	16.290775	-14.788058	-21.960554	-19.820990	-12.786678	10.293995	-22.009685	14.242328	-19.121719	-1.718698	-16.943190	-12.668691	11.978625	-15.882752	6.575302	6.656185	5.560628	-14.674879	16.204340	
-26.262843	-7.403992	-0.862919	-0.027157	5.586773	-19.606268	25.648640	-29.505532	-8.069509	29.819668	-11.799122	-21.723746	-21.379988	-13.552929	-23.719275	-13.231456	-6.408507	29.935132	18.014267	-16.563663	-6.705279	-0.626636	14.646187	-28.725552	21.966905	1.172039	-13.718835	-10.241642	5.304196	5.283071	-14.597983	18.134038	-4.185212	11.204899	9.082539	-21.077289	3.046197	-7.197305	27.734207	-4.109934	8.441411	-23.512606	22.965297	-6.930796	21.026160	-4.116695	6.277545	-28.369602	11.401729	24.172366	
2.815340	16.932337	-11.085700	6.860114	-11.706906	0.270817	-21.344014	22.143676	-17.715879	5.388879	23.002692	-20.146402	2.209361	-10.019413	3.224527	-11.688232	21.077901	21.324338	-6.965619	-20.283925	-17.288649	18.765920	-22.469194	8.368100	-12.538619	19.536430	-17.588446	-0.545341	7.883932	22.220283	9.684525	0.418677	15.063275	-12.186483	15.060356	-16.684837	-0.140937	-9.100616	2.097317	-7.086500	16.905656	9.151023	-12.759037	-9.862984	-3.554019	18.359665	23.773198	16.451490	-21.914241	-1.097342	
21.902557	-23.679775	-5.205836	0.061568	-20.646503	20.872455	-24.428347	19.122700	-12.282044	-7.511316	-11.723187	-14.258991	-21.762149	16.218540	12.771553	5.521385	15.931308	-8.806315	24.565968	-17.688670	9.734081	-9.846088	-13.710396	-0.327440	10.726384	-3.900158	14.587562	-15.077010	9.218300	-18.653869	-12.901302	-2.790920	-18.729925	-12.811615	-5.931913	-19.002830	-7.432095	2.067578	-1.983997	-5.418876	8.799628	9.648476	17.914143	1.395491	-5.415258	-10.593578	12.222016	-8.086385	-6.398639	14.200924	
-11.799360	-13.954517	-18.172862	-3.641280	11.701828	-17.670143	17.587297	-1.890604	-9.855688	17.274420	16.737404	3.284415	-5.741501	-13.616310	-19.514085	-22.306810	-6.948568	-10.702654	10.809074	-5.069388	15.414297	-0.439288	-2.055835	-7.819970	-7.540429	-1.621975	6.499618	1.457992	9.668321	-9.703234	-9.190665	6.776014	-9.124481	-0.991635	6.018636	-5.714043	-6.382886	-20.863152	-22.969523	-22.388837	12.660572	-5.202128	-12.831304	10.604478	-6.541947	-10.431969	2.872285	7.323771	22.181945	5.510922	
2.455621	-0.436759	-4.749010	2.825223	11.395009	-11.421705	11.419737	14.744762	-7.747737	-4.098465	-11.857279	-20.269144	11.023037	3.012846	16.231483	-17.489361	14.254723	5.238856	21.516117	-16.864777	0.066444	14.140931	-4.789841	-3.507412	-8.642251	0.435670	-15.636323	-14.808650	18.605885	17.209170	-1.177075	-19.900893	20.671333	9.229042	-10.014711	-1.897850	-21.079360	7.348907	17.541403	-21.613585	10.575570	10.914951	12.902668	3.100251	4.249236	1.645777	-5.747214	20.202726	-18.722746	-11.286619	
9.026810	-20.640772	12.216802	13.514399	-7.417600	-15.846003	9.222458	11.239964	10.662334	2.152618	11.557596	11.949364	21.736755	-0.401355	-8.495275	-9.954910	19.051250	-11.050547	-18.631320	2.792961	18.594402	-17.325217	4.965242	-18.014853	-12.338248	-12.922478	10.299330	4.939681	23.203324	-5.646183	-16.447299	-20.353681	9.220642	-9.582135	-11.092549	-3.652912	-16.385927	1.442514	24.981272	-15.671568	-1.385562	-20.954441	-23.196022	3.056630	-5.357091	2.561159	17.299731	2.914215	-22.854314	-22.222167	
0.041884	0.030267	0.039308	0.042142	0.030973	0.014108	0.011431	0.004372	0.007902	0.008500	0.024699	0.010942	0.014079	0.003459	0.030471	0.012338	0.022066	0.009192	0.015797	0.014614	0.006699	0.035581	0.011800	0.018864	0.042470	0.041761	0.014450	0.029763	0.031563	0.000939	0.013015	0.036404	0.032203	0.000296	0.031204	0.003710	0.007471	0.031162	0.018544	0.000536	0.010826	0.018765	0.005822	0.011422	0.012502	0.020277	0.031341	0.040592	0.009012	0.042464	
0.034791	0.029334	0.007655	0.033589	0.022037	0.038519	0.020906	0.017168	0.022194	0.014425	0.015003	0.020538	0.003877	0.027965	0.001324	0.026097	0.000551	0.015885	0.011277	0.024943	0.001360	0.039862	0.026659	0.037272	0.002199	0.022067	0.008233	0.038009	0.016378	0.007776	0.012428	0.039350	0.006295	0.021749	0.019399	0.034480	0.028130	0.036298	0.009610	0.005809	0.000875	0.026033	0.012282	0.034100	0.011014	0.025997	0.022647	0.002188	0.033075	0.030347	
0.027086	0.005374	0.019186	0.006233	0.004050	0.032488	0.025758	0.006248	0.026449	0.031212	0.026501	0.004969	0.008062	0.008096	0.030292	0.018589	0.031860	0.007901	0.036693	0.035108	0.030902	0.004154	0.013296	0.030545	0.007355	0.004541	0.032011	0.017138	0.020877	0.022437	0.021430	0.039437	0.035684	0.040288	0.011434	0.013164	0.025287	0.034841	0.003107	0.008575	0.037926	0.011210	0.004300	0.002151	0.001799	0.034236	0.039220	0.004986	0.028403	0.027112	
0.008945	0.039109	0.028639	0.010292	0.014143	0.032367	0.010330	0.003638	0.006016	0.010373	0.003966	0.007906	0.025394	0.035531	0.029221	0.017258	0.032745	0.000990	0.015211	0.035577	0.038049	0.022229	0.036655	0.033089	0.000207	0.039245	0.014221	0.005445	0.033993	0.006263	0.029664	0.014178	0.036335	0.008268	0.013260	0.014542	0.034696	0.022274	0.010662	0.035342	0.032826	0.008108	0.019192	0.006277	0.008710	0.024898	0.027856	0.024660	0.026910	0.004296	
0.034886	0.002101	0.005636	0.030844	0.003608	0.028181	0.008898	0.035140	0.015496	0.024928	0.028170	0.037832	0.015740	0.014796	0.035457	0.000880	0.034569	0.037983	0.014895	0.002832	0.028420	0.031195	0.009274	0.021691	0.027691	0.008201	0.010911	0.029065	0.022141	0.015125	0.019347	0.025251	0.019486	0.022948	0.034793	0.013563	0.021545	0.035384	0.024750	0.004389	0.013554	0.029636	0.020666	0.006232	0.001936	0.001116	0.015720	0.024454	0.024758	0.023884	
0.036035	0.002235	0.007238	0.014902	0.031493	0.023295	0.004237	0.003899	0.034381	0.021480	0.026296	0.033696	0.015085	0.024565	0.012826	0.020395	0.019331	0.034890	0.013657	0.037493	0.038300	0.027895	0.033953	0.006893	0.002110	0.036427	0.025169	0.001520	0.012786	0.031591	0.011808	0.020656	0.012004	0.016276	0.034415	0.004732	0.032473	0.007023	0.027113	0.027961	0.018889	0.001534	0.004371	0.016629	0.027280	0.034948	0.011616	0.037305	0.015828	0.003066	
0.015962	0.028846	0.003896	0.029124	0.021535	0.014546	0.027038	0.000997	0.023014	0.021135	0.003192	0.024790	0.007841	0.028433	0.042536	0.000851	0.016312	0.019470	0.020971	0.023556	0.020166	0.021330	0.003601	0.037500	0.016063	0.032423	0.033392	0.042088	0.000903	0.001780	0.036284	0.028697	0.022533	0.017354	0.035431	0.022055	0.026142	0.011025	0.004643	0.019225	0.023365	0.020491	0.028995	0.017921	0.024964	0.001880	0.011443	0.020325	0.031550	0.012387	
0.017419	0.034186	0.013006	0.011864	0.003859	0.001342	0.031797	0.011573	0.011712	0.009467	0.018922	0.034755	0.039858	0.019024	0.037239	0.036211	0.029449	0.026675	0.028862	0.016636	0.020791	0.001950	0.000451	0.035897	0.023927	0.000490	0.001674	0.019192	0.022240	0.013819	0.002153	0.027491	0.024296	0.009754	0.033931	0.022682	0.009919	0.005793	0.026234	0.007031	0.019898	0.024514	0.029306	0.013034	0.025908	0.008135	0.031601	0.028452	0.035593	0.039985	
0.012858	0.020317	0.006543	0.032356	0.010835	0.022798	0.035967	0.008830	0.015599	0.006494	0.032500	0.021894	0.027699	0.015139	0.028569	0.037852	0.006960	0.011734	0.030776	0.037620	0.035326	0.023731	0.026732	0.017192	0.034227	0.027706	0.003851	0.030618	0.018375	0.006153	0.034765	0.004608	0.022979	0.024573	0.009471	0.022558	0.035763	0.000820	0.020437	0.024812	0.008495	0.008802	0.002517	0.015576	0.019917	0.033297	0.030364	0.008836	0.008818	0.015339	
0.020257	0.019198	0.018568	0.041217	0.005331	0.013701	0.036095	0.028130	0.028283	0.037849	0.002698	0.013566	0.038576	0.008432	0.015460	0.016712	0.018158	0.002524	0.006322	0.014336	0.038446	0.012745	0.040359	0.031960	0.000171	0.004950	0.023359	0.028729	0.018930	0.041973	0.038872	0.016350	0.023961	0.003237	0.017093	0.042122	0.015453	0.015628	0.026266	0.008257	0.004324	0.022641	0.001218	0.002347	0.030893	0.041584	0.030611	0.009197	0.000719	0.022191	
0.029684	0.010126	0.035456	0.018279	0.017207	0.005310	0.004056	0.040557	0.015492	0.008797	0.033596	0.008938	0.031578	0.020031	0.016131	0.027190	0.002711	0.019998	0.015612	0.012605	0.038396	0.030024	0.001544	0.006444	0.032256	0.001728	0.004556	0.042154	0.011469	0.034302	0.014777	0.018235	0.015722	0.032511	0.011093	0.000918	0.014153	0.010753	0.044913	0.035569	0.010554	0.015697	0.016710	0.019289	0.023914	0.045822	0.014916	0.032894	0.018086	0.027247	
0.027655	0.008432	0.012386	0.003097	0.012055	0.029738	0.020169	0.000809	0.003664	0.024492	0.024987	0.036490	0.025889	0.024667	0.022664	0.022911	0.037117	0.023431	0.026247	0.033274	0.033088	0.020838	0.002848	0.032282	0.036400	0.015602	0.020128	0.033660	0.017211	0.000200	0.012670	0.015895	0.018552	0.005212	0.024805	0.025562	0.015855	0.024997	0.014150	0.011789	0.031267	0.011305	0.023738	0.001302	0.010307	0.022769	0.026279	0.022782	0.012349	0.035982	
0.030917	0.033773	0.021950	0.017485	0.010438	0.021845	0.014430	0.031308	0.033497	0.006390	0.000520	0.005054	0.033815	0.010387	0.000890	0.028774	0.008013	0.011837	0.036085	0.035346	0.023834	0.020584	0.023926	0.009763	0.030785	0.034418	0.025442	0.031405	0.007074	0.018290	0.023511	0.008650	0.009001	0.027870	0.001348	0.004148	0.034781	0.030480	0.031288	0.019969	0.009395	0.010805	0.007550	0.018346	0.040186	0.037074	0.022309	0.015403	0.002334	0.027276	
0.027366	0.007125	0.012243	0.024688	0.008203	0.005466	0.000082	0.034776	0.021842	0.034933	0.034077	0.006132	0.007581	0.027765	0.003709	0.010124	0.032645	0.025637	0.028942	0.026878	0.007648	0.018349	0.000007	0.024789	0.034078	0.010923	0.028841	0.030867	0.025310	0.018873	0.017200	0.017026	0.035688	0.011507	0.027708	0.002402	0.026488	0.006938	0.032588	0.000765	0.017063	0.008575	0.003892	0.025642	0.036526	0.035865	0.032447	0.022316	0.031888	0.027575	
0.009925	0.019603	0.034186	0.018870	0.017927	0.036019	0.002991	0.022245	0.008239	0.017620	0.015223	0.007454	0.038538	0.006658	0.028407	0.005438	0.007676	0.026777	0.021631	0.031016	0.021879	0.036795	0.030580	0.037388	0.027038	0.008348	0.003209	0.023457	0.023047	0.030521	0.003053	0.010394	0.022077	0.030240	0.007008	0.003977	0.037372	0.024676	0.014403	0.038315	0.029034	0.010052	0.024192	0.032644	0.006259	0.032663	0.008542	0.025456	0.002866	0.018073	
0.033259	0.038028	0.033370	0.019411	0.026934	0.003249	0.026675	0.026746	0.026135	0.038929	0.006339	0.030386	0.003460	0.039165	0.028615	0.026954	0.012570	0.037283	0.001859	0.008442	0.039571	0.002704	0.017654	0.039190	0.024669	0.015587	0.003016	0.017155	0.005200	0.028137	0.017312	0.016164	0.019783	0.017030	0.003637	0.001401	0.029496	0.007948	0.006745	0.017718	0.038514	0.023422	0.019982	0.023014	0.009119	0.033511	0.020141	0.014059	0.012307	0.008004	
0.034660	0.016835	0.005370	0.020726	0.023377	0.032447	0.005154	0.016780	0.024815	0.034018	0.005493	0.018723	0.015553	0.030836	0.028061	0.021366	0.038961	0.022045	0.018066	0.012999	0.030665	0.019490	0.022537	0.023954	0.004600	0.016502	0.020941	0.005567	0.032175	0.010823	0.019877	0.001181	0.026153	0.021074	0.037792	0.007333	0.021085	0.037371	0.003452	0.009883	0.027936	0.023010	0.007792	0.012201	0.031388	0.031065	0.009915	0.022775	0.005313	0.029868	
0.008630	0.031362	0.012750	0.025774	0.018984	0.031465	0.008331	0.030647	0.004326	0.011354	0.009685	0.018796	0.027632	0.028511	0.019131	0.011331	0.007601	0.033701	0.012420	0.003342	0.021989	0.009242	0.014578	0.005435	0.030914	0.027190	0.009432	0.010053	0.025517	0.033761	0.026168	0.022818	0.008265	0.018205	0.018972	0.028077	0.026638	0.023355	0.020662	0.021281	0.030581	0.024623	0.021404	0.032459	0.022603	0.016079	0.033059	0.025113	0.016114	0.019644	
0.004069	0.024658	0.037885	0.013594	0.022983	0.004588	0.012111	0.029828	0.036793	0.036584	0.020559	0.030286	0.025343	0.015019	0.026008	0.000954	0.014917	0.014411	0.005944	0.013141	0.016121	0.001213	0.028692	0.021187	0.017822	0.001312	0.023685	0.022144	0.016820	0.017548	0.029434	0.035742	0.028833	0.033686	0.000885	0.011939	0.021375	0.001997	0.022142	0.034419	0.001065	0.011332	0.029636	0.038522	0.035883	0.013973	0.039894	0.005555	0.014494	0.032973	
0.010367	0.003250	0.003555	0.008008	0.026263	0.006941	0.011900	0.031557	0.030630	0.018596	0.012633	0.028490	0.037945	0.034604	0.022485	0.004529	0.009553	0.035776	0.031841	0.016992	0.013758	0.027318	0.012274	0.015407	0.033435	0.027014	0.029530	0.020825	0.022315	0.032884	0.018223	0.036740	0.003101	0.023825	0.033910	0.026371	0.023273	0.008900	0.030686	0.035895	0.018028	0.006096	0.016820	0.000394	0.003694	0.032241	0.002950	0.033156	0.017969	0.007053	
0.000296	0.010158	0.036419	0.038401	0.005404	0.004657	0.005964	0.011049	0.002114	0.017235	0.021950	0.005425	0.026547	0.010700	0.012263	0.035687	0.020326	0.008018	0.028590	0.032115	0.007981	0.036644	0.034829	0.038950	0.017610	0.010228	0.037759	0.039249	0.015861	0.013474	0.024642	0.019489	0.004064	0.029449	0.043270	0.031439	0.039535	0.008272	0.001096	0.020185	0.005490	0.021360	0.002241	0.011243	0.002876	0.029899	0.022276	0.028859	0.045760	0.022651	
0.020790	0.036703	0.009522	0.023912	0.011691	0.019699	0.002568	0.011959	0.031582	0.003519	0.027612	0.025285	0.000011	0.013501	0.022901	0.041080	0.034198	0.029382	0.033371	0.017128	0.028377	0.009016	0.040239	0.027559	0.007045	0.028910	0.021486	0.008963	0.013268	0.001228	0.025498	0.008136	0.020966	0.032577	0.011833	0.004072	0.016097	0.002230	0.026897	0.039591	0.032109	0.014201	0.026644	0.023722	0.011484	0.034323	0.021695	0.021915	0.023103	0.000402	
0.005276	0.020851	0.003956	0.012398	0.016381	0.008156	0.024072	0.027854	0.020949	0.024819	0.016632	0.030179	0.025437	0.014749	0.030941	0.003172	0.005967	0.019130	0.017979	0.000397	0.029787	0.001451	0.020875	0.031869	0.010982	0.016632	0.026921	0.008285	0.031930	0.021048	0.032195	0.002586	0.021817	0.029570	0.020381	0.036324	0.027916	0.035724	0.020519	0.007988	0.027715	0.008740	0.021408	0.035909	0.033488	0.011275	0.029881	0.010102	0.027294	0.030090	
0.007741	0.000386	0.015787	0.007003	0.040820	0.038521	0.032224	0.000880	0.025380	0.009746	0.005450	0.033771	0.006901	0.012783	0.001933	0.041959	0.040667	0.042035	0.021737	0.022277	0.016710	0.005575	0.001263	0.025621	0.006825	0.023336	0.020823	0.020471	0.040156	0.017572	0.007344	0.031435	0.026576	0.020135	0.013991	0.030642	0.022351	0.003385	0.027227	0.019294	0.015058	0.032637	0.013644	0.025673	0.040293	0.006578	0.001230	0.042104	0.032241	0.001807	
0.014049	0.001914	0.010454	0.003317	0.022470	0.031190	0.000336	0.000159	0.035755	0.015730	0.031235	0.027292	0.033936	0.011587	0.022611	0.010905	0.019908	0.032605	0.015729	0.035043	0.032326	0.000544	0.005326	0.036695	0.035294	0.015586	0.003689	0.014491	0.019822	0.024032	0.017900	0.034385	0.040447	0.026832	0.038951	0.025177	0.007477	0.001758	0.005784	0.010669	0.032133	0.004312	0.031296	0.015317	0.013077	0.037997	0.026672	0.025710	0.016415	0.023661	
0.006321	0.005658	0.008414	0.025901	0.032476	0.019556	0.000973	0.023511	0.005306	0.015044	0.004113	0.031182	0.033514	0.025284	0.014432	0.037390	0.031264	0.026978	0.021057	0.012344	0.034779	0.031471	0.019550	0.004050	0.034674	0.026655	0.000223	0.036107	0.007229	0.026289	0.025388	0.012896	0.037354	0.029568	0.016149	0.003349	0.026938	0.000450	0.022653	0.005149	0.033834	0.013393	0.033741	0.027816	0.023691	0.020154	0.027484	0.019358	0.010260	0.008626	
0.015638	0.019571	0.005501	0.021238	0.025602	0.031913	0.009736	0.024206	0.018430	0.034251	0.010931	0.027461	0.023328	0.011611	0.030441	0.015286	0.004021	0.030646	0.026533	0.010788	0.027056	0.016023	0.023592	0.010625	0.010976	0.034015	0.022446	0.027082	0.028055	0.016653	0.022507	0.019432	0.016590	0.012980	0.012120	0.018649	0.017886	0.025329	0.025867	0.021070	0.014488	0.018629	0.006820	0.023882	0.010590	0.031430	0.005930	0.016031	0.030228	0.035887	
0.022917	0.034840	0.035067	0.016652	0.007152	0.023120	0.033637	0.018913	0.033271	0.027995	0.012231	0.006226	0.019259	0.027392	0.032116	0.016243	0.016792	0.032012	0.001735	0.020519	0.019649	0.018305	0.033060	0.032898	0.024625	0.022394	0.034798	0.027121	0.008884	0.007314	0.014654	0.008490	0.017798	0.009080	0.025078	0.002142	0.005189	0.018341	0.025823	0.021286	0.020199	0.016575	0.017049	0.008346	0.031086	0.017015	0.030779	0.011813	0.028568	0.003552	
0.036520	0.029630	0.032134	0.030825	0.023339	0.036660	0.003266	0.033948	0.006683	0.015214	0.015590	0.030168	0.002959	0.008211	0.016909	0.001209	0.003061	0.022385	0.004246	0.007551	0.026463	0.017771	0.020285	0.023239	0.009307	0.025823	0.013401	0.035569	0.028852	0.029041	0.005379	0.003142	0.019085	0.032516	0.018128	0.011963	0.032931	0.026166	0.007551	0.027030	0.022165	0.020200	0.028852	0.026283	0.022879	0.011004	0.019366	0.029949	0.010573	0.034582	
0.022785	0.030715	0.012492	0.013134	0.019067	0.035819	0.027387	0.029099	0.017668	0.008711	0.024687	0.020962	0.032237	0.008735	0.037339	0.035715	0.032310	0.005768	0.039706	0.003889	0.035421	0.029101	0.026540	0.015433	0.000534	0.028050	0.017601	0.008067	0.012491	0.004748	0.004492	0.039903	0.031022	0.015942	0.005729	0.005449	0.018230	0.021114	0.013776	0.005342	0.006859	0.015905	0.029116	0.020694	0.012595	0.001829	0.037623	0.029163	0.025334	0.023670	
0.037749	0.039435	0.014357	0.016783	0.023098	0.037987	0.014739	0.038569	0.016820	0.020836	0.006001	0.008570	0.002686	0.009977	0.015157	0.040081	0.036866	0.021931	0.001577	0.023425	0.005689	0.021498	0.036783	0.024100	0.008312	0.030579	0.031250	0.006305	0.036356	0.010387	0.017219	0.031837	0.028740	0.026474	0.022594	0.007661	0.013345	0.014905	0.014574	0.013109	0.006147	0.021992	0.001296	0.039683	0.018211	0.003628	0.009972	0.035288	0.013941	0.021480	
0.014342	0.026773	0.014023	0.026781	0.012355	0.025661	0.011164	0.013283	0.021244	0.014895	0.014669	0.025001	0.019299	0.013610	0.020169	0.029253	0.001492	0.033182	0.032305	0.033114	0.035254	0.020380	0.009151	0.018725	0.000007	0.011248	0.020934	0.009398	0.026076	0.027679	0.025249	0.013592	0.014165	0.003891	0.035171	0.033877	0.030736	0.000979	0.003106	0.031195	0.013491	0.022511	0.014214	0.007214	0.025946	0.034342	0.033792	0.029058	0.012085	0.033920	
0.030550	0.024449	0.008826	0.020313	0.019463	0.007619	0.028476	0.025161	0.000327	0.003453	0.025410	0.029309	0.006673	0.009845	0.036687	0.000693	0.018474	0.031918	0.020516	0.006011	0.037038	0.028861	0.003007	0.016601	0.035198	0.020893	0.019950	0.036043	0.007321	0.001318	0.034074	0.017432	0.034009	0.011286	0.019626	0.010542	0.032448	0.029035	0.012314	0.030023	0.001746	0.002680	0.003073	0.025860	0.036903	0.035899	0.026126	0.029057	0.036043	0.011421	
0.012408	0.022044	0.001533	0.013745	0.016198	0.032914	0.040129	0.022695	0.013605	0.035970	0.005897	0.013156	0.042757	0.029655	0.003696	0.006136	0.009511	0.021249	0.000809	0.003790	0.026571	0.014228	0.015282	0.004847	0.007152	0.007670	0.044850	0.021194	0.002391	0.023731	0.013929	0.023320	0.028522	0.041519	0.028737	0.001826	0.042261	0.005029	0.014613	0.036997	0.017635	0.013828	0.008178	0.025276	0.003388	0.044340	0.039645	0.034920	0.036629	0.023598	
0.025017	0.013791	0.041819	0.013844	0.048585	0.004735	0.018779	0.029583	0.014208	0.022460	0.017377	0.009599	0.007745	0.021713	0.034365	0.015475	0.026027	0.015516	0.028814	0.016253	0.048054	0.001989	0.030486	0.028221	0.013703	0.000052	0.011118	0.007578	0.010565	0.010967	0.024762	0.002863	0.016381	0.015346	0.004862	0.034455	0.034872	0.018418	0.034575	0.039852	0.003439	0.044874	0.006502	0.032227	0.007004	0.010031	0.047718	0.006018	0.001905	0.025455	
0.016766	0.033200	0.018841	0.019302	0.010331	0.004805	0.016564	0.025108	0.022010	0.020245	0.018019	0.032892	0.034128	0.007659	0.027914	0.021541	0.029960	0.016256	0.006952	0.033098	0.030841	0.022565	0.025253	0.002694	0.018877	0.000562	0.018143	0.005945	0.007445	0.034883	0.031631	0.032763	0.030548	0.005869	0.016124	0.024289	0.012360	0.002855	0.028312	0.009206	0.016123	0.035911	0.025011	0.017597	0.036538	0.035645	0.025066	0.024973	0.005894	0.000484	
0.004130	0.032665	0.002946	0.037014	0.026706	0.033355	0.011903	0.033577	0.042332	0.002876	0.034413	0.001401	0.013952	0.013622	0.001733	0.012507	0.023102	0.041862	0.023193	0.005033	0.028586	0.022340	0.033911	0.020386	0.023545	0.021618	0.026976	0.013923	0.022122	0.003748	0.005440	0.012222	0.007484	0.025786	0.011159	0.000164	0.038672	0.006601	0.013139	0.036645	0.002391	0.000772	0.026374	0.029769	0.038572	0.026874	0.037208	0.010558	0.040535	0.014157	
0.001829	0.040442	0.012948	0.018479	0.027717	0.016158	0.002549	0.011856	0.014666	0.025378	0.027871	0.020645	0.010497	0.035716	0.026018	0.009033	0.025745	0.015651	0.017922	0.000460	0.001945	0.034287	0.012619	0.000178	0.028422	0.016144	0.040762	0.029204	0.005820	0.011532	0.012446	0.036596	0.032658	0.017850	0.034172	0.009206	0.019733	0.024184	0.039229	0.005780	0.027164	0.014032	0.034129	0.031486	0.021183	0.022711	0.018061	0.008684	0.026004	0.022197	
0.038841	0.033772	0.013146	0.008640	0.004694	0.036629	0.007363	0.021290	0.036018	0.016692	0.039640	0.001323	0.011059	0.024970	0.000094	0.016408	0.026835	0.006061	0.006675	0.006383	0.031625	0.010011	0.021255	0.014468	0.009984	0.007473	0.007565	0.028360	0.028239	0.004624	0.015896	0.024101	0.019068	0.011080	0.038578	0.016428	0.013065	0.029268	0.019857	0.030904	0.031132	0.018452	0.026789	0.031773	0.015434	0.026228	0.035438	0.019944	0.036447	0.019982	
0.010973	0.033654	0.037906	0.023911	0.013489	0.039636	0.038912	0.036111	0.004676	0.014046	0.004604	0.041419	0.030024	0.007027	0.035788	0.013607	0.022927	0.001192	0.003238	0.004966	0.009517	0.022005	0.014035	0.026747	0.001060	0.036861	0.024699	0.026575	0.017531	0.003042	0.010750	0.003576	0.034704	0.003874	0.031138	0.031861	0.003754	0.000809	0.017394	0.007310	0.031530	0.035038	0.028334	0.036105	0.034649	0.011163	0.021468	0.008678	0.029365	0.018321	
0.009987	0.034685	0.003129	0.025314	0.014534	0.007627	0.022691	0.012358	0.032766	0.015270	0.011059	0.007905	0.002880	0.045069	0.003012	0.016488	0.044610	0.041649	0.010286	0.000063	0.016428	0.007462	0.018299	0.040601	0.007872	0.011980	0.033401	0.030309	0.018471	0.044588	0.004763	0.015921	0.039559	0.012194	0.023455	0.036232	0.031268	0.021679	0.026593	0.003260	0.033093	0.038825	0.014509	0.035790	0.040415	0.003710	0.009968	0.006538	0.003887	0.007547	
0.027957	0.008627	0.030545	0.023654	0.032034	0.001732	0.018516	0.008655	0.017620	0.016546	0.011589	0.023172	0.003143	0.002926	0.025086	0.018771	0.022646	0.031435	0.019140	0.024625	0.030352	0.033548	0.031815	0.029340	0.020783	0.012005	0.022391	0.032483	0.024119	0.033448	0.026095	0.012195	0.001520	0.003299	0.032259	0.029368	0.003193	0.019955	0.021159	0.013676	0.026357	0.024733	0.011675	0.021736	0.022545	0.013074	0.004973	0.026934	0.030932	0.015622	
0.038871	0.032202	0.003473	0.034356	0.017009	0.015802	0.006796	0.000642	0.027930	0.017125	0.015475	0.013580	0.019636	0.020117	0.028456	0.007130	0.020841	0.016955	0.001645	0.030889	0.013005	0.039961	0.001778	0.008878	0.011136	0.026550	0.028287	0.025401	0.022372	0.029463	0.032202	0.025259	0.023715	0.028827	0.007361	0.006712	0.019311	0.024014	0.026647	0.026508	0.002648	0.029994	0.035882	0.021950	0.023793	0.015463	0.032024	0.018638	0.003042	0.020250	
0.030330	0.029148	0.039780	0.025631	0.008250	0.032857	0.039761	0.014443	0.018009	0.016514	0.001265	0.014200	0.014385	0.002742	0.023196	0.017176	0.001719	0.019495	0.018295	0.024930	0.000972	0.026022	0.035664	0.017535	0.016717	0.032136	0.002894	0.020328	0.019717	0.028697	0.003955	0.010360	0.009874	0.002686	0.024705	0.021217	0.008319	0.011616	0.020165	0.039034	0.002547	0.027515	0.023313	0.037966	0.037270	0.030530	0.039772	0.006769	0.013165	0.036413	
0.002593	0.015086	0.004121	0.029052	0.006301	0.003371	0.036193	0.020107	0.002350	0.027254	0.017953	0.039587	0.032452	0.018114	0.024355	0.001434	0.024049	0.028498	0.005507	0.021587	0.003685	0.029535	0.023498	0.004706	0.015168	0.042367	0.001924	0.017572	0.005747	0.004250	0.026538	0.025459	0.028404	0.017052	0.013660	0.027389	0.015164	0.010458	0.032041	0.033049	0.029841	0.019351	0.033630	0.027252	0.011882	0.006003	0.040041	0.008024	0.042489	0.043858	
0.018440	0.005628	0.006335	0.015378	0.027080	0.003818	0.032253	0.006468	0.036313	0.022755	0.021024	0.024576	0.010145	0.019997	0.011751	0.006536	0.023199	0.032311	0.025341	0.013894	0.032760	0.021120	0.003668	0.031830	0.027519	0.024772	0.009130	0.014882	0.012981	0.036167	0.009440	0.029918	0.032554	0.002469	0.001147	0.032415	0.034281	0.031198	0.022951	0.017459	0.015816	0.031078	0.008491	0.015106	0.034190	0.027624	0.012832	0.000574	0.032339	0.030049	
0.026610	0.032150	0.004172	0.025531	0.003798	0.028938	0.014721	0.019613	0.029618	0.022086	0.001796	0.033227	0.014282	0.010644	0.011398	0.014341	0.026254	0.028176	0.026117	0.010105	0.018056	0.006941	0.016432	0.031037	0.021843	0.033385	0.012202	0.014026	0.024116	0.027252	0.008836	0.022518	0.027606	0.030762	0.024650	0.001873	0.010737	0.012347	0.006239	0.024255	0.026616	0.016282	0.030810	0.020985	0.024783	0.032208	0.029317	0.029402	0.028485	0.002424	
0.033209	0.001154	0.008334	0.028110	0.009071	0.019448	0.026651	0.016939	0.013909	0.030495	0.002660	0.016710	0.000977	0.029821	0.024666	0.020460	0.027224	0.010540	0.017382	0.001396	0.015664	0.001345	0.029505	0.008893	0.016349	0.030245	0.020592	0.011360	0.009917	0.036325	0.028494	0.012738	0.013042	0.033688	0.012903	0.024655	0.020100	0.005635	0.035367	0.032886	0.031884	0.032498	0.034968	0.024645	0.028532	0.035576	0.008048	0.015382	0.022181	0.027429	
0.019904	0.006364	0.005552	0.035472	0.000820	0.037188	0.031142	0.027434	0.030870	0.008370	0.033433	0.015775	0.035835	0.015272	0.028081	0.001249	0.011974	0.018890	0.015212	0.014418	0.012861	0.018161	0.031178	0.025512	0.002081	0.009595	0.028466	0.018125	0.026050	0.031951	0.030233	0.002451	0.028454	0.037188	0.020848	0.031091	0.015739	0.015118	0.033704	0.002016	0.027572	0.029642	0.007077	0.026102	0.013300	0.006353	0.032381	0.003499	0.004201	0.035795	
0.034732	0.010623	0.025806	0.005502	0.022003	0.020762	0.023963	0.033763	0.011232	0.019196	0.013234	0.008589	0.032704	0.033452	0.022851	0.022503	0.033047	0.022818	0.014013	0.013167	0.017431	0.034344	0.018673	0.028927	0.007534	0.005169	0.031763	0.019989	0.011290	0.023265	0.033804	0.021743	0.013283	0.027505	0.006785	0.002702	0.032877	0.022615	0.022493	0.024143	0.007201	0.019721	0.029528	0.000286	0.032105	0.019603	0.027921	0.003674	0.022398	0.007270	
0.021773	0.035099	0.007889	0.028515	0.013735	0.028035	0.021480	0.038368	0.036894	0.001686	0.004212	0.024899	0.037228	0.012226	0.014507	0.030031	0.023266	0.008739	0.003701	0.013806	0.008542	0.016397	0.028670	0.000262	0.031899	0.025687	0.007276	0.000066	0.024545	0.023890	0.026876	0.009777	0.020393	0.006020	0.014147	0.005713	0.030764	0.035256	0.037960	0.033283	0.037501	0.006606	0.016895	0.012926	0.035178	0.029503	0.026065	0.031169	0.009884	0.000761	
0.001907	0.000264	0.002780	0.018986	0.019161	0.018661	0.005685	0.001816	0.029012	0.017512	0.035811	0.029028	0.040626	0.039264	0.011978	0.040064	0.005039	0.034272	0.012800	0.019569	0.013184	0.036154	0.025005	0.001846	0.041955	0.005668	0.020098	0.020685	0.001893	0.004216	0.016698	0.007885	0.022700	0.036202	0.031405	0.023743	0.005490	0.009583	0.013871	0.007286	0.025793	0.029089	0.019384	0.030986	0.019174	0.022628	0.042558	0.038304	0.003059	0.039224	
0.034170	0.000990	0.025742	0.001455	0.012085	0.022141	0.017474	0.002355	0.015643	0.036088	0.015527	0.000620	0.018578	0.029822	0.003119	0.030643	0.023190	0.039088	0.041616	0.032260	0.034121	0.021117	0.036544	0.012929	0.033378	0.012805	0.019069	0.008755	0.030559	0.009562	0.005952	0.008018	0.031824	0.035557	0.009426	0.031234	0.035814	0.013531	0.010330	0.019340	0.030674	0.009683	0.026632	0.014502	0.007706	0.029187	0.029390	0.011411	0.012644	0.005702	
0.013214	0.025991	0.034687	0.019919	0.037803	0.027131	0.025812	0.018424	0.018689	0.013815	0.017887	0.027883	0.029451	0.037163	0.018500	0.000371	0.006496	0.036609	0.025095	0.005531	0.007038	0.028513	0.036477	0.016057	0.012564	0.010854	0.005054	0.030653	0.032279	0.005282	0.012620	0.029620	0.023339	0.030980	0.011557	0.006104	0.004168	0.038452	0.003201	0.034439	0.020399	0.002981	0.037215	0.018642	0.009855	0.008497	0.033368	0.012448	0.014789	0.022084	
0.030613	0.005168	0.028961	0.004332	0.023523	0.019660	0.030452	0.014318	0.028279	0.016204	0.014752	0.027630	0.024884	0.020276	0.028881	0.026218	0.008152	0.004648	0.008739	0.000721	0.017335	0.029049	0.032955	0.023460	0.033562	0.007778	0.008273	0.011553	0.032889	0.012789	0.022310	0.028482	0.011229	0.030801	0.019562	0.020583	0.020961	0.016564	0.007268	0.009807	0.023230	0.029331	0.023964	0.029547	0.025696	0.017806	0.029331	0.018253	0.016594	0.022624	
0.018851	0.025267	0.018422	0.002834	0.018153	0.004210	0.038848	0.017729	0.039865	0.010573	0.014250	0.008071	0.008838	0.021314	0.025939	0.038022	0.018013	0.035480	0.009232	0.013995	0.036022	0.001715	0.023020	0.024365	0.031058	0.006794	0.020742	0.031420	0.043263	0.032243	0.011578	0.013328	0.018763	0.011021	0.002633	0.023986	0.018025	0.031449	0.016284	0.041636	0.005562	0.039720	0.009916	0.011095	0.011718	0.019632	0.019586	0.035340	0.015452	0.004729	
0.029635	0.000446	0.004165	0.000031	0.004309	0.005050	0.016737	0.020386	0.039189	0.028824	0.009486	0.016105	0.034874	0.000633	0.035142	0.013083	0.001791	0.037181	0.033897	0.001361	0.040289	0.024426	0.002757	0.016514	0.024255	0.012964	0.018537	0.027370	0.006036	0.033764	0.030401	0.024710	0.024645	0.040390	0.030515	0.037945	0.001003	0.014023	0.009811	0.040321	0.032959	0.034841	0.009473	0.014980	0.004465	0.037560	0.016936	0.026672	0.004203	0.024911	
0.032073	0.020446	0.038973	0.004212	0.023676	0.014490	0.003124	0.010481	0.023005	0.028503	0.023438	0.008699	0.030828	0.020840	0.011521	0.022725	0.040271	0.032899	0.009311	0.011578	0.000456	0.038042	0.011686	0.027357	0.026209	0.039231	0.026317	0.032782	0.029744	0.022315	0.009393	0.010736	0.000675	0.005593	0.016754	0.017229	0.019905	0.013884	0.027437	0.002145	0.023360	0.024844	0.006474	0.041009	0.021380	0.021501	0.016696	0.011721	0.022772	0.021259	
0.022699	0.008258	0.007228	0.034593	0.033618	0.040654	0.019542	0.025123	0.004510	0.036506	0.008058	0.002690	0.002713	0.008595	0.000723	0.006681	0.042389	0.035920	0.007617	0.005563	0.030396	0.010426	0.018603	0.028032	0.040491	0.028841	0.024145	0.001921	0.032916	0.025609	0.037188	0.032003	0.009102	0.004450	0.035256	0.000479	0.019239	0.004116	0.042406	0.032293	0.000385	0.034697	0.007689	0.034261	0.022498	0.014605	0.014989	0.006088	0.028036	0.025159	
0.013667	0.018474	0.026138	0.027191	0.013771	0.031283	0.029639	0.003253	0.021143	0.011208	0.004877	0.035818	0.004645	0.004727	0.018197	0.033623	0.033433	0.001235	0.039065	0.038619	0.032853	0.017789	0.005045	0.022806	0.025020	0.019586	0.002793	0.017338	0.022764	0.036030	0.007925	0.001119	0.011034	0.025801	0.035048	0.028828	0.008933	0.011909	0.020294	0.028991	0.027012	0.033244	0.034030	0.007934	0.021521	0.011655	0.003558	0.027393	0.030253	0.011491	
0.051943	0.008462	0.051925	0.015230	0.044016	0.009596	0.046754	0.000099	0.027396	0.034214	0.004537	0.011983	0.014451	0.028511	0.032427	0.005717	0.006639	0.045000	0.029375	0.017951	0.031689	0.000044	0.032191	0.000940	0.007895	0.004666	0.035919	0.042320	0.021822	0.025321	0.016646	0.018817	0.004052	0.019339	0.006971	0.006279	0.018313	0.024272	0.005980	0.004517	0.007846	0.022542	0.027075	0.017119	0.013121	0.011874	0.040158	0.009528	0.003265	0.033254	
0.021312	0.026878	0.013928	0.034808	0.027951	0.020118	0.031987	0.015414	0.028437	0.031722	0.034564	0.022246	0.024493	0.008178	0.030043	0.031362	0.026366	0.032601	0.014197	0.029871	0.014045	0.039234	0.020022	0.015684	0.000644	0.008772	0.029675	0.021471	0.009042	0.007278	0.022637	0.006706	0.000438	0.007564	0.008726	0.013619	0.007165	0.008471	0.035439	0.034905	0.011979	0.018654	0.012324	0.011662	0.017163	0.028023	0.003680	0.016458	0.036271	0.025775	
0.017478	0.003116	0.009114	0.006182	0.036892	0.020376	0.025570	0.025353	0.029139	0.037529	0.003757	0.022766	0.028868	0.036530	0.004117	0.004617	0.014572	0.020629	0.005387	0.033608	0.011477	0.022767	0.032063	0.009704	0.019550	0.008639	0.033030	0.006472	0.006150	0.038422	0.026914	0.037479	0.025364	0.041094	0.021315	0.039709	0.002116	0.008678	0.034795	0.008734	0.031871	0.002081	0.006974	0.005850	0.008396	0.021217	0.006623	0.037899	0.023366	0.035654	
0.031624	0.015456	0.013489	0.032674	0.016582	0.003905	0.019894	0.009681	0.018290	0.037591	0.026698	0.037483	0.002371	0.033259	0.009251	0.019874	0.005317	0.017141	0.034175	0.024675	0.018921	0.009534	0.017634	0.029873	0.017574	0.005578	0.017534	0.027977	0.033431	0.008718	0.033533	0.010107	0.027737	0.019984	0.033465	0.027916	0.034726	0.007897	0.003058	0.004317	0.016227	0.021466	0.016259	0.003128	0.035371	0.004440	0.031420	0.012598	0.023953	0.036195	
0.002828	0.039185	0.031926	0.003494	0.027161	0.031129	0.017016	0.032326	0.024284	0.015895	0.000455	0.020481	0.012239	0.016253	0.007714	0.015608	0.009903	0.018161	0.006777	0.036928	0.009996	0.018278	0.038916	0.030105	0.022027	0.009807	0.038709	0.021132	0.026371	0.010559	0.001416	0.030749	0.016568	0.040768	0.014505	0.001444	0.031288	0.037693	0.008768	0.012815	0.025830	0.003104	0.031725	0.008790	0.025251	0.030419	0.020822	0.017548	0.004890	0.039944	
0.009088	0.017003	0.027009	0.024485	0.013454	0.015247	0.007313	0.007785	0.012193	0.034692	0.015295	0.004137	0.020122	0.035985	0.028735	0.036607	0.006313	0.030455	0.028522	0.022068	0.036538	0.027721	0.030347	0.024770	0.035788	0.009654	0.035507	0.024265	0.003220	0.026048	0.029594	0.035171	0.037342	0.000822	0.026357	0.002329	0.011878	0.021899	0.018933	0.006080	0.024993	0.017458	0.001746	0.030512	0.040411	0.008181	0.009316	0.007986	0.003381	0.015243	
0.020587	0.028802	0.032599	0.030416	0.004614	0.026338	0.008621	0.028369	0.006196	0.019212	0.005018	0.017354	0.020830	0.035027	0.001143	0.004723	0.025642	0.040741	0.042694	0.007972	0.021276	0.037867	0.026786	0.006004	0.012305	0.011423	0.006159	0.003374	0.010483	0.011818	0.031559	0.024343	0.032745	0.011170	0.033094	0.020292	0.025983	0.000640	0.021519	0.031240	0.043577	0.034006	0.033153	0.027419	0.008683	0.030894	0.003016	0.021655	0.002211	0.008411	
0.002151	0.006691	0.013202	0.015417	0.015001	0.010622	0.034615	0.023453	0.024955	0.029489	0.022791	0.032756	0.029242	0.029020	0.010648	0.026754	0.014756	0.037916	0.038542	0.000358	0.036232	0.008828	0.015556	0.023400	0.007041	0.006720	0.011514	0.025354	0.014100	0.040994	0.019573	0.034219	0.030343	0.004162	0.025191	0.026464	0.003045	0.005682	0.026367	0.018603	0.030380	0.022248	0.021422	0.033041	0.019082	0.002790	0.002685	0.007597	0.017106	0.041880	
0.011539	0.027768	0.027767	0.006620	0.026114	0.031015	0.004234	0.032111	0.028551	0.002161	0.006161	0.027064	0.032689	0.013791	0.023603	0.030456	0.020844	0.034283	0.006662	0.030398	0.018932	0.002458	0.012443	0.011145	0.028765	0.008711	0.033023	0.008849	0.011603	0.021548	0.007417	0.034441	0.000697	0.024788	0.006068	0.031988	0.001071	0.033358	0.000344	0.031375	0.027567	0.032312	0.030667	0.025919	0.010260	0.034028	0.026280	0.007306	0.019978	0.032833	
0.040042	0.029065	0.027421	0.002411	0.001730	0.027800	0.009920	0.029516	0.035288	0.031001	0.028913	0.028338	0.014191	0.022135	0.004824	0.006586	0.020928	0.031264	0.033377	0.012737	0.013312	0.006338	0.011521	0.000367	0.039290	0.022930	0.036149	0.001999	0.017849	0.035019	0.012094	0.025150	0.000816	0.039360	0.004733	0.014389	0.022344	0.025871	0.005164	0.027900	0.036882	0.009396	0.027463	0.032548	0.008077	0.012498	0.006524	0.038834	0.012459	0.015238	
0.032130	0.017815	0.024475	0.032820	0.016856	0.012636	0.020119	0.010076	0.031138	0.013462	0.015071	0.022921	0.021010	0.008132	0.006927	0.001781	0.014733	0.036176	0.015771	0.040752	0.032458	0.002428	0.032257	0.013374	0.015427	0.010323	0.008985	0.010397	0.022505	0.011148	0.035394	0.035560	0.003391	0.019919	0.023014	0.003606	0.024347	0.008171	0.025043	0.011435	0.031918	0.012481	0.028883	0.010336	0.002312	0.040338	0.029827	0.040538	0.035105	0.024280	
0.007616	0.007135	0.036472	0.020736	0.034613	0.036141	0.021694	0.028701	0.033271	0.029611	0.006029	0.028174	0.024177	0.030688	0.002692	0.024352	0.015030	0.006661	0.024611	0.039307	0.024165	0.024820	0.037942	0.021437	0.023245	0.026328	0.009277	0.003060	0.017806	0.034155	0.004613	0.008785	0.022444	0.006770	0.006322	0.023878	0.031407	0.015267	0.028209	0.006910	0.009183	0.005481	0.003721	0.000810	0.037636	0.039477	0.029378	0.000901	0.021646	0.017214	
0.018107	0.004229	0.017513	0.021182	0.027056	0.025043	0.034606	0.026287	0.025287	0.014126	0.024892	0.008969	0.015109	0.003683	0.029546	0.032854	0.017784	0.014821	0.025100	0.018740	0.031249	0.007607	0.022051	0.000871	0.037463	0.001914	0.028584	0.028768	0.025467	0.029679	0.042173	0.020556	0.012570	0.013022	0.014066	0.040223	0.024209	0.018808	0.023377	0.012463	0.000177	0.021837	0.025784	0.001411	0.001412	0.007391	0.033529	0.012144	0.033365	0.022898	
0.034747	0.032936	0.013996	0.018758	0.025790	0.010829	0.019039	0.020333	0.030068	0.034538	0.023464	0.019305	0.032849	0.005195	0.002402	0.036292	0.015581	0.033534	0.033315	0.007915	0.032179	0.000797	0.025607	0.012725	0.005431	0.006244	0.020197	0.009076	0.034505	0.011155	0.027008	0.029691	0.025843	0.031540	0.024041	0.026079	0.022791	0.006657	0.014596	0.022005	0.019501	0.010995	0.001636	0.010673	0.026063	0.022998	0.023019	0.015536	0.012930	0.017596	
0.009062	0.003157	0.007779	0.024162	0.017670	0.014978	0.016550	0.024924	0.008031	0.028546	0.015114	0.004381	0.003444	0.011259	0.005856	0.027045	0.032985	0.027405	0.009331	0.038068	0.014726	0.036612	0.028451	0.008306	0.037031	0.016417	0.007964	0.003769	0.033873	0.017673	0.029138	0.027142	0.032950	0.032207	0.025028	0.014744	0.029641	0.036884	0.023731	0.014352	0.032012	0.006354	0.008348	0.031369	0.021609	0.030103	0.011297	0.019444	0.024858	0.014221	
0.015160	0.045558	0.000397	0.028859	0.036472	0.000986	0.011437	0.041031	0.030718	0.006938	0.035921	0.040474	0.041841	0.011200	0.019120	0.025316	0.036638	0.020469	0.021764	0.002901	0.034910	0.027038	0.000586	0.020024	0.042206	0.020758	0.000474	0.010958	0.003762	0.007281	0.017247	0.020606	0.001455	0.009097	0.015681	0.013989	0.004599	0.024181	0.028214	0.004819	0.031334	0.022453	0.001901	0.043461	0.013389	0.016484	0.025735	0.033048	0.029606	0.001502	
0.012947	0.001141	0.020490	0.021844	0.021549	0.007084	0.000982	0.025673	0.030060	0.010471	0.033644	0.025401	0.032790	0.017341	0.033061	0.034193	0.015382	0.024047	0.039305	0.013138	0.038400	0.011291	0.024114	0.008419	0.016775	0.039307	0.018112	0.011563	0.001757	0.009154	0.003053	0.024611	0.023253	0.026090	0.024695	0.018783	0.014916	0.001431	0.040120	0.035610	0.042317	0.019868	0.014425	0.001179	0.028108	0.001182	0.018381	0.037402	0.017424	0.007715	
0.035095	0.033339	0.015393	0.017745	0.003862	0.013244	0.008740	0.032723	0.005110	0.028349	0.033645	0.030393	0.011321	0.032930	0.034786	0.035111	0.002816	0.031021	0.017431	0.019619	0.031039	0.032113	0.020237	0.033808	0.013476	0.018122	0.007322	0.025524	0.020538	0.023101	0.022719	0.006354	0.015581	0.016680	0.019462	0.028035	0.026843	0.002768	0.013142	0.015448	0.006960	0.031514	0.035045	0.004319	0.011981	0.001442	0.016848	0.018227	0.017374	0.021306	
0.009788	0.034228	0.024775	0.017141	0.006760	0.031365	0.015461	0.015299	0.013413	0.013772	0.007119	0.032001	0.035238	0.007144	0.000338	0.024248	0.025719	0.017272	0.012902	0.006397	0.015703	0.024005	0.005120	0.038830	0.033864	0.035436	0.037507	0.027040	0.029996	0.037101	0.023672	0.001179	0.008231	0.013167	0.006684	0.026378	0.003904	0.003919	0.026084	0.015824	0.023108	0.027413	0.010593	0.033878	0.009480	0.000776	0.038208	0.038741	0.025564	0.028215	
0.017416	0.024969	0.000510	0.015543	0.009896	0.037702	0.032803	0.021117	0.019158	0.018589	0.008070	0.017144	0.005363	0.016970	0.024943	0.009743	0.037390	0.018921	0.022128	0.038406	0.012125	0.038010	0.003215	0.032439	0.028371	0.007668	0.016144	0.019211	0.001150	0.000280	0.019852	0.011514	0.030527	0.028189	0.011561	0.038802	0.036458	0.024171	0.020515	0.033595	0.008932	0.024297	0.029839	0.020902	0.005791	0.014918	0.002191	0.035952	0.038311	0.008286	
0.032209	0.010471	0.033382	0.025118	0.017671	0.034756	0.030704	0.005316	0.024970	0.027384	0.037303	0.002450	0.017852	0.036286	0.021533	0.023240	0.008226	0.007460	0.008052	0.017887	0.000003	0.007847	0.001330	0.037792	0.040464	0.032256	0.017511	0.028105	0.027990	0.000099	0.016596	0.000098	0.040042	0.019447	0.036057	0.020733	0.041167	0.001972	0.023930	0.002394	0.013121	0.028488	0.000630	0.038548	0.000502	0.037713	0.004189	0.013959	0.006512	0.038236	
0.010126	0.027389	0.030702	0.020850	0.017209	0.027752	0.014875	0.027153	0.021430	0.004250	0.018025	0.032608	0.030250	0.036110	0.010225	0.011430	0.003136	0.037855	0.036858	0.008974	0.018354	0.028402	0.036784	0.016345	0.021056	0.026343	0.005562	0.014204	0.012767	0.033410	0.009409	0.017952	0.024492	0.018194	0.009345	0.019748	0.006406	0.030150	0.034846	0.024724	0.024477	0.011737	0.007718	0.006816	0.002913	0.001674	0.034132	0.028630	0.023060	0.023143	
0.010411	0.028848	0.034229	0.030424	0.034519	0.016097	0.010972	0.035629	0.024240	0.013864	0.022428	0.026811	0.025063	0.025485	0.011755	0.012037	0.003428	0.030230	0.034301	0.004847	0.033585	0.004576	0.009550	0.034881	0.012230	0.004233	0.014821	0.026359	0.016458	0.000468	0.016928	0.028185	0.003645	0.010049	0.033225	0.027108	0.016975	0.035688	0.020088	0.007941	0.033051	0.032870	0.015611	0.024513	0.005469	0.023216	0.025573	0.000331	0.021163	0.025594	
0.031518	0.028462	0.009840	0.011887	0.025616	0.020828	0.015206	0.013439	0.020973	0.005225	0.027974	0.016147	0.004307	0.035666	0.016867	0.012980	0.008077	0.019933	0.025959	0.009552	0.014908	0.010571	0.035005	0.006245	0.001226	0.041839	0.038056	0.023959	0.016788	0.034915	0.002489	0.034703	0.000299	0.038022	0.038471	0.017312	0.041800	0.016576	0.024594	0.027095	0.018417	0.000050	0.017116	0.021746	0.006978	0.021039	0.014034	0.001087	0.032876	0.041326	
0.018834	0.017789	0.022497	0.032140	0.008853	0.022942	0.024420	0.006845	0.032561	0.000913	0.026687	0.010553	0.032953	0.032748	0.024942	0.008995	0.028184	0.001376	0.024070	0.030662	0.036770	0.002319	0.037072	0.006009	0.022913	0.016695	0.007040	0.008109	0.000387	0.007777	0.014235	0.036500	0.016169	0.011745	0.024727	0.017636	0.014989	0.035875	0.007592	0.035424	0.038769	0.022899	0.029836	0.000001	0.005279	0.012615	0.021859	0.036821	0.027456	0.035521	
0.034038	0.015838	0.013011	0.011463	0.003648	0.030552	0.002013	0.002923	0.025603	0.008918	0.031352	0.027017	0.006774	0.001460	0.013442	0.017067	0.009351	0.011197	0.039460	0.040749	0.036733	0.004849	0.001888	0.039838	0.041008	0.040708	0.021987	0.033135	0.019760	0.038852	0.035262	0.038365	0.002770	0.011551	0.025268	0.025728	0.011324	0.029365	0.029676	0.030128	0.002929	0.013449	0.012853	0.040805	0.034591	0.015631	0.000156	0.007306	0.001039	0.007170	
0.009778	0.032257	0.033625	0.030813	0.027223	0.022758	0.006376	0.006346	0.026606	0.021616	0.023146	0.031013	0.027593	0.008517	0.011831	0.021632	0.031261	0.025613	0.027805	0.033909	0.012161	0.004583	0.019315	0.001009	0.021912	0.026897	0.029964	0.025637	0.028268	0.022955	0.032142	0.026085	0.010345	0.000136	0.009377	0.002499	0.005550	0.024387	0.000688	0.031533	0.001912	0.030688	0.030376	0.026879	0.022810	0.002072	0.019494	0.021512	0.017839	0.031255	
0.023705	0.008374	0.021701	0.003636	0.016658	0.033194	0.015119	0.001719	0.034667	0.021182	0.031654	0.008464	0.024587	0.025700	0.021236	0.002874	0.009848	0.005348	0.018874	0.007446	0.027382	0.038470	0.011248	0.042327	0.034717	0.001923	0.033143	0.022595	0.016287	0.023786	0.031270	0.030987	0.022735	0.006842	0.020520	0.007947	0.002069	0.018020	0.019654	0.034609	0.011301	0.021619	0.021666	0.037186	0.016889	0.017928	0.009079	0.017430	0.023471	0.040914	
0.024243	0.033052	0.001866	0.018128	0.010149	0.014200	0.029869	0.006876	0.032796	0.016702	0.005884	0.030311	0.026201	0.037636	0.009091	0.027418	0.028660	0.026842	0.015504	0.032409	0.031174	0.023139	0.027849	0.036136	0.011258	0.039450	0.013375	0.022675	0.021783	0.022498	0.019046	0.021728	0.002734	0.006707	0.026176	0.019500	0.028198	0.010676	0.007260	0.002510	0.011685	0.003575	0.019976	0.020330	0.030144	0.030885	0.015217	0.014700	0.013702	0.018072	
0.012899	0.024197	0.007112	0.025171	0.010405	0.036878	0.008378	0.014970	0.028957	0.042092	0.032450	0.029784	0.028582	0.022589	0.036773	0.042833	0.018381	0.020468	0.014199	0.042129	0.016687	0.022709	0.031765	0.020819	0.032648	0.003348	0.038985	0.016559	0.000007	0.008611	0.027615	0.023027	0.017223	0.038124	0.001818	0.002949	0.005065	0.029409	0.012114	0.021148	0.030665	0.012590	0.007691	0.017645	0.000205	0.028596	0.017490	0.001321	0.006494	0.007428	
0.023664	0.003476	0.004810	0.018442	0.002262	0.005188	0.012649	0.028987	0.022723	0.005677	0.039772	0.011867	0.031685	0.026917	0.005717	0.017751	0.015497	0.032089	0.014204	0.040921	0.029362	0.006984	0.001237	0.004882	0.011659	0.039936	0.034273	0.029254	0.008225	0.010154	0.033440	0.014808	0.014468	0.032484	0.010068	0.012835	0.003124	0.028901	0.036193	0.009995	0.028753	0.015421	0.025982	0.040128	0.041606	0.010573	0.033781	0.034716	0.018533	0.013927	
0.015696	0.024111	0.000393	0.009566	0.008071	0.021387	0.033269	0.016801	0.019323	0.019346	0.025094	0.012477	0.012248	0.025118	0.003860	0.038200	0.035958	0.023450	0.028907	0.014790	0.004944	0.005281	0.022526	0.021166	0.008351	0.031159	0.011515	0.005567	0.039554	0.023329	0.019802	0.012199	0.039572	0.040225	0.028817	0.025549	0.020913	0.023670	0.017304	0.022275	0.007869	0.008912	0.039851	0.018666	0.040761	0.017193	0.015776	0.032082	0.005528	0.001580	
0.033610	0.019376	0.031386	0.029478	0.017967	0.013292	0.007522	0.011957	0.005769	0.036631	0.035427	0.012215	0.026189	0.004552	0.003183	0.004579	0.029222	0.017635	0.036262	0.024489	0.033508	0.004599	0.028510	0.036431	0.032907	0.034420	0.024465	0.028975	0.034589	0.029228	0.025161	0.024169	0.010913	0.008215	0.027970	0.020166	0.011404	0.015103	0.000023	0.001545	0.011679	0.003644	0.007450	0.030127	0.020698	0.006462	0.011101	0.022215	0.020611	0.032973	
0.022093	0.023862	0.030093	0.023925	0.010209	0.031995	0.012909	0.030596	0.018401	0.005847	0.036301	0.033876	0.001020	0.002139	0.033534	0.035472	0.020948	0.021869	0.004961	0.019678	0.015311	0.023060	0.022103	0.003862	0.003108	0.037173	0.019232	0.037392	0.000447	0.021496	0.033403	0.016408	0.020697	0.014250	0.016610	0.016711	0.033702	0.035894	0.002720	0.001155	0.012257	0.010283	0.024421	0.019155	0.035657	0.001202	0.014678	0.024272	0.025713	0.037901	
0.014262	0.015081	0.011989	0.038060	0.006255	0.008986	0.006887	0.017888	0.016030	0.006247	0.035922	0.006080	0.037494	0.028724	0.034248	0.021048	0.003159	0.003115	0.029435	0.009093	0.008329	0.013346	0.031710	0.027736	0.033108	0.003112	0.021091	0.034704	0.014619	0.022499	0.021210	0.008308	0.027625	0.012830	0.000618	0.034898	0.026599	0.012025	0.024422	0.020994	0.015907	0.014041	0.038012	0.006643	0.038939	0.029045	0.038905	0.031061	0.003417	0.034245	
0.039541	0.012855	0.006405	0.015116	0.007688	0.023832	0.002585	0.028185	0.038541	0.029330	0.026811	0.001300	0.010385	0.001594	0.005164	0.015910	0.008786	0.037043	0.026543	0.029170	0.022310	0.025699	0.026007	0.033628	0.036030	0.001480	0.032239	0.032246	0.039057	0.003045	0.013300	0.016199	0.034008	0.024458	0.027628	0.040116	0.031182	0.003755	0.011411	0.028394	0.000083	0.001337	0.000509	0.007426	0.039116	0.009426	0.035489	0.016398	0.027054	0.014186	
0.000918	0.005547	0.018713	0.003858	0.032500	0.017310	0.029987	0.026266	0.025188	0.030595	0.033914	0.029516	0.027955	0.033293	0.024563	0.015183	0.009293	0.027663	0.030240	0.033634	0.030493	0.016471	0.004470	0.010475	0.017030	0.017406	0.029815	0.031808	0.026165	0.014818	0.015762	0.008315	0.015727	0.027471	0.024668	0.029427	0.026790	0.014966	0.007325	0.013175	0.009343	0.009233	0.019030	0.008041	0.031785	0.000727	0.019759	0.027022	0.017912	0.018436	
0.034970	0.028116	0.014037	0.039895	0.014168	0.029704	0.007988	0.008735	0.033464	0.021963	0.039885	0.036430	0.040342	0.002125	0.022950	0.009678	0.013881	0.001655	0.014809	0.005828	0.034995	0.019316	0.012017	0.010975	0.033691	0.001945	0.024869	0.006185	0.041378	0.009889	0.004603	0.039452	0.039310	0.002668	0.024816	0.032328	0.006464	0.002823	0.021614	0.016583	0.033434	0.014346	0.002552	0.037035	0.010350	0.017394	0.007771	0.025516	0.041554	0.003506	
0.025365	0.031027	0.006715	0.032245	0.009795	0.000943	0.035297	0.026677	0.027221	0.002741	0.019172	0.012806	0.001385	0.014754	0.022909	0.037869	0.018838	0.022820	0.038460	0.006923	0.031001	0.019312	0.017139	0.006332	0.019863	0.016001	0.015536	0.024420	0.025648	0.029020	0.027687	0.021933	0.002917	0.028152	0.011915	0.036866	0.018656	0.037658	0.027396	0.025387	0.024390	0.013119	0.025416	0.012630	0.003757	0.015842	0.006768	0.018020	0.024358	0.018899	
0.039150	0.028116	0.021751	0.008499	0.037467	0.031067	0.026927	0.007407	0.000938	0.038827	0.001121	0.025432	0.039150	0.026359	0.008164	0.019914	0.033905	0.012385	0.039044	0.023089	0.025423	0.003035	0.022677	0.013205	0.002390	0.010466	0.004487	0.017952	0.010138	0.010255	0.000703	0.013555	0.010299	0.019747	0.001217	0.033087	0.019581	0.023805	0.036149	0.038335	0.001614	0.029733	0.024919	0.034623	0.035803	0.003936	0.008794	0.030726	0.030919	0.013720	
0.47
