50
2
-13.092368	-7.444996	-14.178178	18.233608	-14.929835	-15.018024	7.944478	-10.250395	-17.618764	5.047257	-3.580215	-5.942660	8.981564	0.501611	-18.329446	17.183540	11.666001	-15.034611	-14.200043	-6.916866	-18.254543	-13.038061	12.669549	-12.063268	5.240590	8.011098	-21.058162	7.165283	-12.859524	9.945266	18.746856	-15.309984	-10.709494	-12.408564	6.778686	-18.119321	-21.774636	13.145691	-2.960767	-5.572161	-18.525493	7.403500	-6.219834	13.694301	-17.583743	-13.560026	-15.437840	13.181699	20.704043	1.894538	
3.387331	-2.413058	-4.768559	7.621089	13.506407	22.097388	5.865402	-13.546596	-12.334029	17.608580	22.975532	0.141554	-17.401927	-4.945728	20.745911	-17.682977	-17.293083	22.408843	-9.059113	-13.568994	-19.001393	-0.262217	-6.441129	15.202562	-9.876966	8.365434	11.340692	12.349211	-16.038066	21.874587	4.703017	-0.376192	-19.847540	17.025296	10.758423	4.880466	-1.011291	-1.064196	21.074059	-2.402902	1.654220	-2.747698	-10.485833	-7.856193	-22.825355	9.031187	17.594620	-13.971618	-4.532258	-3.326659	
-23.488762	26.776072	22.645641	-16.362504	14.614153	3.452884	-8.928873	-29.627065	11.622817	23.337988	18.638359	16.237302	-19.328043	26.237342	-5.126411	0.588908	24.138791	-29.909249	-29.518059	24.379961	27.202486	-23.963201	9.067253	15.719652	-26.722150	-27.739737	-27.201444	-8.050879	-26.550802	-14.782604	-8.858409	8.834531	26.642702	-14.091842	1.318701	29.083746	2.308929	-1.204803	6.596409	11.483263	-20.323406	18.239189	-18.903207	-20.359086	17.021701	-29.913526	13.817098	17.832315	-15.570124	21.544178	
4.662175	-28.348643	-3.477090	16.738313	-16.676936	18.312566	-28.955815	0.912940	-29.786226	18.947367	28.076432	12.502140	2.439848	-19.747584	9.207747	10.220330	29.718322	-11.161923	24.198318	-24.130921	4.402904	24.017853	7.124219	22.804271	-27.124712	-5.302299	-10.798028	6.229345	2.208063	6.440875	33.063066	-28.981728	-21.558424	13.744697	4.418072	16.871683	-34.203921	-13.650250	14.069251	28.046438	1.409113	26.478276	13.032346	-26.981392	-28.095300	29.835269	10.364935	34.485343	9.075646	-3.377800	
-9.026843	21.419446	-9.563193	-12.090059	24.087739	7.338136	-5.282803	0.579858	-3.566589	-19.466105	-7.892452	-10.840545	-14.188157	-15.946832	-21.548954	-9.157875	-11.171472	18.807793	0.373245	-21.361888	16.059368	-2.048029	-5.190175	19.884657	6.412279	0.598475	-17.475708	-17.657066	-18.790907	-18.617631	-12.791894	11.498880	14.058897	-16.479222	15.503562	-9.335595	-9.478103	18.048536	-1.000542	-11.577676	-11.008374	-23.515383	-11.116110	10.903413	-12.389385	-22.907479	-3.776585	1.440270	-21.085046	-19.032589	
4.741212	18.735943	13.603296	-14.191427	-24.298362	-20.361645	5.208640	-6.573406	4.080144	-4.932855	-16.724645	1.251270	-26.808721	2.166564	7.225955	14.586821	20.165604	22.355606	-8.436703	-26.598313	-2.443190	2.180450	13.771113	-11.614924	7.913280	-24.955442	21.696622	11.080618	18.864309	24.992150	-9.539340	-23.779997	-16.967449	-4.820366	-1.678162	8.299631	24.315944	20.972633	26.360295	-25.886213	-19.486160	-23.368265	26.350113	10.362266	0.641923	-12.029824	-25.775685	-14.610515	-11.725904	0.164711	
13.187477	7.882271	0.965305	12.457483	5.917879	4.711425	-19.474295	-14.602175	22.419235	-18.734681	13.778208	-12.511404	-16.880046	-12.954323	-21.792896	18.743914	-3.652835	14.069129	0.494121	-4.133200	-14.018972	13.055608	-10.196230	-10.889711	-6.635826	-19.652394	-12.466922	8.028389	14.484373	-14.961268	16.312910	6.011736	-9.901416	-8.160705	2.883640	-7.838978	8.619417	-17.926722	-3.060536	14.967789	-5.678213	21.137541	2.448692	-2.616687	-19.049558	9.663660	13.738291	5.833404	22.526209	-19.903459	
-21.833330	-17.041334	3.226629	3.393608	20.962228	23.199496	14.795491	23.380592	6.868917	-25.784257	21.520821	-18.879266	-13.151157	-14.777193	14.627806	11.001996	-18.350934	2.917004	-22.073414	0.868753	-0.803659	8.766936	0.954717	25.867247	26.235603	17.902027	-9.589033	21.756756	-1.565888	12.937993	6.324905	21.821041	-17.275205	17.131605	-6.183522	5.086512	-2.279568	19.270121	-11.570638	3.075393	27.520440	16.263885	20.368083	-6.894674	-15.646624	24.179339	-27.640659	-21.399609	3.151718	-17.475419	
9.738709	-1.674651	23.623418	8.413104	17.521958	18.750554	-10.134322	14.891469	-3.025319	16.815644	-20.687806	-8.323935	-25.624661	8.327697	-5.175280	-14.822428	-2.337454	-1.627192	16.928149	-15.804161	-25.124645	-11.698439	5.376660	-5.095279	4.533847	18.405297	-25.482701	14.735719	7.868311	-23.744703	19.941512	-19.308361	-15.337509	8.555746	2.004846	-25.740363	18.066560	17.865467	6.861801	-20.665787	-7.869349	3.909159	-14.994281	-0.490676	16.046809	-18.809510	1.229455	-10.403700	-1.610157	7.672804	
-23.617395	-11.964243	-2.024275	8.275150	11.080997	17.540406	4.143476	-11.330237	-23.713656	-26.074992	22.499688	16.791556	-4.221749	7.502745	-17.455177	-18.114128	24.441806	-18.324345	23.012757	-9.291378	6.888837	17.732635	17.141215	-5.106496	-10.291154	4.643801	-11.355194	-9.227630	24.840610	23.656473	-26.405401	2.681986	4.780210	-14.097713	18.609536	8.711436	-18.994269	-3.681035	2.048520	22.359745	-24.021969	-3.640976	11.433445	-10.004718	24.548370	9.560774	7.697770	-4.361367	-22.662342	26.932767	
20.952424	10.798687	13.332735	20.592264	21.174100	22.171169	8.360021	10.928371	-12.805181	2.010890	9.558918	-1.962864	-22.342436	-22.385270	-13.186631	-9.096254	-17.399119	17.043620	21.264673	-12.729810	-17.922557	-6.745182	20.734045	19.168204	-18.491200	22.172508	-20.565741	12.890151	21.008536	-15.277366	17.205997	-10.569087	10.135971	2.454308	22.324805	4.463368	-18.740777	0.339700	20.421528	6.271276	2.362759	8.138123	16.505919	15.060436	17.432670	9.125556	19.485152	19.005717	-6.676777	19.193881	
28.625338	-24.062204	11.402727	17.135994	16.037888	4.583112	-2.156784	6.580532	-22.463323	-4.177637	-9.046777	11.910088	-6.521704	-12.302169	-15.245039	-11.934502	-19.727816	13.994755	-26.021956	21.075356	4.405817	-1.784620	22.323047	6.300112	15.765413	19.740522	-6.835260	2.240565	-26.849714	6.619099	9.757463	-25.605531	9.799186	-0.934287	-0.043603	-17.438240	-13.771905	9.253936	4.113106	8.934821	23.112896	-18.129162	-2.524481	-20.710155	20.324928	0.083267	-25.814721	-1.898233	21.224577	-25.635021	
-2.014393	9.836962	-4.532187	7.448779	-0.344352	-16.320958	10.241318	-4.841705	14.581102	-11.978293	6.485870	-5.431991	10.779514	-1.322760	13.579894	-0.435298	15.921591	-6.195528	-7.994843	-5.044044	-0.092640	-15.138107	13.228417	-13.121183	7.003692	-12.779280	11.810932	1.607147	-14.117369	-1.623706	-1.349325	-6.924589	8.930566	-3.501595	-15.705247	2.102947	-0.097198	9.226744	-0.523367	15.778485	-8.737037	1.149347	13.034691	-3.121963	-14.127297	-3.330782	-6.654496	-1.054041	-12.384584	13.814542	
-16.337612	14.642668	0.873986	-8.665238	3.049527	-8.109456	-17.541886	2.961887	-2.935861	-18.491346	7.537427	-13.205100	-23.758550	1.330827	-12.446836	21.379160	-20.222497	24.286575	12.183343	2.139466	-15.594014	-18.640695	-22.924372	-11.484153	-1.888279	-13.962199	17.355353	24.979824	13.751461	18.125575	15.875170	-16.689142	13.422717	-22.934063	4.284690	4.689533	-20.355029	-6.634719	-18.551436	-2.705701	19.185178	-3.364633	0.060028	-3.542549	3.579906	15.450091	-18.223432	15.996679	11.998899	-15.400706	
3.876171	4.252317	-10.164727	10.584416	-4.423102	-6.728032	-18.752327	-12.757344	-2.141602	5.079585	-1.861398	10.200239	17.788741	11.623575	8.086366	-24.076678	1.598644	19.017405	-13.972158	24.051196	3.195787	2.932550	-14.771546	-14.803983	-20.731422	25.155933	-9.493304	22.574570	21.856749	5.800467	-11.047857	-19.941789	-8.194035	-10.633761	12.246339	18.685014	9.406331	20.569209	10.521116	25.132481	-18.743213	-25.598744	-9.199694	23.221761	21.384543	-11.094759	4.304049	-22.239365	-22.926490	-0.281650	
-14.395716	9.354550	-12.024014	-22.157751	4.522761	3.373120	20.835990	8.203083	19.339439	-17.751662	-22.452754	10.160759	14.511559	15.406220	22.049386	13.203464	19.859266	-15.265052	-14.504012	18.110296	21.829656	12.951672	-14.617265	2.362536	20.457129	22.568294	-4.791228	9.112504	-22.254922	1.923174	-12.371888	1.455491	21.787920	13.394397	21.011752	-21.553839	-9.756242	0.762136	-20.590980	-11.947181	-11.861366	-7.929656	-10.400673	17.133707	-16.652800	-13.581951	-15.512773	-7.061703	-21.760277	7.411849	
10.698122	-16.383346	12.551831	8.002499	-6.618283	15.802081	1.376953	11.654555	-9.195967	-7.713769	8.665036	0.086499	-8.122029	15.446460	9.262695	3.561840	-14.133468	-3.626881	16.574460	15.505070	-7.104211	9.639438	3.190358	18.972150	-12.409212	-11.717000	-1.706206	-13.416463	13.067384	0.629785	17.367527	-4.268040	-10.513453	15.628136	17.873873	9.303767	17.629186	3.355216	12.664924	1.207569	-3.545243	2.452990	-11.650889	-9.840458	-0.759287	9.975876	6.842717	-4.226705	11.154670	10.583735	
19.035404	-26.465032	-2.170464	22.696577	16.605484	-15.708605	28.773267	3.874197	-21.070017	9.476884	15.547323	13.979467	18.938633	18.351164	13.989766	8.957600	-14.949607	-17.634986	-20.157942	-9.558264	29.798189	-4.030851	-0.811498	-1.656282	4.604328	-10.885512	22.314552	-3.505175	13.189264	-23.282505	-2.611495	-0.681118	-16.617865	-1.394942	28.587595	-8.409897	-19.447360	12.051204	-2.924109	-25.568847	-2.354676	-0.492773	-25.458205	-22.481459	-13.495296	8.889916	-25.404088	-25.489827	5.797205	-24.024682	
-6.382864	11.999393	-10.640654	12.016638	1.146356	-3.350137	11.787454	13.727702	-26.572193	-11.577389	1.229326	-15.905639	-17.004422	-13.992158	-5.282092	-14.429439	-10.900490	-20.339333	-24.804253	-23.692015	2.318611	-24.991273	-22.438035	9.258959	-8.932727	20.107815	-18.281753	-9.569380	16.498537	-24.102892	26.296698	-21.385487	17.532504	-3.275425	-6.064595	16.446856	14.375222	6.222359	-25.821526	3.698289	7.484872	-19.426854	-20.176995	-26.048781	-8.694386	8.021018	9.554497	6.091564	-6.309195	25.978774	
-10.566940	27.569437	-25.287080	14.043836	-29.820763	-15.648637	28.494873	9.822852	-20.638328	10.941229	-2.768573	-3.244277	-24.338446	5.253968	-26.177636	12.112926	-13.937235	18.546808	21.119522	-3.620123	-18.968626	-6.751435	-2.414711	2.803203	23.492046	22.164794	11.771443	-16.690201	-2.384296	28.800797	-10.204642	-11.685894	9.302970	24.687045	7.736052	11.542343	5.501025	1.788545	3.422438	-23.371310	25.028625	-28.908130	-21.281201	27.333691	-0.378850	27.313995	-8.141337	-26.377208	-11.012065	-2.071336	
-2.165158	-19.643570	-6.381391	17.541925	-8.356952	-4.469848	-17.315412	10.978948	18.469104	18.751721	12.685755	12.284497	-0.721926	-16.809240	4.303341	-6.888382	-12.110346	14.745295	16.578489	-16.099147	0.062730	-16.524626	-1.404929	1.923151	-10.033103	9.705899	-0.036253	17.259070	-5.351505	-5.560987	-20.123968	8.096811	9.025207	-1.166323	-18.313855	-16.730858	-7.957849	-20.236434	9.169672	-13.481781	13.371470	-17.839177	-10.199870	-17.549904	-13.513284	13.980168	4.875253	-9.848850	-16.008058	-6.437292	
-3.892380	3.806823	-8.669148	19.225632	-0.006500	15.420206	-19.293849	-18.007289	10.105315	-12.652028	15.595030	-17.674456	-7.854095	-15.663592	-21.106709	1.208360	21.321645	6.688497	1.677621	2.008257	11.314070	-13.080129	7.585115	-14.934086	-19.221150	17.739142	4.477912	-8.867846	-18.188416	5.360100	17.835945	-10.464688	10.869822	12.597693	-11.520136	1.132161	-8.189378	-20.208118	-19.549824	8.352590	6.120823	-11.495806	18.251719	15.224015	3.821060	9.470938	2.400687	19.101358	-9.571112	0.043141	
1.389800	-7.166106	-13.931863	-21.678524	-1.548475	-14.573159	-11.964853	-6.685728	-12.650031	-21.013525	23.174397	19.463714	-20.117086	3.597927	-11.388271	-0.193813	2.043338	-23.722095	-11.469388	13.430523	25.749931	14.074556	-7.584958	-8.018485	-0.515172	14.382505	6.753771	-7.571763	13.211668	-23.644445	-19.370325	25.991128	22.194315	11.709165	-11.843596	-19.006566	-22.242976	17.461039	-3.343275	-18.731204	-7.709984	8.596421	22.431245	-12.106176	-21.150407	-11.636713	-13.996067	-11.480665	-17.277666	-23.053732	
5.616983	16.624020	-16.291465	18.745764	-21.476097	13.293020	10.897604	-21.805692	-4.170507	12.378425	16.634001	5.332863	-1.433483	-2.682462	14.521082	6.049515	-20.170094	-3.882686	-7.647510	-3.549045	12.333928	-16.872374	-14.299697	-16.510184	18.021680	12.910194	-10.044629	-20.579322	-20.249327	8.424751	-9.800850	19.235389	7.501666	-2.500980	3.416917	-1.573057	-0.039142	-4.608211	6.880438	-4.897907	-19.366341	12.313780	-13.490487	-13.927603	8.704598	-1.925275	-3.376234	12.318545	10.876545	6.575550	
7.653169	-7.700789	-9.210323	5.697546	-19.222491	20.526189	-15.277941	9.702388	6.483892	-14.334669	-8.219506	-0.859147	-24.475925	3.082074	22.012913	-19.708687	-2.771106	5.537623	16.139462	3.984783	6.134700	-8.216337	-12.579501	11.014876	-6.744163	9.497751	-23.743234	-7.468919	-20.564337	-15.623862	-16.004300	7.163982	-0.099093	-3.509258	-0.836103	-0.910763	17.036300	1.001794	25.220090	-11.598964	7.581780	2.464000	-13.825999	-14.812466	-2.795785	-25.742401	15.041924	22.662586	-22.821460	12.105634	
-9.367146	5.369475	-4.898029	-14.835155	-6.782098	-6.147107	-6.408464	-0.797915	-7.047720	8.447901	-14.412908	-27.276084	3.908324	14.125669	11.220756	16.278608	-6.841367	-21.568518	21.985049	17.676017	-10.339199	-7.259400	-26.760627	-20.738645	-10.283136	16.836828	24.546475	4.794812	-16.543919	21.825444	15.316956	-26.913742	4.747298	-16.181873	3.317249	3.269713	-14.238211	-27.899195	25.112459	23.349081	13.869130	-27.914895	20.445905	-3.229123	-26.662535	8.675827	12.141626	2.537164	16.621410	-3.103987	
-7.779187	12.752768	-11.229402	-24.038255	7.015842	20.875204	9.941954	19.534202	23.029409	-19.204970	-1.368598	-5.882892	-11.212125	13.321143	-23.211050	20.866677	-4.135998	-15.884384	-6.207120	14.252459	2.684738	19.950759	-9.473209	-16.119254	-2.506737	17.922950	11.151167	-6.770667	-12.780426	-20.944069	-13.211149	10.770015	4.972836	-17.825679	9.759812	-6.899796	24.231920	15.485657	3.506114	12.034231	1.933899	-19.243722	15.688294	-12.888949	9.984893	11.860413	-19.087986	-12.660870	3.509694	-7.104434	
25.276991	7.376882	4.181383	-3.405342	5.482793	-11.285427	-21.139081	4.578033	3.091963	-24.818043	-0.553434	14.789908	23.011097	16.331108	-21.793020	6.259284	4.947211	-2.457719	21.790917	-16.986821	5.672894	-15.191280	-22.842659	19.885222	10.909643	-16.358231	-21.253421	-17.454053	3.770752	24.131762	2.297281	15.602226	14.990445	22.234859	-16.024835	-8.405950	13.539469	-11.139318	12.703363	-11.231506	3.797983	-19.201636	9.450770	-19.316597	-12.718876	-18.751193	-0.160320	-25.735652	-23.385617	-14.494636	
-15.134878	18.238527	-3.588815	-15.687747	0.465374	9.647993	-19.574948	2.954465	3.330287	7.604472	-5.631441	2.741589	-17.422269	10.696309	-13.947098	-9.819131	16.399405	-5.451164	7.813169	-0.662920	19.600106	-17.773293	12.177355	17.076913	17.746722	6.766025	9.872295	-0.123582	-8.068692	-11.106691	8.724255	-16.967404	-13.016418	-14.136914	7.224734	11.005995	16.862668	-9.344313	-7.328984	10.568311	-15.597067	-9.555979	-3.274151	15.851843	-3.377062	12.262750	19.272185	18.598004	-8.759173	-16.765755	
20.520626	-21.608506	15.482728	13.279016	18.340152	-19.394052	-10.680450	-20.576837	-23.051412	-1.243431	-8.716557	5.063323	-7.282335	-8.980539	26.603138	7.005197	12.152200	-14.017984	4.345455	-2.093562	-20.257978	9.848111	26.076579	13.011021	-15.366382	17.038508	-0.568989	25.667931	-4.700620	-13.352807	20.336269	-26.518249	-23.647177	7.591192	17.560750	-11.779032	24.573247	-19.945038	23.912426	-5.797471	0.654645	20.383791	-2.865684	8.937225	8.599861	-0.658902	0.514373	23.255083	-9.961915	25.435973	
-15.341980	-7.491358	2.906292	5.066680	-0.877085	6.406496	-9.175226	0.686944	-3.552726	1.243521	0.373866	9.475357	2.707931	-13.154965	7.531546	-14.477580	-10.811585	-6.176712	-10.126102	4.972051	0.858304	-2.271752	4.145921	-2.780346	-0.383241	-1.083817	13.145073	-10.045004	7.274784	10.609806	15.178027	-16.273592	10.709946	9.873314	-15.041573	17.543000	12.832319	0.410176	14.515252	7.453490	11.743990	14.671831	6.205758	7.052721	-6.989922	15.724540	9.648474	6.492478	0.290892	2.246542	
0.809240	24.469608	-22.194609	19.329169	-22.235250	-13.137533	-2.173903	-15.342715	-2.332368	5.954226	19.219591	17.946222	-6.241212	-23.093163	-10.939028	-13.395972	0.901390	1.612894	13.524172	20.756759	-24.134447	-7.575154	-21.302641	-25.620213	-4.483743	-13.397152	-9.544306	-1.859148	-24.378068	-13.995979	1.714322	-20.528256	2.480036	-18.086150	-12.023241	-22.573060	3.070661	26.909167	-9.691412	-25.481405	-4.379707	27.878468	19.211986	-27.665543	6.002706	-2.206517	15.918575	-12.660638	-7.274541	16.008486	
22.099740	9.259615	3.625648	-17.970927	25.524831	12.673177	12.097226	14.398381	-11.142209	-4.694109	11.331864	16.786103	-26.029426	16.654669	-18.376031	-23.121342	13.453965	-9.625051	-2.098813	-10.026778	17.593229	15.818578	18.826247	-25.029714	-12.671186	24.417054	-15.705270	13.376914	-3.533405	13.138716	4.750220	-12.832529	-27.831429	-20.542479	23.866045	13.470254	5.471345	-2.089511	13.930216	-1.066438	-25.444080	9.542508	-11.428679	23.764849	19.892207	-9.049934	-6.076424	16.101806	23.564278	1.005516	
-9.638427	-15.583422	-13.610578	-6.782858	-3.094982	9.193310	19.414309	22.174352	-13.128219	9.587707	-14.670531	-7.335072	-21.072646	-0.435997	6.102415	7.423673	-2.735418	-0.858203	-2.837743	-19.792852	-20.453450	-23.630565	-16.236589	15.104630	-0.187828	8.889357	9.976894	-6.585984	-22.698372	4.089786	-8.005402	-3.376258	-20.497711	15.311478	5.228637	3.495657	4.441281	2.811260	-13.140110	17.796139	17.089565	-5.528157	7.973009	1.102993	-22.671552	2.695477	-19.032135	4.657168	10.362160	11.144654	
6.475638	8.051327	-17.360044	1.272602	9.047185	-17.414743	0.749096	0.802758	-4.187763	17.298916	-17.351960	-11.381170	-3.740597	-12.641843	-14.979115	7.950800	13.421782	-10.000474	0.926360	-6.381185	11.217900	8.151688	-15.602561	6.395349	10.307293	0.110740	17.109203	5.348606	18.807664	-15.290251	11.336864	-5.016674	14.049124	-0.366030	-0.543494	2.707554	-15.412102	-13.982776	3.489743	-7.917685	-9.745036	5.578406	17.924607	-17.699903	-15.507404	11.487951	2.710853	-10.066052	13.487271	-4.524251	
-8.193605	-17.991460	-14.178495	-26.171471	22.932895	11.205676	14.668983	-24.263844	-8.990645	0.831188	16.787909	-10.075867	22.246796	-16.116297	9.299103	23.933570	8.358979	4.168779	17.975689	-27.769470	-27.162932	-24.005228	14.675215	3.184804	-13.523531	5.287872	-13.324448	20.007441	12.566213	-0.691227	18.512784	2.763944	-14.522151	-8.890713	5.423949	24.355874	-19.890083	-12.643801	-27.482345	-8.253492	24.822712	23.791532	-1.142282	22.543090	-15.560045	28.264837	21.370817	-8.003409	-26.292043	-6.959681	
-4.391883	-5.113086	-7.638094	-0.350497	9.075584	-12.784035	10.329529	21.736596	-8.399095	-9.494788	16.434521	-12.340523	-2.588691	18.648557	11.391279	1.961051	-6.751658	-17.761670	-9.935056	16.107065	24.846967	16.372309	22.736510	-2.886262	12.632558	-18.896534	17.323027	-8.704795	24.291487	22.172871	20.033736	-24.879463	4.921208	3.999196	-8.456839	16.878881	13.839207	2.787538	-11.620444	21.455319	15.627691	16.989060	-16.640941	5.695121	11.482691	-3.833488	-3.657994	-10.191370	15.282675	-24.609703	
-10.144697	1.261380	-17.775807	9.039872	-27.797300	6.602080	-2.506834	-2.797380	-4.383001	-12.198022	15.432472	10.065011	-5.336906	-2.711212	-25.186863	6.638999	-8.969436	20.543842	27.569620	-7.101888	28.006920	-3.556730	19.337099	0.047241	13.874180	28.235822	-19.822100	26.010857	22.115063	-2.297427	16.461732	12.561838	-22.624173	28.837876	23.621954	-23.447942	-23.792155	-16.719781	15.550871	14.642197	12.594299	-25.007903	26.234587	25.066407	11.008075	15.863657	23.775426	22.455295	-21.238800	0.880858	
23.326204	-21.863346	-3.488062	-16.400766	14.723784	7.844232	6.711994	16.540384	6.944980	24.120920	-14.412425	13.851282	2.402380	9.840566	11.589958	-12.414539	1.689796	-9.149573	-1.594652	-1.044742	-19.200365	-4.893031	-4.043630	16.829020	9.285141	0.930919	24.546558	-18.433309	-3.655533	15.797293	15.413734	18.271721	4.638647	-12.633954	21.591120	9.132057	19.215844	-15.740796	21.655556	10.487746	8.308095	11.262107	15.300605	-7.934690	17.297659	-23.786753	1.472676	0.968788	5.606836	2.316468	
6.289704	9.729807	11.065948	-6.179244	-15.266138	-10.316614	-5.742085	11.666511	-6.780606	-21.351494	-0.483122	-16.434452	-3.938878	-14.591090	0.311667	-11.488197	-12.666905	-19.970050	10.687056	21.534682	1.762498	-6.297676	18.626151	17.705319	3.655277	-5.479799	7.718775	-21.478920	15.135802	10.466019	19.565298	-7.824678	8.023054	-6.019775	-18.902013	18.066612	-20.941330	9.522074	-1.154182	1.615651	9.791145	-6.706267	19.400020	5.392781	3.133963	-16.069367	-12.782234	0.437031	-1.237696	12.766752	
9.085544	8.302029	-5.847020	-1.807152	-5.012691	-2.649380	-4.781527	-13.594638	3.190630	-0.610649	-15.684209	14.999407	12.866792	-0.247870	-5.453921	8.090955	-1.779988	15.502528	-7.891211	5.989512	-12.075715	11.360583	13.965995	12.821562	15.040514	9.588541	3.705959	-2.900492	-3.020833	3.315594	1.114768	10.513279	13.494819	-11.001818	-4.238935	9.825615	-7.761407	4.079387	-1.786297	16.913596	3.757733	13.943976	6.282569	16.549932	-2.334868	-10.562318	-11.449582	-0.375464	-9.850818	0.577025	
-4.174539	3.530056	0.797257	6.470364	15.859802	19.523619	-22.278175	0.809091	9.482539	9.060225	-18.856952	5.270822	6.186630	-6.399662	-4.366068	2.623796	-4.975059	-5.101367	-22.029880	-3.694731	8.389410	-4.484326	-19.273996	-7.686569	12.502884	-4.602878	14.856439	-13.180416	7.150482	-22.791116	-10.373874	-14.312847	-11.013276	11.587701	-8.105289	-18.385000	9.541802	-1.358406	16.818237	8.521960	16.097544	-15.414992	19.681329	-11.947808	8.972279	-10.813012	1.070396	14.152196	-8.365472	10.508296	
13.887721	-6.268245	-4.506970	-2.201442	-7.656746	4.578485	-16.239974	-8.844983	-1.513144	3.776422	-9.709964	12.177398	-3.738525	5.065636	15.826643	-0.210676	-8.024724	-17.521988	8.047188	-12.919312	-8.594669	17.360757	-4.932365	22.452698	3.213417	0.752191	5.917184	0.570442	15.072528	-14.617502	-22.950487	-4.385905	10.139202	20.239167	-15.751326	-9.324055	22.164327	-18.461541	-14.581040	-15.739487	0.941572	-1.303986	4.998849	18.002708	4.048306	-3.861218	7.099458	-10.996924	-11.187075	-1.846413	
8.556474	30.793823	23.755437	15.412358	23.225901	21.842910	-11.594313	21.418866	-21.240618	16.028146	-23.335592	-29.923617	-23.994043	-11.778194	-21.498984	16.622928	-11.027456	26.962972	-27.595610	-2.371676	1.531492	-17.195475	6.589311	-8.802415	6.454433	4.990515	-8.513676	28.077851	-5.240767	22.457953	11.329410	0.221044	-19.128467	20.941626	-25.873681	3.373744	12.362562	-21.605067	26.380141	25.692013	12.936563	-18.548317	15.655083	2.812740	-24.992676	-7.979130	16.929469	-9.856468	27.887384	16.494123	
25.991740	-22.783080	12.015959	-11.748333	-17.243722	-2.811383	19.027517	25.555726	-16.945711	21.035705	23.500514	22.871492	7.416629	8.839720	15.742035	-25.618731	-24.499186	4.800905	22.411621	-18.531549	-16.336500	-17.586058	-16.777318	-3.393052	4.719982	-10.042383	-14.631842	0.547987	-18.077779	-22.384079	20.442519	18.386080	-10.006156	10.101041	15.179876	-4.356049	-1.101505	-19.262285	20.094375	17.994795	-16.378623	-2.447649	15.635597	11.833060	5.413939	-15.102843	18.383395	23.186701	3.629184	10.586950	
-30.613807	-24.099748	-3.482681	-25.441258	14.551045	19.123651	26.298445	18.646752	-21.547491	10.064547	15.839761	-8.018507	-9.461080	16.971106	12.735912	25.160633	-13.084154	-15.830298	9.224245	-26.847678	16.065339	-30.657761	0.341492	25.358198	20.072547	21.652476	7.164184	-23.524508	5.622945	-30.980289	28.197255	-27.740800	17.367566	12.162050	28.901245	1.712016	-10.397398	23.960619	15.103278	-8.828615	24.851925	8.409639	3.573008	-2.979542	-4.055118	30.165711	4.804862	0.593865	-8.355806	-2.402391	
3.584581	-11.035860	-2.020135	-5.351633	19.985368	2.438168	19.575798	5.383321	12.634969	10.473635	7.794969	8.125632	9.859829	15.547567	2.387521	-12.187640	-14.353487	-11.686720	18.321907	-7.705317	-2.306623	8.829616	-0.121191	5.551636	-18.502671	0.144775	-4.482686	11.108656	7.517125	5.527878	0.774623	0.658354	-12.446175	7.714969	1.682189	4.552007	-9.236379	-0.845752	6.297661	19.924017	0.856331	0.954401	0.581336	4.840373	2.463607	19.836499	10.490663	-5.462297	-9.742734	4.693728	
13.780006	10.140905	7.467475	-3.145032	-3.176995	8.897366	4.938840	-15.044704	-0.494832	-15.144453	11.055381	19.812580	-17.086035	5.376295	-13.688147	-20.933190	9.386723	-4.694498	7.509143	11.845917	12.219491	-17.301954	-5.941639	20.733734	7.051927	-6.638086	-14.813912	-0.050212	-11.676381	11.292081	5.540076	3.747906	-10.247362	14.941593	-8.231669	2.805569	6.036927	11.880564	8.341910	-4.948639	15.132901	6.664107	-1.839676	12.900770	15.556110	10.865078	-11.745888	-13.645736	-17.737300	11.535374	
-26.793826	4.974129	-16.731924	-14.450963	-22.467257	0.316043	-19.097267	-18.959563	-11.600829	-22.763045	-8.746729	-24.094519	-23.686287	26.781310	-13.644851	-7.816823	-0.526638	7.622806	19.356682	21.183633	-12.938617	-2.196711	13.528614	-4.172746	0.963666	-23.345189	23.875239	-21.009231	24.791402	1.529623	1.222057	-12.918495	-24.460397	5.308939	-12.728323	-20.664053	-6.049543	3.871624	4.204676	0.624385	-13.666897	1.918204	-22.840481	7.694634	7.813223	-1.073845	14.461106	-6.160182	-24.354608	7.603595	
9.991562	11.886124	-9.510453	-10.768642	4.233129	-16.252207	-18.786600	8.942759	-16.954678	4.411365	23.213975	-3.102454	13.417397	4.525812	-21.027738	-8.479074	6.306052	-9.763702	-24.863342	22.115022	9.055005	-23.493964	13.222211	-9.355352	2.742851	-0.222038	10.200785	-24.948392	8.860040	21.256607	-2.259099	23.395186	10.081393	-10.883800	-12.955422	20.344152	6.703179	-6.275852	20.346486	18.375888	-2.307605	-23.154289	17.409508	0.836958	1.617896	-0.838229	-22.227663	-10.979663	-15.085749	1.967477	
18.634451	16.931747	11.056285	-9.129111	-11.656856	13.169390	7.491673	16.241500	-18.505922	-9.909019	-16.294792	17.553359	-10.415142	-18.956010	18.550813	7.617604	10.397045	-7.824413	-5.825685	1.990133	-9.705394	-10.483868	-9.666451	15.396820	-12.135499	-14.438188	12.152991	-18.608899	-0.347452	3.139315	12.186688	15.924203	-1.000322	17.133298	6.795838	-3.733032	-12.407760	-8.592366	-3.911784	-8.066885	6.639706	-20.256980	-2.176182	-12.466853	0.163762	15.045561	20.850207	4.863501	12.541675	-11.787552	
8.479613	-0.870809	-5.033760	26.303956	28.861204	8.662115	-28.315415	15.604562	-26.612304	0.030487	22.750549	23.338081	22.396059	25.635058	5.295207	11.362955	6.607289	1.444992	13.739769	-3.101643	17.649377	-23.457822	10.108131	-23.227470	0.390411	-23.434583	-26.959479	-18.401372	-9.957272	-0.626493	19.699959	25.673814	7.984637	-6.115374	4.880478	4.147819	-4.724794	4.277620	28.099608	-27.007513	-5.522027	7.710867	-28.535387	-18.501081	-2.937025	-7.557780	10.153283	-15.179847	-7.040222	26.539854	
9.315817	-9.859378	-11.055749	9.224280	-14.194173	-12.918610	-2.219044	16.808040	2.053715	-12.861142	9.467957	-16.121065	-6.301281	-17.352935	12.422476	2.244856	-10.976790	6.114946	-10.292296	-0.065716	1.714766	8.890273	-10.017042	15.553084	7.161343	8.757030	-2.503529	-16.196184	-3.393253	14.691812	14.333210	1.917428	-10.220006	-16.434547	2.328365	-7.036029	6.688822	-13.535468	-17.509230	-17.330582	0.690484	9.211008	-8.187019	-8.981228	-1.869377	-3.522777	-15.104573	-6.869833	-16.897238	11.868691	
2.894762	11.844632	21.411621	-17.588636	12.880377	3.579673	15.372416	-0.720314	17.486468	15.342534	-18.379932	-18.027825	-12.744542	-20.510999	-7.048790	13.555649	-11.613987	-5.487992	0.096128	21.103734	14.058690	-16.834738	-15.792156	19.663030	-8.420213	0.715201	-8.368902	5.173591	2.843531	20.324533	-18.007837	-1.888226	8.434877	19.658366	5.721262	-2.280918	20.602992	11.900017	-6.068090	17.458244	2.616239	-0.374005	-21.370522	-2.144810	7.330633	-17.958315	-21.232768	21.152089	21.435866	-18.139583	
15.041721	18.500095	-6.095862	-15.028342	-23.288388	-15.098024	-14.415915	-24.967726	-6.529913	-19.492149	-1.875933	-14.130011	-5.514505	26.544964	14.314405	-16.398304	-0.315747	25.234327	-23.328653	6.367982	28.537800	15.255499	28.244483	-7.938510	19.715739	18.961641	6.350891	-28.758264	9.012452	25.293432	22.200841	27.981713	-23.511660	0.929081	17.134048	-10.833896	-20.954879	-2.275461	1.358543	-17.106996	19.280534	-12.047793	24.917216	-13.636539	-27.226679	25.956879	-19.816633	-25.823545	20.630828	-23.598013	
16.872165	16.348470	-21.997191	-10.277575	22.007776	-19.503293	-5.713866	-18.087595	-20.801150	5.525123	-19.226953	16.225729	9.313008	-22.616757	-1.012256	10.886745	18.536314	18.164315	-12.407715	8.244680	-16.655773	-23.963410	-15.253705	15.072336	18.853170	-12.830557	8.403205	3.147642	3.837828	8.536774	19.723587	-18.295779	-14.741043	-0.501473	8.123384	-4.737163	13.011400	8.806957	20.602367	16.423335	-21.020524	19.350661	-17.581708	21.055232	-7.523636	-23.486263	12.057425	8.594497	-22.539441	-6.710396	
-19.502749	-9.289047	-5.479980	-10.123367	-2.566439	-12.516105	-22.764127	-14.863470	18.082150	6.462795	22.414810	20.558950	7.038374	4.194488	15.497303	-21.675837	-8.083187	-21.803761	-6.559509	1.127351	9.275175	-3.628594	-19.235504	-14.639519	-16.219195	-0.407662	5.288196	9.046342	-22.059015	5.258301	11.277205	6.038630	-5.894005	9.760378	-22.902072	21.032092	-15.515475	-12.019457	4.273190	5.280981	15.597962	-13.023483	2.305353	5.162893	18.097644	-9.403265	3.288478	14.270629	-7.089748	19.927757	
-1.411290	5.596392	10.162246	-8.606621	-25.358239	21.494001	10.953263	-20.992230	-13.373784	13.836214	24.802650	1.109855	28.158427	6.796272	-4.519705	-28.659899	-8.529977	7.825523	-2.840201	-17.149205	9.940452	-27.771527	23.757555	-11.497464	28.870578	26.600502	18.100305	5.337471	-9.823917	-28.062459	14.959109	26.177113	-10.389299	20.672670	12.943656	5.488233	-24.844164	10.276062	-17.469658	6.437930	-4.971956	17.729279	1.395225	-10.962787	28.231574	-4.034684	-14.614913	-20.795099	-13.911633	15.035412	
19.015022	-6.896781	-7.257659	7.914851	6.293959	-12.403996	7.877968	16.791099	12.844682	-19.807281	3.513501	-18.099274	-9.836776	-14.142790	-12.989364	2.701751	2.825802	1.357431	9.169003	-1.617026	-8.221720	-7.684123	-20.343804	-11.556022	-7.671650	18.411553	-12.450475	-3.296243	-9.945792	-17.379447	-8.003741	13.144981	-4.018871	11.324944	6.558681	-18.907379	-1.161558	17.695076	-11.231123	-8.497931	-6.271056	5.296814	-11.739718	12.939348	1.060249	-16.622817	-18.448084	-19.100849	9.901520	2.341276	
3.238382	-16.066379	-25.988163	20.671211	-20.314451	-20.271659	-20.206438	21.019293	-3.268278	2.532879	-23.052712	-19.839681	21.561042	3.516176	-11.458109	-23.881147	-22.472833	-20.884926	-4.996129	3.217002	-19.373370	11.642763	22.911802	17.919662	17.159795	2.849898	-0.340194	-6.914404	20.050204	17.064207	24.065411	-1.976192	-6.858114	24.612903	-5.134835	6.188612	-0.097742	1.674353	-5.778848	20.847573	5.662447	-13.616982	-9.036364	-4.827811	13.224744	14.418860	21.864057	-13.570855	-11.933893	10.862905	
2.716363	-25.519816	15.607804	-10.203513	13.687422	19.916676	-24.689648	18.167634	-18.444723	-13.893237	18.180382	-25.395491	16.408701	10.286925	15.853525	6.656593	-25.545603	-24.643664	6.449492	-1.025947	5.561876	5.614316	6.342933	3.608061	-0.603856	12.593013	14.597148	-22.175962	4.799235	-25.580332	6.489789	-16.927177	12.320650	0.416464	-18.082452	6.909078	21.401791	17.818378	12.904467	-15.879468	18.283145	6.098769	-5.267305	-21.562693	-21.415135	-21.583419	5.436860	-16.873377	-6.864822	-25.437390	
7.721458	-14.735562	13.510161	18.188951	-1.975315	-8.928078	2.742282	-12.963305	23.288831	-8.654870	-21.648392	-2.821539	24.290490	24.380396	8.930883	1.407297	20.809434	-11.588920	0.864821	14.580087	22.433360	25.622667	1.734767	26.597894	-19.324407	21.735597	15.295621	7.332842	11.611807	10.020399	6.804573	-24.023066	-3.561575	-1.769781	26.927339	-19.930064	18.302661	26.349185	0.704150	-8.824631	-2.810295	4.245816	-11.947908	-8.825115	-26.241609	23.806960	-9.660330	15.050468	-1.326070	3.874703	
-15.461469	14.747436	16.700151	-15.117351	22.658440	-6.654370	-9.634173	8.301052	0.789739	-23.863856	9.973947	-1.593507	-5.062550	-16.705597	-0.804542	-7.041640	-8.882469	-8.827406	-8.687482	20.806285	-16.951276	13.568152	11.643862	-12.395773	-16.034682	-7.332531	-10.205312	-13.438207	23.926543	18.226439	-1.666353	18.236782	-19.022877	6.556872	-9.263317	4.834110	-1.850316	-21.054928	-2.031460	-16.463554	-17.257333	24.728323	-13.314458	-15.823145	-15.206744	-17.821649	-12.432617	23.399599	23.707526	-6.454123	
10.824414	1.141761	-12.509607	20.850367	0.394710	17.725777	21.342528	16.065107	2.288644	2.484340	-18.276665	-23.390559	-21.013227	0.262785	12.440679	-19.908963	-15.013574	-9.372685	-23.737009	16.472533	-1.228345	-0.683624	23.629029	-0.503029	-1.844479	-2.344830	23.115122	-2.601520	0.841043	19.280803	-3.522369	-9.768329	0.182242	-23.934259	4.194920	12.530647	19.949826	23.310932	-17.695402	16.624456	2.275348	6.034201	5.045474	7.541487	18.221168	-22.544288	-16.825277	-17.099836	6.723259	-19.312654	
10.646002	4.618096	4.888267	-3.332685	-20.154879	14.767968	17.441710	0.266238	-0.677023	-1.417333	15.943662	-19.212004	-1.031962	9.437750	19.743185	-9.340092	-1.800058	12.408452	1.709690	19.663190	-11.918008	-17.549265	3.175079	17.986345	22.086380	-16.404248	15.690244	-10.953323	-19.705711	21.224188	20.237155	15.168662	-18.987295	6.222072	-14.873001	3.333483	-5.170797	-12.565213	5.608170	-8.910120	-12.347683	9.818470	-22.487200	20.434612	21.314334	2.643637	12.006203	15.654251	-22.445978	-3.986068	
1.567271	-13.258980	-3.403622	25.019981	14.197163	0.508765	-13.232345	23.711857	-0.627326	-22.660199	-12.499261	-7.219272	3.578442	5.061932	15.454178	18.173588	14.426713	-19.179015	5.738792	-11.499241	-12.093555	-0.502409	-4.481683	-8.496084	15.175885	-22.441240	3.133904	24.209065	15.426202	0.033661	-7.697601	-22.278870	-8.514424	12.417597	-19.591052	17.224403	-15.425325	3.042350	8.510751	12.263169	4.897657	16.899035	-24.233829	22.817508	5.139024	-13.306303	0.585679	-11.942349	4.864124	6.774217	
-14.002028	-7.383751	9.364624	6.212079	21.981417	-18.041984	-21.690723	28.724185	5.992221	20.580401	10.929771	24.299854	13.120540	23.190776	-24.022449	-18.159189	24.613940	28.388916	28.702097	-4.729929	-14.047838	6.400243	-1.688717	-14.898139	-23.796431	18.956361	25.483551	25.578589	27.306631	28.104990	-26.134070	8.702281	-19.306280	-4.324141	25.686982	18.009441	-15.643945	-1.287275	-10.805057	26.987840	-21.146968	-4.784106	-0.444299	-2.141727	-2.070965	1.164746	-27.541714	-12.310932	7.900315	-16.263492	
-5.890378	6.153495	-21.735592	-0.826094	21.622195	-1.497454	16.038692	-23.752594	8.479241	12.818171	-11.741031	-13.135149	-22.421399	16.941370	14.513134	20.671060	-7.280617	7.471551	17.733410	23.231740	3.339830	20.040730	-17.579872	-12.244361	-5.909951	9.542865	-3.139690	-3.381155	-15.916608	-6.363683	-8.307651	8.844960	8.442756	-21.600565	-2.760821	8.113300	17.762854	-23.184088	-6.563988	-0.502170	-17.656165	-20.350768	-6.940486	-13.491283	-15.345714	6.934218	-0.149093	-8.411034	10.726019	-2.584336	
26.336400	25.298039	22.596226	0.599911	-20.539417	16.305941	-23.873952	-16.517182	-15.928929	-7.298733	9.877522	9.457859	17.974470	-4.323471	14.900649	-25.601981	13.920487	2.841192	-9.452853	24.565565	-20.630339	22.123713	-16.958806	-20.980598	-2.504412	-15.040589	1.127503	-0.848815	-1.433639	2.736135	24.885139	7.048834	-15.824226	12.842048	-12.174254	-27.125504	-14.096330	9.151816	-25.341899	22.152916	-10.655855	16.558235	-0.995644	-16.673549	-27.189861	-2.904353	-17.891281	-7.811290	0.239175	-11.208225	
-16.589764	-1.802786	-21.762971	-1.174643	-10.592260	-17.975019	-6.448706	-7.986342	-16.898419	-14.215970	-13.884289	-2.471720	5.715383	-0.458686	-1.256020	-15.458419	-4.329961	-21.693760	7.619303	20.138169	-18.033754	-7.296858	-1.040385	-11.054022	-19.620375	10.863478	-9.553590	-16.456205	19.364808	-7.727864	21.381861	-19.464650	-13.110240	2.343309	9.427859	1.939339	-7.978079	-4.846095	7.713340	0.246683	-20.803884	-1.616436	14.166848	-11.525483	-16.497177	-13.834396	-20.728593	-7.575033	16.483219	3.194977	
-19.904393	2.429760	-8.020936	-10.953447	18.308720	-6.875985	4.014356	4.160007	9.189187	-10.414328	-2.165011	14.981377	-12.007158	-15.657155	6.523354	-0.970629	-20.334902	17.721842	-6.660464	-10.614492	-7.752344	12.005822	-18.136862	-16.680152	4.885234	-20.786111	8.858964	17.972371	6.327534	-18.299479	15.303375	14.409228	18.823887	18.972159	0.467145	13.729908	5.625582	-19.518058	8.808098	-15.434536	10.399995	-16.632626	-18.088223	8.002801	-8.063334	-0.224477	0.229186	1.976824	-17.462978	3.758721	
17.809718	13.550675	8.382559	7.822278	26.424479	7.427250	1.016987	-25.583326	12.895017	14.933852	-15.187161	-16.018439	13.794088	19.543248	20.018062	-5.707462	-17.238311	15.184165	-18.444848	8.404659	-27.111130	6.019701	-25.390809	-13.085504	-18.153107	2.748094	10.975259	23.899417	-23.886579	-3.597442	3.252377	-2.023945	27.324131	-6.897081	17.795022	-24.624336	20.800481	17.173148	-11.149997	-2.329365	-1.069994	9.596354	26.931436	19.550460	-24.713324	-8.760169	13.637821	-21.051886	-27.166737	-9.543980	
12.945535	-3.849847	-1.631880	3.489834	-18.316093	24.514673	-13.223816	-7.271169	-26.847253	23.461004	-16.681199	-0.914419	-14.482942	14.844215	17.585647	5.591877	15.168228	-5.017333	1.642024	-8.776417	11.646535	-17.321616	-7.525308	-9.308255	-22.592226	-26.349724	21.003466	26.500645	-22.230903	12.183194	-4.445576	2.920160	14.903160	10.832752	-3.623004	12.198179	-23.195889	-3.476625	-26.202592	-9.449187	3.845850	-15.315812	18.262475	8.785841	1.343002	13.234172	6.574627	-24.056368	-14.270860	10.199321	
-27.037059	-13.600487	-13.396905	1.998204	9.234671	6.492490	-25.492896	-24.575606	6.138547	21.547800	7.227673	28.678775	24.529844	-12.376286	-16.148174	-8.684578	-23.771619	9.215686	28.915584	21.912156	25.233951	1.758519	20.489952	23.908236	-1.147915	12.391811	-16.144782	20.614878	28.975740	12.239334	-20.030827	-24.751778	-14.860810	-27.328621	-24.278167	1.450212	-25.789895	-15.231068	-12.990947	-27.504698	-12.594716	-5.309495	-22.127311	5.863472	-24.717693	-10.361636	-28.596459	10.657497	-13.745227	-8.225812	
10.706350	-10.800634	5.528882	13.392260	-4.707069	-14.284560	16.025749	1.031192	16.175770	1.611503	7.763330	-11.448634	-8.895989	13.903019	-4.672894	-11.749884	3.915452	12.084530	7.027531	10.592204	13.215622	-3.693889	1.337839	-3.534072	13.281311	-5.397214	-13.052695	9.802924	13.691888	-13.309300	-3.024860	-12.348980	-2.962647	10.459624	1.682913	-16.978552	11.585505	0.360021	-16.559352	15.415316	0.094343	-1.447594	8.199110	9.307844	-6.194345	12.859872	-3.350532	-7.041167	-16.270230	-12.964173	
-23.939249	-10.418666	-19.154540	-7.507366	-4.616236	-9.406645	-19.220391	18.908239	19.499355	-20.177376	-26.129823	3.356883	-18.794769	11.899655	-11.290454	-23.851150	28.694804	0.684059	4.175478	8.536567	-15.768557	-22.859521	-26.537718	8.190452	-9.935319	-22.040988	-4.926727	-10.842868	-3.562776	0.559983	1.892951	10.276460	17.236449	-27.862358	11.024600	-5.003994	0.682995	-1.395658	19.433804	-23.138808	15.201534	9.332308	4.539596	-12.927023	10.620783	10.232233	-8.499666	10.375954	-8.544863	19.197685	
-15.985479	-2.759736	-5.847744	13.654136	20.322091	-15.749912	-0.001337	9.396444	-11.047893	-13.029027	-5.968508	14.692167	-6.494862	24.946628	27.051470	-20.953494	-1.496632	-12.845221	4.452523	20.827251	20.445931	-13.390543	-6.555125	0.469842	-4.125367	27.102155	-20.354637	20.237422	3.286859	25.976775	-6.915027	-16.421175	-4.096226	14.393287	-7.696732	15.926959	26.805228	11.593753	-20.109322	7.459624	-18.381348	-12.682012	8.946793	24.290267	-18.111724	10.987281	-28.290190	22.482403	2.301198	-26.801391	
0.499003	-9.409306	-13.729876	13.575274	0.353223	-0.996181	-9.536742	-13.993122	4.494442	-13.025047	-11.975739	18.898471	9.241297	14.249540	4.667858	-17.792012	4.487853	-1.486097	1.687460	-6.410997	-2.571084	12.234363	-9.655607	-3.031658	3.601244	-7.860842	-16.084243	9.924874	12.856748	-13.749047	17.172047	-17.266520	-18.208486	5.586571	2.021210	13.739722	8.577543	-6.448307	2.721472	12.833604	-14.072559	-15.353116	13.601379	8.795659	-1.607368	-4.137206	17.405212	-14.793183	14.170352	2.227822	
17.232939	14.994394	-10.340301	-20.827376	-21.144838	-5.479609	6.063463	18.229491	3.843275	20.680669	10.307971	7.133547	5.213488	9.166200	-21.623938	-21.424431	15.646710	11.500404	-18.235563	-19.813639	-0.625561	-18.038104	-9.312750	-3.750416	-13.207943	-14.291318	-20.808576	6.903081	4.105440	4.348434	10.547690	-21.280863	-4.635098	-1.259008	21.544790	15.204726	9.079524	0.625752	13.628281	9.943159	9.705695	14.926141	19.004285	-9.190141	7.186494	-8.730269	6.896175	-11.225273	-2.673157	-13.468532	
17.557512	-1.721117	-8.644866	7.763639	-8.973930	16.455230	20.614172	6.163649	-12.148846	13.021628	-14.578430	-4.874155	23.362809	-3.137907	2.086619	-12.965151	11.234032	14.923541	9.438533	-14.472191	19.993586	-4.126277	9.769519	-5.258999	-3.115792	17.386329	10.537651	3.497765	-21.038417	14.577666	14.496395	17.576148	15.917575	-20.816586	-6.145993	23.962896	-12.874405	4.817305	-6.061480	17.851950	-4.320752	-8.623314	-22.439025	-5.680306	-23.692331	9.277788	-2.138029	20.558997	5.320231	-17.539954	
-19.242821	19.663596	8.536179	-11.443624	-11.414959	14.376481	2.691555	-3.128336	-20.730396	14.279288	-21.217563	-25.166565	17.074836	-2.362713	-3.605326	-12.067326	21.757125	21.794122	-8.495720	14.827969	-22.774431	-22.938319	17.996300	19.340558	22.373782	19.744995	22.976228	22.135809	6.405143	20.089152	-24.264268	15.490114	-5.971715	-24.562531	25.731658	-11.629782	-0.629646	24.096543	7.460966	-7.777193	-18.005056	20.616217	-19.984774	-18.406747	-17.054528	-9.281630	5.289720	22.756817	-12.807270	-25.701515	
-15.735417	-5.651743	20.214437	0.977573	6.356095	0.635756	-7.903019	14.608544	-0.472645	6.878781	-10.237495	-9.395805	24.054132	-18.775270	19.305135	-0.723876	22.357521	18.624788	15.938699	11.492713	4.018122	18.273026	21.959113	-20.948244	-2.510434	-0.010596	-12.242023	6.212830	-17.167994	14.905558	23.127257	-24.668362	-17.393359	-21.748972	15.511865	23.273981	-16.562006	13.816073	12.791121	17.923524	-15.904858	21.022464	17.535353	-12.123082	21.901135	7.074106	-5.813842	-8.619898	-13.099591	-3.934797	
-11.497853	0.957559	-5.292494	1.934857	8.904911	-4.080354	0.105133	3.217118	-7.570294	10.960612	12.773950	-16.509014	12.337768	-3.908850	8.309827	15.231479	-0.489631	4.591971	2.593419	1.639416	6.840098	-1.123745	-0.220565	7.690819	-7.931763	-10.472979	12.571023	0.482431	-4.617001	-0.175792	-6.937291	-16.965979	15.339840	11.277837	2.579113	-13.205521	-8.702385	-12.663209	2.472558	-14.823010	-1.916852	1.231855	8.322723	-11.338471	9.164034	-8.087809	-7.828617	-16.759298	8.151118	8.119997	
-22.063164	13.023002	24.577053	-23.018546	-25.926874	-15.020730	21.900291	-18.039505	-17.342593	-3.120178	-18.544297	-20.454398	-12.789469	-0.317397	20.357778	14.424643	-3.004672	16.508179	16.185791	9.127514	-19.782074	0.811491	22.399577	19.571901	-12.419447	-22.490747	-6.496967	0.003207	-2.085158	-15.017160	-9.353515	12.604703	7.468493	1.807711	-0.690799	-5.864292	4.682393	24.069218	-11.011841	13.472834	-4.177937	-6.013523	6.641742	14.731892	-9.680988	14.558645	-16.122747	-9.127847	25.494972	25.425279	
-6.184172	15.827549	12.427472	19.690146	-14.750834	-4.578966	-13.625800	-14.610937	5.589892	9.412576	-19.738020	-7.260657	1.197743	19.563394	13.525166	4.720691	-7.656752	-17.902345	19.567832	10.089549	-15.618539	1.557711	11.304843	12.342472	13.505752	-4.592453	-13.112268	9.057505	19.494002	-9.590313	0.050212	2.174275	-14.929796	6.895785	1.590627	6.650130	0.438159	1.684729	13.655523	7.348043	0.091719	-12.226724	-18.160480	-7.986884	1.044687	0.705146	11.012716	12.948223	0.907352	-12.695651	
12.151274	-14.235399	3.972897	19.308409	-6.938765	-14.150168	-14.705753	-3.843076	4.188643	-9.905863	-25.896894	21.565225	10.041693	24.185680	15.436079	20.297297	4.811435	-4.753626	0.624018	-19.908230	10.734871	-5.720209	2.115478	4.425018	-3.110845	25.296686	10.580423	-19.404870	-11.558660	12.267098	18.864585	-25.271909	17.875619	0.656995	-10.493522	-9.853726	-23.736612	-13.312691	-11.570938	-19.000337	-2.724316	-9.784969	-3.578762	-17.582661	25.579156	25.288211	8.438226	-14.667044	-8.252153	-0.873578	
15.367825	-17.704874	-7.803390	-9.788780	14.080881	8.094220	-17.952217	-6.332959	-11.496933	-2.968153	-20.585945	16.529250	17.701272	8.465244	-0.296423	4.164686	16.235793	-19.357019	-6.225307	-10.492450	13.634868	1.933155	2.264071	0.816294	-6.770909	-8.845187	16.162740	-19.526522	-2.271329	-5.821429	9.154449	-16.604406	-17.334334	8.387979	-13.791710	-1.532590	16.448872	9.869119	-5.179023	-14.537271	11.821954	11.387713	18.332624	-9.594966	0.336100	13.266506	18.330962	12.096486	-9.868929	16.313919	
11.379923	-19.649322	-7.021845	6.123677	17.478135	18.424743	-6.214119	4.786288	-20.885269	15.168142	24.485709	26.474464	2.907556	-2.185137	8.889106	15.465992	17.147446	4.068203	12.667449	-6.143767	-7.655504	20.801602	14.359890	-27.063738	23.890515	25.128391	3.704922	-23.628618	8.811467	-25.417786	-23.206736	-9.637273	10.928210	-0.246928	5.320683	-15.405933	-6.979526	-21.396394	14.194861	-11.459663	-13.214061	-16.693110	-11.297317	26.886667	-0.656379	-19.455412	-20.531142	-17.419003	-8.979247	-23.605614	
13.242174	17.464293	-27.546624	-19.443806	-8.904315	1.841435	26.759550	-2.847266	-3.758622	22.455668	-23.793994	5.597466	-24.678075	20.566659	-10.914031	-21.175560	5.731074	-7.173883	-25.087554	-25.973391	13.920124	13.417226	19.445155	-5.846054	22.041913	-4.676737	9.250880	-11.288999	6.688274	12.188403	5.357235	9.560071	20.769194	17.275597	-19.103925	9.790124	-7.634273	3.194221	16.818625	27.700657	5.659347	18.505793	-16.220539	22.210899	-3.414918	-15.812412	-4.906812	26.245211	-5.706561	-13.861113	
-22.214982	12.417915	24.847673	-7.817171	13.339481	17.724951	-7.340711	8.662648	23.536958	15.134695	1.406655	21.283452	13.311078	-6.540319	7.720630	24.388206	6.746447	-0.787140	10.218052	-12.690652	4.057287	0.995238	-2.914476	3.500001	-8.520019	-23.218234	-17.582218	0.924598	17.305581	19.984018	12.931932	-6.021724	-9.326720	-18.194879	-23.641917	-4.030067	-14.600044	-18.848178	15.693275	15.398638	10.013612	9.258719	12.812025	9.644745	13.846710	-5.211131	16.925325	-22.702483	-18.831614	5.645221	
-23.647625	23.442816	12.827630	-7.277228	-25.317127	12.197675	24.441486	18.562029	-18.173013	0.461462	-9.136382	25.503206	18.504404	-16.508890	8.843594	19.339610	13.154932	-9.492512	27.351076	-4.818292	-25.230118	10.059489	20.306387	-22.662308	15.754389	0.865302	20.102114	-11.654597	-10.229173	0.050513	-1.824163	3.583441	-15.590221	13.727149	15.990755	1.067966	3.577326	6.212409	-10.841362	-1.792969	-4.931804	-5.953238	25.338304	-23.596138	21.331544	9.592967	20.391829	-13.772397	6.272485	-10.947114	
13.864829	19.428181	-0.141036	-11.344362	20.688775	14.836740	-13.164937	8.353720	-8.476646	3.484424	-5.107588	10.581452	3.733621	-22.432221	13.611236	0.576072	19.117632	7.604094	-18.585114	-17.909500	7.561375	15.480074	20.184197	-21.225101	19.470854	0.795054	-15.504543	-6.559688	-16.527681	15.844284	0.596578	-16.158204	-12.176366	4.005965	-8.165955	19.227120	7.462817	9.860247	6.659563	18.336332	12.190146	0.321054	-0.145624	11.748572	-16.836010	13.636965	-6.094955	-10.326482	-6.812891	-20.367007	
-7.749913	31.886377	-32.808871	29.151940	21.881454	4.305537	28.985574	22.218319	-3.804694	11.248235	10.675366	-18.558651	-15.373991	-20.998911	20.716494	-31.257588	-15.864764	7.611770	14.521154	-16.183221	-21.055012	-27.614320	25.959648	-20.505001	-10.260742	25.706150	11.991483	16.050797	-16.666330	13.565780	-22.968378	-30.682488	5.473814	-9.731091	10.703254	10.578291	-19.300744	-9.475913	23.927403	-21.797061	-22.973363	-11.167847	-10.458787	31.959356	3.337332	19.449927	8.942044	-8.169067	-31.739889	-9.432267	
18.795519	3.958583	-3.987976	-5.289589	8.510522	-0.607519	18.878904	-0.530464	-17.982764	-18.339595	13.566786	13.965915	12.888379	20.032156	-0.436146	16.617437	9.492941	13.715061	11.351017	-4.425080	12.947320	-4.923021	5.631511	0.599942	-0.300680	6.946116	-23.985238	17.739955	20.103178	2.370209	-10.545002	23.433075	-10.383407	-2.305391	1.140217	14.210830	-0.520913	23.057643	-6.077206	15.159002	16.783152	-20.249906	-20.893126	5.410605	-9.273702	12.533092	-5.731518	-22.174133	-5.534864	7.217661	
-11.879241	9.735403	-5.412344	-8.655446	14.927834	-23.983415	-25.984690	8.966971	-2.178309	19.389695	25.484863	17.032325	-12.102501	-28.825025	3.747324	16.296828	-21.867866	12.264434	-1.332421	-18.024576	-2.518724	-20.855647	-9.423139	12.409267	15.564011	30.146344	-27.979625	5.704029	-27.062389	-8.161981	4.618001	-15.020015	-17.853607	14.720929	5.282925	25.067982	-20.248320	19.609416	-0.376519	-4.907967	-12.457519	18.606638	20.579922	-26.193768	-24.257750	-9.454644	13.932028	21.344043	25.773214	30.973465	
-12.361418	16.422327	-2.052202	-23.858437	10.602959	-23.988566	2.502915	-22.889980	-8.757470	-19.950509	4.473179	16.514821	-1.291918	-21.471709	19.140577	14.413461	-1.276053	-1.980550	22.889084	-20.733651	-0.056997	3.722399	-10.651122	-5.624304	-6.055551	21.740002	-17.284756	4.827515	-0.851551	-7.460444	4.661071	6.694452	17.665072	20.697516	20.336749	6.476313	-8.766439	4.000329	-5.019617	-1.898419	-4.888150	8.882902	-16.009115	-7.897179	-5.636535	5.513661	18.196366	23.061579	14.704809	-23.009093	
9.788759	6.437887	-17.247694	-18.799123	-8.147393	-15.116889	-10.805273	-12.641146	13.430045	7.359590	-7.817167	-4.397546	5.750511	16.348624	4.315959	-12.088217	-8.659694	-11.064760	-12.137448	-12.656868	-17.595502	-9.176508	-8.141562	3.853846	17.544385	8.908491	5.714957	16.025928	-8.154687	10.924963	11.552811	14.393750	-15.719009	-4.811129	9.890029	-18.477137	7.505627	-6.915391	-3.338646	-12.352629	-11.140566	-2.280800	-8.419772	-18.728220	13.904943	-1.145187	-0.062703	-6.653892	17.090299	-13.709239	
-10.723466	21.682333	-3.391763	4.840639	-18.965051	-10.013521	-13.597855	14.118149	-1.756241	6.337760	13.028811	20.164317	3.024447	10.079406	-0.458850	23.856482	-0.732205	-10.009833	-5.881712	4.949344	14.037210	-24.873339	-24.565454	-23.837557	11.431602	-17.165843	-11.605963	-24.821536	0.659489	13.505295	-6.009962	-18.113202	10.112106	0.105061	-11.398157	5.666414	-23.010034	-11.366975	-2.691729	-13.859542	24.561933	8.106550	-15.256988	-9.401113	1.779511	-1.928293	1.764491	-17.578099	12.404376	-23.161827	
4.945914	-21.445779	22.937325	16.768840	2.112028	21.624799	-2.090710	-27.452067	8.278880	-12.029229	18.251795	21.759032	-16.547412	14.918727	-23.438380	-22.304878	24.486635	-21.667215	-23.450359	-7.019700	25.233768	7.944537	14.309547	-24.147139	3.030683	0.668501	15.693661	14.448315	-18.629881	-20.546701	-13.798445	-17.153641	27.842419	23.988908	-9.011813	-6.976334	-15.629124	-7.583636	-5.811588	4.855013	18.419457	-15.523511	25.386952	14.855736	24.928494	-19.274564	10.554778	-20.200204	-9.254610	-7.129409	
-10.780462	1.093348	14.223176	-28.598329	-2.118614	12.027585	14.830040	26.138002	28.302527	-9.163837	11.874926	-2.312246	-10.829323	-28.239747	8.910811	16.733770	27.716073	18.500495	-7.764298	6.920582	0.770333	12.645353	20.249790	-15.415164	-19.746260	27.092830	-8.601649	20.980703	-10.870225	21.065567	-4.617425	28.521907	20.005325	12.624387	-21.952587	26.569178	10.277669	2.933106	-10.489336	-13.387460	28.325404	-1.759255	-15.423671	23.649076	7.465117	-20.813032	24.120778	-5.018795	25.095650	-15.840409	
0.030893	0.034486	0.010237	0.017587	0.027299	0.022233	0.009258	0.030409	0.019488	0.034956	0.031929	0.026452	0.021141	0.016845	0.035621	0.000404	0.001229	0.036157	0.000341	0.000990	0.006372	0.002475	0.029751	0.029979	0.014859	0.001355	0.018178	0.019189	0.027661	0.039411	0.011102	0.037773	0.013366	0.000743	0.010551	0.023269	0.030157	0.033842	0.039329	0.027772	0.011746	0.017268	0.025815	0.000590	0.018817	0.015191	0.037917	0.008845	0.028957	0.009766	
0.042395	0.023161	0.020621	0.031305	0.030448	0.000807	0.004675	0.018924	0.001053	0.023938	0.004530	0.037947	0.011794	0.042200	0.041640	0.025635	0.030401	0.024079	0.015871	0.034109	0.024280	0.023115	0.006624	0.000279	0.017732	0.005108	0.039813	0.020206	0.006202	0.038040	0.006977	0.005604	0.035801	0.021436	0.007761	0.025048	0.023932	0.008501	0.010894	0.009323	0.032617	0.021338	0.014652	0.000493	0.014503	0.032992	0.008104	0.024602	0.010050	0.038442	
0.025794	0.011702	0.035662	0.015635	0.001170	0.017888	0.031537	0.003196	0.031726	0.006878	0.002398	0.035792	0.029571	0.006273	0.027596	0.007035	0.035331	0.029082	0.017428	0.015286	0.012955	0.023666	0.031434	0.017051	0.012061	0.028218	0.025672	0.014746	0.028259	0.030656	0.033403	0.036990	0.009916	0.011582	0.032237	0.027005	0.013388	0.003781	0.033652	0.026767	0.002425	0.018782	0.010803	0.019233	0.005507	0.004182	0.030542	0.017452	0.017954	0.032703	
0.027991	0.039410	0.032282	0.010591	0.016198	0.021661	0.025442	0.018811	0.009212	0.002126	0.033882	0.037034	0.035670	0.027722	0.000772	0.023520	0.034029	0.008448	0.015238	0.020975	0.000586	0.001491	0.030328	0.002612	0.005731	0.022767	0.001035	0.000471	0.030269	0.001634	0.001027	0.038716	0.040647	0.017748	0.031995	0.007357	0.027484	0.011950	0.025194	0.007312	0.039318	0.034306	0.028684	0.009746	0.035658	0.021808	0.006869	0.035619	0.012165	0.028459	
0.010696	0.031131	0.034750	0.023716	0.017293	0.020416	0.018954	0.023939	0.020792	0.022695	0.017537	0.018572	0.019926	0.034557	0.031802	0.033288	0.031147	0.027788	0.005568	0.022776	0.032105	0.002033	0.020104	0.032699	0.015156	0.032866	0.031234	0.011150	0.010295	0.021426	0.001649	0.011676	0.027544	0.005311	0.002926	0.012317	0.022716	0.029784	0.012117	0.019173	0.033356	0.030970	0.003210	0.022975	0.014018	0.027585	0.005923	0.008620	0.011306	0.020415	
0.006532	0.034534	0.005828	0.028888	0.016226	0.005127	0.034772	0.007340	0.019302	0.013938	0.020396	0.034390	0.013228	0.028021	0.009376	0.005960	0.000453	0.025757	0.030697	0.012862	0.037528	0.010251	0.002654	0.000235	0.005371	0.014184	0.013251	0.037845	0.020631	0.013000	0.010150	0.016032	0.037153	0.037797	0.013628	0.027168	0.038058	0.003376	0.028250	0.015408	0.028434	0.037446	0.029356	0.018253	0.024571	0.023994	0.032828	0.017144	0.026899	0.025480	
0.007078	0.036497	0.021424	0.017073	0.034930	0.019084	0.039280	0.034265	0.006437	0.008418	0.012368	0.021140	0.026500	0.012544	0.020894	0.011537	0.014051	0.025555	0.025840	0.033297	0.033518	0.031266	0.008832	0.039429	0.001471	0.039665	0.028975	0.006027	0.025946	0.035986	0.025860	0.028666	0.012057	0.027759	0.002233	0.010433	0.007640	0.010812	0.005624	0.014295	0.016137	0.019533	0.033456	0.023898	0.037091	0.007001	0.007830	0.013595	0.013534	0.003221	
0.047320	0.005821	0.009299	0.021469	0.045629	0.031192	0.030784	0.001729	0.040909	0.039575	0.022099	0.001459	0.012089	0.007920	0.010569	0.014182	0.015276	0.012298	0.024952	0.051537	0.009677	0.002820	0.005455	0.027045	0.005241	0.020604	0.005626	0.001750	0.030192	0.014191	0.041812	0.008359	0.004446	0.024418	0.018901	0.002416	0.010032	0.038293	0.032094	0.006509	0.051182	0.001787	0.047829	0.000329	0.016367	0.012977	0.042865	0.028932	0.013974	0.027771	
0.001811	0.029559	0.000573	0.018933	0.007971	0.035069	0.002166	0.005634	0.005070	0.003827	0.028658	0.030449	0.034514	0.037439	0.023707	0.003359	0.032622	0.032500	0.018914	0.030541	0.000229	0.005162	0.022063	0.011863	0.003195	0.014906	0.024756	0.036188	0.016708	0.032271	0.015877	0.017496	0.007222	0.032419	0.008119	0.037735	0.013772	0.038041	0.034884	0.024379	0.024919	0.015501	0.014320	0.022717	0.022801	0.027135	0.019125	0.013559	0.021365	0.037958	
0.009471	0.010728	0.011262	0.027681	0.002278	0.027921	0.006155	0.033242	0.032939	0.017061	0.033322	0.004014	0.027768	0.027584	0.034891	0.012972	0.002864	0.021375	0.033604	0.013839	0.026859	0.019543	0.010891	0.010388	0.002383	0.016098	0.010049	0.037631	0.042408	0.035043	0.028546	0.000264	0.005998	0.026603	0.033833	0.004876	0.032510	0.011300	0.000752	0.039331	0.005199	0.016508	0.041942	0.032478	0.010655	0.005341	0.024137	0.013555	0.031371	0.032534	
0.025918	0.015781	0.036552	0.023966	0.002465	0.016830	0.019256	0.036045	0.026733	0.029364	0.034361	0.010159	0.032120	0.007037	0.037670	0.022099	0.023089	0.028270	0.002303	0.031384	0.019699	0.006635	0.007269	0.002726	0.012952	0.020889	0.002281	0.021301	0.028128	0.020415	0.022922	0.007658	0.010259	0.023606	0.038482	0.030772	0.020311	0.017769	0.003868	0.003885	0.032023	0.025858	0.018536	0.031200	0.009367	0.034001	0.010463	0.018763	0.018009	0.018549	
0.032849	0.028054	0.006505	0.017965	0.006847	0.014869	0.034496	0.001341	0.015330	0.031433	0.033505	0.014567	0.020964	0.005869	0.015640	0.019254	0.031931	0.007359	0.010599	0.027682	0.020484	0.030618	0.019676	0.022001	0.033478	0.027840	0.030834	0.034099	0.028520	0.012272	0.034049	0.014899	0.013044	0.034739	0.004351	0.009102	0.010056	0.030076	0.021323	0.002400	0.009912	0.016440	0.016218	0.016729	0.015271	0.021432	0.029931	0.024870	0.020136	0.018141	
0.026836	0.033432	0.007328	0.007388	0.029164	0.018266	0.021263	0.020248	0.012063	0.016130	0.013709	0.029870	0.036048	0.010488	0.023586	0.032561	0.029211	0.006551	0.032167	0.033174	0.023024	0.017802	0.016471	0.010698	0.011048	0.000189	0.002621	0.019503	0.004384	0.036458	0.014451	0.018686	0.013792	0.013591	0.029130	0.023294	0.008570	0.026390	0.005103	0.033328	0.025861	0.034556	0.016431	0.031946	0.013667	0.019668	0.001183	0.022140	0.032462	0.034070	
0.035089	0.021895	0.008644	0.019018	0.027196	0.007508	0.034165	0.014480	0.028386	0.022611	0.043774	0.039623	0.015800	0.016099	0.005735	0.008230	0.002029	0.027697	0.020241	0.000056	0.004728	0.035451	0.015864	0.032581	0.024254	0.014738	0.002881	0.017132	0.021706	0.038920	0.015612	0.019769	0.016366	0.020937	0.014181	0.041740	0.016722	0.033408	0.007035	0.015439	0.019533	0.041895	0.011383	0.003653	0.026663	0.020256	0.032566	0.003655	0.017525	0.015134	
0.037436	0.001573	0.037941	0.021336	0.016300	0.029214	0.025128	0.032032	0.007757	0.031649	0.004399	0.000860	0.024028	0.037161	0.033558	0.033909	0.035067	0.010308	0.021749	0.036984	0.008646	0.030668	0.008286	0.034095	0.000507	0.026623	0.005685	0.026775	0.033084	0.011700	0.020108	0.025447	0.032880	0.016246	0.002341	0.015254	0.016848	0.019542	0.000411	0.013508	0.012881	0.012043	0.024702	0.029144	0.000701	0.025029	0.031533	0.009630	0.003719	0.023575	
0.009740	0.004376	0.031332	0.033861	0.019286	0.003147	0.013330	0.030510	0.030540	0.017337	0.027810	0.007542	0.000527	0.001732	0.036066	0.031464	0.025075	0.040270	0.018485	0.026997	0.031594	0.010592	0.037010	0.008170	0.025736	0.012232	0.012791	0.031321	0.037724	0.015221	0.038875	0.018798	0.013133	0.003916	0.040779	0.032243	0.001703	0.012913	0.006095	0.017645	0.023041	0.014025	0.017098	0.004937	0.027201	0.003432	0.026887	0.005612	0.028886	0.030962	
0.002893	0.001153	0.033915	0.011291	0.016465	0.000498	0.005636	0.018332	0.027086	0.022033	0.012073	0.011952	0.019024	0.010408	0.017731	0.014611	0.037912	0.004158	0.004217	0.006270	0.030744	0.030576	0.020847	0.026256	0.026107	0.021222	0.028034	0.014581	0.014424	0.039557	0.033217	0.002345	0.038620	0.010556	0.040521	0.040739	0.040720	0.034785	0.029473	0.005809	0.034974	0.018605	0.014891	0.002045	0.025840	0.021940	0.012950	0.025408	0.010570	0.025982	
0.002210	0.007395	0.008377	0.034949	0.019842	0.033544	0.022835	0.032559	0.036642	0.010459	0.016209	0.038571	0.024863	0.026600	0.012315	0.028093	0.006834	0.022898	0.025717	0.028747	0.028903	0.022100	0.037209	0.029161	0.012338	0.026507	0.002422	0.031566	0.028032	0.028356	0.006913	0.031696	0.000309	0.038687	0.000863	0.014144	0.015793	0.011598	0.004647	0.000928	0.021801	0.010626	0.025024	0.014153	0.022520	0.022566	0.024373	0.008220	0.018618	0.020267	
0.010578	0.011022	0.026251	0.024347	0.020710	0.028960	0.017551	0.032173	0.028254	0.021084	0.014501	0.022758	0.014171	0.013141	0.016613	0.016562	0.002873	0.010349	0.036278	0.030473	0.015465	0.013234	0.019355	0.000651	0.034816	0.004084	0.015624	0.036142	0.033023	0.000515	0.032659	0.021070	0.005974	0.015711	0.040036	0.011643	0.000270	0.017014	0.038883	0.025755	0.023469	0.028477	0.034750	0.010389	0.017912	0.035329	0.031235	0.017615	0.015044	0.005208	
0.015690	0.035914	0.040189	0.012310	0.000371	0.008530	0.038869	0.013198	0.027123	0.017684	0.033685	0.001813	0.006448	0.014956	0.039629	0.012997	0.029329	0.036587	0.034452	0.014021	0.015326	0.002586	0.017265	0.001173	0.041711	0.020624	0.020829	0.037275	0.031926	0.029364	0.016888	0.022953	0.042975	0.034741	0.017547	0.041077	0.005181	0.005678	0.022195	0.005835	0.028396	0.000814	0.018047	0.013420	0.015457	0.005719	0.016401	0.009988	0.014698	0.010114	
0.008308	0.014779	0.037076	0.008826	0.028877	0.009613	0.031796	0.042692	0.031246	0.024714	0.012241	0.003255	0.028779	0.021957	0.033751	0.010564	0.013010	0.040405	0.001589	0.009997	0.028028	0.034522	0.031846	0.005380	0.012639	0.028442	0.017678	0.003641	0.002085	0.032669	0.028909	0.000049	0.041580	0.004361	0.031363	0.008646	0.017313	0.009620	0.008276	0.017382	0.027816	0.028646	0.038446	0.021191	0.000967	0.034824	0.023547	0.001500	0.022743	0.022416	
0.033972	0.000310	0.014530	0.013137	0.034659	0.000462	0.003245	0.037073	0.028845	0.031875	0.012192	0.018727	0.024719	0.029529	0.033912	0.022337	0.028385	0.015183	0.016347	0.006043	0.016505	0.029199	0.028895	0.013052	0.029395	0.041151	0.013334	0.036216	0.028133	0.009996	0.015941	0.023629	0.016722	0.005326	0.024003	0.030110	0.010678	0.035012	0.002446	0.007816	0.020307	0.026875	0.010031	0.010570	0.018388	0.004888	0.004391	0.013376	0.029813	0.038319	
0.020214	0.040383	0.002263	0.003259	0.016315	0.024911	0.028103	0.040998	0.014991	0.027791	0.002189	0.007447	0.039351	0.023966	0.030757	0.022334	0.011364	0.025573	0.027402	0.012812	0.030676	0.040742	0.022027	0.007791	0.031320	0.010222	0.013629	0.034012	0.034270	0.040937	0.026975	0.000128	0.024735	0.012732	0.010608	0.011096	0.038009	0.025960	0.006537	0.000731	0.013852	0.031045	0.001334	0.000164	0.005361	0.009524	0.010812	0.026051	0.034125	0.022168	
0.001018	0.023817	0.004834	0.032049	0.005350	0.040172	0.018019	0.014788	0.005499	0.012473	0.015615	0.041503	0.025662	0.024672	0.007413	0.027360	0.043103	0.010689	0.027580	0.001313	0.034582	0.028331	0.005535	0.009019	0.024470	0.033361	0.024033	0.026669	0.005490	0.025799	0.021289	0.037103	0.027021	0.026990	0.028969	0.016074	0.000257	0.010113	0.022958	0.032516	0.001389	0.022059	0.007448	0.001245	0.036200	0.029981	0.009068	0.012190	0.043575	0.013337	
0.006712	0.033421	0.017445	0.014326	0.001923	0.034296	0.035050	0.031837	0.035923	0.010641	0.030232	0.025712	0.030542	0.011903	0.014974	0.015219	0.009126	0.029395	0.030744	0.003071	0.028265	0.028923	0.013631	0.033602	0.011537	0.012919	0.027242	0.012824	0.026926	0.014077	0.023501	0.015419	0.026921	0.016750	0.001232	0.007968	0.006852	0.031297	0.010849	0.019910	0.014731	0.033703	0.034494	0.023757	0.002318	0.027098	0.028477	0.011336	0.018446	0.012499	
0.007895	0.020368	0.006179	0.022131	0.020793	0.031544	0.014754	0.023032	0.038820	0.002343	0.007445	0.006794	0.031187	0.024510	0.016959	0.025124	0.022621	0.027299	0.025942	0.026511	0.006382	0.017428	0.032127	0.026597	0.001447	0.038840	0.019706	0.003165	0.009836	0.020330	0.033160	0.034866	0.023944	0.027610	0.010103	0.021443	0.023272	0.001313	0.013966	0.017702	0.032809	0.020899	0.021434	0.009743	0.025092	0.020275	0.022047	0.025488	0.008620	0.028105	
0.008829	0.037560	0.003807	0.009059	0.013957	0.008249	0.002141	0.019872	0.017545	0.018823	0.005838	0.036219	0.004806	0.002639	0.001230	0.037197	0.006103	0.036055	0.032677	0.014003	0.012125	0.004815	0.034460	0.014973	0.025920	0.003843	0.036306	0.026676	0.018159	0.005387	0.018710	0.009709	0.016565	0.030734	0.009609	0.014784	0.039100	0.037048	0.038272	0.003323	0.000763	0.044749	0.007584	0.044188	0.010807	0.033456	0.039379	0.019843	0.044422	0.037684	
0.032689	0.017434	0.021222	0.023504	0.005017	0.013284	0.002793	0.015046	0.017896	0.026466	0.014831	0.027179	0.023171	0.037258	0.000134	0.012440	0.034782	0.020721	0.037354	0.026543	0.018021	0.016984	0.027923	0.038401	0.023224	0.027562	0.033466	0.009901	0.001855	0.033857	0.002185	0.011421	0.003847	0.018497	0.015170	0.031749	0.007761	0.004835	0.035644	0.009946	0.027521	0.007863	0.023823	0.002585	0.030582	0.040195	0.015951	0.030198	0.001048	0.038219	
0.027880	0.035705	0.035947	0.014660	0.002486	0.008536	0.010758	0.032667	0.036493	0.027209	0.007763	0.017590	0.016139	0.009342	0.007088	0.010660	0.007479	0.001917	0.025598	0.024377	0.015651	0.036421	0.028697	0.026491	0.030280	0.006674	0.008841	0.024582	0.028402	0.033815	0.022274	0.004273	0.023248	0.006535	0.019781	0.028579	0.016407	0.034751	0.024293	0.020843	0.022153	0.010860	0.008783	0.019033	0.018185	0.004887	0.036158	0.032470	0.014944	0.031398	
0.022743	0.033956	0.013684	0.014659	0.015736	0.011249	0.018376	0.003274	0.023804	0.019577	0.035909	0.036428	0.014122	0.033564	0.021315	0.010655	0.026692	0.000053	0.027828	0.036362	0.033820	0.030650	0.010506	0.034287	0.000018	0.026115	0.028330	0.003241	0.036529	0.016695	0.036238	0.009938	0.023148	0.014966	0.014471	0.013192	0.031016	0.025477	0.015033	0.023058	0.009450	0.005860	0.014842	0.007212	0.025508	0.009404	0.030795	0.034537	0.003227	0.012453	
0.012316	0.016376	0.021336	0.035229	0.018560	0.026755	0.038025	0.001016	0.012933	0.012805	0.035574	0.025293	0.037972	0.033415	0.029121	0.020228	0.030485	0.022310	0.002236	0.024307	0.002091	0.015121	0.036723	0.000823	0.031604	0.033379	0.023093	0.005123	0.037236	0.001842	0.016728	0.033570	0.004208	0.033877	0.028618	0.002003	0.021857	0.017995	0.018041	0.013468	0.006010	0.003450	0.013657	0.011706	0.019286	0.037590	0.008613	0.032955	0.002351	0.030691	
0.016189	0.011266	0.026232	0.013452	0.019508	0.012067	0.022736	0.026105	0.033510	0.014479	0.024067	0.018993	0.015172	0.013945	0.018084	0.002820	0.017206	0.002077	0.030179	0.016134	0.020569	0.035588	0.033242	0.032403	0.009471	0.030238	0.028241	0.032001	0.029898	0.003436	0.018315	0.013657	0.023467	0.017186	0.017126	0.011370	0.023160	0.024659	0.005360	0.036971	0.017713	0.000950	0.034271	0.007140	0.010809	0.012250	0.034385	0.034211	0.026111	0.021584	
0.032560	0.015767	0.017127	0.042929	0.038104	0.022530	0.040121	0.024323	0.007949	0.001046	0.009234	0.031578	0.002338	0.025153	0.023493	0.021704	0.003811	0.005002	0.013159	0.040814	0.033072	0.006605	0.003049	0.023698	0.033057	0.030351	0.029853	0.042952	0.001784	0.025821	0.005790	0.042109	0.011651	0.021153	0.006116	0.039399	0.011682	0.012880	0.022571	0.005368	0.020177	0.036525	0.010641	0.008428	0.040980	0.031079	0.007417	0.006958	0.008242	0.001852	
0.037720	0.000363	0.029973	0.005730	0.041598	0.042692	0.023726	0.008741	0.034660	0.008755	0.038155	0.002889	0.024644	0.036518	0.003249	0.014271	0.017633	0.010723	0.006608	0.002608	0.013396	0.003683	0.020265	0.017240	0.010482	0.021916	0.004179	0.023801	0.041941	0.038332	0.001940	0.008889	0.040273	0.039421	0.040831	0.019368	0.012899	0.001938	0.032892	0.005505	0.042369	0.008875	0.000271	0.028342	0.023819	0.031420	0.014818	0.040941	0.015532	0.003166	
0.014599	0.020353	0.003268	0.030312	0.033568	0.025406	0.014722	0.001752	0.017404	0.032001	0.027105	0.018278	0.005864	0.027618	0.017770	0.010645	0.020829	0.005986	0.029767	0.039452	0.037338	0.033717	0.036901	0.026552	0.005372	0.000916	0.024961	0.005661	0.001376	0.014907	0.032722	0.032949	0.008032	0.021047	0.018113	0.031237	0.014842	0.017656	0.025291	0.038485	0.017693	0.021517	0.010058	0.022897	0.001461	0.026875	0.022057	0.022193	0.016872	0.013601	
0.038337	0.013570	0.013563	0.022800	0.027401	0.035218	0.015380	0.020111	0.003517	0.003178	0.035126	0.016204	0.016543	0.021184	0.020567	0.011348	0.024471	0.020673	0.034878	0.024210	0.036740	0.038539	0.011580	0.030223	0.017277	0.000133	0.019166	0.004768	0.017551	0.002473	0.021868	0.012813	0.027424	0.011166	0.014502	0.028159	0.015383	0.004434	0.030725	0.025600	0.010015	0.019525	0.022640	0.021565	0.037111	0.013181	0.009815	0.037967	0.003262	0.036119	
0.036630	0.004860	0.002016	0.015156	0.007950	0.009185	0.017348	0.010969	0.021955	0.011160	0.034399	0.014045	0.011236	0.034081	0.007008	0.032185	0.034940	0.008615	0.010680	0.016336	0.032687	0.028875	0.012971	0.016003	0.000746	0.035780	0.004729	0.034941	0.030721	0.032631	0.024859	0.032747	0.026897	0.036287	0.023705	0.030928	0.022889	0.034134	0.034834	0.017605	0.008320	0.010662	0.016566	0.011812	0.004803	0.026901	0.003527	0.035383	0.005565	0.020738	
0.002614	0.028309	0.030280	0.026369	0.016673	0.004841	0.037426	0.023370	0.024519	0.013055	0.001837	0.039057	0.019788	0.014886	0.034800	0.019526	0.018693	0.004116	0.015268	0.019192	0.027183	0.011632	0.034993	0.033011	0.020317	0.016353	0.001725	0.001983	0.015394	0.002920	0.028300	0.018986	0.022772	0.013479	0.014080	0.035902	0.005955	0.021662	0.035120	0.014779	0.021479	0.006490	0.028171	0.034724	0.031794	0.022732	0.039248	0.012136	0.006695	0.025364	
0.022346	0.001922	0.036787	0.027396	0.018969	0.023071	0.039231	0.020639	0.036536	0.004142	0.021441	0.025787	0.021235	0.029207	0.002177	0.009069	0.037091	0.037373	0.038175	0.002384	0.019188	0.020272	0.002391	0.001577	0.004186	0.026477	0.001927	0.040601	0.008651	0.034459	0.032539	0.025027	0.015857	0.017188	0.024155	0.006941	0.012360	0.015853	0.015029	0.017531	0.039126	0.003088	0.014484	0.006184	0.038192	0.031191	0.018194	0.022723	0.015016	0.014616	
0.019809	0.028075	0.019934	0.013033	0.013681	0.033002	0.043553	0.035275	0.028487	0.005476	0.026066	0.040324	0.012548	0.030924	0.031783	0.003114	0.010822	0.006899	0.002733	0.007692	0.023563	0.019873	0.021698	0.001384	0.038788	0.036655	0.034242	0.027779	0.015229	0.008120	0.020161	0.002074	0.029914	0.042595	0.034558	0.011740	0.036107	0.020561	0.040504	0.009587	0.001918	0.006201	0.018645	0.013550	0.026202	0.003631	0.029295	0.000980	0.007598	0.003617	
0.024169	0.010101	0.008902	0.008107	0.019060	0.006402	0.037278	0.002971	0.029954	0.027529	0.011877	0.015357	0.027592	0.004119	0.012351	0.035631	0.006153	0.038229	0.023892	0.011328	0.000633	0.001744	0.001299	0.037899	0.021489	0.006095	0.001204	0.028633	0.033755	0.032661	0.040929	0.035013	0.030039	0.041416	0.026262	0.009109	0.013875	0.012905	0.014876	0.041290	0.036354	0.001160	0.003837	0.037607	0.014332	0.039807	0.014272	0.012568	0.005209	0.042726	
0.012521	0.032801	0.015557	0.009724	0.028226	0.009442	0.014218	0.033436	0.018074	0.000292	0.008931	0.021236	0.014340	0.019520	0.029969	0.029418	0.003482	0.032943	0.018448	0.025000	0.031213	0.037396	0.005689	0.020009	0.023654	0.012418	0.033672	0.013325	0.035848	0.004519	0.014293	0.037935	0.012840	0.006561	0.034086	0.032707	0.002280	0.023292	0.010639	0.012038	0.033343	0.030812	0.003953	0.021297	0.034693	0.021143	0.014114	0.000427	0.025884	0.032342	
0.030925	0.019891	0.034017	0.015080	0.011665	0.040528	0.029504	0.003942	0.023249	0.003239	0.041979	0.038660	0.021366	0.010043	0.001883	0.037370	0.037179	0.001192	0.024067	0.041743	0.015648	0.002305	0.029705	0.006073	0.012371	0.023968	0.005367	0.001800	0.038442	0.025040	0.034018	0.000098	0.008755	0.021406	0.034287	0.027054	0.013207	0.002031	0.008895	0.020497	0.001223	0.039832	0.040724	0.011103	0.013824	0.006966	0.006742	0.018217	0.037924	0.024959	
0.025623	0.017524	0.023166	0.031737	0.018171	0.001143	0.007418	0.035749	0.028769	0.005908	0.014756	0.036810	0.028504	0.009281	0.031985	0.036787	0.035813	0.020173	0.004770	0.003145	0.024045	0.009348	0.039282	0.004729	0.005586	0.015829	0.000817	0.027780	0.009846	0.014976	0.026658	0.039571	0.032700	0.001366	0.006754	0.030837	0.019382	0.000350	0.022356	0.014184	0.034405	0.012897	0.008994	0.023390	0.030649	0.021084	0.036324	0.016864	0.036423	0.015341	
0.029047	0.025123	0.015522	0.037053	0.010276	0.001372	0.013437	0.029845	0.029194	0.013126	0.014183	0.031141	0.025524	0.038715	0.032660	0.004082	0.018553	0.002695	0.018122	0.038801	0.007689	0.018138	0.027439	0.037987	0.016701	0.018075	0.013982	0.027211	0.023193	0.034882	0.003000	0.001783	0.008957	0.010441	0.038915	0.017454	0.031057	0.002471	0.028783	0.011972	0.028730	0.006655	0.019616	0.028712	0.022552	0.004416	0.007155	0.028178	0.005735	0.039651	
0.031588	0.014783	0.005575	0.038273	0.033532	0.010158	0.015592	0.033171	0.027982	0.024286	0.017101	0.033619	0.008223	0.003597	0.037019	0.023787	0.017266	0.010976	0.007884	0.010434	0.027862	0.021753	0.011096	0.034183	0.034068	0.034561	0.011451	0.031405	0.014088	0.021608	0.024671	0.010383	0.000565	0.008525	0.030652	0.010742	0.022448	0.011954	0.001225	0.035689	0.015948	0.000911	0.033534	0.034771	0.016820	0.000588	0.024928	0.036783	0.017424	0.014522	
0.023788	0.008112	0.013423	0.025933	0.036400	0.034647	0.032735	0.006041	0.025017	0.002085	0.032386	0.033700	0.020523	0.003177	0.004350	0.019348	0.031062	0.023414	0.006061	0.021177	0.031253	0.029286	0.010291	0.009175	0.005459	0.007482	0.035672	0.026462	0.003476	0.031572	0.002353	0.013527	0.032779	0.027279	0.002912	0.027460	0.033530	0.036061	0.036177	0.011051	0.012872	0.000275	0.028065	0.011374	0.009679	0.037032	0.016297	0.020552	0.030604	0.016617	
0.030719	0.023938	0.000526	0.017187	0.028003	0.018827	0.034345	0.007021	0.013877	0.023946	0.015835	0.024261	0.017766	0.006088	0.004525	0.028014	0.029057	0.028671	0.024918	0.028212	0.011255	0.008564	0.025276	0.013429	0.029578	0.035372	0.027793	0.021786	0.034501	0.022991	0.030151	0.021727	0.019547	0.006484	0.023956	0.028700	0.011776	0.014835	0.020453	0.000415	0.003765	0.003459	0.033635	0.027482	0.025402	0.033125	0.002862	0.033763	0.006115	0.016066	
0.015465	0.020833	0.033073	0.034628	0.017719	0.009295	0.011128	0.001117	0.033358	0.010743	0.034565	0.007138	0.041522	0.031450	0.015954	0.004335	0.001613	0.013602	0.004508	0.034967	0.003247	0.025083	0.027363	0.032646	0.038602	0.031918	0.040082	0.036633	0.013056	0.014400	0.006699	0.008269	0.009831	0.008925	0.038400	0.036035	0.026371	0.002906	0.038066	0.036150	0.001301	0.040478	0.002334	0.016021	0.000561	0.003627	0.024739	0.027334	0.001609	0.030299	
0.035226	0.035095	0.015653	0.011677	0.028152	0.029181	0.028747	0.026725	0.026773	0.010359	0.033205	0.010361	0.008815	0.007182	0.025534	0.007484	0.022839	0.020874	0.029864	0.001891	0.009385	0.025051	0.005210	0.003756	0.013562	0.029603	0.011934	0.026780	0.030107	0.031175	0.026388	0.010308	0.028164	0.021171	0.015258	0.001592	0.015462	0.034808	0.023616	0.017308	0.021575	0.027524	0.013686	0.021130	0.032737	0.022590	0.010660	0.023037	0.001165	0.029623	
0.000764	0.026197	0.021717	0.034646	0.029349	0.008987	0.009716	0.033127	0.005851	0.025779	0.012664	0.035130	0.024511	0.006672	0.026864	0.021244	0.034169	0.012503	0.010627	0.023990	0.016288	0.010978	0.023513	0.019394	0.011491	0.005405	0.014506	0.026628	0.029185	0.015210	0.025920	0.031059	0.023494	0.003711	0.035577	0.007191	0.029830	0.035443	0.018664	0.016719	0.000773	0.029760	0.017734	0.024613	0.016420	0.033479	0.025494	0.025987	0.004667	0.016360	
0.000658	0.025697	0.020750	0.013190	0.029463	0.009790	0.035170	0.006930	0.007400	0.033514	0.000396	0.035167	0.036028	0.036474	0.021622	0.020377	0.035793	0.008920	0.039288	0.008811	0.000390	0.014351	0.026614	0.022383	0.023869	0.024930	0.018371	0.004607	0.023707	0.037794	0.013327	0.015887	0.004516	0.020667	0.019537	0.036650	0.022564	0.015577	0.002330	0.041280	0.013177	0.012834	0.010469	0.028159	0.009688	0.029664	0.025836	0.026833	0.023222	0.005326	
0.018130	0.014783	0.033420	0.016908	0.024238	0.036334	0.027363	0.019287	0.002653	0.022592	0.041247	0.005130	0.006228	0.004744	0.015433	0.035828	0.014081	0.007401	0.025281	0.011258	0.029201	0.001961	0.032258	0.018706	0.011657	0.020315	0.004540	0.025754	0.033039	0.036314	0.027066	0.021597	0.025151	0.032725	0.004660	0.014171	0.010402	0.014167	0.016765	0.011283	0.037423	0.002657	0.011525	0.040007	0.031243	0.023632	0.024405	0.009128	0.040472	0.005436	
0.033926	0.004357	0.009584	0.035534	0.036996	0.028827	0.037802	0.019250	0.012284	0.034057	0.001034	0.016172	0.016184	0.031531	0.013073	0.018177	0.000716	0.042048	0.041751	0.020665	0.022726	0.016119	0.008232	0.009937	0.015422	0.012887	0.004391	0.033706	0.007948	0.035896	0.017415	0.019705	0.009818	0.030104	0.008624	0.010464	0.019913	0.005848	0.008395	0.025106	0.025651	0.035851	0.026322	0.019603	0.003864	0.029664	0.016530	0.024087	0.038465	0.003338	
0.019044	0.025784	0.004145	0.013965	0.031521	0.020447	0.000590	0.002120	0.023120	0.034124	0.014769	0.014427	0.025948	0.023006	0.014291	0.013734	0.026929	0.031624	0.030692	0.029227	0.004737	0.031290	0.031261	0.010998	0.018328	0.002400	0.002475	0.031135	0.008076	0.022361	0.004505	0.036688	0.027590	0.017579	0.031659	0.021204	0.035159	0.035860	0.020747	0.000558	0.023225	0.031789	0.034280	0.025284	0.006225	0.001637	0.031962	0.018034	0.022473	0.010975	
0.037080	0.020239	0.032390	0.025081	0.020846	0.004373	0.019754	0.025063	0.027567	0.011006	0.024966	0.030870	0.004707	0.029614	0.000978	0.032853	0.001708	0.033392	0.021959	0.009079	0.036578	0.003910	0.030294	0.033335	0.019750	0.008705	0.014011	0.020240	0.026303	0.036574	0.003177	0.015639	0.005451	0.025100	0.003682	0.003050	0.016532	0.036857	0.034457	0.027843	0.033414	0.009042	0.003900	0.029382	0.024673	0.009534	0.017065	0.017595	0.028916	0.011466	
0.007799	0.037584	0.028925	0.008349	0.029734	0.028345	0.031288	0.026933	0.021453	0.004950	0.001367	0.019839	0.019509	0.002392	0.006350	0.020788	0.001135	0.012981	0.012247	0.028173	0.032188	0.003554	0.034043	0.030976	0.004770	0.037572	0.035487	0.033259	0.024491	0.034416	0.019656	0.028892	0.033219	0.031950	0.002330	0.011243	0.006889	0.011862	0.030533	0.007701	0.005181	0.005423	0.003310	0.027002	0.035017	0.025883	0.038012	0.024632	0.018485	0.011884	
0.030437	0.012242	0.036557	0.029584	0.034979	0.003187	0.028378	0.007670	0.004260	0.029474	0.023318	0.001809	0.020556	0.036232	0.033163	0.021244	0.019887	0.003310	0.014489	0.032651	0.031011	0.022836	0.001687	0.007675	0.029815	0.001947	0.020277	0.034935	0.030016	0.004626	0.030206	0.009410	0.013984	0.002723	0.032803	0.007006	0.028273	0.035653	0.013859	0.030936	0.035658	0.014286	0.007071	0.005694	0.009955	0.024677	0.026711	0.031092	0.018102	0.013648	
0.027767	0.018559	0.007049	0.028693	0.032336	0.026612	0.031459	0.001546	0.015864	0.006852	0.017754	0.029295	0.011245	0.023187	0.032016	0.021817	0.010117	0.007233	0.024900	0.027332	0.032552	0.026497	0.004798	0.012248	0.016454	0.033904	0.017109	0.001877	0.014014	0.026311	0.018871	0.034066	0.001753	0.022283	0.028334	0.025504	0.029238	0.020097	0.022108	0.022175	0.015934	0.020699	0.027113	0.018850	0.013206	0.019305	0.006172	0.026400	0.023423	0.017075	
0.005423	0.022738	0.036432	0.011809	0.011035	0.036775	0.030035	0.002101	0.018227	0.039756	0.017414	0.027528	0.007226	0.014242	0.026467	0.006142	0.032896	0.010646	0.024516	0.006215	0.040171	0.031969	0.021091	0.023895	0.018068	0.026122	0.020853	0.001321	0.016692	0.032128	0.014371	0.016712	0.008644	0.009090	0.033708	0.033099	0.017930	0.014467	0.030071	0.017557	0.008834	0.018116	0.007961	0.030622	0.028126	0.022290	0.025798	0.007404	0.011691	0.023577	
0.000478	0.033068	0.018478	0.013995	0.004102	0.024183	0.039586	0.006493	0.029393	0.026161	0.034047	0.042107	0.030149	0.002087	0.022893	0.012782	0.002743	0.007028	0.027902	0.031689	0.016162	0.002332	0.035141	0.004129	0.022762	0.028159	0.033155	0.013448	0.028741	0.016599	0.005223	0.013695	0.010165	0.010601	0.009453	0.001913	0.021198	0.022696	0.009733	0.043585	0.036475	0.000405	0.043726	0.010434	0.041781	0.030451	0.040179	0.001353	0.012603	0.024339	
0.011945	0.001878	0.032408	0.028260	0.002890	0.040305	0.019452	0.025237	0.015752	0.024159	0.026853	0.024502	0.038164	0.021226	0.015414	0.029304	0.004488	0.038802	0.015643	0.005264	0.024151	0.029145	0.015326	0.041115	0.034122	0.040404	0.011629	0.017577	0.013545	0.007257	0.001499	0.012544	0.008901	0.010336	0.015587	0.012914	0.014952	0.005127	0.008615	0.037315	0.011856	0.013285	0.013006	0.032098	0.038258	0.004908	0.020767	0.034726	0.031151	0.015941	
0.019344	0.002492	0.029759	0.002930	0.036285	0.027942	0.034802	0.023804	0.020921	0.016394	0.008881	0.040641	0.004591	0.035707	0.029068	0.031003	0.035275	0.039866	0.023555	0.024046	0.006680	0.007306	0.038839	0.011464	0.038596	0.033191	0.030269	0.024094	0.005786	0.003642	0.012562	0.028832	0.005218	0.006567	0.002127	0.036375	0.002400	0.010967	0.024166	0.022448	0.005166	0.009508	0.007278	0.023864	0.034984	0.011781	0.022031	0.005518	0.002017	0.039013	
0.028470	0.029529	0.012494	0.017294	0.023433	0.026141	0.021987	0.005069	0.027747	0.000177	0.011924	0.016281	0.031542	0.018938	0.024584	0.002765	0.011562	0.035363	0.036986	0.025882	0.013635	0.012020	0.010898	0.026503	0.025019	0.026597	0.024615	0.006118	0.017511	0.032137	0.003566	0.001796	0.036468	0.003519	0.031977	0.026589	0.033379	0.032813	0.027054	0.003073	0.035602	0.035215	0.028504	0.029307	0.021229	0.003579	0.001671	0.003338	0.004267	0.033836	
0.022551	0.007340	0.008838	0.032100	0.016082	0.007310	0.025545	0.015066	0.024183	0.001522	0.034603	0.001577	0.025578	0.024168	0.005471	0.035770	0.025043	0.002439	0.031031	0.013960	0.024790	0.035518	0.031709	0.032424	0.024197	0.003866	0.017755	0.026798	0.024744	0.021759	0.000694	0.020700	0.035082	0.017001	0.031814	0.000305	0.038560	0.034731	0.012031	0.002414	0.024876	0.030360	0.016983	0.016288	0.009832	0.021028	0.007836	0.033306	0.036724	0.005697	
0.020735	0.031640	0.024374	0.027134	0.023023	0.013962	0.011797	0.012925	0.025284	0.004255	0.025645	0.018144	0.022755	0.025936	0.000771	0.005531	0.010928	0.034734	0.024240	0.018922	0.036100	0.037392	0.028042	0.009713	0.029814	0.021822	0.024155	0.037976	0.031010	0.030466	0.008406	0.035284	0.005564	0.023503	0.010090	0.006583	0.038258	0.025213	0.013809	0.010624	0.004938	0.025574	0.003745	0.018918	0.024882	0.005307	0.012032	0.003009	0.020823	0.034212	
0.009616	0.005380	0.016951	0.001336	0.027517	0.032432	0.006921	0.029429	0.006416	0.009997	0.026263	0.021634	0.012281	0.038481	0.027013	0.024162	0.031329	0.016025	0.031305	0.040724	0.035010	0.033030	0.025924	0.030148	0.018419	0.037132	0.005267	0.007299	0.002138	0.012237	0.006002	0.030546	0.024464	0.021655	0.019953	0.029008	0.027699	0.004188	0.033748	0.007646	0.007334	0.000556	0.010280	0.025769	0.043413	0.023277	0.007970	0.023667	0.029351	0.001657	
0.021979	0.003941	0.028446	0.013184	0.013270	0.028750	0.005905	0.006473	0.011806	0.038667	0.016198	0.032167	0.023200	0.010152	0.007012	0.015125	0.018423	0.017197	0.030742	0.030354	0.019994	0.036455	0.021875	0.028683	0.028454	0.004277	0.033044	0.016264	0.036844	0.021132	0.039768	0.008062	0.021991	0.030513	0.026295	0.014438	0.007430	0.034260	0.008901	0.030323	0.027022	0.038170	0.007591	0.001085	0.014292	0.005878	0.012270	0.017200	0.027481	0.007016	
0.012598	0.005827	0.016425	0.030660	0.038288	0.010285	0.002455	0.002966	0.010284	0.016028	0.032889	0.031409	0.026049	0.032335	0.037656	0.035681	0.016708	0.013124	0.009620	0.028368	0.029742	0.008298	0.033517	0.009069	0.038461	0.032209	0.030571	0.021514	0.020589	0.004505	0.032421	0.012130	0.006175	0.016329	0.004049	0.009631	0.036467	0.031659	0.025509	0.006595	0.029485	0.006339	0.016301	0.033608	0.014506	0.012256	0.015401	0.007865	0.019834	0.025308	
0.021167	0.020904	0.019587	0.013595	0.021913	0.003881	0.006129	0.034383	0.013468	0.026187	0.016336	0.026959	0.030981	0.029723	0.016050	0.029047	0.024249	0.008959	0.021500	0.031119	0.026049	0.022762	0.002355	0.033419	0.005791	0.001493	0.017151	0.028156	0.009806	0.018329	0.032830	0.003856	0.025251	0.012407	0.007246	0.023551	0.015074	0.033602	0.022838	0.014764	0.029590	0.017599	0.029169	0.023790	0.030477	0.034320	0.012407	0.026919	0.019530	0.003329	
0.010925	0.019103	0.026969	0.031039	0.007193	0.031229	0.028562	0.032882	0.017002	0.036638	0.023269	0.005104	0.023030	0.020370	0.003204	0.019567	0.005018	0.007576	0.012959	0.002671	0.005916	0.031177	0.015362	0.024403	0.002318	0.011122	0.030282	0.004675	0.027837	0.038894	0.035645	0.018666	0.016838	0.036978	0.003464	0.016790	0.026697	0.012484	0.016335	0.007665	0.039232	0.013285	0.024036	0.013506	0.038534	0.034875	0.022384	0.002163	0.031890	0.032236	
0.021859	0.011893	0.029319	0.006892	0.011004	0.021641	0.029223	0.006408	0.030106	0.009947	0.008287	0.023640	0.013153	0.033392	0.032627	0.032065	0.033964	0.014942	0.004866	0.009688	0.006941	0.005180	0.004872	0.006084	0.017783	0.026766	0.027767	0.016139	0.021259	0.036451	0.031644	0.020903	0.002890	0.038203	0.019011	0.005670	0.036654	0.018591	0.030645	0.015581	0.005651	0.002114	0.008971	0.037079	0.015313	0.036821	0.031451	0.037267	0.018638	0.032747	
0.020519	0.024117	0.033285	0.035564	0.027797	0.032814	0.020462	0.011646	0.014241	0.010906	0.016607	0.010735	0.012870	0.021238	0.010841	0.023890	0.024422	0.007406	0.013484	0.036497	0.032874	0.009893	0.025626	0.001684	0.014358	0.027099	0.008767	0.032208	0.024135	0.015595	0.023070	0.020311	0.021777	0.038915	0.004621	0.021335	0.028913	0.000016	0.030731	0.013253	0.010050	0.003999	0.028707	0.032808	0.033274	0.021583	0.023077	0.017271	0.006617	0.018093	
0.009617	0.013835	0.014578	0.028432	0.028308	0.036862	0.018514	0.034130	0.026753	0.017626	0.010519	0.034937	0.007426	0.003721	0.019647	0.030698	0.023568	0.027783	0.014316	0.006541	0.030233	0.000787	0.006041	0.036623	0.021937	0.037407	0.003345	0.015900	0.024651	0.023698	0.000421	0.030208	0.021541	0.033003	0.030923	0.016818	0.008306	0.018345	0.017598	0.032137	0.032396	0.000382	0.032077	0.001456	0.017934	0.013188	0.036743	0.032705	0.008902	0.006484	
0.026577	0.016643	0.013067	0.002557	0.025625	0.036151	0.036724	0.034297	0.002978	0.017104	0.025115	0.027118	0.001257	0.005230	0.023809	0.008624	0.036873	0.004772	0.027598	0.019499	0.000158	0.006306	0.028779	0.017610	0.004710	0.027108	0.012766	0.015905	0.011937	0.013807	0.002007	0.041395	0.041106	0.029039	0.027809	0.019640	0.038015	0.028997	0.036884	0.033128	0.037907	0.017633	0.007452	0.020195	0.004093	0.013261	0.011526	0.014876	0.012354	0.031977	
0.022049	0.012647	0.001484	0.028865	0.005493	0.029159	0.032824	0.010969	0.007110	0.033163	0.004581	0.022401	0.020197	0.027611	0.004709	0.033469	0.035053	0.027042	0.031116	0.004104	0.031272	0.030435	0.030265	0.030349	0.005623	0.025779	0.020693	0.030717	0.029416	0.004344	0.003233	0.012547	0.013569	0.004625	0.026048	0.033584	0.004524	0.027834	0.012412	0.021761	0.024484	0.000036	0.029769	0.021058	0.028901	0.034715	0.015765	0.020885	0.008699	0.022615	
0.029505	0.014182	0.032818	0.004680	0.033418	0.009964	0.025760	0.038608	0.002212	0.001061	0.029691	0.006163	0.007473	0.008786	0.009409	0.038112	0.001745	0.002263	0.006505	0.018875	0.008960	0.014306	0.038003	0.022233	0.024328	0.030056	0.028314	0.026385	0.001079	0.016204	0.007418	0.032731	0.033466	0.012607	0.033899	0.017478	0.029106	0.017769	0.008801	0.024065	0.032631	0.014230	0.032618	0.007919	0.017728	0.021491	0.024170	0.031471	0.033831	0.035476	
0.031912	0.005183	0.009382	0.008615	0.005434	0.015304	0.000396	0.014592	0.031361	0.008972	0.021961	0.037552	0.018847	0.038222	0.024618	0.011239	0.024648	0.007184	0.017250	0.037822	0.038243	0.026716	0.031112	0.033857	0.015349	0.037760	0.007327	0.004842	0.010586	0.032124	0.029449	0.013162	0.027259	0.026167	0.007945	0.034913	0.012720	0.003667	0.033820	0.003742	0.028714	0.019182	0.029185	0.006121	0.036933	0.004222	0.008364	0.013000	0.018511	0.034515	
0.005540	0.034206	0.004442	0.022942	0.017412	0.000686	0.012012	0.019141	0.041047	0.001760	0.032069	0.011935	0.041989	0.026072	0.043114	0.021262	0.039410	0.005618	0.008462	0.004083	0.023227	0.004493	0.006721	0.003493	0.012651	0.010532	0.030514	0.029236	0.011806	0.018865	0.019778	0.025584	0.035358	0.040472	0.000961	0.007690	0.044825	0.010568	0.029218	0.015843	0.010529	0.023141	0.035330	0.015739	0.013884	0.001826	0.008380	0.038093	0.035338	0.042701	
0.000889	0.024318	0.014498	0.031411	0.013773	0.033226	0.037138	0.032901	0.025626	0.025300	0.005225	0.009144	0.039117	0.007815	0.006670	0.000502	0.017457	0.006619	0.004088	0.012501	0.029802	0.016385	0.014859	0.034738	0.022665	0.032959	0.034331	0.030515	0.035649	0.004891	0.031327	0.009411	0.032714	0.031274	0.016026	0.024790	0.032356	0.018818	0.007927	0.007152	0.004538	0.025560	0.003814	0.014435	0.012780	0.031827	0.038089	0.032320	0.000069	0.019764	
0.023588	0.022295	0.036928	0.011872	0.027728	0.026911	0.032465	0.025988	0.014704	0.026049	0.020050	0.025734	0.001179	0.026839	0.033581	0.036323	0.008905	0.020494	0.010641	0.003182	0.001899	0.026704	0.026973	0.016879	0.006258	0.032833	0.001750	0.029848	0.004478	0.001296	0.008984	0.037501	0.005140	0.030252	0.023307	0.018080	0.005813	0.007342	0.025473	0.030948	0.037064	0.027567	0.030004	0.000339	0.026525	0.026147	0.004909	0.033653	0.031115	0.005460	
0.031025	0.028962	0.035964	0.018097	0.036462	0.034615	0.018946	0.018377	0.021019	0.018637	0.027209	0.027837	0.005313	0.014508	0.006157	0.020080	0.000738	0.039072	0.020273	0.018656	0.023464	0.035011	0.006211	0.007261	0.029849	0.035996	0.029542	0.032291	0.014694	0.026457	0.005161	0.007748	0.015793	0.006065	0.036636	0.002019	0.004371	0.023095	0.036572	0.017438	0.039586	0.002379	0.005451	0.028805	0.012140	0.002114	0.031247	0.025913	0.006485	0.008257	
0.013975	0.037384	0.024107	0.031588	0.007370	0.033224	0.018385	0.026059	0.019484	0.018344	0.018716	0.022968	0.014287	0.031543	0.021224	0.037049	0.035399	0.033790	0.000973	0.011275	0.029219	0.034452	0.026576	0.007495	0.001682	0.022979	0.036580	0.006946	0.033037	0.035764	0.031162	0.038694	0.008338	0.015758	0.001265	0.008741	0.000182	0.021307	0.003396	0.033932	0.013795	0.023875	0.005291	0.010070	0.005580	0.002393	0.007220	0.018153	0.028625	0.030350	
0.034466	0.027918	0.002387	0.010576	0.032716	0.026736	0.032266	0.021328	0.000237	0.015164	0.003745	0.008511	0.033236	0.039685	0.038245	0.024991	0.010279	0.004227	0.007082	0.035853	0.001416	0.005015	0.024443	0.020755	0.026472	0.040207	0.003784	0.014095	0.020833	0.026182	0.009975	0.040137	0.020856	0.007865	0.019166	0.020129	0.005687	0.025557	0.020291	0.026738	0.017637	0.009311	0.032309	0.021515	0.014732	0.019384	0.013337	0.007881	0.039084	0.035561	
0.034732	0.027225	0.007246	0.033593	0.022713	0.007394	0.016545	0.021262	0.035738	0.012726	0.001789	0.008846	0.032305	0.034961	0.031437	0.032409	0.005973	0.005982	0.002303	0.031137	0.012052	0.036129	0.025627	0.011940	0.027346	0.016369	0.015704	0.010275	0.014121	0.025628	0.034331	0.024317	0.012897	0.020905	0.017861	0.028609	0.018827	0.006694	0.014192	0.005654	0.012990	0.023014	0.018405	0.029626	0.020090	0.016601	0.029712	0.022567	0.008415	0.032789	
0.000422	0.005518	0.027956	0.027619	0.018203	0.004111	0.015026	0.037130	0.030082	0.012047	0.029074	0.019555	0.008505	0.009903	0.033595	0.012274	0.022400	0.041272	0.021230	0.017577	0.005085	0.015600	0.028549	0.002952	0.025797	0.028961	0.004528	0.033053	0.037477	0.022799	0.023509	0.022914	0.019652	0.033846	0.024302	0.037093	0.012842	0.024838	0.031423	0.033271	0.001432	0.006769	0.014786	0.006287	0.014632	0.027900	0.021352	0.011444	0.025898	0.007512	
0.032851	0.012454	0.028668	0.020305	0.014348	0.030049	0.034668	0.018755	0.014359	0.007560	0.012715	0.014290	0.037751	0.037926	0.025216	0.011150	0.026555	0.024155	0.007905	0.028571	0.035905	0.032730	0.002884	0.010000	0.004408	0.032878	0.009450	0.031347	0.025195	0.026249	0.003380	0.000194	0.008046	0.005705	0.011506	0.006865	0.014066	0.037791	0.028257	0.024558	0.008840	0.034765	0.020384	0.022274	0.014089	0.035749	0.012620	0.010261	0.038661	0.010691	
0.009256	0.025870	0.020405	0.020163	0.005209	0.016731	0.026120	0.036274	0.007545	0.026347	0.028381	0.008842	0.003651	0.012883	0.020210	0.037090	0.033492	0.011909	0.012453	0.029082	0.022026	0.007600	0.017611	0.014838	0.030363	0.023713	0.026426	0.030145	0.011376	0.035158	0.006031	0.035222	0.024038	0.038089	0.024618	0.034783	0.025843	0.019860	0.015601	0.007980	0.007352	0.016367	0.026266	0.027159	0.004310	0.002171	0.037046	0.008223	0.011150	0.016719	
0.015510	0.005824	0.022626	0.001566	0.036616	0.001740	0.037146	0.008904	0.000340	0.042960	0.009334	0.041234	0.000858	0.028737	0.002780	0.021056	0.031195	0.032142	0.024602	0.006195	0.011356	0.021119	0.023834	0.009018	0.007911	0.012870	0.042117	0.006611	0.015078	0.045346	0.009970	0.041637	0.025232	0.009335	0.007061	0.008686	0.016463	0.001211	0.002878	0.040876	0.027646	0.037998	0.031327	0.036556	0.019514	0.013004	0.044304	0.018861	0.006895	0.033919	
0.007614	0.036092	0.037357	0.030846	0.039954	0.020395	0.021832	0.010356	0.025314	0.002560	0.002722	0.015610	0.020689	0.036973	0.010725	0.010483	0.005509	0.038811	0.032088	0.037827	0.033218	0.003700	0.014748	0.004662	0.011573	0.002345	0.005576	0.003902	0.018021	0.014214	0.026495	0.018087	0.028541	0.024239	0.021444	0.031271	0.022164	0.040878	0.036228	0.022720	0.037715	0.007092	0.017165	0.023593	0.027730	0.010904	0.028441	0.010895	0.007040	0.001640	
0.028238	0.040734	0.007488	0.015942	0.020697	0.010134	0.030574	0.001192	0.003831	0.000239	0.033912	0.020230	0.014693	0.031590	0.003749	0.032686	0.007782	0.039671	0.018810	0.024150	0.018668	0.008709	0.005485	0.003559	0.038086	0.029567	0.036519	0.000946	0.007003	0.015084	0.009410	0.005171	0.025093	0.021386	0.017533	0.020871	0.033720	0.022841	0.016475	0.015954	0.037137	0.007503	0.026254	0.018543	0.038821	0.016468	0.031873	0.018216	0.036150	0.030613	
0.032678	0.009043	0.031897	0.002656	0.023054	0.031852	0.023428	0.019997	0.003088	0.024519	0.033421	0.002585	0.026316	0.005358	0.007226	0.008468	0.025207	0.019436	0.027046	0.003206	0.018585	0.006847	0.011985	0.027240	0.032841	0.037008	0.039725	0.016513	0.028289	0.008656	0.021034	0.011969	0.035153	0.020350	0.035185	0.027368	0.016078	0.032705	0.036373	0.031940	0.012188	0.022191	0.002285	0.037446	0.001558	0.013212	0.024667	0.020845	0.008054	0.001230	
0.003832	0.007622	0.009931	0.030707	0.011338	0.028018	0.033482	0.012813	0.016172	0.028352	0.001724	0.019732	0.000859	0.033647	0.027293	0.037244	0.032416	0.038820	0.028337	0.037658	0.025732	0.016557	0.032089	0.018886	0.023039	0.036863	0.034834	0.014986	0.011215	0.012469	0.031769	0.002287	0.003086	0.018440	0.031751	0.028457	0.025492	0.030883	0.005421	0.025269	0.006943	0.003419	0.004281	0.009397	0.027641	0.014511	0.007520	0.005459	0.016897	0.034409	
0.014238	0.000869	0.005629	0.016869	0.016913	0.027439	0.032479	0.028908	0.004000	0.010263	0.021015	0.031724	0.036199	0.030537	0.002911	0.024886	0.034917	0.003413	0.015404	0.036350	0.023135	0.030448	0.009960	0.021865	0.028295	0.024100	0.006262	0.021385	0.036264	0.009552	0.026652	0.002270	0.009628	0.020830	0.004565	0.007422	0.031615	0.028967	0.012037	0.000930	0.029846	0.003963	0.032261	0.028292	0.026729	0.035253	0.030525	0.001289	0.035530	0.025165	
0.025603	0.031249	0.027462	0.018862	0.005623	0.034871	0.001169	0.018523	0.002271	0.029236	0.021881	0.035242	0.001497	0.006705	0.010384	0.024234	0.040079	0.038126	0.017094	0.001853	0.038454	0.042591	0.017517	0.017961	0.007317	0.001099	0.007237	0.020880	0.018984	0.009182	0.003948	0.040974	0.001030	0.045736	0.041549	0.009274	0.030925	0.022803	0.039630	0.002067	0.005986	0.002388	0.030451	0.007296	0.045363	0.011796	0.004719	0.022112	0.034152	0.024613	
0.018234	0.040770	0.012815	0.036998	0.037092	0.038209	0.001302	0.036482	0.013657	0.011220	0.015939	0.015684	0.026127	0.041711	0.021571	0.005545	0.036721	0.006840	0.007280	0.010935	0.001950	0.014783	0.012829	0.019835	0.005861	0.036286	0.000326	0.001395	0.037346	0.008991	0.028704	0.024619	0.027065	0.036217	0.007586	0.041352	0.036075	0.022013	0.033003	0.033363	0.009220	0.012063	0.003199	0.030297	0.002891	0.019563	0.004478	0.012392	0.033568	0.007596	
0.044775	0.043437	0.004012	0.044588	0.014305	0.018150	0.005412	0.005985	0.012666	0.005120	0.003743	0.030049	0.032656	0.025240	0.001980	0.018394	0.041672	0.026000	0.009386	0.040577	0.009456	0.008660	0.019146	0.025476	0.031438	0.002975	0.013520	0.008356	0.025460	0.019780	0.019804	0.028374	0.028155	0.006816	0.025225	0.036330	0.024406	0.021956	0.038391	0.016995	0.017878	0.022041	0.014474	0.044276	0.010767	0.006984	0.007804	0.021263	0.004575	0.011076	
0.022822	0.023742	0.033788	0.015899	0.027247	0.011582	0.030518	0.007935	0.034425	0.020801	0.012847	0.019524	0.021143	0.030342	0.010028	0.000481	0.037654	0.019121	0.036315	0.027877	0.025788	0.014114	0.009571	0.016696	0.004450	0.002439	0.024858	0.000609	0.015938	0.020312	0.027123	0.017606	0.037883	0.000529	0.028929	0.018780	0.031733	0.005293	0.001224	0.010772	0.034607	0.018181	0.002892	0.031805	0.015122	0.020570	0.025000	0.027921	0.029147	0.036020	
0.011841	0.020424	0.013137	0.012764	0.023683	0.024206	0.005519	0.023022	0.027976	0.029606	0.003974	0.013090	0.017144	0.036661	0.006704	0.024972	0.014131	0.020772	0.040499	0.036657	0.024259	0.036333	0.027428	0.030428	0.015550	0.027307	0.005830	0.019464	0.026100	0.009148	0.017396	0.009897	0.020601	0.020201	0.023284	0.003018	0.006670	0.005037	0.031089	0.035413	0.008885	0.011237	0.035313	0.041075	0.009563	0.008863	0.031772	0.022544	0.003111	0.026403	
0.000160	0.020162	0.024357	0.000074	0.003163	0.024461	0.046227	0.004569	0.028933	0.028733	0.020444	0.012922	0.014195	0.026570	0.002171	0.000164	0.000371	0.036152	0.026426	0.016417	0.008038	0.012259	0.019842	0.025361	0.036020	0.038628	0.007114	0.010883	0.048040	0.005795	0.003026	0.025332	0.048434	0.036679	0.012780	0.042220	0.001735	0.029161	0.025907	0.010040	0.017767	0.033888	0.000125	0.025301	0.022432	0.000662	0.041821	0.036615	0.009878	0.027547	
0.73
